/*--------------------------------*- C++ -*----------------------------------*\
| =========                 |                                                 |
| \\      /  F ield         | OpenFOAM: The Open Source CFD Toolbox           |
|  \\    /   O peration     | Version:  dev                                   |
|   \\  /    A nd           | Web:      http://www.openfoam.org               |
|    \\/     M anipulation  |                                                 |
\*---------------------------------------------------------------------------*/
FoamFile
{
    version     2.0;
    format      ascii;
    class       volScalarField;
    object      T;
    location    "9.149";
}
// * * * * * * * * * * * * * * * * * * * * * * * * * * * * * * * * * * * * * //

dimensions      [0 0 0 1 0 0 0];

internalField   nonuniform List<scalar> 
12225
(
290.349
289.735
289.917
290.214
290.403
290.882
291.218
291.752
292.199
292.664
293.271
293.488
294.379
294.405
294.78
296.412
294.637
296.487
289.517
289.182
289.174
289.23
289.097
289.353
289.548
289.858
290.489
290.547
291.821
291.175
293.22
292.283
293.116
294.811
293.511
295.048
289.656
289.443
289.216
289.294
288.954
289.176
289.213
289.316
289.957
289.659
290.962
290.402
291.854
291.27
292.727
292.339
293.511
293.287
289.556
289.67
289.204
289.522
288.989
289.396
289.293
289.57
289.856
290.003
290.401
290.987
291.226
291.672
292.202
292.66
293.448
293.725
289.34
289.871
289.162
289.845
288.955
289.736
289.337
290.012
289.882
290.202
290.512
291.294
291.471
291.734
292.19
292.944
293.232
293.759
289.397
289.893
289.138
289.864
289.015
289.971
289.297
290.25
289.632
290.231
290.674
291.718
291.504
291.828
292.08
292.927
293.064
293.789
289.554
289.944
289.308
289.868
289.157
290.226
289.41
290.317
289.683
290.56
290.847
291.821
291.655
291.881
292.268
292.876
293.275
293.822
289.673
290.095
289.465
290.009
289.323
290.306
289.508
290.333
290.074
290.9
290.982
291.789
291.652
292.108
292.533
293.063
293.498
293.997
289.862
290.223
289.621
290.24
289.564
290.333
289.642
290.511
290.36
291.162
291.193
291.949
291.871
292.387
292.857
293.308
293.643
294.261
290.079
290.38
289.869
290.511
289.874
290.477
290.025
290.808
290.669
291.448
291.644
292.175
292.355
292.867
293.122
293.797
294.122
294.613
290.306
290.566
290.179
290.676
290.215
290.794
290.508
291.213
291.314
291.83
292.149
292.785
292.808
293.29
293.813
294.22
294.739
295.176
290.637
290.787
290.642
291.009
290.782
291.256
291.199
291.71
291.971
292.512
292.794
293.235
293.6
294.064
294.425
294.957
295.419
295.903
291.157
291.173
291.202
291.436
291.46
291.823
291.982
292.417
292.768
293.224
293.708
294.032
294.492
295.006
295.452
295.907
296.308
296.796
291.652
291.663
291.917
292.116
292.291
292.573
292.857
293.253
293.719
294.171
294.642
295.104
295.686
296.07
296.516
297.008
297.505
297.884
292.339
292.39
292.728
292.94
293.203
293.515
293.888
294.335
294.831
295.302
295.834
296.318
296.841
297.282
297.816
298.26
298.702
299.118
293.178
293.319
293.731
293.99
294.304
294.661
295.107
295.6
296.125
296.646
297.173
297.697
298.192
298.708
299.231
299.668
300.148
300.543
294.158
294.428
294.858
295.14
295.479
295.882
296.342
296.852
297.407
297.982
298.477
298.975
299.498
300.007
300.412
300.849
301.259
301.63
295.31
295.583
295.985
296.264
296.601
296.981
297.387
297.868
298.421
298.957
299.331
299.794
300.365
300.81
301.173
301.546
301.812
302.188
296.382
296.653
296.989
297.183
297.439
297.733
298.045
298.429
298.966
299.457
299.645
299.95
300.512
300.921
301.185
301.479
301.629
301.931
297.286
297.486
297.75
297.861
298.028
298.23
298.422
298.647
299.105
299.544
299.558
299.686
300.171
300.497
300.762
301.109
301.144
301.361
297.993
298.214
298.36
298.35
298.4
298.547
298.569
298.596
298.964
299.36
299.26
299.293
299.619
299.893
300.243
300.548
300.586
300.738
298.576
298.697
298.753
298.619
298.573
298.679
298.609
298.561
298.783
299.014
299.032
299.082
299.19
299.375
299.627
299.848
299.911
300.015
299.01
299.126
299.096
298.892
298.716
298.656
298.654
298.577
298.508
298.668
298.757
298.752
298.865
298.956
299
299.148
299.24
299.379
299.355
299.329
299.234
299.041
298.791
298.622
298.565
298.509
298.414
298.409
298.418
298.487
298.575
298.62
298.642
298.703
298.75
298.828
299.622
299.576
299.41
299.134
298.874
298.686
298.535
298.448
298.392
298.276
298.259
298.309
298.286
298.335
298.355
298.377
298.449
298.491
299.738
299.7
299.576
299.304
299.019
298.784
298.58
298.391
298.278
298.24
298.196
298.166
298.141
298.138
298.153
298.194
298.235
298.283
299.879
299.804
299.622
299.315
299.029
298.759
298.519
298.333
298.194
298.107
298.051
298.02
297.994
297.979
297.977
297.992
298.025
298.075
299.973
299.911
299.708
299.358
299.026
298.726
298.452
298.229
298.068
297.96
297.891
297.855
297.836
297.846
297.872
297.928
297.992
298.096
299.98
299.88
299.682
299.336
298.994
298.697
298.447
298.278
298.175
298.128
298.132
298.172
298.245
298.352
298.475
298.62
298.763
298.966
300.079
299.869
299.81
299.695
299.589
299.526
299.512
299.547
299.61
299.697
299.801
299.914
300.035
300.161
300.287
300.409
300.535
300.672
297.338
293.866
295.177
296.282
297.421
297.599
298.108
297.982
298.192
298.241
298.468
298.669
298.88
299.099
299.233
299.361
299.477
299.532
299.471
299.248
298.984
298.793
298.66
298.513
298.311
298.117
298.043
298.11
298.021
297.499
296.838
296.838
297.209
296.77
296.414
296.69
296.364
296.479
296.615
296.17
296.564
296.309
296.275
297.091
297.308
297.86
297.583
296.4
295.908
295.683
295.434
295.636
296.123
297.199
297.91
296.785
294.432
292.807
292.218
291.745
290.716
289.876
289.828
289.318
288.177
286.972
286.169
285.576
285.614
286.071
286.876
288.135
288.561
287.22
285.846
287.974
291.474
291.148
287.954
285.74
284.64
283.811
283.097
282.358
281.536
280.741
280.079
279.567
279.184
278.861
278.566
278.241
277.841
277.335
276.741
276.17
275.767
275.533
275.292
274.987
274.915
274.714
274.562
274.351
273.992
274.313
273.998
274.353
274.529
274.387
274.029
274.079
274.476
274.939
274.951
274.589
274.714
275.188
275.184
275.176
275.499
275.212
273.963
273.247
273.669
274.032
274.004
274.812
275.374
274.262
273.95
274.503
275.438
275.241
274.399
274.841
275.953
276.767
276.53
273.726
273.915
272.955
273.205
273.216
272.609
271.337
268.378
264.946
263.099
263.003
264.812
265.296
264.527
263.062
260.093
251.13
245.742
253.423
253.523
254.105
250.913
245.915
239.371
237.774
236.346
239.19
241.588
243.157
245.867
246.212
247.309
248.819
252.608
247.294
247.332
250.437
242.239
247.692
259.289
263.794
295.694
291.241
296.242
297.981
299.959
300.861
300.989
300.86
300.759
300.739
300.92
301.105
301.078
300.876
300.634
300.399
300.101
299.774
299.261
298.518
297.757
297.163
296.759
296.468
296.1
295.668
295.41
295.659
295.684
294.739
293.794
294.205
294.551
293.484
293.07
293.464
293.046
293.092
293.3
292.952
292.8
292.847
292.996
292.767
293.462
295.123
295.244
296.51
299.432
295.832
290.215
289.829
290.917
292.67
293.811
292.957
291.035
289.209
288.476
288.513
287.386
285.987
286.75
287.313
286.624
284.61
284.119
283.227
281.514
283.558
284.475
282.444
284.625
286.287
282.873
280.716
280.819
280.128
279.225
278.748
278.161
277.577
277.222
277.195
277.228
277.336
277.33
277.32
277.335
277.382
277.515
277.524
277.305
276.808
276.075
275.393
275.201
275.307
275.291
274.248
274.847
274.704
275.468
275.12
273.175
274.734
272.828
273.753
274.719
275.564
272.065
269.119
267.787
270.757
275.423
274.62
269.14
266.318
268.368
267.748
264.473
266.775
268.517
262.852
258.607
262.923
268.212
268.441
268.527
270.414
272.405
269.5
263.08
259.917
256.637
254.283
257.468
263.239
265.531
260.239
258.62
256.351
257.645
259.064
259.242
256.779
252.2
250.598
249.251
247.335
247.585
248.43
247.895
247.408
240.493
222.013
212.912
223.092
225.389
230.245
226.211
215.69
204.867
202.821
199.923
202.269
204.743
207.576
215.483
218.62
221.944
224.437
228.461
212.629
217.357
216.965
220.569
210.678
233.104
245.533
297.375
288.128
291.911
296.306
299.476
301.103
301.234
300.573
299.93
299.826
300.119
300.187
299.333
297.877
296.891
296.261
295.547
295.025
294.502
294.192
294.164
294.339
294.66
295.113
295.378
295.542
295.502
295.545
295.513
295.25
295.13
294.834
293.752
293.585
294.438
293.532
292.77
293.485
292.603
291.814
292.296
290.613
289.77
290.296
288.087
288.929
289.544
290.028
294.315
293.692
296.917
295.832
288.821
289.64
290.94
290.399
289.914
288.749
288.603
287.908
286.36
286.538
286.762
284.908
283.856
282.118
282.132
283.704
285.122
284.922
283.153
281.845
282.081
281.777
281.625
281.832
282.258
282.7
283.085
283.241
283.013
282.806
282.69
282.721
282.856
282.976
283.056
283.146
283.157
283.17
283.213
283.249
283.365
283.507
283.615
283.584
283.65
283.614
283.888
283.09
284.036
283.377
285.168
285.607
283.287
284.756
283.411
283.172
283.79
286.776
286.168
283.262
275.504
274.242
286.161
295.367
285.886
270.488
273.441
279.526
268.4
264.373
273.157
269.9
255.576
254.393
265.768
275.995
281.685
286.636
289.563
287.812
278.111
266.8
254.632
244.487
246.015
255.786
261.205
255.176
250.46
252.303
250.168
250.208
252.293
253.026
251.501
256.839
257.423
254.637
248.046
244.163
241.823
242.071
230.995
212.988
215.457
216.6
215.021
218.288
213.652
202.324
199.724
202.04
204.045
200.474
193.849
192.996
201.53
204.977
209.019
210.376
213.587
198.709
213.457
211.416
240.586
208.391
220.698
231.223
300.21
288.506
287.076
290.499
294.752
298.934
300.679
300.215
299.344
299.173
299.529
298.821
296.502
294.562
294.514
295.078
295.453
296.163
297.025
297.998
298.851
299.57
300.061
300.413
300.445
300.379
299.941
299.17
298.108
297.1
296.5
295.946
295.357
295.248
294.337
293.034
294.329
295.955
295.173
295.505
296.622
295.676
294.689
293.733
291.1
290.158
287.795
286.394
287.764
287.912
291.312
294.552
294.466
288.569
286.69
291.532
290.982
288.725
287.706
286.673
285.505
287.289
287.397
284.509
283.992
283.058
283.206
283
282.601
282.371
281.718
281.847
282.349
282.716
283.119
283.279
283.526
283.672
283.499
283.227
282.803
282.368
282.006
281.649
281.411
281.316
281.365
281.506
281.775
281.859
281.935
281.896
281.788
281.838
281.957
281.882
282.262
281.891
282.905
281.799
283.012
281.556
282.799
284.264
283.695
283.211
283.875
283.786
283.66
283.138
283.022
289.018
287.425
275.498
277.124
296.88
297.957
274.25
275.854
291.516
280.827
267.765
275.004
278.996
265.375
253.829
259.312
277.624
289.16
289.538
287.586
288.972
288.555
279.892
261.648
242.682
237.532
252.381
259.501
258.677
258.325
258.625
249.065
246.574
245.967
248.555
249.026
256.243
259.85
261.553
252.956
245.223
242.081
239.393
226.198
208.785
222.686
217.531
214.01
213.029
206.478
197.225
207.557
214.233
225.925
221.433
203.765
192.638
195.97
197.301
201.116
201.412
200.484
200.191
220.334
214.737
226.749
243.217
216.947
217.446
301.77
290.921
285.462
285.677
290.469
298.218
301.103
300.894
300.344
299.974
298.315
295.277
293.804
295.64
298.372
299.11
299.231
299.811
300.123
300.36
300.749
301.068
301.227
301.185
300.729
300.131
299.229
297.999
296.926
295.849
294.843
293.54
292.287
291.97
291.596
290.916
291.284
292.176
292.796
294.358
295.902
296.379
296.892
296.673
295.233
293.381
290.582
288.234
286.489
285.664
285.503
287.066
293.436
294.397
288.731
288.379
288.719
288.185
286.647
287.794
287.399
286.4
286.934
287.117
287.871
284.82
283.397
283.703
283.053
283.522
283.534
284.088
284.332
284.587
284.361
284.205
283.948
283.557
283.418
283.149
283.112
283.247
283.257
283.545
283.826
284.282
284.793
285.102
285.374
285.503
285.634
285.882
286.219
286.216
286.758
286.258
286.404
285.668
287.315
285.309
286.836
283.948
285.058
285.882
286.944
286.561
286.422
286.165
286.218
289.74
284.096
283.646
292.521
289.568
275.053
282.403
297.319
279.123
271.551
286.916
287.714
276.662
277.971
280.86
273.114
261.125
254.254
268.071
286.606
284.494
270.073
269.343
282.138
288.469
269.387
243.446
233.188
245.993
259.062
259.582
257.399
263.921
258.923
254.372
247.695
244.584
244.396
252.027
257.828
262.03
254.169
246.868
243.057
239.04
224.102
209.107
229.817
218.718
213.701
210.043
202.11
195.961
221.136
227.723
239.586
238.429
221.66
202.509
197.071
194.119
195.944
195.59
191.675
207.776
225.882
204.318
214.105
259.909
206.25
204.733
302.291
292.57
284.612
283.427
291.474
300.15
301.343
300.413
298.859
295.449
292.276
295.221
301.013
300.731
297.855
298.833
300.978
301.941
302.841
303.622
303.929
304.053
304.167
304.095
303.802
303.273
302.205
300.906
299.717
298.149
297.133
295.96
294.514
292.89
291.733
291.239
291.447
291.142
290.684
291.428
292.908
293.899
294.433
294.349
293.616
293.291
292.466
289.691
286.672
285.785
283.536
282.798
286.625
290.578
291.321
288.765
289.89
290.552
284.421
285.062
286.211
285.317
286.532
288.508
289.782
287.61
286.895
286.681
286.061
286.136
285.773
286.067
285.682
285.418
284.951
284.632
284.393
284.24
284.163
284.361
284.547
284.788
284.999
285.386
285.808
286.475
287.083
287.706
288.039
288.052
288.116
287.743
288.426
287.526
287.919
287.985
288.284
287.371
288.459
287.126
289.306
286.608
287.854
286.861
286.911
286.897
286.621
288.689
286.15
288.26
289.27
287.8
286.35
292.361
287.68
281.619
293.857
291.116
279.006
281.529
284.034
281.576
283.443
283.561
277.579
270.236
256.914
257.982
273.523
280.739
268.76
254.666
265.56
291.827
280.929
246.575
232.936
239.409
254.115
257.654
256.632
259.738
258.781
259.797
256.251
247.327
242.397
246.6
253.584
263.374
252.487
247.631
241.959
240.448
224.992
211.445
236.719
219.747
215.668
208.41
198.775
196.336
231.136
243.078
250.418
245.985
235.598
216.57
202.286
194.198
192.913
191.662
187.331
214.424
232.36
202.091
230.312
230.95
205.605
199.559
302.517
293.538
285.22
286.32
296.649
301.151
300.577
299.726
297.089
294.521
296.737
298.858
297.858
302.453
307.056
305.236
304.255
304.495
303.709
303.078
302.953
302.994
302.94
302.717
302.587
302.206
301.364
300.644
299.438
298.075
296.96
295.555
294.449
293.297
292.019
290.525
289.553
289.265
288.957
288.772
288.829
288.84
289.28
289.795
289.853
290.796
291.184
290.147
288.446
287.719
285.139
283.328
283.322
285.359
291.879
291.69
290.177
290.728
286.469
284.595
287.559
288.105
288.094
290.501
291.167
288.706
287.416
287.331
286.57
286.687
285.987
285.808
284.848
284.53
284.053
284.296
284.197
284.703
284.964
285.52
285.982
286.518
287.207
288.188
288.996
290.189
290.962
291.61
292.063
291.42
290.972
289.442
290.498
290.048
290.366
290.33
290.512
290.714
291.153
290.982
290.935
289.414
288.989
289.704
289.015
289.472
286.996
285.885
288.058
290.388
285.492
290.17
289.292
288.575
292.197
285.812
289.476
294.125
287.986
284.649
284.719
285.87
288.471
287.069
284.008
277.884
266.379
257.869
262.5
271.134
267.916
251.248
254.933
287.683
298.266
257.6
234.718
237.732
251.194
251.422
250.468
250.331
250.846
255.705
259.94
254.761
247.584
245.524
249.684
263.983
250.366
247.924
244.177
241.843
225.371
214.629
241.918
222.78
241.023
207.973
196.715
204.923
228.64
237.988
247.145
245.421
242.378
232.003
210.367
196.312
192.059
189.201
185.543
219.507
233.27
203.332
227.639
226.757
219.164
199.392
302.834
294.725
287.537
291.873
300.449
301.046
297.603
291.975
292.272
301.251
307.091
304.52
303.365
302.755
301.52
302.435
301.175
300.646
301.975
301.996
302.353
302.797
302.804
302.959
303.436
303.217
302.892
302.543
301.285
300.273
299.227
298.11
297.194
296.103
295.174
294.304
293.143
292.465
291.665
290.714
290.103
289.634
289.38
288.752
288.34
288.466
287.598
287.315
285.89
284.086
284.126
284.164
283.978
283.343
287.694
290.436
289.888
290.101
289.053
285.985
286.945
288.944
288.658
290.087
291.019
288.578
287.442
287.724
286.958
286.856
285.729
285.845
285.278
286.148
287.099
288.535
289.518
290.81
291.591
292.528
293.287
294.071
294.611
294.917
294.573
294.237
293.523
292.612
292.012
291.764
291.357
288.808
289.716
289.301
290.022
289.465
288.62
288.947
289.711
292.283
291.12
291.847
290.375
291.267
290.075
289.032
291.025
290.187
284.514
290.709
289.453
290.133
291.09
288.617
294.288
289.992
288.832
292.676
292.116
288.135
289.258
290.002
287.377
291.905
298.594
283.847
274.599
267.422
274.446
284.967
273.665
253.378
254.811
280.67
310.994
279.903
241.737
242.237
251.927
265.474
276.692
271.061
256.676
254.126
259.694
261.428
257.98
250.326
248.319
263.016
250.672
246.956
249.279
242.549
224.667
220.363
244.45
217.729
258.637
209.985
193.56
211.45
227.453
226.033
237.402
238.108
238.871
243.061
219.833
200.4
193.221
188.548
183.932
223.76
233.531
205.261
212.222
229.563
233.831
202.18
303.521
297.881
292.88
297.528
301.991
300.19
297.29
293.955
296.263
301.599
302.369
303.721
302.786
300.519
304.186
305.005
303.061
303.651
302.803
302.805
302.564
302.137
301.823
301.9
302.006
301.76
302.395
302.518
302.316
302.003
301.064
300.161
299.471
298.914
298.585
298.23
297.717
297.167
297.236
297.007
296.591
296.218
295.838
295.473
294.723
293.185
291.05
290.526
288.581
285.025
285.621
284.223
283.051
282.94
284.505
288.515
290.769
291.953
292.812
288.704
287.369
289.253
289.053
290.49
291.985
288.992
287.422
287.692
287.012
287.235
286.93
287.743
288.555
290.7
292.161
293.024
293.014
292.884
292.629
292.893
293.119
293.5
294.028
293.856
293.467
292.475
291.453
291.062
290.49
290.207
292.283
290.844
290.643
289.375
290.864
289.657
288.362
288.699
286.548
289.218
288.716
289.735
289.047
288.514
290.562
291.318
288.005
290.462
289.97
288.744
287.187
291.963
292.53
289.134
295.691
292.459
290.681
295.345
294.336
287.89
294.739
296.549
282.292
294.429
314.1
294.96
278.693
272.95
298.621
315.637
290.784
266.264
265.521
286.877
315.164
293.699
248.431
246.468
248.401
265.502
286.962
299.603
285.482
272.106
271.122
269.962
263.68
251.107
248.674
264.86
252.315
246.881
254.382
244.336
222.911
223.986
251.12
213.55
241.562
216.613
211.701
221.638
238.463
230.882
244.148
241.641
236.74
250.539
229.054
205.794
195.104
189.797
182.736
224.424
235.603
214.283
202.635
222.501
244.029
206.666
303.676
299.446
296.037
299.112
299.884
296.521
294.141
297.451
300.314
301.967
304.154
305.734
303.874
301.044
302.215
302.525
302.322
300.765
301.251
301.937
301.202
301.996
301.033
301.411
300.818
300.434
300.519
299.835
299.932
299.851
299.459
298.954
297.972
296.956
296.105
295.654
295.604
295.133
294.641
294.505
294.489
294.789
295.313
295.851
295.858
295.413
295.247
295.632
293.761
290.064
290.379
288.39
285.12
285.248
284.02
285.728
289.124
291.821
294.728
291.892
290.028
291.266
289.869
289.99
292.489
290.124
288.1
288.586
288.324
289.239
289.833
291.95
293.617
295.9
295.637
294.407
293.223
292.449
292.417
293.139
293.759
293.89
294.078
293.43
293.131
292.575
291.577
291.161
292.577
291.821
293.377
293.628
294.232
291.964
292.353
292.909
289.826
289.673
288.18
286.828
288.031
288.963
289.641
289.415
288.013
290.922
294.131
290.63
289.758
293.769
288.215
292.906
293.559
290.216
296.165
293.442
292.268
299.058
293.984
287.051
299.887
301.932
280.414
294.434
315.357
301.038
280.332
276.987
304.273
311.96
291.845
277.01
277.632
298.882
312.437
291.449
249.492
247.269
246.658
258.688
275.638
290.394
293.433
284.987
281.532
275.604
269.571
257.203
253.452
266.26
253.714
248.113
257.98
245.872
220.147
227.975
256.988
222.333
246.729
232.971
240.33
235.236
248.82
239.118
249.656
247.528
237.007
256.491
237.17
211.495
196.803
192.018
182.379
219.518
235.721
226.57
201.792
221.75
250.518
212.444
303.867
300.829
297.591
297.435
295.001
295.825
297.803
300.955
303.565
300.812
301.849
303.945
301.153
301.525
301.677
302.19
303.368
302.749
304.561
303.095
304.389
304.305
303.986
304.284
303.363
303.297
302.617
302.036
301.566
301
301.001
301.285
301.371
301.207
300.531
299.601
298.875
298.545
297.854
297.1
296.47
296.173
296.401
296.66
296.599
296
295.511
295.685
294.282
293.576
295.463
295.026
289.82
287.735
283.817
281.953
285.34
288.443
293.487
294.562
293.705
293.792
291.608
290.251
292.773
291.138
288.143
288.917
289.255
291.334
292.472
294.948
296.728
297.35
295.644
294.482
294.791
296.018
297.28
297.976
298.371
298.192
298.171
297.866
297.411
297.928
296.44
295.057
295.089
294.826
293.702
292.543
292.97
291.488
289.942
291.296
288.914
287.026
289.548
287.318
286.365
288.544
289.166
289.123
292.42
292.298
294.504
296.588
293.07
298.81
291.934
294.956
296.005
292.14
298.229
294.92
293.543
303.088
294.054
288.362
302.36
302.169
281.315
294.471
309.311
301.545
282.573
283.882
299.163
291.699
288.442
282.406
287.661
306.685
301.635
279.908
250.542
248.199
242.999
263.177
288.219
289.836
288.135
282.303
281.161
277.851
279.3
267.862
259.791
267.511
254.016
250.814
255.978
249.928
225.174
232.557
258.463
235.956
254.278
241.057
243.332
239.116
246.344
238.345
245.319
248.112
235.155
260.092
243.627
217.945
199.078
195.246
182.781
211.77
235.851
232.396
204.473
220.638
253.547
219.037
303.924
302.715
301.345
301.686
298.194
293.422
296.177
302.935
302.854
301.412
302.27
300.275
300.796
303.441
300.816
301.706
301.63
300.904
302.307
302.182
302.996
302.461
303.564
303.285
303.634
303.571
303.323
303.826
303.287
302.213
301.489
301.532
302.156
302.804
303.226
303.317
302.839
302.042
301.211
300.185
299.006
298.142
297.636
297.599
297.685
297.403
296.64
296.262
295.432
295.603
296.381
295.631
292.219
292.5
291.141
285.318
283.583
283.866
289.196
293.967
295.77
296.837
294.181
290.271
292.23
292.527
289.456
290.209
290.914
293.11
294.968
297.765
299.5
298.43
296.709
297.084
298.76
299.431
299.28
297.573
295.052
292.956
292.344
291.92
290.845
292.327
293.048
292.977
292.701
293.67
293.2
291.437
291.063
290.954
290.371
292.972
290.115
288.567
289.628
290.69
288.59
287.622
289.861
290.869
291.314
293.878
297.609
298.842
294.602
302.237
297.035
296.692
303.019
293.492
297.497
299.309
292.167
302.505
298.922
289.681
301.944
306.353
285.869
294.008
303.952
305.112
283.734
288.497
298.105
285.073
291.557
284.331
296.715
310.448
292.758
275.35
261.83
249.517
234.202
266.396
293.681
288.012
280.047
283.576
287.388
283.663
284.105
271.915
263.486
265.763
252.996
255.571
259.597
250.253
219.312
232.294
258.343
245.685
251.718
236.017
235.966
250.19
249.4
242.851
245.775
251.56
233.363
261.006
249.511
224.524
202.144
200.285
183.957
205.703
235.943
235.772
207.385
217.248
252.868
226.319
303.485
302.735
301.761
301.322
299.795
293.967
291.725
300.673
304.56
300.886
300.296
301.077
303.607
302.985
298.884
300.304
299.792
299.586
300.875
301.264
301.014
301.578
301.113
300.784
301.383
301.176
301.474
302.052
302.949
302.749
301.548
300.303
299.694
299.957
300.318
300.577
301.01
301.299
300.976
300.578
299.841
298.759
297.747
296.757
296.362
296.719
296.851
296.589
296.917
296.794
296.377
294.607
292.872
293.901
295.506
291.981
286.981
282.814
285.038
290.097
294.051
297.901
297.282
292.544
292.027
292.897
289.391
290.475
291.939
294.334
296.818
300.663
302.323
300.95
299.049
298.195
298.614
298.022
296.898
295.17
293.464
293.568
295.182
295.629
295.536
296.285
295.631
294.919
294.735
295.089
294.995
293.268
293.467
294.146
291.325
293.793
293.518
290.65
292.453
292.39
287.769
288.593
288.128
287.288
291.474
290.469
294.469
299.316
296.21
300.255
301.359
294.68
307.896
298.42
295.664
305.839
294.437
297.816
306.197
292.587
298.181
309.391
290.573
293.341
299.195
310.769
285.86
294.413
301.025
288.878
296.424
286.84
300.541
310.811
289.148
279.382
273.751
248.849
232.078
273.347
294.54
288.428
283.579
294.34
292.498
283.089
279.52
269.747
265.006
263.32
253.826
263.478
280.48
253.586
224.196
239.339
257.259
247.212
253.761
232.454
232.062
265.121
255.172
252.658
251.819
258.071
233.776
258.26
256.354
231.188
205.555
205.267
185.561
203.018
235.691
239.072
209.675
217.68
253.656
233.315
302.987
301.982
298.676
295.208
294.884
294.41
295.606
300.335
301.773
300.735
301.591
300.043
300.49
302.313
300.524
300.512
300.601
301.311
301.844
301.554
301.893
302.119
301.155
300.97
300.995
301.015
300.96
300.649
301.267
301.907
302.19
302.187
301.33
300.451
300.184
300.244
300.238
300.433
300.722
300.698
300.561
300.309
299.609
298.413
297.162
296.647
296.787
296.991
297.398
297.185
296.685
295.093
294.94
295.105
294.471
294.221
293.676
287.24
283.159
285.213
290.352
296.167
297.32
293.495
292.273
293.985
290.636
290.841
292.845
295.376
298.685
303.315
304.648
301.252
298.329
296.185
295.501
295.677
295.586
295.37
295.252
295.806
296.633
296.1
294.958
296.472
295.3
295.223
295.269
296.254
297.639
296.303
293.767
294.804
296.966
292.164
293.633
293.825
291.541
295.311
291.727
285.487
290.218
287.166
288.568
290.87
292.476
295.798
296.983
295.711
304.928
293.239
304.526
302.89
294.038
306.507
299.362
293.573
309.065
296.188
296.546
309.395
296.451
296.787
296.035
314.108
285.306
299.238
300.536
292.773
299.728
288.258
299.366
310.348
292.392
290.909
281.006
246.457
235.82
278.898
292.696
289.367
292.941
301.886
288.082
275.266
272.938
267.911
265.028
260.412
255.848
282.424
288.558
251.491
228.824
236.818
250.383
242.707
249.986
230.208
233.99
273.404
257.114
262.97
260.724
267.133
236.79
253.18
262.377
238.138
209.89
210.362
186.967
202.061
233.801
240.549
212.818
217.28
252.844
240.07
302.549
302.023
299.051
293.607
290.395
290.089
293.754
300.691
302.956
300.349
300.367
300.727
300.099
300.179
299.231
299.634
300.207
300.848
301.362
300.756
300.24
300.445
300.994
301.504
301.631
301.741
301.62
301.183
300.544
300.199
300.295
300.763
301.415
301.672
301.573
301.631
301.99
302.377
302.528
302.728
302.705
302.521
302.353
301.978
300.773
299.171
298.118
298.018
297.659
297.872
297.822
295.816
295.647
295.558
293.455
291.271
296.051
293.935
285.946
283.128
286.555
292.63
295.247
293.309
291.915
293.881
291.694
291.596
293.825
296.015
299.646
304.485
305.41
300.448
297.998
296.808
297.274
298.546
297.625
297.213
297.703
297.742
295.511
295.047
294.128
295.543
296.065
296.303
296.241
297.235
297.466
297.749
297.863
293.525
295.358
295.879
291.353
293.286
295.357
291.02
291.864
288.242
289.274
289.981
289.504
291.995
294.471
295.236
300.999
295.496
306.983
296.386
303.14
304.038
293.957
304.784
303.227
292.493
308.222
298.175
296.616
305.792
298.438
298.114
292.835
316.366
286.719
303.464
301.07
297.726
303.253
291.714
298.545
309.596
298.095
304.66
281.718
241.83
241.591
282.387
290.231
289.467
299.637
308.141
288.154
272.75
269.01
266.425
264.711
260.317
260.009
293.75
269.709
243.416
220.014
229.078
245.495
240.686
246.17
233.42
242.83
267.876
255.352
263.585
263.289
276.136
244.056
249.19
265.978
247.303
214.442
216.265
189.332
200.855
229.654
239.244
215.012
216.364
251.066
245.781
301.993
301.751
300.54
297.469
293.544
291.058
290.629
294.514
299.577
301.137
300.435
300.017
299.699
300.229
299.948
299.935
300.951
300.672
300.472
302.558
302.22
299.105
297.928
299.045
299.902
299.885
299.987
300.02
299.919
300.03
300.07
299.936
300.023
300.487
300.828
301.066
301.234
301.683
302.281
302.682
302.861
302.871
302.425
301.627
301.148
300.27
298.46
296.947
296.684
297.217
298.083
297.398
296.502
295.187
294.327
289.64
292.546
296.371
291.992
285.537
284.264
288.513
293.226
293.742
292.204
294.293
292.085
291.515
293.866
295.749
299.704
305.253
305.183
299.64
297.163
297.379
297.16
297.115
296.508
296.691
296.16
295.784
293.014
292.881
294.4
296.063
297.246
298.052
298.357
297.865
298.244
297.228
296.683
298.128
296.599
293.825
294.52
291.54
292.942
293.361
290.995
288.798
291.129
293.736
292.47
294.262
297.845
296.998
303.361
296.291
308.117
298.311
303.299
305.044
295.334
302.239
304.49
293.244
306.625
298.669
298.648
302.825
301.039
300.939
293.247
315.183
288.634
304.713
299.445
300.683
304.44
294.022
297.072
307.75
305.363
317.198
283.174
241.496
248.429
287.203
289.603
287.673
300.464
311.418
294.816
275.597
268.152
266.884
264.139
260.583
264.837
273.581
251.527
254.057
222.774
232.426
243.735
234.426
246.989
249.862
255.305
258.18
254.356
252.677
259.422
278.949
252.86
247.774
265.804
259.372
220.011
222.017
193.996
199.987
224.703
236.077
215.708
215.746
249.845
250.913
301.425
301.33
300.036
298.237
296.55
295.628
294.484
293.47
294.657
297.16
299.033
300.288
300.226
300.773
300.799
300.257
300.794
300.859
299.691
299.025
298.908
297.723
296.362
296.981
298.481
298.763
298.701
298.869
298.71
298.813
299.139
299.508
299.756
299.85
300.017
300.206
300.253
300.048
300.214
300.863
301.335
301.92
302.406
301.486
300.02
299.936
300.358
299.218
298.262
298.079
298.271
298.538
297.281
293.822
294.367
292.086
291.408
295.784
295.662
289.532
284.777
286.133
291.209
292.854
291.637
294.574
293.445
291.886
294.119
295.645
299.453
305.838
304.478
298.901
296.607
297.085
295.686
296.216
297.434
297.151
296.123
295.41
293.977
293.666
295.711
296.444
295.997
295.681
296.235
294.354
292.509
296.555
295.197
294.089
298.046
297.803
294.082
295.644
295.675
293.424
293.755
293.533
293.203
295.903
294.077
296.288
299.495
299.035
306.076
299.223
307.764
299.585
301.968
305.684
299.796
301.97
304.885
294.673
306.534
300.36
301.398
300.081
302.069
300.801
292.898
314.036
292.592
304.903
299.391
302.807
305.952
295.143
297.286
307.538
311.271
325.933
287.614
242.739
254.326
291.02
291.348
285.665
293.273
303.922
296.522
278.101
269.629
267.623
264.169
262.506
266.521
249.442
243.268
272.916
224.947
239.906
235.172
232.758
258.649
259.316
258.15
249.111
255.635
247.987
258.806
278.484
261.107
249.088
262.763
267.75
225.881
226.398
201.04
202.231
221.619
231.982
215.257
216.042
249.352
254.819
300.729
301.058
300.172
298.42
297.671
297.662
296.329
293.341
292.017
292.99
295.157
297.408
298.189
299.126
299.486
299.191
298.575
298.566
298.349
297.703
297.522
297.707
296.658
294.598
293.956
295.236
296.975
297.841
298.073
298.577
299.076
298.506
298.479
299.103
299.842
300.482
301.155
301.204
300.853
301.478
302.171
301.713
302.188
303.66
302.708
300.283
300.46
301.458
299.677
298.463
298.528
298.596
298.04
294.305
293.485
293.277
290.406
293.031
295.149
291.245
286.469
286.448
289.965
291.576
290.357
293.982
294.543
292.81
294.845
296.04
298.929
305.048
303.129
298.512
296.857
296.967
295.74
296.566
298.324
297.127
296.49
296.346
294.565
292.779
292.563
293.209
292.935
292.757
294.64
294.69
293.833
294.558
295.697
298.103
296.511
297.866
296.011
294.112
294.632
295.196
293.333
294.398
295.744
298.781
296.805
298.329
301.971
300.048
304.131
300.275
303.826
301.264
300.559
303.91
301.852
302.88
305.538
297.736
304.896
300.25
302.622
299.627
304.618
301.698
295.552
312.993
295.572
304.358
301.357
304.74
307.254
295.792
299.605
309.136
314.873
329.288
293.882
246.378
259.98
291.065
290.592
281.99
284.452
294.979
293.27
278.827
270.614
267.307
265
265.362
265.763
236.517
236.611
266.561
228.593
237.708
231.61
244.983
267.439
253.898
260.535
246.196
258.369
250.88
257.393
274.758
268.292
251.372
258.938
271.508
231.831
230.186
207.893
207.263
219.687
227.889
214.683
217.082
249.864
257.766
299.874
299.939
300.187
298.474
297.57
297.53
295.732
292.62
290.737
291.297
292.988
294.976
295.822
296.906
297.177
296.877
296.686
297.145
297.917
298.526
298.292
297.459
296.719
295.941
295.174
294.851
295.006
295.532
296.055
297.073
298.854
298.889
298.48
298.691
299.296
299.803
300.653
301.917
302.318
302.247
303.094
303.497
301.989
302.431
304.38
302.796
299.691
300.08
300.222
298.133
298.315
298.631
298.009
295.537
293.902
293.42
290.073
290.848
294.3
291.362
287.348
287.462
290.075
291.264
289.99
293.094
294.537
292.927
294.812
295.479
298.004
304.072
302.575
299.117
297.509
296.62
296.149
296.266
298.57
296.857
296.299
297.015
294.781
292.689
292.221
293.707
292.921
292.684
296.085
294.922
294.426
296.966
295.201
294.82
298.342
298.457
295.168
295.64
294.663
293.72
293.437
295.038
296.639
298.939
299.211
301.369
305.606
304.97
305.788
304.651
302.188
303.826
300.919
305.138
303.295
302.909
304.208
299.061
302.764
300.683
303.109
299.612
305.607
300.456
296.929
311.102
297.221
304.526
304.309
306.001
307.939
296.673
301.658
312.878
316.349
323.525
295.617
249.661
264.455
291.08
287.419
277.991
280.023
290.64
289.978
278.228
271.028
269.088
266.133
267.611
267.874
233.144
225.043
245.868
231.074
231.03
251.259
257.578
261.139
248.324
261.546
245.112
258.345
254.897
255.453
268.687
272.416
254.5
254.167
275.002
238.935
233.343
213.253
213.332
217.453
224.528
214.773
219.538
251.615
260.423
299.009
298.154
299.718
299.056
297.997
298.115
296.581
293.821
292.31
292.465
294.09
295.035
295.745
296.603
296.794
296.857
297.59
298.621
299.17
299.573
299.514
298.76
297.973
297.456
296.801
296.508
296.489
296.088
296.199
296.553
297.54
296.855
296.546
297.998
299.687
300.767
300.926
301.729
301.982
301.752
301.295
302.689
303.136
301.727
301.948
303.193
301.297
299.924
301.57
300.206
299.038
299.151
298.458
296.036
293.072
291.214
289.338
289.378
293.589
292.066
287.726
287.581
289.829
291.633
290.661
292.927
294.069
292.543
294.363
294.531
297.231
304.096
302.007
299.198
297.344
296.432
295.978
296.177
298.393
296.234
296.321
297.051
296.326
294.895
293.859
295.435
293.82
292.984
295.587
295.985
295.056
296.199
297.27
297.598
297.799
297.547
296.176
296.009
296.446
296.544
295.169
297.125
297.609
299.478
300.292
302.369
307.434
306.33
304.774
307.246
302.143
306.881
302.614
307.479
304.603
304.151
303.093
299.292
300.228
299.976
301.728
298.561
305.96
300.214
299.029
310.366
298.322
304.346
305.973
305.975
308.641
297.922
302.707
316.713
315.747
315.737
292.689
252.25
269.645
291.976
283.644
275.342
279.502
289.238
287.545
277.743
271.41
271.832
266.353
270.408
273.766
242.072
219.954
237.675
249.997
253.206
267.46
255.23
258.192
247.017
259.645
246.079
257.787
256.235
253.012
262.709
272.205
259.16
249.146
278.414
249.525
234.836
219.014
221.483
215.756
223.142
216.624
223.237
254.531
262.779
298.102
296.277
298.288
298.708
298.615
298.719
297.806
296.307
295.964
295.597
295.981
295.86
296.641
297.546
297.882
298.34
299.31
299.449
298.876
298.532
298.465
298.326
298.018
297.627
297.54
297.558
297.607
297.439
297.99
298
297.786
297.747
297.461
298.026
298.91
300.759
301.805
302.512
302.404
302.724
302.555
301.41
302.401
303.346
302.972
303.935
304.042
300.926
300.423
300.184
298.431
298.895
298.738
296.536
292.84
292.562
289.024
289.219
293.127
292.93
289.113
287.666
288.927
291.354
291.351
293.597
294.476
292.75
294.379
294.635
297.426
303.602
301.503
299.041
298.007
296.673
296.036
296.168
297.366
295.245
294.757
296.91
298.204
297.668
296.626
297.664
295.107
293.335
296.251
294.264
294.546
297.901
296.391
296.009
297.469
295.203
293.434
295.763
295.675
296.845
296.326
299.532
299.497
299.548
302.064
304.294
308.867
306.718
303.143
306.294
300.84
308.511
303.018
308.833
304.508
303.849
301.771
298.694
298.279
299.29
300.566
297.767
305.11
298.865
299.474
308.756
298.889
304.901
307.442
305.806
309.731
298.84
302.889
320.227
315.756
309.107
287.598
254.17
275.196
294.475
282.701
275.819
280.875
288.708
285.458
278.083
274.143
271.801
266.791
273.454
279.943
255.356
229.83
233.06
245.485
258.313
258.827
253.634
258.305
244.989
258.783
251.076
258.901
255.236
251.122
257.514
268.817
264.4
245.707
277.41
262.875
234.55
225.874
231.814
216.218
225.174
219.915
228.367
258.5
264.744
297.31
295.017
296.874
297.362
298.318
298.247
298.081
298.111
298.18
297.368
296.695
297.009
298.081
298.99
299.078
298.851
298.342
297.163
296.463
296.624
297.059
297.266
297.312
297.544
297.83
297.562
297.675
298.878
299.839
299.868
298.253
297.349
297.672
299.212
300.164
300.792
301.664
302.406
303.043
301.982
303
303.126
302.457
302.757
303.206
303.016
303.85
302.248
301.216
302.104
299.886
299.671
298.876
296.935
293.275
292.822
288.778
290.09
294.187
293.501
290.148
288.303
288.552
291.089
291.692
293.875
294.536
292.66
294.641
294.967
296.901
302.004
301.023
299.396
298.349
296.627
295.417
295.703
296.317
294.386
294.607
297.842
300.67
301.122
298.69
299.265
297.064
295.467
297.759
296.518
296.187
297.314
297.529
298.581
298.447
296.892
295.896
297.13
297.432
298.029
298.381
301.573
301.396
301.975
304.047
305.856
310.549
307.192
303.638
307.248
301.125
309.837
303.661
308.985
303.713
301.658
300.091
297.486
296.613
298.34
299.444
297.174
304.129
298.05
300.432
307.647
299.361
305.234
307.761
305.38
311.238
299.875
302.047
322.883
317.558
303.113
280.511
256.038
281.3
295.654
281.534
277.189
281.545
287.28
283.406
277.949
274.341
270.034
268.409
273.331
282.301
262.938
247.878
242.346
246.467
266.832
262.154
255.639
253.967
245.358
256.862
254.187
258.174
253.555
250.131
255.391
266.666
271.423
245.636
271.416
277.125
233.951
232.965
241.07
218.732
229.611
223.773
233.899
262.658
266.026
295.958
293.799
296.193
294.503
296.752
296.501
297.372
297.78
297.609
297.148
297.548
298.58
299.283
298.943
297.818
296.399
295.52
295.386
296.033
297.339
298.191
298.291
298.603
299.396
299.678
299.03
298.586
300.171
301.036
300.921
299.533
298.203
298.154
298.898
300.426
301.167
302.322
301.937
302.969
302.958
301.841
302.5
303.033
302.81
303.5
303.561
304.848
304.586
301.612
301.63
299.977
299.173
299.317
297.891
294.283
292.583
290.49
291.836
295.236
294.76
291.034
288.984
288.461
290.591
291.696
294.415
295.151
293.662
295.294
295.404
296.424
301.433
301.199
299.729
298.135
296.715
295.348
295.559
295.395
294.908
295.563
298.85
302.465
302.312
298.732
299.444
297.386
296.163
298.521
295.589
295.907
298.334
296.684
297.449
298.072
295.237
294.617
296.894
297.68
299.114
299.65
303.926
302.802
303.442
306.299
306.646
310.265
306.003
303.558
307.747
302.997
311.573
304.231
307.887
302.995
299.061
298.158
296.017
295.557
297.368
298.641
296.704
303.271
296.9
300.37
306.191
299.765
305.927
307.875
304.894
311.913
300.66
300.966
324.759
321.577
300.802
275.468
258.761
286.521
295.605
280.236
278.114
280.64
284.682
281.126
275.54
269.114
269.924
269.715
270.378
278.513
263.955
261.469
249.337
252.138
269.673
257.162
252.122
253.639
248.433
255.532
256.167
257.786
252.186
249.2
257.181
267.413
279.012
247.931
264.527
286.69
233.644
239.698
246.283
223.424
236.047
227.926
239.908
267.731
267.035
295.061
293.833
294.424
293.75
295.137
294.992
295.701
295.665
295.667
296.226
297.27
297.592
297.067
295.982
295.368
295.088
296.021
296.979
298.046
299.05
299.429
299.289
299.238
300.014
299.661
299.154
298.584
298.987
300.019
299.811
299.717
299.475
299.124
298.729
299.786
301.167
301.888
302.578
301.819
302.735
303.192
303.17
303.744
303.634
303.754
303.488
303.649
305.2
302.914
302.678
301.696
299.337
299.785
298.012
294.214
292.801
290.877
291.58
294.816
295.309
292.11
289.805
289.503
290.967
291.363
293.952
295.783
294.447
296.106
295.595
296.285
301.228
301.037
299.552
298.621
297.003
295.82
294.762
295.054
295.836
297.318
300.586
303.094
303.308
299.944
300.22
298.014
296.834
298.633
296.283
297.274
298.079
297.266
298.214
297.05
296.098
296.556
299.257
300.412
301.822
303.165
305.934
304.986
306.174
308.166
308.43
311.177
305.984
304.004
307.796
303.366
311.473
304.329
305.736
301.892
296.361
296.629
294.594
295.496
296.93
298.4
296.938
302.542
296.393
300.904
304.928
299.877
306.213
307.732
305.207
312.779
301.921
299.998
326.005
327.713
300.259
270.738
262.467
290.806
295.742
279.945
278.613
278.487
281.388
278.397
272.069
262.739
269.865
270.134
269.971
271.657
262.097
271.881
257.449
247.45
268.501
256.077
254.5
252.849
251.547
254.85
254.889
257.157
252.701
250.468
262.661
271.579
283.62
249.347
259.702
290.611
234.263
244.784
246.967
230.224
241.906
230.969
246.25
271.99
266.726
294.949
296.15
295.039
295.301
295.422
296.066
295.413
295.153
295.359
295.741
296.045
295.715
295.065
294.997
295.633
296.621
298.042
298.233
298.582
298.535
297.953
297.755
297.695
298.13
297.655
297.179
297.802
297.595
298.287
299.328
299.44
299.245
299.115
299.996
300.333
301.465
301.54
302.381
302.78
302.244
302.805
302.621
303.212
303.566
303.185
303.764
303.531
305.345
304.06
302.581
302.048
299.779
299.794
298.05
294.505
291.505
291.864
291.117
293.374
293.717
292.168
290.249
290.461
291.969
291.632
293.901
295.426
294.39
296.321
294.689
296.196
300.404
300.398
300.416
299.03
297.048
295.617
294.318
295.128
296.563
299.603
302.198
303.772
304.221
299.656
299.519
297.323
297.022
298.481
295.716
297.789
299.441
297.55
297.453
297.181
296.4
297.557
299.423
300.766
301.784
303.699
307.259
306.146
307.272
308.855
308.552
310.318
304.963
305.259
309.126
305.952
311.944
304.407
303.311
300.93
294.456
295.778
293.873
295.791
297.224
298.377
297.188
302.499
295.724
300.706
303.894
300.497
306.551
307.109
305.567
312.378
302.096
299.128
324.838
333.138
303.747
269.336
266.827
292.846
295.983
280.705
278.765
276.363
278.27
276.244
270.197
261.52
269.361
269.636
274.346
263.567
265.232
277.346
266.318
253.738
272.447
257.161
253.164
252.057
255.916
255.005
253.221
257.492
254.93
253.787
270.105
277.654
284.204
248.207
256.496
287.426
237.05
249.803
244.691
237.035
245.977
234.098
252.751
276.312
266.384
295.412
297.235
297.272
296.167
295.986
296.633
296.564
296.309
296.311
296.188
296.095
295.991
295.825
296.273
296.636
297.379
297.78
297.405
297.853
297.504
296.88
297.05
298.094
298.143
297.529
297.398
298.605
299.158
299.696
300.269
300.154
300.102
299.657
299.543
300.613
300.865
302.042
301.363
302.383
302.54
303.173
303.423
302.923
304.083
304.02
304.19
303.428
304.815
305.053
303.307
303.008
300.21
299.933
298.4
295.599
292.372
292.812
292.296
292.366
292.344
291.546
290.586
291.277
292.455
292.025
294.058
295.675
295.272
296.142
294.468
296.658
300.028
300.639
300.8
298.808
296.749
295.787
294.483
294.934
296.812
300.894
303.455
304.071
303.991
299.219
299.779
297.918
297.512
298.443
296.859
298.873
298.622
297.943
298.115
297.239
297.721
299.307
301.945
303.192
304.397
306.381
308.071
307.282
308.422
309.776
309.79
310.271
304.291
305.827
308.482
306.67
310.97
303.601
300.532
299.201
292.352
295.183
293.14
296.966
297.974
299.456
298.157
302.539
296.274
301.03
302.514
300.625
306.609
306.681
307.014
312.588
302.821
299.631
323.077
336.082
309.087
268.203
269.82
293.597
295.803
281.695
278.356
274.097
275.546
274.314
270.739
267.285
268.898
270.174
279.64
256.329
271.812
282.877
270.417
251.605
268.373
255.242
253.57
253.447
258.404
255.726
252.149
257.484
256.813
255.92
276.464
284.397
281.664
245.863
256.298
281.025
241.306
252.448
242.666
244.199
247.983
237.405
260.144
279.562
265.521
296.017
295.947
296.138
296.196
296.227
296.075
296.574
296.733
296.797
296.756
296.788
296.789
296.756
297.006
297.008
297.386
297.188
297.339
298.244
297.723
297.371
297.529
298.401
298.275
298.254
298.256
299.672
300.458
301.456
301.346
301.169
300.235
300.575
299.96
301.105
301.292
301.898
302.181
302.532
302.905
302.344
304.115
303.629
303.825
303.866
304.222
304.045
304.378
305.456
303.532
303.376
300.989
299.77
298.766
296.388
293.542
293.227
292.005
291.8
291.753
291.236
290.453
291.889
293.288
292.537
293.622
295.392
295.227
295.408
294.362
296.396
299.376
300.115
300.521
299.028
297.445
296.164
294.379
294.881
296.453
301.61
303.797
303.376
303.054
298.433
299.515
297.438
297.971
298.544
296.606
298.709
299.451
298.596
298.189
298.16
299.137
301.028
303.324
304.793
305.073
307.694
309.808
308.644
309.173
310.616
310.293
309.006
303.623
307.283
309.329
307.979
309.439
301.781
297.484
297.888
290.85
295.235
293.048
297.949
299.359
300.218
299.528
303.106
296.44
301.138
302.073
301.554
306.579
306.036
308.258
311.564
302.23
300.674
320.673
334.651
316.171
270.49
271.941
293.085
296.388
284.228
278.844
272.609
274.185
274.083
273.644
275.668
267.825
272.401
279.239
252.888
279.778
287.796
277.753
254.647
270.752
258.384
254.675
253.399
260.583
257.302
251.861
255.866
257.681
254.579
278.681
292.003
278.697
245.266
258.031
274.588
247.174
253.591
241.146
249.146
247.575
241.79
267.495
282.135
265.571
296.049
294.66
294.637
295.033
295.232
295.467
295.951
295.923
296.05
296.228
296.552
296.735
296.788
296.914
297.099
297.128
296.959
297.378
297.922
297.509
297.404
297.373
297.889
297.906
298.365
298.456
299.004
300.188
300.766
301.083
300.618
300.403
300.354
300.815
300.874
302.235
301.965
302.756
301.948
303.347
302.777
303.492
303.773
303.881
304.261
304.229
304.614
304.092
305.817
304.125
303.619
301.805
299.988
299.092
296.909
294.416
294.156
291.03
291.225
291.217
291.43
290.789
291.745
293.177
293.056
294.061
295.945
295.003
295.561
294.646
296.247
299.46
299.949
300.801
299.816
297.751
296.276
294.519
295.079
296.164
301.606
303.025
302.052
301.43
297.437
299.643
298.084
298.648
298.563
298.073
300.259
299.277
299.171
298.576
298.99
300.731
302.786
305.497
306.158
306.655
309.07
309.568
308.058
309.058
310.898
310.066
307.664
303.515
308.195
309.389
308.059
307.464
299.735
294.904
296.235
290.017
295.559
293.434
299.172
300.671
301.851
301.18
304.014
298.116
301.199
300.859
301.632
305.911
305.437
310.366
311.321
302.29
303.042
319.715
330.578
321.241
272.638
272.025
292.123
296.434
286.819
279.028
271.234
273.385
275.045
277.866
281.83
266.629
274.519
274.588
256.508
284.735
294.08
282.472
256.14
265.862
258.209
254.563
254.633
262.112
258.565
251.734
252.31
255.968
251.181
276.407
300.406
277.731
247.748
262.281
268.833
252.499
252.849
241.879
253.311
247.451
247.38
275.144
284.429
264.535
294.564
294.499
294.548
294.892
294.754
295.117
295.828
295.893
295.63
295.738
296.146
296.432
296.454
296.519
296.857
296.884
296.885
297.133
297.165
297.124
297.179
297.42
298.275
299.071
299.327
299.847
299.372
300.588
299.65
300.442
300.302
300.783
300.694
301.753
301.406
302.643
301.986
303.047
302.879
303.285
303.454
303.575
304.249
303.767
304.179
303.969
304.88
304.252
305.566
304.664
303.781
302.487
299.986
299.521
297.124
294.396
293.73
291.446
292.022
291.801
291.632
291.379
291.948
293.109
292.859
294.059
296.331
295.372
295.969
294.819
296.151
298.953
299.405
300.46
299.934
297.907
297.073
294.909
295.407
296.074
301.266
301.889
300.322
299.796
297.149
299.842
297.772
298.901
298.796
298.046
299.461
299.293
299.316
299.413
301.028
302.813
304.265
306.793
307.367
307.563
310.581
310.957
308.689
310.04
311.928
309.686
306.072
303.854
309.277
309.666
307.082
304.269
297.157
292.892
295.884
289.962
296.841
294.433
300.718
302.079
302.879
303.214
304.899
299.306
301.898
301.27
302.799
305.865
305.288
311.715
310.463
301.773
305.773
320.266
325.728
325.193
277.115
272.783
291.488
296.837
289.923
279.742
269.888
272.935
277.074
283.506
285.977
266.307
274.135
268.399
265.678
288.103
301.343
287.545
257.906
263.558
260.435
256.428
255.276
262.973
259.991
251.79
248.097
251.798
247.213
272.248
305.046
279.363
254.788
268.138
266.704
256.765
251.155
244.738
255.983
247.314
254.793
282.271
284.392
265.591
293.835
294.711
295.111
295.505
295.025
294.873
295.595
296.258
295.912
295.581
295.925
296.318
296.412
296.478
296.585
296.579
296.565
296.747
296.758
297.243
297.613
297.83
298.378
299.121
299.814
300.483
300.35
300.52
300.146
300.188
300.839
301.099
301.788
301.911
301.71
302.302
302.754
302.673
303.246
303.307
303.787
303.658
304.466
304.05
304.593
304.058
305.121
304.38
305.234
305.312
303.726
303.384
300.353
299.808
297.846
294.297
292.804
293.555
291.497
295.078
294.072
292.266
292.35
293.162
293.166
294.03
296.615
295.467
296.127
295.298
295.504
298.282
299.35
300.504
300.646
298.915
297.918
295.495
295.895
296.223
300.879
300.255
298.617
298.873
296.922
299.969
298.452
299.623
298.458
299.003
300.8
300.008
301.026
300.945
302.708
304.091
305.917
308.666
308.027
308.865
311.716
310.142
307.829
310.309
311.365
307.647
304.578
305.164
310.624
309.749
305.922
301.47
295.307
291.807
295.804
291.198
298.367
295.974
302.113
303.713
304.217
305.335
306.443
301.814
301.913
300.14
302.816
304.505
305.178
313.88
309.841
301.446
309.128
322.096
320.665
323.715
280.66
272.619
290.881
298.096
293.555
281.545
268.667
272.999
279.642
289.564
288.756
267.003
270.63
263.182
277.17
290.265
309.258
293.664
261.794
259.835
262.057
257.496
256.291
263.703
261.482
252.354
244.597
246.049
242.878
267.697
302.247
286.167
265.892
274.812
265.73
260.184
250.814
247.869
257.382
249.418
263.691
288.69
286.107
263.319
294.407
295
295.474
295.25
294.435
294.684
295.519
296.181
296.055
295.736
295.921
296.157
296.462
296.719
296.836
296.772
296.799
296.7
296.641
297.304
298.061
298.035
298.812
298.808
299.865
299.806
300.379
300.112
300.332
300.282
301.438
301.181
301.998
302.019
302.613
302.339
302.711
303.381
303.738
303.284
304.19
303.768
304.618
304.305
304.693
304.363
305.019
305.081
304.63
305.83
303.97
303.794
300.98
299.955
298.287
295.557
292.425
295.544
291.201
295.51
296.74
294.752
293.052
293.027
293.307
294.037
297.398
296.419
297.272
295.328
295.695
298.521
299.431
300.455
300.401
299.256
299.068
296.389
296.285
296.519
300.651
298.996
298.113
298.332
297.519
300.646
298.298
299.312
298.8
299.592
300.525
300.532
301.138
302.033
304.956
306.204
307.561
310.041
308.928
309.904
312.519
309.702
307.728
311.348
311.146
306.084
303.851
306.986
311.318
308.342
302.674
297.496
293.673
292.074
296.96
293.046
300.594
298.157
304.067
304.787
305.152
307.367
307.436
304.006
303.851
301.67
304.077
304.335
305.477
315.06
309.421
301.374
312.325
324.714
317.237
320.739
283.429
273.579
290.81
298.378
296.335
283.355
266.482
272.476
282.961
295.759
291.873
270.574
268.439
262.31
287.906
291.346
315.27
299.153
266.2
256.824
262.663
259.399
257.705
263.493
262.763
253.622
243.469
241.645
239.971
263.686
293.121
295.195
279.776
281.881
267.806
261.595
250.866
253.263
259.204
253.245
272.372
294.753
284.734
261.31
293.831
294.119
294.779
294.749
294.616
295.124
295.47
295.647
295.826
296.039
296.114
296.116
296.402
296.543
296.938
296.982
297.088
296.783
296.915
297.273
298.231
298.346
299.106
299.196
300.041
300.305
300.103
300.521
300.959
300.981
301.523
301.379
301.976
302.434
302.423
302.729
302.91
303.107
303.689
303.664
304.111
304.086
303.997
304.66
304.34
304.872
304.728
305.509
304.399
305.951
304.298
304.194
302.072
299.711
299.674
296.076
293.632
294.07
294.451
294.041
295.013
292.79
291.615
292.652
293.112
293.132
297.086
297.24
296.567
295.441
295.011
297.302
298.607
298.972
299.951
299.938
300.472
296.801
296.834
297.301
300.722
298.429
298.012
298.728
298.437
300.476
298.226
299.823
298.433
300.323
301.189
301.401
303.306
304.896
307.501
307.159
308.981
310.693
308.259
310.67
312.798
308.122
307.82
311.606
308.339
303.258
303.875
308.946
311.141
305.811
299.729
294.633
293.187
293.106
298.855
295.865
302.744
300.077
305.669
306.252
305.557
309.232
309.156
306.48
303.663
300.958
304.583
303.082
306.225
316.544
308.307
300.897
315.286
327.763
314.481
314.006
284.882
274.568
291.765
300.663
300.188
286.587
265.258
270.359
284.493
298.345
294.142
275.376
270.225
268.67
296.904
292.662
316.148
305.729
272.217
256.999
264.121
261.702
258.849
262.707
264.043
255.873
245.7
241.039
240.011
260.838
282.2
301.493
290.951
286.39
270.346
263.484
253.942
256
259.665
259.255
281.716
297.298
284.534
261.462
294.119
294.228
294.278
294.509
295.135
295.396
295.294
295.316
295.789
296.084
296.137
296.212
296.314
296.284
296.839
297.029
297.292
297.233
297.459
297.721
298.233
298.693
298.89
299.861
299.834
300.423
300.789
301.005
301.589
301.679
301.816
301.912
301.783
302.281
302.752
303.147
302.864
303.7
303.657
303.99
304.019
304.496
303.821
304.814
304.359
304.858
305.142
305.129
305.247
305.164
305.291
303.975
303.208
299.876
299.808
297.203
294.492
292.646
295.06
295.522
293.141
290.062
288.918
291.403
292.971
292.794
297.768
297.544
297.068
296.671
295.216
297.864
298.7
299.197
299.959
299.968
300.725
297.294
297.884
298.107
300.585
298.206
299.256
299.178
298.946
300.361
298.086
299.288
299.272
301.221
301.547
303.471
304.843
306.353
308.465
308.068
310.423
311.139
308.923
311.86
312.091
306.866
308.743
311.626
305.727
302.077
305.463
310.809
309.854
302.308
296.487
293.13
294.337
295.673
300.632
298.961
304.889
302.674
307.517
306.993
305.624
309.712
309.716
309.344
306.967
302.991
305.35
302.712
307.115
317.527
307.585
301.372
317.501
328.66
312.203
306.691
282.377
274.63
291.853
301.338
302.831
290.855
266.11
268.875
283.989
296.356
295.684
281.905
277.122
282.05
305.585
294.451
312.814
311.513
280.309
258.436
263.969
263.324
259.5
260.552
264.686
258.262
249.729
243.022
243.755
259.031
274.367
300.831
296.45
289.568
272.274
264.203
255.899
260.04
262.861
266.352
288.454
299.706
283.676
253.432
294.17
294.214
294.17
294.752
295.176
295.171
295.306
295.676
296.102
296.13
296.517
296.501
296.721
296.717
297.04
297.467
297.522
297.967
297.901
298.126
298.52
298.948
299.894
299.958
300.477
300.593
301.232
301.435
301.4
301.869
301.954
301.997
302.696
302.665
302.453
303.134
303.308
303.665
303.956
303.963
304.321
304.489
304.378
304.418
304.773
304.641
305.294
305.144
305.548
305.504
305.268
304.3
303.297
300.861
299.434
298.847
295.252
293.654
293.856
295.645
294.079
292.313
290.846
293.642
294.055
292.321
297.076
297.261
297.591
296.265
295.355
297.56
297.668
298.073
298.304
299.095
301.04
297.682
297.774
298.119
300.549
298.806
299.86
298.661
299.193
299.436
297.741
300.148
299.229
301.987
302.69
305.026
306.277
308.738
310.217
308.545
311.501
310.423
308.201
311.895
309.523
304.884
309.2
309.373
301.938
302.033
307.72
310.655
306.209
298.012
294.417
292.659
296.156
298.277
302.91
301.317
306.367
304.08
309.061
307.878
305.59
310.237
310.534
310.322
306.568
303.397
306.374
302.48
308.16
317.908
305.994
301.81
320.991
329.947
309.383
300.146
280.045
275.652
293.399
302.224
305.005
296.889
268.646
265.68
279.475
288.385
293.678
286.552
284.886
296.029
313.56
297.307
306.92
317.053
288.908
262.256
264.371
264.53
258.723
257.2
264.816
260.484
253.024
245.12
253.195
260.973
267.535
292.794
296.861
289.114
273.164
266.019
259.72
261.468
265.768
273.663
292.586
298.731
279.568
257.755
294.406
294.447
294.402
294.91
295.273
295.67
295.968
296.054
296.336
296.593
297.156
297.079
297.402
297.416
297.662
297.853
297.93
297.994
298.427
298.45
299.156
299.541
300.31
300.263
301.023
301.361
301.401
301.713
302.007
301.879
302.527
302.754
302.609
302.968
303.343
303.793
303.68
303.903
304.318
304.052
304.214
304.694
304.623
304.83
304.763
304.947
305.114
305.133
305.728
305.719
305.544
304.675
303.523
301.954
299.5
299.262
296.938
294.104
294.434
294.64
294.544
294.299
293.991
297.008
296.689
293.423
296.525
297.705
297.131
295.458
295.31
295.902
296.134
298.276
297.551
300.352
301.157
296.138
297.878
298.929
300.82
298.466
299.244
298.207
299.017
298.938
298.397
299.948
300.601
303.312
304.096
307.145
307.527
309.555
309.549
308.699
311.797
309.285
309.092
312.485
307.758
305.469
310.085
305.908
299.153
303.278
308.914
308.454
302.11
294.787
293.615
294.223
298.724
300.497
303.526
303.808
307.553
305.024
310.26
308.227
304.58
309.59
310.821
312.795
309.707
304.994
305.985
302.352
309.693
317.283
304.642
303.034
322.605
327.415
305.838
292.478
277.101
277.479
295.154
301.657
305.737
303.002
274.399
263.118
273.214
279.265
290.34
290.646
291.806
304.839
320.17
301.826
301.322
320.162
298.466
268.29
264.845
263.058
256.032
252.737
263.881
261.706
253.302
245.704
263.245
261.241
263.356
277.925
296.188
287.206
272.216
266.847
259.956
263.573
273.262
280.386
294.888
294.899
279.806
250.288
294.655
294.794
295.02
295.262
295.754
296.07
296.245
296.361
296.676
297.064
297.379
297.439
297.782
297.759
298.01
298.116
298.38
298.333
298.648
299.056
299.535
300.271
300.33
301
301.34
301.307
301.658
301.954
302.307
302.665
302.792
302.883
303.355
303.713
303.631
304.154
303.699
304.275
304.146
304.222
304.409
304.627
304.967
304.908
304.819
305.204
305.144
305.034
305.749
305.631
305.86
305.332
303.658
302.581
300.448
299.026
298.501
295.591
294.488
294.39
294.096
293.218
293.645
296.38
296.059
294.608
297.734
299.655
297.921
297.06
295.581
295.204
297.579
298.285
297.705
300.848
298.678
296.871
300.047
299.779
299.657
297.07
298.992
297.582
299.487
298.558
298.63
301.097
301.683
304.706
305.493
307.958
307.454
309.962
309.56
309.286
311.941
308.195
309.178
310.595
304.231
304.908
308.204
301.453
298.753
306.06
308.713
304.682
298.035
292.67
293.523
295.068
300.171
302.034
303.788
304.465
307.374
305.215
309.679
308.379
304.775
308.556
311.065
312.484
309.118
306.312
306.729
303.209
311.086
316.072
303.245
306.585
325.781
325.608
302.703
288.15
277.938
280.853
291.989
293.21
303.383
305.849
283.643
265.98
268.11
270.322
285.739
292.917
296.082
306.882
325.524
308.768
298.666
319.217
308.03
274.786
264.383
258.358
251.77
248.593
262.133
261.736
250.943
245.78
263.426
263.354
262.926
262.582
292.286
285.606
270.965
267.824
260.812
266.664
281.394
283.401
292.009
288.986
270.653
249.849
295.048
295.257
295.561
295.837
296.308
296.434
296.579
296.808
297.192
297.471
297.718
297.948
298.031
298.414
298.385
298.88
298.588
299.181
299.428
299.746
300.387
300.407
301.331
301.426
301.675
301.919
302.37
302.474
302.731
302.848
302.904
303.488
303.608
303.69
303.653
304.342
303.983
304.346
304.561
304.478
304.945
304.885
304.97
305.454
304.802
305.346
305.597
305.178
305.874
305.75
305.712
305.772
304.308
302.827
301.364
299.666
298.704
297.449
295.499
294.32
293.576
292.331
293.514
295.083
292.43
291.22
295.868
297.699
297.906
296.739
293.893
295.137
295.604
295.642
296.353
299.033
298.727
299.367
300.632
297.73
297.556
296.853
298.815
298.366
299.509
298.419
300.128
301.879
303.55
305.865
306.502
308.426
308.322
310.615
308.794
309.892
310.938
307.143
309.964
308.569
302.936
306.302
305.338
297.442
299.694
307.151
305.495
299.815
294.252
291.084
294.146
296.661
301.567
302.313
303.998
306.299
307.596
303.177
308.936
306.972
303.078
307.959
310.513
313.92
311.777
306.949
305.202
304.248
312.296
313.859
302.683
310.113
325.523
319.704
298.629
284.517
266.849
276.522
287.585
281.636
296.103
305.286
290.586
270.805
269.67
266.584
283.004
295.605
299.299
305.999
328.148
316.915
299.476
314.493
316.285
282.812
264.508
251.922
247.76
246.639
259.939
259.942
247.99
246.699
257.716
272.87
266.467
257.577
284.258
281.668
271.831
267.419
259.369
270.923
289.678
283.372
285.829
282.191
270.349
262.052
295.451
295.894
295.972
296.506
296.565
296.86
297.028
297.433
297.761
298.035
298.37
298.42
298.866
298.931
299.363
299.185
299.74
299.858
300.161
300.532
300.702
301.422
301.593
301.925
302.217
302.482
302.651
302.939
302.96
303.249
303.715
303.611
303.939
304.197
304.101
304.68
304.349
304.606
304.845
304.689
304.973
304.832
304.794
305.539
305.217
305.523
305.814
305.692
305.957
305.985
305.966
305.844
305.317
303.841
301.858
300.107
299.063
298.454
297.151
295.245
293.724
292.802
294.547
294.868
290.337
288.806
293.832
296.654
298.452
295.938
294.714
295.8
294.382
295.263
296.693
299.691
299.254
299.692
297.521
296.371
297.816
297.762
300.146
298.476
299.737
298.793
301.402
303.283
305.233
306.666
307.508
309.083
308.558
310.054
308.301
310.905
309.767
306.466
309.223
303.962
300.636
304.99
299.317
295.188
302.942
306.749
301.104
295.475
291.568
290.724
294.083
297.551
302.738
302.772
305.132
306.26
307.293
302.045
306.215
304.821
302.919
307.303
311.433
312.107
310.577
308.199
305.358
306.638
313.241
311.014
304.602
315.814
324.576
317.069
301.009
281.196
281.27
273.554
285.724
277.657
287.134
299.893
298.944
275.576
273.387
269.367
282.456
300.78
305.901
305.563
328.142
327.056
303.968
307.536
321.987
290.943
264.629
245.632
245.055
247.927
258.45
256.628
245.335
246.732
253.921
282.403
274.857
260.217
276.553
277.079
271.889
267.061
257.994
276.133
293.24
278.838
279.569
274.556
271.812
254.867
296.312
296.57
296.825
297.1
297.333
297.563
297.896
298.211
298.54
298.684
298.982
299.321
299.557
299.813
299.905
300.356
300.45
300.814
301.006
301.444
301.55
301.797
302.141
302.562
302.931
303.009
303.203
303.431
303.879
303.984
304.057
304.237
304.272
304.745
304.589
304.76
304.72
304.588
304.612
304.57
305.059
305.004
305.14
305.335
305.347
305.582
305.505
305.763
305.922
305.901
306.134
305.765
305.968
305.156
303.424
301.223
299.263
298.831
298.25
297.339
295.368
294.927
295.73
293.883
290.716
290.532
295.372
299.429
299.107
296.69
295.212
295.159
293.727
295.402
295.942
298.019
297.329
297.078
296.567
297.611
298.636
299.119
299.536
298.259
299.535
299.957
303.742
304.615
306.467
307.252
308.397
308.541
309.394
310.084
308.305
310.922
306.574
305.307
306.834
299.837
301.116
303.061
294.345
296.497
304.623
302.2
296.106
290.986
288.238
290.509
295.578
298.914
303.745
304.509
306.912
308.019
306.355
300.222
304.174
302.397
298.662
306.327
310.965
313.651
313.409
306.976
303.682
309.845
312.916
307.993
306.315
320.241
321.855
313.665
301.152
281.782
298.075
287.593
292.141
278.208
285.715
289.418
305
285.544
281.844
274.962
281.945
300.457
309.882
307.787
323.499
333.98
311.248
302.516
324.836
300.855
268.755
243.356
243.88
252.8
260.401
254.701
243.158
244.116
255.028
282.008
283.818
264.826
271.849
271.785
272.393
266.27
256.357
281.022
292.066
272.529
274.822
262.357
257.308
275.541
297.2
297.463
297.729
298.008
298.268
298.614
298.855
299.176
299.321
299.655
299.975
300.238
300.485
300.727
300.92
301.112
301.45
301.656
301.985
302.268
302.639
302.933
303.056
303.298
303.41
303.78
303.936
304.119
304.232
304.384
304.559
304.789
304.786
304.866
304.631
304.773
304.865
304.867
304.954
304.75
305.024
305.057
305.148
305.226
305.355
305.519
305.733
305.63
305.916
306.093
305.982
306.312
306.244
305.754
304.684
303.175
301.299
299.518
298.352
298
296.637
297.331
297.314
295.333
292.948
293.974
297.275
300.311
299.174
296.767
294.585
293.943
292.396
293.691
293.678
295.702
295.364
296.929
296.911
298.316
298.334
298.439
298.629
298.537
301.181
302.395
305.367
305.215
307.432
307.512
308.689
308.712
309.857
308.406
307.428
308.687
303.052
304.437
302.489
296.436
300.399
296.166
290.529
300.001
303.447
297.101
291.759
287.504
286.742
292.358
298.488
302.703
305.665
305.745
307.526
307.116
303.927
301.382
301.505
299.55
300.75
305.178
310.072
310.835
311.661
307.401
304.982
312.05
312.201
308.205
310.445
322.639
317.242
309.164
305.375
286.436
282.546
295.127
291.477
271.128
284.459
278.662
304.591
292.859
286.582
282.136
279.486
292.308
312.897
307.795
317.312
340.57
321.171
298.016
320.706
310.739
275.651
244.495
242.256
257.267
267.207
258.494
244.044
241.874
254.109
271.444
287.391
268.734
270.306
267.899
273.559
263.041
255.423
284.124
283.73
264.69
267.273
259.136
258.176
287.225
298.213
298.464
298.744
299.058
299.372
299.662
299.9
300.12
300.436
300.705
300.934
301.203
301.413
301.671
301.982
302.196
302.436
302.658
302.875
303.166
303.349
303.616
303.877
304.059
304.148
304.346
304.482
304.638
304.71
304.817
304.929
304.991
304.962
305.068
305.131
305.167
305.006
305.054
305.106
305.076
305.078
305.217
305.217
305.191
305.491
305.381
305.757
305.639
305.689
306.107
305.812
306.376
306.182
306.276
305.837
304.73
304.027
302.103
300.432
298.718
297.019
297.393
297.015
296.549
295.476
296.98
297.44
299.121
298.629
297.434
296.176
295.393
294.475
294.755
294.893
296.207
296.099
297.363
296.647
297.776
297.633
298.488
299.348
301.24
303.128
304.326
305.969
306.171
308.079
307.621
308.922
307.633
308.674
305.97
306.224
304.537
299.732
302.207
296.529
295.01
297.996
289.554
292.76
301.891
297.728
290.782
285.81
283.706
289.745
297.422
302.579
305.263
305.853
305.61
305.571
303.65
300.838
300.813
301.909
294.01
298.305
307.746
310.399
311.985
313.138
303.568
304.787
316.886
309.443
304.765
315.236
327.056
316.655
309.543
302.128
303.288
284.691
293.044
299.279
277.998
287.677
276.223
298.614
300.257
291.319
288.59
289.637
287.484
309.018
318.404
315.045
335.731
329.4
303.518
312.399
320.53
289.623
254.963
244.348
257.524
275.251
267.861
248.814
241.163
248.951
264.33
279.635
267.216
269.068
264.593
273.644
261.146
257.741
286.927
272.032
259.734
256.196
266.596
274.378
254.637
299.475
299.726
300.066
300.342
300.62
300.828
301.109
301.392
301.678
301.912
302.128
302.372
302.598
302.82
303.024
303.229
303.387
303.652
303.832
303.966
304.214
304.317
304.48
304.652
304.824
304.897
304.956
305.03
305.144
305.249
305.34
305.336
305.417
305.314
305.26
305.304
305.275
305.223
305.131
305.201
304.93
305.155
305.068
305.04
305.311
305.259
305.64
305.561
305.774
305.943
305.727
306.229
306.171
306.259
306.344
305.942
305.579
304.347
303.574
301.296
299.857
298.773
297.859
296.965
296.067
296.795
296.802
296.967
297.117
296.454
296.529
296.351
295.613
296.006
296.182
296.421
296.65
296.903
297.153
298.491
299.049
301.13
301.904
304.191
304.813
305.924
306.944
306.736
307.826
306.66
306.86
305.802
305.882
302.678
303.902
299.259
297.38
298.039
291.476
295.141
291.757
285.436
297.132
298.019
291.433
283.72
280.872
286.443
297.683
302.904
304.826
305.279
303.558
304.596
302.619
301.054
300.677
300.165
301.254
294.853
300.458
308.095
309.369
311.461
310.031
304.355
307.046
314.745
310.099
304.902
314.234
318.881
320.05
306.172
306.746
317.19
281.482
295.887
305.345
282.228
283.485
272.337
285.329
300.327
296.182
299.434
303.678
286.81
295.947
309
305.067
329.036
337.598
303.864
292.337
319.87
305.328
271.037
253.054
257.399
281.374
279.359
255.38
241.14
244.447
260.681
270.241
263.802
267.345
262.565
273.655
258.126
257.436
287.898
259.694
257.548
254.862
257.378
277.493
237.467
300.892
301.154
301.411
301.672
301.925
302.162
302.415
302.614
302.842
303.02
303.269
303.44
303.649
303.83
303.952
304.198
304.303
304.494
304.62
304.803
304.948
305.079
305.231
305.259
305.333
305.335
305.406
305.412
305.502
305.477
305.588
305.499
305.432
305.407
305.298
305.241
305.29
305.168
305.076
305.03
304.835
304.959
304.856
304.901
304.834
304.994
305.181
305.163
305.494
305.503
305.601
305.545
305.805
306.132
306.069
306.194
306.121
305.745
305.538
304.238
303.614
302.194
301.955
300.178
298.983
297.904
297.729
297.217
297.294
296.586
296.78
296.018
296.753
296.644
297.114
297.843
297.918
298.946
300.062
301.323
302.724
303.935
304.854
305.598
305.884
306.349
305.846
305.976
304.96
304.443
304.352
302.749
301.506
300.016
299.597
293.789
294.712
291.834
289.424
292.203
283.806
289.352
298.802
290.814
282.984
276.512
283.781
297.619
304.071
303.282
302.803
303.131
303.174
303.433
301.935
300.818
302.62
300.283
300.91
301.594
307.623
307.243
308.321
311.142
308.015
301.813
310.548
318.678
306.461
299.713
306.064
318.163
326.138
311.307
312.554
304.453
274.186
259.712
287.228
272.013
280.767
278.844
278.287
291.737
295.472
302.478
311.589
294.307
291.095
315.627
316.902
316.996
335.768
318.994
293.228
311.17
315.679
292.727
272.318
263.569
286.43
289.604
261.991
241.376
240.706
254.701
263.428
259.191
265.28
261.38
272.536
255.026
260.751
283.815
253.386
257.132
265.366
248.897
273.536
234.264
301.96
302.182
302.444
302.698
302.924
303.149
303.335
303.527
303.711
303.886
304.057
304.216
304.384
304.53
304.654
304.753
304.813
304.919
304.988
305.127
305.206
305.345
305.372
305.417
305.382
305.365
305.346
305.313
305.425
305.408
305.437
305.378
305.233
305.116
305.03
304.992
304.964
304.865
304.746
304.593
304.483
304.367
304.415
304.392
304.288
304.467
304.437
304.648
304.788
304.819
304.922
304.822
304.989
305.268
305.474
305.546
305.709
305.939
305.818
305.833
305.417
305.096
304.844
304.04
303.328
302.019
301.889
300.889
301.114
300.054
300.238
300.072
300.339
300.594
301.05
301.464
301.993
302.84
303.799
304.242
305.184
305.124
305.406
304.978
304.734
303.872
303.365
302.605
301.187
301.538
299.836
298.455
297.123
296.525
292.663
289.467
290.684
286.6
290.192
285.585
282.198
295.855
291.835
281.433
274.033
279.477
294.163
302.736
301.875
299.397
300.268
301.843
301.61
301.148
300.053
300.279
304.964
304.144
304.986
304.436
306.749
306.227
310.903
309.378
302.364
302.926
311.579
311.92
309.187
303.601
305.034
308.973
317.95
311.385
290.086
303.258
270.259
289.959
296.644
266.664
284.815
290.451
291.509
300.252
300.118
299.251
319.504
301.602
292.128
324.656
318.889
304.245
322.127
320.996
287.451
286.318
301.415
303.259
286.077
271.317
291.828
295.241
265.995
241.806
237.782
247.057
258.746
256.515
260.734
259.685
272.293
254.126
259.284
276.978
248.378
259.74
267.246
276.119
272.153
228.46
302.488
302.708
302.952
303.139
303.341
303.5
303.632
303.779
303.888
304.038
304.153
304.288
304.392
304.482
304.541
304.554
304.596
304.611
304.697
304.782
304.897
304.985
304.996
305.012
304.9
304.864
304.811
304.818
304.822
304.876
304.839
304.775
304.593
304.446
304.314
304.311
304.248
304.277
304.066
303.879
303.773
303.6
303.663
303.588
303.504
303.478
303.454
303.602
303.661
303.848
303.689
303.724
303.658
303.8
304.005
304.134
304.455
304.643
304.944
305.114
305.095
305.384
305.011
305.521
304.731
304.918
304.448
304.226
304.01
303.726
303.821
303.538
304.071
303.807
303.885
304.172
304.014
304.75
303.964
304.488
303.86
302.918
303.235
301.267
301.237
299.622
298.99
297.751
297.413
296.494
294.027
294.407
293.562
290.253
285.257
286.611
287.541
288.413
287.95
279.685
293.291
291.699
281.124
270.361
274.956
285.287
293.435
297.709
296.509
293.512
297.374
299.528
297.344
298.409
299.378
300.095
300.243
298.997
301.264
303.954
307.606
307.209
306.52
300.028
299.155
304.391
313.665
311.461
304.758
302.925
298.204
302.961
318.519
300.969
314.814
316.715
265.693
337.52
286.027
256.619
273.303
267.416
271.06
298.55
303.047
295.69
307.889
295.529
292.036
326.453
326.895
302.111
309.449
315.5
294.223
276.145
282.951
305.85
291.238
276.416
295.963
296.786
268.995
243.568
235.937
241.895
252.948
253.295
256.976
257.152
266.977
253.253
264.673
270.419
240.33
260.925
253.94
293.418
261.644
229.236
302.169
302.346
302.557
302.702
302.888
303.012
303.122
303.216
303.289
303.391
303.439
303.535
303.588
303.668
303.727
303.756
303.82
303.817
303.92
303.92
304.061
304.062
304.127
304.074
304.023
303.963
303.929
303.975
304.018
304.092
304.004
303.921
303.735
303.574
303.49
303.373
303.363
303.294
303.12
303.065
302.801
302.846
302.684
302.659
302.54
302.324
302.337
302.255
302.425
302.485
302.406
302.438
302.123
302.301
302.205
302.437
302.749
302.744
303.248
303.236
303.593
303.599
303.727
304.001
303.949
304.11
303.788
304.197
303.624
303.981
303.64
303.769
303.498
303.559
303.386
302.982
302.846
302.271
301.7
301.303
299.954
299.832
298.319
297.302
296.446
295.353
294.218
293.493
293.536
290.246
291.141
292.382
286.729
282.119
283.867
288.539
290.743
288.495
284.525
288.064
295.513
277.612
272.669
268.684
274.441
279.122
283.838
288.374
289.709
289.267
294.459
296.454
295.78
298.438
300.535
301.107
303.14
303.888
303.787
303.79
301.935
300.316
301.429
305.1
312.699
315.115
305.175
306.159
308.291
270.021
294.4
303.968
314.789
307.999
350.615
291.461
256.469
276.482
247.647
259.247
274.548
263.76
283.666
327.207
293.484
269.932
302.311
306.543
304.783
354.934
349.849
290.116
278.563
296.302
303.218
269.818
267.258
301.149
286.829
274.553
293.939
295.919
273.048
246.276
235.139
238.048
244.274
247.562
251.653
248.321
257.464
252.129
268.507
265.629
235.532
257.837
243.612
273.041
245.993
234.119
301.543
301.649
301.849
301.935
302.131
302.22
302.322
302.406
302.422
302.521
302.47
302.556
302.522
302.599
302.656
302.714
302.866
302.912
303.083
303.078
303.158
303.085
303.051
302.988
302.978
303.014
303.065
303.154
303.11
303.172
303.035
302.971
302.893
302.699
302.779
302.459
302.542
302.238
302.246
302.152
301.981
302.071
301.708
301.796
301.474
301.396
301.244
300.981
301.219
300.906
301.207
301.127
300.896
300.987
300.708
300.885
300.902
300.941
301.136
301.118
301.325
301.308
301.445
301.528
301.764
301.646
302.005
301.542
301.998
301.561
301.556
301.671
300.888
301.296
300.348
300.169
299.694
298.559
298.615
297.21
296.741
295.923
294.241
293.805
292.775
291.243
290.725
291.381
287.587
288.461
291.934
284.676
279.16
283.003
288.488
291.274
287.787
285.575
288.42
291.991
286.742
269.743
269.516
270.848
272.24
273.735
273.24
281.523
287.954
284.865
284.156
288.396
292.854
296.686
297.789
295.942
297.904
300.009
300.598
301.181
299.881
301.394
305.928
306.552
302.533
296.427
283.405
302.513
304.642
237.265
282.863
304.893
311.254
309.196
308.202
251.905
258.615
265.285
259.685
259.455
260.822
250.887
277.465
300.935
262.917
255.679
301.669
290.837
280.594
326.355
316.864
267.361
260.229
285.004
309.897
271.033
260.747
293.535
283.773
268.728
283.162
297.7
282.957
251.502
235.531
235.386
239.244
250.353
253.939
249.246
256.626
251.786
268.46
264.067
230.034
253.587
242.529
255.901
240.758
234.234
300.777
300.843
300.967
301.016
301.243
301.288
301.49
301.514
301.566
301.615
301.489
301.578
301.418
301.565
301.542
301.687
301.823
301.872
302.072
301.984
302.124
301.989
302.058
302.04
302.065
302.225
302.132
302.355
302.098
302.267
302.038
302.125
302.105
302.019
302.15
301.766
301.916
301.389
301.557
301.324
301.368
301.401
301.002
301.022
300.483
300.606
300.256
300.235
300.068
299.819
299.819
299.777
299.767
299.665
299.648
299.51
299.458
299.342
299.167
299.349
298.98
299.198
299.08
299.131
299.378
299.098
299.525
299.144
299.219
298.96
298.893
298.392
298.311
297.72
297.182
297.124
295.834
296.043
295.013
294.141
294.022
292.087
291.713
290.911
289.336
289.115
289.846
286.391
286.666
290.668
283.84
278.103
281.135
285.526
287.75
286.009
285.969
287.904
290.029
288.996
277.535
268.833
267.748
272.471
275.178
273.177
273.394
277.189
280.804
280.391
277.664
282.216
292.062
299.453
302.52
299.031
297.402
297.575
297.641
300.303
301.964
299.121
293.452
283.245
276.862
277.154
277.417
306.403
265.107
245.1
281.958
306.248
291.214
285.498
270.104
243.892
265.844
253.109
256.927
258.085
263.963
260.265
267.531
271.011
254.906
257.702
284.751
268.691
268.588
299.038
285.843
249.734
248.117
279.846
313.372
268.27
254.767
288.324
282.694
260.794
273.394
300.255
288.09
252.365
234.801
234.946
235.033
247.05
258.365
260.632
258.792
254.114
272.383
256.885
224.147
246.365
241.731
253.885
248.631
242.34
300.069
300.123
300.205
300.25
300.385
300.418
300.56
300.557
300.653
300.65
300.663
300.709
300.638
300.77
300.67
300.849
300.811
300.907
301.001
300.938
301.15
301.003
301.263
301.192
301.384
301.459
301.416
301.576
301.289
301.517
301.212
301.461
301.345
301.39
301.445
301.085
301.222
300.658
300.894
300.529
300.754
300.612
300.432
300.34
299.785
299.985
299.492
299.81
299.246
299.208
298.704
298.615
298.62
298.454
298.721
298.352
298.369
298.162
297.56
297.88
297.124
297.368
297.226
296.916
297.589
296.802
297.274
297.016
296.412
296.906
295.613
296.003
295.295
294.563
294.994
293.44
294.02
293.042
292.263
292.252
290.579
290.068
289.71
288.271
287.967
289.242
285.126
286.549
287.659
282.845
280.185
278.505
279.225
282.271
286.395
289.721
290.1
290.169
289.279
283.76
271.377
271.323
269.946
272.973
274.194
276.137
275.433
274.644
278.613
279.71
276.246
279.343
288.725
295.893
300.31
298.88
296.902
297.997
294.311
292.485
292.117
286.732
279.401
272.199
268.746
270.93
280.549
307.039
263.763
276.728
282.016
286.948
314.626
262.922
250.831
241.873
248.375
251.979
263.047
265.763
266.336
263.231
261.343
260.018
250.647
255.944
264.154
253.829
256.322
265.213
251.712
240.312
251.426
292.301
309.263
258.265
251.466
287.087
277.719
254.248
270.153
297.373
282.824
248.703
232.792
234.567
234.469
238.725
258.52
265.374
263.309
262.593
257.726
247.41
224.203
238.47
235.962
251.631
257.437
255.767
299.495
299.546
299.639
299.649
299.724
299.718
299.748
299.763
299.748
299.831
299.806
299.95
299.945
300.089
300.101
300.176
300.188
300.185
300.238
300.223
300.384
300.388
300.614
300.62
300.773
300.793
300.776
300.878
300.73
300.923
300.749
300.927
300.809
300.831
300.806
300.566
300.641
300.21
300.406
299.981
300.21
299.894
299.854
299.666
299.199
299.375
298.788
299.279
298.714
298.719
298.325
297.652
297.978
297.127
297.814
297.352
297.266
297.564
296.421
297.04
295.992
295.901
296.115
295.065
296.033
295.246
295.184
295.713
294.171
295.327
293.684
293.917
293.571
292.36
293.209
291.452
292.24
290.815
290.628
289.927
288.54
289.479
286.828
288.341
287.989
284.985
285.923
283.585
280.787
279.209
277.389
276.788
277.57
281.597
285.065
287.469
289.611
289.73
287.768
280.954
268.22
270.442
271.408
273.501
273.562
273.078
275.464
276.051
279.344
283.567
284.111
281.318
285.601
288.404
286.681
287.377
289.132
296.295
296.12
288.8
284.447
280.92
279.639
277.177
271.599
276.351
294.558
297.954
281.354
293.506
275.417
283.107
347.968
259.654
248.575
247.329
250.623
254.06
258.8
269.906
268.731
267.624
256.169
254.025
253.321
259.491
253.622
249.415
250.336
252.951
250.987
256.743
274.548
304.756
286.455
248.266
258.221
291.144
270.156
250.144
268.999
291.434
276.219
245.696
230.194
234.317
238.651
242.709
261.9
258.102
258.826
262.23
257.181
245.843
227.518
232.369
231.082
242.76
255.243
259.571
298.943
298.994
299.082
299.119
299.17
299.202
299.201
299.233
299.21
299.27
299.256
299.337
299.348
299.435
299.476
299.538
299.608
299.629
299.735
299.739
299.885
299.912
300.067
300.116
300.215
300.264
300.301
300.388
300.372
300.498
300.397
300.518
300.347
300.416
300.255
300.197
300.138
299.886
299.975
299.547
299.741
299.293
299.38
299.102
298.792
298.879
298.213
298.673
297.995
298.189
297.873
297.22
297.649
296.457
297.214
296.479
296.388
296.803
295.555
296.365
295.344
294.983
295.507
293.912
295.026
294.097
293.627
294.668
292.44
294.014
292.356
292.091
292.749
290.433
292.088
290.279
289.79
290.582
287.595
289.435
287.884
286.666
288.99
286.646
285.614
283.143
278.854
277.329
276.008
276.852
278.517
277.174
275.709
277.199
281.053
283.888
286.269
286.522
282.871
278.486
267.193
267.704
269.149
272.332
276.252
273.643
273.763
275.551
278.536
285.046
288.056
283.946
284.277
287.986
283.415
278.162
281.362
291.219
299.113
293.775
285.476
281.676
287.247
289.385
278.897
279.014
296.275
279.939
299.203
318.577
288.197
313.032
307.451
256.441
248.064
249.93
253.462
256.922
263.687
268.347
266.756
269.89
259.651
255.338
256.138
258.584
249.11
246.534
252.803
254.697
262.43
266.579
282.578
286.764
258.85
247.923
276.417
292.685
258.536
247.425
268.548
284.416
268.725
242.587
228.688
232.947
240.785
247.086
263.014
261.994
245.207
258.382
279.263
240.83
231.87
231.528
231.069
239.866
256.202
263.338
298.548
298.581
298.62
298.656
298.695
298.738
298.775
298.821
298.852
298.899
298.921
298.962
298.988
299.039
299.088
299.163
299.239
299.334
299.426
299.518
299.611
299.677
299.773
299.817
299.92
299.958
300.058
300.081
300.125
300.125
300.062
300.069
299.917
299.969
299.765
299.795
299.595
299.473
299.371
299.074
299.143
298.76
298.894
298.56
298.477
298.339
297.892
298.049
297.422
297.603
297.178
296.913
297.018
296.257
296.615
295.985
295.805
295.956
295.045
295.526
294.802
294.492
294.776
293.523
294.327
293.134
293.259
293.022
292.062
292.597
291.171
291.641
290.719
290.304
290.32
289.063
289.24
288.573
288.03
288.714
287.217
288.296
288.464
282.757
278.732
276.578
275.104
274.976
274.527
276.388
277.928
277.657
276.449
275.927
277.642
279.755
281.27
281.79
279.33
275.479
268.2
268.529
268.961
270.954
278.146
277.818
274.998
274.667
275.822
280.892
285.273
283.824
280.891
284.455
286.003
278.828
278.855
288.288
298.074
296.04
285.825
284.688
298.321
302.499
290.971
289.929
288.703
269.476
313.801
334.313
291.837
295.907
264.289
251.926
248.189
249.946
251.901
254.376
259.565
266.638
267.618
268.803
264.76
257.716
254.666
249.956
247.002
243.553
252.133
251.375
259.925
261.183
269.757
261.3
247.108
255.069
284.408
276.449
245.171
248.29
268.747
275.781
259.993
239.151
227.805
231.95
242.62
249.052
262.223
272.734
250.65
264.649
276.171
235.566
241.604
241.041
234.036
242.597
262.019
268.892
298.326
298.352
298.386
298.411
298.45
298.483
298.522
298.566
298.606
298.665
298.703
298.775
298.818
298.903
298.966
299.061
299.151
299.251
299.359
299.451
299.56
299.632
299.721
299.77
299.827
299.86
299.869
299.876
299.829
299.775
299.669
299.547
299.399
299.234
299.057
298.896
298.691
298.544
298.346
298.192
298.051
297.856
297.774
297.546
297.427
297.202
296.989
296.85
296.536
296.441
296.154
295.969
295.809
295.465
295.361
295.029
294.82
294.678
294.318
294.23
293.877
293.616
293.386
292.939
292.8
292.247
292.065
291.619
291.152
291.068
290.277
290.317
289.794
289.212
289.48
288.758
288.591
289.794
288.082
288.543
289.769
285.15
280.033
276.568
275.505
275.014
274.97
274.786
273.337
275.98
279.357
278.933
277.24
275.677
275.593
276.301
276.845
276.395
277.759
274.127
270.443
270.364
270.513
273.425
279.611
280.591
276.677
274.774
275.496
278.21
282.311
286.416
285.511
282.986
285.913
284.111
279.096
284.41
293.766
293.705
284.928
285.538
298.622
299.002
284.672
285.764
276.453
266.624
300.969
328.859
300.586
259.75
250.718
254.086
253.49
253.67
250.404
251.072
253.478
261.743
267.036
268.71
267.099
262.403
258.313
245.845
249.277
246.679
248.225
247.722
254.704
254.395
254.299
247.494
245.754
256.795
269.4
252.984
238.788
252.877
267.914
266.15
252.186
237.81
229.787
232.233
244.16
252.299
262.581
272.228
263.534
258.392
269.087
247.885
254.533
245.001
235.63
250.818
269.355
272.735
298.121
298.162
298.201
298.249
298.296
298.354
298.412
298.48
298.555
298.637
298.73
298.828
298.937
299.043
299.157
299.269
299.378
299.479
299.569
299.639
299.673
299.694
299.677
299.653
299.589
299.52
299.412
299.268
299.093
298.875
298.66
298.43
298.214
298.009
297.789
297.592
297.381
297.178
296.975
296.777
296.591
296.4
296.223
296.017
295.827
295.627
295.427
295.229
295.002
294.803
294.576
294.384
294.13
293.934
293.743
293.453
293.343
293.094
292.792
292.747
292.323
292.14
292.011
291.509
291.485
291.187
290.766
290.849
290.424
290.183
290.394
289.889
289.959
290.359
289.752
290.476
290.422
289.715
289.147
286.865
283.464
280.132
277.195
274.934
275.905
276.434
276.151
275.602
274.875
277.158
280.107
280.491
279.857
278.057
276.021
274.594
274.122
272.581
274.464
272.754
271.792
271.183
272.59
278.404
283.836
283.551
278.537
275.312
275.814
279.12
281.712
284.334
288.331
287.852
285.382
285.802
281.925
278.306
283.519
287.184
282.32
281.973
292.475
294.461
277.503
264.823
261.14
272.096
283.006
290.667
292.177
259.705
255.495
262.037
261.99
262.405
254.944
253.177
253.596
258.982
267.318
270.611
267.516
268.588
267.372
251.101
252.705
251.934
244
248.373
250.502
248.614
246.859
245.046
246.138
251.982
250.771
242.102
243.523
259.821
266.198
258.534
248.465
240.304
236.167
237.063
247.611
256.047
264.977
272.345
265.768
248.118
276.401
260.688
261.034
238.953
241.562
264.768
277.66
277.099
298.188
298.259
298.336
298.425
298.52
298.621
298.73
298.845
298.966
299.088
299.208
299.323
299.422
299.504
299.566
299.606
299.619
299.601
299.55
299.472
299.377
299.275
299.168
299.05
298.922
298.782
298.638
298.493
298.345
298.21
298.057
297.902
297.743
297.572
297.391
297.209
297.015
296.823
296.617
296.42
296.201
295.997
295.809
295.599
295.409
295.202
295.005
294.801
294.614
294.417
294.222
294.031
293.839
293.673
293.483
293.323
293.163
292.976
292.822
292.688
292.478
292.364
292.232
292.06
291.984
291.912
291.802
291.78
291.8
291.766
291.78
291.841
291.862
291.675
291.406
291.072
289.477
288.136
286.272
283.383
281.393
279.931
278.114
277.993
280.3
280.531
279.724
279.125
278.915
280.317
282.59
283.365
283.507
282.622
279.75
276.051
273.198
271.582
272.588
272.935
273.776
275.01
279.07
284.428
287.337
286.297
281.631
278.497
279.881
282.751
284.942
286.95
288.474
290.877
291.347
289.515
287.826
282.744
278.523
278.73
278.71
280.535
287.575
291.609
282.836
266.132
263.352
277.879
280.624
268.659
265.358
269.314
268.908
273.572
272.801
273.336
266.551
263.657
263.532
264.995
271.094
274.678
270.593
272.963
276.051
264.443
260.391
260.596
246.64
253.192
249.129
250.859
251.67
250.449
249.443
251.211
247.301
248.907
256.773
267.209
265.324
257.556
252.632
249.337
248.378
248.753
256.333
263.02
269.437
276.874
270.531
256.577
281.47
266.437
266.14
247.392
261.08
280.751
283.992
281.631
299.072
299.142
299.213
299.29
299.369
299.452
299.533
299.609
299.677
299.739
299.792
299.837
299.873
299.9
299.917
299.927
299.933
299.936
299.927
299.918
299.9
299.873
299.835
299.793
299.758
299.71
299.65
299.584
299.516
299.431
299.321
299.209
299.076
298.938
298.78
298.604
298.425
298.245
298.045
297.855
297.652
297.466
297.275
297.071
296.881
296.678
296.499
296.308
296.141
295.945
295.769
295.588
295.413
295.263
295.09
294.95
294.802
294.662
294.534
294.4
294.28
294.178
294.089
293.998
293.92
293.856
293.789
293.715
293.652
293.536
293.37
293.144
292.772
292.211
291.482
290.534
289.358
288.481
286.918
285.604
285.255
284.772
284.297
285.224
286.336
285.694
285.109
284.913
285.116
285.728
286.672
287.188
287.356
287.257
286.045
283.277
279.68
278.403
279.283
280.241
281.849
284.236
287.328
289.835
290.913
290.459
287.906
286.224
287.612
289.424
290.643
291.777
292.597
293.796
294.923
294.916
294.594
293.239
289.67
286.219
285.124
286.837
291.128
294.707
292.359
282.919
280.443
287.489
289.797
280.233
270.236
282.08
283.566
285.78
284.83
284.819
280.951
279.046
278.71
278.697
281.342
283.062
279.971
280.642
284.249
279.195
274.53
275.186
263.134
265.597
259.828
263.479
265.331
263.628
262.109
262.711
261.761
266.815
272.443
275.717
271.723
268.09
267.135
266.862
267.634
268.422
272.89
276.813
279.761
285.567
282.779
276.099
283.203
278.965
279.972
273.58
285.892
294.001
290.983
289.24
300.665
300.69
300.742
300.809
300.88
300.95
301.018
301.08
301.138
301.191
301.239
301.282
301.319
301.35
301.377
301.399
301.417
301.431
301.437
301.441
301.437
301.425
301.406
301.383
301.356
301.321
301.277
301.227
301.172
301.107
301.031
300.948
300.855
300.756
300.647
300.528
300.404
300.275
300.139
300.001
299.857
299.715
299.569
299.418
299.271
299.121
298.978
298.831
298.694
298.545
298.407
298.267
298.132
298.007
297.874
297.759
297.636
297.523
297.411
297.299
297.2
297.097
297.003
296.901
296.798
296.696
296.584
296.459
296.321
296.143
295.939
295.69
295.379
295.027
294.63
294.186
293.735
293.366
292.846
292.555
292.466
292.305
292.266
292.534
292.588
292.252
292.139
292.143
292.257
292.456
292.722
292.895
292.977
293.001
292.726
291.993
290.945
290.956
291.575
292.205
293.145
294.193
295.258
296.089
296.565
296.706
296.275
296.139
296.934
297.75
298.377
298.991
299.542
300.196
300.94
301.426
301.807
302.079
301.625
300.61
300.115
300.678
302.092
303.781
304.099
301.844
300.685
302.251
303.49
301.224
296.686
300.628
301.297
302.012
301.709
301.692
300.577
299.944
299.784
299.695
300.343
300.751
299.663
299.405
300.607
299.356
297.289
298.188
294.032
293.179
289.703
290.433
291.11
290.442
290.11
290.734
291.532
294.033
295.721
296.221
294.954
294.75
295.366
296.025
296.793
297.44
299.136
300.538
301.5
303.769
303.291
301.833
301.51
302.794
303.53
303.164
307.602
309.014
307.321
307.283
266.304
266.941
268.394
267.631
269.517
273.836
277.851
280.477
282.655
284.384
285.455
285.604
284.512
283.672
281.148
279.21
285.114
277.1
284.605
289.602
285.242
287.799
289.363
293.936
297.281
250.09
247.711
247.461
240.917
243.297
252.882
262.164
267.62
272.232
276.55
279.573
279.994
276.538
272.78
263.52
262.094
276.707
251.827
267.484
281.978
268.149
271.775
271.974
283.013
290.816
238.201
233.991
230.103
219.997
224.624
236.858
249.698
256.794
263.383
270.429
275.4
274.178
266.618
260
247.483
257.396
269.849
245.547
254.481
272.668
260.458
265.222
256.854
269.809
282.691
225.22
223.936
218.369
212.197
224.648
237.066
247.607
253.202
260.66
268.147
271.806
266.764
257.326
252.001
242.885
263.726
265.75
262.707
248.986
268.33
260.272
271.942
257.103
260.623
275.308
211.72
214.445
209.538
211.323
231.557
242.841
248.644
253.504
260.882
266.472
267.332
259.904
251.684
249.049
241.464
262.364
265.051
272.443
242.558
267.921
256.03
269.724
263.949
257.439
270.187
201.446
206.088
202.576
212.812
235.794
245.104
248.495
254.112
260.483
263.729
262.655
254.31
248.777
247.827
237.084
250.822
263.72
257.266
237.318
266.076
252.681
261.851
264.792
256.122
266.8
194.738
199.295
197.25
215.576
237.9
245.057
247.576
253.948
258.924
260.108
257.966
249.007
246.809
247.17
233.035
243.958
257.106
253.946
240.765
263.091
250.464
254.131
261.735
254.637
264.258
191.536
194.916
194.032
218.531
238.419
244.402
246.565
253.208
256.659
255.573
252.429
244.252
246.62
246.119
231.994
251.439
244.794
262.542
251.41
261.101
249.088
248.685
259.805
253.653
262.259
190.955
192.747
192.338
221.259
238.338
243.754
245.52
252.187
254.289
250.792
247.057
242.511
251.083
243.484
240.447
255.103
244.567
257.514
256.288
259.855
247.031
244.34
258.89
254.158
261.154
192.512
192.424
191.859
224.107
238.329
243.463
244.768
250.927
252.133
247.126
243.361
243.486
253.937
238.529
260.17
250.484
256.507
260.35
253.435
257.065
246.883
241.272
256.678
254.235
260.379
195.835
193.675
192.132
226.611
238.47
243.175
244.777
249.644
250.278
244.424
240.458
242.256
247.958
231.708
264.825
255.697
255.989
264.837
251.713
253.544
246.396
240.486
256.036
254.799
259.972
200.799
195.778
193.067
228.393
239.411
242.857
245.237
248.647
249.48
243.412
239.122
239.133
237.232
227.359
257.756
264.009
261.223
258.379
253.172
252.111
243.324
239.269
256.296
255.449
259.753
206.384
198.619
194.456
228.809
240.222
243.049
245.731
248.094
249.119
243.762
239.299
237.827
231.8
234.012
262.417
259.604
267.401
261.116
258.587
248.758
239.56
239.048
259.011
257.289
259.827
212.736
202.248
196.263
228.813
239.602
243.353
246.27
247.575
249.427
244.215
239.052
237.755
231.693
252.241
263.61
256.818
259.759
260.586
262.722
239.195
238.276
241.622
262.41
259.941
260.352
219.545
206.166
197.57
229.517
239.293
244.413
247.465
247.396
250.049
245.844
240.455
240.685
230.856
261.495
255.27
254.503
262.413
257.26
262.54
226.685
241.099
248.05
266.373
262.741
261.021
226.654
210.646
199.489
231.257
240.801
247.157
248.884
246.984
250.292
248.403
243.973
244.507
232.279
255.558
252.814
250.35
261.75
259.094
259.581
220.354
246.188
254.732
268.52
265.145
261.829
233.985
214.873
201.467
232.552
243.095
251.076
251.459
247.115
249.74
250.645
247.713
245.047
236.527
248.491
253.141
250.921
257.852
257.665
256.096
226.533
252.603
259.185
268.089
265.968
262.362
240.493
218.558
204.77
233.488
246.83
255.36
253.352
247.487
248.02
251.929
249.963
242.835
237.654
242.85
253.366
251.572
258.485
257.2
253.214
237.523
257.107
260.947
267.024
265.889
262.603
246.103
221.503
208.802
234.354
251.394
259.498
255.421
248.182
245.603
252.554
251.587
240.471
236.023
242.118
257.844
253.73
257.483
257.555
250.748
245.282
259.633
261.239
265.315
265.058
262.586
249.757
223.165
213.755
236.739
255.781
262.494
257.48
249.869
243.13
251.078
252.81
242.212
234.109
248.587
262.474
254.074
255.954
255.403
248.652
249.871
260.739
260.33
263.632
263.609
262.182
251.87
223.936
218.774
239.825
259.011
263.879
257.342
249.797
245.707
249.108
252.148
248.816
233.62
257.635
262.254
249.404
252.758
252.986
246.488
251.414
261.344
258.928
262.426
262.116
261.688
252.102
223.244
222.565
243.696
261.416
265.126
257.47
247.249
255.366
249.179
252.459
252.892
240.927
264.846
255.589
241.259
247.001
249.629
244.298
252.19
262.075
257.943
261.886
260.877
260.974
251.084
221.417
225.769
248.737
263.616
265.292
258.307
254.706
262.163
249.68
254.183
251.09
254.611
265.962
244.759
230.91
239.799
245.927
242.363
253.475
261.746
256.507
261.948
259.747
260.413
250.381
220.554
230.046
254.764
265.643
264.594
258.027
259.767
252.971
249.375
253.938
251.651
264.538
260.423
234.993
221.393
232.932
241.363
240.399
254.633
261.465
255.241
261.965
259.16
259.891
249.194
220.822
236.02
261.233
267.003
264.143
257.359
254.228
243.474
252.11
253.342
253.687
267.354
252.119
228.064
215.836
228.224
237.042
239.12
255.857
261.691
254.468
262.47
258.553
259.308
249.136
224.587
242.878
266.209
266.87
264.138
259.968
255.596
245.554
255.898
251.197
251.957
265.557
244.887
228.022
217.024
226.44
234.39
238.368
257.403
261.77
253.924
262.717
258.195
259.034
249.212
229.876
247.76
268.982
266.662
262.746
262.037
260.103
247.695
256.147
246.468
255.794
259.649
243.66
234.842
222.958
228.334
233.048
238.732
258.756
261.701
254.089
263.071
258.141
258.905
246.296
234.588
251.171
269.807
266.197
260.33
258.616
261.658
250.009
254.78
243.474
262.888
253.279
250.81
242.494
228.816
231.432
233.012
240.261
259.98
261.17
254.625
263.662
257.947
258.614
245.009
237.951
252.791
270.088
266.071
261.916
255.786
263.811
255.454
251.4
246.576
261.937
254.035
259.416
245.498
231.314
233.783
233.35
242.398
261.324
261.188
255.383
264.326
257.869
258.525
240.115
239.049
253.959
270.544
265.994
265.083
261.198
267.539
260.881
255.034
255.37
261.154
259.903
261.13
245.023
231.892
234.984
233.703
245.113
262.203
261.529
256.109
265.214
257.734
258.854
239.281
241.981
257.155
271.8
267.749
261.489
272.456
269.802
261.696
263.302
261.875
264.951
260.147
256.107
243.365
232.223
235.575
234.178
247.954
262.908
261.507
256.07
266.229
257.937
258.435
243.023
247.195
260.278
272.456
271.853
257.099
282.099
270.512
260.817
265.398
264.847
266.586
254.401
249.016
241.084
232.536
235.743
234.71
250.543
263.713
262.044
255.834
267.649
257.859
259.329
247.053
254.102
265.752
274.694
274.695
256.898
285.251
269.292
259.909
266.024
264.961
264.465
249.498
243.343
238.233
232.634
235.792
235.297
252.954
264.342
263.041
256.136
269.555
258.059
259.592
260.917
264.327
271.27
275.98
275.949
262.696
285.347
267.68
260.858
264.532
257.986
258.997
244.441
238.012
235.269
232.673
235.822
235.871
255.186
264.704
265.132
257.82
272.214
258.33
260.368
265.551
271.306
277.143
279.364
276.904
271.429
285.061
266.147
265.184
260.149
247.442
248.301
236.373
232.462
233.252
233.29
235.991
236.697
257.387
265.091
268.113
261.189
274.822
258.673
258.824
272.142
280.908
287.702
286.812
280.471
277.703
286.647
267.09
272.567
261.859
244.433
240.305
230.398
229.378
233.134
234.799
236.461
237.779
259.468
265.576
272.028
265.537
276.021
258.995
260.844
281.652
289.729
287.133
284.384
280.147
281.283
288.991
270.944
282.025
268.591
249.339
242.139
231.879
230.364
234.784
237.241
237.29
239.058
261.341
266.11
276.647
269.402
274.642
259.046
262.35
264.677
274.953
278.581
276.862
274.425
286.169
291.685
278.909
292.118
271.619
251.866
246.225
236.29
233.163
236.766
240.026
238.391
240.649
263.107
266.796
279.766
271.71
270.911
259.562
261.999
271.456
287.142
279.144
277.143
267.54
285.463
281.169
280.615
297.755
269.117
250.32
246.48
238.568
235.493
237.907
242.569
239.611
242.416
264.782
267.888
280.32
271.853
266.689
260.037
261.127
290.652
273.831
278.328
275.294
265.08
281.92
268.436
283.986
299.907
265.224
248.209
244.466
238.845
237.127
238.116
244.389
240.884
244.354
266.371
269.503
279.013
270.457
263.447
260.68
262.222
256.196
258.73
283.857
268.544
274.137
274.853
259.029
289.313
296.778
259.594
243.67
239.826
237.91
238.122
237.873
245.283
242.011
246.352
267.87
271.737
277.918
268.903
262.073
261.23
263.787
249.695
287.878
258.407
244.782
260.391
249.577
251.792
292.413
286.42
252.616
239.31
234.816
236.627
238.415
237.467
245.657
242.959
248.421
269.224
274.273
278.147
268.621
262.321
261.37
265.256
272.337
260.698
221.092
226.255
230.084
220.961
245.85
287.399
268.696
246.802
238.371
233.664
237.022
238.44
237.076
245.655
243.765
250.552
270.387
276.533
278.629
269.671
262.663
261.213
264.427
248.324
219.694
211.443
220.011
213.521
207.76
243.437
275.314
252.631
244.023
238.672
235.612
238.652
238.277
237.402
245.535
244.251
252.632
271.42
277.946
278.933
270.839
262.186
260.941
262.051
224.109
218.105
219.873
220.372
218.788
225.681
255.315
259.511
243.051
242.838
239.286
238.994
239.852
238.331
238.845
245.241
244.868
255.008
272.396
278.206
279.001
271.969
261.669
260.859
263.331
227.121
228.775
232.406
233.169
238.509
249.268
255.809
242.947
239.016
243.566
242.079
242.437
239.784
240.366
241.378
244.656
245.406
257.179
273.183
277.241
278.841
273.774
263.11
260.603
268.111
232.442
236.191
236.792
240.578
247.287
249.937
242.594
235.024
240.679
247.166
246.121
243.825
240.454
244.627
243.316
243.847
246.229
259.444
274.087
275.501
278.25
276.165
267.013
261.144
269.257
242.215
248.729
245.913
246.86
246.365
238.759
233.383
235.852
245.613
251.409
248.809
244.206
243.036
248.904
244.483
243.192
247.31
261.265
274.736
272.987
277.115
278.417
270.917
263.195
270.584
255.865
257.334
253.378
252.585
240.724
229.681
231.415
240.14
251.039
255.844
250.986
245.334
247.289
252.869
246.615
243.6
249.025
263.309
275.487
269.858
275.771
280.334
273.755
266.397
274.491
260.892
258.103
253.563
250.065
231.168
227.865
236.481
246.843
256.99
260.427
253.799
248.362
252.803
257.675
250.751
244.902
251.045
265.408
277.808
266.414
274.567
282.018
276.26
268.63
276.67
264.972
264.809
255.828
239.064
225.796
234.683
246.437
254.795
262.691
265.38
258.663
253.749
259.367
264.091
257.092
247.153
253.395
266.591
278.287
264.035
274.719
284.014
278.865
269.027
273.987
270.159
269.665
252.367
229.028
232.656
248.324
257.535
262.806
268.858
271.516
266.053
261.737
266.949
271.688
265.727
253.071
256.387
270.822
273.496
265.702
277.498
286.57
281.939
270.397
272.206
273.603
269.09
245.242
233.247
250.127
263.654
268.23
271.434
276.125
278.607
274.992
271.786
275.589
279.517
275.299
263.471
262.361
277.176
271.616
272.147
282.499
289.568
285.392
274.056
272.907
276.726
267.578
249.148
252.158
269.13
276.654
278.587
280.915
284.187
285.885
283.788
281.906
284.322
286.841
284.015
275.192
272.529
283.899
277.24
280.381
287.925
292.546
288.944
279.27
275.578
280.125
272.368
265.561
273.103
283.846
287.298
288.414
290.115
292.048
292.942
291.843
290.938
292.344
293.622
291.73
286.066
283.8
290.658
285.483
287.839
292.584
295.071
292.325
285.004
280.76
288.248
285.506
285.568
291.649
297.426
299.22
300.052
300.993
301.715
301.821
300.982
300.172
300.416
300.569
299.183
295.827
294.087
297.084
293.493
294.193
296.37
297.12
295.272
290.753
287.695
307.594
307.537
307.929
309.283
310.043
309.534
308.829
308.254
307.655
306.86
305.702
304.562
303.916
303.463
302.67
301.333
300.505
301.199
299.78
299.481
299.689
299.381
298.279
296.378
294.646
)
;

boundaryField
{
    inlet
    {
        type            fixedValue;
        value           uniform 300;
    }
    outlet
    {
        type            inletOutlet;
        inletValue      uniform 300;
        value           nonuniform List<scalar> 
57
(
297.375
290.899
282.759
275.369
270.249
266.864
264.32
262.319
261.214
260.436
260.027
259.805
259.878
260.401
261.068
261.872
262.4
262.632
262.607
262.192
261.69
260.968
260.399
259.872
259.286
259.011
258.886
258.603
258.527
258.874
258.482
259.408
259.712
260.518
259.002
300
300
300
300
300
300
300
300
300
300
300
300
300
300
300
300
300
300
300
300
300
300
)
;
    }
    upperWall
    {
        type            fixedValue;
        value           uniform 300;
    }
    lowerWall
    {
        type            fixedValue;
        value           uniform 300;
    }
    frontAndBack
    {
        type            empty;
    }
}


// ************************************************************************* //
