/*--------------------------------*- C++ -*----------------------------------*\
| =========                 |                                                 |
| \\      /  F ield         | OpenFOAM: The Open Source CFD Toolbox           |
|  \\    /   O peration     | Version:  dev                                   |
|   \\  /    A nd           | Web:      http://www.openfoam.org               |
|    \\/     M anipulation  |                                                 |
\*---------------------------------------------------------------------------*/
FoamFile
{
    version     2.0;
    format      ascii;
    class       volScalarField;
    object      pMean;
    location    "9.154";
}
// * * * * * * * * * * * * * * * * * * * * * * * * * * * * * * * * * * * * * //

dimensions      [1 -1 -2 0 0 0 0];

internalField   nonuniform List<scalar> 
12225
(
98310.8
98291
98277.2
98270.2
98256
98246.5
98228.1
98218.5
98197
98188.2
98163.6
98156.7
98125.7
98119.4
98078.6
98038.9
97949.8
97583.8
98306.2
98289.9
98276.7
98269.7
98255.3
98246
98227.4
98217.9
98196.3
98187.8
98162.8
98156.2
98125.3
98117.5
98076.9
98043
97950.7
97789.6
98302.5
98288.3
98275.7
98268.3
98253.9
98244.5
98225.9
98216.6
98194.9
98186.4
98162
98154.1
98125.9
98114.1
98079.2
98043.9
97976.5
97887.7
98297.4
98285.4
98273.5
98265.9
98251.5
98241.8
98223.8
98213.9
98193.1
98183.7
98160.6
98151
98124.8
98111.9
98080.1
98052.3
98003.8
97935
98290.8
98281
98270
98261.8
98247.9
98237.7
98220.8
98209.8
98190.7
98179.4
98159.1
98146.5
98125
98108.7
98082
98057.8
98018
97985.3
98282.5
98274.8
98264.1
98255.8
98242.3
98231.7
98215.6
98204
98186.3
98174.1
98155.9
98142.3
98123.9
98107
98085.6
98060.3
98038.2
98017.7
98272.3
98265.9
98255.6
98247.1
98234.5
98223.3
98208.6
98196
98180.2
98166.7
98151.3
98136.3
98121.7
98104.1
98089.8
98068.9
98058.5
98043.6
98261.5
98255.9
98246.2
98237.5
98225.8
98214.3
98200.7
98187.5
98173.5
98159.2
98146
98130.4
98118.9
98101.6
98092.8
98075
98073.3
98058.3
98250.7
98245.3
98236.4
98227.5
98216.7
98204.9
98192.4
98178.9
98166.3
98151.7
98140.2
98124.7
98115
98099
98092.7
98078.5
98078.3
98066.3
98237.1
98231.6
98223.9
98214.9
98205
98193.2
98181.7
98168.2
98156.9
98142.3
98132.4
98117.5
98109.3
98094.9
98089.9
98078.1
98077.3
98069.1
98220.2
98214.7
98208.2
98199.4
98190.2
98178.8
98168
98155
98144.5
98130.9
98121.5
98108.4
98100.4
98088.9
98083.2
98074.7
98072
98066.8
98199.6
98193.9
98188.7
98180.2
98171.9
98160.8
98150.9
98138.6
98129
98116.5
98107.8
98096.3
98088.8
98079.5
98073.8
98067.4
98063.8
98060.1
98174.8
98169.6
98165
98157.5
98149.6
98139.6
98130.2
98119.3
98110
98099.4
98090.9
98081.6
98074.4
98067.2
98061.7
98056.9
98053.3
98050.5
98146.7
98141.8
98137.9
98131.3
98124
98115.1
98106.5
98097
98088.4
98079.5
98071.7
98064.2
98057.8
98052.1
98047.4
98043.6
98040.6
98038.5
98116.5
98112.8
98109
98103.6
98097.1
98089.5
98081.7
98073.6
98065.9
98058.5
98051.8
98045.7
98040.4
98035.8
98032.1
98029.2
98027
98025.5
98088.8
98086
98082.7
98078.2
98072.6
98066
98059.2
98052.4
98045.8
98039.6
98034
98029
98024.7
98021.2
98018.3
98016.1
98014.6
98013.6
98070.2
98068.3
98065.5
98061.6
98056.6
98051
98045
98039.1
98033.4
98028.1
98023.4
98019.2
98015.6
98012.7
98010.4
98008.7
98007.6
98007
98070.5
98068.8
98066.3
98062.5
98057.8
98052.5
98046.9
98041.3
98036
98031
98026.5
98022.6
98019.2
98016.4
98014.2
98012.5
98011.3
98010.5
98090.2
98088.4
98085.5
98081.5
98076.6
98071.1
98065.3
98059.5
98053.9
98048.7
98043.9
98039.6
98035.8
98032.7
98030
98027.8
98026.2
98024.9
98121
98118.8
98115.4
98110.9
98105.5
98099.4
98093.1
98086.7
98080.6
98074.7
98069.3
98064.4
98060
98056.1
98052.8
98050
98047.6
98045.6
98155.8
98153.2
98149.1
98143.9
98137.9
98131.2
98124.2
98117.2
98110.4
98103.9
98097.8
98092.1
98086.9
98082.3
98078.2
98074.6
98071.5
98068.8
98189.6
98186.6
98181.8
98175.9
98169.2
98162
98154.4
98146.8
98139.3
98132.1
98125.3
98119
98113.1
98107.7
98102.9
98098.6
98094.7
98091.3
98219.8
98216.2
98210.7
98204.1
98196.9
98189.2
98181.1
98173
98165
98157.2
98149.8
98142.8
98136.4
98130.4
98124.9
98120
98115.5
98111.5
98245.1
98240.8
98234.5
98227.4
98219.7
98211.6
98203.2
98194.7
98186.2
98178
98170.1
98162.7
98155.7
98149.2
98143.2
98137.8
98132.8
98128.2
98265.4
98260.2
98253
98245.4
98237.4
98229
98220.4
98211.6
98202.8
98194.3
98186
98178.2
98170.8
98163.9
98157.6
98151.7
98146.3
98141.4
98281.1
98274.7
98266.6
98258.5
98250.3
98241.8
98233
98224.1
98215.1
98206.3
98197.8
98189.7
98182
98174.9
98168.2
98162.1
98156.4
98151.2
98292.8
98285
98275.9
98267.4
98259.2
98250.6
98241.8
98232.7
98223.6
98214.6
98206
98197.7
98189.8
98182.5
98175.6
98169.3
98163.4
98158
98301.5
98291.7
98281.6
98273
98264.8
98256.3
98247.4
98238.3
98229.1
98220
98211.3
98202.9
98194.9
98187.4
98180.5
98174
98168
98162.5
98307.6
98295.5
98284.4
98275.8
98267.7
98259.4
98250.6
98241.5
98232.3
98223.2
98214.3
98205.8
98197.8
98190.2
98183.2
98176.7
98170.6
98165
98313.6
98298.1
98286
98277.1
98269
98260.6
98251.9
98242.8
98233.6
98224.4
98215.6
98207.1
98199
98191.4
98184.3
98177.8
98171.7
98166.1
98310.5
98310.2
98309.4
98308.2
98306.8
98304.9
98302.7
98300.1
98297
98293.6
98289.7
98285.5
98280.9
98275.9
98270.7
98265.3
98259.6
98253.7
98247.6
98241.3
98234.9
98228.3
98221.6
98214.8
98207.9
98200.9
98193.9
98186.9
98179.8
98172.7
98165.6
98158.5
98151.5
98144.5
98137.7
98130.9
98124.3
98117.8
98111.5
98105.4
98099.4
98093.8
98088.3
98083.2
98078.4
98073.9
98069.8
98066.1
98062.8
98059.9
98057.5
98055.6
98054.3
98053.4
98053.1
98053.5
98054.4
98056.1
98058.3
98061.3
98065
98069.3
98074.4
98080.3
98086.8
98094
98102
98110.7
98120
98129.9
98140.5
98151.7
98163.5
98175.8
98188.5
98201.8
98215.4
98229.4
98243.7
98258.3
98273.1
98288.1
98303.2
98318.5
98333.7
98349
98364.2
98379.3
98394.2
98408.9
98423.3
98437.5
98451.3
98464.6
98477.5
98490
98501.9
98513.2
98523.9
98534.1
98543.6
98552.5
98560.7
98568.3
98575.2
98581.6
98587.3
98592.4
98597.1
98601.2
98604.8
98608
98610.9
98613.4
98615.6
98617.5
98619.1
98620.6
98621.8
98622.9
98624
98625.1
98626.2
98627.5
98629.1
98631.2
98633.8
98637.2
98641.7
98647.3
98654.4
98663.1
98673.8
98686.7
98702
98720.1
98740.9
98764.7
98791.5
98821.4
98854.4
98890.3
98929.1
98970.7
99015
99061.6
99110.6
99161.3
99213.9
99268.1
99323.6
99380
99437
99494.4
99551.6
99608.2
99663.6
99717.4
99768.4
99816.2
99859.7
99898.1
99930.1
99955.2
99971.9
99979.4
99976.8
99963.8
99939.7
99905
99859.6
99804.8
99740.9
99670.2
99593.1
99512.6
99428.1
99343.3
99256.5
99173.3
98303.6
98303.2
98302.4
98301.3
98299.8
98297.9
98295.7
98293.1
98290.1
98286.7
98282.9
98278.7
98274.2
98269.4
98264.4
98259.1
98253.5
98247.8
98241.9
98235.8
98229.6
98223.2
98216.7
98210
98203.3
98196.5
98189.7
98182.7
98175.8
98168.9
98161.9
98155
98148.2
98141.4
98134.6
98128
98121.5
98115.2
98109
98103
98097.2
98091.6
98086.3
98081.3
98076.5
98072.1
98068.1
98064.4
98061.2
98058.3
98055.9
98054
98052.6
98051.8
98051.5
98051.8
98052.7
98054.2
98056.4
98059.3
98062.9
98067.2
98072.1
98077.8
98084.2
98091.3
98099.1
98107.6
98116.8
98126.6
98137
98148
98159.5
98171.6
98184.1
98197.1
98210.5
98224.3
98238.4
98252.7
98267.3
98282.1
98296.9
98311.9
98326.9
98341.9
98356.8
98371.6
98386.2
98400.7
98414.8
98428.6
98442.1
98455.2
98467.8
98480
98491.6
98502.7
98513.2
98523.1
98532.3
98541
98549
98556.4
98563.2
98569.3
98574.9
98579.9
98584.4
98588.4
98592
98595.1
98597.9
98600.3
98602.5
98604.3
98605.9
98607.3
98608.4
98609.5
98610.5
98611.4
98612.5
98613.7
98615.1
98617
98619.4
98622.5
98626.6
98631.9
98638.6
98646.9
98657.1
98669.4
98684.2
98701.5
98721.7
98744.7
98770.6
98799.6
98831.6
98866.6
98904.4
98944.8
98988
99033.5
99081.3
99130.8
99182.3
99235.3
99289.6
99344.9
99400.8
99457.1
99513.3
99568.9
99623.4
99676.4
99726.7
99773.9
99817
99855.1
99887
99912.2
99929.3
99937.4
99935.5
99923.6
99900.9
99867.7
99823.9
99770.8
99708.6
99639.7
99564.5
99485.7
99402.7
99319.5
99233.7
99148.7
98290.9
98290.6
98289.8
98288.6
98287
98285
98282.7
98280
98277
98273.6
98269.9
98265.9
98261.6
98257
98252.1
98247.1
98241.9
98236.5
98230.9
98225.2
98219.3
98213.3
98207.2
98200.9
98194.6
98188.1
98181.6
98175
98168.4
98161.7
98155
98148.4
98141.8
98135.3
98128.8
98122.4
98116.2
98110.1
98104.1
98098.3
98092.7
98087.3
98082.2
98077.3
98072.7
98068.4
98064.5
98060.9
98057.7
98054.9
98052.5
98050.6
98049.1
98048.2
98047.8
98048
98048.8
98050.3
98052.3
98055
98058.4
98062.5
98067.3
98072.7
98078.8
98085.7
98093.2
98101.4
98110.2
98119.7
98129.7
98140.4
98151.5
98163.2
98175.4
98187.9
98200.9
98214.2
98227.9
98241.8
98255.9
98270.2
98284.6
98299.1
98313.6
98328
98342.4
98356.7
98370.7
98384.6
98398.2
98411.5
98424.4
98436.9
98449
98460.6
98471.7
98482.2
98492.2
98501.6
98510.4
98518.7
98526.3
98533.3
98539.7
98545.6
98550.9
98555.6
98559.9
98563.7
98567.1
98570
98572.6
98574.9
98576.9
98578.6
98580.1
98581.3
98582.4
98583.3
98584.1
98584.8
98585.6
98586.5
98587.6
98589
98590.9
98593.5
98597
98601.6
98607.4
98614.8
98624
98635.2
98648.7
98664.7
98683.4
98704.8
98729.1
98756.2
98786.3
98819.2
98854.9
98893.2
98934.2
98977.4
99022.8
99070
99119.1
99169.8
99221.8
99274.7
99328.4
99382.5
99436.6
99490.2
99542.8
99594
99642.7
99688.6
99730.5
99767.8
99799.2
99824.3
99841.8
99850.6
99850.1
99840
99819.6
99789
99748.3
99698.7
99640
99574.8
99503.2
99427.9
99348.4
99268.4
99185.4
99101.5
98273.4
98273.1
98272.4
98271.2
98269.6
98267.6
98265.2
98262.6
98259.6
98256.3
98252.6
98248.8
98244.6
98240.3
98235.7
98231
98226.1
98221.1
98215.9
98210.6
98205.2
98199.7
98194
98188.2
98182.4
98176.4
98170.3
98164.2
98158.1
98151.9
98145.7
98139.5
98133.3
98127.2
98121.1
98115.1
98109.2
98103.4
98097.7
98092.2
98086.8
98081.7
98076.7
98072
98067.6
98063.5
98059.6
98056.2
98053.1
98050.3
98048
98046
98044.6
98043.6
98043.1
98043.2
98043.9
98045.1
98047
98049.5
98052.6
98056.4
98060.8
98065.9
98071.6
98078.1
98085.2
98092.9
98101.3
98110.3
98119.9
98130
98140.6
98151.8
98163.4
98175.4
98187.7
98200.5
98213.4
98226.7
98240.1
98253.7
98267.5
98281.2
98295
98308.7
98322.4
98335.9
98349.3
98362.4
98375.2
98387.8
98399.9
98411.7
98423
98433.8
98444.1
98453.9
98463.2
98472
98480.2
98487.8
98494.8
98501.3
98507.3
98512.7
98517.5
98521.9
98525.8
98529.3
98532.4
98535.1
98537.6
98539.7
98541.5
98543
98544.2
98545.3
98546.1
98546.8
98547.3
98547.7
98548.1
98548.5
98549.1
98550
98551.2
98553
98555.6
98559.1
98563.8
98569.9
98577.7
98587.3
98599.1
98613.2
98629.8
98649
98670.9
98695.6
98723
98753.2
98785.9
98821.3
98859.2
98899.3
98941.5
98985.5
99031.4
99078.9
99127.7
99177.5
99228.2
99279.4
99330.5
99381.4
99431.4
99480.1
99526.8
99570.7
99611
99647.1
99677.6
99702.4
99720
99729.6
99730.6
99722.5
99704.7
99677.6
99640.7
99595.3
99541.4
99481
99414.2
99343.7
99268.9
99193.4
99114.6
99034.5
98252.3
98252
98251.3
98250.1
98248.6
98246.7
98244.4
98241.8
98238.9
98235.7
98232.2
98228.5
98224.5
98220.4
98216.2
98211.8
98207.2
98202.6
98197.9
98193
98188.1
98183.1
98177.9
98172.7
98167.3
98161.9
98156.4
98150.8
98145.2
98139.6
98134
98128.4
98122.7
98117.1
98111.5
98106
98100.6
98095.2
98090
98084.9
98079.9
98075
98070.4
98065.9
98061.7
98057.8
98054.1
98050.8
98047.8
98045.1
98042.8
98040.8
98039.3
98038.3
98037.7
98037.6
98038.1
98039.1
98040.7
98042.9
98045.7
98049.1
98053.1
98057.8
98063.1
98069
98075.6
98082.8
98090.6
98099
98107.9
98117.4
98127.4
98137.8
98148.7
98160
98171.6
98183.5
98195.7
98208.1
98220.7
98233.4
98246.3
98259.1
98272
98284.8
98297.6
98310.2
98322.6
98334.8
98346.7
98358.3
98369.5
98380.3
98390.7
98400.6
98410.1
98419
98427.4
98435.4
98442.7
98449.6
98455.9
98461.8
98467.1
98471.9
98476.3
98480.2
98483.7
98486.8
98489.5
98491.9
98494.1
98495.9
98497.4
98498.7
98499.7
98500.5
98501
98501.3
98501.5
98501.5
98501.4
98501.3
98501.2
98501.3
98501.7
98502.5
98504
98506.2
98509.5
98514
98520.1
98527.8
98537.4
98549.2
98563.3
98579.9
98599
98620.6
98644.9
98671.7
98701
98732.7
98767
98803.3
98841.7
98882
98924
98967.7
99012.7
99058.8
99105.8
99153.4
99201.1
99248.6
99295.4
99341.2
99385.1
99426.7
99465
99499.4
99528.8
99552.9
99570.6
99580.8
99583.1
99577.2
99562.5
99539
99506.6
99466.2
99417.6
99363
99301.9
99237.4
99168.4
99098.5
99025.2
98950.6
98228.9
98228.7
98228
98227
98225.5
98223.7
98221.6
98219.2
98216.4
98213.4
98210.1
98206.6
98202.9
98199
98195.1
98191
98186.8
98182.5
98178.2
98173.8
98169.3
98164.7
98160
98155.3
98150.5
98145.6
98140.7
98135.8
98130.8
98125.8
98120.7
98115.7
98110.7
98105.6
98100.7
98095.7
98090.8
98086
98081.2
98076.6
98072
98067.6
98063.3
98059.2
98055.2
98051.5
98048.1
98044.9
98042
98039.4
98037.2
98035.2
98033.7
98032.6
98031.9
98031.6
98031.9
98032.7
98034
98035.8
98038.2
98041.2
98044.8
98048.9
98053.7
98059
98065
98071.5
98078.6
98086.3
98094.5
98103.3
98112.5
98122.1
98132.1
98142.5
98153.2
98164.3
98175.5
98187
98198.6
98210.3
98222.1
98233.9
98245.8
98257.5
98269.2
98280.7
98292.1
98303.2
98314
98324.5
98334.6
98344.4
98353.7
98362.6
98371.1
98379
98386.5
98393.5
98400
98406
98411.5
98416.6
98421.2
98425.4
98429.1
98432.5
98435.5
98438.1
98440.5
98442.5
98444.3
98445.7
98446.9
98447.9
98448.5
98448.9
98449.1
98449.1
98448.7
98448.3
98447.6
98446.8
98446
98445.3
98444.7
98444.3
98444.5
98445.3
98447
98449.8
98453.8
98459.4
98466.6
98475.9
98487.2
98500.8
98516.6
98534.9
98555.6
98578.7
98604.2
98631.9
98662
98694.2
98728.4
98764.6
98802.4
98841.8
98882.7
98924.7
98967.6
99011.2
99055
99098.8
99142.1
99184.5
99225.4
99264.2
99300.1
99332.6
99360.5
99383.6
99401
99411.7
99415.3
99411.6
99399.8
99380.3
99352.4
99317.2
99274.4
99225.9
99171.2
99113.4
99050.9
98987.5
98920.6
98852.5
98204.4
98204.3
98203.7
98202.8
98201.5
98199.9
98198
98195.7
98193.2
98190.4
98187.4
98184.2
98180.8
98177.2
98173.6
98169.8
98165.9
98162
98158.1
98154
98149.9
98145.8
98141.6
98137.3
98133.1
98128.7
98124.4
98120
98115.6
98111.2
98106.7
98102.3
98097.9
98093.4
98089
98084.7
98080.3
98076
98071.8
98067.6
98063.5
98059.5
98055.5
98051.8
98048.2
98044.7
98041.5
98038.5
98035.8
98033.3
98031.1
98029.2
98027.6
98026.4
98025.6
98025.2
98025.3
98025.8
98026.8
98028.3
98030.3
98032.8
98035.8
98039.4
98043.6
98048.3
98053.6
98059.5
98065.8
98072.7
98080.1
98088
98096.3
98105.1
98114.2
98123.6
98133.3
98143.4
98153.6
98164
98174.5
98185.1
98195.8
98206.5
98217.2
98227.8
98238.3
98248.6
98258.7
98268.7
98278.3
98287.6
98296.6
98305.2
98313.4
98321.2
98328.5
98335.4
98341.9
98347.9
98353.5
98358.6
98363.3
98367.5
98371.4
98374.9
98377.9
98380.7
98383.1
98385.3
98387.1
98388.7
98390
98391
98391.8
98392.4
98392.6
98392.6
98392.3
98391.8
98391
98390
98388.7
98387.1
98385.5
98383.8
98382.1
98380.6
98379.3
98378.6
98378.5
98379.5
98381.3
98384.6
98389.3
98395.8
98404.2
98414.6
98427.1
98441.8
98458.7
98477.9
98499.4
98523
98548.8
98576.7
98606.5
98638.3
98671.7
98706.7
98743.2
98780.9
98819.5
98858.8
98898.5
98938.5
98978.1
99016.8
99054.2
99090
99123.2
99153.3
99179.4
99201.3
99218
99228.9
99233.5
99231.8
99222.8
99207.1
99183.6
99153.7
99116.7
99074.5
99026.5
98975.7
98920.1
98863.9
98803.9
98743.1
98180.2
98180.2
98179.8
98179
98177.9
98176.5
98174.8
98172.8
98170.5
98168
98165.3
98162.4
98159.3
98156.1
98152.8
98149.3
98145.8
98142.3
98138.6
98135
98131.3
98127.5
98123.8
98120
98116.2
98112.4
98108.5
98104.7
98100.8
98096.9
98093
98089.1
98085.2
98081.3
98077.5
98073.6
98069.8
98066
98062.2
98058.5
98054.8
98051.2
98047.6
98044.2
98040.9
98037.7
98034.8
98031.9
98029.3
98026.9
98024.8
98022.9
98021.3
98020
98019.1
98018.6
98018.4
98018.6
98019.3
98020.4
98022
98024.1
98026.6
98029.7
98033.2
98037.3
98041.9
98047
98052.6
98058.7
98065.3
98072.2
98079.7
98087.5
98095.6
98104
98112.8
98121.7
98130.8
98140.1
98149.5
98159
98168.5
98178
98187.5
98196.8
98206.1
98215.2
98224.1
98232.7
98241.1
98249.2
98257
98264.4
98271.4
98278
98284.3
98290.1
98295.5
98300.5
98305.1
98309.3
98313.1
98316.5
98319.6
98322.3
98324.7
98326.7
98328.6
98330.1
98331.5
98332.5
98333.3
98333.9
98334.2
98334.3
98334
98333.6
98332.8
98331.8
98330.3
98328.7
98326.6
98324.3
98321.8
98319
98316.2
98313.4
98310.7
98308.4
98306.5
98305.5
98305.2
98306
98308.2
98311.9
98317.3
98324.5
98333.6
98344.7
98357.8
98373.1
98390.6
98410.1
98431.5
98455
98480.4
98507.9
98536.9
98567.5
98599.6
98632.9
98667.1
98702.2
98737.8
98773.7
98809.4
98844.3
98878.1
98910.5
98940.8
98968.3
98992.1
99012.4
99028.1
99038.9
99044.3
99044.2
99037.6
99025.2
99005.8
98980.9
98949.4
98913.5
98872.2
98828.4
98779.9
98731.1
98678.4
98625.2
98157.4
98157.4
98157.1
98156.5
98155.6
98154.4
98152.9
98151.2
98149.2
98147
98144.6
98142
98139.3
98136.4
98133.4
98130.4
98127.2
98124
98120.8
98117.5
98114.2
98110.8
98107.5
98104.1
98100.8
98097.4
98094
98090.6
98087.2
98083.8
98080.3
98076.9
98073.5
98070.1
98066.7
98063.3
98059.9
98056.6
98053.2
98049.8
98046.5
98043.2
98040
98036.9
98033.8
98030.9
98028.1
98025.5
98023
98020.7
98018.6
98016.7
98015
98013.7
98012.6
98011.9
98011.5
98011.5
98011.8
98012.6
98013.8
98015.4
98017.4
98019.9
98022.9
98026.4
98030.3
98034.7
98039.5
98044.8
98050.5
98056.6
98063.1
98070
98077.1
98084.6
98092.3
98100.2
98108.2
98116.4
98124.6
98132.9
98141.3
98149.5
98157.8
98165.9
98173.9
98181.7
98189.3
98196.7
98203.9
98210.7
98217.2
98223.4
98229.2
98234.7
98239.8
98244.5
98248.8
98252.8
98256.4
98259.6
98262.5
98265.1
98267.4
98269.3
98271
98272.4
98273.5
98274.5
98275.2
98275.7
98276
98276
98275.8
98275.3
98274.6
98273.5
98272.2
98270.5
98268.5
98266.1
98263.3
98260.1
98256.6
98252.7
98248.8
98244.7
98240.6
98236.7
98233.1
98230.1
98227.6
98226.2
98225.8
98226.7
98229.2
98233.2
98238.9
98246.6
98256.1
98267.6
98281.1
98296.6
98313.9
98333.2
98354.3
98377.5
98402.3
98428.6
98456.3
98485.3
98515.2
98546.1
98577.6
98609.5
98641.2
98672.2
98702.4
98731.2
98758.2
98783
98804.3
98822.5
98836.8
98847.1
98852.7
98853.7
98849.1
98839.4
98823.7
98803.2
98776.9
98746.9
98712.2
98675.3
98633.8
98592.3
98546.9
98501.6
98136.8
98136.8
98136.6
98136.1
98135.4
98134.4
98133.2
98131.8
98130.1
98128.3
98126.2
98124
98121.6
98119.1
98116.4
98113.7
98110.9
98108.1
98105.2
98102.3
98099.4
98096.5
98093.5
98090.5
98087.6
98084.6
98081.6
98078.6
98075.6
98072.5
98069.5
98066.5
98063.5
98060.4
98057.4
98054.4
98051.4
98048.3
98045.3
98042.2
98039.2
98036.2
98033.2
98030.3
98027.5
98024.7
98022.1
98019.5
98017.1
98014.8
98012.7
98010.8
98009.1
98007.7
98006.5
98005.6
98005
98004.7
98004.7
98005.2
98006
98007.2
98008.7
98010.7
98013.2
98016
98019.3
98023
98027.1
98031.6
98036.5
98041.8
98047.4
98053.4
98059.6
98066.1
98072.7
98079.6
98086.6
98093.6
98100.8
98108
98115.1
98122.2
98129.2
98136.1
98142.9
98149.5
98155.9
98162
98167.9
98173.5
98178.8
98183.7
98188.4
98192.7
98196.6
98200.2
98203.4
98206.3
98208.9
98211.2
98213.2
98214.9
98216.4
98217.5
98218.4
98219.2
98219.6
98219.9
98220
98219.9
98219.6
98219
98218.2
98217.2
98215.8
98214.1
98212.1
98209.7
98207
98203.8
98200.2
98196.1
98191.6
98186.8
98181.6
98176.3
98170.9
98165.5
98160.2
98155.3
98150.9
98147.2
98144.3
98142.7
98142.3
98143.3
98145.9
98150.2
98156.2
98164.1
98173.9
98185.7
98199.2
98214.5
98231.6
98250.8
98271.5
98293.7
98317.3
98342.1
98368
98394.8
98422.3
98450.2
98477.8
98505.1
98531.4
98556.6
98580.2
98602
98620.7
98636.5
98649
98658.1
98663.3
98664.8
98661.5
98653.9
98641.4
98624.8
98603.1
98578.7
98550
98519.5
98484.8
98450.4
98412.2
98374.7
98118.9
98119.1
98119
98118.6
98118
98117.2
98116.3
98115.1
98113.7
98112.2
98110.4
98108.5
98106.5
98104.4
98102.1
98099.8
98097.4
98094.9
98092.5
98089.9
98087.4
98084.8
98082.2
98079.6
98077
98074.4
98071.8
98069.1
98066.4
98063.7
98061
98058.3
98055.6
98052.9
98050.1
98047.4
98044.6
98041.8
98039
98036.2
98033.3
98030.5
98027.7
98024.9
98022.2
98019.6
98017
98014.5
98012.1
98009.8
98007.7
98005.7
98004
98002.4
98001
97999.9
97999.1
97998.6
97998.4
97998.5
97999
97999.8
98000.9
98002.5
98004.4
98006.7
98009.4
98012.4
98015.9
98019.7
98023.8
98028.3
98033.1
98038.2
98043.6
98049.1
98054.8
98060.7
98066.7
98072.7
98078.8
98084.9
98090.9
98096.9
98102.8
98108.5
98114.1
98119.5
98124.7
98129.6
98134.2
98138.6
98142.7
98146.5
98150
98153.1
98155.9
98158.4
98160.6
98162.5
98164.1
98165.4
98166.5
98167.3
98167.9
98168.2
98168.4
98168.3
98168.1
98167.7
98167.1
98166.3
98165.3
98164.1
98162.6
98160.9
98158.9
98156.5
98153.8
98150.7
98147.1
98143.1
98138.6
98133.7
98128.3
98122.4
98116.2
98109.7
98103
98096.2
98089.3
98082.7
98076.4
98070.7
98065.7
98061.5
98058.5
98056.8
98056.4
98057.7
98060.5
98065.2
98071.5
98079.8
98089.8
98101.6
98115.1
98130.5
98147.5
98166
98185.7
98206.7
98228.7
98251.6
98275.2
98299.2
98322.9
98346.4
98369
98390.5
98410.6
98429
98444.9
98458.1
98468.2
98475.7
98479.7
98481
98478.4
98472.5
98462.3
98449.1
98431.4
98412
98388.7
98364.1
98335.6
98308.1
98276.8
98246.8
98104.3
98104.4
98104.4
98104.1
98103.7
98103.2
98102.4
98101.5
98100.4
98099.2
98097.8
98096.2
98094.6
98092.8
98090.9
98089
98087
98084.9
98082.8
98080.7
98078.5
98076.3
98074.1
98071.8
98069.6
98067.2
98064.9
98062.5
98060.1
98057.7
98055.2
98052.7
98050.2
98047.7
98045.2
98042.6
98040
98037.3
98034.7
98032
98029.2
98026.5
98023.8
98021.1
98018.4
98015.8
98013.2
98010.7
98008.3
98005.9
98003.7
98001.7
97999.8
97998.1
97996.6
97995.3
97994.3
97993.6
97993.1
97992.9
97993.1
97993.5
97994.3
97995.4
97996.9
97998.7
98000.9
98003.4
98006.2
98009.4
98012.9
98016.7
98020.8
98025.1
98029.6
98034.3
98039.2
98044.2
98049.2
98054.3
98059.4
98064.5
98069.5
98074.4
98079.2
98083.8
98088.3
98092.6
98096.6
98100.4
98103.9
98107.1
98110.1
98112.7
98115.1
98117.1
98118.8
98120.2
98121.4
98122.2
98122.8
98123.2
98123.3
98123.2
98122.9
98122.4
98121.8
98120.9
98119.9
98118.7
98117.4
98115.8
98114.1
98112.2
98110
98107.6
98104.8
98101.7
98098.2
98094.3
98090
98085.2
98079.8
98074
98067.7
98060.8
98053.6
98046
98038.1
98030
98021.8
98013.6
98005.6
97998.1
97991.1
97984.8
97979.5
97975.3
97972.3
97970.8
97970.8
97972.5
97975.9
97981.1
97988
97996.6
98006.9
98019.1
98032.7
98047.8
98064
98081.5
98099.9
98119.1
98139.1
98159.3
98179.3
98199.1
98217.8
98235.5
98252
98266.9
98279.7
98290
98297.5
98302.8
98305.2
98305.4
98302.8
98297.9
98289.5
98279
98264.8
98249.4
98230.8
98211.6
98188.9
98167.7
98142.7
98119.9
98092.8
98093.1
98093.1
98092.9
98092.7
98092.3
98091.7
98091.1
98090.2
98089.3
98088.2
98087
98085.7
98084.3
98082.9
98081.3
98079.7
98078.1
98076.4
98074.6
98072.9
98071
98069.2
98067.2
98065.2
98063.2
98061.1
98059
98056.8
98054.6
98052.3
98049.9
98047.6
98045.2
98042.7
98040.2
98037.7
98035.1
98032.5
98029.8
98027.1
98024.4
98021.6
98018.9
98016.2
98013.5
98010.9
98008.3
98005.8
98003.4
98001.1
97998.9
97996.9
97995
97993.4
97992
97990.7
97989.8
97989.1
97988.7
97988.5
97988.7
97989.2
97989.9
97991
97992.4
97994.1
97996.2
97998.5
98001.1
98004
98007.2
98010.6
98014.3
98018.1
98022.1
98026.1
98030.3
98034.5
98038.8
98043
98047.1
98051.2
98055.2
98059
98062.6
98066
98069.2
98072.2
98074.9
98077.3
98079.5
98081.4
98082.9
98084.2
98085.2
98085.9
98086.2
98086.3
98086.2
98085.8
98085.2
98084.4
98083.4
98082.2
98080.9
98079.4
98077.7
98075.8
98073.8
98071.7
98069.4
98066.9
98064.2
98061.2
98058
98054.4
98050.5
98046.2
98041.5
98036.4
98030.7
98024.6
98017.9
98010.7
98003
97994.8
97986.2
97977.2
97968
97958.6
97949.1
97939.6
97930.5
97921.8
97913.6
97906.2
97899.9
97894.7
97890.9
97888.5
97887.6
97888.4
97891
97895.1
97901
97908.5
97917.7
97928.3
97940.4
97953.5
97967.8
97982.8
97998.8
98015.3
98031.9
98048.3
98064.6
98079.4
98093.3
98106
98117.3
98126.8
98134
98138.7
98141.6
98141.8
98140.4
98137.2
98132.4
98125.2
98116.7
98105.3
98093.3
98078.6
98064.2
98046.6
98031.1
98011.9
97995.9
98084.4
98084.7
98084.8
98084.7
98084.6
98084.4
98084.1
98083.6
98083.1
98082.5
98081.7
98080.9
98080
98079
98078
98076.9
98075.7
98074.5
98073.2
98071.8
98070.4
98069
98067.4
98065.8
98064.1
98062.3
98060.4
98058.5
98056.4
98054.3
98052.2
98049.9
98047.6
98045.3
98042.8
98040.3
98037.8
98035.2
98032.5
98029.7
98027
98024.2
98021.3
98018.5
98015.7
98012.9
98010.2
98007.5
98004.8
98002.3
97999.8
97997.5
97995.4
97993.4
97991.5
97989.9
97988.5
97987.4
97986.5
97985.9
97985.5
97985.4
97985.6
97986.1
97986.9
97987.9
97989.3
97990.9
97992.8
97995
97997.4
98000.1
98003
98006
98009.2
98012.5
98016
98019.4
98022.9
98026.4
98029.8
98033.2
98036.4
98039.5
98042.4
98045.1
98047.6
98049.8
98051.8
98053.5
98055
98056.1
98057
98057.5
98057.8
98057.8
98057.4
98056.8
98055.9
98054.8
98053.5
98051.9
98050.2
98048.3
98046.2
98044
98041.6
98039
98036.3
98033.5
98030.5
98027.3
98024
98020.4
98016.6
98012.5
98008.1
98003.4
97998.3
97992.8
97986.8
97980.4
97973.4
97965.9
97958
97949.5
97940.5
97931
97921.1
97910.9
97900.5
97889.9
97879.2
97868.7
97858.5
97848.7
97839.7
97831.5
97824.5
97818.7
97814.2
97811.3
97809.9
97810.2
97812
97815.5
97820.4
97827
97835
97844.2
97854.6
97866.1
97878.2
97891.1
97904.3
97917.6
97930.6
97943.2
97954.4
97964.5
97973.4
97981
97987
97990.9
97992.7
97993
97990.9
97987.5
97983
97977.8
97971.1
97963.8
97954.5
97945.2
97933.8
97923.5
97910.4
97900
97886.1
97876.2
98078.4
98078.7
98078.9
98079
98079
98078.9
98078.8
98078.6
98078.4
98078.1
98077.8
98077.4
98077
98076.5
98075.9
98075.3
98074.6
98073.8
98072.9
98072
98071
98069.8
98068.6
98067.2
98065.8
98064.2
98062.5
98060.7
98058.8
98056.8
98054.6
98052.4
98050.1
98047.7
98045.2
98042.7
98040
98037.3
98034.5
98031.6
98028.7
98025.8
98022.8
98019.9
98016.9
98013.9
98011
98008.1
98005.3
98002.6
98000
97997.6
97995.2
97993.1
97991.1
97989.4
97987.8
97986.5
97985.4
97984.6
97984.1
97983.8
97983.8
97984
97984.5
97985.3
97986.4
97987.7
97989.3
97991.1
97993.1
97995.4
97997.8
98000.4
98003.1
98005.8
98008.7
98011.5
98014.4
98017.2
98020
98022.6
98025.1
98027.4
98029.5
98031.4
98033
98034.4
98035.5
98036.3
98036.8
98037
98037
98036.6
98035.9
98034.9
98033.7
98032.1
98030.3
98028.2
98025.9
98023.4
98020.8
98018
98015
98011.9
98008.6
98005.2
98001.6
97997.9
97994
97990
97985.8
97981.3
97976.6
97971.7
97966.4
97960.9
97954.9
97948.6
97941.9
97934.6
97926.9
97918.6
97910
97900.8
97891
97880.8
97870.2
97859.2
97847.9
97836.4
97824.8
97813.2
97801.7
97790.7
97780.3
97770.8
97762.2
97754.8
97748.6
97743.9
97740.7
97739.1
97738.9
97740.2
97743
97747.4
97753
97759.7
97767.7
97776.7
97786.2
97796.1
97806.2
97816.2
97826
97835
97842.7
97849.3
97854.4
97858.3
97860.6
97861.1
97859.8
97857.5
97852.8
97847.4
97841.3
97835.1
97828.2
97821.7
97813.7
97806.5
97797.8
97790.9
97781.5
97775.7
97766.3
97762.1
98074.1
98074.3
98074.6
98074.8
98074.9
98075.1
98075.3
98075.5
98075.7
98075.9
98076.1
98076.2
98076.3
98076.4
98076.3
98076.2
98076
98075.7
98075.2
98074.7
98074
98073.2
98072.2
98071.1
98069.9
98068.5
98066.9
98065.2
98063.3
98061.3
98059.2
98057
98054.6
98052.2
98049.6
98046.9
98044.1
98041.2
98038.3
98035.2
98032.2
98029
98025.9
98022.7
98019.5
98016.4
98013.3
98010.2
98007.2
98004.4
98001.6
97999
97996.5
97994.2
97992.1
97990.2
97988.5
97987.1
97985.9
97984.9
97984.2
97983.7
97983.6
97983.6
97984
97984.6
97985.4
97986.5
97987.8
97989.4
97991.1
97993
97995.1
97997.2
97999.5
98001.8
98004.2
98006.6
98008.9
98011.1
98013.3
98015.3
98017.1
98018.7
98020.1
98021.3
98022.2
98022.8
98023.1
98023.1
98022.8
98022.1
98021.2
98020
98018.4
98016.6
98014.4
98012
98009.2
98006.2
98003.1
97999.7
97996.1
97992.4
97988.6
97984.6
97980.4
97976.1
97971.7
97967.1
97962.3
97957.4
97952.2
97946.9
97941.3
97935.5
97929.4
97923
97916.3
97909.2
97901.6
97893.6
97885.2
97876.3
97867
97857.2
97846.9
97836.1
97824.9
97813.3
97801.3
97789.1
97776.7
97764.2
97751.9
97739.9
97728.5
97717.9
97708
97699.3
97691.8
97685.6
97680.8
97677.5
97675.6
97675.2
97676.2
97678.6
97682.1
97686.8
97692.5
97699.3
97706.4
97713.5
97720.6
97727.5
97734.1
97739.8
97744.2
97747.3
97748.6
97748.8
97747.3
97744.4
97739.9
97734.7
97727.7
97720.1
97712.1
97704.7
97697.3
97690.9
97683.7
97678
97671.3
97667.1
97660.8
97659.1
97653.7
97654.4
98070.3
98070.5
98070.7
98070.9
98071.1
98071.7
98072.3
98073.1
98073.9
98074.8
98075.7
98076.5
98077.3
98078
98078.6
98079
98079.3
98079.4
98079.4
98079.2
98078.9
98078.3
98077.6
98076.7
98075.6
98074.3
98072.9
98071.2
98069.4
98067.4
98065.2
98063
98060.5
98057.9
98055.2
98052.4
98049.5
98046.4
98043.3
98040.1
98036.8
98033.5
98030.1
98026.8
98023.4
98020
98016.7
98013.5
98010.4
98007.3
98004.4
98001.6
97999
97996.6
97994.4
97992.3
97990.6
97989
97987.7
97986.6
97985.8
97985.2
97984.9
97984.9
97985.1
97985.5
97986.2
97987.1
97988.3
97989.6
97991.1
97992.8
97994.5
97996.4
97998.3
98000.3
98002.3
98004.2
98006
98007.8
98009.4
98010.9
98012.1
98013.1
98013.9
98014.4
98014.6
98014.6
98014.1
98013.4
98012.3
98010.9
98009.2
98007.2
98004.8
98002.1
97999.2
97995.9
97992.4
97988.5
97984.5
97980.3
97975.9
97971.3
97966.6
97961.8
97956.8
97951.6
97946.3
97940.8
97935.2
97929.4
97923.4
97917.1
97910.7
97904
97897.1
97889.9
97882.4
97874.6
97866.3
97857.6
97848.6
97839.2
97829.3
97818.9
97808.1
97796.9
97785.2
97773.2
97760.6
97747.8
97734.8
97721.8
97708.8
97696.2
97684.1
97672.5
97661.7
97651.9
97643.2
97635.8
97629.7
97625
97621.7
97619.8
97619.3
97620
97621.6
97624.4
97628.2
97632.8
97637.7
97642.3
97646.6
97650.5
97654.1
97656.6
97657.8
97657.5
97655.2
97651.7
97646.6
97640.2
97632.6
97624.3
97614.9
97605.1
97595.3
97586.5
97578.2
97571.5
97564.7
97560.1
97554.8
97552.9
97549.1
97550.8
97549.1
97554
98065.4
98065.5
98065.5
98065.8
98066.5
98067.8
98069.2
98071
98072.8
98074.6
98076.4
98078
98079.6
98081
98082.2
98083.1
98083.9
98084.5
98084.8
98084.9
98084.8
98084.5
98084
98083.3
98082.3
98081.1
98079.7
98078.1
98076.3
98074.3
98072.1
98069.7
98067.2
98064.5
98061.7
98058.7
98055.6
98052.4
98049.1
98045.7
98042.2
98038.7
98035.2
98031.6
98028.1
98024.6
98021.1
98017.7
98014.4
98011.2
98008.2
98005.3
98002.6
98000
97997.7
97995.6
97993.7
97992.1
97990.7
97989.6
97988.7
97988.1
97987.7
97987.5
97987.6
97988
97988.6
97989.4
97990.4
97991.5
97992.9
97994.3
97995.9
97997.5
97999.1
98000.7
98002.3
98003.9
98005.3
98006.6
98007.8
98008.8
98009.5
98010
98010.2
98010.1
98009.7
98009
98008
98006.6
98004.8
98002.7
98000.3
97997.5
97994.4
97990.9
97987.2
97983.2
97978.9
97974.3
97969.5
97964.5
97959.3
97953.9
97948.4
97942.8
97937
97931
97924.8
97918.5
97912.1
97905.4
97898.6
97891.5
97884.3
97876.9
97869.2
97861.2
97853
97844.5
97835.6
97826.4
97816.8
97806.9
97796.5
97785.8
97774.6
97763
97751
97738.6
97725.6
97712.4
97699
97685.6
97672.2
97659.2
97646.5
97634.3
97622.7
97612
97602.4
97593.9
97586.6
97580.8
97576.3
97573.1
97571.3
97570.5
97570.6
97571.7
97573.8
97576.3
97579.2
97581.5
97583.3
97584.4
97584.9
97584.6
97582.8
97579.3
97573.4
97566.2
97557.6
97547.9
97537
97525.7
97513.9
97502
97490.4
97480.2
97470.8
97463.6
97457
97453.1
97448.8
97448.6
97446.9
97451.6
97452.8
97461.6
98058.3
98058.1
98057.8
98058.8
98060.4
98063.1
98065.7
98068.8
98071.7
98074.6
98077.2
98079.7
98081.9
98083.9
98085.5
98087
98088.1
98089
98089.6
98089.9
98090
98089.9
98089.5
98088.9
98088
98086.9
98085.5
98083.9
98082.1
98080.1
98077.9
98075.5
98072.9
98070.1
98067.2
98064.1
98061
98057.6
98054.2
98050.7
98047.1
98043.5
98039.8
98036.2
98032.5
98028.9
98025.4
98021.9
98018.5
98015.2
98012.1
98009.2
98006.4
98003.8
98001.4
97999.3
97997.4
97995.7
97994.3
97993.1
97992.2
97991.5
97991.1
97990.9
97991
97991.3
97991.8
97992.6
97993.5
97994.5
97995.7
97997
97998.4
97999.8
98001.2
98002.6
98003.9
98005.1
98006.2
98007.2
98008
98008.6
98008.9
98009
98008.7
98008.1
98007.3
98006
98004.4
98002.5
98000.2
97997.5
97994.4
97991
97987.3
97983.3
97978.9
97974.3
97969.4
97964.1
97958.7
97953
97947.2
97941.1
97934.9
97928.6
97922
97915.4
97908.5
97901.5
97894.4
97887
97879.5
97871.8
97863.9
97855.8
97847.4
97838.9
97830.1
97821
97811.6
97801.9
97792
97781.6
97771
97759.9
97748.5
97736.6
97724.3
97711.6
97698.4
97685
97671.3
97657.7
97644.1
97630.7
97617.6
97604.9
97592.8
97581.4
97571
97561.6
97553.4
97546.7
97541.2
97537
97534
97531.9
97530.8
97530.4
97530.8
97531.6
97532.5
97532.7
97532.2
97530.8
97528.5
97525.4
97520.7
97513.9
97504.6
97494
97482
97469
97454.8
97440.6
97426.3
97412.3
97398.6
97386.9
97376.2
97368.3
97361.5
97357.9
97354.1
97355.1
97355
97362.1
97365.7
97377.6
98048.4
98047.9
98047.9
98050.3
98053.6
98058.3
98062.4
98066.9
98070.9
98074.7
98078
98081.1
98083.8
98086.2
98088.2
98089.9
98091.3
98092.4
98093.2
98093.7
98093.9
98093.9
98093.6
98093
98092.2
98091.1
98089.8
98088.3
98086.5
98084.5
98082.2
98079.8
98077.2
98074.4
98071.4
98068.3
98065.1
98061.7
98058.2
98054.7
98051
98047.4
98043.7
98039.9
98036.2
98032.6
98029
98025.5
98022.1
98018.8
98015.6
98012.7
98009.9
98007.3
98004.9
98002.7
98000.8
97999.1
97997.7
97996.6
97995.6
97995
97994.6
97994.4
97994.4
97994.7
97995.2
97995.9
97996.7
97997.7
97998.8
98000
98001.2
98002.4
98003.7
98004.9
98006
98007
98007.8
98008.5
98009
98009.3
98009.2
98009
98008.3
98007.4
98006.1
98004.5
98002.4
98000
97997.3
97994.1
97990.6
97986.7
97982.5
97978
97973.1
97968
97962.6
97956.9
97950.9
97944.7
97938.3
97931.7
97925
97918.1
97911
97903.7
97896.4
97888.8
97881.1
97873.2
97865.1
97856.9
97848.5
97839.8
97831
97821.9
97812.7
97803.1
97793.3
97783.4
97773.1
97762.4
97751.5
97740.3
97728.7
97716.7
97704.1
97691.2
97677.9
97664.3
97650.6
97636.8
97623
97609.3
97595.9
97582.8
97570.2
97558.3
97547.3
97537.2
97528.3
97520.8
97514.5
97509.4
97505.3
97502.2
97499.8
97498.1
97497.1
97496.1
97495.2
97493.5
97491
97487.3
97482.6
97476.8
97469.4
97459.4
97447
97433.1
97417.9
97401.7
97384.6
97367.5
97350.7
97334.7
97318.9
97305.7
97293.7
97285
97277.8
97274.4
97270.9
97272.6
97273.7
97282.7
97288.3
97302.8
98029.8
98031
98031.7
98037.8
98044.3
98052.2
98058.6
98065
98070.1
98074.9
98078.9
98082.6
98085.7
98088.4
98090.7
98092.6
98094.2
98095.4
98096.4
98097
98097.3
98097.3
98097.1
98096.6
98095.8
98094.8
98093.5
98091.9
98090.2
98088.2
98085.9
98083.5
98080.9
98078.1
98075.1
98072
98068.7
98065.3
98061.8
98058.2
98054.6
98050.9
98047.2
98043.4
98039.7
98036.1
98032.4
98028.9
98025.5
98022.2
98019.1
98016.1
98013.4
98010.8
98008.4
98006.3
98004.4
98002.7
98001.3
98000.2
97999.3
97998.6
97998.2
97998
97998.1
97998.4
97998.8
97999.4
98000.2
98001.1
98002.1
98003.2
98004.3
98005.5
98006.5
98007.5
98008.4
98009.2
98009.8
98010.3
98010.5
98010.4
98010.1
98009.5
98008.6
98007.3
98005.6
98003.6
98001.2
97998.4
97995.2
97991.7
97987.8
97983.5
97978.8
97973.9
97968.5
97963
97957.1
97951
97944.6
97938
97931.2
97924.2
97917
97909.6
97902
97894.3
97886.5
97878.5
97870.3
97862
97853.5
97844.8
97836
97827
97817.7
97808.3
97798.7
97788.8
97778.8
97768.5
97758
97747.2
97736.1
97724.8
97713
97700.9
97688.2
97675.2
97661.8
97648.3
97634.5
97620.6
97606.6
97592.7
97578.9
97565.5
97552.6
97540.3
97528.7
97518.1
97508.7
97500.6
97493.6
97487.6
97482.5
97478.4
97475
97472.1
97469.6
97467.2
97464.6
97461.2
97456.9
97451.2
97444.3
97435.9
97425.8
97413
97397.6
97380.9
97362.6
97343.5
97323.7
97304.1
97284.8
97267
97249.4
97234.8
97221.7
97212.2
97204.7
97201.5
97198.3
97200.9
97203
97213.8
97221
97237.8
98001.3
98000.8
98007.3
98020.8
98033.7
98045.9
98055.1
98063.3
98069.7
98075.3
98079.9
98084
98087.4
98090.3
98092.8
98094.9
98096.6
98097.9
98098.9
98099.6
98100
98100.1
98099.9
98099.4
98098.7
98097.7
98096.4
98094.9
98093.1
98091.2
98089
98086.6
98084
98081.2
98078.2
98075.1
98071.8
98068.4
98065
98061.4
98057.7
98054.1
98050.3
98046.6
98042.9
98039.3
98035.7
98032.2
98028.8
98025.6
98022.5
98019.6
98016.8
98014.3
98011.9
98009.9
98008
98006.4
98005
98003.9
98003
98002.4
98002
98001.8
98001.9
98002.1
98002.6
98003.2
98003.9
98004.7
98005.7
98006.6
98007.6
98008.6
98009.5
98010.3
98011
98011.6
98012
98012.2
98012.1
98011.8
98011.2
98010.3
98009
98007.4
98005.4
98003
98000.3
97997.2
97993.6
97989.7
97985.4
97980.8
97975.8
97970.4
97964.8
97958.8
97952.6
97946.1
97939.4
97932.4
97925.3
97917.9
97910.3
97902.6
97894.7
97886.6
97878.4
97870.1
97861.6
97852.9
97844.1
97835.1
97826
97816.7
97807.2
97797.5
97787.7
97777.6
97767.4
97757
97746.4
97735.5
97724.3
97712.9
97701.1
97688.9
97676.2
97663.2
97649.9
97636.4
97622.6
97608.7
97594.6
97580.5
97566.5
97552.9
97539.6
97526.9
97514.9
97503.9
97494.2
97485.5
97477.9
97471.1
97465.1
97460.2
97455.8
97451.8
97448.1
97444.3
97440.2
97435.3
97429.3
97421.9
97412.9
97402.1
97389.4
97373.9
97356.1
97336.7
97315.6
97293.8
97271.6
97249.8
97228.4
97208.8
97189.7
97174.1
97160.1
97149.9
97141.9
97139
97136.3
97140
97143
97155.2
97163.7
97182.7
97940
97952.7
97968
97998.7
98022
98040.1
98052.1
98062
98069.3
98075.6
98080.7
98085
98088.7
98091.8
98094.4
98096.6
98098.4
98099.8
98100.8
98101.6
98102
98102.1
98102
98101.6
98100.8
98099.9
98098.6
98097.1
98095.4
98093.5
98091.3
98089
98086.4
98083.6
98080.7
98077.6
98074.4
98071.1
98067.6
98064.1
98060.5
98056.8
98053.2
98049.5
98045.9
98042.3
98038.7
98035.3
98032
98028.8
98025.7
98022.9
98020.2
98017.7
98015.4
98013.4
98011.6
98010
98008.7
98007.6
98006.8
98006.2
98005.8
98005.7
98005.7
98006
98006.4
98006.9
98007.6
98008.3
98009.2
98010
98010.9
98011.7
98012.5
98013.1
98013.6
98014
98014.2
98014.1
98013.8
98013.2
98012.3
98011.1
98009.6
98007.6
98005.3
98002.6
97999.6
97996.1
97992.2
97988
97983.4
97978.4
97973.1
97967.4
97961.4
97955.1
97948.6
97941.8
97934.8
97927.6
97920.1
97912.5
97904.7
97896.7
97888.5
97880.3
97871.8
97863.2
97854.5
97845.6
97836.6
97827.4
97818.1
97808.6
97799
97789.2
97779.2
97769.1
97758.8
97748.4
97737.8
97726.8
97715.7
97704.3
97692.5
97680.3
97667.7
97654.8
97641.6
97628.2
97614.4
97600.4
97586.3
97572.1
97558
97544.1
97530.6
97517.6
97505.3
97494
97484
97474.8
97466.6
97459
97452.2
97446.4
97441.2
97436.3
97431.3
97426.3
97420.9
97414.7
97407.1
97398.1
97387.2
97374.1
97359
97341.2
97321.2
97299.5
97275.9
97251.8
97227.6
97203.8
97180.5
97159.5
97139.4
97122.9
97108.1
97097.6
97089.3
97086.6
97084.5
97089.4
97093.5
97107.1
97116.8
97137.6
97866
97878.1
97923.2
97975.1
98012.2
98036.3
98050.5
98061.3
98069.2
98075.9
98081.3
98085.9
98089.7
98092.9
98095.6
98097.8
98099.6
98101.1
98102.2
98102.9
98103.4
98103.6
98103.4
98103
98102.4
98101.4
98100.2
98098.8
98097.1
98095.2
98093.1
98090.8
98088.3
98085.6
98082.7
98079.7
98076.5
98073.2
98069.8
98066.4
98062.8
98059.3
98055.7
98052.1
98048.5
98045
98041.5
98038.1
98034.9
98031.8
98028.8
98026
98023.4
98021
98018.8
98016.8
98015.1
98013.6
98012.3
98011.3
98010.5
98009.9
98009.6
98009.4
98009.5
98009.7
98010.1
98010.6
98011.2
98011.9
98012.6
98013.4
98014.1
98014.8
98015.4
98015.9
98016.2
98016.3
98016.2
98016
98015.4
98014.6
98013.4
98011.9
98010.1
98007.8
98005.2
98002.2
97998.8
97995.1
97990.9
97986.3
97981.4
97976.1
97970.5
97964.6
97958.3
97951.8
97945
97938
97930.7
97923.2
97915.6
97907.8
97899.8
97891.6
97883.3
97874.9
97866.3
97857.5
97848.7
97839.7
97830.6
97821.3
97812
97802.4
97792.7
97782.9
97773
97762.9
97752.6
97742.3
97731.7
97720.9
97709.9
97698.5
97686.8
97674.7
97662.3
97649.6
97636.5
97623.1
97609.4
97595.4
97581.3
97567
97552.8
97538.7
97525
97511.7
97499.1
97487.6
97477.2
97467.6
97458.7
97450.5
97443
97436.5
97430.5
97424.6
97418.4
97412.2
97405.7
97398.2
97389.3
97378.9
97366.2
97351
97333.7
97313.9
97292
97268.3
97242.7
97216.7
97190.7
97165.3
97140.7
97118.6
97097.8
97080.7
97065.4
97054.7
97046.5
97044.3
97043
97049.2
97054.3
97069.5
97080.2
97102.6
97756.8
97818.4
97897.9
97962.5
98006
98033.5
98049.5
98060.7
98069
98076
98081.6
98086.3
98090.2
98093.5
98096.2
98098.5
98100.4
98101.8
98103
98103.8
98104.3
98104.4
98104.3
98104
98103.3
98102.4
98101.3
98099.9
98098.3
98096.4
98094.4
98092.1
98089.6
98087
98084.2
98081.3
98078.2
98075
98071.7
98068.3
98064.8
98061.4
98057.8
98054.3
98050.9
98047.4
98044.1
98040.8
98037.6
98034.6
98031.7
98029
98026.5
98024.2
98022.1
98020.2
98018.5
98017.1
98015.9
98014.9
98014.1
98013.6
98013.3
98013.2
98013.2
98013.4
98013.8
98014.2
98014.7
98015.3
98016
98016.6
98017.2
98017.7
98018.1
98018.4
98018.6
98018.5
98018.2
98017.7
98016.8
98015.7
98014.3
98012.5
98010.4
98007.9
98005
98001.7
97998
97993.9
97989.5
97984.7
97979.5
97973.9
97968
97961.9
97955.4
97948.6
97941.6
97934.3
97926.9
97919.3
97911.5
97903.5
97895.4
97887.1
97878.8
97870.3
97861.6
97852.9
97844
97835
97825.9
97816.7
97807.3
97797.8
97788.2
97778.5
97768.6
97758.7
97748.6
97738.4
97728
97717.4
97706.5
97695.3
97683.7
97671.8
97659.6
97647.1
97634.2
97620.9
97607.2
97593.2
97579.1
97564.8
97550.5
97536.3
97522.3
97508.8
97496
97484.3
97473.5
97463.4
97454
97445.1
97437
97429.7
97422.9
97416
97408.9
97401.6
97393.9
97385.3
97375.1
97363.3
97349
97332.1
97312.9
97291.4
97267.8
97242.5
97215.3
97187.7
97160.3
97133.8
97108.2
97085.5
97064.3
97047
97031.6
97021.2
97013.3
97011.8
97011.6
97019.1
97025.5
97042.3
97054.2
97078.1
97621.9
97803.9
97910.5
97971.7
98007.4
98032.5
98049.4
98060.7
98069.1
98076.1
98081.8
98086.6
98090.5
98093.8
98096.6
98098.9
98100.7
98102.2
98103.3
98104.1
98104.6
98104.9
98104.8
98104.4
98103.8
98103
98101.9
98100.5
98099
98097.2
98095.2
98093
98090.6
98088.1
98085.4
98082.5
98079.5
98076.4
98073.2
98069.9
98066.6
98063.2
98059.8
98056.4
98053
98049.7
98046.4
98043.2
98040.2
98037.3
98034.5
98031.9
98029.5
98027.2
98025.2
98023.4
98021.8
98020.5
98019.3
98018.4
98017.7
98017.2
98016.9
98016.8
98016.8
98017
98017.3
98017.7
98018.2
98018.7
98019.2
98019.7
98020.1
98020.5
98020.7
98020.9
98020.8
98020.5
98020
98019.2
98018.1
98016.7
98015
98013
98010.6
98007.8
98004.6
98001
97997.1
97992.7
97988
97982.9
97977.4
97971.6
97965.5
97959.1
97952.4
97945.5
97938.3
97930.9
97923.3
97915.5
97907.6
97899.6
97891.4
97883.1
97874.8
97866.3
97857.7
97849
97840.2
97831.3
97822.3
97813.3
97804
97794.6
97785.2
97775.7
97766
97756.2
97746.4
97736.4
97726.2
97715.9
97705.3
97694.3
97683
97671.3
97659.4
97647
97634.3
97621.1
97607.4
97593.5
97579.4
97565.1
97550.8
97536.5
97522.3
97508.6
97495.7
97483.6
97472.4
97461.8
97451.9
97442.4
97433.7
97425.6
97418
97410.2
97402.1
97393.7
97384.9
97375.2
97363.9
97350.8
97335.1
97316.8
97296.1
97273.2
97248.2
97221.6
97193.2
97164.4
97136.1
97108.8
97082.6
97059.6
97038.6
97021.4
97006.4
96996.6
96989.6
96989.1
96990.2
96999.2
97007.1
97025.6
97038.8
97064.2
97507
97820.3
97937.2
97983.8
98009.6
98031.4
98048.9
98060.6
98069
98075.9
98081.7
98086.5
98090.5
98093.8
98096.5
98098.8
98100.7
98102.2
98103.3
98104.1
98104.6
98104.9
98104.8
98104.5
98103.9
98103.1
98102.1
98100.8
98099.3
98097.6
98095.7
98093.6
98091.3
98088.8
98086.2
98083.4
98080.5
98077.5
98074.4
98071.3
98068
98064.8
98061.5
98058.2
98054.9
98051.7
98048.6
98045.5
98042.6
98039.8
98037.1
98034.6
98032.3
98030.2
98028.3
98026.5
98025
98023.7
98022.7
98021.8
98021.1
98020.7
98020.4
98020.3
98020.3
98020.4
98020.7
98021
98021.4
98021.8
98022.2
98022.6
98022.9
98023.1
98023.2
98023.1
98022.8
98022.3
98021.6
98020.5
98019.2
98017.6
98015.6
98013.3
98010.6
98007.5
98004
98000.2
97995.9
97991.3
97986.3
97980.9
97975.2
97969.2
97962.9
97956.3
97949.4
97942.3
97935
97927.5
97919.8
97912
97904
97895.9
97887.8
97879.5
97871.2
97862.9
97854.4
97845.8
97837.2
97828.5
97819.7
97810.8
97801.8
97792.7
97783.5
97774.3
97764.9
97755.4
97745.9
97736.2
97726.4
97716.4
97706.1
97695.4
97684.4
97673.1
97661.4
97649.3
97636.7
97623.6
97610
97596.2
97582.2
97568
97553.6
97539.2
97524.9
97511.1
97498
97485.7
97474
97462.9
97452.5
97442.5
97433.3
97424.4
97415.9
97407.3
97398.2
97388.9
97378.9
97368.1
97355.8
97341.4
97324.5
97305.1
97283.2
97259.3
97233.2
97205.6
97176.3
97146.9
97117.9
97090.3
97064
97041
97020.4
97003.8
96989.8
96981
96975.2
96976.1
96978.7
96989.4
96999
97019.4
97034.1
97061.1
97677.7
97877.2
97956.3
97993.4
98011.9
98031.7
98049
98060.8
98069.2
98075.9
98081.6
98086.3
98090.3
98093.6
98096.3
98098.5
98100.3
98101.8
98103
98103.8
98104.3
98104.6
98104.5
98104.3
98103.8
98103
98102
98100.8
98099.4
98097.7
98095.9
98093.8
98091.6
98089.3
98086.7
98084.1
98081.3
98078.4
98075.4
98072.3
98069.2
98066.1
98062.9
98059.7
98056.6
98053.5
98050.5
98047.6
98044.8
98042.1
98039.5
98037.1
98034.9
98032.9
98031.1
98029.4
98028
98026.8
98025.8
98025
98024.4
98023.9
98023.6
98023.5
98023.5
98023.7
98023.9
98024.2
98024.5
98024.8
98025.1
98025.3
98025.5
98025.5
98025.4
98025.1
98024.6
98023.9
98022.9
98021.7
98020.1
98018.2
98016
98013.4
98010.4
98007.1
98003.3
97999.2
97994.7
97989.8
97984.6
97979
97973
97966.8
97960.3
97953.5
97946.5
97939.3
97931.9
97924.3
97916.5
97908.7
97900.7
97892.6
97884.5
97876.4
97868.2
97860
97851.7
97843.3
97834.9
97826.5
97817.9
97809.3
97800.6
97791.9
97783.1
97774.2
97765.2
97756.1
97747
97737.7
97728.2
97718.7
97708.7
97698.4
97687.8
97676.8
97665.4
97653.6
97641.3
97628.3
97614.8
97601.2
97587.2
97573.1
97558.7
97544.3
97530
97516.2
97502.9
97490.3
97478.2
97466.6
97455.6
97445.2
97435.5
97425.9
97416.6
97407.1
97397.2
97386.8
97375.8
97364
97350.6
97335.2
97317.3
97297
97274.2
97249.6
97222.9
97194.6
97164.8
97135.1
97106
97078.4
97052.3
97029.7
97009.9
96994.4
96981.7
96974.5
96970.2
96972.9
96977.3
96990
97001.6
97023.9
97040.2
97069.1
97830.3
97922.5
97952.4
97998.8
98015.6
98032.8
98048.8
98060.7
98069
98075.7
98081.2
98085.9
98089.8
98093.1
98095.8
98098
98099.8
98101.3
98102.4
98103.2
98103.8
98104.1
98104.1
98103.8
98103.4
98102.6
98101.7
98100.6
98099.2
98097.6
98095.9
98093.9
98091.8
98089.5
98087.1
98084.6
98081.9
98079.1
98076.2
98073.3
98070.3
98067.3
98064.2
98061.2
98058.2
98055.2
98052.3
98049.5
98046.8
98044.3
98041.9
98039.6
98037.5
98035.6
98033.8
98032.3
98031
98029.8
98028.9
98028.1
98027.5
98027.1
98026.9
98026.7
98026.7
98026.8
98027
98027.2
98027.4
98027.6
98027.8
98027.9
98027.9
98027.8
98027.5
98027.1
98026.4
98025.4
98024.2
98022.7
98020.9
98018.7
98016.2
98013.4
98010.1
98006.5
98002.5
97998.1
97993.4
97988.2
97982.7
97976.9
97970.8
97964.4
97957.7
97950.7
97943.6
97936.3
97928.8
97921.1
97913.4
97905.5
97897.6
97889.6
97881.6
97873.6
97865.6
97857.5
97849.5
97841.4
97833.3
97825.1
97817
97808.7
97800.4
97792.1
97783.7
97775.3
97766.7
97758.1
97749.5
97740.6
97731.7
97722.5
97713
97703.2
97693
97682.3
97671.3
97659.8
97647.7
97634.9
97621.6
97608.1
97594.3
97580.2
97565.9
97551.5
97537.2
97523.3
97509.9
97497
97484.4
97472.4
97460.9
97450.1
97439.8
97429.5
97419.4
97409
97398.3
97387
97374.9
97362.1
97347.8
97331.4
97312.8
97291.8
97268.3
97243.3
97216.2
97187.7
97157.9
97128.4
97099.3
97072.2
97046.8
97025.1
97006.5
96992.6
96981.6
96976.5
96974.2
96979
96985.5
97000.5
97014.3
97038.6
97056.8
97087.6
97900
97929.9
97953.4
98002.4
98020.1
98036
98050.2
98061.2
98069.1
98075.5
98080.9
98085.4
98089.2
98092.4
98095
98097.2
98099
98100.5
98101.6
98102.4
98103
98103.3
98103.3
98103.1
98102.7
98102
98101.2
98100.1
98098.8
98097.3
98095.7
98093.8
98091.8
98089.7
98087.4
98084.9
98082.4
98079.7
98077
98074.2
98071.4
98068.5
98065.6
98062.7
98059.8
98057
98054.3
98051.6
98049.1
98046.7
98044.4
98042.3
98040.3
98038.5
98036.9
98035.4
98034.2
98033.1
98032.2
98031.5
98031
98030.6
98030.4
98030.2
98030.2
98030.2
98030.3
98030.5
98030.6
98030.7
98030.7
98030.7
98030.5
98030.2
98029.7
98029.1
98028.1
98027
98025.5
98023.7
98021.6
98019.2
98016.4
98013.2
98009.7
98005.8
98001.5
97996.8
97991.8
97986.4
97980.7
97974.6
97968.3
97961.7
97954.8
97947.8
97940.5
97933.1
97925.5
97917.9
97910.2
97902.4
97894.6
97886.7
97878.9
97871.1
97863.3
97855.5
97847.7
97840
97832.3
97824.6
97816.8
97809
97801.2
97793.4
97785.6
97777.7
97769.7
97761.7
97753.6
97745.4
97736.9
97728.3
97719.3
97710
97700.3
97690.1
97679.5
97668.2
97656.4
97643.8
97630.8
97617.5
97603.8
97589.8
97575.5
97561.2
97547
97533
97519.4
97506.2
97493.2
97480.7
97468.8
97457.4
97446.5
97435.5
97424.6
97413.3
97401.8
97389.7
97376.6
97362.9
97347.7
97330.5
97311.3
97289.8
97265.9
97240.6
97213.5
97185.1
97155.6
97126.7
97098.3
97072
97047.7
97027.4
97010.5
96998.5
96989.8
96987
96987.3
96994.6
97003.7
97021.2
97037.4
97063.8
97084.1
97116.7
97920.5
97936.4
97986.7
98012.9
98026.3
98040.2
98052
98061.6
98069
98075.1
98080.2
98084.6
98088.2
98091.3
98093.9
98096
98097.8
98099.2
98100.3
98101.2
98101.8
98102.1
98102.2
98102
98101.7
98101.1
98100.3
98099.3
98098.1
98096.8
98095.2
98093.5
98091.6
98089.6
98087.5
98085.2
98082.8
98080.3
98077.7
98075.1
98072.4
98069.7
98067
98064.3
98061.6
98059
98056.4
98053.9
98051.5
98049.3
98047.1
98045.2
98043.3
98041.7
98040.2
98038.8
98037.7
98036.7
98035.9
98035.2
98034.7
98034.4
98034.1
98034
98033.9
98033.9
98033.9
98034
98034
98033.9
98033.8
98033.6
98033.3
98032.7
98032
98031.1
98029.9
98028.5
98026.7
98024.7
98022.3
98019.5
98016.4
98012.9
98009.1
98004.8
98000.3
97995.3
97990
97984.3
97978.4
97972.1
97965.5
97958.7
97951.7
97944.6
97937.2
97929.7
97922.1
97914.5
97906.9
97899.2
97891.5
97883.9
97876.3
97868.8
97861.3
97853.9
97846.5
97839.2
97831.9
97824.7
97817.5
97810.3
97803.1
97796
97788.8
97781.5
97774.3
97766.9
97759.5
97751.9
97744.2
97736.2
97727.8
97719
97709.9
97700.2
97690
97679.1
97667.5
97655.4
97642.7
97629.6
97616
97602.1
97588
97573.8
97559.6
97545.5
97531.9
97518.3
97504.9
97492
97479.5
97467.6
97456
97444.4
97432.6
97420.6
97408.3
97395.3
97381.5
97366.8
97350.8
97333.1
97313.4
97291.5
97267.4
97242.2
97215.4
97187.4
97158.7
97130.6
97103.2
97078.3
97055.6
97037.1
97022.2
97012.7
97006.5
97006.5
97009.6
97019.8
97031.7
97051.9
97070.6
97099.2
97121.8
97156.2
97946.9
97928.6
97978.8
98002.7
98026.2
98041.2
98052.5
98061.4
98068.3
98074
98079
98083.2
98086.7
98089.7
98092.2
98094.3
98096
98097.5
98098.6
98099.5
98100.1
98100.5
98100.6
98100.6
98100.3
98099.8
98099.1
98098.2
98097.2
98095.9
98094.5
98092.9
98091.2
98089.4
98087.4
98085.3
98083
98080.7
98078.4
98075.9
98073.4
98070.9
98068.4
98065.9
98063.4
98061
98058.7
98056.4
98054.2
98052.1
98050.1
98048.3
98046.7
98045.1
98043.8
98042.6
98041.5
98040.6
98039.9
98039.3
98038.8
98038.5
98038.2
98038
98037.9
98037.8
98037.8
98037.7
98037.6
98037.4
98037.1
98036.7
98036.1
98035.3
98034.4
98033.2
98031.7
98030
98027.9
98025.5
98022.8
98019.7
98016.3
98012.4
98008.2
98003.7
97998.8
97993.5
97987.9
97982
97975.7
97969.2
97962.5
97955.5
97948.4
97941.1
97933.7
97926.2
97918.6
97911.1
97903.5
97896
97888.6
97881.2
97874
97866.8
97859.7
97852.7
97845.8
97839
97832.3
97825.7
97819.1
97812.6
97806.2
97799.8
97793.4
97786.9
97780.4
97773.9
97767.3
97760.5
97753.5
97746.2
97738.5
97730.4
97721.8
97712.7
97702.9
97692.5
97681.4
97669.6
97657.3
97644.5
97631.1
97617.3
97603.3
97589.3
97575.1
97561.1
97547.3
97533.4
97519.7
97506.3
97493.4
97480.9
97468.6
97456.3
97443.7
97431
97418
97404.3
97389.6
97374.1
97357.5
97339.4
97319.3
97297.3
97273.3
97248.5
97222.2
97195
97167.4
97140.7
97114.7
97091.5
97070.9
97054.8
97042.3
97035.6
97032.2
97035.3
97041.6
97055
97069.9
97093
97114.2
97145.1
97170.1
97206.1
97981.8
97950.5
97993.6
98014.1
98035.9
98047.6
98056.1
98062.9
98068.4
98073.3
98077.7
98081.6
98084.8
98087.6
98090
98092
98093.7
98095.2
98096.3
98097.2
98097.9
98098.3
98098.6
98098.6
98098.4
98098
98097.5
98096.7
98095.8
98094.7
98093.5
98092.1
98090.5
98088.9
98087.1
98085.2
98083.2
98081.1
98078.9
98076.7
98074.5
98072.2
98069.9
98067.7
98065.4
98063.2
98061.1
98059
98057
98055.2
98053.4
98051.8
98050.3
98048.9
98047.7
98046.6
98045.7
98044.9
98044.2
98043.7
98043.2
98042.9
98042.6
98042.4
98042.2
98042.1
98041.9
98041.7
98041.4
98041
98040.5
98039.9
98039.1
98038.1
98036.8
98035.3
98033.5
98031.5
98029.1
98026.3
98023.2
98019.8
98016
98011.8
98007.2
98002.3
97997.1
97991.5
97985.6
97979.3
97972.9
97966.1
97959.2
97952.1
97944.8
97937.4
97930
97922.5
97915
97907.6
97900.2
97892.9
97885.7
97878.7
97871.8
97865.1
97858.5
97852
97845.7
97839.6
97833.6
97827.7
97821.9
97816.2
97810.6
97805.1
97799.5
97794
97788.4
97782.8
97777.1
97771.2
97765.1
97758.6
97751.6
97744.2
97736.3
97727.8
97718.6
97708.7
97698
97686.7
97674.9
97662.4
97649.2
97635.6
97621.8
97607.9
97593.9
97579.9
97565.9
97551.8
97537.8
97524
97510.7
97497.7
97484.7
97471.7
97458.4
97445
97431.3
97417
97401.7
97385.5
97368.4
97350
97329.9
97307.9
97284.4
97260
97234.6
97208.6
97182.6
97157.6
97133.5
97112.5
97094.5
97081.2
97071.5
97068
97067.8
97074.3
97083.8
97100.6
97118.7
97144.6
97168.5
97201.7
97229.1
97266.4
98041.7
98010.2
98019.9
98029.3
98043.8
98052
98057.7
98062.7
98067.3
98071.5
98075.4
98078.9
98081.9
98084.5
98086.8
98088.8
98090.6
98092
98093.3
98094.2
98095
98095.5
98095.8
98096
98095.9
98095.7
98095.3
98094.7
98094
98093.1
98092.1
98090.9
98089.5
98088.1
98086.6
98084.9
98083.2
98081.3
98079.4
98077.5
98075.5
98073.5
98071.5
98069.5
98067.6
98065.6
98063.7
98061.9
98060.2
98058.6
98057
98055.6
98054.3
98053.1
98052
98051.1
98050.3
98049.6
98049
98048.5
98048.1
98047.7
98047.4
98047.1
98046.9
98046.6
98046.3
98045.9
98045.5
98044.9
98044.2
98043.3
98042.2
98040.9
98039.4
98037.5
98035.4
98033
98030.2
98027.1
98023.6
98019.8
98015.6
98011
98006.1
98000.8
97995.2
97989.2
97983
97976.5
97969.8
97962.8
97955.7
97948.4
97941
97933.6
97926.2
97918.7
97911.4
97904.1
97897
97890
97883.2
97876.6
97870.2
97864
97857.9
97852.1
97846.5
97841.1
97835.9
97830.9
97826
97821.3
97816.6
97812.1
97807.6
97803.1
97798.6
97794
97789.3
97784.4
97779.2
97773.6
97767.5
97760.9
97753.7
97745.9
97737.4
97728.1
97718.1
97707.3
97695.9
97683.8
97670.9
97657.6
97644.1
97630.3
97616.4
97602.5
97588.4
97574.1
97559.9
97545.7
97532
97518.5
97504.9
97491.2
97477.2
97463.3
97449
97434.1
97418.1
97401.4
97384
97365.5
97345.4
97323.7
97300.8
97277.2
97252.8
97228.3
97204.2
97181.4
97159.8
97141.5
97126.4
97116.2
97109.8
97109.6
97112.9
97123.1
97136.1
97156.4
97177.8
97206.6
97233.2
97268.6
97298.3
97336.9
98072
98049.2
98042
98042.2
98050.3
98055.7
98059.2
98062.7
98066.3
98069.9
98073.2
98076.3
98079
98081.4
98083.6
98085.5
98087.2
98088.7
98089.9
98091
98091.8
98092.4
98092.9
98093.1
98093.2
98093.2
98092.9
98092.5
98092
98091.3
98090.5
98089.5
98088.4
98087.2
98085.9
98084.5
98083
98081.4
98079.8
98078.2
98076.5
98074.7
98073
98071.3
98069.6
98067.9
98066.3
98064.7
98063.3
98061.8
98060.5
98059.3
98058.2
98057.2
98056.3
98055.5
98054.8
98054.2
98053.6
98053.2
98052.8
98052.4
98052.1
98051.8
98051.5
98051.1
98050.6
98050.1
98049.5
98048.7
98047.8
98046.6
98045.3
98043.7
98041.8
98039.7
98037.2
98034.4
98031.3
98027.8
98024
98019.8
98015.2
98010.3
98005
97999.4
97993.4
97987.1
97980.6
97973.8
97966.9
97959.7
97952.4
97945
97937.6
97930.1
97922.7
97915.4
97908.2
97901.1
97894.3
97887.6
97881.2
97875.1
97869.2
97863.6
97858.2
97853.2
97848.4
97843.8
97839.5
97835.4
97831.5
97827.8
97824.3
97820.8
97817.4
97814.1
97810.7
97807.3
97803.8
97800
97795.8
97791.2
97786
97780.3
97774
97767
97759.3
97750.8
97741.5
97731.3
97720.5
97708.8
97696.5
97683.6
97670.4
97656.9
97643.2
97629.4
97615.3
97601
97586.6
97572.3
97558.3
97544.3
97530.1
97515.8
97501.4
97486.9
97472.1
97456.6
97440.2
97423.2
97405.7
97387.1
97367.2
97346.1
97324.1
97301.5
97278.5
97255.8
97234.1
97214
97195.5
97180.3
97168.7
97162.3
97159.7
97163.3
97170.7
97185.1
97202
97226.2
97251.3
97283.2
97313
97350.8
97382.8
97422.7
98078
98067.1
98056.3
98051.4
98053.9
98057.2
98059.5
98062
98064.9
98067.9
98070.7
98073.4
98075.8
98078.1
98080.1
98082
98083.7
98085.1
98086.4
98087.5
98088.4
98089.2
98089.7
98090.1
98090.4
98090.5
98090.4
98090.2
98089.9
98089.4
98088.8
98088
98087.2
98086.2
98085.1
98084
98082.8
98081.5
98080.1
98078.7
98077.3
98075.9
98074.4
98073
98071.5
98070.1
98068.8
98067.5
98066.2
98065.1
98064
98063
98062
98061.2
98060.4
98059.8
98059.2
98058.7
98058.2
98057.8
98057.4
98057.1
98056.7
98056.4
98056
98055.5
98054.9
98054.3
98053.5
98052.5
98051.3
98050
98048.4
98046.5
98044.3
98041.9
98039.1
98036
98032.5
98028.7
98024.5
98019.9
98015
98009.7
98004.1
97998.1
97991.9
97985.3
97978.5
97971.5
97964.3
97957
97949.5
97942
97934.5
97927.1
97919.8
97912.6
97905.6
97898.8
97892.3
97886
97880.1
97874.5
97869.2
97864.2
97859.6
97855.3
97851.3
97847.7
97844.3
97841.3
97838.5
97835.9
97833.6
97831.3
97829.2
97827.1
97825
97822.9
97820.5
97817.9
97814.9
97811.4
97807.3
97802.6
97797.3
97791.3
97784.5
97777
97768.4
97759.1
97748.9
97737.8
97726.2
97714
97701.3
97688.2
97674.8
97661.3
97647.4
97633.2
97618.8
97604.5
97590.3
97576
97561.5
97546.8
97532
97517.2
97502.1
97486.3
97469.7
97452.7
97435.2
97417
97397.6
97377.5
97356.6
97335.4
97314.2
97294
97275
97258.1
97243.2
97232
97224.5
97222.4
97224.2
97232.3
97244.1
97263.1
97284.5
97312.7
97341.8
97377.2
97410.4
97450.8
97485.1
97526
98071.9
98067.8
98061.6
98056.6
98055.9
98057.1
98058.7
98060.5
98062.7
98065.1
98067.4
98069.7
98071.9
98073.9
98075.9
98077.7
98079.3
98080.8
98082.1
98083.3
98084.3
98085.2
98085.9
98086.5
98086.9
98087.2
98087.3
98087.4
98087.2
98087
98086.7
98086.2
98085.6
98085
98084.2
98083.4
98082.4
98081.5
98080.4
98079.4
98078.3
98077.1
98076
98074.9
98073.8
98072.7
98071.6
98070.6
98069.7
98068.7
98067.9
98067.1
98066.4
98065.7
98065.2
98064.6
98064.2
98063.8
98063.4
98063
98062.7
98062.3
98061.9
98061.5
98061
98060.4
98059.7
98058.9
98057.9
98056.7
98055.3
98053.7
98051.8
98049.7
98047.2
98044.4
98041.3
98037.8
98034
98029.8
98025.2
98020.3
98015
98009.4
98003.5
97997.2
97990.6
97983.8
97976.7
97969.5
97962.1
97954.6
97947
97939.5
97932
97924.6
97917.4
97910.5
97903.7
97897.3
97891.2
97885.4
97880
97875
97870.4
97866.2
97862.4
97859
97856.1
97853.4
97851.2
97849.3
97847.7
97846.4
97845.4
97844.5
97843.7
97843
97842.3
97841.6
97840.6
97839.3
97837.6
97835.3
97832.4
97829
97824.9
97820
97814.3
97807.7
97800.1
97791.7
97782.3
97772
97761.2
97749.8
97737.8
97725.3
97712.4
97699.3
97685.6
97671.7
97657.5
97643.3
97628.9
97614.5
97599.8
97585
97570.1
97555.1
97539.8
97523.9
97507.5
97490.7
97473.3
97455.5
97437.1
97418.1
97398.7
97379.3
97360.2
97342.7
97326.7
97313.2
97302.3
97295.4
97292.3
97294.6
97301.1
97313.9
97330.5
97353.9
97379.7
97411.9
97444.8
97483.8
97520.2
97562.6
97598.7
97640.2
98064.9
98062.8
98060.1
98056.9
98055.2
98055.3
98056.3
98057.6
98059.1
98060.9
98062.8
98064.7
98066.6
98068.5
98070.4
98072.1
98073.7
98075.3
98076.7
98078
98079.1
98080.2
98081.1
98081.9
98082.6
98083.1
98083.5
98083.8
98084
98084.1
98084.1
98084
98083.7
98083.4
98083
98082.5
98082
98081.4
98080.7
98080
98079.3
98078.6
98077.8
98077.1
98076.3
98075.6
98074.9
98074.2
98073.5
98072.9
98072.3
98071.8
98071.3
98070.9
98070.5
98070.1
98069.8
98069.5
98069.2
98068.9
98068.5
98068.2
98067.7
98067.3
98066.7
98066
98065.1
98064.1
98062.9
98061.5
98059.9
98058
98055.8
98053.3
98050.6
98047.4
98044
98040.2
98036
98031.4
98026.5
98021.2
98015.6
98009.6
98003.3
97996.7
97989.9
97982.8
97975.5
97968
97960.5
97952.9
97945.3
97937.7
97930.3
97923.1
97916.1
97909.4
97903
97897
97891.3
97886.1
97881.4
97877.1
97873.3
97870
97867.1
97864.8
97863
97861.5
97860.5
97859.9
97859.7
97859.8
97860.1
97860.7
97861.4
97862.3
97863.1
97863.9
97864.4
97864.6
97864.3
97863.4
97862
97860
97857.2
97853.7
97849.2
97843.7
97837.2
97829.9
97821.6
97812.4
97802.6
97792.1
97780.9
97769.2
97757
97744.4
97731.2
97717.6
97703.8
97690
97675.7
97661.3
97646.7
97632
97617.2
97602.1
97586.8
97571.1
97555.1
97538.7
97521.7
97504.5
97487.2
97469.5
97451.8
97434.5
97417.9
97403.3
97390.7
97380.8
97374
97371.6
97373.2
97380.1
97391.4
97408.8
97430.3
97458.1
97488.3
97524.3
97560.7
97602.9
97642.3
97686
97723.2
97764.7
98057.5
98055.6
98054.2
98052.5
98051.2
98050.8
98051.3
98052.3
98053.5
98055
98056.6
98058.3
98060.1
98061.9
98063.6
98065.4
98067.1
98068.7
98070.2
98071.7
98073
98074.3
98075.5
98076.5
98077.5
98078.3
98079.1
98079.7
98080.3
98080.7
98081.1
98081.3
98081.5
98081.6
98081.6
98081.6
98081.4
98081.3
98081.1
98080.8
98080.5
98080.2
98079.9
98079.6
98079.2
98078.9
98078.5
98078.2
98077.9
98077.6
98077.4
98077.1
98076.9
98076.7
98076.5
98076.3
98076.1
98075.9
98075.7
98075.5
98075.2
98074.8
98074.3
98073.8
98073.1
98072.2
98071.2
98070
98068.6
98067
98065.1
98062.9
98060.5
98057.7
98054.6
98051.2
98047.4
98043.2
98038.7
98033.8
98028.5
98022.9
98016.9
98010.6
98004
97997.2
97990.1
97982.7
97975.3
97967.7
97960
97952.4
97944.8
97937.4
97930.1
97923.1
97916.3
97910
97904
97898.5
97893.5
97888.9
97884.9
97881.5
97878.6
97876.3
97874.6
97873.4
97872.7
97872.6
97872.9
97873.7
97875
97876.6
97878.6
97880.7
97883.1
97885.6
97888.1
97890.6
97892.7
97894.5
97895.9
97896.6
97896.8
97896.4
97895.3
97893.3
97890.2
97886.1
97880.9
97874.9
97867.9
97860
97851.4
97842
97831.9
97821.3
97810
97798.3
97785.7
97772.7
97759.5
97746.2
97732.3
97718.3
97704.1
97689.7
97675
97660.1
97645.1
97629.8
97614.5
97598.8
97582.5
97566.3
97550.2
97534.1
97518.5
97503.5
97489.7
97478.2
97469.1
97462.9
97460.5
97462.6
97468.8
97480.5
97496.5
97518.5
97544.8
97576.8
97610.9
97650.3
97689.8
97734.5
97776.1
97820.5
97858.4
97899
98048.4
98046.7
98045.6
98044.9
98044.2
98044
98044.3
98045
98046.1
98047.4
98048.8
98050.4
98052.1
98053.9
98055.6
98057.4
98059.2
98060.9
98062.6
98064.3
98065.8
98067.4
98068.8
98070.2
98071.5
98072.7
98073.8
98074.9
98075.8
98076.7
98077.5
98078.2
98078.9
98079.5
98080
98080.4
98080.8
98081.2
98081.4
98081.7
98081.9
98082.1
98082.3
98082.4
98082.5
98082.7
98082.8
98082.9
98083
98083
98083.1
98083.2
98083.3
98083.3
98083.4
98083.4
98083.3
98083.3
98083.1
98082.9
98082.7
98082.3
98081.8
98081.1
98080.4
98079.4
98078.2
98076.9
98075.3
98073.4
98071.3
98068.9
98066.1
98063.1
98059.7
98055.9
98051.8
98047.3
98042.5
98037.3
98031.8
98025.9
98019.6
98013.1
98006.2
97999.1
97991.9
97984.4
97976.8
97969.2
97961.5
97953.9
97946.4
97939.2
97932.1
97925.4
97919.1
97913.2
97907.7
97902.8
97898.5
97894.7
97891.6
97889.1
97887.2
97886
97885.5
97885.6
97886.2
97887.5
97889.4
97891.7
97894.6
97897.9
97901.5
97905.4
97909.6
97913.9
97918.2
97922.5
97926.5
97930.1
97933.3
97935.9
97938
97939.4
97940.1
97939.8
97938.4
97935.9
97932.3
97927.9
97922.5
97916.2
97909.1
97901.2
97892.4
97883.1
97873.1
97862.4
97850.9
97838.8
97826.5
97813.9
97800.8
97787.4
97773.9
97760.1
97745.9
97731.5
97717
97702.5
97688.1
97673.2
97658.1
97643.2
97628.5
97614.3
97600.9
97588.4
97577.7
97569.5
97564
97561.6
97563.3
97569.9
97580.5
97596.7
97617.2
97643.6
97674.1
97709.9
97747.4
97789.6
97831.7
97878.1
97920.9
97965.2
98003.2
98042.2
98037
98035.7
98034.9
98034.6
98034.5
98034.6
98035
98035.7
98036.8
98038
98039.5
98041.1
98042.8
98044.6
98046.4
98048.3
98050.3
98052.2
98054.1
98056
98057.9
98059.7
98061.5
98063.3
98065
98066.6
98068.2
98069.7
98071.1
98072.5
98073.8
98075
98076.2
98077.3
98078.4
98079.4
98080.3
98081.2
98082.1
98082.9
98083.7
98084.4
98085.1
98085.8
98086.4
98087.1
98087.6
98088.2
98088.7
98089.2
98089.7
98090.1
98090.5
98090.8
98091.1
98091.3
98091.5
98091.6
98091.5
98091.4
98091.2
98090.8
98090.3
98089.6
98088.8
98087.7
98086.4
98084.9
98083.1
98081.1
98078.8
98076.1
98073.2
98069.9
98066.2
98062.3
98057.9
98053.2
98048.2
98042.8
98037
98030.9
98024.5
98017.8
98010.8
98003.6
97996.2
97988.7
97981.2
97973.6
97966
97958.6
97951.4
97944.4
97937.7
97931.4
97925.6
97920.2
97915.4
97911.2
97907.7
97904.8
97902.7
97901.2
97900.5
97900.5
97901.2
97902.6
97904.8
97907.6
97911
97915.1
97919.7
97924.7
97930.2
97936
97942
97948.3
97954.6
97960.8
97966.9
97972.6
97977.8
97982.6
97986.8
97990.4
97993
97994.7
97995.2
97994.7
97993.1
97990.6
97987.1
97982.7
97977.4
97971.3
97964.3
97956.6
97948
97938.8
97928.8
97918.2
97907.1
97895.5
97883.6
97871.3
97858.6
97845.8
97832.5
97818.9
97805.2
97791.7
97778.4
97764.7
97751.1
97737.8
97724.7
97712.6
97701.5
97691.7
97684.1
97679.2
97677.2
97678.6
97684.1
97694.8
97709.4
97729.6
97754.2
97784.6
97818.3
97857.3
97897.4
97941.7
97985.7
98032.7
98075.7
98119.1
98156.3
98192.8
98024.5
98023.7
98023.3
98023.4
98023.6
98024.1
98024.7
98025.6
98026.7
98028.1
98029.6
98031.3
98033.1
98035
98037
98039.1
98041.2
98043.3
98045.5
98047.7
98049.9
98052
98054.2
98056.3
98058.4
98060.5
98062.5
98064.5
98066.4
98068.3
98070.1
98071.9
98073.7
98075.4
98077
98078.6
98080.2
98081.7
98083.2
98084.6
98086
98087.3
98088.6
98089.9
98091.1
98092.2
98093.3
98094.4
98095.3
98096.3
98097.2
98098
98098.7
98099.3
98099.9
98100.4
98100.7
98101
98101.1
98101.1
98100.9
98100.6
98100.1
98099.4
98098.5
98097.4
98096.1
98094.5
98092.6
98090.5
98088
98085.3
98082.2
98078.8
98075
98070.9
98066.5
98061.7
98056.5
98051.1
98045.2
98039.1
98032.7
98025.9
98019
98011.9
98004.6
97997.2
97989.8
97982.4
97975.2
97968.1
97961.2
97954.6
97948.5
97942.7
97937.5
97932.9
97928.8
97925.5
97922.8
97920.9
97919.8
97919.5
97920
97921.3
97923.3
97926.2
97929.9
97934.3
97939.4
97945.2
97951.6
97958.5
97966
97973.8
97981.9
97990.3
97998.7
98007.2
98015.5
98023.5
98031.1
98038.3
98044.9
98050.8
98055.8
98059.7
98062.6
98064.4
98065.1
98064.9
98063.5
98061.4
98058.3
98054.4
98049.6
98043.9
98037.3
98030
98022
98013.3
98003.9
97993.9
97983.6
97972.7
97961.4
97949.8
97937.6
97925.3
97912.9
97900.7
97888.6
97876.4
97864.4
97852.7
97841.5
97831.6
97823
97815.9
97811.3
97809.5
97810.8
97815.8
97824.7
97838.9
97856.9
97880.3
97908.3
97941.7
97977.9
98019
98060.9
98106.3
98150.9
98197.4
98239.7
98281.1
98316.3
98349.1
98013.1
98012.7
98012.7
98013
98013.6
98014.3
98015.2
98016.3
98017.6
98019
98020.7
98022.5
98024.4
98026.4
98028.6
98030.8
98033.1
98035.4
98037.8
98040.3
98042.7
98045.2
98047.7
98050.2
98052.7
98055.2
98057.7
98060.1
98062.5
98065
98067.3
98069.7
98072
98074.3
98076.6
98078.8
98081
98083.1
98085.2
98087.3
98089.3
98091.2
98093.1
98094.9
98096.7
98098.4
98100.1
98101.6
98103.1
98104.5
98105.8
98107
98108.1
98109.1
98109.9
98110.7
98111.3
98111.7
98112
98112.2
98112.1
98111.9
98111.5
98110.9
98110.1
98109
98107.7
98106.1
98104.3
98102.2
98099.8
98097
98094
98090.7
98087
98083
98078.6
98074
98068.9
98063.6
98057.9
98052
98045.7
98039.3
98032.6
98025.7
98018.8
98011.8
98004.7
97997.8
97991
97984.4
97978.1
97972.2
97966.7
97961.6
97957.2
97953.3
97950.2
97947.7
97946
97945.2
97945.2
97946
97947.7
97950.3
97953.8
97958.2
97963.4
97969.4
97976.3
97983.8
97992.1
98001
98010.5
98020.4
98030.8
98041.4
98052.3
98063.2
98074
98084.6
98094.9
98104.8
98114
98122.5
98130.2
98136.7
98142.3
98146.8
98150.3
98152.6
98153.9
98154.4
98153.9
98152.6
98150.4
98147.2
98143.2
98138.5
98133.1
98126.8
98119.7
98112
98103.7
98094.6
98085.1
98075
98064.5
98053.8
98042.9
98032.1
98021.6
98011
98000.7
97990.8
97981.6
97973.8
97967.7
97963.2
97961.3
97962.1
97966.3
97974.2
97986.1
98002.8
98023.4
98049.2
98079.5
98114.5
98152.2
98194
98236.5
98281.8
98325.6
98370.4
98410.8
98448.9
98480.9
98508.8
98006.7
98006.5
98006.7
98007.2
98008
98008.8
98009.8
98011
98012.4
98013.9
98015.6
98017.4
98019.4
98021.5
98023.7
98026
98028.3
98030.8
98033.3
98035.9
98038.6
98041.3
98044
98046.8
98049.6
98052.4
98055.2
98058.1
98060.9
98063.8
98066.6
98069.5
98072.3
98075.1
98077.9
98080.7
98083.4
98086.1
98088.8
98091.5
98094
98096.6
98099
98101.4
98103.7
98106
98108.1
98110.2
98112.1
98114
98115.7
98117.3
98118.8
98120.1
98121.3
98122.4
98123.2
98124
98124.5
98124.9
98125.1
98125
98124.8
98124.4
98123.8
98122.9
98121.8
98120.4
98118.8
98116.9
98114.8
98112.3
98109.6
98106.6
98103.3
98099.6
98095.7
98091.4
98086.9
98082
98076.8
98071.4
98065.7
98059.8
98053.7
98047.4
98041.1
98034.7
98028.4
98022.2
98016.1
98010.2
98004.7
97999.6
97994.9
97990.7
97987.1
97984.2
97981.9
97980.5
97979.8
97980.1
97981.2
97983.2
97986.1
97990
97994.9
98000.7
98007.5
98015.1
98023.6
98033
98043.2
98054
98065.6
98077.8
98090.6
98103.7
98117.1
98130.6
98144.2
98157.7
98170.9
98183.7
98196
98207.4
98218
98227.5
98236.2
98243.9
98250.3
98255.7
98260.1
98263.7
98266.2
98268
98268.8
98268.8
98268
98266.6
98264.2
98260.9
98256.8
98251.8
98246
98239.3
98231.8
98223.7
98215.2
98206.5
98197.2
98188
98179
98170.2
98161.6
98153.7
98146.5
98140.7
98136.6
98134.4
98134.6
98137.4
98143.6
98153.4
98167.2
98185.4
98207.7
98234.7
98265.7
98301
98338.5
98379.7
98421.1
98464.9
98506.5
98548.2
98585.2
98619
98646.5
98668.4
98010.2
98010
98010.1
98010.5
98011.2
98011.9
98012.8
98013.8
98015
98016.4
98017.9
98019.6
98021.3
98023.3
98025.3
98027.5
98029.7
98032.1
98034.5
98037.1
98039.7
98042.4
98045.2
98048
98050.9
98053.8
98056.8
98059.8
98062.9
98066
98069.1
98072.3
98075.4
98078.6
98081.8
98085
98088.1
98091.3
98094.4
98097.5
98100.5
98103.5
98106.4
98109.3
98112
98114.7
98117.3
98119.8
98122.2
98124.4
98126.5
98128.5
98130.3
98132
98133.5
98134.9
98136.1
98137.1
98138
98138.6
98139.1
98139.4
98139.6
98139.5
98139.2
98138.7
98138
98137.1
98136
98134.6
98133
98131.2
98129.1
98126.7
98124.1
98121.2
98118
98114.6
98110.9
98106.8
98102.6
98098
98093.3
98088.3
98083.2
98077.9
98072.5
98067.2
98061.8
98056.5
98051.4
98046.5
98042
98037.8
98034
98030.8
98028.2
98026.3
98025
98024.6
98025
98026.2
98028.4
98031.5
98035.6
98040.7
98046.8
98054
98062.1
98071.3
98081.4
98092.6
98104.6
98117.5
98131.2
98145.7
98160.9
98176.5
98192.6
98209
98225.5
98242
98258.4
98274.5
98289.9
98304.6
98318.5
98331.5
98343.6
98354.7
98364.7
98373.8
98381.8
98389
98395.1
98400.5
98405.1
98409
98412.1
98414.4
98415.8
98416.3
98415.7
98414.2
98411.5
98407.9
98403.5
98398.1
98392.1
98385.7
98378.6
98371.4
98364.2
98357.4
98350.9
98345
98339.9
98336
98333.7
98333.3
98335.3
98339.5
98347
98357.9
98372.7
98391.7
98414.6
98441.8
98472.3
98506.6
98542.9
98582.1
98621.1
98661.7
98699.9
98737.4
98769.7
98798.3
98820.4
98835.4
98024.2
98023.8
98023.6
98023.6
98023.8
98024.2
98024.7
98025.4
98026.2
98027.1
98028.3
98029.5
98030.9
98032.4
98034.1
98035.9
98037.8
98039.9
98042
98044.3
98046.6
98049.1
98051.7
98054.3
98057
98059.9
98062.8
98065.7
98068.8
98071.9
98075
98078.2
98081.5
98084.8
98088.1
98091.4
98094.8
98098.1
98101.4
98104.7
98108
98111.3
98114.5
98117.6
98120.6
98123.6
98126.5
98129.2
98131.9
98134.4
98136.8
98139.1
98141.2
98143.2
98145
98146.6
98148.1
98149.5
98150.7
98151.7
98152.6
98153.2
98153.8
98154.2
98154.4
98154.4
98154.3
98154
98153.5
98152.9
98152
98151
98149.8
98148.3
98146.7
98144.8
98142.6
98140.2
98137.6
98134.7
98131.6
98128.3
98124.7
98120.9
98117
98112.9
98108.7
98104.5
98100.3
98096.1
98092.1
98088.3
98084.7
98081.5
98078.8
98076.5
98074.9
98073.8
98073.5
98074
98075.2
98077.4
98080.5
98084.5
98089.5
98095.6
98102.7
98110.9
98120.3
98130.8
98142.4
98155
98168.7
98183.4
98199.1
98215.7
98233.1
98251.1
98269.7
98288.7
98307.9
98327.4
98346.8
98366
98384.5
98402.5
98419.8
98436.1
98451.6
98466.1
98479.8
98492.6
98504.4
98515.3
98525.4
98534.7
98543.3
98551.3
98558.6
98565.1
98570.6
98575.1
98578.6
98580.8
98581.8
98581.8
98580.6
98578.4
98575.4
98571.6
98567.2
98562.4
98557.7
98553.1
98548.7
98544.8
98541.6
98539.6
98538.9
98539.9
98543.1
98548.3
98556.3
98567.6
98582.6
98601.5
98624
98650.3
98679.3
98711.7
98745.5
98781.7
98817.6
98854.1
98888.1
98920.8
98948
98971.1
98987.4
98995.5
98044.3
98043.5
98042.8
98042.4
98042.1
98042
98042
98042.1
98042.4
98042.8
98043.4
98044.1
98045
98046
98047.2
98048.5
98049.9
98051.5
98053.2
98055.1
98057
98059.1
98061.3
98063.6
98066.1
98068.6
98071.2
98074
98076.8
98079.7
98082.8
98085.8
98089
98092.2
98095.5
98098.8
98102.1
98105.5
98108.8
98112.2
98115.6
98118.9
98122.2
98125.4
98128.6
98131.7
98134.7
98137.6
98140.4
98143.1
98145.7
98148.2
98150.5
98152.7
98154.7
98156.7
98158.4
98160.1
98161.6
98162.9
98164.2
98165.3
98166.3
98167.1
98167.8
98168.5
98169
98169.3
98169.6
98169.7
98169.7
98169.5
98169.2
98168.7
98168
98167.2
98166.2
98164.9
98163.4
98161.7
98159.8
98157.6
98155.2
98152.7
98149.9
98147.1
98144.1
98141
98137.9
98134.8
98131.8
98129
98126.4
98124.1
98122.2
98120.8
98119.9
98119.7
98120.1
98121.2
98123.2
98126
98129.8
98134.5
98140.2
98147
98154.9
98164
98174.3
98185.8
98198.5
98212.4
98227.4
98243.6
98260.9
98279.2
98298.4
98318.4
98339
98360.2
98381.9
98403.8
98425.7
98447.5
98468.8
98489.6
98509.7
98529
98547.5
98565.1
98582
98597.9
98613.1
98627.4
98641
98653.8
98666.1
98677.8
98688.9
98699.2
98708.7
98717.1
98724.3
98730.1
98734.6
98737.8
98739.7
98740.4
98740.1
98738.9
98737.1
98734.7
98732.2
98729.6
98726.9
98724.8
98723
98722.4
98722.9
98724.9
98728.5
98734.1
98742.1
98753.1
98767.6
98785.6
98806.9
98831.5
98858.5
98888.3
98919.2
98952
98984.2
99016.5
99046.3
99074.3
99096.9
99114.9
99126
99127.8
98066.8
98065.5
98064.4
98063.4
98062.6
98061.9
98061.3
98060.9
98060.6
98060.5
98060.5
98060.6
98061
98061.4
98062.1
98062.8
98063.7
98064.8
98066
98067.4
98068.9
98070.5
98072.3
98074.2
98076.2
98078.4
98080.7
98083.1
98085.7
98088.3
98091.1
98093.9
98096.9
98099.9
98103
98106.2
98109.4
98112.7
98116
98119.3
98122.6
98125.9
98129.2
98132.4
98135.6
98138.8
98141.8
98144.8
98147.7
98150.5
98153.2
98155.8
98158.3
98160.6
98162.9
98165
98167
98168.9
98170.7
98172.4
98174
98175.5
98176.9
98178.2
98179.5
98180.6
98181.7
98182.8
98183.7
98184.6
98185.3
98186
98186.6
98187
98187.3
98187.5
98187.5
98187.3
98186.9
98186.3
98185.4
98184.4
98183.2
98181.7
98180.1
98178.3
98176.4
98174.3
98172.2
98170.1
98168
98166.1
98164.4
98162.9
98161.7
98161
98160.8
98161.1
98162.1
98163.8
98166.3
98169.7
98173.9
98179.1
98185.4
98192.8
98201.3
98211.1
98222.2
98234.5
98248
98262.9
98279
98296.4
98314.9
98334.6
98355.3
98376.9
98399.3
98422.3
98445.9
98469.7
98493.8
98517.8
98541.4
98564.5
98587
98608.8
98629.8
98650
98669.5
98688.2
98706.2
98723.5
98740
98756.1
98771.7
98786.8
98801.3
98815
98827.9
98839.8
98850.3
98859.4
98867
98873.2
98877.8
98881.2
98883.4
98884.6
98885
98884.8
98884.1
98883.3
98882.2
98881.4
98880.9
98881.2
98882.5
98885.1
98888.9
98894.5
98902.1
98912.6
98926.1
98942.9
98962.5
98985.2
99009.8
99036.8
99064.5
99093.9
99122.4
99150.9
99176.6
99200.3
99218.8
99232.3
99238.8
99235.3
98088.8
98087
98085.4
98083.9
98082.6
98081.3
98080.2
98079.3
98078.4
98077.8
98077.2
98076.9
98076.7
98076.6
98076.7
98076.9
98077.3
98077.9
98078.6
98079.5
98080.5
98081.7
98083
98084.5
98086.2
98088
98089.9
98092
98094.2
98096.6
98099
98101.6
98104.3
98107.1
98110
98113
98116.1
98119.2
98122.4
98125.6
98128.8
98132
98135.2
98138.4
98141.6
98144.7
98147.8
98150.8
98153.7
98156.5
98159.3
98162
98164.6
98167.1
98169.5
98171.8
98174
98176.1
98178.2
98180.2
98182.1
98183.9
98185.7
98187.5
98189.2
98190.9
98192.5
98194.1
98195.7
98197.2
98198.7
98200.1
98201.5
98202.8
98203.9
98205
98205.9
98206.6
98207.1
98207.5
98207.6
98207.6
98207.3
98206.8
98206.2
98205.3
98204.3
98203.1
98201.9
98200.6
98199.3
98198.1
98197.1
98196.3
98195.7
98195.6
98195.9
98196.7
98198.2
98200.3
98203.2
98207
98211.7
98217.3
98224
98231.8
98240.9
98251.2
98262.8
98275.7
98289.9
98305.5
98322.5
98340.8
98360.4
98381.1
98403
98426
98449.8
98474.3
98499.3
98524.8
98550.6
98576.3
98601.7
98626.8
98651.2
98675
98698
98720.4
98742.1
98763
98783.3
98802.9
98822.1
98841
98859.4
98877.4
98894.8
98911.4
98927.2
98941.9
98955.3
98967.2
98977.5
98986.3
98993.5
98999.2
99003.6
99006.9
99009.2
99010.7
99011.6
99012.2
99012.5
99012.9
99013.3
99014.3
99016.1
99019
99022.7
99028.1
99035.3
99045.1
99057.4
99072.8
99090.8
99111.4
99133.6
99157.9
99182.7
99209
99234.1
99259.2
99281.3
99301.3
99316.1
99325.8
99328.5
99320.7
98108.4
98106.2
98104.2
98102.2
98100.4
98098.7
98097.2
98095.7
98094.4
98093.3
98092.3
98091.4
98090.7
98090.2
98089.8
98089.6
98089.6
98089.7
98089.9
98090.4
98091
98091.8
98092.7
98093.8
98095.1
98096.5
98098.1
98099.9
98101.8
98103.8
98106
98108.4
98110.8
98113.4
98116.1
98118.9
98121.8
98124.7
98127.8
98130.8
98133.9
98137.1
98140.2
98143.3
98146.4
98149.5
98152.5
98155.5
98158.5
98161.4
98164.2
98166.9
98169.6
98172.2
98174.7
98177.2
98179.6
98181.9
98184.1
98186.4
98188.6
98190.7
98192.8
98195
98197.1
98199.2
98201.3
98203.5
98205.6
98207.7
98209.8
98211.9
98213.9
98215.9
98217.8
98219.6
98221.2
98222.7
98224
98225.2
98226.1
98226.8
98227.4
98227.7
98227.8
98227.7
98227.4
98226.9
98226.4
98225.8
98225.1
98224.5
98224
98223.8
98223.7
98224
98224.7
98226
98227.8
98230.3
98233.5
98237.6
98242.6
98248.6
98255.7
98263.9
98273.3
98284
98296
98309.4
98324.1
98340.4
98358
98377.1
98397.4
98419
98441.9
98465.9
98490.8
98516.4
98542.7
98569.4
98596.4
98623.5
98650.4
98676.9
98702.8
98728.1
98752.8
98776.8
98800.2
98822.9
98845.1
98866.7
98888.1
98909.3
98930
98950.3
98970.1
98989.1
99007.2
99024.2
99040.1
99054.3
99066.8
99077.8
99087.1
99094.8
99100.9
99106
99109.8
99112.7
99115
99116.8
99118.1
99119.3
99120.4
99121.9
99124.1
99127
99130.7
99135.8
99142.5
99151.6
99162.8
99176.8
99193.1
99211.9
99232
99254
99276.3
99299.8
99322.1
99344.2
99363.3
99380.2
99392
99398.7
99398.2
99387
98124.8
98122.2
98119.8
98117.5
98115.3
98113.2
98111.3
98109.5
98107.8
98106.2
98104.8
98103.6
98102.5
98101.6
98100.8
98100.2
98099.8
98099.5
98099.4
98099.5
98099.7
98100.1
98100.7
98101.5
98102.5
98103.6
98104.9
98106.4
98108
98109.9
98111.8
98113.9
98116.2
98118.6
98121.1
98123.7
98126.4
98129.2
98132.1
98135
98138
98141.1
98144.1
98147.2
98150.2
98153.3
98156.3
98159.3
98162.2
98165.1
98167.9
98170.7
98173.5
98176.2
98178.8
98181.4
98183.9
98186.4
98188.8
98191.3
98193.7
98196.1
98198.5
98201
98203.5
98206
98208.5
98211
98213.6
98216.2
98218.8
98221.4
98224
98226.5
98228.9
98231.3
98233.5
98235.6
98237.6
98239.3
98240.9
98242.2
98243.4
98244.3
98245
98245.4
98245.7
98245.9
98245.8
98245.7
98245.6
98245.4
98245.4
98245.5
98245.9
98246.5
98247.6
98249.1
98251.2
98254
98257.5
98261.9
98267.1
98273.4
98280.7
98289.2
98298.9
98309.9
98322.3
98336
98351.2
98367.9
98386.1
98405.6
98426.6
98448.9
98472.5
98497.3
98523
98549.5
98576.7
98604.4
98632.3
98660.5
98688.4
98716
98743
98769.5
98795.5
98820.7
98845.4
98869.6
98893.2
98916.5
98939.6
98962.5
98985
99007.1
99028.8
99049.7
99069.7
99088.5
99106.3
99122.4
99136.7
99149.3
99160.3
99169.5
99177.1
99183.6
99188.6
99192.6
99195.9
99198.6
99200.7
99202.5
99204.2
99206.1
99208.4
99211.4
99214.9
99219.7
99226
99234.4
99244.6
99257.5
99272.3
99289.5
99307.8
99327.9
99348.2
99369.5
99389.4
99409.3
99425.8
99440.3
99449.7
99454.1
99451.1
99437.3
98137.6
98134.8
98132.1
98129.6
98127.1
98124.7
98122.4
98120.3
98118.3
98116.4
98114.7
98113.2
98111.8
98110.5
98109.5
98108.5
98107.8
98107.2
98106.8
98106.6
98106.6
98106.7
98107.1
98107.6
98108.3
98109.2
98110.3
98111.5
98112.9
98114.5
98116.3
98118.2
98120.3
98122.5
98124.9
98127.4
98130
98132.6
98135.4
98138.3
98141.2
98144.1
98147.1
98150.1
98153.1
98156.1
98159.1
98162.1
98165
98167.9
98170.8
98173.6
98176.5
98179.2
98181.9
98184.6
98187.3
98189.9
98192.5
98195.1
98197.8
98200.4
98203.1
98205.8
98208.6
98211.3
98214.2
98217.1
98220
98222.9
98225.9
98228.9
98231.8
98234.8
98237.6
98240.4
98243.1
98245.6
98248
98250.2
98252.3
98254.1
98255.6
98257
98258.1
98259.1
98259.8
98260.3
98260.7
98260.9
98261.2
98261.4
98261.7
98262.1
98262.8
98263.7
98265
98266.7
98269.1
98272.1
98275.8
98280.4
98285.8
98292.3
98299.9
98308.6
98318.5
98329.8
98342.4
98356.4
98371.9
98388.9
98407.5
98427.5
98448.9
98471.7
98495.8
98521.2
98547.5
98574.7
98602.5
98630.9
98659.6
98688.4
98717.1
98745.5
98773.4
98800.8
98827.6
98853.8
98879.5
98904.7
98929.5
98954
98978.4
99002.5
99026.5
99050
99073.1
99095.5
99116.9
99137.1
99156.3
99173.9
99189.5
99203.4
99215.6
99226
99234.8
99242.2
99248.2
99253
99257.1
99260.4
99263.1
99265.4
99267.5
99269.6
99272
99275
99278.3
99283
99288.8
99296.7
99306.2
99318.1
99331.7
99347.7
99364.6
99383.2
99401.8
99421.5
99439.6
99457.7
99472.3
99484.9
99492.5
99495.1
99490.1
99474.4
98147.2
98144.1
98141.3
98138.5
98135.8
98133.2
98130.7
98128.3
98126.1
98124
98122.1
98120.3
98118.7
98117.2
98115.9
98114.7
98113.8
98113
98112.4
98111.9
98111.7
98111.6
98111.8
98112.1
98112.6
98113.3
98114.2
98115.3
98116.6
98118
98119.6
98121.4
98123.4
98125.5
98127.7
98130.1
98132.6
98135.2
98137.8
98140.6
98143.5
98146.4
98149.3
98152.2
98155.2
98158.2
98161.2
98164.2
98167.1
98170.1
98173
98175.9
98178.8
98181.6
98184.4
98187.2
98189.9
98192.7
98195.4
98198.2
98201
98203.8
98206.7
98209.6
98212.5
98215.5
98218.6
98221.7
98224.9
98228.1
98231.3
98234.5
98237.8
98241
98244.1
98247.2
98250.2
98253.1
98255.8
98258.3
98260.6
98262.8
98264.7
98266.3
98267.8
98269
98270
98270.9
98271.5
98272.1
98272.6
98273
98273.6
98274.2
98275.1
98276.2
98277.7
98279.7
98282.2
98285.4
98289.3
98294
98299.6
98306.2
98313.9
98322.8
98332.9
98344.3
98357.1
98371.4
98387.1
98404.4
98423.2
98443.5
98465.3
98488.5
98513
98538.7
98565.5
98593.1
98621.4
98650.3
98679.5
98708.8
98738
98766.9
98795.5
98823.5
98850.9
98877.8
98904.3
98930.2
98955.9
98981.2
99006.5
99031.6
99056.5
99081.1
99105.3
99128.7
99151.2
99172.5
99192.7
99211.3
99228
99242.8
99255.8
99267.1
99276.6
99284.8
99291.5
99297
99301.6
99305.4
99308.5
99311.2
99313.5
99315.8
99318.3
99321.2
99324.4
99328.9
99334.4
99341.8
99350.7
99361.9
99374.7
99389.7
99405.6
99423.1
99440.5
99459
99475.7
99492.4
99505.7
99516.9
99523
99524.3
99517.9
99500.9
98153.8
98150.7
98147.7
98144.7
98141.9
98139.1
98136.5
98134
98131.6
98129.3
98127.2
98125.3
98123.5
98121.8
98120.4
98119.1
98117.9
98117
98116.2
98115.6
98115.2
98115
98115
98115.2
98115.6
98116.2
98117
98117.9
98119.1
98120.4
98121.9
98123.6
98125.5
98127.5
98129.7
98132
98134.4
98136.9
98139.6
98142.3
98145.1
98147.9
98150.9
98153.8
98156.8
98159.7
98162.7
98165.7
98168.7
98171.7
98174.6
98177.6
98180.5
98183.4
98186.2
98189.1
98191.9
98194.8
98197.6
98200.5
98203.4
98206.3
98209.3
98212.3
98215.4
98218.6
98221.8
98225
98228.4
98231.7
98235.1
98238.6
98242
98245.4
98248.7
98252
98255.2
98258.3
98261.2
98263.9
98266.5
98268.8
98270.9
98272.8
98274.5
98275.9
98277.2
98278.2
98279
98279.8
98280.5
98281.1
98281.9
98282.7
98283.7
98285
98286.6
98288.7
98291.4
98294.6
98298.7
98303.5
98309.2
98315.9
98323.8
98332.7
98343
98354.5
98367.5
98381.8
98397.7
98415.2
98434.2
98454.7
98476.7
98500.1
98524.9
98550.8
98577.9
98605.9
98634.5
98663.7
98693.2
98722.9
98752.4
98781.7
98810.7
98839.1
98867
98894.4
98921.3
98947.8
98974.1
99000
99025.9
99051.7
99077.3
99102.6
99127.5
99151.7
99174.9
99197
99217.8
99237.2
99254.5
99270
99283.6
99295.5
99305.6
99314.3
99321.5
99327.5
99332.5
99336.6
99339.9
99342.8
99345.3
99347.8
99350.2
99353.2
99356.2
99360.6
99365.8
99373
99381.5
99392.1
99404.3
99418.6
99433.8
99450.5
99467.1
99484.6
99500.4
99516.2
99528.4
99538.7
99543.8
99544.2
99536.7
99518.8
98158.2
98154.9
98151.8
98148.8
98145.8
98143
98140.2
98137.6
98135.1
98132.7
98130.5
98128.5
98126.5
98124.8
98123.2
98121.8
98120.6
98119.5
98118.6
98118
98117.5
98117.2
98117.1
98117.2
98117.5
98118
98118.7
98119.6
98120.7
98121.9
98123.4
98125
98126.8
98128.8
98130.9
98133.2
98135.6
98138.1
98140.7
98143.4
98146.2
98149
98151.9
98154.8
98157.8
98160.8
98163.8
98166.8
98169.8
98172.8
98175.7
98178.7
98181.7
98184.6
98187.5
98190.4
98193.3
98196.2
98199.1
98202.1
98205
98208
98211.1
98214.2
98217.4
98220.6
98223.9
98227.3
98230.7
98234.1
98237.6
98241.2
98244.7
98248.2
98251.7
98255.1
98258.4
98261.6
98264.7
98267.5
98270.2
98272.7
98275
98277
98278.8
98280.4
98281.7
98282.9
98283.9
98284.8
98285.6
98286.4
98287.2
98288.1
98289.2
98290.6
98292.3
98294.5
98297.2
98300.6
98304.7
98309.6
98315.4
98322.1
98330
98339.1
98349.4
98361
98374
98388.5
98404.5
98422
98441.2
98461.8
98483.9
98507.5
98532.4
98558.6
98585.8
98614
98642.8
98672.2
98701.9
98731.8
98761.6
98791.1
98820.3
98849
98877.2
98904.9
98932.2
98959
98985.6
99012
99038.3
99064.5
99090.6
99116.3
99141.7
99166.3
99190.1
99212.6
99233.9
99253.7
99271.5
99287.5
99301.5
99313.7
99324.2
99333.3
99340.8
99347
99352.3
99356.6
99360.1
99363.1
99365.7
99368.2
99370.7
99373.6
99376.6
99380.8
99385.9
99392.8
99401
99411.3
99423
99436.9
99451.6
99467.8
99483.8
99500.8
99516
99531.2
99542.7
99552.4
99556.8
99556.5
99548.3
99530
98160.6
98157.3
98154.2
98151.1
98148
98145.1
98142.3
98139.6
98137
98134.6
98132.3
98130.2
98128.3
98126.4
98124.8
98123.3
98122
98120.9
98120
98119.3
98118.7
98118.4
98118.2
98118.3
98118.6
98119
98119.7
98120.5
98121.6
98122.8
98124.2
98125.8
98127.6
98129.6
98131.6
98133.9
98136.2
98138.7
98141.3
98144
98146.8
98149.6
98152.5
98155.4
98158.4
98161.4
98164.4
98167.4
98170.4
98173.4
98176.4
98179.4
98182.3
98185.3
98188.2
98191.2
98194.1
98197
98200
98203
98206
98209
98212.1
98215.2
98218.5
98221.7
98225.1
98228.5
98232
98235.5
98239.1
98242.6
98246.2
98249.8
98253.4
98256.8
98260.2
98263.5
98266.6
98269.6
98272.3
98274.9
98277.2
98279.3
98281.2
98282.8
98284.3
98285.5
98286.6
98287.5
98288.4
98289.2
98290.1
98291.1
98292.3
98293.7
98295.5
98297.7
98300.4
98303.8
98308
98312.9
98318.7
98325.5
98333.5
98342.6
98352.9
98364.6
98377.6
98392.2
98408.2
98425.8
98445
98465.7
98487.9
98511.5
98536.5
98562.8
98590.1
98618.4
98647.3
98676.8
98706.7
98736.6
98766.5
98796.2
98825.5
98854.4
98882.7
98910.6
98938
98965.1
98991.9
99018.5
99045
99071.5
99097.8
99123.8
99149.5
99174.4
99198.4
99221.2
99242.8
99262.9
99280.9
99297.1
99311.3
99323.8
99334.5
99343.8
99351.5
99357.9
99363.2
99367.7
99371.3
99374.4
99377
99379.5
99382
99384.8
99387.8
99391.9
99396.8
99403.6
99411.6
99421.6
99433.1
99446.7
99461.1
99477
99492.8
99509.4
99524.3
99539.2
99550.4
99559.7
99563.8
99563.1
99554.5
99536.1
98161.7
98158.3
98155.1
98152
98148.9
98146
98143.1
98140.4
98137.9
98135.4
98133.1
98131
98129
98127.1
98125.5
98124
98122.7
98121.5
98120.6
98119.8
98119.3
98118.9
98118.7
98118.8
98119
98119.4
98120.1
98120.9
98121.9
98123.2
98124.6
98126.2
98127.9
98129.9
98131.9
98134.2
98136.5
98139
98141.6
98144.3
98147
98149.9
98152.7
98155.7
98158.6
98161.6
98164.6
98167.6
98170.7
98173.7
98176.7
98179.6
98182.6
98185.6
98188.5
98191.4
98194.4
98197.3
98200.3
98203.3
98206.3
98209.3
98212.5
98215.6
98218.9
98222.2
98225.5
98229
98232.5
98236
98239.6
98243.2
98246.8
98250.4
98254
98257.5
98260.9
98264.2
98267.4
98270.3
98273.1
98275.7
98278.1
98280.2
98282.1
98283.8
98285.2
98286.5
98287.6
98288.6
98289.5
98290.3
98291.3
98292.3
98293.5
98294.9
98296.7
98298.9
98301.7
98305.1
98309.3
98314.2
98320.1
98326.9
98334.9
98344
98354.3
98366
98379.1
98393.6
98409.7
98427.3
98446.5
98467.3
98489.5
98513.2
98538.2
98564.5
98591.8
98620.1
98649.1
98678.6
98708.5
98738.5
98768.5
98798.2
98827.6
98856.5
98884.9
98912.8
98940.4
98967.5
98994.4
99021
99047.6
99074.2
99100.6
99126.7
99152.5
99177.5
99201.6
99224.5
99246.2
99266.4
99284.6
99300.9
99315.2
99327.8
99338.6
99347.9
99355.7
99362.2
99367.6
99372.1
99375.7
99378.8
99381.5
99384
99386.4
99389.2
99392.1
99396.2
99401.1
99407.7
99415.7
99425.6
99437.1
99450.5
99464.8
99480.6
99496.2
99512.7
99527.5
99542.2
99553.3
99562.5
99566.4
99565.7
99556.9
99538.8
99081.8
98981.4
98881.1
98785.5
98693.9
98608.2
98530.2
98461.2
98402.1
98353.5
98314.7
98285.9
98263.4
98248
98231
98215.2
98189.5
98158.7
98116.4
98072.5
98026.6
97988.4
97960.4
97942.9
97954.2
99056.2
98957.6
98859
98765.1
98675.2
98591.5
98515.3
98448.2
98390.8
98343.9
98306.8
98279.4
98258.1
98243.6
98227.4
98212.2
98186.9
98156.4
98114.4
98070.8
98025.2
97987.4
97959.7
97942.4
97954.2
99012.3
98915.8
98820.2
98729.3
98642.6
98562
98489
98425
98370.6
98326.6
98292
98267
98247.8
98235.1
98220.5
98206.6
98182.4
98152.8
98111.6
98068.8
98023.8
97986.5
97959.3
97942
97954.3
98950.8
98857.4
98765.8
98679.2
98596.8
98520.6
98452
98392.2
98342
98301.8
98270.9
98249.2
98232.9
98222.8
98210.5
98198.3
98175.8
98147.5
98107.5
98065.6
98021.4
97984.9
97958.1
97941.1
97953.8
98872.8
98783.5
98697.1
98615.8
98538.8
98468.1
98405
98350.5
98305.5
98270.2
98243.8
98226.3
98213.8
98206.9
98197.4
98187.6
98167.2
98140.6
98102.1
98061.4
98018.3
97982.7
97956.5
97940
97953.4
98781.4
98697.3
98617
98542
98471.3
98407
98350.1
98301.8
98262.8
98233.2
98212
98199.3
98191.1
98187.9
98181.9
98174.9
98157
98132.4
98095.7
98056.5
98014.7
97980.1
97954.6
97938.6
97952.9
98679.2
98601.1
98527.8
98459.8
98396.2
98338.9
98289
98247.4
98215
98191.6
98176.3
98168.9
98165.5
98166.4
98164.2
98160.3
98145.4
98123.1
98088.4
98050.9
98010.5
97977.1
97952.5
97937.1
97952.4
98569
98497.6
98431.8
98371.3
98315.3
98265.5
98223.1
98188.8
98163.4
98146.5
98137.4
98135.6
98137.4
98142.8
98144.6
98144.3
98132.5
98112.8
98080.3
98044.7
98005.8
97973.8
97950.2
97935.4
97951.8
98453.2
98389
98331.1
98278.5
98230.5
98188.3
98153.7
98127
98108.9
98098.9
98096.2
98100.2
98107.4
98117.5
98123.6
98127
98118.5
98101.6
98071.6
98038
98000.8
97970.3
97947.6
97933.7
97951.3
98334.1
98277.4
98227.8
98183.1
98143.2
98108.9
98082.3
98063.3
98052.6
98049.5
98053.3
98063.4
98076
98090.9
98101.4
98108.6
98103.6
98089.7
98062.3
98030.9
97995.4
97966.5
97945
97931.8
97950.8
98213.9
98164.8
98123.5
98086.8
98055
98028.6
98010.2
97998.8
97995.4
97999.2
98009.6
98025.7
98043.7
98063.4
98078.4
98089.5
98088.1
98077.2
98052.5
98023.4
97989.8
97962.6
97942.3
97930
97950.2
98094.5
98053.1
98020.1
97991.1
97967.3
97948.9
97938.3
97934.4
97938.2
97948.8
97965.6
97987.5
98010.9
98035.4
98054.8
98069.8
98072
98064.3
98042.3
98015.7
97984
97958.5
97939.5
97928.1
97949.7
97977.7
97943.6
97918.7
97897.3
97881.4
97870.6
97867.8
97870.9
97881.8
97898.9
97922
97949.5
97977.9
98007.1
98030.9
98049.9
98055.6
98051.1
98031.9
98007.8
97978
97954.4
97936.6
97926.2
97949.1
97864.6
97837.6
97820.7
97806.4
97798.3
97794.7
97799.3
97809.2
97826.9
97850.2
97879.1
97912
97945.3
97979
98006.9
98029.7
98039
98037.8
98021.3
97999.7
97971.9
97950.2
97933.8
97924.3
97948.5
97756.5
97736.3
97726.9
97719.4
97718.6
97721.9
97733.5
97750
97774
97803.2
97837.5
97875.4
97913.3
97951.3
97983.2
98009.7
98022.4
98024.4
98010.7
97991.6
97965.8
97946
97930.9
97922.5
97948
97654.3
97640.4
97638.1
97637
97643.1
97652.9
97670.9
97693.7
97723.5
97758.2
97797.6
97840
97882.2
97924.2
97959.9
97989.8
98005.9
98011
98000.1
97983.6
97959.7
97941.8
97928.1
97920.7
97947.4
97558.8
97550.8
97555
97559.9
97572.4
97588.1
97612
97640.6
97675.7
97715.6
97759.6
97806.3
97852.3
97898
97937.1
97970.4
97989.7
97997.8
97989.6
97975.6
97953.6
97937.7
97925.3
97918.9
97946.8
97470.7
97468.2
97478.5
97488.8
97507
97528.1
97557.4
97591.3
97631.3
97675.8
97723.9
97774.5
97823.9
97873
97915.3
97951.6
97974
97985
97979.4
97967.8
97947.7
97933.6
97922.6
97917.2
97946.3
97390.4
97392.7
97408.4
97423.4
97446.6
97472.7
97506.7
97545.3
97589.5
97638.1
97689.9
97743.8
97796.4
97848.4
97893.6
97932.8
97958.1
97971.8
97968.8
97959.6
97941.5
97929.4
97919.7
97915.4
97945.7
97318.8
97325.1
97345.4
97364.5
97392.1
97422.6
97460.6
97503.3
97551.1
97603.2
97658
97714.9
97770
97824.5
97872.3
97914.1
97942.1
97958.5
97958.1
97951.3
97935.1
97925.1
97916.8
97913.7
97945.2
97256.4
97266.1
97290.5
97313
97344.5
97378.9
97420.5
97466.5
97517.4
97572.2
97629.6
97688.7
97746.1
97802.7
97852.6
97896.6
97927
97945.8
97947.8
97943.4
97929.1
97921.1
97914.1
97912.1
97944.8
97203.5
97216.1
97243.8
97269.3
97304.3
97341.8
97386.5
97435.3
97488.5
97545.4
97604.8
97665.6
97724.6
97782.8
97834.6
97880.4
97912.9
97934
97938.2
97935.9
97923.5
97917.3
97911.6
97910.7
97944.3
97160.4
97175.3
97206
97233.8
97271.8
97311.8
97359
97409.7
97464.8
97523.2
97583.8
97645.8
97705.9
97765.3
97818.4
97865.7
97900
97923
97929.3
97929
97918.2
97913.9
97909.3
97909.5
97944
97127.3
97144.2
97177.4
97207
97247.4
97289.2
97338.3
97390.3
97446.4
97505.7
97567
97629.5
97690.1
97750.1
97804.1
97852.6
97888.3
97912.9
97921.1
97922.6
97913.5
97910.8
97907.3
97908.4
97943.7
97104.5
97123.1
97158.4
97189.5
97231.4
97274.4
97324.6
97377.1
97433.8
97493.2
97554.4
97616.7
97677.2
97737.4
97791.9
97841.2
97878
97903.9
97913.7
97916.9
97909.2
97908.1
97905.5
97907.6
97943.5
97092.2
97112.2
97149.3
97181.3
97224.2
97267.7
97318.1
97370.4
97427
97485.8
97546.2
97607.7
97667.6
97727.4
97781.9
97831.5
97869
97896
97907.2
97911.7
97905.5
97905.8
97904
97907
97943.4
97090.6
97111.6
97150
97182.7
97225.8
97269
97318.9
97370.4
97426
97483.5
97542.4
97602.5
97661.1
97720.1
97774
97823.5
97861.4
97889.1
97901.6
97907.3
97902.3
97903.9
97902.8
97906.7
97943.4
97099.7
97121.5
97160.7
97193.4
97236.2
97278.5
97327.2
97377
97430.9
97486.4
97543.2
97601.3
97658.2
97715.7
97768.6
97817.5
97855.4
97883.5
97897
97903.7
97899.8
97902.5
97901.9
97906.6
97943.5
97119.1
97141.4
97180.8
97213.1
97254.9
97295.7
97342.4
97390.1
97441.5
97494.3
97548.4
97603.9
97658.6
97714.1
97765.5
97813.4
97851
97879.2
97893.3
97900.9
97897.9
97901.5
97901.3
97906.7
97943.7
97149
97171.4
97210.4
97241.7
97282.1
97320.8
97364.8
97409.6
97457.8
97507.2
97557.9
97610.3
97662.2
97715.1
97764.5
97811.1
97847.9
97875.9
97890.5
97898.7
97896.5
97900.8
97901.1
97907
97944
97189.1
97211.3
97249.4
97279.3
97317.4
97353.6
97394.2
97435.5
97479.7
97525.1
97571.8
97620.4
97668.9
97718.7
97765.7
97810.4
97846.2
97873.7
97888.5
97897.1
97895.6
97900.6
97901
97907.5
97944.4
97239.4
97260.9
97297.5
97325.7
97361.1
97394.1
97430.6
97467.7
97507.1
97547.8
97589.9
97634.1
97678.6
97724.8
97769
97811.5
97845.7
97872.5
97887.3
97896.2
97895.2
97900.7
97901.3
97908.3
97944.9
97299.9
97320.3
97354.8
97380.9
97412.9
97442
97473.9
97506
97540
97575.4
97612.2
97651.4
97691.3
97733.5
97774.3
97814.1
97846.6
97872.4
97886.9
97895.8
97895.3
97901.2
97901.9
97909.2
97945.5
97370.2
97389
97420.9
97444.4
97472.5
97497
97523.6
97550.1
97578.1
97607.6
97638.5
97672
97706.9
97744.5
97781.5
97818.3
97848.6
97873.1
97887.2
97896.1
97895.9
97902
97902.7
97910.4
97946.3
97455.4
97471.9
97500.3
97520.4
97543.6
97562.4
97582.9
97602.7
97623.7
97646.1
97670.1
97697.1
97726.1
97758.5
97791.1
97824.3
97852.1
97875
97888.4
97896.9
97896.9
97903.2
97903.8
97911.8
97947.1
97557.6
97570.8
97594.6
97610.3
97627.4
97639.5
97652.7
97664.6
97677.4
97691.6
97707.7
97727.2
97749.3
97775.7
97803.2
97832.3
97857.1
97878
97890.4
97898.5
97898.6
97904.7
97905.2
97913.4
97948.1
97670.2
97679.7
97698.1
97708.5
97719
97723.9
97729.2
97732.5
97736.4
97741.7
97749.1
97760.5
97775.4
97795.2
97817.1
97841.7
97863.1
97881.8
97893
97900.5
97900.6
97906.6
97906.9
97915.2
97949.2
97792.6
97798.2
97810.6
97814.9
97818.1
97815.3
97811.9
97805.9
97800.2
97796
97794.3
97797.1
97804.1
97816.8
97832.8
97852.4
97870.2
97886.4
97896.3
97903
97903
97908.8
97908.8
97917.2
97950.4
97924.3
97925.4
97931.1
97928.7
97924.2
97913.2
97900.2
97884.3
97868.3
97854.1
97842.9
97836.5
97835.1
97840.3
97849.9
97864.3
97878.3
97891.7
97900.1
97906
97905.8
97911.2
97911
97919.4
97951.6
98064.2
98060.3
98058.6
98048.8
98036.2
98016.3
97993.2
97966.9
97940.3
97915.7
97894.4
97878.3
97868
97865.4
97868.4
97877.3
97887.1
97897.6
97904.4
97909.3
97908.8
97913.9
97913.4
97921.7
97953
98210.7
98201.3
98191.7
98174.4
98152.9
98123.6
98090.2
98053.1
98015.4
97979.9
97948
97922
97902.5
97891.7
97887.8
97891
97896.5
97904.1
97909
97912.9
97912.1
97916.7
97916
97924.2
97954.5
98362.3
98347.2
98329.5
98304.2
98273.5
98234.2
98190.1
98142
98093
98046.1
98003.3
97967
97938.1
97918.9
97908
97905.2
97906.4
97910.8
97914
97916.8
97915.6
97919.7
97918.8
97926.8
97956
98516.6
98495.7
98469.9
98436.4
98396.3
98346.8
98291.7
98232.4
98171.9
98113.5
98059.4
98012.7
97974.3
97946.6
97928.5
97919.9
97916.6
97917.9
97919.2
97920.8
97919.2
97922.9
97921.7
97929.4
97957.6
98670.3
98643.7
98609.9
98568.1
98518.6
98459
98393
98322.4
98250.5
98180.4
98115.2
98058
98010.1
97974.1
97948.8
97934.4
97926.8
97925.1
97924.5
97924.9
97922.9
97926
97924.7
97932.1
97959.2
98831
98798.2
98756.5
98706.1
98646.8
98576.7
98499.5
98417
98332.9
98250.8
98173.8
98105.5
98047.7
98002.8
97970.1
97949.8
97937.7
97932.8
97930.1
97929.4
97926.9
97929.6
97928
97935.1
97960.9
98984.8
98946.1
98897.3
98838.7
98770
98690
98602
98508.2
98412.4
98318.6
98230.2
98151.2
98083.8
98030.4
97990.6
97964.6
97948.2
97940.2
97935.7
97933.8
97930.9
97933.1
97931.5
97938
97962.6
99111.8
99068.6
99013.9
98948.6
98872.2
98783.9
98686.9
98583.7
98478.2
98374.6
98276.7
98188.8
98113.4
98053
98007.4
97976.7
97956.9
97946.5
97940.3
97937.5
97934.3
97936.1
97934.4
97940.5
97963.9
99214.9
99168.1
99108.8
99038.1
98955.5
98860.5
98756.1
98645.2
98531.7
98420.2
98314.5
98219.3
98137.3
98071.3
98021
97986.6
97964
97951.6
97944.2
97940.6
97937.1
97938.5
97936.8
97942.5
97965
99296.7
99247.1
99184.4
99109.5
99021.9
98921.5
98811.2
98694.2
98574.3
98456.4
98344.6
98243.5
98156.4
98085.8
98031.9
97994.5
97969.6
97955.7
97947.2
97943.1
97939.3
97940.5
97938.8
97944.1
97965.8
99360.1
99308.6
99243.3
99165.1
99073.7
98969.1
98854.3
98732.4
98607.5
98484.6
98368
98262.4
98171.2
98097.2
98040.3
98000.6
97974
97958.9
97949.6
97945
97941
97942
97940.3
97945.3
97966.4
99408.1
99355.2
99288.2
99207.5
99113.2
99005.4
98887.1
98761.5
98632.8
98506.2
98385.9
98276.9
98182.6
98105.9
98046.8
98005.3
97977.3
97961.3
97951.3
97946.4
97942.3
97943.2
97941.4
97946.2
97966.7
99443.6
99389.8
99321.5
99239
99142.5
99032.3
98911.4
98783.1
98651.7
98522.2
98399.3
98287.7
98191.1
98112.4
98051.6
98008.8
97979.8
97963
97952.6
97947.4
97943.1
97944
97942.2
97946.8
97967
99468.9
99414.6
99345.4
99261.6
99163.4
99051.6
98928.9
98798.6
98665.2
98533.8
98408.9
98295.6
98197.3
98117.1
98055
98011.2
97981.5
97964.2
97953.5
97948.1
97943.7
97944.5
97942.7
97947.1
97967.1
99486.1
99431.5
99361.7
99276.9
99177.8
99064.8
98940.9
98809.3
98674.6
98541.8
98415.6
98301
98201.6
98120.3
98057.3
98012.8
97982.6
97964.9
97954
97948.5
97944
97944.8
97942.9
97947.3
97967.1
99496.9
99442
99371.9
99286.7
99187
99073.3
98948.7
98816.4
98680.8
98547.1
98420.1
98304.6
98204.4
98122.4
98058.8
98013.9
97983.3
97965.4
97954.3
97948.7
97944.2
97944.9
97943.1
97947.4
97967
99503.2
99448.2
99378
99292.5
99192.6
99078.6
98953.6
98820.9
98684.8
98550.6
98422.9
98306.9
98206.1
98123.6
98059.7
98014.4
97983.6
97965.6
97954.4
97948.7
97944.2
97944.9
97943.1
97947.4
97966.8
99506.5
99451.6
99381.6
99296.2
99196.3
99082.3
98957.2
98824.2
98687.9
98553.3
98425.3
98308.9
98207.7
98124.9
98060.6
98015.1
97984
97965.8
97954.6
97948.8
97944.3
97945
97943.1
97947.3
97966.8
)
;

boundaryField
{
    inlet
    {
        type            zeroGradient;
    }
    outlet
    {
        type            waveTransmissive;
        phi             phi;
        rho             rho;
        psi             psi;
        gamma           1.3;
        fieldInf        100000;
        lInf            0.3;
        value           uniform 100000;
    }
    upperWall
    {
        type            zeroGradient;
    }
    lowerWall
    {
        type            zeroGradient;
    }
    frontAndBack
    {
        type            empty;
    }
}


// ************************************************************************* //
