/*--------------------------------*- C++ -*----------------------------------*\
| =========                 |                                                 |
| \\      /  F ield         | OpenFOAM: The Open Source CFD Toolbox           |
|  \\    /   O peration     | Version:  dev                                   |
|   \\  /    A nd           | Web:      http://www.openfoam.org               |
|    \\/     M anipulation  |                                                 |
\*---------------------------------------------------------------------------*/
FoamFile
{
    version     2.0;
    format      ascii;
    class       volScalarField;
    object      p;
    location    "9.163";
}
// * * * * * * * * * * * * * * * * * * * * * * * * * * * * * * * * * * * * * //

dimensions      [1 -1 -2 0 0 0 0];

internalField   nonuniform List<scalar> 
12225
(
89382.2
89420.5
89534.6
89715
89942.1
90211.2
90507.8
90831
91166.5
91517
91867.6
92229
92575.9
92939.5
93279.8
93619.3
94005.8
94254
89388.3
89428.6
89543
89723.3
89950
90218.9
90515.3
90838.2
91173.5
91523.8
91874.1
92234
92582.2
92943.1
93283.3
93635.3
93990.5
94380.7
89405.7
89448.7
89563.7
89743.3
89969.2
90237.6
90533.4
90855.9
91190.7
91540
91890.2
92247.9
92597.7
92951.8
93298
93648.7
94013.7
94431.1
89440.4
89484.3
89599.9
89778.4
90003.4
90270.8
90566
90887.2
91221.6
91569
91919
92273.8
92623.7
92974
93318.1
93669.4
94013.5
94366.4
89494
89539.9
89655.6
89832.6
90056.8
90322.7
90616.8
90936.2
91269.6
91614.6
91964
92315.1
92664.8
93009.6
93355.3
93695.2
94018.7
94372.8
89574.5
89621.5
89735.6
89911.2
90134
90398.2
90690.4
91007.5
91339.2
91681.4
92029.2
92376.9
92724.8
93064.9
93410.3
93733.9
94071.6
94399.1
89691.4
89734.6
89846.5
90020.7
90241.5
90503.3
90793.2
91107.2
91436.5
91775.4
92120.4
92464.9
92809.3
93145.4
93486.3
93805.6
94143
94448.3
89821.9
89863.6
89974
90146.5
90365.3
90624.3
90911.9
91222.3
91548.9
91884.4
92226
92566.9
92907.2
93239.4
93573.7
93889.1
94209.2
94501.1
89963.8
90003.4
90112.5
90283.3
90500
90756.1
91041.1
91348.1
91671.6
92003.3
92341.2
92678.2
93013.7
93341.7
93668.2
93976.8
94281.9
94564.3
90148.5
90189.1
90297.5
90466.1
90680.3
90932.5
91213.9
91516.6
91835.7
92162.6
92495.3
92827
93156
93478
93794.2
94094.5
94383.8
94655.8
90397.9
90437.3
90544.9
90710.6
90921.4
91168.5
91445.1
91741.9
92054.9
92375.6
92701.3
93025.7
93346.2
93659.8
93964.2
94254.2
94529.8
94790.6
90731.1
90768.6
90875.4
91036.9
91243
91483.5
91753.3
92042.4
92347.3
92659.5
92976
93290.8
93600.9
93903.4
94195
94473.3
94735.4
94982.2
91175.5
91210.3
91314.9
91471
91670.6
91902.7
92163.1
92442.3
92736.4
93037.3
93341.8
93644.4
93941.9
94230.7
94507.8
94772.3
95020.8
95253.1
91766.2
91797.4
91897.5
92046.5
92236.9
92458.3
92706.2
92972.4
93252.1
93538.7
93828
94115
94396.5
94668.8
94929.5
95177.3
95409.8
95626.8
92546
92572.5
92664.7
92804.1
92982.2
93189.6
93421.5
93670.6
93932.1
94200.1
94469.9
94737.2
94998.6
95251.1
95492.3
95720.4
95934.1
96133
93558.6
93581.4
93664.7
93791.8
93953.9
94143.1
94354.3
94581.4
94819.5
95063.3
95308.4
95550.9
95787.5
96015.4
96232.6
96437.3
96628.7
96806
94860.3
94877.6
94948.4
95058.8
95200.1
95365.8
95550.7
95749.7
95957.9
96171.1
96385.1
96596.5
96802.2
96999.7
97187.2
97363.5
97527.4
97678.3
96366.8
96379.8
96436.4
96526.8
96643.8
96781.9
96936.4
97102.7
97276.7
97454.5
97632.7
97808.2
97978.4
98141.2
98294.9
98438.5
98571.1
98692.2
97830.9
97838.8
97881.2
97951.8
98045
98156.1
98280.8
98415.2
98555.6
98698.9
98842
98982.4
99118
99246.9
99367.8
99479.8
99581.9
99673.6
99102.7
99102.1
99132.9
99187.4
99260.7
99348.6
99447.3
99553.7
99664.6
99777.6
99890
99999.6
100105
100204
100296
100380
100455
100522
100149
100151
100176
100219
100276
100344
100421
100504
100590
100677
100764
100847
100927
101001
101069
101130
101182
101227
100991
100997
101019
101052
101096
101149
101208
101271
101337
101404
101469
101531
101590
101644
101692
101733
101767
101794
101649
101661
101680
101705
101739
101779
101824
101872
101922
101972
102020
102066
102109
102146
102178
102205
102225
102238
102159
102168
102183
102203
102228
102259
102293
102330
102367
102404
102440
102473
102503
102528
102548
102563
102572
102574
102539
102545
102555
102570
102589
102612
102639
102666
102695
102723
102749
102773
102793
102809
102821
102827
102827
102822
102810
102814
102820
102830
102845
102864
102884
102906
102928
102949
102969
102986
103000
103009
103014
103014
103009
102998
103001
102997
103000
103007
103019
103034
103051
103069
103087
103103
103118
103131
103140
103145
103146
103141
103132
103117
103122
103113
103113
103119
103129
103142
103157
103172
103187
103201
103213
103222
103229
103231
103229
103222
103210
103192
103188
103178
103176
103181
103190
103203
103216
103230
103244
103256
103266
103274
103279
103280
103276
103267
103254
103235
103217
103206
103203
103207
103216
103228
103241
103255
103267
103279
103288
103296
103300
103300
103296
103286
103272
103252
111973
111970
111962
111950
111934
111913
111887
111855
111817
111772
111721
111663
111598
111527
111449
111364
111272
111172
111064
110948
110823
110689
110544
110390
110226
110051
109867
109673
109468
109255
109032
108800
108559
108311
108054
107791
107523
107245
106959
106666
106368
106071
105771
105465
105155
104839
104515
104184
103847
103507
103162
102816
102468
102119
101768
101418
101067
100717
100369
100021
99675.7
99332.8
98992.5
98655.7
98323.1
97995.2
97672.3
97355.3
97045.4
96742.9
96448.5
96162.7
95886.7
95621.2
95367.2
95125.5
94896.8
94682.2
94482.3
94297.9
94129.7
93978
93843.2
93725.6
93625.5
93542.9
93477.8
93429.9
93398.8
93384.1
93384.8
93400
93428.3
93468.4
93518.5
93576.5
93640.6
93708.6
93778.3
93847.3
93913.2
93974.3
94028.6
94074
94109.6
94134.2
94146.9
94147.9
94137.4
94116.3
94085.7
94046.4
93998.7
93942.9
93880.5
93812.8
93740.8
93665.2
93587.9
93512.1
93437.4
93366.5
93297.8
93227.9
93149.6
93058.3
92953
92836
92707.5
92568
92420
92266.1
92106.3
91940.9
91773.3
91606.2
91440.3
91275.6
91112.3
90950.4
90786.5
90620.4
90447.2
90262.3
90060.7
89837.7
89587.2
89304.2
88984.5
88629.7
88237.8
87811.6
87354.9
86872.4
86374.7
85869.7
85370.1
84896.4
84444.4
84011.4
83604.7
83237.7
82918.2
82644.1
82407.6
82226.4
82114
82066
82079
82144.8
82247.5
82394.9
82604.9
82913.9
83292.8
83767.9
84167
84573.3
84965.8
85331.8
111790
111786
111779
111767
111752
111731
111706
111675
111637
111594
111544
111487
111425
111355
111280
111197
111107
111010
110905
110791
110669
110538
110398
110247
110087
109916
109735
109544
109343
109132
108911
108681
108444
108197
107942
107679
107411
107142
106866
106587
106306
106011
105704
105394
105083
104769
104448
104121
103789
103453
103113
102771
102428
102083
101737
101390
101044
100698
100353
100010
99668.4
99329.4
98993
98659.9
98330.9
98006.4
97687.1
97373.7
97066.9
96767.4
96475.8
96193
95919.6
95656.6
95405
95165.6
94939
94726.4
94528.4
94345.6
94179.1
94028.8
93895.3
93778.9
93679.8
93598
93533.6
93486.2
93455.7
93441.3
93442.4
93457.9
93486.6
93527.1
93577.5
93635.9
93700.3
93768.8
93839.2
93908.9
93975.8
94037.9
94093.5
94140.4
94177.8
94204.2
94218.6
94221.8
94213.6
94194.9
94167.1
94130.9
94085.9
94032.1
93971.4
93905.7
93835.5
93760.1
93681.6
93603
93526.8
93456
93387.5
93315.2
93235
93141.3
93034.1
92915.2
92784.3
92642.4
92491.9
92334.4
92171
92003.5
91834.2
91664.5
91496.6
91330.3
91164.9
91001.6
90835.6
90667.7
90492.7
90306.2
90104.1
89880.7
89630
89346.8
89027.1
88673.2
88282.5
87858.9
87405.5
86925.9
86432.2
85928.2
85428.7
84961
84517.2
84088.2
83681.4
83315.3
82997.9
82725.9
82486.4
82305
82191.3
82142.1
82157.3
82215.4
82316
82464
82675.1
82990.3
83378.5
83852
84247
84647.5
85033.3
85393.8
111431
111428
111422
111411
111397
111377
111352
111321
111284
111242
111194
111140
111080
111015
110943
110865
110780
110688
110589
110482
110366
110241
110106
109962
109808
109644
109470
109285
109090
108884
108667
108440
108207
107969
107724
107476
107225
106962
106690
106415
106137
105850
105555
105253
104946
104636
104321
104001
103677
103349
103018
102685
102350
102013
101676
101337
100999
100661
100324
99988.9
99655.1
99323.5
98994.7
98669.2
98347.4
98029.9
97717.4
97410.5
97110.1
96816.6
96530.8
96253.6
95985.6
95727.5
95480.6
95245.6
95023.2
94814.4
94620
94440.4
94277
94129.7
93998.7
93884.7
93787.6
93707.8
93644.9
93598.8
93569.3
93555.8
93557.6
93573.7
93602.9
93644
93695.1
93754.3
93819.5
93889
93961
94032.6
94101.6
94165.9
94223.9
94273.9
94315.4
94345.5
94362.9
94371
94367.9
94354
94331.5
94300.8
94261
94210.9
94153.3
94090.4
94023.1
93949.4
93870
93788.4
93710.9
93639.5
93568
93490.7
93405.6
93307.7
93196.8
93074
92937.9
92790.8
92635.6
92472.1
92301.5
92128.6
91955.5
91780.7
91607.8
91437.6
91268
91101.7
90933
90762
90584.6
90396.1
90192.3
89967.5
89716.8
89433.9
89114.9
88762.9
88374.7
87955.8
87508.9
87035.6
86551
86051.6
85552.3
85091.8
84664.7
84246.9
83842.6
83480.9
83171.2
82901.4
82658
82476.3
82358.5
82300.6
82307.1
82364.2
82463.3
82612.9
82822.5
83151.3
83569.8
84016.7
84417.3
84811.9
85185.2
85535.8
110913
110911
110905
110895
110880
110860
110834
110803
110767
110727
110682
110633
110578
110517
110451
110378
110300
110216
110125
110027
109920
109804
109679
109544
109399
109245
109080
108904
108717
108518
108307
108092
107876
107653
107422
107183
106940
106689
106431
106165
105893
105614
105330
105040
104744
104444
104139
103830
103517
103201
102882
102560
102237
101912
101586
101260
100933
100607
100281
99957.4
99635
99314.6
98996.7
98681.9
98370.7
98063.6
97761.1
97464
97172.9
96888.4
96611.2
96342.3
96082.3
95831.6
95591.7
95363.5
95147
94943.7
94754.8
94580.1
94421
94277.9
94150.8
94040.3
93946.3
93869.1
93808.7
93764.7
93737.1
93725.1
93728.2
93745.4
93775.5
93817.4
93869.4
93929.7
93996.3
94067.4
94141.4
94215.7
94287.7
94354.3
94416.3
94471
94517.4
94553.1
94577.4
94591.2
94594.3
94586.9
94570.6
94546
94511.8
94468.2
94416.5
94358.3
94295
94224
94145.3
94062.4
93983.4
93910.2
93834.4
93751
93659.3
93555.7
93439.2
93309.8
93166.6
93012.4
92849.5
92677.7
92497
92315.6
92137.3
91955.6
91775.4
91599
91422.2
91250.5
91078.4
90902.8
90721.9
90530.4
90323.9
90096.8
89846.4
89564.6
89247.2
88898.1
88514.2
88101.2
87663.5
87199.8
86729
86240.4
85741.7
85286
84877.4
84482.7
84084
83730.7
83436.4
83172.8
82924.9
82739.4
82615.1
82546.1
82539.7
82597.8
82698.4
82845.3
83055.3
83401
83859.6
84278.4
84681.8
85071.7
85428.9
85767
110249
110249
110244
110233
110218
110197
110172
110144
110113
110077
110037
109993
109943
109888
109828
109762
109691
109614
109532
109443
109347
109242
109128
109006
108874
108732
108580
108413
108234
108045
107853
107658
107457
107249
107033
106808
106575
106336
106090
105838
105579
105313
105041
104764
104482
104195
103904
103609
103310
103009
102704
102398
102090
101780
101469
101157
100846
100534
100224
99914.4
99606.4
99300.4
98996.8
98696.2
98398.8
98105.2
97815.8
97531.3
97252.5
96979.9
96714.1
96456
96206.4
95965.7
95735
95515.6
95307.3
95111.3
94929.3
94761.2
94607.9
94470.4
94348.3
94242.3
94152.5
94078.8
94021.6
93980.5
93955.4
93945.8
93951
93970.1
94001.7
94044.9
94098.2
94160
94228.8
94302.4
94378.7
94456.2
94530.1
94601.5
94667.7
94727.6
94779.5
94821.9
94854.3
94876.2
94887.1
94887.6
94878.4
94859.9
94831.7
94795.2
94751.4
94700.5
94642.8
94576.4
94500.8
94419.2
94339.5
94263.5
94182.3
94092.1
93993.6
93882.5
93759.3
93622.3
93470.8
93307.2
93132.3
92950.1
92759.6
92566.5
92380.9
92192.9
92004.1
91818.6
91632.8
91452.3
91273.6
91091.7
90905.7
90710.2
90500.5
90270.9
90018.8
89737.3
89423.1
89077.6
88701.2
88295.5
87867.4
87415.7
86960.8
86490.3
85999.1
85533.8
85139.8
84779.8
84398.6
84054.5
83777.6
83531.6
83282.7
83090.2
82960.4
82883.3
82862.8
82920.4
83026.7
83174.3
83391.8
83753.6
84242
84652.6
85047.2
85425.6
85766.9
86089.9
109461
109461
109456
109447
109433
109415
109396
109374
109348
109318
109284
109245
109201
109153
109099
109041
108977
108907
108833
108754
108669
108577
108477
108365
108245
108114
107972
107818
107655
107488
107320
107145
106959
106765
106563
106354
106136
105912
105681
105443
105199
104948
104692
104431
104164
103893
103619
103340
103059
102774
102487
102198
101907
101615
101323
101029
100735
100442
100149
99857.7
99567.5
99279.3
98993.2
98709.5
98428.8
98151.8
97878.5
97609.3
97345.6
97087.7
96836
96591.4
96354.7
96126.7
95907.4
95698.6
95500.6
95313.9
95140.5
94980.4
94834.3
94703.5
94587.7
94487.2
94402.5
94333.3
94279.9
94242.3
94220.1
94213.4
94221.2
94242.7
94276.8
94322.3
94377.7
94441.6
94513
94589.7
94668.4
94749
94828.1
94904.1
94975.2
95040.2
95098
95147.7
95189.2
95221.1
95242.2
95252.6
95252.2
95243
95224.9
95198
95161.4
95117.8
95066
95005.9
94934.9
94856.1
94776.4
94697
94609.2
94511.1
94404.1
94285.1
94154.5
94008
93846.5
93671.2
93483.2
93288.9
93087.3
92880.5
92683.6
92486.9
92289.9
92095.3
91900.6
91710.2
91520.7
91330.1
91136.9
90936.2
90722.6
90490.1
90236.3
89954.5
89643.2
89301.9
88934.9
88539.4
88120.9
87682.3
87244.5
86798.4
86324.4
85843.6
85459.1
85133.9
84784.4
84446.8
84188.3
83966
83724.5
83526.3
83392.5
83310.6
83287
83342.8
83455.2
83611
83848.3
84229.2
84731.3
85141.1
85516
85872.2
86196.7
86501.1
108571
108572
108569
108561
108551
108540
108527
108510
108489
108464
108435
108403
108366
108324
108278
108228
108173
108113
108048
107977
107902
107820
107728
107631
107524
107408
107280
107143
107004
106863
106714
106554
106386
106209
106024
105831
105631
105424
105210
104989
104761
104528
104289
104045
103797
103545
103289
103029
102766
102501
102234
101964
101694
101422
101149
100876
100603
100330
100058
99786.7
99516.8
99248.6
98982.5
98718.6
98457.3
98199.1
97944.4
97693.5
97447.3
97206.5
96971.4
96742.8
96521.5
96308.3
96103.2
95907.4
95721.8
95546.7
95383.6
95233
95095.8
94972.9
94864.4
94770.5
94691.9
94628.2
94579.6
94546.2
94527.7
94524.3
94534.9
94558.8
94595.6
94644.6
94703.2
94769.6
94844.1
94924
95006.3
95091.3
95175.9
95258.2
95335.8
95407.5
95472.7
95530.8
95581.7
95624.1
95656.4
95678.5
95689.8
95692.7
95687.8
95673.1
95645.5
95609.9
95565.5
95513.2
95447.6
95371.3
95290.7
95207.9
95112.7
95005.8
94888.8
94761
94621.1
94463.7
94290.9
94102.8
93901.5
93693.4
93479
93257.7
93045.4
92834.7
92627
92424.3
92221.4
92022.5
91821.2
91619.7
91417.3
91209.8
90991.9
90756.7
90499.2
90217.2
89908.8
89573.7
89215.9
88833.3
88427.2
88002.7
87580.6
87161.8
86715.6
86231
85843.6
85550.7
85235.2
84905.7
84662
84468.8
84245.3
84047.4
83909.5
83828.3
83812
83862.9
83978.9
84158.9
84425.8
84848
85335.3
85732
86083.4
86411.6
86716.7
87002.2
107606
107607
107605
107601
107595
107588
107579
107565
107548
107528
107505
107479
107449
107416
107380
107340
107296
107248
107194
107134
107069
106996
106918
106835
106744
106642
106530
106414
106299
106176
106043
105902
105752
105593
105427
105253
105071
104882
104686
104483
104274
104060
103841
103616
103388
103155
102919
102679
102437
102193
101947
101699
101450
101200
100950
100699
100449
100198
99948.6
99699.9
99452.4
99206.4
98962.3
98720.4
98480.7
98243.5
98009.3
97778.9
97552.6
97330.7
97114.2
96903.6
96699.8
96503.4
96314.7
96134.6
95963.8
95802.5
95652.2
95513.1
95386.3
95272.7
95172.9
95086.8
95014.7
94957.4
94914.6
94886.3
94872.4
94873.1
94887.7
94914.9
94954.4
95006.3
95068.7
95138.6
95216.8
95300.9
95388.3
95478.5
95569.7
95659.6
95745.6
95826.1
95900.5
95968.6
96029.8
96082.8
96126.9
96161.9
96187.2
96203.6
96212.3
96210.8
96195.2
96169.2
96134.2
96091.7
96034
95961.3
95879.2
95791.6
95689.8
95574.3
95448
95309.6
95157.5
94987.7
94803.1
94603.1
94388.3
94164.6
93935.7
93699.4
93469.3
93242.7
93019.8
92805.7
92594.4
92387
92175.2
91961
91748
91531.8
91309.7
91072.2
90812.1
90529.1
90221.3
89894.2
89545.7
89177
88787.7
88379.4
87970.7
87579.7
87166.5
86707.1
86326.5
86034.2
85746.1
85433.8
85201.8
85042.6
84840.2
84647.2
84508.3
84432.8
84425.1
84479.9
84595
84822.2
85145.6
85594.6
86056.6
86425.8
86746.1
87044.8
87327.8
87592
106588
106591
106591
106589
106586
106581
106574
106564
106552
106537
106520
106501
106478
106454
106427
106398
106365
106328
106288
106242
106193
106133
106067
105995
105915
105826
105736
105644
105548
105441
105326
105203
105071
104931
104784
104629
104466
104296
104119
103936
103746
103552
103353
103149
102940
102728
102512
102294
102073
101851
101628
101403
101177
100951
100724
100498
100271
100045
99819.4
99594.9
99371.6
99149.9
98929.7
98711.4
98495.2
98281.3
98069.9
97861.8
97656.9
97456.1
97259.9
97068.8
96884
96706
96535.1
96372.2
96218.4
96073
95937.6
95812.3
95698.1
95595.7
95505.9
95429.3
95365.5
95315.3
95279.1
95256.9
95248.4
95253.5
95272.5
95304.3
95347.8
95403
95469.1
95543.6
95626.7
95715.5
95808.4
95905
96003.7
96102.1
96198.4
96290.1
96375.5
96454.8
96527.4
96591.9
96648.5
96697.7
96738.8
96770
96793.3
96805.9
96803.9
96789.7
96766.2
96735
96688.2
96621.3
96538.1
96444.7
96337.1
96213.9
96077.5
95928.4
95762.6
95579.3
95380.7
95167.7
94939.6
94698.1
94453.5
94204.1
93956.3
93714.1
93473.5
93245.1
93022.7
92806.1
92583
92355.5
92130.1
91903.3
91674.3
91433.9
91174.1
90889.5
90585.4
90265.9
89928.1
89573.5
89202.7
88814
88418.2
88054.6
87678.5
87259.9
86896.7
86590
86319.2
86028.9
85812.3
85680.5
85506.9
85319.3
85184.6
85123
85131.5
85198.4
85340.2
85646.6
86017
86460.4
86883.7
87217.9
87506.2
87772.3
88032.8
88270.3
105542
105547
105549
105550
105549
105548
105545
105540
105533
105524
105513
105500
105484
105466
105446
105424
105400
105374
105345
105311
105269
105225
105174
105115
105050
104984
104918
104846
104766
104677
104579
104474
104360
104239
104110
103974
103830
103679
103521
103357
103187
103013
102833
102649
102461
102269
102075
101878
101679
101480
101280
101079
100877
100675
100473
100272
100070
99868.8
99668.5
99469.3
99271.6
99075.4
98880.7
98687.6
98496.5
98307.5
98120.8
97936.8
97755.7
97577.9
97404
97234.4
97070.2
96911.9
96760
96615.3
96478.8
96350.7
96231.4
96121.6
96021.7
95932.8
95854.8
95788.8
95735.4
95694.4
95666
95650.9
95649.1
95659.9
95683.6
95720.3
95768.8
95828.3
95898.8
95978.4
96067.2
96161.8
96261.5
96365.3
96472.4
96580.1
96687.1
96791.2
96890.3
96982.4
97067.6
97145.9
97216.9
97281.5
97339.3
97386.3
97424.7
97453.1
97467.1
97466.6
97455
97435
97401
97343.2
97260.8
97162.5
97050.3
96920.6
96774.5
96613.8
96433.7
96235.8
96020.4
95789.4
95548.4
95288.8
95028.1
94766.3
94502.2
94245.5
93988
93745.2
93510.1
93281.7
93045.8
92803.5
92564
92327.2
92088.9
91841.9
91585.3
91295.9
90996.5
90693.2
90368.2
90024
89674.3
89306.5
88926.5
88589
88246.2
87877.8
87543.5
87215.5
86939.5
86676.7
86487.9
86380.6
86237.9
86062.1
85935.1
85890.8
85935.9
85985.5
86254.5
86633.2
87013.1
87433.5
87815.6
88106
88363.7
88598.5
88835.7
89042.7
104491
104496
104501
104505
104509
104511
104512
104512
104510
104506
104501
104494
104485
104473
104460
104445
104430
104412
104392
104368
104339
104306
104269
104228
104185
104141
104092
104035
103970
103897
103817
103728
103632
103529
103417
103299
103173
103040
102901
102756
102605
102450
102290
102125
101957
101786
101613
101438
101262
101085
100908
100730
100553
100376
100199
100022
99845.9
99670.2
99495.4
99322
99150.4
98980.5
98812.4
98645.8
98480.8
98317.7
98156.9
97998.6
97842.8
97689.7
97539.8
97393.6
97252.2
97115.7
96984.6
96859.7
96741.5
96630.9
96528.4
96435.3
96350.8
96276.3
96212.4
96158.6
96116.1
96085.8
96067.2
96060.3
96066.2
96084.3
96114.4
96157.1
96211
96275
96351.5
96436.8
96531.6
96633.1
96740.7
96853.2
96969.1
97087.2
97205
97321.9
97435.8
97543.4
97643.3
97737.5
97825.9
97907.2
97982.1
98046.6
98100.4
98145.3
98177.5
98192.6
98194.1
98186.1
98164.6
98118.3
98040.4
97937.8
97821.9
97687.4
97532.5
97359.1
97164.7
96950.3
96717.1
96466.1
96212.9
95937.1
95661
95386.4
95103.8
94831.8
94558.6
94304.4
94057.8
93815
93565
93305.1
93049.7
92802.8
92556.3
92302.5
92050
91756.8
91458
91173.2
90867.1
90532.3
90206
89856.3
89496.8
89183.2
88868
88549.8
88249
87911.8
87615
87395.1
87239.4
87144
87028.6
86869.8
86764.2
86738.4
86812.2
86889.4
87315.9
87717.1
88079.6
88495.2
88836.5
89082.7
89314.3
89524
89727.8
89897.9
103453
103459
103466
103472
103478
103484
103490
103495
103499
103503
103504
103504
103503
103500
103495
103488
103480
103470
103459
103445
103429
103408
103388
103365
103339
103308
103271
103227
103176
103118
103052
102980
102899
102812
102717
102616
102507
102392
102271
102144
102011
101874
101732
101587
101438
101287
101134
100980
100826
100671
100517
100363
100210
100057
99904.7
99752.5
99600.9
99450.3
99300.9
99153.1
99007.4
98864
98722.8
98583.3
98445.2
98308.7
98174.3
98042.3
97912.7
97785.5
97660.8
97539.1
97421.5
97308.5
97200.1
97097
96999.1
96907.8
96823.3
96747
96679.6
96620.3
96570.8
96531.2
96501.2
96482
96474.6
96477.6
96492.2
96518.1
96555.8
96605.8
96666.6
96737.8
96820.4
96912
97013.2
97122.5
97238.8
97361.4
97486.4
97615.1
97745.6
97876
98004.7
98129.1
98246.2
98358.3
98465.9
98565.9
98659.3
98743.2
98814.2
98874.8
98926.9
98958.8
98976.3
98981
98970.7
98937.5
98868.9
98764.4
98643.7
98503.6
98341.1
98155.5
97945.5
97713.9
97465.6
97195
96933.7
96639.8
96348.9
96063
95759.9
95471.5
95186.3
94921.1
94662.5
94403.7
94139
93860.5
93588.8
93328.3
93073.2
92816.7
92563.6
92277.7
91981.3
91704.9
91418.3
91101.6
90798.8
90466.3
90133.3
89839.6
89548.8
89276.4
88999.6
88686
88402.4
88224.9
88078.4
87975.4
87878.2
87742.1
87676.9
87696.8
87743.9
87995.1
88445.8
88801.3
89206.8
89637
89929.5
90147.9
90358.7
90541.9
90699.6
90827.1
102445
102452
102459
102468
102477
102487
102497
102508
102519
102529
102539
102547
102554
102559
102564
102567
102568
102569
102568
102566
102561
102554
102545
102533
102517
102496
102469
102437
102398
102353
102301
102242
102176
102103
102024
101938
101845
101746
101641
101531
101415
101294
101169
101042
100911
100779
100647
100513
100379
100246
100114
99982.2
99851.6
99721.9
99592.7
99464
99336.4
99210.2
99085.9
98963.4
98843.1
98725.4
98610.6
98498.3
98387.4
98277.8
98169.9
98064.6
97961.8
97861.1
97762.2
97665.6
97572.4
97483.7
97399.1
97319
97243.1
97172.2
97107.9
97049.8
97000
96958.1
96923.7
96898.4
96882.3
96875.6
96879.9
96894.7
96920.7
96953.1
97000
97058.6
97127.6
97206.8
97296.5
97395.8
97504.4
97622.4
97747.8
97880.9
98016.9
98156.3
98300.4
98445.3
98589.8
98731.4
98868.5
98999.9
99127.3
99248.6
99361.3
99465.3
99557.9
99635
99706.4
99757.6
99792.2
99809.9
99809.2
99790.8
99735.4
99633.3
99508.6
99360.8
99190.7
98992
98765.6
98517.7
98256.8
97975.5
97688.5
97392.6
97086.2
96794.3
96466.7
96163.5
95869.6
95593.5
95319.2
95043.9
94762.1
94468.4
94182.4
93905.5
93639.8
93379.3
93125.9
92851.4
92566.4
92295.6
92019.7
91728.4
91449.6
91137.6
90837.8
90563.2
90294.7
90060.1
89799.4
89529.5
89320.7
89158.2
88986.1
88865
88787.7
88685.3
88663.5
88767.3
88837.8
89229
89616.6
89946.8
90437.4
90854.1
91096.2
91302.2
91495.9
91641.3
91748
91832.5
101479
101487
101497
101508
101520
101534
101549
101564
101581
101597
101614
101630
101646
101661
101675
101688
101699
101709
101718
101726
101732
101736
101735
101731
101724
101712
101696
101674
101646
101612
101572
101525
101472
101413
101346
101274
101195
101111
101021
100925
100824
100719
100610
100499
100386
100272
100157
100042
99927.5
99813.6
99701
99590
99480.4
99372.2
99265
99158.6
99053.8
98951
98850.8
98752.9
98657.3
98564.7
98475.6
98389.8
98306
98223.2
98141.9
98062.9
97987
97913.2
97840.5
97769.3
97700.7
97636.4
97576.1
97519.2
97466.4
97417.2
97373.6
97336.1
97304.9
97280.9
97263.8
97254.1
97252.5
97259.7
97276.3
97302.3
97339.1
97384.6
97440.2
97507.9
97585.6
97673.3
97771.3
97879.7
97997
98124.1
98259.7
98402.9
98551.5
98703.1
98861.1
99021.2
99182.1
99341.5
99498.4
99651
99799.2
99943.1
100077
100202
100318
100416
100503
100576
100627
100661
100672
100666
100626
100534
100407
100252
100071
99857
99616.8
99351.5
99079.2
98787.1
98487.5
98187.8
97876.4
97559.7
97226.3
96906.2
96599.4
96312.3
96024.7
95731.5
95429.5
95124
94827.4
94535.5
94263.2
93991.7
93747.1
93481.3
93206.7
92949.7
92682.8
92414
92157.2
91868.5
91606.1
91354.8
91109.8
90897.8
90657
90423.5
90284
90110.9
89915.5
89792.4
89745.7
89700.4
89725.5
89870.9
90117.1
90516.1
90859.1
91218.5
91774.6
92124.6
92341.2
92542
92720.5
92817.1
92868.3
92903.7
100566
100576
100587
100600
100616
100633
100652
100673
100695
100718
100741
100764
100788
100811
100834
100856
100876
100896
100913
100929
100943
100954
100962
100967
100968
100965
100958
100945
100927
100903
100874
100838
100796
100747
100693
100632
100566
100494
100416
100334
100247
100157
100063
99967.2
99869.9
99771.6
99672.7
99574
99476
99379.3
99284.6
99192.2
99101.8
99013.1
98926.2
98840.5
98756.8
98675.8
98598.2
98523.8
98451.8
98383
98318.4
98257.9
98200.2
98143.8
98088.4
98035.2
97985.2
97937.6
97891.1
97845.8
97802.6
97762.6
97726.5
97693.2
97663.2
97637.1
97615.1
97598.4
97587.5
97581.4
97582.3
97589.9
97603.9
97626.3
97657
97694.2
97743
97800.3
97866.8
97944.4
98032
98128.9
98236.4
98354.4
98481.9
98618.8
98765.7
98919.4
99080.6
99246.5
99419
99594.8
99772.6
99950.2
100126
100301
100472
100638
100797
100943
101081
101204
101307
101400
101471
101521
101547
101552
101527
101453
101326
101166
100973
100746
100494
100213
99928.3
99625.8
99319.8
99016.2
98697.2
98367.3
98025.1
97692.2
97373.6
97073.5
96772.7
96461
96142.6
95824.8
95520
95216.9
94943.2
94660.4
94431.7
94172.3
93899
93652.1
93403.7
93156.1
92918.8
92655.5
92429.9
92206.7
91986.7
91789.1
91573.3
91356.3
91213.3
91026.8
90846.2
90753.6
90752.8
90786.8
90878.2
91064.2
91453.5
91822.6
92210.4
92640.7
93163.5
93439.1
93658.1
93869.4
94024.9
94066.2
94056.7
94032.1
99714.4
99725
99736.9
99752.6
99772
99793.8
99817.4
99842.9
99870.2
99899.1
99929
99959.5
99989.8
100020
100050
100080
100108
100135
100160
100184
100205
100223
100238
100250
100259
100264
100264
100259
100249
100234
100214
100187
100154
100116
100071
100021
99965
99903.9
99837.9
99767.3
99692.8
99614.9
99534.3
99451.6
99367.6
99282.7
99197.8
99113.6
99030.4
98949.1
98870.4
98794.4
98720.9
98649.5
98580.7
98514.1
98449
98388
98331.3
98278.2
98228.2
98181.9
98140.6
98104.1
98070.9
98039.3
98009
97981
97955.9
97933.1
97911.6
97891.1
97872.5
97858.3
97846
97836.9
97829.4
97825.5
97826.9
97830.5
97840.4
97854
97872.1
97897.9
97928.1
97965.2
98010.6
98062.9
98123.7
98193
98271.2
98359.5
98457.5
98564.9
98682.7
98811.2
98949.7
99097.4
99255.8
99421.4
99595.1
99775.9
99963.3
100156
100350
100548
100742
100939
101135
101324
101508
101676
101833
101981
102106
102215
102310
102379
102422
102438
102427
102370
102252
102091
101891
101657
101393
101100
100799
100486
100177
99865.1
99539.3
99201.7
98850
98508.6
98184.2
97870.6
97554.7
97220.6
96896
96569.3
96262.7
95946
95668
95385.4
95150.9
94903.6
94637.6
94399.9
94170.5
93948.6
93730.5
93495.9
93304.3
93109.7
92912.4
92734.5
92541.8
92333.8
92166.4
91976.2
91819.2
91766.9
91820.2
91944.7
92126.9
92387
92822.9
93198
93667.9
94163
94566.1
94815.3
95063.2
95279.9
95398.3
95392.2
95320.4
95232.2
98928.7
98938.9
98953
98971.3
98993.3
99019.5
99048.7
99080.3
99113.6
99149.2
99185.5
99222.3
99259.1
99295.9
99332.5
99368.6
99403.5
99437
99468.6
99498.2
99525.4
99550
99571.9
99589.6
99604.2
99615
99621.7
99623.9
99621.1
99613.1
99599.7
99580.6
99555.8
99525.2
99488.9
99447.2
99400.2
99348.2
99291.6
99230.9
99166.4
99098.9
99028.9
98957.1
98884.2
98810.8
98737.8
98666
98596
98528.1
98463.1
98401
98341.5
98284.8
98231.7
98183.2
98133
98091
98053.5
98019.5
97989.2
97963.6
97943.9
97929.8
97919.3
97910.8
97903.8
97900.4
97899.1
97900.7
97901.9
97905.2
97911.2
97920.3
97931.5
97945.5
97961.2
97979.8
98002.1
98027.4
98057.1
98090.5
98128.2
98170.9
98218.2
98271.4
98331.2
98397.9
98472
98554.1
98644.7
98744.6
98853.7
98972.6
99101.8
99241.5
99391.6
99550.4
99720.6
99899.1
100085
100281
100484
100694
100906
101122
101338
101557
101777
101988
102193
102388
102565
102735
102887
103014
103131
103219
103280
103311
103310
103268
103166
103013
102811
102575
102305
102004
101687
101362
101049
100725
100394
100053
99693.2
99347.6
99020.6
98692.9
98358.5
98020.1
97682.1
97352.1
97044.9
96731.6
96444.7
96155.5
95906.9
95659.4
95406.1
95194.5
94983.9
94790.7
94591.7
94388.9
94225.8
94056
93880.7
93727.3
93552.7
93365.6
93227.7
93042
92889.2
92864.4
92964.7
93183.7
93481.1
93830.8
94238.6
94681.8
95167.9
95681.8
96004
96287.4
96566.2
96759.6
96835
96796.6
96666.5
96497.8
98205.2
98217
98234
98254.7
98280.2
98312.2
98348.1
98388.2
98428.8
98471.2
98514.5
98558.3
98602.1
98645.3
98687.7
98729.4
98769.8
98808.6
98845.7
98880.6
98913.1
98942.7
98969.2
98992
99011.2
99026.6
99038
99045.1
99047.5
99045
99037.3
99024.2
99005.6
98981.4
98951.8
98916.8
98876.7
98831.8
98782.6
98729.3
98672.7
98613.3
98551.7
98488.7
98424.8
98360.9
98297.9
98236.3
98176.8
98119.8
98065.8
98015.4
97968
97923.7
97883.6
97848.5
97817
97790.1
97768.5
97751.4
97738.6
97731.6
97731.5
97737.6
97747.7
97760.7
97775.7
97793.8
97814.3
97837.6
97862.2
97888.7
97917.4
97948.8
97982
98017.6
98055.3
98095.7
98139
98184.8
98234.5
98287
98343.3
98403.7
98467.5
98536.6
98612
98692.8
98780.6
98876.2
98979.5
99091.5
99212.5
99343.4
99484.7
99635.8
99797.2
99967.9
100151
100342
100540
100752
100970
101198
101428
101661
101900
102140
102383
102620
102844
103067
103268
103458
103634
103785
103920
104029
104107
104155
104165
104135
104051
103913
103715
103485
103214
102911
102587
102250
101927
101589
101255
100911
100549
100203
99872.9
99530.4
99180.3
98840.8
98498.8
98169
97857.9
97561.8
97278.6
96987.4
96711.7
96447.2
96209
96015.8
95837.2
95675.6
95496.3
95327.4
95187.9
95039.7
94891.4
94763.3
94613.1
94476.7
94412.2
94236.5
94079.8
94070.8
94208.7
94535.8
94943.2
95349.4
95740.6
96209.3
96681.2
97171.7
97523
97856.6
98128
98299.8
98344.8
98267.1
98068.8
97805.3
97636.4
97649.2
97667.9
97693.4
97731.3
97775.2
97821.8
97870.6
97918.6
97967
98015.9
98065
98114.1
98162.3
98209.3
98255
98299.2
98341.4
98381.6
98419.5
98454.9
98487.5
98516.8
98542.8
98565.2
98583.7
98597.9
98607.5
98612.4
98612.4
98607.4
98597.2
98581.8
98561
98535
98503.7
98467.5
98426.8
98381.9
98333.2
98281.4
98227
98170.7
98113.1
98055
97997.1
97940.3
97885.2
97832.2
97782.1
97735.5
97693.1
97654.2
97618.5
97588
97563.7
97544
97528.7
97518.3
97513.1
97513.5
97521.2
97536.4
97557.5
97583
97612.2
97644.5
97679.9
97717.8
97758.4
97801.2
97846.2
97893.2
97942.7
97994.5
98048.4
98104.2
98162.3
98223.4
98287
98353.4
98422.4
98494.5
98569.7
98648.3
98731.4
98820.3
98914.2
99014.5
99122.1
99237.1
99360.2
99492
99633.8
99786.3
99947.8
100119
100302
100496
100699
100910
101136
101368
101612
101858
102109
102366
102628
102890
103150
103396
103638
103865
104075
104271
104448
104601
104730
104827
104890
104914
104896
104828
104708
104521
104304
104034
103743
103415
103075
102744
102393
102055
101710
101350
101005
100672
100323
99965
99622.1
99285.4
98963.9
98649.6
98370.2
98094.2
97813.5
97516.7
97234.8
97022.5
96835.8
96689.1
96558.1
96400.3
96264.2
96146.3
96020.1
95904.8
95806.3
95698.9
95641.8
95639.1
95487.2
95341.3
95364.7
95550.9
95979.9
96476.5
96892
97284.6
97753.6
98239.6
98718.5
99128.3
99490.5
99733.7
99895.3
99924.1
99798.8
99523.1
99181.1
97201.1
97212.3
97230.9
97264.2
97321.2
97388.5
97449.4
97504.2
97557.5
97610.3
97663.4
97716.2
97769
97821
97871.5
97920.1
97966.7
98011.1
98053.1
98092.6
98129.3
98163.1
98193.8
98221
98245.3
98265.5
98281.2
98292.3
98298.5
98299.7
98295.7
98286.5
98272.1
98252.7
98228
98198.5
98164.2
98125.4
98082.7
98036.4
97987.2
97935.5
97882
97827.6
97772.7
97718.1
97664.7
97613.4
97564.8
97518.9
97476.8
97439.7
97406.2
97376.1
97352
97335.1
97323.4
97316.1
97313.4
97316.3
97326.3
97344.5
97370.6
97403
97440
97480.9
97525.5
97573.7
97625
97678.8
97735.3
97794.2
97855.4
97918.6
97984.7
98053
98123.5
98195.8
98270.8
98348.3
98427.9
98510.2
98595
98682.4
98773.2
98867.9
98967.9
99073
99183.9
99301.5
99426.8
99559.7
99700.9
99852.1
100013
100184
100365
100557
100761
100975
101199
101435
101681
101937
102198
102465
102738
103019
103298
103576
103844
104101
104350
104581
104794
104994
105168
105314
105430
105505
105544
105537
105485
105380
105210
105007
104745
104472
104143
103810
103471
103112
102773
102427
102072
101732
101398
101046
100690
100347
100021
99707.3
99397.7
99127.1
98855.6
98585.3
98291.5
98011.1
97820.9
97638.3
97519.7
97408.8
97274.4
97171.1
97070.1
96968.9
96891.8
96829.9
96779.5
96811.9
96845.4
96743.4
96634.9
96715.8
96976.6
97493.1
98031
98443.2
98852.9
99344.3
99861.2
100368
100799
101168
101389
101543
101553
101393
101047
100643
96806.5
96820.5
96842.8
96885.5
96958.3
97055.5
97134.2
97196.5
97254.3
97312
97369.7
97426.6
97483
97538.3
97592
97643.5
97692.4
97738.6
97782
97822.5
97860
97894.5
97925.8
97953.4
97978.6
97999.6
98016.2
98028.1
98035.1
98036.9
98033.4
98024.6
98010.6
97991.5
97967.4
97938.5
97904.9
97867.1
97825.4
97780.3
97732.6
97682.4
97630.6
97578
97525.2
97472.7
97421.8
97373.3
97327.6
97284.7
97245.9
97212.5
97182.9
97157.1
97138.2
97127.2
97121.6
97120.2
97123.5
97133.4
97151.3
97178.1
97212.8
97254.1
97300.8
97351.9
97406.8
97465.3
97527.6
97592.8
97660.7
97731.6
97805.3
97881
97959
98039.4
98122.3
98207.1
98294.2
98383.5
98474.9
98568.9
98664.3
98763
98864.9
98970.4
99080.2
99195
99315.5
99442.3
99576.6
99719.1
99869.3
100029
100198
100377
100566
100768
100981
101205
101439
101685
101946
102211
102487
102768
103055
103352
103649
103941
104228
104503
104771
105022
105253
105472
105669
105833
105965
106053
106105
106108
106073
105982
105834
105639
105395
105135
104812
104490
104143
103783
103443
103099
102752
102416
102084
101733
101378
101045
100731
100422
100121
99852.5
99585.5
99327.6
99045.9
98790.9
98611.5
98440.2
98339
98240.8
98130.4
98059.1
97974.8
97902.3
97867.4
97845.9
97866.1
97981
98047.6
98017.4
97986.3
98127.3
98478.4
99067.5
99593.3
100019
100471
101007
101557
102092
102511
102871
103074
103223
103208
103031
102635
102158
96463.4
96482.3
96515.7
96568.1
96654.3
96770.8
96866.7
96937.4
97000.4
97062.9
97125.4
97186.8
97246.9
97305.4
97361.9
97415.8
97466.8
97514.5
97559.1
97600.3
97638.3
97673.1
97705
97733.5
97757.9
97778.7
97795.3
97807.4
97814.5
97816.3
97812.8
97804
97789.8
97770.4
97746.2
97717.1
97683.4
97645.9
97604.4
97559.6
97512.5
97462.9
97411.9
97360.4
97308.7
97257.7
97208.3
97161.5
97117.7
97076.7
97040.2
97009.2
96982.4
96960.1
96945.3
96938.6
96937.5
96940.8
96949.2
96964.5
96988.3
97021.8
97064
97112.7
97167
97226.2
97289.7
97356.7
97427.9
97502.7
97580.4
97661.4
97745.3
97831.8
97920.4
98011.2
98104.4
98199.7
98297.2
98396.8
98498.2
98602.5
98707.7
98815.6
98927
99042.1
99160.8
99284.6
99413.6
99548.6
99691
99841.5
99999.8
100167
100344
100530
100727
100937
101158
101392
101635
101890
102162
102437
102726
103019
103320
103631
103943
104247
104551
104844
105129
105398
105649
105886
106106
106287
106433
106538
106601
106613
106595
106517
106389
106206
105982
105731
105420
105109
104761
104404
104061
103723
103387
103055
102723
102378
102031
101707
101404
101104
100809
100536
100271
100030
99766.7
99539.7
99368.8
99221.9
99140.6
99048.7
98961.7
98919.2
98857.5
98817
98830
98851.2
98952.9
99136.9
99244.3
99306.5
99382.5
99584.6
100018
100657
101140
101619
102131
102716
103297
103828
104233
104575
104767
104899
104856
104663
104242
103695
96138.9
96179.6
96221.1
96295.7
96400.9
96533.9
96641.5
96718.4
96787.3
96855.2
96922.9
96989.1
97053.1
97114.8
97173.7
97229.6
97282.2
97331.2
97376.4
97418.1
97456.1
97491
97523
97552.1
97575.9
97596.1
97612.3
97623.9
97630.4
97631.7
97627.5
97618
97603.3
97583.3
97558.4
97528.7
97494.5
97456.6
97414.7
97369.6
97322.5
97272.9
97222
97170.8
97119.8
97069.5
97020.8
96974.9
96932.1
96892.4
96857.3
96828
96803.2
96783.4
96771.7
96768.1
96770.3
96777.2
96789.5
96808.9
96837.7
96876.6
96924.6
96979.3
97039.7
97105.2
97175.6
97249.9
97328.4
97410.8
97496.8
97586.1
97678.3
97773.5
97871.2
97970.9
98072.7
98176.9
98283
98391.6
98501.6
98614.1
98728.2
98844.6
98964
99087.1
99213.5
99345.2
99481.8
99624.3
99773.7
99930.9
100096
100269
100453
100647
100850
101067
101296
101537
101789
102053
102333
102619
102918
103221
103536
103860
104183
104501
104819
105129
105431
105716
105986
106241
106480
106675
106834
106960
107031
107052
107051
106982
106874
106703
106501
106258
105967
105664
105317
104968
104627
104295
103971
103642
103310
102975
102640
102324
102031
101742
101451
101176
100917
100698
100462
100254
100089
99970.2
99907.7
99823.4
99759.6
99745.4
99710.6
99707.3
99773.4
99842.3
100025
100269
100409
100576
100780
101058
101550
102210
102720
103236
103814
104434
105035
105539
105945
106253
106442
106544
106472
106249
105812
105222
95794.2
95862.7
95948.6
96057
96185.3
96333
96449.6
96532.3
96608.3
96682.9
96756
96826.9
96894.8
96959.6
97020.9
97078.5
97132.2
97182
97227.6
97269.3
97307
97341.4
97373.1
97401.6
97425.7
97445.4
97461.2
97472.2
97477.9
97478.1
97472.7
97462.1
97446.1
97425
97399.2
97368.4
97333.4
97294.8
97252
97206.3
97158.7
97108.7
97057.4
97006.1
96955.1
96905
96856.3
96810.6
96768.1
96729.2
96695.1
96666.7
96643.2
96625.4
96615.8
96614.3
96618.7
96628.2
96643.4
96666.5
96699.3
96742.2
96794.2
96853.7
96919.3
96990
97065.6
97145.7
97230.4
97319.2
97411.8
97507.9
97606.9
97709.3
97814
97921.3
98030.5
98142
98255.3
98371.1
98488.7
98607.9
98729.3
98853
98979.7
99109.7
99242.8
99380.7
99523.7
99672.8
99828.4
99991.5
100162
100340
100530
100730
100940
101162
101398
101646
101904
102176
102463
102759
103065
103380
103706
104040
104373
104705
105035
105360
105679
105981
106269
106542
106792
107000
107172
107315
107395
107431
107441
107379
107290
107130
106950
106720
106449
106153
105811
105477
105136
104812
104499
104170
103842
103520
103196
102889
102607
102329
102044
101774
101530
101334
101128
100938
100785
100683
100630
100558
100520
100532
100528
100569
100687
100809
101066
101361
101523
101779
102131
102520
103056
103758
104298
104864
105496
106133
106737
107204
107613
107877
108070
108140
108042
107788
107344
106711
95479.5
95594.9
95749.4
95878.5
96011.6
96157.8
96281
96375.5
96459.7
96541.1
96619.4
96694.6
96766.2
96834
96897.6
96956.7
97011.3
97061.5
97107.3
97148.7
97185.7
97219
97250.5
97278.6
97302.9
97322.9
97336.7
97347.1
97351.9
97350.8
97343.9
97331.8
97314.3
97291.7
97264.6
97232.5
97196.2
97156.5
97112.6
97065.9
97017.5
96966.7
96914.6
96862.8
96811.4
96760.9
96712
96666
96623.5
96584.8
96551.2
96523.5
96500.7
96484.3
96476
96475.7
96481.7
96493
96510.4
96536.1
96571.9
96618.2
96673.5
96736.5
96805.8
96880.5
96960.4
97045
97134.6
97228.6
97326.3
97427.9
97532.5
97640.8
97751.4
97864.7
97980.1
98097.5
98216.9
98338.6
98462.2
98587.4
98714.8
98844.4
98977.1
99112.7
99251.5
99394.5
99543.1
99697.5
99858.3
100026
100201
100383
100579
100784
100999
101226
101468
101720
101985
102264
102556
102860
103173
103498
103833
104173
104517
104862
105202
105541
105873
106191
106495
106783
107044
107265
107450
107606
107695
107750
107767
107715
107642
107491
107333
107111
106863
106578
106243
105924
105585
105274
104966
104636
104316
104008
103696
103397
103127
102862
102592
102330
102096
101919
101741
101575
101439
101351
101305
101247
101240
101276
101307
101398
101560
101738
102055
102388
102583
102891
103401
103935
104527
105270
105831
106469
107139
107781
108373
108789
109200
109425
109629
109665
109550
109281
108837
108136
95201.3
95417.6
95621.5
95773
95901.8
96020.8
96138.5
96246.1
96338.3
96425.4
96508.2
96587.5
96662.4
96732.9
96798.5
96859
96914.5
96965
97010.8
97052
97088.9
97121.3
97152
97179.3
97202.9
97222.5
97237.4
97244.3
97247.9
97245.3
97236.8
97223.2
97204.1
97179.8
97151.3
97117.5
97079.7
97038.6
96993.3
96945.4
96895.8
96843.9
96790.9
96738.2
96686.1
96634.7
96585.3
96538.9
96496
96457.4
96424.1
96396.5
96374.1
96358.2
96350.5
96350.9
96357.8
96370.4
96389.5
96417.2
96455.2
96503.9
96561.7
96627.3
96699.4
96777.1
96860.2
96948.4
97041.6
97139.4
97241.3
97347.4
97456.6
97569.6
97684.8
97802.9
97923.3
98045.6
98170.1
98296.4
98424.8
98555
98687.1
98821.6
98958.7
99098.7
99242.2
99389.9
99543.2
99701.9
99866
100038
100217
100403
100602
100812
101031
101262
101508
101765
102035
102318
102615
102924
103244
103577
103918
104267
104620
104973
105322
105670
106013
106345
106663
106968
107238
107470
107672
107835
107935
108010
108031
107994
107930
107793
107652
107434
107211
106934
106612
106308
105975
105677
105369
105042
104732
104437
104139
103850
103589
103339
103085
102831
102604
102433
102282
102151
102035
101963
101925
101888
101911
101971
102046
102187
102387
102614
102975
103337
103587
103931
104576
105256
105921
106674
107280
108007
108691
109339
109898
110266
110674
110876
111093
111093
110969
110697
110239
109465
94851.2
95222.6
95451.8
95660.2
95819.5
95923.9
96031.6
96143.5
96241.1
96332.2
96418.9
96501.5
96579.5
96652.4
96719.9
96781.6
96837.6
96888.3
96933.8
96974.5
97010.7
97043.5
97071.3
97097.8
97121.2
97140.4
97154.6
97162.5
97162.8
97158.2
97148
97132.7
97111.8
97085.9
97055.9
97020.5
96981
96938.4
96891.6
96842.2
96791.2
96738.1
96684
96630.2
96576.9
96524.7
96474.6
96427.6
96384.2
96345.2
96311.7
96283.8
96261.2
96245.4
96238
96238.5
96245.9
96259.3
96279.7
96308.8
96348.5
96398.9
96458.3
96525.6
96599.6
96679.7
96765.3
96856.2
96952.1
97052.9
97158
97267.5
97380.4
97496.7
97615.8
97737.5
97861.7
97988
98116.4
98246.6
98378.7
98512.6
98648.3
98786.7
98927.2
99070.7
99218.2
99369.4
99526.5
99688.3
99854.6
100029
100212
100402
100604
100816
101038
101273
101521
101783
102056
102343
102644
102957
103281
103619
103967
104325
104683
105040
105396
105755
106109
106452
106784
107100
107379
107623
107840
108006
108119
108212
108233
108216
108157
108040
107909
107695
107496
107220
106922
106627
106305
106020
105709
105388
105090
104807
104519
104243
103989
103752
103510
103265
103048
102880
102751
102659
102570
102516
102487
102477
102530
102612
102733
102919
103151
103423
103810
104204
104545
104898
105666
106459
107171
107937
108666
109432
110107
110758
111256
111623
112012
112210
112433
112403
112272
111993
111502
110658
94787.5
95137
95356.5
95540.9
95716.9
95839.6
95954.3
96066.4
96168.2
96261.6
96351.2
96436.5
96517.2
96592
96661
96723.7
96780.3
96831
96875.9
96915.2
96950.2
96981.7
97008.5
97034.6
97058.1
97076.8
97090.1
97096.6
97096
97089.8
97077.9
97060.8
97038.1
97010.7
96978.9
96942
96901
96856.7
96808.5
96757.6
96705
96650.7
96595.3
96540.1
96485.7
96432.5
96381.5
96333.7
96289.6
96249.8
96215.6
96187.2
96164.4
96148.5
96140.7
96140.9
96148.3
96162.2
96183.4
96213.6
96254.5
96305.8
96366.2
96434.6
96510
96591.4
96678.7
96771.3
96869.3
96972.3
97079.7
97191.4
97306.9
97425.7
97547.6
97672
97798.9
97927.9
98059.2
98192.3
98327
98463.4
98601.9
98743.2
98886.3
99032.3
99182.6
99336.5
99495.6
99659.1
99827.7
100004
100189
100382
100585
100799
101025
101260
101512
101775
102051
102342
102645
102961
103289
103629
103983
104346
104707
105069
105431
105799
106164
106517
106858
107181
107466
107723
107950
108121
108247
108352
108377
108380
108322
108231
108101
107898
107714
107436
107170
106878
106572
106293
105979
105670
105389
105113
104833
104566
104320
104094
103862
103629
103418
103261
103153
103089
103027
102995
102983
103000
103082
103186
103346
103569
103831
104145
104543
104980
105402
105821
106635
107524
108246
109068
109915
110648
111299
111964
112409
112827
113177
113392
113611
113566
113424
113134
112611
111691
94708.6
95020.3
95283.7
95447.6
95625.2
95767.7
95887.8
96001
96107.1
96203.1
96294.7
96382.4
96465.5
96542.5
96612.7
96676.3
96733.5
96784.2
96828.5
96866.8
96900.3
96930.8
96956
96981.9
97005.3
97023.5
97035.9
97041.2
97039.2
97031.5
97018
96999
96974.7
96945.6
96912.1
96873.5
96830.9
96785
96735.3
96682.7
96628.7
96573.1
96516.3
96459.7
96404
96349.8
96297.7
96248.9
96203.8
96163.1
96128.2
96099
96075.7
96059.4
96051
96050.7
96058
96072.2
96094
96125.1
96166.7
96218.5
96279.5
96348.6
96424.7
96507
96595.4
96689.4
96788.8
96893.4
97002.6
97115.8
97233.3
97353.9
97477.9
97604.2
97733.1
97864.1
97997.6
98132.8
98269.5
98408
98548.5
98691.5
98836.8
98984.5
99136.6
99292.3
99452.3
99617
99787.9
99966
100152
100347
100550
100767
100993
101230
101483
101747
102025
102317
102622
102942
103272
103614
103972
104337
104700
105066
105436
105810
106183
106542
106891
107219
107511
107780
108014
108188
108330
108444
108475
108493
108438
108374
108240
108058
107877
107599
107363
107071
106787
106508
106194
105901
105634
105361
105088
104831
104595
104373
104146
103926
103724
103584
103495
103453
103412
103398
103408
103460
103565
103691
103880
104138
104426
104781
105188
105667
106155
106660
107483
108443
109198
110060
110891
111597
112268
112964
113399
113862
114160
114406
114606
114561
114403
114106
113569
112560
94690.1
94886.2
95156.5
95366.6
95552.8
95704.5
95823.9
95937
96047.9
96148.4
96241.9
96331.4
96416.5
96495.8
96567.9
96632.8
96690.4
96741.1
96785.2
96822.5
96854.4
96881.2
96907.8
96933.6
96956.7
96973.9
96985.1
96988.8
96985.7
96976.3
96961.1
96940.3
96914.1
96883.1
96847.7
96807.4
96762.9
96715.2
96663.6
96609.2
96553.6
96496.4
96437.9
96379.8
96322.9
96267.3
96214
96163.9
96117.6
96076
96040.1
96009.9
95986
95969.1
95959.9
95959.1
95966.1
95980.3
96002.7
96034.6
96076.6
96128.6
96190
96259.4
96335.8
96418.7
96507.9
96602.9
96703.4
96809
96919.6
97034.1
97153
97275.1
97400.5
97528.2
97658.8
97791.3
97926.1
98062.8
98200.9
98341.1
98483.1
98627.2
98773.9
98922.9
99076.2
99232.5
99392.9
99559.1
99731.5
99910
100097
100293
100496
100714
100940
101178
101431
101696
101975
102267
102574
102895
103226
103570
103930
104295
104660
105032
105408
105785
106161
106526
106880
107214
107515
107793
108032
108209
108377
108493
108531
108560
108513
108469
108331
108177
107988
107723
107505
107214
106952
106668
106356
106086
105828
105556
105291
105045
104814
104591
104368
104157
103972
103854
103781
103754
103739
103731
103767
103852
103979
104126
104344
104635
104946
105339
105762
106270
106810
107404
108222
109214
110002
110835
111615
112325
113122
113789
114246
114704
114961
115237
115395
115358
115206
114911
114357
113256
94646
94866.3
95108.1
95298
95472.7
95633.7
95760.2
95875.4
95991.3
96097.8
96194.6
96285.8
96371.6
96451.3
96525
96592.4
96651.6
96702.9
96747
96783.3
96814.3
96841.7
96867.3
96892.2
96914.3
96929.7
96938.7
96940.9
96936.2
96925
96908
96885.5
96857.7
96824.8
96787.3
96745
96698.3
96648.4
96594.7
96538.5
96480.9
96421.7
96361.4
96301.7
96243.1
96186
96131.1
96079.5
96031.9
95989.2
95952
95920.5
95895.8
95878.2
95868.3
95866.7
95873.1
95887.3
95910.1
95942.3
95984.5
96036.6
96097.9
96167.2
96243.6
96326.7
96416.2
96511.6
96612.7
96719.2
96830.5
96946
97065.6
97188.4
97314.9
97443.4
97574.9
97708.3
97843.8
97981.3
98120
98261
98403.6
98548.2
98695.8
98845.5
98999
99155.4
99316.1
99482.9
99655.9
99833.8
100022
100217
100420
100637
100863
101101
101354
101619
101897
102189
102497
102818
103148
103494
103854
104219
104586
104960
105339
105719
106096
106464
106823
107164
107473
107757
107997
108188
108379
108489
108538
108577
108540
108507
108368
108243
108040
107809
107586
107301
107055
106763
106465
106216
105963
105690
105433
105197
104966
104738
104523
104320
104155
104058
104002
103988
103991
103995
104051
104162
104307
104485
104738
105048
105386
105808
106255
106774
107358
108024
108838
109820
110615
111391
112161
112888
113791
114399
114890
115317
115559
115855
115953
115940
115823
115545
114937
113758
94630.3
94796.3
95007
95236.5
95417.3
95572.2
95706.7
95827.6
95946.1
96056.5
96156.6
96249.4
96336.1
96416.2
96489.4
96556.8
96617
96669.9
96715.1
96751.3
96783.3
96811.9
96837.2
96860.8
96881.1
96894.2
96900.2
96899.4
96892.3
96879.9
96861.3
96837
96807.2
96772.1
96732.3
96687.8
96638.8
96586.2
96530.3
96472
96411.9
96350.5
96288.3
96226.6
96166.1
96107
96050.3
95997.1
95948
95903.8
95865
95832.3
95806.4
95787.8
95776.9
95774.1
95779.9
95794
95816.8
95848.8
95890.9
95942.7
96003.5
96072.2
96148.2
96231.1
96320.2
96415.7
96516.9
96623.6
96735
96850.8
96970.7
97093.7
97220.3
97349
97480.6
97614.2
97749.7
97887.1
98025.6
98166.9
98309.2
98453.8
98601.2
98750.5
98903.1
99059.5
99220
99386.1
99558.7
99735.3
99923
100117
100319
100535
100760
100997
101247
101512
101789
102079
102387
102706
103037
103382
103741
104105
104473
104847
105225
105606
105985
106354
106718
107061
107377
107667
107910
108122
108316
108415
108492
108541
108513
108485
108350
108246
108032
107840
107602
107333
107087
106791
106519
106283
106028
105756
105500
105267
105036
104807
104599
104411
104271
104192
104151
104152
104159
104187
104259
104386
104552
104762
105052
105368
105729
106173
106653
107166
107782
108507
109316
110222
111021
111757
112490
113245
114165
114761
115294
115686
115919
116228
116273
116313
116235
115980
115287
114064
94644.8
94828.4
95020.4
95209.6
95386.6
95541.8
95678
95801
95918.5
96030.1
96132.5
96226.8
96314.2
96394.8
96468.4
96535.3
96595.2
96647.9
96694.5
96734.3
96767.8
96797.1
96821.7
96842.9
96859.5
96869.4
96872.8
96869.7
96860.5
96845.3
96824.2
96797.2
96764.9
96727.4
96684.9
96637.5
96585.7
96530.4
96472.1
96411.2
96348.4
96284.5
96220
96155.9
96093
96031.7
95973.1
95918.1
95867.1
95820.9
95780.5
95746.3
95719.2
95699.3
95686.9
95682.8
95687.8
95701.4
95723.5
95754.8
95796.4
95847.4
95907.2
95974.9
96050
96132.1
96220.6
96315.6
96416.3
96522.6
96633.4
96748.7
96867.9
96990.5
97116.4
97244.5
97375.2
97508.1
97642.8
97779.2
97916.9
98057.4
98198.7
98342.5
98488.5
98636.6
98787.3
98942.9
99101.9
99266.3
99437.3
99612.5
99798.3
99989.5
100191
100403
100627
100862
101109
101373
101647
101935
102241
102557
102887
103230
103586
103949
104316
104688
105063
105444
105825
106193
106561
106904
107227
107525
107772
107999
108177
108287
108402
108440
108427
108400
108280
108183
107972
107802
107550
107307
107044
106755
106510
106277
106016
105740
105480
105245
105014
104794
104591
104425
104313
104249
104222
104230
104246
104303
104392
104533
104718
104953
105269
105586
105972
106431
106933
107431
108070
108819
109605
110413
111203
111895
112573
113344
114245
114859
115444
115800
116028
116328
116354
116472
116413
116170
115406
114175
94685.8
94875.2
95036.4
95200.8
95371.8
95527.8
95666
95792.5
95910.8
96021.9
96125.7
96221.7
96309.9
96391
96465.1
96532.2
96592.4
96646
96693.7
96735.1
96768.2
96795.9
96818.8
96836.9
96850.3
96857.6
96858.5
96853.5
96841.5
96823.5
96799.4
96769.3
96733.8
96693.1
96647.2
96596.8
96542.1
96483.7
96422.3
96358.4
96292.5
96225.7
96158.5
96091.6
96025.9
95962.3
95901.4
95843.9
95790.7
95742.5
95700.1
95664.1
95635
95613.5
95599.8
95594.5
95598
95610.1
95630.9
95661.4
95701.8
95751.5
95809.9
95876.2
95950
96030.6
96117.9
96211.8
96311.4
96416.2
96525.7
96639.7
96757.5
96878.6
97002.7
97129.4
97258.3
97389.4
97522.4
97656.7
97793
97930.9
98070.5
98212
98355.2
98501.6
98649.8
98803.5
98959.6
99121.7
99289.4
99462.6
99644.7
99833.3
100032
100241
100461
100693
100936
101197
101467
101752
102054
102367
102694
103032
103384
103745
104108
104476
104849
105229
105608
105978
106345
106691
107024
107321
107574
107805
107975
108121
108235
108266
108289
108250
108158
108044
107860
107684
107432
107205
106926
106657
106423
106184
105914
105630
105368
105130
104902
104693
104503
104363
104271
104227
104211
104216
104254
104332
104440
104598
104799
105050
105374
105687
106103
106564
107068
107570
108208
108929
109676
110381
111148
111778
112423
113160
114034
114690
115317
115655
115899
116155
116219
116411
116346
116095
115302
114104
94722.9
94910
95072.9
95227.8
95388.1
95540.9
95680.1
95807.7
95925.9
96037
96141.2
96237.5
96325.8
96407.3
96481.8
96548.9
96608.9
96662
96708.8
96748.7
96781.4
96807.9
96829.7
96846.3
96857.6
96862.7
96861.5
96853.4
96838.6
96817.7
96790.5
96757.2
96718.5
96674.7
96625.8
96572.3
96514.4
96452.7
96388
96321
96252.1
96182.4
96112.3
96042.5
95974.1
95907.7
95844.2
95784.3
95728.7
95678.1
95633.4
95595.1
95564.1
95541.1
95526
95519
95520.5
95530.7
95550.3
95579.5
95618.3
95666.2
95722.7
95787
95858.8
95937.5
96023
96114.9
96212.5
96315.4
96422.6
96534.3
96649.7
96768.4
96889.9
97014.1
97140.3
97268.7
97398.8
97529.9
97663.4
97797.7
97934.7
98072.1
98212.1
98354.9
98500.1
98650.2
98802.7
98961.4
99124.7
99294.7
99471.6
99656.9
99851.3
100055
100272
100499
100737
100993
101259
101539
101835
102144
102466
102798
103146
103502
103860
104223
104591
104968
105342
105713
106074
106425
106760
107052
107316
107546
107725
107889
107988
108050
108088
108030
107968
107828
107680
107481
107248
107011
106738
106491
106252
106001
105715
105425
105161
104922
104700
104498
104334
104219
104147
104116
104107
104115
104177
104270
104396
104563
104773
105033
105355
105668
106110
106565
107058
107583
108170
108834
109521
110104
110833
111401
112007
112682
113492
114247
114880
115235
115510
115717
115888
116108
116026
115745
114969
113854
94777.2
94954
95118.9
95272.3
95425.3
95573.5
95711.5
95839.1
95957.5
96068.6
96172.2
96268
96356.4
96437.8
96512.2
96579
96638.5
96691
96736.9
96775.9
96808
96834.1
96854.6
96868.9
96877.5
96879.7
96875.4
96864.8
96847.3
96823.4
96793.2
96757
96715.2
96668.1
96615.9
96559.2
96498.2
96433.4
96365.5
96295.2
96223.2
96150.4
96077.3
96004.7
95933.5
95864.4
95798.3
95735.8
95677.6
95624.6
95577.4
95537.1
95504.3
95479.3
95462.1
95452.9
95452.4
95461.1
95479.3
95506.9
95543.7
95589.3
95643.4
95705.4
95774.8
95851.3
95934.4
96023.8
96118.9
96218.9
96323.4
96432
96544.5
96659.9
96778
96898.8
97021.5
97146.2
97272.2
97399.7
97529.1
97659.3
97792
97924.8
98060.8
98198.8
98339.9
98484.8
98633.2
98786.8
98945.1
99110.5
99281.7
99462.4
99651.6
99849.8
100061
100282
100515
100764
101025
101298
101589
101890
102206
102532
102873
103223
103575
103933
104293
104663
105032
105399
105753
106102
106435
106732
107004
107226
107423
107584
107693
107777
107795
107749
107700
107548
107421
107201
106994
106739
106491
106250
106001
105730
105423
105122
104861
104629
104413
104222
104083
103987
103929
103902
103898
103923
104000
104100
104242
104416
104623
104886
105196
105518
105972
106402
106866
107404
107882
108469
109115
109618
110231
110741
111280
111859
112583
113452
114079
114495
114787
114972
115268
115459
115360
115064
114375
113396
94862.9
95031.9
95194.6
95345.7
95492.4
95635.2
95770.5
95897
96015
96125.4
96228.3
96323.5
96411.2
96491.9
96565.5
96631.5
96690.3
96741.8
96786.5
96824.4
96855.3
96879.6
96897.5
96909
96914.8
96914.3
96906.9
96892.8
96871.9
96844.4
96810.6
96770.8
96725.3
96674.3
96618.2
96557.6
96492.9
96424.4
96352.7
96278.7
96203
96126.7
96050.2
95974.2
95899.7
95827.4
95758.2
95692.8
95631.7
95575.9
95526.2
95483.6
95448.3
95420.6
95400.8
95389.5
95387.1
95393.9
95409.9
95435.1
95469.3
95512.3
95563.5
95622.5
95689
95762.6
95842.8
95928.9
96020.5
96116.9
96217.6
96322.4
96430.8
96541.9
96655.6
96771.7
96889.8
97009.6
97130.3
97252.8
97376.8
97501.7
97628.1
97755.9
97886.4
98018.9
98154.2
98292.6
98435.5
98582.5
98735
98894.6
99059.3
99234
99416.8
99608.3
99812.8
100027
100253
100495
100748
101014
101296
101590
101899
102216
102547
102892
103238
103588
103939
104300
104661
105023
105370
105718
106051
106354
106622
106851
107059
107211
107339
107413
107429
107417
107347
107212
107075
106858
106660
106401
106176
105920
105659
105358
105028
104726
104474
104248
104036
103869
103751
103668
103615
103588
103589
103630
103715
103820
103965
104131
104332
104594
104882
105222
105670
106058
106484
106996
107391
107874
108446
108952
109408
109842
110289
110754
111383
112295
112954
113475
113757
113930
114280
114457
114373
114116
113569
112770
94991.5
95151.8
95309.3
95458.6
95601.3
95738.5
95869.4
95993.3
96109.6
96218.4
96319.8
96413.7
96500.2
96579.3
96651.2
96716.1
96773.6
96823.1
96865.7
96901.6
96930.3
96952.2
96967.4
96976.2
96978.3
96973.7
96962.1
96943.7
96918.6
96886.7
96848.5
96804.2
96754
96698.4
96637.7
96572.4
96503
96430
96354
96275.5
96195.7
96115.1
96034.4
95954.4
95876.1
95800.1
95727.3
95658.4
95594
95535.1
95482.5
95436.7
95398.3
95367.7
95345.4
95331.7
95326.6
95330.7
95343.9
95366
95397.1
95436.7
95484.5
95539.9
95603
95672.9
95749.2
95831
95918.2
96009.8
96105.7
96205.2
96308.2
96413.8
96521.8
96631.9
96743.7
96857
96971.2
97087
97204.2
97322.3
97441.2
97562.6
97685.9
97811.3
97939.2
98070.1
98205.8
98345
98490.4
98642.5
98799.7
98966.7
99141.6
99325.6
99521.6
99727.5
99945.8
100177
100422
100680
100951
101238
101536
101844
102166
102502
102839
103179
103523
103873
104229
104582
104924
105268
105598
105903
106175
106421
106620
106778
106912
106980
107017
106996
106908
106813
106640
106463
106242
106001
105771
105494
105211
104876
104533
104243
104005
103781
103578
103432
103330
103257
103205
103181
103188
103234
103318
103426
103567
103699
103883
104133
104401
104782
105182
105533
105919
106378
106706
107131
107531
108076
108396
108745
109108
109443
109952
110833
111532
112179
112448
112607
112964
113151
113137
112963
112581
112002
95176.7
95330.2
95480.7
95624.7
95763
95895.7
96022.1
96141.9
96255
96360.9
96459.6
96551.2
96635.4
96711.8
96781.1
96843
96897.3
96944.9
96985
97017.7
97043.4
97061.8
97073.3
97077.9
97075.2
97065.6
97049
97025.4
96994.9
96957.7
96914
96864
96808.1
96746.8
96680.5
96609.5
96534.4
96456
96374.7
96291.1
96206.1
96120.3
96034.7
95950.1
95867.2
95786.7
95709.6
95636.5
95568.3
95505.7
95449.5
95400.3
95358.4
95324.5
95299
95281.8
95273.5
95274.3
95283.9
95302.5
95329.7
95365.3
95409
95460.3
95518.8
95583.9
95655
95731.5
95813
95898.7
95988.2
96081.2
96177.2
96275.7
96376.3
96478.7
96582.5
96687.5
96793.6
96900.9
97009.4
97118.5
97229
97341.6
97455.7
97572
97691.1
97813.1
97939.8
98070.3
98206.9
98349.5
98498.1
98655.6
98820.8
98996.1
99181.8
99378.1
99586.9
99806.8
100042
100290
100549
100826
101113
101411
101722
102047
102375
102705
103040
103379
103727
104070
104406
104738
105058
105366
105649
105901
106098
106273
106399
106471
106513
106472
106410
106324
106131
105985
105735
105521
105259
104965
104648
104286
103952
103681
103449
103229
103046
102914
102820
102748
102694
102674
102687
102732
102805
102896
103026
103153
103320
103543
103795
104194
104502
104799
105117
105495
105770
106128
106441
106962
107233
107511
107795
107988
108365
109149
109846
110607
110912
111079
111409
111617
111726
111656
111444
111111
95437.3
95583
95724.9
95863.7
95996.9
96124.1
96245.1
96359.9
96468.2
96569.7
96664.2
96751.5
96831.5
96904.6
96970.2
97028.4
97079
97122.3
97158.1
97186.4
97207.3
97220.6
97226.7
97225.5
97217
97201.1
97177.9
97147.6
97110.4
97066.3
97015.7
96958.9
96896.2
96827.9
96754.7
96676.8
96594.8
96509.6
96421.7
96331.7
96240.4
96148.6
96057.2
95966.8
95878.5
95792.8
95710.5
95632.6
95559.9
95492.9
95432.4
95378.9
95333
95295
95265.4
95244.4
95232.2
95228.8
95234.3
95248.4
95271.1
95301.9
95340.5
95386.5
95439.3
95498.3
95563
95632.7
95706.9
95785.1
95866.8
95951.4
96038.7
96128.1
96219.2
96311.8
96405.6
96500.3
96596
96692.7
96790.1
96888.4
96988.3
97089.7
97192.6
97298.1
97406.5
97518
97633.8
97753.5
97879.4
98010.9
98149.3
98295.7
98449.8
98614.5
98788.3
98973.5
99170.9
99378.4
99602.1
99837.9
100085
100348
100623
100911
101209
101521
101840
102161
102485
102811
103149
103483
103813
104130
104443
104748
105032
105281
105495
105669
105786
105873
105910
105888
105850
105732
105566
105407
105154
104939
104640
104326
103974
103608
103295
103039
102808
102599
102434
102313
102218
102141
102083
102056
102071
102113
102173
102248
102351
102470
102626
102817
103062
103410
103648
103850
104071
104391
104623
104868
105136
105567
105890
106132
106354
106423
106688
107329
107967
108788
109206
109406
109674
109950
110201
110248
110203
110123
95800.2
95937.7
96070.9
96200.7
96325.9
96445.5
96559.4
96667.3
96769.2
96864.6
96953.3
97034.9
97109.4
97176.6
97236.4
97288.7
97333.5
97370.7
97400.2
97422
97436.1
97442.4
97441.4
97432.7
97416.2
97392.2
97360.9
97322.3
97276.5
97223.8
97164.6
97099.1
97027.8
96950.9
96869.1
96782.8
96692.7
96599.3
96503.3
96405.5
96306.7
96207.6
96109
96011.8
95916.8
95824.8
95736.7
95653.2
95575
95502.6
95436.9
95378.5
95327.8
95285
95250.7
95225
95208
95199.7
95200
95208.9
95226.1
95251
95283.4
95322.7
95368.5
95420.1
95476.8
95538.1
95603.2
95671.9
95743.8
95818
95894.3
95972.3
96051.5
96131.8
96213
96295
96377.7
96461.1
96545.2
96630.5
96717
96805
96895
96987.6
97083
97181.5
97284.2
97391.4
97504.5
97623.2
97749.3
97882.7
98024.2
98176.1
98336.8
98509.4
98692.7
98887.5
99097.2
99318.9
99553.7
99801.7
100063
100339
100624
100921
101230
101543
101855
102169
102494
102823
103146
103456
103763
104060
104338
104584
104808
104975
105109
105207
105247
105251
105197
105064
104941
104739
104504
104251
103922
103580
103209
102858
102566
102317
102089
101891
101737
101617
101510
101426
101373
101337
101339
101374
101418
101495
101579
101665
101791
101939
102143
102388
102597
102771
102877
103133
103334
103511
103658
103992
104330
104562
104756
104763
104961
105447
105990
106778
107368
107626
107865
108227
108603
108795
108928
109054
96292.6
96420
96543.4
96662.9
96778
96888.1
96992.5
97091.1
97184
97270.6
97350.6
97423.8
97489.9
97548.7
97600.1
97644.1
97680.4
97708.8
97729.5
97742.2
97747
97744.1
97733.3
97714.4
97687.8
97653.5
97611.6
97562.3
97505.8
97442.4
97372.4
97296.2
97214.1
97126.7
97034.3
96937.8
96837.6
96734.3
96628.6
96521.4
96413.5
96305.6
96198.7
96093.4
95990.6
95891.2
95795.9
95705.5
95620.7
95542.3
95470.8
95406.4
95349.8
95301.5
95261.6
95230.2
95207.6
95193.4
95187.7
95190.3
95200.6
95218.5
95243.5
95274.8
95311.8
95354.2
95401.2
95452.1
95506.2
95563.3
95622.8
95684
95746.8
95810.6
95875
95940.2
96005.8
96072
96138.7
96206.1
96274.4
96343.6
96414.3
96486.6
96561
96638
96718.1
96801.6
96889.4
96981.8
97080
97184
97295.4
97413.9
97541.3
97678.2
97824.2
97982.4
98149.8
98330.8
98524.8
98730.2
98950.8
99183.2
99429.5
99690.8
99962.6
100245
100542
100846
101151
101456
101766
102086
102404
102714
103017
103307
103580
103827
104049
104228
104379
104473
104520
104528
104456
104353
104224
103988
103763
103458
103110
102746
102374
102043
101764
101526
101291
101102
100954
100825
100697
100603
100556
100532
100518
100532
100561
100618
100683
100755
100849
100932
101040
101188
101337
101502
101547
101720
101889
102012
102092
102302
102621
102868
103051
103049
103209
103555
103989
104677
105427
105789
106065
106500
106983
107343
107652
107955
96948.3
97062.5
97172.7
97279.1
97381.2
97478.5
97570.9
97657.9
97738.8
97813.3
97881.2
97942.5
97996.8
98043.8
98083.5
98115.4
98139.7
98156.1
98164.6
98165.1
98157.5
98141.9
98118.2
98086.4
98046.6
97999.1
97943.8
97881.2
97811.3
97734.5
97651.1
97561.5
97466.2
97365.8
97260.7
97151.6
97039.2
96923.9
96806.8
96688.4
96569.7
96451.5
96334.6
96219.9
96108
95999.8
95896.2
95797.9
95705.6
95619.8
95541.2
95470.2
95407.1
95352.2
95305.7
95267.8
95238.5
95217.5
95204.6
95199.6
95202.2
95211.5
95227.2
95249
95275.9
95307.3
95342.5
95380.9
95421.9
95464.8
95509.2
95554.5
95600.6
95646.9
95693.4
95739.8
95786.4
95833.4
95880.8
95929
95978.3
96028.9
96081
96135.1
96191.5
96250.6
96312.9
96379
96449.4
96524.8
96605.9
96693
96787.8
96889.8
97001
97121
97250.9
97392.7
97543.4
97708.3
97885
98073.8
98278
98493.9
98725.1
98969.6
99226.4
99496.5
99778.5
100070
100371
100673
100972
101277
101589
101899
102202
102490
102763
103013
103232
103422
103568
103660
103724
103726
103666
103574
103400
103160
102912
102575
102218
101847
101490
101174
100906
100665
100432
100247
100099
99951.9
99813.7
99698.5
99632.5
99609.4
99593.4
99590.7
99609
99645.4
99680.7
99724.1
99770.1
99778
99803.8
99897.4
99961.2
100070
100103
100179
100297
100362
100423
100486
100781
101065
101273
101321
101450
101681
102021
102593
103429
103939
104303
104818
105395
105926
106410
106876
97799.2
97896.2
97989.4
98079.1
98164.7
98245.6
98321.4
98391.9
98456.3
98514.7
98566.7
98611.9
98650.3
98681.4
98705
98721.1
98729.4
98729.7
98721.9
98706.2
98682.2
98650
98609.7
98561.3
98504.9
98440.7
98368.9
98289.6
98203.1
98109.7
98010
97904.3
97793.1
97677
97556.5
97432.3
97305.2
97175.9
97045.3
96914
96782.9
96652.8
96524.3
96398.4
96276
96157.9
96044.8
95937.6
95836.7
95742.6
95655.9
95577.1
95506.6
95444.3
95390.4
95345
95308
95279.1
95258.1
95244.4
95237.7
95237.5
95242.9
95253.3
95268.3
95286.9
95308.6
95332.4
95357.6
95383.6
95409.7
95435.9
95461.7
95487
95511.5
95535.6
95559.3
95583.2
95607.8
95633.6
95660.8
95690
95721.3
95754.7
95790.8
95829.8
95872.1
95918.6
95969.5
96025.7
96087.4
96156
96232.2
96315.9
96408.9
96510.5
96623
96746.2
96879.7
97026.5
97184.6
97356.8
97542.3
97741.2
97956.4
98183.5
98425
98682.3
98949.9
99230.1
99523.3
99820.5
100117
100416
100720
101023
101323
101612
101886
102137
102357
102546
102689
102801
102874
102872
102819
102698
102496
102267
101982
101637
101277
100914
100573
100274
100008
99753.6
99520.3
99332.9
99168.6
99011.9
98875.8
98741.4
98650
98598.9
98579.7
98568.4
98557.2
98600.5
98615.7
98623.2
98609.2
98557.7
98518
98517.9
98506.3
98560.4
98577.8
98517.9
98562.5
98621.2
98694.3
98708.5
98887.8
99140.3
99395.3
99568.2
99677.5
99835.9
100124
100604
101443
102106
102605
103216
103891
104576
105234
105858
98788.4
98865.4
98938.7
99008.4
99074.1
99135.2
99191.3
99242.2
99287.3
99326.2
99358.8
99384.9
99403.9
99415.9
99420.5
99417.2
99406.2
99387.4
99360.5
99325.5
99282.4
99231.1
99171.8
99104.3
99028.9
98945.7
98855
98757
98652.1
98540.5
98422.8
98299.5
98170.9
98037.7
97900.6
97760.4
97617.6
97473.1
97327.8
97182.5
97037.9
96894.9
96754.4
96617.2
96483.9
96355.5
96232.6
96116
96006.2
95903.7
95809
95722.4
95644.1
95574.1
95512.7
95459.6
95414.7
95377.5
95347.7
95324.9
95308.4
95297.7
95292
95290.7
95293.1
95298.5
95305.9
95314.3
95322.7
95329.9
95336.8
95342.1
95345.3
95346.8
95346.5
95345.2
95342.6
95341.1
95340.7
95341.9
95345.6
95352.4
95362.1
95374.3
95389.3
95407.2
95428.7
95454.1
95484.2
95519.8
95561.4
95610.5
95666.7
95731.3
95805.1
95887.8
95981.8
96085.8
96201.8
96329.7
96469.3
96623.5
96790.1
96972.2
97169.5
97380.1
97607.1
97849.3
98105.2
98375.9
98657.9
98948.2
99245.5
99546.6
99845.2
100144
100440
100727
100999
101252
101476
101663
101816
101941
102001
101991
101920
101775
101588
101350
101040
100703
100348
100001
99672.6
99388.4
99094.8
98820.9
98579.9
98375.2
98181.9
98015.2
97874.1
97733.4
97635.5
97572.1
97534
97514.3
97480.3
97497.5
97474.6
97473.6
97423.3
97320.4
97192.3
97053.1
96979.7
96973.8
96936.5
96780.5
96757.9
96810.7
96918.2
96957
97033.7
97180.8
97422
97722.5
97842
97979.5
98262.4
98685.6
99468.5
100271
100937
101659
102436
103255
104081
104876
99745.6
99803
99856.9
99906.9
99952.8
99994.2
100031
100062
100087
100107
100121
100127
100127
100120
100106
100083
100053
100016
99970.1
99916.4
99854.7
99784.9
99707.1
99621.3
99527.8
99426.6
99318.2
99202.6
99080.4
98951.7
98817.3
98677.5
98532.9
98384.2
98232
98077.1
97920.1
97762
97603.4
97445.4
97288.7
97134.2
96982.8
96835.2
96692.3
96554.8
96423.4
96298.6
96181
96071.3
95969.5
95876.1
95791
95714.6
95646.5
95586.7
95534.7
95490
95452.4
95421.1
95395.8
95375.6
95359.9
95348.2
95339.9
95333.9
95328.9
95323.8
95317.1
95308.6
95296.6
95281.6
95263.2
95241.4
95217
95191.1
95165.4
95140.2
95116.5
95095.2
95077.4
95063.6
95053.3
95046.4
95042.4
95041.7
95044.4
95050.5
95061.8
95078.7
95102
95132.6
95170.9
95217.9
95273.7
95339.9
95416.8
95503.9
95603.4
95714
95837.6
95974.5
96124.5
96291.4
96472.5
96669.3
96883.5
97113.3
97359.5
97620.6
97894
98179.7
98475.8
98775.3
99075
99376.9
99672.5
99958
100232
100487
100709
100895
101055
101169
101211
101190
101109
100980
100792
100531
100225
99899.8
99554.8
99218.3
98902
98609.8
98278.2
97991.7
97729.9
97487.8
97252.5
97066.3
96914.5
96779.3
96662.2
96575.7
96524.5
96516.8
96484.4
96483.6
96433.7
96420.4
96324.1
96178.2
95978.8
95770.3
95668.7
95594.5
95472.7
95318.9
95253.9
95247.2
95309.3
95346.1
95379.7
95459.4
95643.9
95989.8
96152.9
96303.1
96613.8
97013.9
97735.9
98634.3
99463
100287
101160
102086
103054
104015
100572
100612
100648
100681
100710
100734
100753
100767
100775
100777
100774
100763
100746
100722
100691
100652
100605
100551
100489
100419
100342
100256
100162
100061
99951.5
99835
99711.4
99580.9
99444
99301
99152.5
98999
98841.1
98679.3
98514.5
98347.5
98178.8
98009.5
97840.1
97671.8
97505.3
97341.5
97181.2
97025.3
96874.7
96729.7
96591.4
96460
96336.4
96220.8
96113.4
96014.8
95924.7
95843.2
95769.9
95704.5
95646.8
95596.2
95552.3
95514.2
95481.4
95453
95428.8
95408.7
95392.1
95377.6
95363.1
95347
95328.4
95306.3
95279.3
95247.1
95210.3
95169.6
95126
95081
95035.5
94991
94948.1
94908.3
94872.6
94841.2
94814.1
94790.9
94771.3
94755
94741.8
94732.7
94728.4
94729.9
94737.9
94753.2
94776.8
94809.1
94851
94903.5
94966.1
95039.8
95125.3
95222.1
95332.6
95455.4
95593
95747.4
95915.9
96102.2
96305.8
96526.6
96765
97017.9
97285.9
97568.3
97860.9
98159.4
98463.5
98766.5
99062.2
99352.4
99630.1
99882.9
100102
100291
100446
100544
100580
100561
100490
100361
100155
99893.1
99601.9
99281.7
98942.6
98608.6
98287
97975.4
97631.7
97328.6
97038.6
96745.4
96466.3
96260.5
96090.1
95972.9
95844.5
95721.4
95630.4
95649.1
95616.7
95612.8
95585.3
95565.5
95431.2
95265
95028
94794.7
94647.9
94506.6
94341
94194.8
94088.1
94029.5
94026.3
94031.4
94047.9
94117.9
94273.8
94627.7
94814.5
94975.6
95311.2
95712.7
96405.2
97356.6
98310.5
99212.9
100167
101180
102253
103344
101259
101284
101306
101324
101338
101347
101351
101350
101343
101331
101313
101288
101256
101218
101172
101120
101059
100991
100916
100832
100741
100642
100535
100420
100298
100169
100033
99890.5
99741.6
99586.8
99426.9
99262.2
99093.4
98921.2
98746.3
98569.4
98391.3
98212.9
98035.1
97858.6
97684.3
97513.1
97345.9
97183.5
97026.6
96875.9
96732
96595.6
96467.2
96347
96235.5
96132.7
96038.5
95953.1
95875.7
95806.2
95744.1
95688.9
95639.9
95595.4
95555.7
95519.8
95488.4
95461.8
95439.3
95419.5
95398.1
95373.7
95345.1
95310.7
95270.7
95225.3
95175
95120.4
95062.7
95003
94942.9
94883.3
94825.7
94771.3
94721.1
94675.5
94634.4
94597.6
94564.4
94534.8
94508.6
94486.7
94469.8
94458.9
94454.4
94458
94469.5
94490.3
94521.1
94561.9
94613.5
94676.2
94750.7
94837.1
94936.6
95049.3
95177.6
95321.4
95481
95659.4
95854.5
96068.3
96299.8
96546.8
96810.8
97089.5
97379.3
97678.5
97983.6
98286.2
98586
98880.5
99158.1
99409.8
99631.7
99822
99968.9
100059
100098
100084
100015
99874.3
99665.4
99414.7
99130.5
98811.1
98474.5
98138.2
97804.9
97469.5
97128.2
96800.2
96482.3
96151.7
95846.8
95610.5
95413.2
95281.1
95169.7
95047.5
94937.8
94917.9
94880.5
94865.1
94855.9
94816
94711.7
94547.6
94294.7
94041.6
93830.1
93625.9
93438.4
93268.7
93126
93046.5
93012.9
92992.6
93005.6
93084.4
93241.1
93585.2
93770.5
93947.2
94291.3
94717.1
95404.6
96384.5
97422
98386.3
99406
100489
101643
102829
101812
101825
101834
101840
101842
101838
101830
101817
101799
101775
101744
101707
101664
101614
101557
101493
101421
101342
101255
101161
101059
100949
100832
100706
100574
100435
100289
100136
99977.7
99813.7
99644.6
99471.1
99293.8
99113.3
98930.4
98745.8
98560.4
98375
98190.4
98007.5
97827.3
97650.5
97477.9
97310.5
97148.7
96993.6
96845.5
96705.2
96573.1
96449.4
96334.7
96228.6
96131.5
96043.1
95962.7
95890.2
95825.1
95766.6
95713.4
95664
95618.1
95576
95538.2
95506.7
95479.4
95454.6
95427.9
95395.8
95358
95314.7
95266.1
95211.6
95151.7
95087.3
95019.3
94948.9
94877.8
94807.2
94738.5
94672.8
94611.3
94554.2
94501.5
94453.3
94409
94368.4
94331.6
94299.3
94272.3
94251.4
94237.4
94231.3
94233.6
94245.5
94267.1
94299.1
94341.9
94396
94462.1
94540.4
94631.9
94737.5
94858.6
94995
95148.3
95320
95509
95717
95942.9
96185.7
96446.2
96721.9
97010.2
97308.7
97613
97917.5
98220.4
98515.2
98793.1
99047.6
99272.9
99462.9
99604.3
99693.3
99734.2
99722.3
99648.8
99504.2
99301.9
99058.3
98776.2
98457.6
98122.4
97781
97436.6
97086.2
96737.7
96388.8
96044.3
95699.4
95382.1
95109.4
94894.3
94726.8
94610.2
94510.8
94401.5
94342.5
94299.4
94261.2
94240.3
94159.1
94107.3
93958.5
93720.7
93456
93186.7
92939.2
92726.5
92522
92360.8
92273.7
92229.9
92198.4
92215.9
92305
92468.6
92777.3
92959.7
93159.1
93507.1
93976.2
94667.1
95662.3
96747.4
97760.2
98832.3
99970.9
101188
102442
102244
102247
102247
102243
102234
102221
102204
102181
102153
102119
102079
102033
101981
101922
101856
101782
101702
101614
101518
101415
101305
101186
101061
100928
100788
100640
100486
100326
100160
99989
99812.9
99632.6
99448.7
99261.8
99072.7
98882.3
98691.2
98500.4
98310.7
98123
97938.2
97757.1
97580.5
97409.2
97243.9
97085.4
96934.2
96790.9
96656
96529.7
96412.5
96304
96204.6
96113.7
96031.3
95956.9
95889.8
95829.6
95773.8
95720.6
95669.4
95621.5
95579.6
95543.5
95512.8
95483.1
95450.4
95412
95368
95318.5
95263
95202.2
95136
95065.1
94990.2
94912.6
94833.7
94754.7
94677.8
94603.5
94533
94466.8
94404.8
94347.4
94293.9
94244.3
94199.2
94158.5
94123.5
94094.9
94073.4
94060
94055.4
94060.2
94074.9
94100.1
94136.1
94183.8
94243.5
94315.9
94401.8
94502.2
94618
94749.5
94898.3
95064.7
95249.4
95452.8
95674.3
95914.1
96171.8
96445.1
96731.7
97029.1
97333.1
97639.2
97942.7
98237.7
98517.6
98774.9
99003
99193
99332.5
99421.4
99462.4
99450.5
99373.5
99231
99034.7
98794.6
98513.3
98196.8
97862.1
97515.4
97163
96801.4
96443.2
96079.9
95719
95359.2
95024.1
94740.5
94517.3
94316.9
94172.1
94073.3
93974.6
93889.6
93845
93787.9
93757.4
93654.6
93600
93465.4
93265.2
92997.4
92693.1
92421.5
92184.1
91960
91794.8
91699.6
91644.3
91609.3
91632.7
91728.3
91889.1
92145.1
92334.9
92557.6
92920.7
93434.3
94133.1
95139.8
96243
97293.9
98407.3
99589.8
100854
102156
102571
102567
102559
102547
102531
102511
102486
102456
102421
102379
102333
102280
102220
102154
102081
102001
101914
101819
101717
101607
101490
101365
101233
101094
100948
100795
100635
100469
100298
100121
99939.7
99754.2
99565.3
99373.7
99180
98985.2
98789.9
98595
98401.3
98210.3
98022.1
97837.9
97658.3
97484.2
97316.3
97155.2
97001.7
96856.1
96719.2
96591.1
96472
96361.7
96260
96167.3
96083.4
96008.7
95941.1
95878.3
95819.3
95763.9
95711.1
95661.3
95616.8
95576.5
95541.1
95506.2
95467.2
95423.1
95374.2
95320.4
95261.1
95196.1
95125.6
95050.2
94970.6
94888
94803.6
94718.7
94635.8
94555.1
94477.8
94404.5
94335.5
94270.7
94210.1
94153.6
94101
94054.4
94013.3
93978.9
93951.8
93932.9
93922.9
93922.3
93931.7
93951.7
93982.9
94025.8
94081.1
94149.3
94231.4
94328.2
94440.2
94568.5
94713.9
94876.8
95058.1
95258
95476.4
95713.7
95968.8
96240
96525.3
96821.6
97125
97431.4
97735.5
98031.7
98313.3
98572.9
98803.2
98993.6
99132.9
99222.3
99263.6
99249.6
99171.5
99032.9
98840.2
98601.6
98321.1
98005.9
97670
97319.4
96961.8
96592.9
96225.3
95854.3
95479.7
95106.8
94758
94471.7
94236.4
94024.4
93857.8
93736.7
93638.5
93545.7
93494.9
93429.4
93388.7
93283.5
93204.8
93075.2
92903.1
92635.1
92319.5
92039.8
91787.6
91559.4
91393.8
91291.8
91224.3
91188.6
91214.1
91308.9
91456.3
91660.4
91866.3
92111.8
92499
93043.5
93754.4
94771.4
95871
96953
98098.5
99316.2
100614
101946
102812
102802
102789
102772
102750
102724
102694
102659
102618
102571
102519
102461
102396
102325
102247
102161
102069
101969
101862
101748
101626
101497
101360
101216
101066
100908
100744
100574
100398
100218
100032
99843.3
99650.8
99455.6
99258.7
99060.7
98862.5
98664.9
98468.9
98274.7
98083.9
97897.3
97715.6
97539.5
97369.7
97206.8
97051.5
96903.9
96765.4
96636
96515.6
96404.2
96301.7
96208
96122.7
96045
95974.7
95911.2
95852.6
95797.7
95744.3
95693.4
95648.3
95606.2
95565.9
95524.4
95479.7
95430.9
95378.2
95321.7
95259.7
95192.3
95119.1
95040.7
94957.8
94871.6
94783.5
94695.2
94607.1
94521.5
94439
94360.4
94286
94215.8
94149.6
94087.7
94030.1
93979.1
93933.4
93894.7
93863.4
93840.3
93826.1
93821.6
93827.2
93843.6
93871.4
93911.1
93963.4
94028.9
94108.4
94202.5
94312.2
94438.2
94581.1
94741.5
94920.3
95117.6
95333.8
95569
95821.9
96091.4
96375.4
96670.5
96973.3
97279.8
97584.5
97881.3
98164.3
98425.6
98657.3
98847.8
98988.4
99079.7
99120.7
99104.8
99027.7
98891.7
98700.9
98463.2
98183.4
97868.3
97530.3
97176.6
96814.8
96439.9
96063.4
95689.9
95308
94924.9
94570.8
94276
94030.3
93815.9
93638.7
93500.4
93392.8
93300.3
93238.5
93173.9
93119.3
93014.8
92921.7
92791.2
92623.7
92356.9
92044.2
91764.9
91508.8
91282.3
91114.1
91005
90929.5
90894.3
90918
91005.3
91137.6
91307.3
91527.8
91796
92205.1
92764.5
93489.4
94516.1
95602.5
96709.6
97879.8
99125.2
100447
101797
102983
102969
102952
102931
102905
102876
102842
102802
102757
102707
102651
102589
102521
102446
102364
102275
102179
102076
101965
101847
101722
101590
101450
101303
101149
100988
100821
100648
100470
100286
100098
99906.4
99711.3
99513.8
99314.5
99114.2
98913.8
98714.1
98516
98320.2
98127.7
97939.4
97756.2
97578.5
97407.3
97243.3
97087.1
96939.4
96799.4
96668.9
96547.3
96434.1
96330.2
96235.7
96149.8
96071.7
96000.7
95935.9
95876.2
95822
95767.3
95718.4
95672.6
95628.5
95584.4
95538.2
95489.3
95437.5
95381.7
95323.2
95259.6
95190.4
95115.4
95034.8
94949.6
94860.8
94770
94678.4
94587.3
94498.3
94412.2
94329.7
94251.4
94177.2
94107.2
94041.6
93980.6
93925.5
93876.7
93834.9
93800.4
93774.3
93757.4
93750.3
93753.5
93767.5
93793.1
93830.7
93881.1
93944.7
94022.4
94114.8
94222.9
94347.3
94488.4
94647.1
94824.1
95019.5
95234
95467.4
95718.7
95987
96269.7
96564
96866.3
97172.7
97477.3
97774.4
98058.2
98320.6
98552.9
98743.9
98886.8
98980.2
99021.1
99004.5
98928.5
98793.7
98603.8
98366.8
98087.7
97772.1
97432.1
97075.1
96708.8
96328.2
95943.4
95567.6
95185.4
94802.4
94444.1
94139.4
93884.5
93668.2
93486.8
93342.8
93226.8
93133.3
93062
92997.5
92934.1
92829.2
92729.2
92596.4
92423.5
92157.5
91849.8
91571.9
91316.8
91091.9
90919.2
90804.2
90724.7
90690.8
90710.4
90787
90909.7
91065.3
91294.5
91582.2
92006.9
92571.4
93309
94339.9
95414.8
96541.9
97730
98995.8
100333
101694
103099
103082
103063
103039
103011
102978
102941
102899
102852
102799
102741
102676
102605
102528
102443
102352
102254
102148
102035
101915
101787
101652
101510
101361
101205
101042
100873
100698
100518
100332
100143
99949
99752.2
99553.1
99352.2
99150.3
98948.4
98747.2
98547.6
98350.6
98157
97967.8
97783.6
97605
97433.1
97268.2
97110.8
96961.7
96821.4
96690.2
96568.1
96454.8
96350.6
96255.4
96168.6
96089.7
96017.9
95952.6
95893.2
95837.7
95784.5
95735.5
95689.1
95643.6
95597
95548
95497
95443.4
95386.4
95325.7
95260.4
95189.8
95113.3
95031.4
94944.6
94854.1
94761.2
94667.4
94574.2
94482.8
94394.2
94309.1
94228.1
94151.1
94078.4
94010.1
93946.7
93888.7
93837.7
93793.8
93757.5
93729.6
93711.1
93702.3
93704
93716.6
93740.8
93777.1
93826.2
93888.5
93965
94056.4
94163.5
94286.6
94426.6
94584.3
94759.9
94954.2
95167.5
95399.5
95649.9
95917.2
96199.2
96492.8
96794.7
97100.7
97405.3
97702.6
97986.5
98249.3
98481.7
98673.9
98818.9
98913.8
98954.6
98938.1
98862.7
98728.4
98539.2
98302.7
98023.7
97707.7
97366
97006.1
96635.5
96250.7
95860.1
95479.1
95098.2
94720.7
94356.9
94047
93786.8
93567.6
93384.3
93239
93118.5
93023.1
92947.2
92880
92812.9
92707
92602.3
92467.9
92290.4
92024.4
91720.3
91443
91188.6
90964
90787.7
90669.2
90588.1
90554.7
90569.4
90637.3
90757.3
90910.6
91145.2
91445.1
91879.4
92445.4
93187.7
94217.1
95289.9
96431.4
97632
98911.8
100259
101626
103173
103154
103133
103107
103077
103043
103005
102961
102912
102857
102797
102731
102658
102579
102493
102401
102301
102194
102079
101957
101828
101692
101548
101398
101240
101076
100906
100730
100548
100362
100171
99975.8
99778
99577.7
99375.7
99172.9
98970.1
98768
98567.7
98369.8
98175.4
97985.4
97800.4
97621.3
97448.9
97283.5
97126
96976.7
96835.7
96703.9
96581.3
96467.7
96363.2
96267.6
96180.4
96101.1
96028.9
95963.3
95903.3
95847.6
95795.2
95746
95699.2
95652.9
95605
95554.7
95502.4
95447.7
95389.3
95327.3
95261.1
95189.5
95112.2
95029.5
94941.9
94850.2
94756
94660.7
94565.9
94472.9
94382.7
94295.9
94213.1
94134.3
94059.8
93989.8
93924.7
93865.3
93812.9
93767.8
93730.4
93701.6
93682.1
93672.4
93673.2
93685
93708.3
93743.9
93792.1
93853.6
93929.4
94020.2
94126.5
94249
94388.4
94545.3
94720.2
94913.7
95126.2
95357.5
95607.3
95874
96155.5
96448.8
96750.3
97056.1
97360.7
97658.1
97942
98204.7
98437.3
98630.3
98776.5
98872.2
98913.3
98896.9
98821.8
98687.8
98498.9
98262.6
97983.6
97667.3
97324.3
96962.4
96588.8
96201.7
95808.2
95422.7
95041.2
94665.9
94299.7
93989
93725.8
93503.9
93319.3
93173
93050.5
92953.7
92876
92806.4
92737.9
92631.1
92523.1
92387.7
92207.6
91941.7
91640.3
91362.6
91108
90883.3
90705.3
90585.1
90503.1
90469.2
90480.6
90544.1
90664.6
90819.3
91056.9
91362.9
91802.2
92370
93110.1
94134.6
95212.7
96363.4
97572.3
98860.4
100213
101583
103214
103194
103172
103145
103115
103080
103040
102995
102945
102890
102829
102762
102688
102608
102521
102428
102327
102219
102104
101981
101851
101714
101570
101418
101260
101095
100924
100748
100565
100378
100186
99990.8
99792.3
99591.4
99388.9
99185.5
98982.1
98779.6
98578.8
98380.5
98185.8
97995.3
97810
97630.6
97457.8
97292.1
97134.3
96984.6
96843.6
96711.5
96588.6
96474.9
96370.3
96274.5
96187.1
96107.5
96035.1
95969.2
95908.9
95853.2
95800.9
95751.7
95704.5
95657.8
95609.4
95558.5
95505.3
95449.7
95390.8
95328.3
95261.4
95189.1
95111.3
95028.3
94940.3
94848.1
94753.1
94657
94561.3
94467.4
94376.2
94288.4
94204.5
94124.7
94049.2
93978.3
93912.3
93852.1
93799.2
93753.5
93715.5
93686.2
93666.1
93656
93656.3
93667.6
93690.5
93725.6
93773.3
93834.4
93909.8
94000.2
94106.2
94228.3
94367.3
94523.9
94698.4
94891.4
95103.5
95334.5
95583.9
95850.3
96131.6
96424.6
96726
97031.6
97336.2
97633.7
97917.5
98180.1
98412.8
98606
98752.8
98849
98890.3
98873.9
98799
98665.1
98476.6
98240.3
97961.1
97644.7
97300.9
96938
96562.5
96174.3
95779.8
95392.2
95009.6
94633.4
94267.9
93957
93692.2
93468.6
93283.3
93136
93012.6
92915.1
92836.4
92765.6
92696.1
92589.1
92479.3
92343.5
92161.5
91895.8
91595.9
91317.9
91063
90838.2
90659.7
90538.5
90456
90421.5
90431.7
90494.1
90614.9
90770.8
91009.7
91318.3
91759.9
92329.8
93068.2
94088.8
95170.5
96325.9
97539.6
98832.1
100188
101560
103231
103211
103188
103161
103130
103095
103055
103010
102959
102904
102842
102775
102701
102620
102533
102439
102338
102230
102114
101991
101861
101723
101579
101427
101268
101103
100932
100755
100572
100385
100193
99997
99798.3
99597.2
99394.4
99190.8
98987.2
98784.4
98583.4
98385
98190
97999.4
97814
97634.4
97461.4
97295.7
97137.7
96988
96846.8
96714.6
96591.7
96477.9
96373.2
96277.3
96189.8
96110.1
96037.7
95971.7
95911.3
95855.4
95803.2
95753.9
95706.6
95659.7
95611.2
95560.1
95506.8
95450.8
95391.5
95328.7
95261.7
95189.1
95110.8
95027.2
94939.2
94847.1
94751.9
94655.4
94559.4
94465
94373.4
94285.2
94200.9
94120.6
94044.8
93973.5
93907.2
93846.4
93793.8
93747.5
93709.3
93679.8
93659.5
93649.1
93649.3
93660.4
93683.1
93717.9
93765.5
93826.5
93901.7
93991.9
94097.7
94219.7
94358.5
94514.9
94689.2
94882.1
95094
95324.8
95574.1
95840.3
96121.5
96414.4
96715.7
97021.3
97325.9
97623.3
97907.1
98169.6
98402.2
98595.6
98742.6
98838.9
98880.3
98864
98789.1
98655.3
98466.9
98230.6
97951.4
97635
97290.9
96927.5
96551.3
96162.7
95767.9
95379.6
94996.7
94619.9
94255
93943.6
93678.2
93454.1
93268.5
93120.7
92996.9
92899.1
92819.9
92748.7
92678.6
92571.4
92460.9
92324.9
92141.6
91875.8
91576.7
91298.4
91043.4
90818.6
90640
90518.3
90435.6
90401
90410.8
90473
90593.6
90749.9
90989.3
91298.8
91741.1
92312.5
93051.1
94069.8
95152.1
96309.7
97525.5
98819.8
100177
101549
85666.1
86005
86344.1
86689.5
87056.7
87469.8
87940.2
88465.8
89028.6
89625.6
90236.1
90842.6
91417.5
91906.7
92287.2
92563.1
92754.3
92921.5
93184.3
93640
94361.6
95450.9
97003.9
99034.2
101452
85733
86074.4
86409.9
86753
87118.3
87529.6
87998.1
88522.3
89080.4
89671.3
90276.7
90878.8
91448.2
91930.2
92304
92575
92763.9
92930.6
93195
93654.1
94378.6
95472.9
97031.5
99065.6
101471
85876.4
86222.2
86554.7
86894.8
87255.6
87660.5
88120.8
88639.2
89188.3
89767
90363.2
90954.1
91510.5
91979.5
92340.9
92601.9
92785.8
92950
93213.8
93675.1
94400.4
95497.6
97058.8
99092.2
101488
86103.8
86453.5
86783.9
87121.7
87478
87870.7
88311.8
88815
89350.6
89911.9
90493.5
91068.4
91602.8
92052.4
92396.2
92641.8
92818.1
92979.6
93240.8
93703.1
94427.3
95525.6
97087.7
99117.6
101502
86420.4
86768.2
87095.8
87430.7
87780.4
88158
88573.8
89047.8
89560.6
90097.4
90656.1
91212
91721.3
92146.1
92468.3
92694.5
92860.3
93018.7
93276.4
93738.2
94460
95557.6
97119.2
99142.4
101514
86825.7
87165
87486.4
87818.3
88154.2
88509.9
88899.9
89336.7
89816
90319.3
90847.7
91379.7
91862.5
92258.1
92555.2
92759.9
92912.7
93067.1
93321.4
93780.8
94499.1
95594.2
97153.6
99166.9
101523
87317
87645.3
87954.1
88278
88594.4
88916.8
89277
89677.2
90116.1
90579.5
91072.4
91570.9
92023.4
92386.1
92654.9
92836.6
92975.3
93124.6
93375.4
93830.9
94544.3
95635.3
97190.7
99190.9
101528
87890.4
88205.9
88503.1
88815.3
89106.5
89384.9
89702.4
90061.1
90457.1
90878.2
91330.2
91783.9
92200.2
92527.7
92765.4
92922.8
93047.3
93190.5
93437.2
93888.1
94595.3
95680.8
97230.4
99214.4
101530
88547.3
88847
89135
89426.8
89680
89908.8
90176
90482.6
90831.9
91211.2
91617.3
92016.5
92390.4
92680
92884.8
93016.4
93127.3
93264.4
93505.5
93951.7
94652.1
95731
97272.5
99237.4
101528
89288.6
89568.9
89844.4
90098.6
90309.8
90486
90696.6
90938.1
91233.9
91574
91929.1
92266.9
92591.9
92840.1
93011.3
93116.6
93213.8
93345.4
93579.8
94020.8
94715
95786
97316.7
99259.7
101523
90107.6
90367.5
90619.4
90831.5
91005.8
91123.3
91266.7
91428.7
91661.4
91962
92260.4
92532
92801.8
93005.8
93142.7
93222.8
93305.8
93432.2
93659.5
94094.8
94784.5
95846.3
97363
99281.3
101514
91005.6
91238.2
91450.8
91631.4
91761
91814.8
91883.1
91956.8
92118.1
92370
92606.6
92807.7
93016.5
93175
93277.1
93333
93401.8
93523.9
93744.5
94173.3
94860.2
95911.6
97410.9
99302.2
101501
91974.8
92163.9
92329.7
92482.3
92548.2
92545.2
92537.7
92521.5
92604.9
92794.1
92961.2
93092.2
93231.5
93344.7
93412.7
93444.5
93499.9
93619.8
93834.5
94256.1
94941.3
95981.4
97460.5
99322.2
101485
92997
93130.6
93253.4
93355.7
93353.1
93295.1
93209.9
93111.6
93113.7
93231.4
93319.2
93382.9
93447
93515.3
93548.4
93556.1
93599.2
93719.3
93928.6
94343.4
95026.7
96054.9
97511.4
99341.4
101466
94076.8
94151.2
94212.6
94232.8
94170.4
94048.8
93883.8
93713.7
93638.1
93674.7
93680.6
93669.2
93665.6
93688.4
93683.4
93667.3
93699.1
93820.9
94025.8
94435.1
95115.1
96131.2
97563.3
99359.8
101445
95211.8
95212.6
95173.6
95105.7
94990.4
94813.2
94564.3
94328.1
94176
94112
94041
93945.2
93878.8
93858.1
93815.4
93776.8
93798.3
93924.6
94126
94530.2
95205.6
96209.6
97616.2
99377.5
101421
96376.3
96280.9
96142.2
95989.8
95811.8
95592.4
95260.2
94955.8
94717.1
94545.9
94393.3
94221.8
94080.9
94018.7
93944
93884.1
93896.8
94029.6
94228.1
94628.5
95299
96290.2
97669.9
99394.5
101395
97585.3
97382.7
97162
96918.8
96652
96370.8
95963.7
95575.7
95253.9
94986
94740.1
94501.5
94286.9
94175.1
94069.9
93990.1
93997
94132.3
94332.1
94731.2
95395.2
96373.4
97724.3
99411.3
101367
98873.1
98565.6
98249.4
97908.3
97530.2
97149.2
96658.6
96182.2
95794.9
95425
95096.8
94777.9
94508.5
94332.9
94193.2
94097.4
94100.3
94237.4
94445
94844.6
95501.5
96467.7
97786.3
99432
101337
100236
99824.7
99381
98920.5
98421.8
97920.5
97327.1
96779.3
96314.3
95845.6
95451.8
95040.9
94720.2
94482.4
94308.2
94200.7
94202.4
94349
94566.4
94966.9
95619.1
96571.9
97853.3
99452.5
101301
101649
101111
100539
99925.1
99289.6
98661.9
97964.6
97348.7
96777.6
96246.5
95770.4
95283.2
94900.1
94616.1
94414.4
94299
94305.1
94460
94689.8
95092.9
95743.6
96680.5
97922.5
99473.3
101262
103086
102403
101714
100928
100142
99373.4
98585.2
97878.1
97199.9
96627.1
96052.1
95514.9
95063.5
94739.9
94517.9
94400
94413.3
94566.9
94816.1
95224.5
95873.9
96793.2
97993.9
99494.8
101223
104510
103688
102865
101928
100995
100064
99189.5
98373.5
97618
96975.5
96312.5
95744.2
95228.7
94857.1
94620
94501.6
94517.3
94674.5
94944.2
95361.6
96009.5
96910.1
98067.9
99517.5
101183
105886
104941
103958
102899
101830
100734
99756.9
98838.6
98030.1
97296.6
96556.9
95948.1
95389.8
94967.7
94718.3
94596.7
94610.8
94787.6
95074.1
95504.6
96151.4
97031.1
98144.9
99541.8
101143
107195
106125
104981
103799
102609
101371
100279
99271.5
98407.4
97591
96789
96119.2
95527.9
95073.8
94810.2
94686
94707.8
94907.8
95209.2
95653.6
96299.5
97155.9
98225.2
99568
101104
108413
107210
105924
104622
103325
101964
100765
99679.8
98738.5
97863.2
97020.7
96281.4
95639.8
95178.7
94899.1
94776.3
94815.5
95034.7
95350.8
95808.4
96452.6
97284.4
98309.1
99596.4
101064
109512
108180
106766
105378
103986
102506
101216
100058
99038.8
98136.2
97233.5
96470
95751.4
95280.6
94994.8
94877.5
94926.6
95162.1
95498.1
95968.3
96609.9
97416.5
98396.9
99627.1
101026
110458
109016
107497
106044
104571
102987
101615
100387
99319.9
98381.2
97414.9
96657.3
95885.7
95384.7
95098.2
94990.7
95038.9
95293.6
95647.8
96128.3
96766
97547.4
98485.1
99658.1
100990
111240
109716
108125
106615
105064
103406
101962
100672
99577.9
98589.6
97606.1
96812.3
96028.2
95497.3
95208.6
95110.1
95162.7
95432.1
95800.4
96288.3
96921
97677.2
98573.5
99689.9
100958
111864
110287
108660
107094
105481
103777
102271
100944
99827.7
98800.8
97838.8
96939.7
96163
95620.5
95330.9
95237.8
95300.7
95581
95960.5
96453.6
97079.8
97810
98664.6
99723.2
100929
112331
110731
109106
107485
105836
104115
102556
101222
100083
99014.2
98057.5
97091
96303.5
95753.9
95467.9
95379
95452.9
95741.7
96128.1
96624.1
97242.5
97945.5
98758
99757.7
100902
112641
111059
109467
107801
106135
104434
102832
101496
100332
99212.1
98240.9
97273.5
96463.8
95903.3
95622.8
95538.6
95620.5
95914.4
96303.9
96800.1
97408.9
98083.6
98853.5
99793.3
100878
112790
111282
109724
108060
106383
104698
103105
101762
100572
99423.2
98423.2
97458.6
96644.6
96074.6
95797.8
95716.9
95803.3
96098.9
96487.6
96981.8
97579
98223.8
98950.5
99829.5
100857
112795
111387
109900
108262
106590
104905
103356
102030
100819
99663.9
98628.5
97636.7
96843.1
96270.9
95993.9
95910.6
96001.1
96295
96678.9
97169.1
97752.6
98365.6
99048.4
99866.1
100839
112655
111389
109986
108415
106770
105096
103613
102319
101098
99932
98888.2
97855.1
97068.1
96507.3
96220.6
96129
96221.9
96509.6
96883.6
97367
97933.4
98511.2
99147.6
99902.8
100822
112350
111270
109950
108455
106905
105284
103874
102619
101408
100235
99190.8
98138.8
97331.7
96788
96481.2
96377.7
96467.6
96744
97102.8
97576.6
98122
98661.1
99248.4
99941.1
100808
111904
110989
109796
108385
106996
105470
104135
102908
101727
100560
99498.6
98444.4
97632.9
97096
96768.2
96647
96728.4
96988.7
97329
97791.2
98312.3
98810.8
99347.6
99979.7
100794
111339
110542
109517
108272
107058
105660
104406
103217
102059
100899
99833.6
98773.6
97962.5
97422.7
97077.2
96934.2
97002.5
97241.3
97560.8
98009.6
98503
98959.2
99444.4
100018
100781
110658
109999
109167
108137
107101
105857
104690
103563
102440
101289
100208
99148.6
98317.7
97764.7
97401.9
97237.7
97285.4
97496
97799.5
98230.1
98692.3
99105.1
99538.4
100056
100769
109862
109430
108805
108012
107131
106059
104998
103932
102867
101738
100626
99562.8
98705.8
98132.3
97745.9
97554.5
97573.5
97753.1
98039.5
98450.5
98878.1
99247.3
99629.1
100092
100758
108999
108831
108431
107893
107159
106259
105313
104312
103296
102199
101089
100013
99125.1
98524.6
98108.8
97881.5
97863.1
98010.5
98278.7
98667.3
99057.6
99384.5
99716
100126
100748
108137
108196
108038
107753
107191
106459
105628
104704
103722
102663
101577
100495
99569.2
98928.9
98479.3
98211.6
98150.3
98265.2
98513.8
98877
99227.9
99515.9
99798.7
100158
100740
107291
107558
107652
107588
107214
106655
105957
105115
104176
103145
102073
100997
100035
99341.2
98849.4
98536.4
98430.9
98514.2
98741.3
99076.1
99387.7
99640
99876.6
100188
100734
106464
106952
107288
107417
107218
106840
106279
105529
104652
103643
102570
101501
100513
99759.1
99214.6
98851.2
98702.7
98754.8
98957.9
99261.5
99535.9
99755.5
99949.5
100216
100728
105661
106367
106912
107248
107238
107044
106611
105964
105156
104179
103096
102032
101023
100203
99596
99178.5
98984.9
99003
99177.4
99445.8
99684
99871.6
100023
100243
100724
104972
105852
106546
107073
107275
107240
106941
106387
105636
104692
103604
102545
101514
100631
99959.5
99490
99252.2
99234.8
99377.7
99611.1
99818.4
99977.4
100091
100268
100721
104427
105430
106240
106896
107282
107383
107209
106737
106029
105109
104031
102969
101920
100987
100257
99744.4
99469
99419.7
99534.4
99739.2
99923.9
100060
100144
100286
100720
103998
105087
105995
106745
107272
107488
107417
107018
106349
105447
104382
103311
102247
101275
100496
99946.6
99640.9
99563.9
99655.1
99837.6
100006
100124
100185
100299
100719
103671
104821
105801
106624
107268
107578
107574
107238
106601
105716
104660
103579
102504
101501
100681
100103
99773.4
99674.1
99746.6
99912.3
100069
100172
100218
100309
100718
103423
104616
105650
106523
107260
107658
107687
107405
106795
105926
104872
103784
102702
101675
100823
100220
99873.1
99756.8
99814.7
99967.8
100116
100209
100243
100316
100717
103236
104458
105532
106443
107232
107718
107772
107527
106939
106082
105029
103936
102849
101807
100929
100307
99946.2
99817.3
99864.4
100008
100150
100235
100260
100322
100717
103096
104337
105442
106379
107190
107760
107837
107614
107046
106194
105144
104046
102956
101905
101008
100370
99998.6
99860.4
99899.4
100036
100174
100254
100273
100325
100716
102993
104246
105373
106331
107151
107783
107882
107672
107121
106273
105225
104124
103032
101976
101064
100415
100035
99890
99923.3
100056
100189
100267
100281
100327
100716
102919
104177
105320
106293
107123
107789
107910
107708
107171
106326
105282
104177
103083
102025
101104
100446
100060
99909.6
99938.8
100068
100199
100275
100287
100328
100715
102865
104126
105280
106263
107101
107787
107925
107730
107202
106362
105320
104214
103118
102058
101131
100466
100076
99921.9
99948.3
100075
100205
100280
100290
100329
100715
102827
104088
105249
106239
107083
107780
107930
107741
107220
106384
105344
104237
103141
102080
101148
100479
100085
99928.7
99953.2
100079
100209
100283
100292
100329
100714
102796
104058
105223
106218
107065
107771
107930
107745
107229
106397
105359
104251
103154
102092
101157
100485
100089
99931.2
99954.5
100080
100209
100284
100293
100329
100714
)
;

boundaryField
{
    inlet
    {
        type            zeroGradient;
    }
    outlet
    {
        type            waveTransmissive;
        phi             phi;
        rho             rho;
        psi             psi;
        gamma           1.3;
        fieldInf        100000;
        lInf            0.3;
        value           nonuniform List<scalar> 
57
(
101954
101972
101990
102003
102012
102017
102016
102010
102000
101987
101968
101946
101919
101889
101857
101822
101784
101745
101701
101650
101597
101541
101485
101429
101371
101313
101255
101200
101149
101099
101052
101007
100964
100925
100888
100853
100819
100787
100757
100729
100704
100682
100663
100646
100630
100617
100608
100601
100597
100594
100591
100589
100588
100588
100589
100589
100590
)
;
    }
    upperWall
    {
        type            zeroGradient;
    }
    lowerWall
    {
        type            zeroGradient;
    }
    frontAndBack
    {
        type            empty;
    }
}


// ************************************************************************* //
