/*--------------------------------*- C++ -*----------------------------------*\
| =========                 |                                                 |
| \\      /  F ield         | OpenFOAM: The Open Source CFD Toolbox           |
|  \\    /   O peration     | Version:  dev                                   |
|   \\  /    A nd           | Web:      http://www.openfoam.org               |
|    \\/     M anipulation  |                                                 |
\*---------------------------------------------------------------------------*/
FoamFile
{
    version     2.0;
    format      ascii;
    class       volScalarField;
    object      p;
    location    "9.117";
}
// * * * * * * * * * * * * * * * * * * * * * * * * * * * * * * * * * * * * * //

dimensions      [1 -1 -2 0 0 0 0];

internalField   nonuniform List<scalar> 
12225
(
84459.4
84518.7
84661.3
84868.4
85114.1
85390.6
85682.2
85992.5
86293.4
86615
86922.5
87249.9
87556.5
87902.8
88204.4
88600.1
88942.8
89271.4
84469.1
84530.8
84673.9
84880.9
85126.5
85402.7
85694.6
86002.9
86306.7
86625.7
86934.7
87260.5
87566.8
87912.3
88207.8
88609.2
88945.3
89307.8
84495
84559.5
84703.1
84909.8
85155
85431.1
85722.8
86029.6
86335
86652.1
86961.7
87284.9
87593.1
87928.5
88234.7
88607.3
88944.7
89305
84541.3
84609.2
84753.5
84959.8
85204.5
85480.2
85771.5
86077.2
86383.3
86698.5
87008.4
87328.2
87637.4
87963.6
88274.7
88621.2
88958.5
89292.5
84612.2
84686.2
84831.1
85036.8
85280.8
85555.9
85846.7
86151
86457.3
86770.4
87080.1
87395.2
87704.8
88020.5
88336.2
88662.1
88991
89306.8
84720.8
84798.5
84943.4
85148.2
85391.4
85665.5
85955.4
86258.2
86564.1
86874.8
87183.7
87494.7
87803.4
88114.5
88427.5
88743.4
89052.2
89338.8
84877.3
84955.3
85099.6
85303.2
85545.6
85818.2
86107.1
86408.1
86712.9
87021.1
87328.6
87635.4
87941.5
88245.7
88552.2
88851
89143.6
89414.1
85054.6
85134.8
85278.9
85481.2
85722.9
85993.7
86281.6
86580.6
86884.3
87190
87495.5
87798.1
88100.5
88398.4
88695.8
88982.4
89260.6
89520.6
85248.7
85329.8
85473.9
85674.9
85915.7
86184.6
86471.4
86768.5
87070.7
87373.9
87676.8
87975.6
88273.8
88565.3
88853.8
89130.8
89397.8
89648.6
85510
85591.2
85734.6
85934.1
86173.4
86440.2
86725.3
87020
87320
87620.2
87919.7
88214.3
88506.5
88790.9
89069.7
89337.2
89593.1
89833.6
85860.5
85941.2
86084.1
86281.4
86518.5
86782.7
87065.3
87357.2
87654.1
87950.7
88245.7
88535
88819.9
89096.6
89365.2
89622.7
89867.4
90097.5
86336.4
86410.1
86551.9
86746.2
86980.7
87241.7
87520.9
87808.9
88101.8
88393.6
88682.8
88965.8
89242.5
89510.4
89768.9
90015.6
90249.2
90468.8
86960.6
87036
87176.7
87368
87599
87855.6
88130.2
88413.2
88700.5
88986.2
89268.4
89543.9
89811.7
90069.9
90317.4
90553
90775.6
90984.7
87795.6
87870.3
88009.3
88197.1
88423.2
88674.4
88942.7
89219.2
89499.2
89777.5
90051.2
90317.8
90575.4
90822.6
91058.6
91282.7
91494
91692.3
88897.3
88977.7
89114.7
89298.4
89518
89761.9
90021.7
90289.6
90560.3
90828.9
91092.3
91347.9
91593.9
91829
92052.5
92264.1
92463.1
92649.8
90371.5
90441.6
90573.2
90750.7
90961.5
91195.2
91443.8
91700.2
91958.6
92214.7
92465.2
92707.3
92939.6
93160.8
93370.2
93567.8
93753.2
93926.7
92269.1
92343.9
92471.6
92640.9
92840.2
93060.4
93294.3
93535.2
93777.6
94017.4
94251.4
94477
94692.6
94897.1
95089.9
95271.1
95440.5
95598.3
94525.5
94596.9
94715.9
94872.9
95057.7
95261.6
95477.9
95700.4
95924
96144.8
96359.8
96566.5
96763.2
96949.1
97123.5
97286.5
97438.1
97578.8
96781.3
96835
96940.3
97083.5
97253.3
97441.1
97640.2
97844.9
98050.4
98253.1
98450
98638.7
98817.5
98985.8
99143
99289
99424
99548.3
98768.8
98811.9
98905.9
99036.8
99193.3
99367.2
99551.7
99741.5
99932.2
100120
100302
100476
100640
100793
100936
101068
101189
101299
100445
100484
100570
100692
100838
101001
101174
101352
101531
101708
101878
102040
102192
102335
102466
102586
102695
102794
101802
101845
101929
102044
102183
102338
102503
102672
102843
103010
103171
103325
103469
103602
103724
103835
103935
104025
102881
102922
103003
103114
103248
103397
103555
103719
103883
104044
104199
104346
104483
104610
104725
104830
104923
105005
103700
103745
103825
103933
104063
104208
104363
104522
104682
104839
104989
105131
105264
105386
105496
105595
105683
105761
104309
104356
104435
104541
104668
104810
104962
105119
105275
105429
105576
105716
105845
105963
106070
106165
106250
106323
104748
104794
104871
104975
105100
105241
105390
105545
105700
105851
105997
106134
106260
106376
106481
106573
106655
106726
105052
105093
105167
105270
105394
105533
105682
105835
105989
106140
106283
106419
106544
106658
106761
106852
106932
107001
105249
105284
105356
105457
105581
105720
105868
106020
106173
106323
106466
106601
106725
106838
106940
107030
107109
107177
105363
105392
105461
105563
105686
105824
105972
106125
106277
106427
106569
106703
106827
106939
107040
107130
107208
107276
105415
105438
105507
105607
105730
105868
106016
106169
106321
106470
106612
106746
106869
106982
107082
107172
107250
107317
108023
108021
108015
108006
107993
107978
107961
107940
107918
107891
107859
107822
107781
107737
107686
107630
107567
107497
107418
107331
107236
107134
107024
106905
106776
106639
106493
106336
106168
105990
105800
105595
105379
105153
104916
104666
104404
104129
103841
103542
103232
102913
102586
102251
101908
101556
101203
100850
100488
100125
99756.2
99389.8
99025.1
98657.8
98288.8
97921.2
97555.1
97194.1
96821.1
96447.1
96072.8
95698.6
95324.7
94950.8
94576.7
94202
93826.1
93448.2
93067.8
92684.1
92296.6
91904.6
91507.9
91106
90699.1
90287.1
89870.4
89449.4
89024.8
88597.8
88169.7
87741.8
87315.7
86893.6
86477.5
86069.4
85671.3
85286
84915.3
84561.2
84225.9
83911.3
83618.9
83350.1
83106.2
82887.9
82695.6
82529.4
82389.3
82274.8
82184.7
82117.9
82072.7
82047.1
82039.3
82046.5
82066
82095.9
82134.6
82180.2
82231
82286.6
82346.8
82411.5
82484.7
82561.8
82644.7
82734.1
82831.6
82940.9
83057.5
83180.7
83319.4
83481.3
83669.7
83875.3
84091.6
84315.6
84551.7
84805.3
85085.1
85391.8
85727
86079.4
86441.2
86808.3
87181.4
87560.8
87938.5
88308
88636.5
88964.3
89264.8
89498.4
89733.5
89922.5
90051.1
90122.7
90131.4
90072.3
89947.1
89762.9
89532.1
89264.5
88967.1
88653
88337.8
88035.6
87754.7
87502.5
87274
87063.9
86844.1
86602.6
86316.1
85965.7
85606.6
85161.9
84536
83933
83154.8
82337.8
81467.6
80622.7
79807.1
78899.9
78137.9
77488.3
76933
76553.3
107854
107850
107844
107835
107823
107808
107791
107771
107748
107722
107692
107659
107621
107579
107532
107478
107416
107347
107268
107182
107089
106988
106879
106761
106634
106498
106353
106197
106031
105855
105668
105469
105260
105040
104808
104561
104303
104033
103750
103456
103150
102837
102515
102184
101840
101488
101134
100780
100435
100082
99719.7
99362.7
99009.2
98645
98277.5
97912
97548.4
97184.5
96817.3
96448.7
96079.6
95710.4
95341.3
94972.2
94602.8
94232.5
93860.8
93487.1
93110.7
92730.8
92347
91958.7
91565.4
91167
90763.4
90354.6
89941.1
89523.3
89101.9
88678
88252.7
87827.6
87404.3
86984.8
86571.2
86165.6
85769.9
85386.8
85018.2
84666.1
84332.4
84019.4
83728.4
83460.9
83218
83000.6
82809.1
82643.4
82503.8
82389.4
82299.1
82231.7
82185.6
82159.1
82150.1
82156.4
82175
82203.5
82240.6
82284.5
82334
82388.3
82447.2
82510.1
82582.9
82659
82739.9
82829
82924.3
83031.7
83146.9
83269.8
83405.1
83562.8
83750.1
83957.5
84172.4
84391.9
84622.4
84869.1
85143.3
85443.4
85775.8
86129.5
86486.8
86848.2
87215.4
87590.8
87962.4
88322.1
88648.8
88969.7
89268
89491.2
89730.3
89914.7
90039.3
90108
90114
90052.6
89924.8
89736.9
89503.7
89234.1
88935.3
88620.8
88304.7
88001.9
87720.5
87467.9
87239.9
87031.1
86809.8
86567.4
86280.3
85919.5
85569.9
85123.9
84524
83928.7
83137.6
82328.2
81471.5
80624.9
79809.5
78931
78155.3
77502.3
76955.5
76578.2
107525
107521
107514
107505
107494
107480
107464
107445
107424
107402
107376
107346
107313
107275
107230
107178
107116
107045
106967
106884
106794
106696
106590
106474
106350
106217
106075
105923
105762
105591
105410
105219
105017
104804
104580
104345
104099
103839
103566
103280
102985
102683
102373
102045
101703
101361
101026
100693
100355
100007
99656.7
99308.9
98960.1
98606.1
98248.8
97890.6
97532.4
97174.2
96815.2
96455.7
96096.1
95736.4
95376.7
95016.7
94656.1
94294.3
93930.8
93565
93196.3
92823.9
92447.4
92066.1
91679.7
91287.9
90890.7
90488.4
90081.2
89669.5
89254.2
88836.3
88417
87997.6
87579.8
87165.6
86757.2
86356.5
85965.7
85587.1
85223.1
84875.3
84545.8
84236.5
83949
83684.6
83444.5
83229.5
83040
82876.2
82737.7
82623.8
82533.5
82465.1
82416.9
82387.7
82375.7
82378.9
82394.6
82420
82453.5
82493.7
82539.7
82590.8
82647.6
82711.7
82778.2
82855.3
82935
83019.7
83112.5
83215
83327.3
83449.6
83579.8
83730.2
83913.1
84119.3
84330.3
84542.7
84763.9
85000.2
85261.9
85554.9
85878
86221.6
86573.5
86922.5
87282.4
87649.9
88007.1
88354.6
88667.1
88982.8
89269.8
89498
89727.9
89901.4
90014.1
90077.6
90077
90010
89878.3
89684.3
89445.2
89170.9
88869.4
88553.8
88236.8
87932.1
87649.3
87396.4
87167.8
86960.6
86736.4
86493.9
86211.2
85836.6
85493.2
85058
84478.6
83897.9
83097.9
82314.9
81476.5
80634.3
79823.2
78969
78192.7
77537.9
77002.4
76633
107051
107046
107040
107031
107019
107005
106989
106971
106950
106927
106904
106877
106843
106802
106754
106700
106640
106577
106509
106432
106348
106254
106153
106043
105924
105797
105661
105517
105364
105203
105033
104853
104661
104461
104249
104027
103793
103547
103288
103021
102746
102460
102159
101840
101516
101198
100886
100562
100235
99903.5
99567.4
99228.8
98888.4
98545.6
98201.4
97856.2
97510.5
97164.5
96818.3
96472
96125.8
95779.3
95432.6
95085.4
94737.3
94387.5
94035.7
93681.2
93323.6
92962.1
92596
92225
91848.5
91466.4
91078.7
90685.5
90287.3
89884.7
89478.1
89068.6
88657.5
88246.2
87836.5
87430
87028.7
86634.9
86250.8
85878.7
85520.8
85179.2
84855.5
84551.8
84269.7
84010.4
83775
83564.6
83379.3
83219.1
83083.7
82971.9
82882.4
82814.5
82765.7
82734
82717
82714.5
82724.4
82744.4
82772.7
82807.8
82847.5
82892.2
82944.5
83002.8
83066.4
83141.9
83217.8
83303
83393.9
83491.9
83601.5
83715.7
83842.1
83980.1
84152.7
84351.9
84551.8
84755.4
84966.7
85192.6
85445.7
85727.3
86038.3
86369.3
86703.9
87039
87386.6
87738.3
88078.5
88407.2
88711.2
89015.3
89289.5
89517.9
89716.7
89884.2
89977.2
90034.9
90023.3
89949.9
89808.9
89609.4
89361.8
89080.2
88773
88453
88132.4
87826.7
87543.5
87289.7
87059.4
86855.6
86627.7
86388.7
86114
85725.1
85391.4
84963.4
84404.6
83839.2
83057
82290.1
81479.7
80655.6
79853.5
79016.3
78256.7
77601.5
77079.5
76728.1
106442
106438
106431
106423
106412
106399
106384
106367
106347
106323
106295
106264
106230
106192
106150
106103
106051
105992
105927
105855
105775
105686
105590
105487
105376
105257
105130
104996
104855
104705
104546
104378
104203
104018
103822
103615
103400
103173
102937
102692
102435
102162
101874
101579
101283
100993
100699
100390
100078
99762.4
99442.5
99120.1
98795.1
98468.6
98141.2
97813.1
97484.8
97156.1
96827.4
96498.3
96169.1
95839.6
95509.4
95178.4
94846
94511.8
94175
93835.2
93491.7
93144.1
92791.6
92433.9
92070.6
91701.5
91326.4
90945.4
90559.4
90168.5
89773.5
89375.3
88975
88574.3
88174.7
87778
87386.2
87001.3
86625.5
86261.3
85910.6
85575.9
85258.9
84961.3
84685
84431.4
84201.6
83995.9
83815.7
83660.1
83529.1
83421.5
83335.8
83270.6
83222.9
83191.1
83172
83164.6
83168.1
83181.2
83201.6
83228.9
83262.3
83299.5
83343.4
83394.4
83447.4
83502.6
83584.5
83670.8
83755
83850.3
83953.1
84064.3
84183.9
84306.3
84462.7
84646.7
84831.2
85025.3
85226.6
85441.4
85681.3
85952.6
86250.8
86564.6
86880.2
87200
87528.8
87855.3
88174
88482.3
88776.4
89059.7
89312.8
89527.7
89701.1
89857.3
89940.6
89979
89956.6
89873.5
89723.5
89513.6
89255.6
88965.1
88651.2
88325.5
87998.8
87688.8
87402.4
87147
86914.8
86713.3
86481.5
86247.3
85986.8
85567.5
85299.8
84838.1
84313.1
83763.1
82986.3
82238
81472.7
80681.2
79892.4
79076.4
78342.7
77693.5
77230.6
76878.6
105710
105707
105702
105695
105686
105675
105662
105645
105625
105601
105574
105546
105516
105483
105445
105402
105352
105297
105235
105166
105090
105007
104918
104823
104721
104614
104500
104378
104250
104114
103969
103817
103658
103488
103310
103124
102930
102726
102511
102284
102046
101795
101535
101271
101004
100740
100462
100174
99882.4
99586.8
99287.6
98986.4
98682.7
98377.9
98072
97765.4
97458.5
97151.1
96843.4
96535.3
96226.6
95917.2
95606.8
95295.1
94981.6
94665.9
94347.2
94025.1
93698.9
93368
93032.1
92690.5
92343.1
91989.6
91630
91264.3
90893.2
90517.1
90136.7
89752.8
89366.6
88979.5
88593
88208.8
87829
87455.5
87090.4
86736
86394.5
86068
85758.9
85468.2
85198.6
84950.1
84725.9
84524.8
84349.1
84197.9
84070.2
83966.8
83884.2
83822.6
83777.6
83748.2
83730.6
83722.7
83723
83730
83743.1
83762.2
83786
83811.4
83842.6
83883.3
83928.1
83972.3
84022.9
84095.7
84185.4
84275.6
84373.7
84481.6
84596.9
84709.6
84844
84995.3
85172.8
85357.1
85548.2
85750.3
85974.4
86232.2
86512.7
86806.7
87102.1
87400.7
87703.6
88003
88296.8
88581.7
88856.9
89116.4
89347
89542.1
89696.7
89824.5
89896.9
89916.4
89878.2
89780.7
89619.3
89397.8
89126.8
88826.2
88504.3
88173.2
87841.3
87526
87233.6
86973.4
86740
86534.7
86303.7
86073.2
85831.2
85396.4
85174.9
84695.8
84192.7
83652.1
82924.4
82194.7
81461.3
80709.4
79942.8
79157.5
78443.7
77807.6
77384.4
77052.5
104869
104868
104865
104860
104853
104844
104832
104817
104799
104777
104754
104728
104700
104667
104630
104588
104542
104491
104436
104374
104307
104234
104155
104072
103983
103888
103785
103677
103563
103442
103314
103178
103033
102881
102721
102556
102384
102203
102010
101806
101595
101375
101151
100919
100680
100438
100182
99919
99653.2
99382.7
99109.2
98833.6
98555.7
98276.7
97996.5
97715.3
97433.4
97150.9
96867.5
96583.5
96298.5
96012.4
95724.8
95435.5
95144
94849.8
94552.2
94250.6
93944.5
93633.2
93316.4
92993.8
92664.8
92329.5
91987.7
91639.7
91285.9
90926.9
90563.4
90196.1
89826.3
89455.4
89085
88716
88351
87991.4
87639.9
87298.1
86968.5
86652.7
86353.6
86071.7
85810.6
85569.2
85350.9
85155.8
84983.3
84837.2
84711.7
84610.4
84530
84469.4
84425.7
84396.7
84380.2
84372.6
84373.2
84378.3
84386.5
84398.7
84414.3
84429.3
84447.3
84470.8
84496.3
84527.5
84570.7
84619.6
84684.2
84753.5
84857.6
84960.4
85073.4
85189.1
85301.1
85426.8
85586.7
85757.4
85935.3
86121.6
86327.5
86565.3
86824.9
87095.3
87365.8
87638.1
87911.1
88183.2
88451.8
88711.9
88961.9
89191.7
89392.3
89562
89695
89795.5
89849
89849
89791.7
89677.6
89500.2
89265
88979.9
88667.8
88335.2
87995.1
87660.1
87341.2
87043.2
86775.2
86539.3
86323.9
86104.6
85876.2
85642
85218.1
85001.5
84541.6
84065.9
83536.2
82862.7
82142.1
81445.8
80735.5
80004.8
79254.3
78565.3
77938.7
77453.3
77132.9
103933
103934
103933
103930
103925
103918
103909
103898
103883
103866
103846
103822
103794
103763
103728
103690
103650
103607
103561
103511
103457
103398
103334
103264
103189
103107
103019
102924
102822
102714
102599
102478
102351
102218
102079
101935
101785
101626
101457
101282
101103
100919
100728
100524
100314
100096
99867.1
99634.1
99397.7
99156.6
98912.9
98666.6
98418.2
98168.3
97917.1
97664.6
97411
97156.3
96900.4
96643.3
96384.9
96124.9
95863.2
95599.2
95332.4
95062.4
94788.5
94510
94226.6
93937.8
93642.9
93341.9
93034.2
92719.8
92398.7
92070.8
91736.9
91397.3
91052.9
90704.4
90353
89999.9
89647.6
89295.7
88947.6
88603.8
88268
87941.4
87625.9
87323.9
87037.1
86767.2
86515.5
86283.9
86072.1
85884.8
85717
85577.3
85454.2
85355.5
85276.9
85216.7
85173
85140.6
85122.4
85113
85108.4
85112.1
85116.1
85118.9
85129.8
85141.3
85146.5
85156
85176.8
85183.1
85212.4
85254.4
85306.4
85351.4
85407.6
85510.3
85627.9
85740.3
85834.8
85936.7
86074.7
86228
86388.5
86557.2
86742.2
86954.2
87187
87429.9
87670.8
87912.3
88153.1
88395.8
88635.6
88866.3
89083.6
89276.3
89448.2
89590.8
89697.9
89771.7
89801.6
89780.2
89701.2
89566
89369.9
89123.3
88819
88494
88152.4
87801.2
87456.8
87132.1
86831.3
86556.3
86316.1
86096.3
85882.2
85655.4
85418.1
85040.9
84830.1
84390.6
83939.3
83408
82793.1
82075.7
81431.1
80760.3
80073.6
79363.2
78705.9
78099
77624.5
77317.2
102919
102921
102922
102921
102919
102914
102909
102902
102892
102880
102865
102846
102825
102799
102771
102742
102710
102676
102640
102603
102562
102517
102466
102408
102345
102276
102203
102123
102037
101944
101845
101742
101633
101519
101402
101280
101152
101017
100876
100733
100587
100434
100269
100094
99913.3
99724.2
99527.5
99327.6
99123.3
98915
98703.8
98489.9
98274
98056.2
97836.7
97615.5
97392.7
97168.3
96942.3
96714.8
96485.4
96254.2
96020.7
95784.4
95544.8
95301.3
95053.4
94800.6
94542
94277.7
94007
93730
93446.3
93155.2
92857.3
92552.4
92241.2
91923.9
91601.1
91273.9
90943.2
90609.7
90280.9
89947.1
89616.6
89290.6
88970.6
88661.2
88361.4
88075.9
87804.2
87548.3
87309.9
87089.1
86887.6
86707
86547.1
86410
86293.6
86198.3
86122.8
86061.9
86018.2
85984.2
85961.6
85949
85933.3
85929.5
85930.2
85922
85920.1
85927.5
85925.9
85913.9
85926.3
85929.4
85936.6
85958.3
85999.4
86037
86075.5
86143.1
86244.5
86352.5
86437.2
86519
86634
86765.4
86906.2
87057.1
87215.3
87398.7
87600
87809.9
88017.4
88225.1
88431.6
88639.6
88844.5
89039.7
89220.6
89379.4
89521.1
89631.9
89710.4
89756.1
89759.1
89712.1
89608.3
89447
89227
88949
88644.6
88304.5
87953
87594.4
87239.8
86905.3
86600.1
86322.2
86076.2
85853.8
85641
85418
85180.8
84834.5
84636.1
84245.6
83793.3
83259.7
82700.1
82019.9
81424
80784.1
80151
79505
78863.2
78317.8
77925.6
77645
101846
101849
101851
101852
101852
101851
101849
101846
101841
101834
101825
101814
101800
101784
101766
101747
101726
101702
101676
101648
101617
101581
101541
101497
101448
101394
101337
101274
101206
101132
101054
100970
100883
100792
100697
100598
100495
100388
100277
100164
100046
99918.4
99781.7
99638.7
99490.2
99334.1
99172.6
99007.5
98837.5
98664
98487.4
98308.2
98126.8
97943.2
97757.5
97569.5
97379.4
97187.3
96993.4
96797.6
96599.8
96399.5
96196.5
95990.2
95780.1
95565.5
95345.7
95120.7
94889.1
94651.3
94406.7
94155.4
93898.1
93632.3
93359.4
93079.2
92793
92501.5
92202.5
91898.6
91590.9
91281.7
90972.7
90663.6
90355
90049.8
89748.5
89455.5
89173.8
88903.2
88649.1
88409
88186.3
87980.4
87791
87620.5
87468.3
87336.4
87225.7
87133.4
87060.7
87002.2
86957
86924
86896.4
86876.3
86858.1
86840.2
86830.6
86817.9
86796.5
86788
86777.2
86752.5
86742.9
86740.7
86734.7
86731.1
86748.5
86782.8
86813.2
86848
86924.2
87020.7
87099.9
87165.4
87243.1
87364.2
87486.1
87619
87747.1
87896.9
88063.5
88235.7
88406.4
88576.9
88747
88915.3
89079.4
89237.3
89381.3
89506.4
89610
89688.8
89738.3
89751.3
89723.9
89647.6
89515.8
89327.7
89084.1
88788.1
88462.5
88107.9
87742.2
87375.9
87013.2
86668.4
86357
86076.3
85824.5
85600.2
85388
85170.1
84937.7
84626.5
84412.9
84066.8
83629.7
83107.9
82569.6
81982.4
81418.1
80802.4
80223.8
79700.2
79058.3
78589.7
78201.9
77902.1
100734
100740
100744
100748
100751
100754
100754
100754
100752
100749
100745
100741
100735
100728
100720
100710
100697
100683
100665
100646
100625
100601
100575
100547
100515
100479
100439
100394
100346
100293
100237
100176
100112
100044
99974.3
99901.4
99825.4
99746.2
99663.3
99576.9
99485.9
99387.7
99282.6
99172.9
99057.9
98936.8
98811.5
98681.7
98547.4
98409.9
98269.2
98125.9
97980.3
97832.1
97681.4
97528.1
97372.4
97214.5
97054.6
96892.4
96727.8
96560.5
96390
96215.6
96037.2
95853.8
95664
95468.6
95266.2
95056.4
94839.8
94615.5
94387.6
94148.7
93902.7
93649.4
93389.8
93124.5
92853
92575.4
92292.7
92007.4
91721.3
91436.3
91153.3
90872.2
90595.7
90323.1
90061.2
89807.6
89569.2
89346.2
89138.7
88949
88775.1
88617.5
88477.8
88354
88247.6
88158.8
88087.4
88032.7
87988.1
87952.9
87923.2
87895.7
87872.8
87848
87821.7
87799.2
87768.4
87735.8
87710.4
87680.2
87646.1
87623.1
87608.8
87587.5
87571.5
87589
87616.4
87633.3
87663.8
87744.9
87821.2
87874.4
87929.8
88026.2
88128.5
88237.5
88336.5
88448.5
88578.1
88709.3
88838.7
88968.7
89098.5
89225.3
89348.8
89464.2
89566.3
89661.2
89720.3
89764.5
89780.2
89760.6
89701.3
89593.3
89430.7
89213.5
88943.3
88627.7
88279.1
87910.2
87529.8
87150.1
86779.2
86427.3
86108.1
85823.7
85567
85340.1
85127.8
84915.4
84690.5
84413.2
84182.8
83870.8
83454.3
82964
82460
81942.6
81404.8
80836.6
80293.9
79842.9
79303.4
78853
78489.4
78211
99602.3
99610.1
99617
99623.9
99630.1
99635.3
99640.4
99644.5
99647.4
99649.7
99651.2
99651.9
99651.8
99651.2
99649.4
99646.3
99642.8
99638.6
99633
99625.7
99618.2
99608.4
99596
99581.8
99565.5
99546.5
99524.9
99500.3
99472.8
99442.2
99408.8
99372.3
99333
99291.1
99246.9
99200.2
99151.3
99099.8
99044.9
98986.3
98923.5
98856.1
98784.5
98708.3
98627.4
98541.6
98451.7
98357.5
98259.5
98158.2
98053.9
97947.2
97838
97725.9
97611.2
97493.8
97373.7
97251.1
97126.3
96999.3
96869.4
96736.4
96599.9
96458.8
96313.3
96163.7
96004.8
95840.9
95669.1
95489.1
95302.6
95108.2
94907.5
94698.8
94482.6
94258.4
94027.2
93789.8
93547
93298.5
93044.7
92786.9
92526.6
92265.5
92007
91751.1
91500.2
91253.8
91014.5
90783.5
90563.6
90358.6
90167.4
89992.9
89835.5
89692.7
89565.4
89453.4
89355.6
89272.9
89203.7
89148.5
89104.9
89067.3
89035.3
89002.9
88971.4
88941.3
88904.5
88864.6
88825.2
88778.5
88732.1
88689.7
88643.5
88594.8
88560.3
88527.7
88489.7
88474.8
88487.7
88493
88496.4
88538
88600.2
88642.1
88674.2
88727.9
88814.3
88892.8
88982.6
89057.2
89143.7
89231.9
89316.7
89402.4
89488.5
89571
89652.5
89726.8
89788.7
89830.2
89858.1
89863.1
89842
89787.7
89694.1
89551.3
89356.5
89108.9
88809.4
88469.6
88098.8
87713.6
87318.3
86924.1
86542.6
86182.8
85856.2
85569.1
85308.5
85078.2
84863.8
84658.9
84441.7
84186
83955.7
83664.9
83277.9
82833.8
82374.4
81916.9
81408.9
80863.5
80363.3
79867.7
79536
79104
78824.4
78648.8
98468.9
98478.5
98487
98495.7
98504.3
98513.4
98522.7
98531.4
98539.7
98547.8
98555.3
98561.9
98568.3
98575.2
98582.2
98588.4
98593.9
98599.2
98604.2
98608.4
98611.7
98614.3
98616.2
98617.2
98617.3
98616.2
98613.5
98609.2
98603
98594.8
98584.9
98573.1
98559.4
98543.8
98526.1
98506.3
98484.6
98460.9
98434.6
98405.2
98372.7
98336.8
98297.2
98253.9
98206.5
98155.1
98100.1
98041.4
97979.3
97914.1
97846.5
97776.4
97703.6
97628.2
97550
97468.9
97385
97298.5
97209.6
97118.4
97024.2
96926.4
96824.7
96718.3
96606.7
96489.3
96364.7
96232.3
96092.4
95943.8
95788.2
95625.2
95455
95277.6
95092.6
94899.8
94699.4
94492.4
94279.4
94060.9
93837.6
93610
93379.2
93147.1
92915.2
92685.7
92460
92241
92026.3
91821
91623.3
91439.3
91267.6
91110.2
90969
90841.6
90728.1
90628.5
90540.8
90466.2
90402.4
90347.8
90302.7
90263.4
90227.5
90191.4
90152
90111.1
90067.9
90017.5
89963.6
89906.1
89839.4
89775
89715.9
89650.7
89590.8
89544.2
89493.8
89447
89429.2
89421.4
89403.9
89406.4
89440.8
89468.6
89480.8
89504.9
89558.6
89616.6
89683
89724.8
89762.3
89803.3
89840.6
89879.5
89918.9
89956.5
89993.8
90022.1
90039.4
90048.5
90024.4
89987.5
89927.9
89837.1
89706.9
89527.5
89298.4
89018.3
88689.8
88324.6
87929.7
87526
87113.4
86704.6
86310.6
85941.3
85608.8
85315.1
85049.4
84819.8
84600
84406.8
84186.6
83960.7
83732.9
83459.5
83103.2
82714
82290.9
81885.2
81426.3
80918.8
80458.3
79996.2
79717.2
79396.1
79194.1
79066.1
97352.6
97363.8
97374.2
97385.6
97398.2
97411.6
97424.7
97437.8
97451
97464.3
97477.8
97491.7
97505.6
97519.7
97534.7
97550.2
97565.5
97580.5
97595.7
97610.7
97625.8
97642.5
97658.2
97674.2
97690.3
97706.6
97722.4
97737.7
97752.2
97766
97779.1
97791.5
97803
97813.4
97822.4
97830
97836.1
97840.5
97842.9
97843
97840.7
97835.6
97827.3
97816
97801.5
97783.9
97763.2
97739.3
97712.6
97683.3
97651.6
97617.7
97581.3
97542.4
97500.6
97455.9
97408.4
97358.2
97305.3
97250.1
97191.7
97129.5
97062.9
96991.3
96914.3
96831
96740.5
96641.4
96533.7
96418.1
96294.7
96164.5
96026.8
95881.7
95729.1
95568.6
95400.5
95225.5
95044
94857.2
94664.9
94468.4
94268.3
94066.6
93864.8
93664.8
93467.9
93276.9
93089.6
92911
92738.6
92577.8
92428.8
92291
92167.1
92056.2
91958
91873.4
91796.9
91730.5
91672.8
91621.5
91574.7
91532.9
91491.9
91451.3
91406.8
91355.9
91302
91244.6
91177.2
91106.9
91028.3
90940.9
90862.5
90783.6
90700.6
90630.1
90566.9
90497.8
90444
90415.3
90379.4
90347.5
90346.8
90354.2
90346.5
90341.3
90365.8
90397.8
90432.2
90447.7
90439
90425.6
90410.7
90401
90392.6
90383.8
90374.4
90355.2
90321.2
90276.8
90221.3
90144.6
90043.4
89912.9
89743.7
89525.9
89260.7
88947.3
88588.5
88194.7
87776
87352.4
86922.4
86498.3
86092.6
85713.7
85373.5
85069
84795.8
84571.7
84339.6
84159.5
83947.2
83737.5
83518.5
83263.5
82935.6
82605.1
82214.3
81850.6
81436.6
81011.6
80582.2
80179.9
79910.6
79745.3
79614.9
79461.1
96271.6
96283.9
96295.6
96309.2
96324.5
96340.9
96358.3
96376.9
96396.4
96416.8
96437.6
96458.8
96480.2
96501.9
96524.8
96548.8
96574.4
96600.7
96627.3
96654.4
96682.1
96710.5
96739.8
96770.1
96801.2
96833.4
96866.5
96900.4
96935.1
96970.4
97006.2
97042
97077.7
97112.9
97147.7
97181.6
97214.8
97246.7
97277.3
97306.2
97333
97357.8
97380.2
97400.4
97418.2
97433.6
97446.4
97456.7
97464.7
97470.3
97473.8
97475.4
97474.7
97471.5
97465.7
97457.1
97445.5
97431.3
97414.4
97394.6
97371.7
97345.1
97313.7
97276.7
97234.1
97185.3
97129.1
97064.2
96990
96907.5
96817.7
96721.4
96618
96506.8
96387.7
96260.5
96125.8
95983.9
95835.3
95681
95521.1
95357
95189.2
95019.2
94848.5
94679.3
94512.6
94350.7
94192.5
94041.4
93897.4
93761.8
93636.4
93521.1
93417.1
93325.2
93242.8
93172.6
93109.3
93052.7
93002.4
92954.9
92908.9
92865.4
92821.5
92775.8
92726.1
92668.3
92601.9
92535.8
92458.6
92372.5
92285.1
92182.8
92080.6
91985.6
91884.5
91786.2
91704.5
91618.2
91532.6
91474.7
91419.8
91356.6
91317.9
91299.2
91268.6
91231.6
91222
91231.8
91232.3
91218.4
91175
91108
91034.7
90970.3
90912.5
90855.2
90796.3
90727
90646.3
90548.8
90455.4
90334.7
90190.8
90019
89809.4
89551.7
89248.9
88901.5
88512.2
88089.1
87645
87198.4
86750.9
86310.3
85894
85502.9
85151.7
84839.3
84559.5
84329.1
84104.9
83921.7
83721.4
83523
83317
83080.9
82786.3
82508.6
82164.5
81816.1
81469.6
81150.1
80734.7
80408.6
80224
80144.8
80086.5
80005.1
95245.3
95257.4
95270.2
95285
95301.9
95320.5
95341.8
95366.2
95392
95419.3
95448.7
95478.1
95508.4
95539.6
95571.6
95604.6
95639
95675.1
95712.6
95751.5
95791.8
95833.4
95876.3
95920.7
95966.8
96014.4
96063.8
96114.9
96168
96222.8
96279.2
96336.6
96394.8
96453.3
96513.2
96572.2
96631
96689.3
96746.8
96803.1
96858.1
96911.6
96963.7
97014.1
97062.8
97109.8
97155.1
97198.5
97239.9
97279.5
97317.1
97353
97386.9
97418.6
97447.9
97474.3
97498
97518.9
97536.9
97551.9
97563.8
97571.9
97574.9
97571.9
97562.9
97548
97525.9
97494.8
97453.9
97405
97349.2
97287.5
97218.8
97142.3
97057.7
96964.9
96864.4
96756.9
96642.5
96522
96395.9
96265.4
96131
95994.5
95856.6
95719.6
95584
95451.3
95323.2
95200.3
95084.5
94975.1
94874.9
94783.7
94701.7
94630
94567
94511.6
94462.5
94416.3
94374.8
94332.2
94289.8
94246.9
94201.2
94151.5
94096.4
94033.8
93958.7
93881.4
93797.8
93697.4
93597.2
93485.7
93362.8
93249.5
93134.7
93012.7
92905.7
92802.3
92690.9
92599.3
92521.2
92430.5
92353.5
92304.1
92247.1
92177.8
92129.3
92110.9
92083.2
92034.2
91960.7
91853.3
91723.7
91598.7
91483.9
91374.6
91262.7
91144.6
91016
90876.6
90732.8
90563.8
90375.1
90160
89907.3
89609.7
89268.4
88885.9
88466.3
88012.7
87542.2
87068.9
86602.7
86140.3
85712.8
85308.9
84949.6
84630
84344.9
84108.8
83886.7
83702
83509
83324.6
83133.1
82919.6
82663.9
82426.8
82139.9
81821.3
81544.4
81301.5
80936.1
80692
80591.5
80583.1
80590.9
80574.6
94284
94296.5
94311.7
94329.2
94348.7
94370.5
94394.7
94421.7
94452.8
94486.3
94522.7
94561.2
94601.8
94643.4
94686
94729.9
94775
94821.5
94869.7
94919.9
94972
95026
95082
95139.8
95199.7
95261.5
95325.7
95392.3
95461.6
95533.8
95608.6
95685.9
95765.1
95846
95928.2
96011
96094.1
96177.1
96259.8
96342
96423.7
96504.6
96584.7
96663.9
96742.1
96819.2
96895.1
96969.7
97043.1
97114.9
97185.1
97254
97321.1
97386.1
97448.9
97509.1
97566.6
97621.2
97672.9
97721.5
97766.5
97808.1
97844.5
97874.3
97897.9
97916
97927
97928.8
97920.8
97905.1
97883.2
97855.8
97821.4
97779
97728.4
97669.8
97603.6
97530.6
97450.7
97364.8
97273.2
97177.1
97076.7
96974
96869.6
96764.8
96661.3
96559.6
96462.5
96368.7
96281.9
96199.9
96125.6
96058.9
96000.2
95949
95905.2
95866.2
95832.7
95799.8
95769.4
95735.1
95698.3
95659.2
95613.7
95562.4
95504.6
95438.1
95359.2
95272.2
95181.2
95070.9
94955.5
94837
94699.6
94567.1
94439.7
94299.1
94165.5
94042.5
93909.5
93783.7
93678.5
93563.6
93450.8
93366.1
93281.3
93178.7
93089.5
93033
92978
92895.1
92787
92648.1
92473.8
92290.6
92114.9
91947
91780
91610.3
91433.3
91243.9
91042.9
90833.9
90601.3
90340.6
90042.7
89702.3
89321.6
88903.9
88453
87968.9
87471.7
86967.1
86483.3
85993.1
85556.5
85146.9
84775.7
84442.7
84152.7
83912.5
83690.4
83505.7
83317.9
83149
82971.1
82781.7
82566.4
82363.1
82136.1
81879.4
81635.9
81465.1
81208.6
81022.9
80962.8
81042.4
81125.9
81179.9
93394.4
93408.8
93426
93446
93469.2
93495.5
93525.4
93558.6
93596
93636.5
93679.8
93726.2
93775
93825.2
93877.2
93930.9
93986.3
94043.5
94102.5
94163.5
94226.6
94291.9
94359.4
94429.4
94502
94577.5
94656
94737.9
94823.3
94912.3
95004.8
95100.6
95199.3
95300.4
95403.5
95507.9
95613.1
95718.9
95825
95931.2
96037.3
96143.5
96249.6
96355.5
96461.3
96566.4
96671.1
96775.2
96878.5
96980.6
97081.6
97181.4
97279.6
97376
97470.4
97562.3
97651.7
97738.3
97821.8
97901.9
97978.4
98051.9
98120
98181
98235.6
98285.2
98327.9
98361.1
98384.8
98401.8
98413.2
98419.1
98417.9
98408.4
98390.9
98365.8
98333.2
98293.7
98247.4
98195.5
98137.8
98075.8
98009.8
97940.7
97869.7
97797.2
97725.6
97655.1
97588
97524.3
97465.8
97412.4
97364.8
97323.4
97287.9
97259
97235.4
97215.2
97199
97182.1
97164.5
97142.8
97116
97083.8
97042.4
96993
96935.5
96866.8
96787
96692.9
96593.8
96476.3
96348.4
96222
96077.1
95927.8
95786.6
95631.6
95474
95330.5
95178.7
95022.8
94887
94749.9
94605
94481.2
94367.3
94232.9
94100.9
93998.6
93911
93798.2
93653.5
93482
93273.1
93038.7
92804.6
92575
92349.4
92125.7
91897.9
91658.5
91409.8
91149.8
90870.2
90563.4
90220.3
89836
89414.6
88959.7
88471.2
87961.4
87437.9
86905.7
86394.1
85893.6
85439.8
85015.8
84629.7
84283.5
83992.7
83744
83516.9
83343.6
83155.1
83000.6
82837.5
82671.7
82498.3
82330.5
82157.3
81973.2
81749.1
81615.7
81498.8
81381
81373.4
81534
81655.2
81851.9
92709.2
92723.8
92741.1
92764.2
92793
92825.9
92863.1
92903.5
92946.8
92992.8
93042.1
93094.5
93149.5
93206.6
93265.8
93327.1
93390.5
93456
93523.7
93593.5
93665.5
93739.9
93816.6
93895.9
93978.1
94063.6
94152.6
94245.7
94343.1
94445
94551.6
94662.3
94776.6
94893.8
95013.1
95133.9
95255.9
95378.9
95502.9
95627.6
95753
95878.9
96005.3
96132.1
96259.2
96386.4
96513.4
96640.7
96767.5
96893.6
97018.9
97143.3
97266.4
97388
97507.7
97625
97739.8
97852.2
97961.5
98067.2
98169.8
98269.1
98362.9
98449.2
98529.6
98605.3
98673.8
98733.1
98783.9
98828.7
98868.5
98902.7
98929.7
98948.5
98959.7
98963.3
98959.8
98949.2
98932.1
98909
98880.7
98848.1
98811.6
98771.9
98730.4
98687.3
98644.6
98602.8
98563.1
98526.9
98494.3
98466.9
98443.9
98427.3
98415.3
98408.5
98406.1
98405.6
98407.4
98408
98405.3
98398.6
98384.7
98363.4
98330.2
98287.2
98234
98167.6
98091.2
97997
97892.8
97773.7
97639.6
97508.3
97360.2
97199.8
97047.9
96884.2
96710.2
96550.4
96385.2
96207.2
96044.4
95888.7
95718.9
95559.2
95417.3
95257.2
95085.6
94937.4
94814.1
94677.2
94501.9
94297
94058.7
93785
93500.9
93215.5
92933.4
92658.5
92380.8
92095.7
91801.3
91494.2
91170.6
90820.1
90432.8
90005.5
89543.8
89051.3
88530.6
87993.8
87443.4
86889.2
86352.6
85839.1
85363.2
84917.9
84518.7
84166.9
83872.5
83610.3
83383
83208.9
83025.4
82891.5
82744.2
82607
82472.7
82338.3
82202.9
82063.7
81915.4
81807.9
81816
81794.6
81858.9
82063.8
82221.5
82600
92213.2
92225.5
92242.3
92268.1
92301.8
92342.3
92385.7
92433.5
92483.5
92535.4
92589.9
92647
92706.8
92768.9
92833.4
92900.1
92969
93040.1
93113.5
93189.2
93267.2
93347.5
93430.4
93515.8
93604
93695.6
93791.2
93891.4
93996.8
94107.9
94224.8
94346.8
94473.4
94603.5
94735.9
94869.6
95004.1
95139.4
95276
95413.8
95553.1
95693.5
95835.1
95977.7
96120.9
96264.7
96408.8
96553.3
96697.6
96841.6
96985.3
97128.3
97270.2
97410.7
97549.7
97686.4
97820.8
97953.1
98082.4
98208.1
98330.8
98450.4
98563.8
98669.8
98770.7
98867
98956.1
99036.2
99108.9
99176.2
99239
99296.1
99346.1
99388.3
99423.1
99450.4
99470.8
99484.2
99491.2
99492.4
99488.4
99479.9
99467.8
99452.8
99436.2
99418
99400.1
99383
99367.6
99355.5
99346.5
99342.4
99342.5
99348
99358.3
99372.6
99390.6
99409.6
99429.1
99447.1
99460.1
99468.7
99468.9
99460
99439.3
99406.6
99362.3
99302
99231.3
99141.8
99036.9
98921.5
98787.7
98654.2
98506.5
98341
98181.8
98014.6
97831.8
97659.8
97486.5
97294.8
97111.3
96940.6
96753.9
96565.8
96397.2
96218.4
96014.8
95823.1
95663.3
95505.6
95306.4
95071.7
94805.4
94500.9
94176.2
93843.6
93511.7
93189.9
92868
92540.8
92204.2
91855.4
91491.9
91100.3
90671.2
90203.8
89704.8
89175.3
88625.5
88063.5
87485.7
86908.6
86348.6
85815.4
85318.6
84857.6
84448.2
84092.1
83785.9
83514
83289.6
83093.6
82932
82815.4
82689.7
82590.7
82489.4
82387.2
82291.2
82189.6
82109.7
82108
82200.6
82261.3
82367.2
82653.2
82921.1
83426.2
91787.9
91798.9
91815.8
91847.1
91886.5
91935.6
91982.3
92040.2
92096.8
92155
92215
92276.9
92341.3
92408
92477.1
92548.5
92622.1
92698.1
92776.5
92857.3
92940.4
93025.8
93113.4
93203.5
93296.2
93392.4
93492.9
93598.5
93710.2
93828.7
93953.9
94085.1
94221.8
94363.1
94507.5
94653.6
94800.3
94947.3
95095.2
95244.1
95394.9
95547.5
95701.8
95857.7
96014.9
96173
96331.9
96491.3
96650.9
96810.7
96970.2
97129.2
97287.2
97444.1
97599.7
97753.2
97904.7
98054.3
98200.8
98343.9
98484.3
98621
98751.1
98874.6
98993.8
99108.4
99215.6
99314.1
99406.2
99493.7
99577
99654.5
99725
99788
99843.9
99892.4
99934
99968.7
99997.3
100020
100038
100052
100062
100070
100076
100081
100086
100091
100099
100109
100123
100141
100163
100190
100221
100255
100292
100330
100368
100403
100433
100458
100475
100480
100473
100452
100419
100369
100306
100224
100123
100014
99884.1
99749.3
99604.6
99438.5
99273.1
99105.2
98919.5
98735.7
98556.7
98358.4
98157.7
97974
97774.8
97563.6
97367.7
97172.4
96945.1
96711.3
96510.7
96328.6
96109.1
95847.7
95553.2
95219.9
94860.7
94486.3
94109.7
93742.6
93379.2
93011.7
92635.6
92247.5
91844
91414.1
90944.7
90437.1
89901.2
89338.5
88757.9
88170
87567.4
86964.6
86381.3
85826
85311.9
84841.5
84420.2
84053.1
83733.6
83453.1
83228.7
83028.4
82885.6
82778.1
82675.1
82606.5
82536.2
82486.5
82434
82381.6
82363.5
82481.3
82630.9
82779.4
82989.6
83375.8
83784.1
84364.6
91424.1
91431.5
91453.7
91491.8
91538.6
91593.7
91649.7
91715.9
91776.4
91840.9
91906.3
91973
92042
92113
92186.3
92261.8
92339.6
92419.9
92502.7
92588
92675.6
92765.3
92857
92951.1
93047.8
93147.9
93252.5
93362.8
93479.9
93604.6
93736.6
93874.9
94019
94168.7
94322.5
94478.8
94636.1
94793.9
94952.4
95111.8
95272.9
95436
95601.1
95768.1
95936.9
96107.2
96278.6
96450.9
96623.9
96797
96970.2
97143
97314.9
97486.1
97656.1
97824.1
97990.5
98154.8
98316.2
98474.4
98629.8
98780.8
98925.4
99064.7
99200.3
99330.7
99453.3
99568.3
99677.9
99783.5
99884.7
99980
100068
100150
100224
100291
100352
100405
100453
100495
100533
100567
100597
100625
100652
100678
100703
100730
100759
100790
100825
100863
100906
100952
101002
101055
101111
101167
101223
101277
101325
101367
101400
101421
101430
101423
101402
101363
101310
101238
101146
101044
100923
100790
100650
100487
100319
100152
99968.6
99775.6
99591.6
99392.8
99180.3
98984.2
98776.1
98548.4
98326.8
98114.3
97871.5
97604.1
97359.1
97144.8
96905.4
96623
96302.6
95941.4
95551.9
95141
94724.9
94316.1
93912.9
93508.6
93095.5
92672.2
92232.3
91761.4
91248.2
90701.9
90134.2
89541.3
88928.7
88313.9
87690.7
87064.3
86457.3
85882.5
85352.5
84871
84434.4
84050.8
83718
83436
83211.1
83031.4
82887.9
82792.3
82708.7
82667.9
82636.9
82638.9
82632.6
82647
82697.1
82874.4
83076
83356.4
83697.4
84203.7
84735.1
85411.5
91101.2
91111.3
91138.7
91187.7
91244.3
91307.8
91373.9
91445.7
91511.1
91583.4
91654.4
91726.3
91799.7
91874.7
91951.7
92030.7
92112.2
92196.3
92283.2
92372.7
92464.4
92558.1
92653.7
92751.5
92851.8
92955.6
93064.1
93178.6
93300.2
93430
93567.9
93712
93861.7
94017.6
94178.4
94342.3
94507.4
94673.7
94841.3
95010.5
95181.1
95353.6
95528.3
95705
95883.8
96064.4
96246.3
96429.6
96613.7
96798.2
96982.9
97167.6
97351.6
97535
97717.3
97897.9
98077
98254.1
98428.1
98599.1
98767
98930.3
99088
99241.5
99391.1
99534.8
99670.8
99800.5
99925.9
100047
100164
100275
100379
100477
100567
100651
100727
100798
100862
100922
100977
101028
101077
101123
101168
101212
101257
101303
101350
101401
101454
101511
101573
101637
101707
101778
101852
101926
102000
102071
102136
102195
102245
102283
102308
102317
102309
102284
102243
102183
102103
102010
101899
101772
101640
101483
101316
101153
100974
100777
100589
100393
100176
99967.1
99753.2
99516.5
99272.9
99041.2
98787.9
98498.1
98210.7
97955.5
97692.2
97393.5
97052.6
96666.3
96248.1
95806.1
95355.2
94908.6
94469.5
94031
93584
93129.5
92653.3
92142.3
91591.7
91010.8
90408.9
89783.9
89139.7
88495.8
87853.4
87208.1
86580.6
85986.9
85440
84940.1
84487.3
84087.3
83742.9
83470.2
83244.3
83077
82937.1
82858.9
82798.9
82791.5
82807.7
82846.2
82889.7
82976.6
83115.4
83331.1
83615.4
84005.4
84478.1
85105.8
85758.9
86537.7
90824.2
90833.4
90869.7
90928.7
90995.7
91068.6
91144.3
91222.9
91297.4
91375.5
91451.6
91528.5
91605.8
91684.3
91764.4
91846.5
91931.3
92019
92109.7
92203.1
92298.7
92396.1
92495.5
92596.8
92700.6
92808.1
92920.5
93038.6
93163.8
93297.8
93440.5
93589.4
93743.3
93903.7
94069.8
94240
94411.3
94584
94758.7
94935.7
95114.9
95295.8
95479
95664.2
95851.6
96041.1
96232.1
96424.5
96618.1
96812.3
97006.9
97201.6
97395.9
97589.7
97782.5
97974
98163.8
98351.4
98536.2
98718.1
98896.6
99070.7
99240.2
99405.8
99566.9
99721.7
99869.8
100013
100152
100287
100417
100541
100659
100771
100875
100973
101064
101149
101228
101303
101373
101440
101505
101567
101629
101689
101751
101814
101878
101946
102016
102091
102169
102252
102338
102427
102518
102609
102699
102787
102870
102945
103013
103068
103109
103134
103142
103132
103104
103058
102992
102910
102811
102695
102570
102422
102262
102104
101932
101738
101547
101355
101140
100921
100701
100462
100204
99951.2
99687.8
99386
99064.4
98763.2
98469.9
98154.9
97798.9
97392.7
96950.4
96481.9
96000.1
95519.7
95050
94579.5
94101.7
93615.6
93105.7
92558.1
91971.1
91356.8
90725.4
90068.7
89392.2
88718.3
88054.3
87391.7
86746.3
86133.2
85566.3
85046
84579.8
84170.8
83821.7
83552.1
83326.5
83165.6
83047.2
82978.5
82952.5
82977.2
83035.4
83114.8
83213.1
83366.8
83595.1
83875
84247.5
84734.6
85332.3
86056.9
86860.6
87756.1
90538.6
90565.1
90637.7
90707.6
90788.3
90871.5
90956.6
91042.5
91125.7
91209
91290.4
91371.7
91452.6
91534.3
91617.2
91702
91789.5
91880.4
91974.7
92072
92171.3
92272.3
92375
92479.8
92587
92697.9
92813.8
92935.1
93063.4
93201.1
93347.6
93500.1
93657.6
93821.7
93992
94166.5
94342.9
94521.1
94701.6
94884.6
95070.6
95258.9
95449.6
95642.2
95837
96034.1
96232.7
96433
96634.7
96837.1
97040.1
97243.4
97446.4
97649
97850.8
98051.3
98250
98446.5
98640.5
98831.5
99019.2
99202.9
99382.4
99558
99728.8
99893.4
100053
100207
100358
100505
100646
100782
100911
101034
101150
101260
101364
101461
101554
101642
101726
101807
101885
101962
102037
102113
102189
102267
102347
102429
102515
102605
102699
102798
102900
103004
103111
103218
103324
103429
103528
103620
103704
103776
103834
103876
103900
103906
103893
103862
103811
103742
103656
103554
103440
103303
103154
103002
102839
102654
102463
102275
102067
101843
101617
101378
101115
100843
100567
100258
99914.3
99570.4
99240.7
98905
98536.7
98117.3
97656.8
97167.4
96659
96150.9
95653.5
95152.8
94648.2
94132.9
93587.9
93005.4
92385.4
91739.9
91083.8
90396.1
89687.5
88983.6
88295.2
87613.5
86949
86316.3
85731.4
85194.3
84720
84307
83956.7
83674.3
83465.9
83319.7
83216
83160.4
83166
83225.3
83322.5
83452.7
83610.8
83832.1
84138.9
84500.9
84963.3
85549.5
86259.9
87089.7
88033.3
89062.1
90241.2
90333.7
90442.6
90517.5
90621.5
90712.3
90806.2
90899.4
90989.8
91077.6
91164.3
91249.7
91334.1
91418.5
91503.7
91590.6
91680.4
91774
91871.6
91972.5
92075.3
92179.7
92285.7
92393.8
92504
92617.9
92737.5
92862.2
92993.6
93134.3
93283.8
93439.1
93599.3
93766.2
93940
94118.2
94298.4
94480.9
94666.1
94854.2
95045.6
95239.8
95436.8
95635.9
95837.2
96040.6
96245.9
96452.9
96661.3
96870.8
97080.8
97291.4
97501.7
97711.7
97921
98128.9
98335.1
98539.2
98740.8
98939.8
99135.6
99327.3
99515.2
99699
99878.1
100052
100220
100385
100546
100702
100853
100998
101137
101270
101396
101517
101631
101739
101843
101942
102038
102131
102221
102310
102398
102486
102575
102666
102759
102855
102954
103058
103167
103280
103396
103515
103635
103757
103878
103998
104113
104222
104322
104411
104486
104545
104585
104608
104611
104595
104560
104507
104435
104349
104247
104124
103988
103847
103693
103521
103336
103153
102952
102730
102501
102261
101999
101715
101423
101107
100752
100377
100009
99645.9
99263.6
98835.6
98362.6
97857.4
97330.3
96801.1
96276
95749.6
95222.6
94678.8
94099.9
93485
92835.5
92160.5
91487
90768.7
90028.6
89294.8
88580.7
87877.6
87193.4
86541.8
85942
85396.1
84916.3
84493.5
84143
83855.2
83668.8
83538.3
83430.5
83404.4
83443.8
83547.4
83689.3
83878.5
84099
84392.8
84770.9
85221
85776.1
86459.8
87281.1
88196.6
89258.6
90445.4
90032
90198.7
90297.3
90383.4
90487.2
90588.6
90690.3
90788.8
90884.1
90976.4
91067.3
91156.4
91244.1
91331
91418.4
91507.2
91599.1
91695.1
91795.6
91899.8
92005.8
92112.9
92221.9
92333
92446.2
92563.5
92686.4
92814.3
92948.7
93092.2
93243.7
93400.8
93563.4
93733.1
93909.5
94090.4
94273.7
94459.6
94649
94841.6
95037.4
95236.5
95438.5
95642.9
95849.7
96058.7
96269.7
96482.3
96696.4
96911.7
97127.7
97344.3
97560.8
97776.9
97992.4
98206.5
98419.1
98629.6
98837.8
99043.6
99245.9
99444.3
99639
99829.9
100016
100198
100375
100548
100717
100881
101039
101193
101340
101481
101616
101744
101868
101986
102099
102208
102313
102416
102517
102616
102714
102813
102914
103016
103120
103227
103339
103455
103576
103702
103830
103961
104095
104230
104365
104500
104630
104754
104870
104975
105066
105142
105199
105239
105258
105259
105240
105204
105148
105078
104992
104885
104763
104635
104494
104335
104163
103986
103793
103580
103350
103110
102850
102562
102256
101932
101572
101179
100777
100382
99981.4
99543.9
99064
98549.5
98011.4
97464.2
96915.6
96369.9
95822.6
95251.1
94641.4
93997.9
93322.6
92629
91928.7
91187.6
90419.2
89656.4
88916.6
88191.8
87488.7
86823.5
86211.9
85660.9
85173.9
84740.5
84396.6
84122
83940.7
83812.8
83716.6
83720.7
83806.5
83958.5
84149.2
84405
84694.8
85061.8
85512
86048.8
86696.9
87469.4
88383.8
89376.5
90554
91900.1
89898.3
90075.5
90190.3
90286.5
90397.3
90504.3
90609.3
90710.5
90809
90904.9
90999.1
91091.1
91181.3
91270.7
91360.2
91450.9
91545
91643.5
91746.3
91852.6
91960.6
92069.6
92180.9
92294.8
92411
92530.9
92656.5
92787.6
92924.8
93070.1
93223.3
93382.2
93546.8
93718.7
93897.3
94080.4
94266.1
94454.8
94647.5
94843.5
95043
95245.9
95451.8
95660.5
95871.7
96085.2
96300.7
96518
96736.8
96956.8
97177.6
97399
97620.4
97841.4
98061.8
98281.1
98499
98714.8
98928.4
99139.3
99346.6
99550.3
99750.7
99947.6
100140
100328
100512
100692
100867
101037
101202
101361
101515
101663
101804
101940
102071
102196
102318
102435
102548
102659
102768
102876
102983
103091
103201
103312
103425
103542
103664
103791
103922
104058
104197
104339
104484
104631
104779
104927
105071
105209
105340
105460
105567
105659
105733
105789
105825
105842
105840
105821
105782
105728
105659
105570
105465
105350
105223
105081
104923
104756
104572
104369
104146
103906
103649
103363
103050
102716
102353
101952
101528
101104
100681
100233
99749
99231.4
98685.5
98123.6
97561.2
97002.2
96434.7
95837.9
95204
94536.7
93838.6
93129.3
92408.9
91648.7
90857.2
90069.2
89306
88560.6
87841.9
87168.1
86548.1
85989.8
85495.4
85064.1
84730.6
84463.9
84278.3
84152.8
84098
84127.2
84259.9
84459.6
84705
85028.6
85396.6
85840.7
86363
86984.6
87721.8
88580.8
89573.7
90660
91943.9
93390.7
89797.9
89950
90090
90210
90326.8
90437
90545.2
90649.5
90750.9
90850
90946.9
91041.6
91134.4
91226.5
91318.5
91411.7
91508.1
91608.7
91713.1
91820.9
91930.5
92041.4
92154.8
92271.1
92389.7
92512.3
92640.7
92774.5
92913.9
93061.3
93216.3
93376.8
93543.5
93717.5
93898.1
94082.8
94270.5
94461.8
94657.3
94856.4
95059.2
95265.2
95474.6
95687
95901.9
96119.2
96338.7
96559.9
96782.7
97006.9
97231.9
97457.4
97683
97908.2
98132.9
98356.8
98579
98799.1
99017
99232.1
99443.8
99652.2
99857.7
100060
100257
100451
100640
100825
101005
101180
101351
101516
101675
101828
101975
102117
102254
102386
102514
102637
102758
102876
102992
103106
103221
103337
103454
103572
103693
103819
103949
104085
104225
104369
104517
104669
104824
104983
105143
105302
105459
105611
105755
105890
106011
106119
106209
106281
106334
106368
106382
106381
106360
106323
106271
106201
106113
106015
105904
105778
105637
105482
105309
105117
104904
104670
104415
104133
103819
103477
103109
102706
102271
101824
101378
100919
100432
99911.6
99359.2
98790.8
98221.3
97651.3
97064.4
96447.1
95795.4
95107.5
94389.7
93668.7
92932.1
92158.3
91348.3
90540.1
89756.5
88991.2
88261.5
87578.6
86950.1
86382.8
85889.9
85468.2
85135.8
84860.3
84684.6
84579.8
84574.6
84637.2
84807.8
85053
85353.2
85744.1
86200.2
86730.9
87329.5
88033.5
88856.8
89806.3
90880.4
92056.5
93424.7
94941.3
89676.1
89844.2
90006.7
90140.4
90261.3
90377.2
90489.8
90598.1
90703.1
90805.4
90905.2
91003.3
91099.3
91194.5
91289.6
91385.7
91484.6
91587.2
91693.5
91802.6
91913.7
92026.5
92142.1
92260.7
92382.2
92507.8
92638.8
92775.1
92917.2
93066.9
93223.7
93386.3
93555.2
93731.1
93913.1
94099.4
94289.3
94483.2
94681.3
94883.4
95089.2
95298.4
95511.1
95726.8
95945.2
96166.1
96389.2
96614.1
96840.7
97068.7
97297.4
97526.8
97756.2
97985.2
98213.9
98441.7
98667.8
98891.7
99113.5
99332.4
99548.1
99760.9
99970.9
100177
100380
100577
100771
100960
101145
101324
101499
101669
101833
101990
102143
102290
102432
102569
102703
102832
102958
103082
103204
103324
103445
103567
103690
103815
103943
104076
104214
104357
104503
104654
104811
104971
105137
105306
105477
105647
105816
105980
106138
106286
106422
106545
106651
106739
106810
106862
106893
106910
106909
106890
106857
106807
106739
106658
106565
106457
106333
106195
106037
105856
105655
105430
105180
104901
104589
104244
103871
103468
103030
102569
102102
101629
101137
100614
100060
99490.4
98917.3
98335.6
97730.6
97099
96434.6
95729.8
94995.8
94262.7
93515.3
92732.8
91910.3
91087.7
90286.1
89502.5
88761.7
88068.3
87430.6
86860.4
86374.6
85955.6
85616.3
85344.1
85192.6
85115
85143.9
85262
85464.8
85753.2
86109.2
86558
87104.4
87740.9
88425.4
89210.4
90122
91163.9
92318.1
93575
95002.4
96591.4
89593.7
89784.2
89951.6
90092.8
90218.8
90336.4
90451
90563.4
90672.2
90777.6
90880.7
90981.9
91081.1
91179.6
91278
91377.3
91479
91583.8
91691.5
91802
91914.7
92029.5
92147.4
92268.6
92393
92521.5
92655.4
92794.4
92939.2
93091.3
93250
93414.5
93585.4
93763.1
93946.3
94133.9
94326
94522.4
94722.9
94927.6
95136.1
95348.4
95564.1
95782.9
96004.5
96228.6
96454.9
96683.2
96913.3
97144.5
97376.6
97609.4
97842
98074.3
98306.5
98537.6
98766.8
98994.1
99219
99441
99660.1
99876.6
100090
100300
100506
100707
100904
101097
101285
101468
101646
101820
101987
102148
102305
102456
102602
102744
102881
103015
103146
103274
103400
103526
103651
103778
103905
104035
104169
104307
104451
104599
104751
104908
105071
105240
105414
105593
105773
105954
106133
106309
106479
106641
106791
106930
107052
107157
107246
107315
107365
107402
107421
107422
107409
107381
107334
107272
107200
107113
107006
106885
106746
106580
106392
106178
105937
105663
105356
105013
104637
104234
103799
103333
102851
102363
101865
101342
100792
100223
99645.2
99053.2
98438.4
97800.2
97126.2
96410.7
95663.6
94918.1
94165.1
93378
92549.3
91716.6
90900.4
90100.4
89344.7
88642.7
88002.3
87438.8
86958.8
86539.5
86202.2
85945.7
85825
85772.7
85819.5
86000.5
86236.7
86567.1
86981.8
87485.8
88103.8
88855.3
89645.5
90518.4
91515.2
92652.5
93885.5
95225
96694.5
98298.8
89567.8
89748.2
89913.8
90062.9
90193.3
90315.5
90434.6
90550.8
90662.7
90771.5
90877.9
90982.1
91084.8
91186.9
91288.9
91391.6
91496
91602.8
91712.3
91824.3
91938.8
92055.8
92176.1
92299.8
92427.1
92558.7
92695.2
92837.1
92984.9
93139
93299.3
93465.8
93638.4
93817.2
94001.5
94190.7
94384.9
94583.4
94786.1
94993.2
95204.3
95419.1
95637.4
95858.8
96083
96309.8
96539.1
96770.3
97003
97237
97472
97707.3
97942.6
98177.8
98412.5
98645.9
98877.5
99107
99334.2
99558.8
99780.7
99999.9
100216
100428
100636
100840
101039
101234
101424
101610
101791
101966
102136
102300
102459
102613
102762
102907
103047
103184
103318
103449
103578
103706
103835
103964
104094
104227
104365
104507
104654
104805
104961
105123
105293
105468
105649
105835
106023
106212
106401
106587
106769
106944
107110
107264
107403
107525
107632
107720
107789
107846
107887
107909
107918
107913
107891
107850
107800
107736
107651
107550
107429
107281
107108
106906
106674
106410
106111
105774
105402
105000
104569
104107
103620
103122
102617
102095
101549
100984
100403
99804.8
99189
98552.8
97878.9
97160.4
96402.9
95645.4
94889.5
94101.6
93270.4
92429.6
91601.6
90788.8
90024.3
89323.1
88689.5
88138.5
87663.7
87248.2
86921.9
86678.6
86576.6
86560.7
86629.4
86850.6
87126.8
87498.7
87970.6
88541.3
89214.1
90061.5
90977.7
91947.8
93026
94267.9
95590.3
97009.3
98523.6
100130
89576.5
89755.4
89915.4
90061.3
90196.4
90325.7
90449.5
90568.2
90683.1
90795.2
90904.7
91012.2
91118.3
91223.8
91329.1
91434.9
91541.8
91650.9
91762.5
91876.5
91993.1
92112.5
92235.1
92361.3
92491.2
92625.4
92764.6
92909.2
93059.2
93215
93377.1
93545.1
93719.1
93899.2
94085
94275.6
94471.3
94671.5
94876.1
95085.1
95298.1
95514.8
95735.1
95958.6
96185
96414
96645.2
96878.4
97113.2
97349.2
97586
97823.2
98060.5
98297.4
98533.4
98768.2
99001.2
99232.2
99461
99687.1
99910.5
100131
100348
100560
100769
100974
101174
101370
101562
101748
101930
102106
102277
102443
102603
102758
102909
103055
103196
103334
103469
103601
103731
103861
103990
104120
104251
104385
104524
104667
104815
104967
105126
105292
105465
105644
105830
106020
106214
106410
106607
106803
106997
107185
107365
107535
107690
107831
107955
108063
108153
108231
108294
108339
108373
108391
108395
108381
108353
108314
108256
108177
108077
107950
107794
107606
107386
107132
106845
106519
106155
105759
105336
104883
104402
103904
103393
102871
102330
101768
101192
100598
99989.2
99358.8
98693.6
97975.8
97217.2
96454
95696.9
94910.7
94081.1
93237.3
92404.2
91580.6
90816.5
90135
89518.7
88978
88504.5
88096.4
87786.7
87560.1
87455.9
87474.8
87583.8
87822.7
88145.2
88556.5
89074.6
89719.6
90457.8
91363.3
92405.3
93480.4
94642.1
95995.9
97414.1
98905.6
100476
102121
89633.8
89803
89959.7
90105.6
90244.1
90376.6
90503
90624.7
90742.7
90857.7
90970.3
91080.9
91190.1
91298.5
91406.8
91515.4
91625.2
91736.9
91850.7
91966.9
92085.7
92207.3
92332.2
92460.6
92592.9
92729.5
92871
93017.7
93169.7
93327.3
93490.8
93660.2
93835.6
94016.8
94203.4
94395
94591.5
94792.9
94998.9
95209.1
95423.3
95641.3
95862.8
96087.6
96315.2
96545.5
96777.9
97012.1
97247.8
97484.6
97722.3
97960.2
98198
98435.2
98671.5
98906.7
99139.9
99371.1
99599.8
99825.8
100049
100269
100484
100696
100905
101109
101308
101504
101695
101881
102062
102238
102408
102573
102733
102887
103037
103183
103323
103460
103594
103725
103854
103982
104110
104238
104367
104501
104638
104780
104926
105078
105237
105404
105577
105758
105945
106137
106334
106536
106739
106944
107148
107349
107544
107729
107902
108061
108204
108333
108445
108544
108631
108700
108760
108803
108834
108849
108848
108834
108803
108751
108676
108573
108439
108268
108062
107822
107549
107240
106889
106503
106093
105655
105190
104701
104193
103671
103135
102583
102017
101437
100844
100228
99574.8
98863
98111.8
97349.9
96598.9
95821
94996.1
94153.6
93328
92507.7
91746.6
91093
90510.7
89969.7
89485.6
89082
88792.3
88589.2
88485.7
88519.8
88672.3
88928.6
89307.5
89758.5
90324.3
91008.1
91840.3
92780.7
93918.1
95095.1
96366.2
97808.3
99332.2
100883
102516
104227
89728.2
89890.4
90045
90190.9
90329.9
90463.3
90591.7
90715.8
90836.1
90953.3
91068.3
91181.4
91293.2
91404.2
91515.1
91626.3
91738.6
91852.4
91968.3
92086.4
92207
92330.4
92457.1
92587.6
92721.9
92860.4
93003.7
93152.1
93305.4
93464.3
93629.1
93799.5
93975.6
94157.2
94344.2
94536.4
94733.4
94935.4
95142
95352.5
95567
95785.4
96007.3
96232.4
96460.3
96690.7
96923.2
97157.4
97392.9
97629.3
97866.5
98103.8
98340.8
98577.3
98812.8
99046.7
99278.5
99508.3
99735.4
99959.6
100181
100398
100612
100822
101029
101231
101429
101622
101811
101994
102173
102346
102514
102677
102835
102987
103135
103277
103415
103549
103679
103807
103932
104057
104180
104304
104431
104560
104693
104830
104973
105122
105278
105442
105614
105792
105978
106170
106368
106572
106780
106993
107206
107418
107626
107827
108017
108194
108356
108505
108639
108761
108871
108967
109052
109123
109181
109226
109257
109270
109267
109243
109196
109122
109012
108863
108679
108457
108201
107911
107579
107212
106820
106403
105962
105494
105001
104492
103968
103430
102881
102325
101757
101167
100537
99844.7
99109.1
98355.5
97616.4
96856
96044.7
95211.7
94405.3
93618.6
92876.6
92233.8
91681
91148
90657
90255
89973.9
89792.4
89719.7
89769.2
89954
90232.3
90684.3
91169.4
91819.1
92491.7
93403
94431.7
95608.4
96901.4
98274.7
99788.2
101408
103039
104730
106501
89848
90005.3
90157.3
90302.4
90441.3
90575.3
90705.2
90831
90953
91072.3
91189.3
91304.6
91418.7
91532
91645.2
91758.7
91873.1
91988.9
92106.6
92226.5
92348.9
92474
92602.5
92734.7
92870.6
93010.7
93155.6
93305.2
93459.8
93619.9
93785.4
93956.4
94132.9
94314.9
94502.2
94694.4
94891.6
95093.6
95300.1
95510.7
95725.1
95943.2
96164.7
96389.4
96616.8
96846.5
97078.3
97311.8
97546.3
97781.5
98017.1
98252.9
98488.4
98723
98956.3
99187.8
99417.2
99644.4
99868.8
100090
100309
100523
100734
100941
101144
101342
101537
101727
101912
102092
102267
102436
102601
102760
102914
103062
103205
103343
103477
103606
103731
103853
103972
104091
104208
104326
104446
104569
104695
104826
104962
105105
105256
105415
105580
105754
105936
106126
106323
106528
106739
106956
107175
107396
107617
107833
108040
108236
108416
108585
108741
108883
109018
109139
109252
109351
109437
109513
109575
109617
109646
109653
109636
109592
109511
109390
109231
109031
108797
108529
108223
107881
107512
107123
106712
106275
105813
105327
104825
104311
103791
103266
102731
102176
101583
100925
100209
99476.7
98761.2
98035.3
97251.1
96440.3
95663.7
94923.6
94226.3
93591.8
93034.7
92521.9
92047.8
91655
91374.9
91207.3
91179.5
91266.6
91488.9
91788.7
92335.8
92820.9
93573.2
94271
95196.4
96328.8
97544.9
98923.6
100375
101931
103629
105333
107083
108874
90025.9
90178.6
90327.4
90471
90609.5
90743.9
90874.5
91001.5
91125.3
91246.4
91365.4
91482.8
91599.1
91714.6
91829.9
91945.5
92062
92179.9
92299.4
92421
92545
92671.8
92801.9
92935.5
93072.7
93214.2
93360.2
93510.7
93666.3
93827
93992.8
94163.8
94340.4
94522.2
94709.1
94900.8
95097.4
95298.4
95504
95713.8
95927
96143.7
96363.8
96586.9
96812.6
97040.4
97270
97501.1
97733.2
97965.8
98198.5
98431
98663.1
98893.9
99123.3
99350.7
99575.8
99798.7
100018
100235
100448
100658
100863
101065
101262
101455
101644
101829
102008
102182
102352
102516
102674
102828
102975
103117
103253
103384
103510
103631
103748
103862
103973
104082
104190
104299
104409
104521
104638
104759
104885
105018
105159
105309
105467
105632
105808
105993
106187
106390
106602
106822
107046
107275
107507
107736
107960
108174
108373
108564
108742
108907
109067
109213
109354
109483
109600
109706
109801
109878
109941
109981
109997
109987
109938
109850
109720
109549
109341
109098
108822
108512
108175
107816
107442
107047
106625
106176
105710
105230
104748
104261
103768
103260
102717
102103
101425
100727
100033
99353.2
98621.4
97846.7
97111.2
96415.9
95762.2
95154.3
94588
94083.2
93637.3
93268.5
93006.8
92862.8
92858.6
92994.2
93274
93581.1
94198.4
94755.2
95518.7
96308.5
97211
98379
99650.9
101094
102599
104146
105876
107624
109413
111205
90283
90431.7
90577
90718.7
90856.4
90990.4
91121.2
91248.9
91373.9
91496.5
91617.1
91736.3
91854.3
91971.7
92089
92206.6
92324.9
92444.3
92565.4
92688.6
92813.9
92942
93073.1
93207.6
93345.8
93487.9
93634.3
93785.3
93940.9
94101.4
94266.9
94437.4
94613.1
94793.6
94979
95169.2
95364
95563.3
95766.7
95974
96184.8
96398.7
96615.7
96835.5
97057.8
97281.9
97507.4
97734.1
97961.6
98189.5
98417.3
98644.5
98870.6
99095.3
99318.4
99539.4
99757.9
99973.6
100186
100396
100601
100803
101000
101194
101384
101569
101750
101926
102097
102263
102424
102580
102730
102874
103012
103145
103271
103392
103507
103617
103722
103824
103922
104019
104114
104209
104305
104405
104508
104614
104724
104842
104967
105101
105247
105408
105577
105754
105943
106142
106352
106573
106801
107036
107278
107520
107759
107992
108211
108422
108624
108813
108998
109172
109342
109500
109652
109791
109921
110034
110135
110211
110266
110291
110278
110229
110135
110000
109823
109610
109369
109098
108797
108477
108147
107800
107429
107036
106618
106184
105745
105308
104869
104419
103941
103392
102761
102128
101475
100828
100164
99446
98755.6
98108.4
97486.2
96914.4
96368.5
95877.9
95465.3
95131.4
94904.7
94802.1
94827.6
95008.6
95361.3
95654
96320.7
96957.4
97725.1
98578
99491.1
100618
101924
103427
104978
106503
108165
109914
111706
113467
90647.6
90792.3
90934.1
91073.3
91209.4
91342.4
91472.8
91600.7
91726.1
91849.4
91971
92091.2
92210.5
92329.3
92447.8
92566.6
92686.1
92806.8
92928.9
93052.7
93178.8
93307.4
93438.8
93573.5
93711.6
93853.5
93999.5
94149.8
94304.5
94463.7
94627.5
94796.2
94969.7
95147.8
95330.5
95517.5
95708.9
95904.4
96103.7
96306.7
96513.2
96722.5
96934.2
97148.3
97364.6
97582.5
97801.6
98021.5
98241.5
98461.8
98681.6
98900.6
99118
99333.6
99547.2
99758.4
99967.1
100173
100375
100573
100768
100959
101146
101328
101507
101681
101850
102015
102175
102330
102479
102623
102761
102893
103018
103137
103250
103356
103457
103552
103642
103727
103808
103887
103965
104042
104121
104203
104286
104372
104463
104561
104669
104788
104918
105063
105220
105391
105571
105763
105970
106190
106421
106660
106910
107163
107416
107668
107906
108139
108364
108581
108791
108995
109195
109387
109572
109746
109915
110066
110206
110325
110423
110490
110521
110516
110465
110372
110236
110061
109859
109629
109373
109099
108818
108525
108219
107891
107538
107165
106785
106409
106031
105651
105252
104797
104238
103650
103080
102496
101908
101271
100634
100039
99449.2
98909.2
98406.9
97951.5
97585.8
97292.9
97095.3
97034.8
97120.1
97343.6
97744.9
98117.1
98734.3
99438.6
100228
101100
102033
103100
104393
105930
107512
109023
110584
112234
113959
115648
91156.2
91296.7
91434.8
91570.9
91704.6
91835.9
91965
92091.9
92216.7
92339.7
92461.2
92581.6
92701.1
92820.1
92938.9
93058
93177.7
93298.3
93420.2
93543.8
93669.4
93797.3
93927.8
94061.5
94198.4
94338.7
94482.7
94630.7
94782.8
94939.1
95099.7
95264.8
95434
95607.6
95785.4
95967.3
96153.1
96342.3
96535.2
96731.3
96930.3
97131.9
97335.6
97541.2
97748.4
97956.6
98165.7
98375.2
98584.5
98793.3
99001.1
99207.8
99412.8
99615.6
99815.7
100013
100208
100399
100587
100771
100951
101127
101299
101466
101629
101788
101943
102092
102236
102376
102510
102637
102759
102874
102982
103084
103178
103266
103348
103423
103492
103555
103615
103672
103726
103781
103837
103893
103953
104014
104080
104155
104241
104341
104455
104582
104723
104879
105049
105232
105433
105652
105883
106126
106381
106644
106910
107179
107438
107691
107940
108184
108423
108658
108890
109118
109337
109552
109759
109954
110136
110302
110449
110567
110649
110692
110689
110644
110555
110430
110277
110098
109900
109679
109451
109222
108986
108733
108463
108170
107870
107571
107267
106968
106664
106320
105881
105346
104833
104341
103851
103315
102767
102237
101702
101195
100746
100341
100038
99808.1
99647.9
99627.3
99763
100035
100470
100924
101500
102224
103042
103911
104844
105863
107108
108619
110191
111692
113157
114609
116175
117725
91856.2
91991.8
92125.4
92257.4
92387.7
92515.9
92642.3
92766.8
92889.6
93010.9
93130.9
93249.8
93368
93485.6
93603.1
93720.7
93838.9
93957.9
94078
94199.6
94323
94448.5
94576.4
94707.1
94840.8
94977.6
95117.4
95260.8
95407.9
95558.9
95713.8
95872.4
96034.9
96201.2
96371.2
96544.7
96721.5
96901.5
97084.6
97270.1
97457.9
97647.9
97839.6
98032.5
98226.3
98420.7
98615.5
98809.8
99003.6
99196.3
99387.3
99576.8
99763.9
99948.8
100131
100309
100485
100657
100825
100989
101149
101306
101458
101605
101748
101887
102022
102151
102276
102395
102508
102615
102715
102808
102894
102972
103044
103108
103164
103214
103256
103293
103326
103354
103380
103407
103433
103461
103488
103517
103554
103601
103663
103740
103833
103939
104059
104199
104355
104528
104721
104938
105166
105409
105670
105939
106218
106498
106782
107052
107330
107599
107871
108135
108404
108666
108925
109183
109430
109673
109900
110119
110324
110497
110630
110721
110768
110772
110737
110677
110593
110486
110359
110210
110048
109884
109724
109563
109386
109192
108987
108779
108569
108367
108171
107952
107658
107245
106784
106377
105974
105558
105124
104678
104235
103793
103412
103084
102845
102699
102627
102653
102819
103116
103559
104067
104636
105343
106178
107039
107945
108936
110112
111518
113012
114462
115767
117006
118358
119693
92805.2
92935
93062.9
93189.4
93314.6
93438.1
93559.9
93680.2
93798.9
93916.3
94032.5
94147.8
94262.3
94376.2
94490
94603.9
94718.2
94833.1
94949
95066.1
95184.9
95305.4
95428
95552.9
95680.4
95810.4
95943.3
96079.2
96218.1
96360.2
96505.6
96654.3
96806.3
96961.4
97119.4
97280.5
97444.2
97610.4
97778.7
97949.1
98121.2
98294.5
98468.7
98643.7
98818.7
98993.5
99167.9
99341.3
99513.4
99683.8
99852.1
100018
100181
100342
100499
100653
100803
100949
101092
101230
101365
101495
101621
101742
101859
101974
102083
102187
102286
102378
102465
102544
102617
102682
102739
102789
102831
102864
102890
102908
102918
102922
102921
102915
102906
102898
102891
102880
102868
102860
102863
102880
102913
102962
103028
103110
103210
103331
103471
103633
103817
104023
104248
104491
104753
105028
105316
105608
105910
106204
106507
106806
107107
107407
107712
108008
108315
108612
108904
109194
109474
109755
110015
110233
110409
110544
110642
110705
110739
110757
110759
110744
110713
110663
110589
110502
110429
110365
110294
110216
110125
110030
109939
109854
109770
109686
109553
109330
109004
108676
108357
108037
107732
107395
107064
106726
106440
106213
106041
105979
105999
106095
106310
106625
107045
107562
108137
108808
109630
110478
111359
112316
113394
114652
115986
117252
118322
119387
120516
121568
94071.9
94194
94314.2
94433.3
94551.2
94667.5
94782.3
94895.5
95007.2
95117.8
95227.3
95335.7
95443.4
95550.6
95657.5
95764.3
95871.3
95978.7
96086.8
96195.9
96306.2
96418
96531.6
96646.9
96764
96883.2
97004.7
97128.7
97255.1
97383.9
97515.2
97649
97785.4
97924.1
98065
98208
98352.8
98499.3
98647.2
98796.1
98945.9
99096
99246.2
99396.3
99545.5
99693.6
99840.4
99985.4
100128
100269
100407
100542
100673
100802
100926
101048
101165
101278
101388
101493
101595
101693
101787
101878
101964
102044
102119
102190
102256
102315
102368
102414
102452
102483
102505
102519
102524
102522
102511
102490
102461
102427
102384
102337
102290
102241
102187
102130
102075
102028
101994
101975
101973
101989
102025
102080
102158
102258
102382
102528
102700
102897
103116
103358
103618
103895
104188
104494
104810
105128
105453
105787
106116
106458
106790
107135
107480
107814
108156
108492
108836
109173
109461
109705
109927
110123
110288
110426
110544
110653
110749
110837
110919
110988
111033
111060
111091
111126
111171
111227
111277
111327
111374
111422
111469
111524
111566
111554
111442
111263
111064
110860
110670
110458
110246
110041
109860
109741
109666
109677
109767
109944
110222
110550
110933
111426
111998
112618
113390
114221
115049
115923
116901
118026
119105
120021
120845
121776
122661
123356
95730.7
95842.5
95952.4
96061
96168.4
96274.1
96378.3
96480.8
96582
96682
96780.7
96878.3
96975.1
97071.1
97166.7
97261.9
97357.1
97452.3
97548
97644.2
97741.1
97839.1
97938.2
98038.4
98139.9
98242.9
98347.5
98453.8
98561.6
98671.1
98782.2
98894.9
99009.1
99124.6
99241.5
99359.4
99478.1
99597.5
99717.2
99836.9
99956.4
100075
100193
100310
100424
100537
100648
100755
100860
100962
101060
101155
101246
101333
101417
101497
101572
101644
101713
101778
101838
101895
101948
101998
102043
102084
102120
102151
102176
102195
102208
102214
102212
102202
102184
102157
102117
102071
102015
101949
101876
101794
101704
101612
101518
101420
101314
101207
101105
101016
100941
100882
100842
100821
100821
100846
100896
100974
101078
101207
101367
101554
101766
102001
102260
102539
102836
103150
103486
103827
104173
104535
104895
105268
105644
106023
106405
106789
107170
107555
107946
108299
108604
108894
109181
109456
109707
109934
110145
110352
110551
110754
110958
111160
111345
111523
111692
111858
112033
112228
112432
112638
112841
113050
113262
113470
113670
113853
113987
114039
114042
114021
113968
113912
113842
113780
113709
113702
113740
113828
113978
114203
114507
114826
115177
115641
116185
116751
117452
118204
118887
119655
120586
121561
122282
122804
123436
124212
124790
125059
97696.3
97795.4
97892.4
97988
98082.2
98174.6
98265.4
98354.4
98441.8
98527.7
98612.2
98695.5
98777.5
98858.5
98938.8
99018.4
99097.5
99176.3
99255.1
99333.8
99412.7
99492
99571.7
99652.1
99733.2
99815
99897.5
99980.5
100064
100149
100234
100320
100406
100493
100580
100667
100753
100839
100924
101008
101091
101172
101250
101326
101400
101470
101537
101601
101661
101716
101768
101816
101860
101899
101935
101967
101995
102020
102040
102058
102072
102082
102090
102094
102094
102090
102082
102068
102050
102025
101993
101954
101908
101852
101789
101715
101633
101539
101434
101320
101198
101066
100928
100789
100644
100489
100329
100172
100025
99891.8
99774.3
99674.7
99594.5
99535.1
99498.9
99488.9
99508.3
99558.9
99640.1
99748.1
99893.5
100068
100269
100498
100751
101033
101338
101666
102012
102370
102740
103124
103510
103910
104306
104726
105147
105564
105970
106370
106768
107132
107486
107842
108209
108567
108906
109228
109538
109846
110161
110492
110830
111169
111507
111848
112185
112528
112867
113216
113582
113955
114337
114723
115110
115497
115874
116255
116618
116911
117165
117376
117529
117661
117774
117872
117964
118083
118222
118403
118611
118856
119165
119480
119830
120267
120772
121302
121896
122451
122946
123665
124564
125279
125608
125841
126302
126810
126975
126760
99651.1
99737.5
99821.6
99904
99984.8
100064
100141
100215
100288
100359
100429
100497
100563
100628
100692
100755
100817
100878
100938
100998
101057
101116
101175
101234
101293
101352
101411
101469
101528
101586
101644
101702
101759
101816
101872
101926
101980
102031
102081
102129
102174
102216
102255
102290
102322
102350
102373
102393
102408
102418
102424
102425
102423
102415
102405
102390
102372
102350
102325
102297
102267
102233
102197
102158
102116
102070
102020
101965
101905
101838
101764
101684
101595
101498
101392
101276
101150
101014
100865
100709
100542
100364
100183
99996.9
99800.4
99595.2
99390.5
99192.9
99006.8
98835.5
98681.3
98546.3
98431.7
98338.7
98270.1
98229
98218.9
98242.7
98302.1
98396.1
98518.7
98676.7
98867.5
99090
99342.6
99625.4
99935.5
100272
100630
100997
101380
101775
102178
102589
102983
103441
103882
104298
104698
105095
105493
105893
106301
106723
107154
107571
107982
108395
108807
109219
109648
110097
110555
111023
111508
112005
112513
113030
113546
114070
114605
115149
115696
116246
116800
117373
117948
118507
119042
119552
120037
120461
120825
121159
121469
121740
122016
122262
122530
122828
123109
123413
123740
124059
124433
124850
125328
125827
126263
126596
127013
127730
128469
128828
128878
128966
129185
129278
128970
128284
101389
101464
101536
101607
101676
101742
101806
101868
101928
101985
102041
102094
102146
102196
102244
102291
102336
102380
102423
102465
102506
102546
102585
102624
102661
102698
102735
102771
102806
102840
102873
102904
102935
102964
102991
103016
103039
103059
103077
103091
103102
103110
103113
103112
103107
103096
103082
103062
103037
103007
102973
102934
102890
102843
102791
102736
102677
102616
102552
102485
102417
102346
102273
102198
102120
102039
101954
101864
101769
101667
101558
101442
101318
101185
101044
100893
100733
100561
100378
100186
99981.5
99768.4
99551.2
99324.6
99085.4
98841
98600.4
98369.9
98152.9
97952.1
97769.8
97607.4
97466.4
97348.5
97256
97191.3
97158
97159.9
97199.8
97279.5
97387.3
97534.4
97717
97933.9
98183.5
98465.3
98777.2
99118.4
99488.3
99845.6
100241
100638
101043
101447
101869
102311
102737
103140
103526
103932
104346
104785
105244
105711
106183
106661
107139
107625
108121
108619
109136
109676
110236
110816
111417
112042
112695
113360
114040
114723
115410
116099
116793
117483
118191
118918
119633
120334
121023
121720
122381
122983
123534
124051
124522
124967
125396
125776
126194
126594
126945
127306
127641
127976
128385
128801
129266
129709
129999
130240
130691
131344
131806
131852
131752
131717
131618
131264
130533
129461
102873
102938
103001
103062
103120
103176
103229
103279
103327
103373
103416
103457
103495
103532
103566
103599
103629
103658
103685
103711
103735
103757
103779
103799
103818
103836
103852
103867
103881
103894
103904
103913
103920
103925
103927
103926
103922
103916
103905
103891
103873
103850
103823
103790
103753
103710
103663
103609
103551
103487
103419
103346
103268
103186
103101
103011
102920
102825
102729
102631
102531
102430
102327
102223
102116
102006
101893
101775
101651
101522
101385
101240
101087
100926
100755
100576
100387
100187
99977.2
99756.9
99523.1
99282.7
99035.7
98772.4
98498.8
98223.9
97956
97699.7
97458.4
97234.4
97029.9
96846.3
96685.1
96548.5
96438.8
96358.6
96310.3
96297.7
96324
96391.1
96493.3
96632.2
96806
97015.5
97260.7
97540.2
97851.5
98192.7
98557.1
98916.9
99314.1
99703.4
100101
100506
100934
101336
101736
102131
102528
102939
103376
103849
104339
104842
105365
105903
106439
106980
107529
108089
108676
109289
109933
110604
111301
112028
112791
113579
114392
115208
116027
116837
117663
118475
119310
120154
120976
121809
122645
123481
124270
125020
125728
126386
127004
127605
128151
128672
129200
129670
130094
130511
130892
131287
131729
132156
132598
132956
133172
133442
133919
134412
134582
134410
134223
134032
133591
132825
131733
130361
104095
104153
104207
104260
104309
104356
104400
104441
104479
104514
104547
104577
104605
104630
104652
104672
104690
104706
104720
104732
104741
104749
104756
104760
104763
104764
104764
104761
104757
104751
104743
104732
104719
104703
104684
104662
104637
104607
104573
104535
104493
104445
104392
104334
104270
104201
104126
104046
103960
103868
103772
103671
103566
103456
103343
103227
103108
102987
102865
102741
102616
102491
102364
102237
102108
101976
101841
101701
101556
101405
101245
101078
100903
100718
100526
100325
100114
99892.1
99660.9
99416.6
99161.5
98899.5
98625.4
98333.9
98034.7
97738.1
97449.8
97173.1
96911.2
96666.9
96442.9
96241.2
96063.4
95912.3
95791
95701.5
95645.1
95624.5
95642.2
95700.4
95797.3
95929.7
96095.7
96298.8
96539.2
96815.8
97123.5
97460.2
97811.5
98177.2
98562.1
98944.1
99337.3
99740.7
100148
100523
100918
101317
101726
102139
102595
103091
103600
104133
104693
105273
105856
106444
107033
107641
108285
108959
109664
110410
111185
111994
112844
113729
114642
115566
116488
117401
118334
119247
120185
121124
122053
122997
123945
124878
125766
126632
127456
128232
128973
129671
130321
130963
131564
132116
132636
133132
133602
134080
134538
134958
135352
135640
135863
136187
136613
136892
136831
136531
136262
135887
135150
134043
132652
131042
105069
105120
105168
105214
105256
105295
105332
105365
105395
105423
105447
105468
105487
105502
105515
105525
105533
105538
105541
105541
105539
105535
105529
105521
105511
105498
105484
105467
105448
105427
105404
105377
105348
105315
105279
105240
105197
105149
105096
105039
104977
104909
104836
104757
104673
104582
104486
104384
104276
104163
104045
103922
103795
103664
103529
103391
103251
103110
102968
102824
102680
102536
102391
102245
102099
101951
101799
101642
101481
101313
101138
100954
100761
100560
100350
100133
99905.7
99668.2
99418.2
99156.3
98885.6
98605.6
98309
97997.7
97682.1
97370.7
97067.4
96774.4
96494.5
96231.5
95989.3
95770.9
95578.8
95415.9
95285.3
95189
95127.7
95102.4
95113.7
95164.5
95256.2
95383
95543.9
95743
95978.3
96249.1
96549.3
96875.8
97219.1
97586.9
97954.6
98337.1
98729.7
99129
99516.2
99882.8
100286
100693
101107
101525
101984
102494
103022
103568
104152
104764
105380
105997
106632
107281
107970
108692
109442
110243
111082
111954
112872
113830
114819
115827
116826
117826
118841
119836
120857
121876
122895
123923
124951
125958
126928
127873
128784
129654
130474
131249
132003
132731
133400
134039
134643
135232
135801
136342
136800
137204
137560
137836
138103
138435
138738
138816
138617
138249
137877
137307
136341
134976
133355
131555
105819
105865
105909
105949
105986
106019
106050
106077
106101
106122
106140
106154
106165
106173
106179
106181
106180
106177
106171
106163
106152
106138
106122
106104
106084
106061
106035
106007
105977
105944
105908
105870
105828
105782
105733
105680
105623
105561
105494
105422
105345
105262
105173
105078
104978
104871
104758
104639
104515
104385
104251
104111
103967
103819
103667
103513
103357
103201
103043
102884
102726
102569
102410
102249
102089
101929
101765
101597
101424
101245
101057
100861
100657
100443
100222
99992.6
99752.5
99501
99237
98965.4
98681.9
98385.2
98072.3
97748.8
97422.4
97103
96787.7
96482.1
96187.5
95908.8
95650.8
95417.6
95212.7
95038.9
94899.2
94795.9
94729.5
94699.6
94705.6
94750.1
94835
94958.7
95117.2
95313
95543
95805.7
96097.2
96412.6
96750.6
97116.3
97479.3
97865.7
98257.6
98650.8
99033.6
99400.4
99804.2
100223
100640
101065
101522
102038
102578
103133
103729
104365
105007
105653
106324
107013
107727
108485
109272
110112
110998
111917
112885
113899
114943
116011
117072
118140
119216
120281
121365
122446
123533
124623
125708
126770
127801
128805
129787
130722
131607
132461
133289
134066
134792
135498
136183
136867
137507
138077
138536
138940
139292
139592
139894
140184
140354
140283
140019
139615
139115
138356
137213
135666
133871
131941
106378
106420
106460
106496
106529
106558
106584
106607
106626
106642
106655
106664
106670
106672
106672
106668
106662
106652
106640
106624
106607
106586
106563
106537
106509
106478
106444
106408
106369
106327
106282
106234
106182
106127
106068
106004
105937
105864
105786
105704
105615
105521
105420
105314
105201
105082
104957
104826
104689
104547
104400
104248
104092
103932
103768
103602
103436
103267
103097
102926
102756
102586
102418
102251
102082
101913
101740
101563
101382
101194
100999
100795
100583
100361
100132
99892.2
99642.6
99381.7
99109.6
98827.8
98533.5
98224.2
97901
97570.2
97238.2
96910.6
96585.4
96270.6
95966.3
95676.9
95407.1
95162.3
94946.3
94762.4
94613.9
94502.9
94430.2
94395.2
94396.4
94435.5
94514.7
94634
94792.1
94985
95210.5
95466.1
95751.1
96060.1
96395.4
96757.1
97124.3
97514.4
97902.9
98287
98671.6
99045.8
99447.2
99872.6
100297
100731
101188
101701
102246
102809
103411
104061
104725
105398
106094
106807
107544
108328
109147
110017
110935
111890
112892
113945
115027
116136
117246
118366
119485
120607
121737
122865
124001
125135
126260
127363
128443
129496
130531
131514
132457
133362
134226
135036
135816
136587
137354
138102
138772
139353
139821
140247
140615
140941
141257
141502
141570
141410
141111
140669
140030
139109
137831
136155
134241
132221
106778
106818
106854
106888
106917
106944
106967
106986
107002
107014
107023
107029
107031
107029
107025
107017
107006
106992
106974
106954
106932
106906
106877
106846
106812
106775
106736
106693
106648
106599
106548
106493
106434
106372
106306
106235
106160
106079
105994
105903
105807
105704
105595
105481
105359
105232
105098
104958
104812
104661
104506
104345
104180
104010
103837
103663
103488
103312
103134
102957
102780
102603
102427
102252
102076
101900
101721
101539
101352
101159
100959
100748
100531
100305
100069
99823
99567
99300
99021.6
98731.7
98428.4
98110.5
97780.7
97444.8
97107.3
96772.4
96440.5
96121.8
95811.1
95515.1
95238.1
94985.1
94760.8
94569
94412.7
94294.3
94215
94174.3
94171.3
94206.3
94281
94395.5
94553
94743.5
94966.1
95217.9
95499.7
95807.2
96141.4
96500.6
96871.7
97263.5
97648.7
98025.7
98408.9
98793.5
99195.1
99620.1
100053
100494
100954
101462
102008
102579
103186
103842
104522
105214
105926
106657
107414
108214
109054
109946
110886
111870
112898
113975
115084
116221
117367
118525
119669
120834
121998
123162
124333
125497
126650
127786
128900
129992
131061
132078
133057
133990
134882
135730
136565
137394
138213
138984
139666
140259
140745
141200
141585
141928
142249
142465
142480
142271
141939
141437
140673
139631
138253
136496
134504
132423
107052
107089
107124
107155
107183
107207
107228
107245
107258
107268
107275
107278
107277
107273
107266
107255
107240
107223
107203
107179
107153
107124
107091
107056
107018
106977
106934
106887
106837
106784
106728
106668
106605
106538
106466
106391
106310
106225
106134
106038
105936
105828
105714
105593
105466
105333
105193
105047
104895
104738
104576
104410
104239
104063
103885
103705
103524
103342
103159
102977
102794
102613
102432
102252
102072
101891
101708
101522
101332
101136
100932
100719
100497
100267
100027
99777.6
99517.3
99245.9
98962.6
98666.7
98357
98033.6
97699.8
97360.2
97019.2
96679.9
96344.5
96020.5
95706.2
95406.2
95125.1
94867.5
94638.2
94441.1
94279.3
94155.3
94070.3
94024.7
94017.9
94049.8
94121.3
94231.7
94387.3
94575.9
94797
95047.9
95329.2
95637
95970
96326.9
96701
97093.7
97474.5
97850
98232.9
98624.7
99027.6
99450.2
99886.3
100333
100798
101304
101849
102426
103038
103695
104383
105088
105811
106555
107327
108137
108990
109896
110851
111852
112899
113994
115122
116278
117447
118633
119792
120987
122174
123362
124557
125741
126915
128074
129211
130327
131418
132459
133461
134417
135337
136221
137097
137959
138799
139576
140271
140878
141381
141861
142260
142609
142928
143129
143120
142891
142516
141947
141094
139974
138527
136724
134685
132564
107226
107263
107296
107326
107352
107375
107394
107409
107421
107430
107435
107437
107434
107428
107419
107406
107389
107370
107347
107322
107293
107261
107227
107189
107148
107105
107059
107009
106957
106901
106842
106779
106713
106642
106568
106489
106405
106317
106223
106123
106018
105906
105788
105664
105534
105397
105253
105104
104948
104787
104621
104451
104276
104097
103915
103732
103547
103361
103175
102989
102804
102619
102435
102252
102069
101885
101700
101512
101320
101121
100915
100700
100477
100244
100002
99749.3
99486.2
99211.9
98925.1
98625.2
98311.5
97984.9
97648.8
97307.2
96963.1
96621.8
96283.6
95955.5
95639.2
95337.2
95053.9
94794.1
94562.3
94362.2
94197.2
94069.9
93981.5
93932.4
93922.9
93952.8
94022.2
94131.4
94283.5
94470.6
94690.8
94942
95223.5
95531.6
95863.6
96217.5
96592.1
96983.5
97363.2
97740.9
98125.5
98520.8
98924.7
99345.6
99782.4
100232
100701
101207
101753
102333
102948
103605
104297
105008
105737
106489
107269
108087
108949
109863
110827
111840
112898
114005
115145
116313
117493
118702
119872
121083
122286
123488
124698
125895
127083
128257
129409
130541
131645
132704
133721
134695
135635
136543
137439
138316
139164
139947
140655
141271
141791
142277
142684
143037
143350
143537
143516
143278
142867
142249
141348
140184
138689
136861
134797
132652
107324
107360
107393
107422
107447
107469
107487
107502
107513
107520
107525
107526
107522
107515
107504
107490
107472
107452
107428
107401
107371
107338
107302
107263
107221
107176
107128
107077
107023
106966
106905
106841
106773
106701
106624
106544
106458
106368
106272
106170
106063
105950
105830
105704
105571
105432
105287
105135
104977
104814
104646
104474
104297
104116
103932
103747
103560
103372
103184
102996
102809
102623
102437
102253
102068
101882
101695
101506
101313
101113
100906
100690
100465
100231
99987.5
99733.4
99468.7
99192.4
98903.6
98601.4
98285.7
97957.5
97620.3
97277.3
96932.1
96588.8
96249.7
95920
95601.8
95298.5
95014.2
94753.2
94520.1
94318.7
94152.3
94023.3
93933.3
93882.7
93871.7
93900.5
93969
94077.7
94227.7
94413.8
94633.4
94884.8
95166.3
95474.3
95805.7
96157.8
96530.1
96920.9
97302
97682.1
98068.1
98464.2
98869
99289.5
99726.4
100177
100649
101155
101701
102282
102898
103556
104249
104962
105696
106452
107236
108059
108926
109845
110814
111831
112896
114010
115156
116331
117517
118740
119917
121135
122348
123558
124776
125982
127177
128361
129521
130662
131774
132842
133868
134853
135804
136723
137628
138512
139365
140153
140868
141488
142018
142504
142912
143268
143573
143748
143719
143477
143045
142405
141481
140293
138774
136931
134853
132698
107365
107401
107433
107461
107487
107508
107526
107540
107550
107557
107562
107563
107559
107551
107540
107525
107507
107486
107461
107434
107403
107370
107333
107293
107251
107206
107157
107106
107051
106993
106932
106867
106798
106725
106648
106566
106480
106389
106292
106190
106082
105968
105847
105720
105587
105447
105301
105148
104990
104826
104657
104483
104305
104124
103939
103753
103565
103377
103188
102999
102811
102624
102438
102253
102067
101881
101694
101504
101310
101109
100902
100685
100460
100226
99981.3
99726.5
99461
99184
98894.2
98591.3
98274.7
97945.9
97608.1
97264.6
96919
96575
96235.6
95905.5
95586.4
95282.5
94997.6
94736.1
94502.6
94300.7
94133.7
94004.2
93913.6
93862.4
93851
93879.4
93947.6
94056.2
94205.5
94391.2
94610.6
94861.9
95143.2
95451.1
95782.3
96133.9
96505.3
96895.8
97277.4
97658.3
98044.8
98441
98846.3
99266.8
99703.7
100155
100627
101134
101680
102261
102878
103536
104228
104943
105678
106435
107222
108046
108915
109836
110807
111827
112894
114011
115160
116337
117525
118754
119933
121155
122373
123585
124807
126015
127215
128401
129565
130710
131825
132897
133927
134917
135871
136795
137703
138590
139445
140235
140953
141574
142107
142592
142999
143356
143657
143826
143794
143550
143112
142464
141533
140335
138806
136956
134873
132714
76318.5
76165.1
76117.1
76153.4
76260.9
76499.1
76881.7
77419.1
78076.4
78806.2
79557
80247.4
80880.1
81497.2
82180.8
83122.4
84594.1
86437.5
88619
90750.3
92449.7
93726.5
94529.6
95228.9
95799.4
76335.2
76193.2
76154.5
76185.8
76302.3
76544.1
76938.8
77482.4
78141.2
78872.7
79627.7
80319.1
80954.4
81571.6
82256.4
83204.9
84672.8
86518.5
88712.1
90834.7
92514.7
93778.9
94558.6
95253.2
95822
76386.9
76261.8
76246.7
76288.5
76408.1
76660.1
77071.9
77622.3
78289.8
79026.6
79787.1
80469.7
81098
81716.6
82391.4
83336.2
84791.8
86634.4
88820.7
90920.7
92573.8
93821.4
94584
95275
95856.9
76478.1
76381.5
76383.8
76440.9
76562.4
76830.2
77263.5
77823.1
78499.4
79239.6
80005.3
80682.5
81305.1
81921.9
82585.8
83522.8
84959
86794.8
88960.2
91030.4
92655.7
93871.6
94618.5
95305.4
95916.7
76655.8
76545.3
76546.4
76628.8
76764.9
77038.2
77508.6
78088.8
78774.3
79520.3
80291.8
80967.7
81584.1
82199.5
82846.1
83766.3
85180.1
86996.7
89133.3
91163.4
92755.1
93934
94661.4
95342.3
95976
76840.9
76723.3
76734.2
76848.6
77004.3
77311.4
77824.4
78424.3
79119.4
79874.3
80652.9
81331.6
81941.3
82554.6
83177.3
84066.7
85455.7
87232.6
89341.8
91318.4
92870.8
94008.4
94712.7
95386.9
96040.3
76976.3
76919.1
76960.4
77100.3
77317.6
77677
78221.5
78828.4
79534
80301.9
81089.1
81775.2
82379
82987.6
83584
84428.4
85784.9
87505.3
89586
91495.9
93001.3
94089.9
94777.2
95440.1
96108.5
77189.3
77161.2
77232.8
77384.7
77672.2
78126.6
78675.5
79283.7
80011.1
80801.3
81599.5
82298.5
82897.3
83496.1
84069.2
84858.9
86168.3
87829.8
89846
91695.8
93145.4
94182.3
94850.9
95500.5
96180.4
77459.9
77444.1
77543.2
77707.9
78032.4
78529.4
79104.7
79761.7
80541.3
81367.4
82181.9
82900.2
83496.1
84076.4
84635.5
85367.1
86604.9
88205.8
90123.3
91916
93302.4
94286.1
94932.8
95567.2
96254.9
77754.2
77781.4
77898.6
78075.9
78417.4
78905.7
79550.6
80271.7
81121.8
81996.7
82834.5
83579.4
84175.6
84725.5
85276.2
85946
87089.1
88619.4
90428.3
92154.3
93472
94400.3
95022.6
95639.4
96331.5
78136.5
78174
78292.2
78490.6
78867.2
79386.2
80043.4
80836
81760
82690.2
83557.7
84337.3
84933.2
85440.1
85962.1
86580.3
87612
89060.3
90764
92408.5
93653.5
94523.7
95119.8
95716.4
96409.4
78559.5
78605.7
78735.4
78952.3
79374.5
79957
80617.3
81476.5
82468.4
83452.5
84352.9
85174.3
85764.6
86216.9
86665.6
87218.3
88167.8
89529.4
91127.9
92676.8
93845.3
94654.9
95224.2
95796.9
96487.9
79002.2
79099.5
79242.6
79470.5
79913.4
80515.5
81279.7
82212.7
83258.4
84286.9
85223.7
86088.8
86672.1
87051.4
87383.5
87897.7
88756.5
90030.6
91516.1
92957.4
94045.7
94793
95335.2
95880.1
96566.5
79520.7
79646.6
79807.1
80073.9
80575.2
81266.2
82084.2
83061.1
84135.3
85196.3
86174.8
87086.7
87651.8
87937.8
88173.7
88647.4
89368.5
90560.9
91925.9
93248.9
94252.9
94936.8
95452.1
95964.9
96644.6
80097.1
80231.8
80429.2
80772.4
81372.6
82147.7
83012
84018.9
85097.2
86185.5
87213.6
88171.5
88681.2
88869
89036.7
89428
89994.3
91119.5
92355.3
93550
94465.8
95085.1
95573.9
96050.7
96721.8
80716.4
80884.5
81129.1
81579
82258.3
83116.5
84017.2
85057.3
86138.3
87262.4
88348
89326.3
89735.7
89859.5
89952.7
90204.6
90656
91714.6
92803.1
93861
94683.5
95236.3
95699.9
96137
96797.7
81416.8
81626.8
81952.9
82505.3
83209.4
84127.3
85065.7
86152.2
87260.9
88429.8
89572.4
90523.6
90812.4
90924.4
90911.5
91014.7
91392.1
92333.9
93263.4
94180.6
94905.2
95390.2
95828.8
96223.2
96872
82175.9
82447.7
82874.7
83482.1
84201.4
85168.3
86177.2
87317.9
88476.2
89684
90872
91775.6
91965.6
92051.2
91899.5
91892.1
92154.4
92946.3
93731.9
94505.9
95130
95547.1
95959
96309.1
96944.3
82990.8
83341
83819.1
84532.9
85341.6
86372.5
87444.6
88614.6
89824.6
91067.1
92288
93136.5
93273.9
93243.2
92949.3
92843.7
92930.8
93581.7
94237.3
94858.6
95373.5
95721.5
96099.9
96403.1
97022.5
83869.9
84272
84958.4
85792
86666
87762.9
88870.8
90060.1
91316.4
92592.2
93817.2
94588.2
94705.8
94466.7
94059.3
93846.6
93751.3
94254.4
94773.6
95237.5
95633.8
95915
96247.6
96502.8
97103.7
84887.7
85391.3
86226.9
87168.2
88132.2
89294
90413.2
91620.2
92909.8
94203.7
95384
96023.9
96110.8
95679.8
95185.6
94872.4
94656
94928.8
95299.4
95618.1
95894
96114.5
96389.9
96599.6
97180.3
86003.7
86611.5
87608.9
88646.2
89716.6
90940.1
92057.1
93291.2
94605.4
95896.2
96991.1
97423.5
97460.3
96901.8
96327.9
95913.3
95598.4
95588.9
95805.5
95987
96153
96315.5
96526.9
96693.2
97251.1
87205.3
87928.8
89088.6
90220.2
91399.3
92674.4
93817.5
95073.1
96413.3
97691.4
98669.9
98823.6
98782
98140.8
97481.6
96954.5
96563.4
96235.4
96292.9
96343.8
96409.7
96508.5
96662.1
96784.1
97314.8
88516.1
89355
90663.6
91884.9
93165.2
94483
95691.5
96956.7
98307.2
99557.6
100391
100274
100108
99393
98637.8
97985.8
97452.2
96883.4
96768.2
96690.5
96661.9
96689.9
96794.8
96872.8
97370.5
89930.7
90893.4
92329.7
93633.2
95004.1
96357.6
97659.5
98927.7
100238
101406
102053
101772
101447
100648
99782.8
98996.2
98284.7
97542.4
97235.6
97026.5
96906.8
96860.9
96922
96959.8
97418
91451
92548.6
94060.2
95457.7
96906.1
98286.3
99687.5
100963
102179
103174
103602
103286
102792
101891
100900
99970.7
99084.6
98197.5
97693
97352.4
97141.7
97024.2
97040.8
97045.4
97457.1
93083.4
94312.9
95862.1
97349.2
98857.1
100256
101724
103015
104113
104879
105083
104775
104129
103103
101970
100897
99852.9
98830.4
98135.1
97666.7
97364.4
97180.5
97149.8
97130.3
97487.6
94759
96246.7
97738.7
99279.7
100823
102225
103699
104987
105975
106522
106525
106190
105401
104239
102962
101748
100574
99411
98547.5
97960.1
97564.8
97324
97246.2
97210.4
97509.4
96437.7
98186.4
99667.9
101233
102786
104177
105600
106838
107718
108092
107940
107514
106582
105292
103875
102524
101234
99937.4
98943.1
98228
97748.3
97454.3
97335.1
97280.5
97525.7
98127.3
99966.6
101605
103207
104761
106122
107454
108587
109344
109584
109316
108748
107683
106280
104732
103247
101834
100423
99299.1
98481.8
97921.6
97574.9
97419.9
97342
97539.6
99901.3
101658
103527
105193
106734
108050
109256
110243
110857
110979
110607
109881
108703
107202
105530
103916
102386
100869
99627.6
98723.3
98084.1
97686
97498.8
97395.7
97537.1
101802
103527
105481
107163
108682
109954
111014
111812
112274
112274
111785
110917
109646
108057
106268
104529
102890
101272
99927.7
98948.9
98235.9
97788.6
97571.1
97443.2
97530.4
103832
105584
107462
109096
110573
111813
112750
113300
113601
113467
112854
111863
110510
108836
106938
105082
103343
101632
100199
99152.1
98376.8
97883.5
97636.7
97486.3
97536.6
105946
107669
109394
110976
112365
113549
114375
114727
114836
114551
113813
112717
111285
109527
107530
105572
103743
101948
100439
99329.3
98505.7
97970.7
97695.8
97525.8
97550.9
108202
109792
111376
112868
114140
115165
115841
116127
116041
115580
114710
113510
111991
110145
108059
106014
104102
102232
100658
99486.7
98623.7
98051.7
97749.5
97562.7
97568.8
110508
111930
113400
114704
115810
116617
117126
117377
117150
116520
115513
114200
112586
110658
108503
106391
104409
102475
100849
99624.6
98727.6
98125
97797.3
97596.7
97589
112724
113981
115260
116359
117288
117889
118270
118405
118055
117277
116142
114725
113029
111040
108842
106688
104651
102669
101009
99742.7
98816.2
98189.4
97839
97627.9
97609.6
114878
115947
116938
117849
118615
119015
119288
119255
118747
117825
116578
115079
113323
111291
109074
106903
104828
102818
101138
99842.7
98892
98245.2
97875.4
97656.1
97629.3
116938
117818
118503
119196
119723
119998
120136
119920
119234
118165
116823
115268
113470
111412
109202
107038
104940
102922
101239
99927.1
98956.9
98293
97907.3
97681.3
97647.1
118859
119565
120028
120420
120679
120811
120765
120356
119493
118289
116877
115289
113462
111402
109228
107093
104992
102988
101314
99996.3
99011.9
98333.7
97935.2
97703.2
97661.8
120611
121130
121407
121518
121453
121383
121105
120501
119485
118182
116736
115133
113298
111268
109160
107073
104989
103019
101368
100052
99058.2
98368.2
97959.8
97722.2
97673.2
122198
122482
122548
122401
122068
121685
121159
120360
119217
117858
116401
114797
112987
111029
109010
106986
104940
103022
101404
100095
99096.7
98397.3
97981.7
97738.4
97680.6
123642
123638
123439
123042
122460
121775
120995
119988
118727
117336
115879
114298
112559
110710
108791
106843
104854
103002
101426
100129
99128.5
98422
98001.6
97752.1
97684.2
124958
124631
124128
123467
122637
121680
120655
119433
118053
116645
115215
113697
112065
110337
108516
106654
104743
102969
101436
100154
99154.5
98442.8
98020
97763.6
97683.9
126226
125540
124707
123748
122644
121427
120149
118707
117208
115794
114426
113010
111498
109890
108178
106420
104608
102923
101438
100174
99177.6
98461.8
98039
97773.9
97680
127341
126298
125144
123877
122502
121041
119512
117887
116312
114906
113605
112298
110899
109410
107817
106169
104470
102872
101434
100189
99196.9
98478.3
98058.1
97781.1
97671.9
128193
126855
125434
123906
122299
120620
118882
117145
115548
114151
112889
111670
110364
108988
107505
105954
104354
102828
101429
100199
99211.3
98490.8
98074.5
97784.5
97662.8
128842
127277
125641
123896
122087
120219
118331
116535
114932
113540
112306
111148
109921
108640
107252
105783
104263
102795
101425
100207
99222.9
98500.8
98085.5
97787.9
97654.4
129334
127606
125794
123871
121888
119871
117893
116061
114452
113067
111858
110740
109577
108369
107057
105652
104195
102770
101423
100214
99232.5
98509
98093.5
97790
97647.8
129703
127866
125910
123840
121715
119596
117565
115709
114092
112715
111525
110436
109322
108167
106912
105558
104147
102753
101422
100220
99240.6
98515.8
98099.4
97791.2
97643.6
129992
128064
125998
123808
121578
119397
117333
115458
113835
112462
111286
110218
109139
108024
106809
105493
104114
102742
101423
100226
99247.7
98521.5
98103.5
97792
97641.5
130216
128218
126063
123779
121484
119266
117178
115287
113657
112287
111121
110068
109014
107926
106740
105449
104093
102736
101425
100232
99254
98526.3
98105.8
97793.1
97640.9
130384
128331
126110
123763
121430
119189
117082
115178
113542
112172
111012
109969
108933
107863
106696
105423
104080
102734
101429
100238
99259.5
98530.4
98108.1
97793.6
97640.7
130506
128410
126149
123763
121409
119151
117029
115115
113473
112101
110945
109909
108884
107825
106670
105408
104075
102736
101434
100244
99264.5
98534.1
98110.2
97794
97640.6
130591
128469
126188
123777
121411
119140
117007
115085
113437
112063
110908
109875
108857
107805
106657
105402
104075
102740
101440
100249
99269.1
98537.4
98112.2
97794.5
97640.1
130651
128516
126223
123803
121426
119146
117005
115077
113424
112048
110892
109861
108846
107798
106655
105403
104079
102745
101446
100255
99273.4
98540.5
98114.2
97795.8
97639.4
130692
128555
126257
123834
121452
119166
117020
115087
113429
112049
110891
109861
108847
107801
106659
105409
104086
102753
101453
100261
99277.8
98543.3
98115.9
97796.3
97636
)
;

boundaryField
{
    inlet
    {
        type            zeroGradient;
    }
    outlet
    {
        type            waveTransmissive;
        phi             phi;
        rho             rho;
        psi             psi;
        gamma           1.3;
        fieldInf        100000;
        lInf            0.3;
        value           nonuniform List<scalar> 
57
(
96292.5
96328.3
96375.5
96445.1
96514.4
96572.3
96633.7
96696
96759.5
96824.2
96889.6
96955.2
97020.8
97086.4
97152.1
97218
97284.1
97350.5
97423.7
97504
97583
97659.1
97731
97797.9
97859
97913.6
97960.3
97997.1
98024.9
98036.1
98044.1
98039
98039.3
98047
98061.7
98080.6
98103
98127.2
98152.3
98177.2
98201.5
98224.6
98246.5
98267.4
98289.2
98310.1
98326.5
98338.8
98348
98353.6
98356.4
98357.2
98356.7
98355.5
98354.2
98352.5
98348.7
)
;
    }
    upperWall
    {
        type            zeroGradient;
    }
    lowerWall
    {
        type            zeroGradient;
    }
    frontAndBack
    {
        type            empty;
    }
}


// ************************************************************************* //
