/*--------------------------------*- C++ -*----------------------------------*\
| =========                 |                                                 |
| \\      /  F ield         | OpenFOAM: The Open Source CFD Toolbox           |
|  \\    /   O peration     | Version:  dev                                   |
|   \\  /    A nd           | Web:      http://www.openfoam.org               |
|    \\/     M anipulation  |                                                 |
\*---------------------------------------------------------------------------*/
FoamFile
{
    version     2.0;
    format      ascii;
    class       volScalarField;
    object      p_0;
    location    "9.117";
}
// * * * * * * * * * * * * * * * * * * * * * * * * * * * * * * * * * * * * * //

dimensions      [1 -1 -2 0 0 0 0];

internalField   nonuniform List<scalar> 
12225
(
84702.9
84760.1
84912.5
85137
85408.9
85716.5
86045.2
86388.7
86734.7
87083.9
87423.4
87766.6
88087.7
88438.8
88737.1
89120.8
89455.6
89771.4
84709.3
84770.8
84923.7
85148.1
85420
85727.3
86056.1
86399.2
86745.3
87094
87433.7
87775.9
88098.9
88443.9
88748.6
89119.2
89448.1
89781.9
84732
84796.9
84950.5
85174.6
85446.1
85753.2
86081.6
86424.4
86770.1
87118.3
87457.8
87798.5
88122.9
88460.2
88769.6
89117.6
89438.8
89761
84774
84843.1
84997.3
85220.9
85491.7
85798.3
86126.3
86468.5
86813.7
87161
87499.9
87838.5
88162.9
88492.3
88803
89132.1
89447.8
89750.3
84844.9
84915.5
85069.9
85292.4
85562.4
85868.3
86195.6
86536.8
86881.4
87227.1
87565.3
87900.7
88224.5
88546
88858.1
89173.4
89478.3
89771.4
84949.7
85021.5
85175.1
85396.4
85665.2
85970.1
86296
86635.9
86979.2
87323.1
87660.2
87992.4
88314.6
88630.9
88941.6
89245.5
89538.5
89806.8
85096.4
85169.8
85321.8
85541.6
85808.9
86112.2
86436.4
86774.6
87115.9
87457.8
87793.2
88122
88441.6
88752.7
89057.9
89349.1
89627.7
89882.8
85265.4
85340.1
85490.7
85708.9
85974.6
86276.1
86598.4
86934.6
87274.1
87613.5
87947
88271.9
88588.6
88894.7
89192.3
89473.6
89740.5
89987.4
85452.8
85525.7
85674.6
85891.2
86155.2
86454.4
86774.9
87108.7
87446.3
87783
88114.1
88435.7
88749.1
89049.6
89339.9
89613.2
89871.6
90111.6
85707
85774.5
85921
86135.3
86396.7
86693
87011
87341.8
87676.7
88010.1
88337.9
88655.5
88964
89258.3
89540.7
89806.7
90056.8
90288.8
86045.1
86108.2
86252.2
86463.1
86720.8
87013.4
87327.9
87654.7
87985.9
88315.1
88638.5
88951
89253.1
89540.8
89815.2
90073.5
90314.9
90539.2
86497.4
86556
86697.3
86903.2
87156.5
87443.8
87753.4
88074.8
88400.9
88724.3
89041.6
89347.8
89642.7
89923
90189.1
90439
90672
90888.6
87099.3
87156.2
87293.8
87493.4
87741
88021.2
88323.9
88637.8
88956.5
89272.4
89581.8
89880.6
90167
90439
90695.9
90936.9
91161.6
91370.5
87897.3
87958.4
88091.5
88283.8
88522.9
88793.5
89086.4
89390.4
89699.2
90005.3
90304.9
90594
90870.4
91132.4
91379.3
91610.9
91826.7
92027.4
88978.6
89029.6
89155.1
89338
89565.4
89823.3
90102.6
90393.4
90688.6
90981.7
91268.4
91545
91809
92059
92294.4
92515.1
92720.7
92912.2
90393.5
90445.7
90564.2
90735.1
90946.7
91187.3
91448.2
91720.8
91997.8
92273.4
92542.9
92802.9
93051.2
93286.3
93507.6
93715
93908.4
94088.6
92249
92297.9
92407.8
92563.9
92755.4
92973.3
93210
93458.1
93710.7
93962.5
94209.1
94447.4
94675
94890.6
95093.6
95284.1
95461.5
95627
94447.9
94498.5
94599.1
94737.9
94906.5
95098.1
95306.6
95525.4
95748.5
95971.5
96190.4
96402.1
96604.5
96796.4
96977.2
97146.7
97304.8
97452.5
96641.5
96692.4
96784.6
96907.3
97054.6
97221.4
97402.4
97592.4
97786.6
97980.7
98171.5
98356.2
98532.9
98700.5
98858.5
99006.7
99145
99274.1
98599.1
98647.2
98730.5
98839.2
98968.4
99114.1
99271.8
99437.1
99606.1
99775
99940.9
100102
100255
100401
100539
100667
100788
100899
100276
100317
100392
100489
100604
100732
100871
101016
101165
101313
101458
101598
101732
101860
101979
102091
102195
102292
101640
101686
101757
101846
101950
102065
102190
102319
102451
102582
102711
102835
102953
103065
103170
103268
103358
103442
102729
102774
102842
102925
103021
103127
103240
103358
103477
103595
103711
103822
103928
104027
104121
104207
104287
104360
103558
103610
103676
103754
103845
103944
104049
104158
104268
104377
104482
104584
104680
104770
104854
104932
105003
105069
104180
104232
104296
104371
104457
104552
104652
104754
104858
104959
105058
105152
105241
105324
105402
105473
105538
105597
104628
104678
104739
104812
104896
104987
105083
105181
105280
105377
105470
105559
105643
105721
105794
105860
105921
105976
104938
104983
105041
105112
105194
105283
105376
105472
105568
105662
105752
105837
105918
105992
106061
106124
106182
106235
105133
105176
105232
105302
105383
105471
105563
105657
105751
105843
105931
106014
106093
106165
106232
106293
106349
106400
105247
105284
105338
105408
105489
105577
105668
105762
105854
105945
106032
106114
106191
106262
106328
106388
106443
106492
105298
105330
105383
105453
105533
105621
105712
105805
105898
105988
106074
106156
106232
106303
106368
106427
106481
106530
111042
111037
111023
111002
110972
110936
110893
110842
110784
110719
110646
110565
110476
110378
110270
110152
110023
109884
109733
109572
109400
109217
109023
108819
108603
108377
108141
107894
107637
107370
107090
106798
106497
106188
105870
105543
105206
104860
104505
104141
103769
103395
103017
102635
102247
101854
101476
101090
100709
100324
99940.5
99565.7
99196.7
98827
98460
98099.5
97742.9
97385.5
97026.6
96667.5
96308.6
95949.9
95591
95231.4
94870.3
94506.8
94140.1
93769.3
93393.3
93011.5
92623.1
92227.7
91824.8
91414.4
90996.6
90571.6
90140
89702.5
89260.1
88814.2
88366.2
87917.6
87470.3
87026.3
86587.8
86156.7
85735.1
85325.6
84930
84550.5
84189.1
83847.9
83528.6
83232.7
82961.8
82717.1
82499.3
82309.2
82147.3
82013.9
81908.4
81830.4
81779.2
81753.6
81752
81771.8
81810.4
81865.5
81935
82016.4
82107.2
82206.2
82312.5
82425
82542.6
82664.1
82789.9
82920.1
83055.7
83197.7
83345
83496.3
83657
83829.4
84014.7
84208
84401.7
84592.5
84784
84981.9
85194.7
85428.9
85685.8
85961.9
86249.3
86542.6
86843.3
87152.9
87468
87784.1
88095.3
88405.2
88708.8
88985.3
89261.9
89504.1
89712.2
89886.8
90023.6
90109.5
90144.1
90128.7
90068.9
89970.2
89834.2
89663.4
89474.4
89276.6
89078.9
88888.7
88700.2
88512.7
88298.9
88056.7
87763.4
87395.8
87001.7
86503.2
85867.1
85168.5
84344.2
83448.4
82511.5
81586.1
80691.7
79775.5
78940.4
78245.8
77618.9
77191.2
110801
110795
110782
110762
110734
110700
110658
110609
110553
110490
110420
110342
110256
110162
110057
109942
109817
109680
109533
109375
109206
109026
108835
108633
108421
108198
107965
107722
107468
107204
106930
106647
106354
106054
105743
105419
105087
104747
104398
104040
103676
103308
102937
102559
102172
101784
101401
101022
100650
100278
99900.8
99540.1
99179.3
98814.4
98450.1
98091.2
97736.4
97382.3
97028.1
96674.1
96320.6
95967.1
95613.4
95258.9
94902.6
94543.9
94181.7
93815.2
93443.5
93065.7
92681.2
92289.4
91890.1
91483.1
91068.5
90646.7
90218.2
89783.7
89344.3
88901.1
88455.7
88009.5
87564.5
87122.7
86686.3
86257.3
85837.7
85430
85036.2
84658.2
84298.1
83958.2
83640
83345.1
83075
82830.9
82613.7
82423.8
82262.1
82128.7
82022.9
81944.3
81892.1
81865.4
81862.8
81881.9
81919.9
81974
82042.2
82122.2
82212.1
82310.2
82415.7
82527.7
82645.3
82767
82892.2
83021.7
83156.3
83297.9
83444.3
83592.1
83750.5
83919
84104.1
84298.3
84490.7
84677.3
84863.6
85054.6
85261.1
85491.1
85746.3
86020.8
86304.7
86592.6
86887.9
87194.1
87505.4
87813.8
88114.7
88422.7
88721.9
88989
89261.1
89502.5
89706
89876.1
90007.4
90088.5
90118.1
90097
90033.3
89931.5
89794.5
89620.8
89429.7
89230.4
89031.5
88840.6
88653.7
88467.2
88252.8
88010.1
87718.7
87341.9
86958.1
86470.7
85839.5
85153.8
84332.3
83448
82516.6
81594.6
80713.8
79798.4
78958.4
78258.7
77652.5
77220.7
110340
110333
110320
110301
110275
110243
110204
110158
110106
110047
109983
109910
109830
109741
109641
109531
109409
109277
109134
108981
108817
108643
108458
108262
108056
107840
107613
107378
107133
106879
106616
106343
106062
105771
105472
105165
104848
104520
104182
103836
103486
103134
102776
102404
102022
101646
101281
100923
100563
100200
99838.3
99483.8
99131.3
98778
98425.1
98074.3
97726.1
97379.8
97034.9
96690.8
96347.4
96004
95660.3
95315.4
94968.6
94618.9
94265.3
93907.2
93543.6
93173.6
92796.6
92412.1
92019.7
91619.4
91211.2
90795.7
90373.2
89944.6
89510.8
89073.1
88632.9
88191.8
87751.5
87314.2
86882.1
86457.3
86041.6
85637.6
85247.6
84873.2
84516.5
84179.7
83864.3
83572
83304.2
83062.2
82846.5
82658
82497.1
82363.9
82258.1
82178.7
82124.7
82095.4
82089.7
82105.8
82141.1
82192.6
82257.8
82334.8
82421.9
82517.5
82620.5
82729.8
82846.3
82969.7
83096.8
83226.7
83360.5
83501.7
83647.1
83792.7
83940.3
84102
84284.3
84476.4
84664.9
84845.2
85022.8
85204.8
85402.4
85625
85873.7
86140.9
86415
86690.4
86978
87276.7
87576.2
87874.1
88156.4
88460.1
88756.1
89010.3
89272
89501.1
89693.2
89850.3
89973.5
90044.3
90065.8
90035.2
89962.5
89853.1
89707
89532.3
89337.3
89135.2
88933.3
88740.8
88554.1
88370.6
88154
87912.8
87629.8
87245.1
86865.9
86390.7
85783.9
85114.7
84302.3
83437.6
82525.5
81614.1
80749.8
79840.4
79004.1
78300.1
77715.6
77285.2
109681
109675
109662
109643
109619
109588
109551
109509
109461
109408
109348
109280
109203
109117
109021
108915
108799
108673
108536
108391
108235
108069
107893
107708
107512
107307
107094
106872
106642
106403
106156
105898
105634
105361
105079
104789
104490
104181
103863
103541
103214
102880
102532
102171
101812
101466
101126
100783
100437
100092
99746.8
99403.1
99061.4
98721.4
98383.4
98047.3
97713.2
97380.8
97049.9
96720.2
96391.1
96062
95732.2
95401
95067.5
94730.6
94389.6
94043.4
93691.5
93332.9
92966.7
92592.8
92210.5
91820
91421.2
91014.6
90601
90180.8
89755.1
89325.2
88892.4
88458.3
88025
87594.2
87168.1
86748.8
86338.7
85939.9
85554.8
85185.2
84833.2
84500.8
84189.8
83901.8
83638
83399.6
83187.7
83002.4
82844.3
82713
82608.1
82529.3
82475
82443.9
82433.9
82444.8
82474.5
82520.7
82581.7
82654.9
82736.9
82827.5
82927.6
83034.8
83147.2
83266.4
83392.5
83524.2
83659.4
83799.4
83943.4
84085.7
84224.5
84374
84546.4
84730.2
84911.5
85083.8
85252
85424
85612.9
85826.7
86065.1
86320
86579.1
86841.8
87117.3
87400
87681.4
87962
88239.3
88530.1
88806.4
89050.5
89287.9
89500
89675.2
89817.2
89921.3
89980.2
89988.1
89948.9
89862
89740.5
89582.6
89399.5
89197.1
88991.8
88787.9
88593.4
88404.9
88226
88007.6
87774
87502.6
87117
86737
86278.3
85700.6
85053.3
84257.7
83415.9
82538.5
81648.4
80811.8
79892.4
79088.5
78378.7
77818.6
77395.1
108846
108840
108829
108811
108788
108760
108727
108688
108643
108591
108532
108465
108391
108310
108221
108123
108015
107897
107771
107635
107489
107334
107170
106998
106817
106627
106429
106224
106015
105794
105564
105328
105085
104834
104574
104306
104031
103748
103459
103163
102857
102539
102211
101880
101555
101239
100922
100596
100270
99944.2
99618.3
99293.7
98970.3
98648.7
98329.5
98012.6
97697.6
97384.4
97072.5
96761.5
96450.9
96139.9
95827.9
95514
95197.4
94877.2
94552.2
94221.6
93884.7
93540.7
93188.9
92828.7
92460
92082.5
91696.3
91301.9
90900.1
90491.3
90076.5
89657
89234
88809.4
88384.9
87962.6
87544.5
87132.5
86729.2
86336.8
85957.4
85593.4
85246.6
84919
84612.5
84328.7
84069.1
83834.6
83626.8
83445.4
83291.4
83164
83062.7
82987.3
82934.6
82904.1
82892.9
82900
82924.3
82964.7
83018.7
83085.6
83163
83248
83341.8
83445
83552.7
83663.6
83782.2
83908.5
84042.6
84180.2
84322.2
84462.6
84595
84731.7
84888.4
85055.8
85223.8
85387.4
85546.1
85708.6
85887.9
86091.2
86317
86556.9
86799.9
87048.3
87305.7
87564.4
87824.1
88085.4
88350.2
88618.9
88871.4
89098.5
89310.8
89500.9
89654.1
89774.8
89859.1
89900.9
89891.9
89835.2
89734.8
89598
89428.3
89233.6
89020.3
88806.9
88596.6
88399.7
88208.8
88034.2
87812.2
87590.3
87334.8
86942.8
86601.7
86141.4
85587.6
84963.2
84184
83371.8
82543.2
81692.1
80869.5
79978.5
79203.6
78493.7
77980.1
77552.4
107858
107854
107844
107829
107809
107785
107754
107717
107673
107622
107565
107503
107437
107364
107283
107193
107093
106985
106869
106743
106608
106465
106315
106159
105996
105826
105648
105463
105270
105074
104868
104656
104436
104208
103973
103732
103486
103230
102966
102693
102414
102124
101832
101539
101249
100960
100664
100363
100061
99759.5
99457.8
99157.5
98858.3
98561.1
98265.8
97972.5
97681
97390.9
97102
96813.6
96525.1
96235.8
95945.1
95652
95355.7
95055.3
94749.7
94438
94119.4
93793.1
93458.6
93115.3
92762.9
92401.5
92030.9
91651.7
91264.5
90870.1
90469.2
90063.1
89653.2
89241.1
88828.4
88416.9
88009.3
87607.2
87212.8
86828.7
86456.9
86099.6
85759.2
85437.1
85135.8
84856
84600.9
84369.7
84165.4
83987.4
83835.9
83712.3
83614.1
83542.1
83493.2
83466
83457.1
83464.7
83487.5
83523.4
83572
83633.5
83703.6
83778.8
83863.9
83959.7
84058.5
84161.7
84270.4
84385.1
84510.3
84640.1
84776.1
84917.6
85050.4
85176.4
85312
85456
85607.2
85759.6
85909.4
86061.1
86228.2
86417.7
86627.4
86849.8
87074.8
87303.4
87536.8
87771
88006.8
88244.7
88489.6
88729
88956
89159.3
89341.2
89501.8
89630.7
89727
89787.3
89806.9
89778.4
89701.5
89582.6
89428.7
89243.8
89038.5
88815.6
88592.5
88372.9
88168.7
87972.3
87806
87579.7
87366.6
87129.7
86742
86438.3
85980.8
85446.3
84849.3
84103.1
83323.5
82537.1
81740
80944.1
80093.7
79338.7
78645.2
78153.4
77728.6
106744
106742
106735
106723
106706
106685
106657
106623
106583
106537
106486
106430
106368
106298
106221
106138
106047
105950
105847
105736
105617
105491
105360
105223
105080
104930
104773
104610
104441
104265
104084
103895
103698
103495
103286
103074
102856
102630
102394
102152
101906
101655
101405
101148
100890
100629
100361
100088
99816.2
99543.1
99270.6
98999.1
98728.6
98460
98192.9
97927.3
97663
97399.9
97137.3
96874.8
96611.9
96347.7
96081.5
95812.6
95540
95262.7
94979.6
94689.9
94392.8
94087.3
93773
93449.7
93116.5
92773.8
92421.3
92059.8
91689.8
91312.1
90927.6
90537.3
90142.9
89745.8
89347.6
88949.9
88555.3
88165.6
87783.1
87409.8
87048.2
86700.1
86368
86053.2
85758.7
85484.6
85234.2
85007.9
84806.4
84632.3
84483.5
84361.8
84265.8
84195.3
84148.2
84122.6
84116.2
84125.1
84150
84186.4
84232.4
84289.9
84353.9
84419.3
84496.7
84583.3
84666.5
84758.4
84859.2
84964.4
85076.8
85189.2
85309.5
85445.5
85584.7
85706
85819
85937.1
86070.1
86209.1
86347
86484.1
86634.5
86806
86996.3
87197.4
87399.3
87603.5
87810
88019.8
88232.1
88445.4
88661.3
88871.6
89060.4
89230.6
89382.4
89510.5
89609.5
89677.4
89709.6
89704
89650.4
89549.9
89410.6
89236.6
89033.9
88812.8
88583.2
88353.6
88125.8
87911.7
87716.5
87533.7
87324.3
87115.7
86889.1
86517.7
86239.1
85799.4
85298
84721.6
84012.3
83271.5
82527.8
81787.3
81035
80228.1
79501.3
78826
78287.4
77900.9
105530
105530
105525
105517
105503
105485
105462
105433
105400
105361
105316
105264
105207
105143
105073
104998
104919
104837
104749
104657
104559
104455
104346
104230
104108
103979
103843
103701
103552
103397
103237
103071
102901
102724
102544
102360
102170
101974
101770
101563
101357
101148
100934
100711
100485
100255
100018
99779.4
99540.7
99300.6
99061.2
98822.2
98584.1
98347.3
98111.7
97877.1
97643.4
97410.3
97177.2
96943.7
96709.3
96473.3
96234.8
95993.1
95747
95495.7
95238.1
94973.2
94700.4
94418.9
94127.8
93827.3
93516.4
93195.4
92864.3
92523.2
92173.2
91814.7
91449.1
91077.1
90700.3
90320.1
89938.3
89556.6
89177.2
88801.9
88433.3
88073.5
87724.3
87388.5
87067
86762.5
86476.3
86210.2
85965.6
85745.1
85548.8
85378.4
85233.4
85114.5
85021.1
84952.1
84905.9
84878.5
84872.6
84881.4
84904.1
84940.7
84984.4
85035.1
85100.1
85159.2
85227.7
85302.7
85380.5
85458.9
85544.2
85639.7
85742.8
85838.9
85936.2
86053.9
86191
86313.5
86409.8
86502.7
86614.9
86738.7
86860.1
86979.9
87108.4
87257.6
87423.2
87598.8
87773.1
87949.3
88126.7
88309.6
88494.5
88678.2
88855.9
89019.3
89177.3
89317.3
89434.4
89527.1
89592.9
89629.1
89629.9
89594.1
89512.3
89386.3
89222.6
89027.4
88809.8
88571.8
88327.7
88088.4
87856.8
87634.3
87433
87244.1
87048.8
86845.8
86632.6
86261.9
86040.4
85618.3
85143.5
84570.2
83911.2
83209.8
82526.2
81834.8
81134.9
80380.2
79687.4
79039.7
78511.6
78151.3
104245
104246
104244
104238
104228
104214
104196
104174
104148
104117
104081
104039
103991
103938
103880
103819
103754
103686
103615
103542
103464
103380
103290
103193
103090
102982
102868
102748
102622
102489
102352
102210
102065
101917
101765
101609
101449
101284
101115
100948
100780
100606
100424
100236
100044
99847.5
99646.2
99444.8
99241.8
99037.8
98833.9
98630.2
98427.3
98225.1
98023.6
97822.6
97621.9
97421.1
97220
97018.2
96814.9
96609.7
96401.6
96189.6
95972.7
95750
95520.4
95283
95036.8
94781.6
94516.4
94241.2
93955.4
93658.8
93351.9
93034.5
92707.5
92371.4
92027.2
91676.4
91320.2
90960
90597.6
90234.2
89871.7
89512.6
89158.9
88814.3
88479.4
88158
87850.6
87558.6
87284.8
87028.4
86792.4
86579
86388.5
86223.2
86083.2
85968.2
85878.8
85810.6
85766
85738.2
85729.9
85737.8
85754.7
85787
85829.3
85871.5
85925.7
85988.8
86047.2
86109.7
86178.8
86250.2
86320.4
86396.8
86486.1
86576
86657.9
86748.8
86868.5
86990.5
87078.3
87150.5
87238.6
87344.3
87446.9
87549.5
87651.2
87773.4
87909.3
88053.9
88197.2
88342.3
88488.2
88638.3
88789.3
88937.1
89075.5
89200.3
89325.1
89420.1
89498.1
89553.9
89584
89585.2
89551.4
89479.7
89365.2
89207.9
89018.8
88799.1
88567.1
88319
88060.6
87807.6
87570
87344.3
87135.5
86944.7
86755.8
86559.9
86358.9
86018.1
85806.8
85424.7
84959.8
84394.4
83798.2
83153.2
82527.4
81882.5
81248.1
80568.3
79893.7
79315.2
78848.5
78489.3
102918
102921
102920
102916
102909
102900
102888
102872
102853
102830
102803
102772
102736
102697
102654
102609
102560
102507
102451
102392
102329
102261
102189
102112
102029
101942
101851
101754
101653
101547
101436
101321
101203
101082
100960
100835
100707
100577
100445
100313
100177
100035
99886.2
99733.7
99578.3
99418.3
99255.8
99092.3
98926.6
98760.2
98593.6
98427
98260.9
98095.1
97929.5
97763.8
97597.8
97431.3
97264.3
97096.1
96926.4
96754.2
96578.7
96398.8
96213.5
96021.8
95822.5
95615.1
95398
95171.3
94934.2
94686.5
94428.3
94158.5
93878
93586.6
93285.4
92974.8
92655
92327.5
91993.9
91656.4
91316.4
90975.7
90634.5
90295
89958.6
89629.8
89311.6
89003.9
88712.7
88435.3
88176.9
87934.3
87709
87506.5
87323.8
87164.4
87030.2
86919.4
86834
86769.6
86726
86700.9
86690.4
86694.7
86709.8
86733
86768.6
86809.1
86850.3
86901
86955.4
87004.7
87059.3
87121.4
87180.9
87238.9
87307.7
87389.2
87462.5
87530.4
87621.9
87733.7
87817.4
87874.8
87937.9
88022.1
88105.5
88190.1
88264.3
88352.7
88455.1
88563.4
88672
88782.3
88893.8
89006
89117.6
89226.8
89325.8
89411.3
89489.3
89541
89577.8
89595.6
89586.9
89549.2
89477.1
89367.6
89218.3
89029.7
88811.8
88570.2
88316
88056
87786.6
87520.6
87275
87045.6
86831.1
86638.8
86453.9
86264.5
86069.9
85770.1
85536.2
85211.9
84762
84217.2
83656
83093.6
82521.4
81936.2
81360.6
80809.4
80137.4
79649
79196
78837.3
101578
101583
101585
101585
101583
101578
101570
101559
101544
101528
101509
101488
101464
101437
101408
101376
101340
101301
101259
101214
101166
101116
101063
101007
100947
100883
100815
100743
100668
100589
100506
100420
100330
100239
100147
100054
99958.2
99862
99763.7
99662.8
99557.6
99448.4
99335.5
99220
99101.3
98979.3
98855.6
98729.8
98602.1
98473.9
98345.2
98216.4
98087.9
97959.3
97830.4
97701
97571.1
97440.5
97309.1
97176.4
97041.8
96904.4
96763.4
96617.6
96466.1
96307.6
96140.7
95965.1
95779.5
95583.1
95376.4
95158.3
94929.8
94689.5
94437.7
94174.5
93901.2
93618.5
93326.6
93025.8
92717.1
92403.9
92087.3
91770.7
91454.2
91139
90825.7
90515.7
90219.7
89926.4
89651.2
89389.8
89145.6
88919.5
88710.5
88521.1
88351.3
88201.2
88072.7
87966.7
87884.7
87825.6
87785
87761.3
87750.8
87752.3
87765.2
87783.8
87809.2
87842.5
87875.3
87910.9
87953.5
87995.5
88033.9
88078.8
88128.6
88171.8
88216
88279
88346.8
88398.5
88458.5
88547.4
88625.3
88670.8
88709.4
88769.5
88835.2
88897.8
88947.4
88995.8
89061.1
89129.1
89198.3
89269.9
89342.8
89414.3
89485.6
89552.3
89608.4
89650.8
89668.6
89689.6
89683.8
89658.2
89607.2
89527.6
89413.7
89263.3
89076
88855.8
88608.3
88344.8
88068.7
87789.2
87508.8
87233.4
86978.5
86744.6
86526.8
86331.6
86148.5
85965.3
85775.3
85510
85284.3
84979.5
84554.8
84052.1
83542.9
83040.3
82518.6
81985.9
81468.2
81019.1
80426.4
79980
79563
79249
100248
100255
100260
100263
100265
100264
100262
100257
100250
100241
100229
100216
100200
100183
100164
100143
100120
100096
100070
100041
100011
99979.2
99944.2
99907.1
99868
99826.1
99781.6
99734.5
99684.8
99632.6
99578.3
99521.6
99462.7
99403
99341.4
99278.5
99214.4
99148.8
99081.3
99011.5
98939
98863.9
98786.6
98706.8
98624.5
98539.7
98453.1
98364.6
98274.8
98184.2
98093.2
98002.3
97911.3
97820.1
97728.3
97636
97542.8
97448.7
97353.7
97257.7
97159.6
97058.2
96953
96842.7
96726.3
96602.6
96469.8
96327.4
96174.9
96010.3
95835.8
95649.7
95452.7
95244.3
95024.1
94791.9
94548.8
94295.9
94034.1
93763.5
93483.1
93199.8
92909
92617.1
92325.6
92035.7
91748.7
91464.2
91189.5
90920
90663.5
90420.7
90192.9
89983.1
89791.7
89617.9
89461.8
89324.8
89206.8
89109.1
89031.7
88975.4
88938
88915.8
88906.5
88906.4
88915
88931.5
88950.3
88972.9
88998.2
89022.2
89049.3
89079.9
89107.7
89133.1
89165.4
89197.2
89221.5
89256.4
89309.6
89349.3
89381.3
89436.8
89500.4
89534.8
89551.9
89584.6
89631
89669.5
89697.9
89706.3
89727.4
89752.5
89777.8
89806.7
89837.2
89865.3
89894.3
89917
89928.2
89921.7
89901.9
89870
89816.9
89744.7
89649.5
89523.1
89365
89172.6
88945.2
88691.1
88412.4
88124.4
87826.9
87527.9
87233.7
86947.5
86684.1
86446.5
86226.3
86029.4
85843.3
85668.7
85477.4
85248.6
85025.9
84738.9
84350.2
83905.1
83457.2
83025.1
82538.3
82035.8
81579.7
81116.1
80734.9
80303.6
79976.2
79736.1
98949.9
98958
98964.9
98970.7
98975.3
98979.2
98982
98983.1
98982.9
98981.4
98978.1
98973
98966.7
98959.8
98952
98943.8
98934.1
98922.6
98910.3
98896.1
98880.8
98864.7
98847.8
98829.9
98811.1
98791.1
98769.7
98746.7
98722.3
98696.3
98669.3
98641.1
98612.4
98582.9
98551.2
98518.4
98484.6
98449.2
98412.5
98374.1
98334.1
98292.3
98248.7
98203.3
98155.8
98106.5
98055.8
98003.6
97950.3
97896.5
97842.7
97788.8
97734.8
97680.7
97626.1
97570.4
97513.9
97456.4
97397.3
97339.3
97279
97213.2
97144.8
97070.4
96989.5
96901.7
96804
96696.1
96578.8
96444.7
96305.4
96153.1
95990.2
95815.3
95628.9
95429.8
95220
94999.4
94769.4
94530.5
94283.4
94030
93770.8
93508.7
93245.2
92982.6
92722.4
92465.7
92216.3
91973.9
91740.4
91520.1
91313.3
91122.3
90949
90792.3
90652.5
90530.2
90424.7
90338.1
90269
90216.9
90182.1
90161.5
90153.3
90152.2
90157.1
90167.8
90182.5
90198.9
90215.6
90231.3
90243.2
90255.2
90271
90281.8
90292.9
90311
90321.7
90328.9
90353.9
90380.3
90389.6
90407.3
90445.4
90466.2
90463.4
90466.2
90488.9
90502.8
90509.8
90485.4
90456.3
90433.3
90411.1
90393.9
90378.5
90362
90346.2
90321
90283.5
90230.5
90160.8
90075.2
89977.7
89858.9
89715.4
89541.4
89337.1
89100.8
88833.4
88543.1
88233.3
87918.8
87597.1
87278.9
86969.1
86670.8
86400.3
86156
85930.1
85735.2
85545.1
85377.9
85190.8
84986.8
84771.5
84503.7
84151.9
83771.5
83370.3
82999
82576.9
82126.2
81724.9
81299.9
81007.8
80681.4
80443.9
80259.7
97702.1
97711.7
97720.7
97729.6
97739
97748
97755.6
97762.1
97768.1
97773.2
97777.5
97781.7
97784.8
97787
97789.4
97791.4
97794.5
97797
97797.1
97797.2
97797.1
97796.9
97796.9
97797
97797.2
97797.5
97797.5
97797
97796.2
97795
97793.8
97792.7
97792
97789.8
97786.9
97783.4
97779.1
97773.7
97767.3
97759.7
97750.9
97740.8
97729.4
97716.4
97702.2
97686.8
97670.4
97653
97635.1
97616.8
97598.6
97580.6
97562.7
97544.7
97526.2
97506.9
97486.8
97465.8
97443.8
97421.1
97396.4
97368
97335.6
97297.6
97253.1
97201
97139.3
97066.8
96982.9
96887.2
96781.3
96664.8
96537.1
96397.6
96246.1
96082.4
95907.3
95721.2
95525.2
95320.1
95106.6
94886.2
94659.9
94430
94198.3
93966.8
93737.3
93511.8
93291.1
93077.8
92871.8
92677
92495.3
92326.4
92173.3
92035.9
91914.6
91810.8
91720.4
91645.7
91587.3
91542.1
91510.3
91491.2
91481.9
91480.6
91484.5
91490.7
91499.7
91511.7
91520.1
91526.5
91528.3
91523.1
91522.5
91520.7
91511.8
91508.1
91505.8
91491.6
91482.9
91488.2
91477.2
91460.6
91465.1
91466
91441.7
91413
91406.7
91397.5
91378.1
91328.5
91252.4
91173.7
91098.5
91032.5
90968.7
90905.9
90842.1
90767
90678.4
90575.4
90457.1
90326.3
90174.1
90005.1
89811
89586.5
89335.1
89054.2
88745.4
88415.5
88074.9
87732.5
87386.9
87049.1
86725.2
86413.3
86133.7
85878.8
85647.7
85452.2
85262.5
85101.1
84920.1
84732.4
84528.7
84281.5
83966.1
83652.5
83290
82966.8
82612
82264
81906.9
81547.4
81316.8
81122.3
80968.5
80833.7
96521.6
96532.8
96543.2
96554.3
96566.3
96578.7
96591.5
96604.5
96617.9
96631.6
96644.9
96657.6
96669.7
96681.4
96693.4
96706.1
96720.2
96734.8
96748.9
96763.2
96777.4
96792.1
96807.4
96825
96841.9
96860
96879.1
96899.4
96920.6
96942.4
96965.3
96991
97015
97038.8
97062.5
97086
97109.3
97132
97154.1
97176
97196.3
97215.9
97234.8
97252.8
97270.3
97287.1
97303.3
97319.1
97334.8
97350.4
97366.2
97382.6
97399.1
97415.6
97432.1
97447.9
97463
97477.4
97491.1
97503.6
97514.2
97522
97525.2
97522.8
97513.9
97497.7
97472
97435.2
97386.7
97327
97257.2
97177.5
97086.8
96984.2
96869.4
96742.1
96603.4
96453.5
96293.2
96123.7
95945.5
95760.4
95569.3
95373.9
95176.2
94978.2
94781.9
94589
94400.2
94217.9
94043.2
93877.6
93723
93580.3
93451.4
93336.9
93236
93150.9
93079
93019.1
92972.9
92936.7
92909.8
92893.8
92886.1
92885.5
92888.7
92892.6
92895.1
92902
92904.4
92899.9
92894.4
92877.2
92857.2
92841.3
92816.4
92787.6
92767.4
92736
92695.7
92672.1
92641.6
92593.4
92559.4
92534.2
92485.4
92422.7
92381.8
92351
92302.4
92227
92115.8
91982.1
91847
91725.7
91611.4
91499
91384
91256.6
91116.5
90962
90793.3
90608.6
90405.8
90186.4
89941.6
89666.1
89364.9
89038.8
88688.6
88319.8
87945
87570.5
87202.2
86843
86508.1
86176.4
85885.7
85623.9
85386.7
85189
85000.4
84841.4
84668.9
84492.5
84303.7
84078.5
83803
83549.4
83241.2
82941.6
82678.6
82452.3
82122.9
81849
81698.4
81619.4
81542.2
81485.3
95433.9
95442.2
95451.8
95462.7
95475.3
95490.6
95508.2
95528.2
95548.6
95569.5
95591.7
95613.6
95635.9
95658.7
95681.6
95704.8
95728.3
95752.4
95777.1
95803.2
95831.4
95861
95892
95924.7
95959.1
95995.7
96033.8
96073.7
96114.7
96157.6
96202.8
96248.5
96294.1
96341.1
96389.2
96437.6
96486
96534.7
96583.3
96631.5
96679.2
96726.5
96773.6
96820.5
96867.2
96914
96960.8
97007.8
97055
97102.4
97150.3
97199
97248.1
97297.6
97347.1
97396.2
97445
97493.3
97540.7
97587.1
97631.8
97674
97711.7
97743.5
97769
97787.6
97797.3
97795.6
97782.2
97758.2
97724.8
97682.3
97629.1
97564.1
97486.7
97397
97295.7
97183.4
97060.8
96928.6
96787.9
96639.9
96485.6
96327.3
96166.2
96004.4
95843.2
95684.1
95529.4
95380.3
95237.9
95103.7
94979.3
94866.2
94764.2
94675.8
94600
94536.4
94484.1
94440.9
94408.4
94383.2
94365
94355.7
94351.6
94352.9
94356.3
94359.7
94358.6
94359.4
94358.1
94344.6
94330
94305.7
94268.4
94235.8
94198.8
94147.6
94103.6
94055
93988.9
93932
93877.9
93800.4
93726.2
93669.4
93593.1
93495.4
93414.8
93356.6
93281.1
93175.2
93035.9
92860.1
92666.3
92482.9
92311.1
92144.2
91973.8
91794.3
91601.4
91394.2
91172.7
90934.8
90677.1
90408.6
90112.1
89784.5
89432.6
89059.6
88668.1
88258.4
87849.4
87436.4
87048.7
86660.9
86306.6
85969.1
85664.4
85396.2
85152.9
84952
84762.9
84603.9
84437.1
84274.8
84101.8
83903.5
83672.2
83466
83224.7
82972.1
82793.6
82655.9
82395.4
82213
82142.3
82164.1
82165.9
82195.1
94436.5
94443.3
94456.1
94474.3
94494.4
94512.5
94530.3
94550
94572.5
94596.9
94623.7
94654.5
94687.6
94722.5
94758.5
94796.4
94834.7
94873.9
94914.5
94956.1
94998.1
95041.4
95085.9
95131.6
95178.6
95226.6
95276.8
95329.5
95385.3
95444.3
95506.2
95570.8
95637.4
95706
95776.1
95847.2
95918.8
95990.9
96063.1
96135.5
96208.1
96280.8
96353.8
96427.1
96500.8
96575
96649.8
96725.3
96801.6
96878.4
96956.1
97034.8
97114.2
97194.2
97274.6
97354.9
97435.1
97515
97594.3
97672.5
97749.1
97823.8
97894.1
97958.3
98016.4
98068.4
98112
98144.2
98164.9
98175.7
98178.3
98172.4
98156.1
98127.8
98087.5
98035.1
97971.4
97897.1
97812.6
97718.9
97616.5
97506.9
97390.9
97270.8
97147.6
97023
96898.7
96776.3
96657.9
96544
96436.6
96336.2
96244
96162.5
96090.7
96030.2
95980.5
95940.7
95910.2
95887.4
95872.5
95862.4
95856.7
95857.7
95860.7
95866.1
95872.8
95877.4
95876.8
95873.5
95868.2
95848.5
95823.2
95793.9
95744.8
95695.3
95646.5
95578
95507.9
95439.7
95351.6
95260.2
95177
95073.5
94961.6
94867.9
94762.4
94629.4
94505.2
94409.8
94307.5
94170.1
94000
93793.4
93552.6
93308
93073.1
92845.2
92616.3
92382.3
92135.9
91874.2
91598.2
91307.7
91005
90676.2
90324.2
89943.6
89541.2
89120.5
88683.7
88235.7
87791.3
87345.4
86921.2
86512.4
86138.2
85795.6
85478.7
85196.3
84948.1
84743.8
84553.4
84396
84232.9
84086
83927.8
83758.2
83572.3
83407.9
83237.9
83061.2
82924.3
82874
82740.5
82631.4
82624.9
82749.6
82840.4
82968
93543
93556.1
93573.1
93589.8
93607.5
93628.5
93653.4
93682.2
93715.1
93750.9
93788.6
93827.3
93867.3
93907.9
93949.8
93992.6
94037.9
94085.5
94135
94186.2
94239.1
94293.7
94350.2
94408.5
94469
94531.6
94596.9
94665.2
94736.8
94811.9
94890.4
94972.2
95057.1
95144.4
95233.6
95324.5
95416.4
95509.1
95602.5
95696.4
95790.9
95886.1
95982.1
96079.1
96177.2
96276.1
96376.2
96477.6
96580.2
96683.8
96788.5
96894.6
97001.6
97109.4
97218
97326.8
97435.9
97544.8
97653.2
97760.6
97866.7
97971.4
98071.8
98165.9
98254.3
98337.7
98413
98477
98530
98574.8
98612.2
98641.5
98660.5
98667.7
98663.3
98647.4
98620.7
98583.5
98536.4
98480.5
98416.2
98345.3
98268.5
98187.2
98102.7
98016.2
97930
97845
97763.5
97686.4
97615.2
97550.7
97493.8
97445.4
97405.7
97375.3
97353.9
97340.4
97335.6
97336.5
97343.1
97352.9
97365.6
97380.5
97394.6
97408.1
97421.3
97429.6
97432.7
97427.4
97418.2
97393.7
97359.5
97323.4
97269.4
97206.1
97143.5
97061.3
96967.7
96878.1
96770.8
96647.8
96533.1
96405.5
96259.3
96124.7
95988.5
95821.4
95650.5
95507.9
95374
95207.3
95003.3
94767.2
94491.1
94192.7
93896.1
93603.2
93312.9
93021.6
92720.6
92403.5
92073
91728.6
91370
90989.7
90583
90148.9
89695.6
89224.7
88745.3
88257.9
87774.7
87296.6
86840.8
86411.1
86018.7
85658.4
85326.6
85030.8
84781.7
84568.7
84372.7
84227.9
84063.2
83931.1
83789.6
83648.6
83509.9
83388.8
83282.7
83192.8
83080.4
83077.5
83102.2
83079.5
83176.9
83383.7
83559.3
83817.7
92873.2
92886.6
92900.1
92917.6
92940.2
92967.5
92998.9
93033.5
93070.9
93110.6
93153.1
93197.8
93244.5
93292.7
93342.6
93394.1
93447.8
93503.5
93561.4
93621.1
93682.7
93746.2
93811.7
93879.3
93949
94021.3
94096.7
94175.6
94258.5
94345.6
94437.1
94532.5
94631.4
94733.2
94836.9
94942.1
95048.5
95156
95264.6
95374.4
95485.3
95597.4
95710.7
95825.4
95941.6
96059.2
96178.3
96299.3
96421.7
96545.6
96671
96797.9
96926.1
97055.5
97185.8
97316.5
97447.6
97579.3
97710.5
97840.8
97970.3
98098.5
98222.3
98339.9
98452.8
98561.3
98661.8
98751.6
98831.8
98904.8
98971.3
99029.9
99078.4
99115.6
99141.9
99157.3
99162.2
99156.9
99142.2
99118.7
99087.7
99050.4
99007.7
98960.8
98911.2
98859.7
98808.7
98759
98712.1
98669.4
98632.2
98601.4
98577.4
98561.1
98553.2
98553
98561.5
98576.2
98598.5
98625.2
98655.2
98687.7
98721.2
98754.2
98783.1
98809.2
98832
98848
98858.6
98857.1
98846.8
98822.8
98785.4
98746.6
98691
98618.8
98545.9
98455.8
98346.2
98239.5
98118.8
97972.5
97830.1
97682.7
97509.6
97337.1
97171.2
96976.8
96763.4
96570.7
96401.2
96211
95977.1
95710.4
95406.2
95066.7
94718.2
94366.3
94017.1
93671.9
93319.2
92951.8
92571.4
92176.3
91767.5
91337.7
90878.3
90390.9
89885.7
89369
88850.4
88324
87805.2
87296.8
86812.4
86361.4
85944.5
85560.1
85215.6
84914
84660.5
84434
84238
84089
83931.5
83821.9
83699.4
83592.3
83498.8
83417.8
83357.5
83319.4
83294.2
83329.5
83487.2
83587.5
83781.5
84067.2
84346.3
84758.1
92396.2
92406.5
92418
92437.9
92465
92499.7
92537
92577.9
92621.1
92666.2
92713.3
92762.5
92813.8
92867.2
92922.6
92979.6
93038.7
93099.8
93163.2
93228.7
93296.1
93365.3
93436.3
93509.2
93584.3
93662.2
93743.4
93828.8
93919
94014.5
94115.4
94220.9
94330.8
94443.8
94558.9
94675.1
94792
94909.7
95028.7
95149.3
95271.6
95395.5
95521.4
95649.1
95778.6
95909.8
96042.8
96177.9
96314.7
96453.3
96593.8
96736
96879.6
97024.7
97171
97318
97465.6
97614.2
97762.5
97909.9
98056.9
98202.7
98343.9
98479.4
98611.2
98738.9
98858.9
98968.8
99070.3
99165.7
99255.3
99337.1
99409.1
99470.5
99521.7
99562.3
99593
99613.8
99625.8
99629.4
99626.1
99616.7
99602.5
99584.6
99564.8
99543.3
99522.6
99503.3
99486.9
99474.9
99468.1
99467.5
99473.9
99487.5
99509.4
99538.6
99575.4
99617.8
99666.1
99718.3
99771.9
99826.8
99881.3
99933.3
99980.6
100023
100060
100087
100107
100114
100106
100088
100053
100016
99960.9
99884.8
99806.4
99712.7
99594.8
99475.6
99345.9
99185.9
99021.2
98858.1
98666.7
98463.7
98270.1
98055.4
97808.4
97568.9
97361.2
97150.5
96893.2
96598.5
96268.2
95897.1
95506.7
95106.5
94705.1
94311.8
93912.7
93501.9
93076.8
92637.1
92183.7
91706.8
91197.6
90661.6
90111.6
89551.9
88991.5
88430.1
87876.3
87337.5
86824.8
86347.4
85907.8
85505.3
85150.5
84843.4
84577.9
84341.4
84148.2
83975.9
83843
83751.1
83653.8
83590
83536
83495
83481.2
83485.7
83540
83693.5
83949.6
84153.2
84426.7
84816.7
85239.6
85791.4
91996.1
92003.7
92014.1
92040.6
92070.9
92116.6
92157.8
92205.8
92254.6
92304.8
92356.5
92409.8
92465.4
92523.1
92582.9
92644.7
92708.3
92774.1
92842
92912.1
92984.1
93057.8
93133.2
93210.2
93289.4
93371.3
93456.8
93547
93642.8
93744.9
93853.1
93966.7
94085.3
94207.9
94333.3
94459.9
94586.9
94714.1
94842.2
94971.6
95103.1
95236.6
95372.5
95510.8
95651.4
95794
95938.8
96085.9
96234.9
96386
96539.2
96694.2
96850.7
97008.9
97168.7
97329.3
97490.9
97653.5
97816
97977.9
98139.6
98299.9
98455.4
98606.5
98754.8
98898.9
99035.3
99162.6
99283
99398
99507.5
99609.4
99701.9
99784.6
99857.6
99920.4
99973.8
100018
100054
100082
100103
100120
100132
100141
100148
100154
100162
100171
100183
100200
100223
100252
100287
100330
100381
100438
100503
100572
100646
100724
100802
100881
100958
101031
101098
101159
101212
101253
101286
101302
101302
101293
101264
101228
101176
101100
101017
100922
100801
100671
100534
100367
100184
100006
99801.7
99573.6
99351.7
99119.4
98846.3
98562.8
98312
98076.5
97798.8
97478.5
97121.5
96722.5
96296.9
95854.6
95407.7
94968
94526.8
94075.2
93609.2
93129.1
92634
92110.6
91553.9
90970.4
90376.9
89775.1
89173.1
88579.1
87992
87420.1
86878.5
86373.9
85914.5
85500.6
85132.7
84813.1
84534.4
84289.2
84096.6
83923.8
83808.9
83726
83654.3
83625
83609.1
83629.8
83666.7
83727.5
83855
84142.3
84462.8
84780.3
85162.8
85681.3
86256.3
86928.1
91661.2
91664.3
91680.3
91712.3
91751.7
91800.9
91844.4
91902.4
91956.4
92011.9
92068.4
92126.2
92186
92247.7
92311.3
92376.6
92444.1
92513.7
92585.6
92659.7
92735.8
92813.4
92892.5
92973.2
93055.8
93141.2
93230.4
93324.6
93425.1
93532.5
93646.6
93766.2
93891
94020.7
94153.8
94288.7
94424.1
94560
94696.5
94834.1
94973.6
95115.2
95259.5
95406.2
95555.7
95707.7
95862.1
96019.1
96178.4
96339.9
96503.7
96669.3
96836.7
97006
97176.9
97348.9
97522.2
97696.6
97870.8
98044.8
98218.7
98390.7
98558.5
98723.2
98885.5
99043.3
99193.4
99335.9
99472.7
99604.9
99731.3
99850.3
99960.6
100062
100153
100236
100309
100374
100430
100480
100524
100563
100599
100632
100665
100696
100729
100765
100805
100849
100899
100956
101019
101090
101167
101252
101342
101438
101538
101642
101745
101848
101949
102044
102133
102213
102283
102341
102388
102417
102429
102429
102409
102377
102332
102259
102173
102079
101959
101821
101677
101509
101315
101123
100907
100662
100413
100162
99872.3
99552.7
99255.6
98986.9
98688.9
98347.7
97966.3
97540.9
97085.9
96607.1
96121.5
95639.6
95159.1
94670.9
94168.3
93652.4
93117.8
92549.2
91946.8
91317.4
90682
90040
89396.8
88769.6
88154.4
87551.6
86980.9
86452.3
85973.7
85545.9
85161.1
84823.7
84532
84287.6
84095.6
83946.9
83829.3
83759.3
83710
83714.1
83745.1
83825
83916.5
84054.8
84263.7
84617.3
84996.4
85484.1
85983.4
86659.7
87376.3
88165
91368.7
91372.4
91393
91433.9
91481.9
91536.2
91590.6
91656.8
91715.2
91776.6
91837.9
91900.4
91964.1
92029.2
92095.9
92164.5
92235.3
92308.5
92384.2
92462.1
92541.8
92623.1
92705.7
92789.6
92875.4
92964
93056.7
93154.7
93259
93370.9
93490
93614.4
93743.5
93878.1
94016.8
94157.7
94299.1
94441.4
94584.9
94730
94876.7
95025.4
95176.9
95330.9
95487.8
95647.5
95809.8
95974.9
96142.6
96312.4
96484.8
96659.3
96835.7
97014.2
97194.4
97375.9
97558.9
97742.9
97926.8
98110.8
98294.5
98476.2
98654.7
98830.9
99004.8
99173.6
99335.4
99491.1
99642.2
99788.8
99929.6
100063
100189
100305
100413
100513
100603
100686
100761
100830
100894
100953
101010
101065
101119
101174
101231
101291
101355
101425
101500
101582
101671
101767
101871
101982
102099
102220
102346
102474
102602
102729
102854
102972
103083
103183
103271
103347
103409
103454
103480
103491
103483
103457
103420
103353
103270
103179
103063
102920
102772
102605
102406
102201
101978
101722
101450
101180
100879
100535
100193
99882.4
99560.2
99202.7
98801.5
98352.3
97870.5
97362.1
96842.8
96324.3
95808.7
95288.4
94753.5
94206.2
93632.9
93020.9
92375.2
91705
91028.7
90347
89664.1
89001.1
88359.6
87731.5
87135.1
86582.9
86083.6
85634.2
85231.8
84878.5
84576
84343.2
84150.6
84013.8
83903
83850.9
83830.1
83875.4
83961.6
84083.1
84233.7
84454.7
84764.7
85162.5
85631.1
86247.9
86902.3
87724.7
88579
89481
91114.4
91118.6
91149.1
91199.1
91256.9
91320.3
91386.2
91456.3
91522.4
91589.9
91656.2
91723
91790.3
91858.5
91927.9
91999.2
92072.9
92149.4
92228.6
92310.1
92393.4
92478
92563.8
92651
92739.8
92831.7
92927.9
93028.9
93136.3
93251.8
93375
93503.2
93635.5
93773.4
93916.2
94061.8
94207.9
94354.7
94503.4
94654.2
94807.2
94962.3
95120
95280.2
95443.3
95609.6
95778.3
95950.1
96124.6
96301.4
96480.8
96662.6
96846.4
97032.4
97220.2
97409.7
97600.5
97792.1
97984.1
98176.2
98367.7
98557.5
98745.1
98930.8
99113.8
99291.5
99463.5
99630.8
99793.9
99952.5
100105
100251
100389
100519
100641
100754
100860
100957
101049
101135
101216
101293
101368
101443
101517
101592
101670
101752
101839
101931
102029
102135
102248
102369
102497
102633
102774
102920
103069
103222
103374
103525
103673
103814
103947
104068
104176
104271
104349
104410
104452
104476
104481
104467
104437
104379
104302
104216
104106
103965
103815
103650
103452
103236
103007
102747
102461
102169
101857
101501
101122
100764
100412
100039
99623
99155.5
98651.7
98119.2
97570.8
97021
96477.1
95926.8
95363.5
94786.1
94177.1
93525.5
92838.8
92132
91418.2
90698.1
89976
89275.9
88605.8
87953.8
87334.1
86758.1
86235.1
85762.9
85346.8
84986.5
84680.3
84449.5
84258.7
84129
84044.5
84002.4
84021.1
84107.7
84241.2
84410
84625.6
84921.6
85330.3
85804.6
86376
87095
87895.3
88846.7
89854.3
90877
90848.8
90865.1
90936.5
91000.9
91070.9
91145.2
91221.1
91297.4
91371.2
91444
91515.1
91585.9
91656.3
91727.2
91799
91872.6
91948.9
92028.4
92111
92196.1
92282.8
92370.5
92459.4
92549.6
92641.4
92736.4
92835.6
92939.4
93049.5
93168.2
93294.4
93425.3
93560.2
93700.9
93846.6
93995.4
94145.1
94295.8
94448.4
94603.4
94761.3
94921.8
95084.8
95250.3
95418.7
95590.2
95764.4
95941.6
96121.6
96304.3
96489.5
96677.2
96867.1
97059.2
97253.4
97449.1
97646
97843.8
98042.2
98240.7
98438.7
98635.3
98830.2
99023.5
99213.7
99399.1
99580
99756.9
99929.9
100098
100261
100416
100565
100706
100839
100965
101082
101194
101299
101399
101495
101588
101679
101770
101862
101955
102052
102154
102260
102373
102492
102620
102755
102899
103050
103207
103371
103540
103713
103888
104064
104238
104408
104571
104726
104869
104997
105111
105207
105285
105343
105381
105400
105400
105381
105333
105267
105187
105085
104951
104801
104639
104445
104225
103990
103729
103437
103126
102801
102437
102035
101633
101245
100852
100425
99946.8
99427.5
98877.1
98304.6
97730.1
97162.4
96584
95996.2
95390.8
94747.8
94060.6
93337
92596.8
91849.7
91094.5
90333.6
89596
88894.6
88217.1
87572.6
86972.9
86429.2
85939.1
85515.1
85151.8
84844.7
84599.5
84428.8
84316.9
84247.6
84222.6
84278.6
84409
84585.7
84812.9
85098.3
85469.1
85964.3
86536.3
87213
88033.8
88961.2
90047.3
91189.4
92350
90600.9
90671.8
90763.8
90836.6
90921.3
91005.9
91091
91174.2
91254.6
91332
91407.7
91482.2
91555.6
91628.9
91702.7
91778.2
91856.6
91938.7
92024.5
92113.1
92203
92293.6
92385.3
92478.4
92573
92670.7
92773.2
92880.1
92992.6
93113.8
93242.4
93375.4
93512.1
93654.7
93803
93954.3
94106.4
94260
94415.9
94574.4
94735.9
94900.4
95067.9
95237.9
95410.7
95586.6
95765.3
95946.9
96131.5
96318.9
96508.8
96701.3
96896.1
97093.1
97292.2
97492.7
97694.6
97897.3
98100.7
98304.6
98507.9
98710
98910.8
99109.9
99306
99498
99686.3
99871
100052
100228
100398
100562
100719
100869
101012
101147
101275
101398
101514
101627
101736
101842
101947
102053
102160
102269
102383
102501
102625
102756
102894
103041
103196
103360
103532
103710
103895
104085
104280
104477
104674
104870
105062
105247
105423
105587
105735
105868
105982
106077
106152
106207
106240
106254
106248
106214
106160
106089
105996
105873
105728
105571
105383
105164
104925
104664
104371
104047
103708
103337
102923
102489
102063
101643
101204
100720
100191
99629.1
99042.5
98450.2
97858
97258.4
96650.6
96017.2
95341.8
94624.4
93869
93098.8
92324.6
91537.2
90739.1
89964.5
89230.6
88525.8
87856.4
87233.8
86673.3
86174.5
85745
85371.1
85064.8
84816
84669
84574.8
84499.7
84509.9
84606.7
84788.9
85015.6
85309.9
85666.1
86116.9
86690.6
87363.7
88147.3
89072.5
90119.2
91326.2
92569.1
93896.2
90436.6
90553
90637.3
90716.6
90807.3
90899.8
90992.6
91080.9
91165.8
91247.7
91327.5
91405.5
91481.7
91557.3
91633.2
91710.7
91791.1
91875.7
91964.2
92055.9
92148.6
92241.7
92336.1
92431.8
92529
92629.7
92735.2
92844.7
92960
93083.4
93213.4
93347.4
93486
93630.6
93780.6
93933.5
94087.6
94243.5
94402.2
94563.6
94728.1
94895.8
95066.6
95240.2
95416.7
95596.3
95778.7
95964
96152.3
96343.3
96537
96733.4
96932
97132.8
97335.7
97540.1
97745.8
97952.6
98160.2
98368.2
98575.6
98781.9
98987.1
99190.8
99391.7
99589.2
99783.5
99974.4
100161
100343
100519
100690
100854
101011
101161
101304
101441
101573
101700
101822
101942
102060
102177
102295
102414
102537
102665
102798
102937
103084
103239
103403
103577
103758
103948
104145
104349
104559
104773
104991
105209
105425
105637
105843
106039
106223
106391
106543
106676
106788
106880
106951
107000
107030
107038
107019
106979
106920
106837
106728
106594
106443
106262
106049
105810
105548
105256
104928
104576
104198
103779
103328
102868
102418
101962
101471
100939
100372
99779.7
99173.9
98562.3
97948
97323.4
96663.6
95958.9
95216.2
94434.9
93639.9
92843.4
92027.4
91195.9
90385.5
89619.5
88887.9
88195.1
87556.2
86982.2
86478.4
86041.1
85656.6
85359.7
85128.5
84985.3
84892.1
84831.9
84877.8
85027.5
85263.4
85545.3
85913.9
86345.6
86876.7
87529.4
88299.4
89188.4
90212.8
91363.2
92665.3
94009.9
95498.9
90285.8
90432.3
90539.3
90630.9
90731.2
90828.4
90924.7
91016.1
91104.3
91189.8
91273
91353.8
91432.6
91510.6
91588.8
91668.2
91750.9
91837.9
91928.7
92022.3
92116.7
92211.6
92308.1
92406.4
92506.2
92609.2
92717.1
92829.5
92947.1
93071.8
93202.9
93338.3
93478.3
93624.4
93775.9
93930.1
94085.6
94243.3
94404.2
94567.8
94734.7
94904.8
95078
95254.4
95433.8
95616.1
95801.4
95989.7
96180.8
96374.7
96571.4
96770.6
96972.1
97175.8
97381.5
97588.9
97797.8
98007.6
98218.2
98429
98639.2
98848.6
99057.2
99264.4
99469
99670.7
99869.5
100065
100256
100442
100623
100798
100968
101130
101286
101436
101580
101718
101853
101983
102112
102239
102365
102493
102623
102758
102897
103042
103194
103354
103524
103703
103891
104088
104294
104507
104728
104955
105187
105423
105660
105895
106126
106351
106565
106768
106955
107125
107276
107405
107514
107602
107668
107713
107736
107733
107708
107661
107591
107496
107375
107232
107061
106857
106623
106362
106073
105747
105387
105001
104581
104123
103642
103164
102688
102190
101658
101092
100497
99882.1
99262.9
98639.6
97998
97316.8
96590.5
95826.5
95024.9
94210.8
93396.3
92558.1
91699.6
90858.9
90064.1
89307.2
88595.2
87945.6
87362.2
86850.5
86405.7
86026
85742.1
85518.1
85370.8
85278.9
85268.8
85346.9
85547.5
85834.3
86176.2
86618.2
87135.4
87742.6
88477.1
89339.3
90328.8
91450.3
92684
94085.9
95521.5
97122.5
90158.8
90321.8
90453.3
90566.4
90671.6
90772.1
90872.1
90967
91058.2
91146.9
91232.9
91316.5
91398.1
91479
91559.7
91641.7
91726.9
91815.9
91908.2
92003.2
92099.2
92195.7
92294.2
92394.7
92496.7
92602.1
92712.6
92827.2
92946.6
93073
93205.4
93342
93483.6
93631.2
93783.9
93938.9
94095.6
94255
94417.6
94583.3
94752.2
94924.2
95099.7
95278.4
95459.9
95644.6
95832.4
96022.9
96216.4
96412.8
96611.8
96813.4
97017.3
97223.2
97431.2
97641.1
97852.3
98064.3
98277.1
98489.9
98702.3
98914.1
99125.5
99335.5
99543
99747.9
99950
100148
100342
100532
100717
100896
101069
101236
101396
101551
101700
101845
101986
102123
102258
102392
102527
102663
102802
102946
103096
103251
103414
103586
103768
103960
104161
104371
104590
104818
105054
105297
105546
105798
106052
106304
106554
106796
107028
107248
107453
107640
107808
107955
108079
108184
108266
108326
108366
108379
108369
108337
108280
108200
108093
107961
107800
107607
107382
107126
106840
106518
106158
105765
105342
104883
104394
103896
103401
102894
102362
101799
101201
100587
99967.3
99337.4
98680.8
97984.3
97244.8
96462.1
95645.4
94816.6
93987.6
93134.5
92255
91390.9
90571.8
89790.3
89064.6
88403.7
87811
87290
86848.6
86480.2
86197.4
85962.4
85827.5
85760.1
85804
85923.9
86165.4
86499.1
86900.4
87409.8
88020.6
88716
89531.9
90482.9
91567.2
92787
94108
95601.7
97106.8
98777.9
90056.5
90226.2
90381.9
90508.6
90619.1
90725.3
90829.1
90928
91022.8
91114.7
91203.9
91290.9
91375.9
91460
91544
91629
91716.7
91807.8
91901.9
91998.2
92095.5
92193.9
92294.4
92397.1
92501.9
92610
92722.7
92839.5
92961.2
93089.3
93223.1
93361.3
93504.5
93653.3
93806.5
93962.4
94120.5
94281.5
94445.7
94613.3
94784.1
94958.1
95135.5
95316
95499.7
95686.5
95876.2
96068.8
96264.5
96462.9
96663.8
96867.5
97073.2
97280.9
97491
97702.8
97915.6
98129.3
98343.7
98558.1
98772.1
98985.9
99199.3
99411.3
99621
99828.1
100032
100233
100429
100621
100809
100990
101166
101336
101501
101659
101813
101962
102108
102251
102392
102533
102674
102817
102964
103116
103273
103438
103610
103793
103985
104188
104400
104622
104854
105095
105346
105605
105869
106137
106407
106675
106941
107200
107449
107686
107908
108112
108297
108461
108602
108723
108823
108899
108955
108986
108992
108974
108934
108869
108777
108659
108512
108330
108116
107868
107587
107269
106913
106518
106092
105636
105146
104638
104127
103610
103077
102516
101923
101313
100695
100059
99390.8
98687.1
97941.2
97144.7
96314.1
95474.3
94635.3
93773.1
92880.1
91999.2
91159.2
90355.6
89616
88943.3
88341.6
87818.4
87386.1
87020
86729.4
86498.5
86392.5
86355.8
86432.6
86613.2
86889.9
87265.8
87723.6
88292.1
88990
89803.5
90699.2
91738.4
92917.8
94236.3
95643.2
97214.1
98780
100515
90015.7
90193.1
90345
90475.5
90590.7
90697.8
90803
90906.1
91004.8
91099.7
91192.2
91282.5
91370.8
91458.4
91546
91634.3
91724.8
91818.1
91913.7
92011.3
92110.2
92210.6
92313.2
92418.4
92525.8
92636.7
92752
92871.2
92995.1
93125.2
93260.4
93399.9
93544.4
93694.2
93847.9
94004.3
94163.7
94326.3
94492.1
94661.1
94833.6
95009.4
95188.5
95370.8
95556.2
95744.6
95936
96130.4
96327.8
96527.6
96730.2
96935.3
97142.1
97351.3
97562.7
97775.7
97989.5
98204.2
98419.4
98634.6
98849.7
99064.7
99279.2
99492.3
99703.1
99911.2
100116
100318
100516
100709
100898
101081
101259
101431
101598
101759
101916
102068
102218
102364
102510
102655
102802
102950
103103
103262
103426
103597
103778
103969
104171
104383
104604
104836
105080
105333
105597
105869
106147
106430
106714
106997
107278
107553
107818
108072
108311
108532
108734
108914
109071
109210
109327
109421
109493
109542
109566
109565
109543
109495
109418
109316
109184
109015
108814
108577
108304
107993
107643
107252
106827
106374
105891
105382
104860
104335
103800
103245
102662
102059
101442
100803
100133
99430.1
98681.5
97879.7
97036.7
96188.8
95344.5
94478.1
93579.1
92686.3
91829
91007.4
90250.2
89569.2
88966.1
88450.7
88024.8
87657.7
87370.8
87156.6
87084.3
87074.1
87168.5
87411.7
87723.6
88138.7
88651.3
89279.7
90036.6
90976.3
91962.9
93097.9
94369.3
95790.9
97264.2
98914.6
100551
102321
90006.9
90171
90321.6
90457.6
90577.1
90689.9
90799.7
90906
91007.8
91106.3
91202.3
91295.9
91387.9
91479.2
91570.5
91662.4
91755.7
91851
91948.5
92047.7
92148.4
92251
92356
92463.6
92573.8
92687.4
92805
92926.7
93053.3
93184.8
93321
93462
93607.6
93757.7
93911.7
94068.9
94229.7
94393.6
94560.6
94731.1
94905
95082.2
95262.7
95446.2
95632.7
95822.4
96015.2
96210.9
96409.1
96610.1
96813.7
97019.3
97227
97437
97648.8
97861.9
98075.8
98290.5
98505.7
98721.1
98936.5
99151.8
99366.2
99579.1
99789.5
99997.4
100202
100404
100601
100795
100984
101167
101345
101518
101685
101848
102006
102160
102311
102461
102609
102757
102907
103059
103216
103379
103547
103725
103912
104109
104317
104535
104765
105006
105259
105523
105798
106081
106371
106665
106962
107259
107554
107844
108125
108396
108651
108888
109106
109303
109477
109633
109768
109878
109969
110037
110081
110099
110095
110065
110007
109921
109806
109654
109467
109241
108979
108678
108338
107956
107537
107089
106616
106115
105594
105065
104530
103982
103411
102817
102204
101567
100905
100213
99472.3
98674.5
97824.2
96968.1
96121.5
95254.9
94354.4
93452.5
92581.8
91747
90980
90302.1
89706.7
89204
88782.5
88418.6
88145.6
87946
87889.8
87917.6
88036.2
88313.3
88666.7
89121.2
89684.2
90380
91178.7
92203.9
93314.3
94546.8
95907.8
97410.8
98988.3
100697
102407
104192
90024
90188.7
90334.9
90467.7
90592.8
90712.9
90826.9
90935.6
91040.5
91142.5
91241.8
91339
91434.7
91529.6
91624.3
91719.3
91815.4
91913.1
92012.6
92113.9
92216.9
92321.9
92429.3
92539.2
92651.9
92767.9
92887.8
93011.9
93140.2
93273
93410.6
93552.5
93698.7
93849.5
94004.2
94162.2
94323.7
94488.5
94656.5
94828
95002.7
95180.7
95362
95546.4
95733.9
95924.3
96117.6
96313.7
96512.3
96713.6
96917.2
97122.9
97330.7
97540.3
97751.3
97963.7
98176.9
98390.8
98605.2
98819.8
99034.3
99248.1
99460.9
99671.7
99880.3
100086
100289
100489
100686
100878
101065
101247
101423
101595
101762
101923
102081
102235
102386
102536
102684
102833
102984
103138
103297
103461
103632
103813
104003
104204
104416
104639
104874
105122
105383
105654
105937
106228
106526
106831
107138
107447
107756
108060
108357
108642
108913
109166
109400
109613
109804
109977
110129
110258
110369
110455
110519
110558
110573
110564
110529
110462
110365
110233
110063
109852
109603
109314
108987
108620
108213
107774
107313
106827
106319
105796
105265
104722
104162
103581
102981
102358
101712
101035
100312
99524.3
98677
97819.1
96973.1
96109
95211.6
94306.2
93430.5
92587
91819.8
91162.5
90585.8
90092.2
89669.2
89309.5
89054
88876.3
88815.9
88877.8
89036.2
89323.9
89724.4
90216
90818.3
91584.8
92439.8
93508.9
94726.9
96059.9
97514.5
99099.8
100767
102532
104313
106138
90086.8
90243.1
90387.6
90522.2
90651.1
90774
90890.8
91002.8
91111.1
91216.3
91318.9
91419.5
91518.6
91616.8
91714.7
91812.8
91911.9
92012.3
92114.2
92217.8
92323.2
92430.5
92540.1
92652.2
92767.3
92885.5
93007.5
93133.5
93263.4
93397.5
93535.9
93678.8
93825.9
93977.1
94131.9
94290.3
94452
94617.1
94785.9
94957.8
95132.8
95311.1
95492.5
95677.1
95864.6
96054.9
96248
96443.6
96641.7
96842.2
97045
97249.7
97456.1
97664.1
97873.6
98084.2
98295.5
98507.4
98719.5
98931.5
99143.1
99353.8
99563.1
99770.4
99975.7
100178
100378
100575
100768
100956
101140
101318
101492
101660
101824
101983
102138
102289
102438
102585
102732
102879
103028
103181
103339
103502
103673
103854
104045
104246
104459
104685
104923
105174
105438
105714
106001
106297
106601
106913
107229
107549
107868
108186
108496
108796
109082
109351
109600
109829
110037
110226
110397
110544
110674
110781
110864
110926
110965
110977
110964
110920
110846
110737
110588
110396
110162
109890
109580
109230
108840
108417
107973
107508
107023
106518
105998
105465
104919
104356
103776
103176
102556
101902
101201
100429
99596.2
98745
97907.7
97052
96162
95258.7
94389.5
93555.1
92793
92158
91614
91117.2
90681.4
90322.3
90085.9
89935.8
89877.5
89954.6
90153.1
90454
90906.8
91435.3
92074.9
92884.1
93814.8
94906.9
96205.9
97628.7
99171.2
100826
102572
104388
106232
108112
90182.1
90333.5
90477.5
90613.4
90743
90867.1
90986.3
91101.1
91212.1
91319.9
91425.3
91528.8
91630.8
91731.9
91832.7
91933.7
92035.4
92138.1
92242.3
92348
92455.3
92564.6
92676.1
92790.4
92907.4
93027.6
93151.4
93278.8
93409.8
93545
93684.3
93827.8
93975.1
94126.3
94281.2
94439.6
94601.3
94766.7
94935.4
95107
95281.7
95459.6
95640.6
95824.6
96011.4
96201
96393.1
96587.6
96784.3
96983.2
97184.1
97386.7
97591
97796.7
98003.6
98211.2
98419.4
98627.9
98836.3
99044.5
99252.1
99458.4
99663.2
99866.2
100067
100265
100461
100652
100840
101023
101201
101374
101543
101707
101865
102019
102170
102316
102461
102603
102745
102888
103033
103181
103335
103495
103663
103840
104029
104227
104439
104663
104900
105151
105414
105690
105977
106276
106583
106899
107220
107548
107876
108203
108526
108840
109140
109423
109686
109931
110154
110359
110547
110712
110862
110989
111094
111178
111242
111276
111288
111269
111219
111136
111011
110844
110633
110381
110092
109763
109396
108997
108577
108139
107683
107207
106712
106203
105679
105141
104588
104022
103435
102817
102147
101406
100598
99762.1
98940.9
98104
97230.1
96339.8
95487.3
94689.2
93950.2
93320
92796
92301.9
91861.2
91505.8
91276.1
91149.1
91122.6
91215
91442.4
91762.8
92282.7
92839.7
93541
94358.9
95357.4
96491.2
97841.4
99344.3
100962
102676
104476
106341
108238
110156
90300.4
90448.5
90591.2
90727.3
90857.4
90982.7
91103.8
91220.7
91333.9
91444.1
91552
91658.1
91762.8
91866.6
91970
92073.5
92177.5
92282.5
92388.8
92496.4
92605.8
92716.9
92830.5
92946.7
93065.4
93187.2
93312.5
93441
93573.2
93709.4
93849.4
93993.1
94140.6
94291.9
94446.7
94604.9
94766.5
94931.5
95099.6
95270.9
95445
95622.1
95802.3
95985.2
96170.8
96359
96549.6
96742.5
96937.3
97133.9
97332.2
97532.2
97733.8
97936.3
98139.6
98343.4
98547.5
98751.8
98955.9
99159.5
99362.1
99563.3
99762.9
99960.3
100155
100348
100537
100722
100903
101080
101252
101418
101580
101738
101890
102037
102181
102321
102458
102594
102729
102865
103003
103145
103292
103446
103607
103778
103962
104154
104360
104579
104811
105057
105316
105590
105875
106173
106480
106797
107122
107453
107786
108121
108453
108778
109091
109388
109663
109923
110161
110379
110584
110767
110934
111083
111209
111316
111403
111461
111499
111507
111484
111430
111333
111194
111011
110784
110519
110215
109876
109507
109117
108712
108293
107855
107399
106925
106435
105932
105418
104893
104348
103774
103153
102454
101680
100871
100077
99276.2
98431.3
97569.1
96745.2
95989.4
95292.4
94667.9
94132.3
93651.3
93229
92888.7
92661.8
92552
92571.9
92701.7
92959.2
93293
93885
94478.4
95240.1
96075.3
97094.6
98283.6
99670.4
101232
102896
104649
106465
108357
110281
112183
90472.6
90617.9
90758.6
90894.3
91024.9
91151.3
91273.8
91392.6
91508
91620.7
91731.1
91839.9
91947.3
92053.8
92159.8
92265.8
92372.3
92479.6
92588
92697.7
92809
92922.2
93037.6
93155.4
93275.6
93399
93525.4
93655
93788.1
93924.8
94064.9
94208.6
94356.1
94507
94661.2
94818.7
94979.5
95143.3
95310.4
95480.6
95653.2
95828.5
96006.9
96187.8
96371.2
96556.9
96744.6
96934.5
97126.2
97319.5
97513.9
97709.8
97906.8
98104.5
98302.6
98501
98699.5
98897.9
99095.7
99292.6
99488.3
99682.4
99874.4
100064
100251
100435
100616
100793
100965
101133
101296
101454
101607
101755
101897
102036
102170
102300
102427
102553
102678
102803
102931
103063
103200
103345
103495
103656
103827
104013
104210
104420
104643
104880
105132
105399
105679
105972
106277
106593
106917
107249
107586
107925
108264
108598
108922
109232
109519
109792
110045
110276
110497
110696
110883
111050
111200
111330
111441
111526
111593
111629
111637
111614
111548
111443
111292
111098
110861
110585
110278
109946
109593
109226
108851
108461
108054
107627
107184
106727
106262
105785
105293
104775
104213
103570
102846
102078
101312
100556
99758.1
98938.8
98155
97437.3
96778.3
96174.8
95631
95154.4
94756
94444.5
94239.9
94155.2
94204.5
94383.6
94696.8
95046
95665.9
96312
97109
97981.9
98995.6
100202
101620
103220
104899
106646
108443
110319
112224
114067
90718.5
90861.2
91000
91135
91265.8
91392.8
91516.3
91636.7
91754.1
91869
91981.9
92093
92202.9
92311.9
92420.5
92529
92637.8
92747.2
92857.6
92969.4
93082.5
93197.4
93314.3
93433.4
93555
93679.3
93806.4
93936.6
94070
94206.6
94346.5
94489.7
94636.2
94785.9
94938.7
95094.7
95253.8
95415.8
95580.7
95748.3
95918.4
96091
96266
96443.5
96623.2
96804.9
96988.3
97173.4
97360.1
97548
97737
97926.8
98117.1
98307.8
98498.8
98689.7
98880.3
99070.2
99259.4
99447.3
99633.4
99817.7
99999.7
100179
100356
100529
100699
100864
101025
101181
101332
101478
101619
101754
101884
102010
102130
102247
102361
102473
102584
102695
102809
102928
103049
103176
103315
103463
103622
103792
103975
104170
104379
104604
104845
105102
105373
105659
105957
106268
106588
106919
107256
107597
107941
108281
108614
108935
109234
109518
109785
110031
110266
110482
110687
110873
111047
111200
111339
111453
111550
111618
111662
111673
111643
111577
111464
111306
111102
110859
110590
110301
109991
109670
109346
109011
108662
108298
107915
107516
107106
106689
106260
105808
105319
104751
104089
103384
102669
101954
101217
100458
99719.9
99039
98406.1
97829.8
97305.8
96847.8
96479
96207.7
96039.2
95990.1
96077
96286.4
96651.1
97044.9
97658.7
98348.7
99167.5
100071
101083
102268
103685
105307
106986
108685
110431
112244
114068
115801
91063.3
91203.6
91340.5
91474.4
91604.8
91732
91856.3
91977.9
92096.9
92213.5
92328.2
92441.4
92553.4
92664.6
92775.2
92885.7
92996.5
93107.9
93220.1
93333.3
93447.7
93563.8
93681.7
93801.6
93923.8
94048.4
94175.7
94305.7
94438.5
94574.2
94712.8
94854.5
94999.2
95146.8
95297.2
95450.4
95606.4
95765
95926.1
96089.8
96255.9
96424
96594
96766
96940
97115.6
97292.6
97470.9
97650
97830.2
98011.1
98192.4
98373.6
98554.7
98735.6
98916
99095.8
99274.5
99451.9
99627.5
99801.2
99972.9
100142
100308
100471
100630
100785
100936
101081
101222
101358
101488
101613
101732
101845
101953
102056
102155
102251
102345
102437
102530
102624
102721
102825
102935
103054
103184
103324
103474
103636
103811
104003
104212
104438
104681
104940
105213
105501
105802
106118
106443
106777
107117
107463
107808
108146
108477
108785
109080
109359
109621
109869
110103
110326
110534
110729
110908
111075
111221
111349
111456
111540
111590
111603
111579
111505
111385
111219
111017
110796
110554
110297
110033
109764
109491
109212
108922
108612
108285
107946
107600
107241
106866
106460
105993
105415
104772
104127
103476
102814
102131
101452
100816
100211
99659.3
99171.2
98752.8
98426.6
98202.2
98068.5
98063.5
98205.4
98458.5
98852.2
99286.1
99886.4
100594
101432
102345
103356
104505
105883
107500
109154
110784
112455
114143
115811
117376
91540.2
91677.9
91812.6
91945
92074.6
92201.5
92325.9
92447.9
92567.5
92685.1
92801
92915.6
93029
93141.6
93253.6
93365.6
93477.7
93590.1
93703.1
93817
93932.1
94048.5
94166.4
94286.4
94408.3
94532.2
94658.4
94787
94918
95051.6
95187.8
95326.7
95468
95611.8
95758.1
95907
96058.1
96211.3
96366.8
96524.4
96683.9
96845.2
97007.9
97172
97337.6
97504.2
97671.9
97840.4
98009.3
98178.5
98347.8
98517.1
98686
98854.2
99021.6
99187.9
99353.2
99516.9
99678.9
99838.9
99996.6
100152
100304
100452
100597
100738
100875
101006
101133
101254
101370
101479
101583
101681
101773
101859
101939
102016
102088
102158
102226
102294
102364
102438
102516
102601
102697
102802
102916
103039
103175
103326
103496
103684
103891
104116
104359
104616
104890
105178
105481
105801
106129
106467
106810
107156
107497
107834
108152
108455
108745
109022
109284
109535
109777
110009
110226
110434
110629
110811
110972
111121
111252
111348
111406
111418
111379
111295
111170
111022
110859
110681
110493
110296
110092
109891
109691
109482
109263
109026
108776
108517
108240
107953
107642
107288
106832
106273
105683
105106
104527
103935
103339
102764
102215
101694
101254
100886
100615
100443
100365
100407
100591
100879
101301
101771
102353
103057
103900
104812
105802
106926
108249
109801
111390
112942
114488
115995
117451
118783
92191.7
92326.3
92458.1
92588.2
92716.1
92841.6
92965
93086.2
93205.5
93323
93439.1
93553.8
93667.4
93780.3
93892.6
94004.6
94116.7
94229
94341.7
94455.1
94569.5
94685
94801.8
94920.2
95040.4
95162.3
95285.8
95411.2
95538.7
95668.5
95800.3
95934.2
96070.1
96208.2
96348.2
96490.1
96633.8
96779.3
96926.5
97075
97224.8
97376
97528.2
97681.2
97834.8
97989.1
98143.7
98298.4
98453.1
98607.3
98760.9
98914
99066
99217.1
99366.7
99514.6
99660.9
99805.2
99947.3
100087
100224
100357
100488
100614
100737
100855
100967
101075
101177
101273
101364
101448
101525
101597
101661
101719
101771
101818
101861
101901
101939
101976
102017
102059
102105
102161
102226
102298
102378
102468
102574
102697
102840
103003
103186
103388
103609
103848
104104
104378
104668
104975
105294
105624
105963
106306
106648
106984
107312
107619
107923
108210
108491
108757
109021
109273
109517
109756
109980
110200
110400
110597
110776
110913
111003
111039
111030
110983
110910
110829
110740
110646
110544
110436
110321
110200
110083
109972
109853
109721
109575
109416
109240
109056
108852
108617
108299
107873
107365
106865
106370
105867
105372
104872
104401
103946
103564
103271
103056
102950
102945
103033
103250
103556
103986
104474
105056
105747
106572
107472
108427
109533
110791
112212
113685
115113
116473
117766
118988
120029
93070.2
93200.5
93328.3
93454.7
93579.4
93702.1
93823
93942
94059.2
94174.9
94289.2
94402.4
94514.4
94625.7
94736.5
94846.9
94957.2
95067.6
95178.2
95289.4
95401.2
95513.9
95627.6
95742.5
95858.7
95976
96094.8
96215
96336.5
96459.7
96584.4
96710.7
96838.5
96967.7
97098.2
97230.1
97363.2
97497.2
97632.2
97768
97904.6
98041.6
98178.8
98316.3
98453.5
98590.6
98727.3
98863.3
98998.5
99132.7
99265.6
99397.1
99527
99655.4
99781.6
99905.9
100028
100147
100264
100377
100488
100595
100697
100796
100890
100979
101063
101140
101211
101278
101338
101390
101435
101471
101500
101523
101540
101551
101558
101561
101561
101563
101565
101569
101579
101598
101624
101655
101694
101746
101817
101907
102018
102151
102306
102480
102676
102892
103128
103383
103657
103949
104255
104575
104905
105240
105579
105910
106243
106557
106871
107172
107466
107755
108039
108311
108590
108854
109113
109368
109615
109863
110072
110224
110330
110393
110425
110432
110428
110427
110422
110418
110419
110423
110419
110400
110387
110381
110364
110349
110324
110285
110231
110165
110077
109963
109797
109542
109182
108779
108373
107955
107564
107157
106776
106417
106109
105898
105755
105719
105782
105924
106181
106503
106919
107401
107988
108655
109442
110313
111235
112301
113470
114735
116033
117252
118378
119460
120421
121125
94238.1
94362.3
94484.1
94605
94724.5
94842.1
94958.1
95072.3
95184.9
95296.3
95406.5
95515.4
95623.4
95730.6
95837.3
95943.5
96049.4
96155.2
96261.1
96367.3
96473.8
96580.9
96688.7
96797.2
96906.2
97015.9
97126.7
97238.3
97350.8
97464.2
97578.3
97693.3
97809.1
97925.6
98042.6
98160.1
98278
98396.1
98514.3
98632.4
98750.3
98867.8
98984.7
99100.9
99216.1
99330.1
99442.7
99553.8
99663.3
99771
99876.8
99980.2
100081
100180
100277
100371
100461
100549
100634
100715
100793
100866
100935
100999
101059
101112
101160
101202
101238
101265
101285
101297
101300
101296
101284
101264
101238
101206
101169
101127
101084
101041
100998
100957
100924
100898
100876
100859
100853
100864
100895
100947
101022
101118
101239
101381
101549
101739
101952
102185
102440
102714
103005
103310
103627
103952
104280
104610
104941
105263
105581
105901
106209
106522
106820
107127
107429
107719
108015
108304
108602
108873
109075
109232
109367
109484
109581
109664
109742
109827
109909
110000
110104
110221
110338
110456
110574
110683
110788
110902
111012
111111
111194
111261
111307
111325
111310
111230
111064
110817
110536
110235
109941
109646
109362
109122
108905
108770
108719
108752
108857
109060
109358
109692
110083
110553
111132
111761
112495
113320
114183
115162
116237
117347
118399
119339
120219
121091
121741
122065
95765
95880.1
95993.2
96105.3
96216.2
96325.4
96433
96539.2
96644.1
96747.7
96850.2
96951.5
97051.9
97151.6
97250.5
97348.8
97446.8
97544.4
97641.8
97739.2
97836.6
97934.2
98031.9
98129.7
98227.7
98326
98424.6
98523.3
98622.2
98721.2
98820.2
98919.2
99018
99116.5
99214.7
99312.4
99409.4
99505.6
99600.9
99695.1
99788
99879.4
99969.2
100057
100143
100227
100308
100387
100463
100536
100607
100675
100740
100801
100860
100916
100968
101017
101062
101103
101141
101173
101201
101224
101242
101253
101259
101256
101246
101228
101201
101165
101120
101066
101005
100936
100859
100776
100688
100595
100501
100406
100310
100220
100138
100057
99979.9
99910.9
99857.2
99823
99810.4
99820.1
99853.1
99909.5
99990.5
100098
100232
100393
100579
100789
101021
101274
101546
101834
102137
102446
102763
103087
103419
103748
104073
104404
104728
105058
105385
105711
106037
106364
106685
107006
107320
107571
107770
107962
108156
108347
108525
108690
108853
109023
109200
109394
109605
109834
110073
110335
110596
110858
111115
111369
111624
111874
112108
112325
112526
112692
112821
112910
112945
112895
112788
112654
112488
112333
112168
112042
111932
111883
111920
112016
112160
112406
112726
113063
113442
113902
114456
115042
115711
116445
117196
118067
119055
119980
120736
121390
122047
122651
122929
122847
97575.9
97678.7
97779.7
97880
97979.2
98076.8
98173.2
98268.2
98361.9
98454.4
98545.9
98636.3
98725.6
98814.1
98901.8
98988.8
99075.2
99161.1
99246.5
99331.5
99416
99500.3
99584.2
99667.8
99751.2
99834.2
99916.5
99998.3
100079
100160
100240
100318
100396
100472
100547
100620
100691
100761
100828
100893
100956
101015
101072
101126
101177
101224
101268
101309
101346
101379
101409
101435
101458
101477
101493
101505
101513
101518
101518
101515
101507
101495
101477
101454
101425
101390
101347
101296
101237
101168
101089
101001
100904
100797
100682
100559
100428
100291
100148
100000
99852
99700.6
99551.6
99409.8
99270.6
99131.5
98998.2
98878
98776.2
98696
98638.8
98605.3
98595.8
98610.8
98651.4
98719.4
98816.6
98943.7
99099.4
99281.3
99488.1
99717.5
99966.7
100233
100513
100815
101125
101450
101774
102106
102443
102779
103116
103460
103793
104147
104504
104845
105171
105480
105768
106012
106255
106505
106772
107032
107282
107528
107773
108028
108306
108610
108934
109275
109641
110037
110450
110881
111307
111723
112142
112557
112956
113337
113696
114034
114331
114592
114806
114953
115047
115105
115105
115103
115095
115097
115122
115183
115301
115477
115686
115970
116308
116655
117047
117501
118027
118578
119163
119749
120364
121152
122013
122684
123143
123553
123956
124181
124020
123513
99381.5
99471.2
99559.2
99646.6
99732.9
99818
99901.8
99984.3
100065
100146
100225
100303
100379
100455
100531
100605
100678
100751
100823
100894
100965
101034
101103
101171
101238
101305
101370
101434
101496
101557
101616
101674
101729
101783
101833
101881
101926
101968
102007
102042
102074
102101
102125
102144
102159
102170
102177
102179
102177
102171
102160
102146
102127
102105
102078
102048
102014
101976
101934
101888
101838
101782
101722
101656
101583
101504
101416
101320
101214
101098
100972
100836
100689
100534
100369
100196
100016
99828.8
99635.3
99439.7
99240.4
99038.3
98841.3
98649
98455.9
98264.7
98084
97920.4
97777.9
97658.6
97563.5
97493.2
97447.7
97427.2
97432.9
97466.1
97529.2
97623.5
97748.9
97903.6
98085.1
98291.4
98520.8
98771.6
99041.3
99330.1
99634.3
99953.2
100284
100618
100947
101291
101632
101973
102294
102680
103028
103351
103649
103939
104215
104493
104782
105090
105404
105705
106009
106326
106657
106998
107366
107761
108178
108620
109103
109622
110178
110755
111344
111929
112513
113086
113644
114181
114697
115199
115657
116073
116446
116772
117050
117277
117449
117609
117761
117905
118071
118250
118477
118752
119040
119376
119737
120107
120529
120991
121503
122021
122506
122950
123498
124202
124840
125221
125445
125640
125708
125485
124886
123993
100992
101069
101144
101220
101294
101367
101438
101509
101578
101646
101713
101779
101843
101907
101970
102032
102093
102153
102212
102269
102326
102382
102436
102489
102541
102591
102640
102687
102732
102775
102815
102853
102888
102920
102948
102973
102994
103011
103023
103031
103035
103033
103027
103015
102998
102977
102950
102918
102881
102840
102794
102744
102689
102630
102567
102500
102430
102355
102277
102195
102108
102017
101920
101817
101709
101592
101467
101333
101189
101034
100868
100691
100504
100307
100101
99886.3
99666.1
99438.1
99203.4
98966.9
98726.1
98485.3
98249.6
98013.6
97775.4
97542.5
97324.6
97126.9
96952.6
96803.2
96679.3
96581.2
96508.7
96462.4
96442.6
96450.2
96487.2
96555.9
96657.3
96790.1
96951.5
97140.4
97354.7
97593
97853
98132.1
98429.1
98745.2
99074.6
99401.6
99737.3
100069
100402
100726
101073
101418
101738
102032
102312
102604
102886
103200
103536
103877
104220
104571
104930
105307
105701
106106
106534
106994
107487
108014
108581
109196
109863
110560
111288
112016
112742
113451
114150
114817
115470
116102
116684
117236
117747
118221
118640
119010
119335
119634
119921
120203
120491
120785
121122
121475
121834
122219
122611
123025
123485
123967
124473
124944
125342
125734
126257
126826
127208
127347
127391
127356
127069
126439
125480
124288
102371
102437
102502
102566
102629
102691
102751
102811
102869
102926
102982
103037
103091
103143
103195
103245
103294
103343
103389
103435
103479
103522
103564
103603
103641
103677
103711
103743
103773
103799
103823
103843
103860
103873
103881
103886
103886
103880
103870
103854
103833
103807
103774
103736
103692
103642
103587
103526
103460
103388
103312
103232
103146
103057
102963
102866
102765
102660
102552
102440
102324
102203
102076
101945
101806
101661
101506
101341
101166
100979
100781
100571
100351
100120
99880
99633
99378.4
99115.9
98851.4
98582.3
98309.7
98038.5
97769.7
97496.5
97222.2
96958
96711.8
96487.8
96288.6
96115.6
95969.4
95850.1
95757.3
95691.7
95654
95644.8
95664.8
95716.1
95800.7
95917.9
96065.8
96242.2
96443.9
96670.2
96920.6
97192.6
97484.5
97796.1
98112.3
98430.4
98762.9
99081.2
99398.4
99718.8
100060
100357
100643
100926
101212
101501
101811
102153
102511
102877
103268
103671
104076
104492
104920
105364
105840
106350
106904
107499
108135
108823
109570
110361
111193
112038
112877
113701
114517
115293
116059
116797
117487
118154
118782
119367
119896
120383
120830
121244
121648
122041
122429
122830
123250
123674
124105
124551
125004
125484
125980
126481
126971
127391
127753
128148
128611
129002
129156
129119
129001
128723
128111
127138
125890
124470
103510
103566
103622
103677
103730
103782
103833
103883
103932
103980
104026
104072
104116
104159
104200
104241
104280
104318
104354
104389
104423
104455
104485
104513
104539
104563
104585
104604
104620
104632
104642
104647
104649
104645
104638
104625
104607
104583
104554
104518
104477
104429
104375
104315
104248
104175
104096
104011
103921
103825
103724
103619
103509
103394
103276
103154
103029
102899
102767
102632
102491
102347
102198
102044
101883
101713
101535
101346
101146
100935
100711
100476
100229
99971.7
99706.2
99432.5
99152
98865.7
98575
98277.4
97984
97687.3
97389.2
97086.3
96786.9
96501.1
96234.3
95989.6
95769.7
95576.4
95411
95273.8
95164.6
95084.3
95034.3
95014.6
95025
95066.4
95140.1
95246.5
95383.9
95550.6
95741.8
95958.5
96200.5
96466.2
96751.4
97056
97352.4
97666.5
97984.7
98290.1
98598.2
98912
99222.9
99491
99771.7
100054
100348
100638
100964
101324
101701
102096
102513
102948
103390
103836
104291
104767
105281
105832
106428
107076
107771
108519
109328
110191
111099
112034
112955
113868
114780
115645
116503
117330
118114
118869
119587
120258
120874
121451
121993
122502
122993
123467
123946
124435
124926
125423
125932
126451
126984
127530
128050
128556
129023
129416
129788
130176
130530
130743
130729
130565
130285
129771
128892
127651
126179
124588
104419
104468
104516
104563
104608
104653
104696
104738
104779
104819
104857
104894
104930
104965
104999
105031
105062
105091
105119
105146
105170
105193
105214
105233
105249
105263
105274
105283
105288
105289
105287
105280
105269
105253
105232
105205
105173
105134
105090
105038
104980
104916
104844
104766
104681
104590
104492
104388
104278
104163
104043
103918
103788
103654
103516
103375
103231
103083
102933
102778
102619
102456
102287
102118
101942
101752
101555
101347
101130
100900
100658
100403
100136
99859
99573.6
99281
98980.6
98676.6
98364.2
98047.7
97733.3
97417.7
97096.8
96773.6
96458
96157.5
95876
95615.1
95377.4
95165.6
94982.5
94828.9
94705.5
94613.4
94553.5
94526.1
94530.4
94565.8
94632
94730
94858.7
95017.1
95201.7
95412
95646.5
95903.8
96178.8
96468.3
96758.3
97066.1
97366.3
97667.6
97973.3
98278.6
98563
98821.7
99108.6
99395.8
99691.1
99984.3
100313
100688
101078
101483
101917
102379
102846
103316
103800
104305
104848
105431
106056
106743
107484
108276
109136
110053
111016
112014
113001
113980
114966
115903
116834
117732
118589
119414
120201
120937
121621
122264
122881
123461
124018
124565
125121
125674
126224
126785
127363
127959
128565
129158
129695
130209
130665
131066
131458
131801
132030
132100
131977
131715
131274
130548
129461
128021
126383
124656
105121
105164
105205
105246
105285
105323
105360
105396
105431
105464
105496
105527
105557
105585
105612
105638
105662
105685
105706
105726
105743
105759
105773
105784
105793
105799
105802
105802
105798
105791
105780
105763
105742
105716
105685
105647
105604
105554
105497
105433
105363
105285
105200
105108
105009
104903
104791
104672
104548
104418
104282
104142
103998
103849
103696
103540
103381
103219
103054
102885
102713
102538
102358
102169
101974
101776
101567
101347
101116
100873
100617
100349
100067
99776.6
99477.1
99169.8
98855.2
98534.3
98207.3
97878.2
97549
97216.3
96878.8
96543.1
96217.6
95907.1
95614.6
95341.4
95089.8
94862.9
94664.4
94496.5
94360.5
94257.4
94188.1
94153.2
94151.7
94181.8
94241.9
94332.9
94454.6
94606.5
94787.2
94992.8
95220.4
95468.1
95732.6
96008.4
96293.3
96594.9
96887.3
97190.4
97498.5
97792.2
98065.1
98322.2
98610.5
98909.6
99202.6
99501.5
99828.2
100207
100606
101017
101460
101940
102426
102917
103430
103960
104522
105130
105781
106494
107269
108093
108989
109944
110947
111986
113026
114058
115094
116090
117077
118030
118943
119821
120657
121440
122177
122874
123547
124180
124795
125403
126008
126602
127201
127818
128462
129125
129780
130399
130955
131487
131951
132375
132770
133055
133178
133144
132954
132609
132013
131111
129863
128281
126523
124702
105644
105682
105719
105755
105789
105823
105855
105886
105916
105944
105972
105998
106022
106046
106068
106089
106108
106125
106142
106156
106168
106179
106187
106193
106196
106196
106193
106187
106176
106162
106144
106120
106092
106058
106019
105973
105921
105862
105797
105724
105644
105556
105461
105359
105250
105133
105010
104880
104744
104603
104457
104306
104151
103991
103827
103660
103491
103318
103142
102962
102779
102593
102403
102207
102004
101794
101576
101346
101106
100853
100588
100310
100020
99719.2
99409.3
99090.9
98765.3
98433.2
98096.3
97757.1
97415.3
97069.3
96721.3
96378
96045.3
95727.1
95425.8
95143.9
94883.4
94646.4
94436.6
94257.3
94110.5
93997.4
93919.2
93876.3
93868.2
93892.6
93947.5
94033
94149.6
94296.5
94474.1
94675.3
94897.4
95137.2
95394
95662.1
95943.8
96239.4
96533
96839
97136.3
97422.3
97696
97957.8
98244.3
98552.3
98847.5
99154.4
99480.6
99856.5
100257
100672
101120
101610
102113
102625
103158
103706
104284
104909
105582
106315
107113
107964
108883
109865
110895
111962
113039
114111
115179
116227
117252
118245
119200
120116
120986
121807
122584
123323
124037
124711
125369
126013
126650
127279
127924
128594
129294
129997
130676
131312
131889
132448
132928
133372
133759
133995
134049
133949
133705
133279
132546
131507
130140
128463
126623
124743
106019
106053
106087
106119
106150
106180
106209
106236
106263
106288
106312
106334
106355
106375
106394
106411
106426
106440
106453
106463
106472
106478
106483
106484
106483
106479
106471
106460
106446
106427
106403
106374
106341
106301
106256
106204
106146
106081
106009
105930
105843
105748
105646
105537
105420
105296
105164
105027
104883
104734
104581
104422
104258
104090
103918
103744
103567
103386
103203
103016
102826
102633
102435
102232
102022
101805
101580
101345
101098
100839
100568
100284
99987
99679.6
99362.5
99036.8
98703.6
98364.2
98020
97672.2
97320.7
96965.6
96610.8
96262.1
95924.3
95599.9
95292.4
95004.8
94738.8
94495.8
94279.2
94092
93937.2
93816.2
93730.3
93679.9
93664.9
93683.6
93734
93815.3
93928.2
94071.3
94245.4
94443
94661.2
94896.6
95149.4
95415.2
95695.6
95986.4
96282.7
96586.3
96877.6
97154
97427.6
97700.3
97986.9
98291.1
98595.9
98909
99238.1
99609.2
100009
100430
100882
101376
101890
102417
102962
103525
104116
104752
105439
106188
107000
107873
108809
109809
110857
111942
113045
114149
115235
116320
117373
118394
119381
120323
121218
122067
122871
123641
124382
125085
125770
126440
127104
127767
128454
129164
129895
130615
131308
131961
132562
133147
133641
134096
134473
134676
134695
134557
134259
133750
132912
131776
130326
128589
126695
124775
106275
106307
106338
106368
106397
106424
106450
106475
106499
106522
106543
106564
106582
106600
106616
106630
106643
106655
106664
106672
106678
106682
106683
106682
106678
106671
106660
106646
106628
106606
106579
106546
106509
106466
106416
106361
106298
106229
106153
106069
105977
105878
105771
105656
105534
105405
105269
105126
104977
104823
104664
104500
104331
104157
103980
103801
103618
103432
103244
103052
102857
102659
102456
102248
102034
101813
101583
101344
101093
100830
100555
100266
99965.5
99653.7
99331.9
99001.3
98663.2
98318.7
97968.9
97614.7
97256.4
96895.7
96536.7
96184.7
95843.1
95514.5
95202.5
94910.8
94641.1
94394.6
94174.1
93982.7
93823
93696.8
93605.4
93549.4
93528.7
93542.4
93588.9
93667.1
93777
93917.2
94087.7
94282.4
94498.5
94732.4
94984.1
95249.9
95528.8
95816.9
96114.2
96414.6
96700.5
96975.3
97248.8
97529
97816.7
98118.9
98425.8
98742.8
99077.6
99446.2
99845.1
100271
100727
101219
101739
102274
102828
103401
104003
104647
105342
106100
106921
107807
108757
109769
110831
111929
113048
114175
115272
116382
117454
118494
119502
120461
121374
122242
123065
123855
124614
125337
126042
126732
127419
128110
128824
129556
130302
131030
131737
132404
133024
133629
134133
134591
134954
135138
135140
134979
134630
134055
133150
131949
130446
128670
126744
124797
106438
106469
106498
106527
106554
106579
106604
106628
106650
106671
106691
106709
106727
106742
106756
106769
106780
106790
106798
106805
106809
106811
106810
106807
106801
106792
106780
106763
106743
106718
106689
106655
106615
106569
106517
106459
106394
106322
106243
106156
106061
105959
105849
105732
105607
105474
105335
105189
105036
104879
104716
104548
104376
104199
104019
103836
103650
103462
103270
103075
102877
102676
102470
102259
102042
101817
101585
101343
101090
100825
100547
100256
99952.5
99637.8
99313.1
98979.4
98638.1
98290.1
97936.5
97577.9
97215.5
96851.7
96490.4
96136.2
95792
95460.7
95146
94851.4
94579.1
94330.5
94108.1
93914.6
93752.5
93623.4
93528.9
93469.5
93445.3
93455.6
93499.3
93575.4
93683.2
93821.4
93989
94181.6
94396.4
94630.3
94881.9
95147.9
95425.4
95710.5
96006.8
96304.3
96587.8
96864.7
97140.4
97424.1
97712.4
98011.6
98320.2
98640.3
98978.8
99346.9
99747.4
100175
100632
101124
101645
102184
102741
103322
103931
104581
105282
106045
106872
107764
108722
109743
110813
111919
113046
114192
115296
116418
117505
118556
119578
120548
121472
122353
123188
123991
124761
125498
126215
126921
127623
128332
129061
129804
130557
131292
132009
132685
133319
133934
134440
134898
135249
135419
135409
135235
134852
134233
133291
132053
130515
128717
126771
124809
106530
106560
106588
106616
106642
106667
106690
106713
106734
106754
106773
106791
106807
106822
106835
106847
106857
106865
106873
106878
106881
106883
106881
106877
106870
106859
106846
106828
106807
106781
106751
106715
106673
106626
106573
106514
106447
106374
106293
106205
106109
106005
105893
105774
105647
105513
105371
105223
105069
104910
104745
104576
104401
104223
104041
103856
103668
103478
103284
103088
102888
102685
102478
102265
102046
101820
101586
101343
101089
100822
100542
100250
99945.2
99629.1
99302.6
98967.1
98623.9
98273.8
97917.8
97556.9
97192.4
96827.2
96464.7
96109
95763.4
95430.7
95114.6
94818.4
94544.6
94294.7
94071.3
93876.8
93713.5
93583.2
93487.2
93426.2
93400.3
93409
93451.2
93526.3
93632.9
93770.1
93936.1
94127.5
94341.5
94575.3
94826.9
95092.9
95369.5
95652.5
95946.6
96241.8
96526.2
96804.8
97082.9
97367.5
97656.2
97954.4
98263.8
98586
98925.5
99293.9
99694.5
100123
100581
101073
101594
102134
102694
103277
103889
104542
105247
106013
106844
107740
108701
109727
110801
111912
113042
114200
115309
116437
117533
118589
119618
120595
121526
122413
123256
124066
124842
125587
126312
127026
127737
128455
129191
129940
130697
131436
132159
132841
133483
134097
134605
135061
135404
135563
135546
135365
134964
134323
133364
132107
130550
128739
126783
124816
106568
106597
106625
106652
106678
106702
106726
106748
106769
106788
106807
106825
106841
106855
106867
106878
106888
106896
106903
106908
106912
106912
106910
106906
106898
106887
106873
106855
106833
106807
106776
106740
106698
106650
106596
106536
106469
106395
106314
106225
106128
106023
105911
105791
105663
105528
105386
105238
105083
104923
104757
104587
104412
104233
104050
103864
103676
103485
103290
103093
102893
102689
102481
102267
102048
101821
101587
101342
101088
100820
100540
100247
99942.2
99625.3
99298.1
98961.8
98617.7
98266.8
97909.8
97548
97182.7
96816.3
96453.7
96097.6
95751.4
95418.2
95101.5
94804.7
94530.2
94279.8
94056
93861.1
93697.4
93566.6
93470.1
93408.6
93382.2
93390.2
93432
93506.7
93613
93749.8
93915.2
94106.1
94319.8
94553.5
94804.9
95070.7
95347.1
95629.6
95922.4
96216.7
96501.6
96781.1
97059.9
97344.5
97633.5
97932.2
98241.4
98563.9
98903.9
99272.6
99672.8
100102
100560
101052
101573
102114
102674
103258
103871
104525
105232
105999
106831
107729
108692
109719
110795
111908
113039
114201
115313
116442
117542
118600
119632
120611
121545
122436
123281
124094
124873
125621
126349
127067
127781
128503
129242
129993
130752
131494
132219
132902
133547
134159
134667
135123
135461
135616
135595
135412
135004
134356
133391
132126
130561
128745
126785
124817
76899.1
76682.4
76571.4
76543.9
76596.8
76762.7
77051.3
77454.8
77927.2
78417.1
78892.8
79325.6
79799.9
80428.8
81315.2
82561.8
84283
86269.1
88414.2
90481.1
92212.1
93642.3
94653.7
95560.3
96354.3
76921.4
76712.7
76613.5
76590.8
76647.1
76816.9
77113.7
77521.2
77994.4
78483.8
78960.5
79390.3
79868.3
80502.3
81392.3
82640
84362.6
86342.7
88484.2
90544.6
92265.9
93689.1
94685.6
95589.4
96394.2
76986.8
76791.4
76717
76702.9
76762
76945.2
77252.2
77664.2
78140.7
78628.2
79104
79525.5
80001.3
80640.1
81528.1
82772
84487.9
86455.9
88587.6
90630.2
92334
93732
94715.5
95607.5
96435.8
77104.7
76924.1
76881.6
76875.9
76935.1
77137.5
77463.8
77879.5
78358.3
78841.8
79315.4
79727.4
80199.4
80842.9
81724.6
82961.5
84660.8
86613.6
88727.5
90740.9
92420.3
93787.9
94754.4
95640.7
96493.2
77284.9
77134.2
77072.8
77093.8
77169.5
77389
77745.9
78168.9
78649
79129
79599.5
80003.7
80470
81118.8
81987.1
83208.1
84885.9
86811.9
88901.8
90875.8
92524.3
93857.3
94802.7
95681
96554.2
77486.2
77339.8
77294.5
77349.9
77462.9
77708.3
78101.6
78533.7
79014.5
79492.9
79959.7
80358.9
80818.9
81473
82321
83512.1
85164.3
87043.8
89107.7
91033.9
92645.6
93935.6
94864
95729
96617.1
77661.3
77561.5
77558.6
77648.8
77803.2
78089.3
78524.2
78970.4
79453.7
79933.7
80397.3
80795.7
81250
81907.4
82732.3
83879.3
85495.7
87316.5
89352
91215.9
92783.3
94026.8
94934.8
95785
96681.5
77937.2
77861.6
77883.5
77983.3
78185.2
78512
78988.9
79460.4
79959.5
80450.3
80912.6
81315.2
81764.9
82421
83225.4
84319.7
85880.9
87641.4
89615.9
91421.8
92936.2
94131
95014.9
95847.5
96747.1
78291.3
78210
78257.2
78364.8
78597.8
78951.1
79462.5
79982.1
80523.5
81039
81504.5
81918
82364.6
83011.6
83803.3
84839.9
86319.4
88017.1
89897.4
91649.9
93103.8
94247.7
95103.8
95915.6
96813.4
78602.1
78615.9
78684.2
78802.5
79055.3
79434.1
79968.4
80540.7
81142.6
81696.2
82173
82605
83051.1
83677
84458.2
85429.2
86806.1
88431.1
90207.3
91898.2
93285.5
94375.9
95201.1
95988.9
96880.3
79133.1
79112.9
79170.7
79309.3
79579.1
79997
80535.2
81157.6
81823.5
82423.7
82919.8
83378.9
83823.9
84413.2
85160.6
86060.9
87333.4
88875.3
90549.8
92164.5
93480.7
94513.9
95306.5
96066.5
96947.5
79677.9
79643.7
79701.4
79872.4
80169.5
80640
81186.5
81854.5
82579.6
83226.4
83747.6
84241.9
84681.2
85217.9
85891.9
86723.2
87896.9
89351
90923
92446.5
93687.6
94660.1
95419.3
96147.7
97014.8
80155.1
80234.7
80315.5
80448.6
80831.5
81361
81937.4
82653.1
83424.8
84109.6
84662.7
85195.1
85626
86089.9
86662.7
87436
88497.7
89861.6
91323.1
92742.3
93904.2
94813.2
95539
96231.6
97082.2
80830.8
80927
81025.6
81169
81614.2
82203.4
82821.7
83575.4
84367.9
85078.3
85671.9
86244.7
86657.6
87025.2
87497.5
88215
89128.7
90405.5
91746.9
93050.8
94128.6
94971.8
95664.5
96317.6
97149.7
81560.9
81664.7
81800.9
82008.5
82520.3
83177.3
83848.2
84625.3
85409.5
86140.5
86782.7
87397.5
87757
88019.2
88404.1
89026.8
89782.1
90982.2
92192
93371
94359.3
95134.2
95794.9
96404.7
97217.4
82321.1
82432.4
82573.6
82961.1
83546.5
84272.7
84985.3
85776.8
86546.3
87307.9
88005.9
88640.4
88898.5
89083.7
89376.5
89851.4
90481
91597.2
92662.9
93701.8
94595
95298.7
95929.2
96492.6
97285.4
83189.7
83358.7
83589.4
84046.6
84679.1
85454.5
86191.7
87003.1
87782.9
88586
89340.1
89945.1
90081.2
90234.8
90403.2
90721.6
91251.8
92238.6
93143.9
94041.7
94834.7
95464.7
96066.2
96580.9
97353.8
84128.1
84365.4
84705.5
85246.9
85904
86710
87475.5
88315.9
89131.9
89970.5
90769.8
91316.8
91352.1
91463.2
91470
91653
92047.6
92877.9
93634
94388.9
95077.2
95632.6
96204.2
96669
97422.5
85146.7
85462.7
85943.4
86581.6
87269.3
88112.7
88916.8
89779
90638.2
91506
92337.7
92821.2
92799.1
92775.8
92611.4
92664.5
92876
93545.4
94163.8
94765.9
95339
95817.2
96353.3
96765.7
97499.8
86269.3
86682.5
87313.6
88061.5
88809.5
89708.5
90548.5
91420.4
92315.6
93211.9
94045.8
94446.7
94393.7
94137.6
93825.8
93749.4
93773.9
94252.6
94727.3
95168
95617.6
96019
96509.2
96868.3
97583.5
87496.7
88018.2
88803.6
89670.2
90508.8
91476.2
92326.4
93202.6
94119.2
95027
95811.9
96076.7
95980.6
95497.4
95065.5
94861.7
94737.4
94961.1
95280.2
95565.3
95894.5
96224.1
96659.1
96967.7
97666.7
88819.7
89464.4
90407.2
91393.2
92343.3
93379.2
94220.6
95115
96042.3
96938.9
97628.9
97676.3
97516.8
96873.7
96327.7
95989.5
95739.4
95655.6
95812
95952.7
96168.5
96429.2
96801.7
97063.2
97748
90229.9
91015
92113.7
93214.4
94281.3
95375.6
96231.8
97152.5
98094.6
98968.5
99524.8
99282.4
99026.7
98277.6
97606.6
97118.7
96729.1
96336.6
96321.8
96327.9
96438
96630.4
96935.9
97154.9
97826
91739.6
92676.5
93916.1
95119.9
96296.5
97439.2
98359.2
99298.8
100243
101076
101471
100953
100545
99701
98890.1
98236.3
97672.4
97018.6
96815.3
96689.4
96700.1
96819.1
97066
97243.3
97899.1
93352.9
94446
95795.8
97097
98370.4
99553.2
100579
101529
102420
103153
103360
102689
102082
101125
100158
99327.8
98566
97705.9
97296.2
97035.7
96950.9
96994.7
97191
97328.7
97966.1
95058.5
96296.2
97733.2
99128.6
100485
101700
102840
103807
104593
105135
105127
104438
103626
102527
101388
100373
99416
98382.7
97761.8
97366.6
97186.9
97159.6
97308.3
97411.4
98025.1
96844.4
98237.3
99724.5
101197
102621
103859
105075
106066
106741
107043
106811
106144
105149
103885
102560
101358
100218
99027.7
98206.7
97680
97405.6
97313.9
97417.2
97492.4
98074.4
98654.5
100266
101757
103270
104734
105977
107206
108196
108779
108871
108444
107743
106584
105145
103632
102250
100947
99611.2
98614.8
97963.9
97599.4
97451.3
97511.2
97571.4
98110.6
100447
102249
103790
105323
106801
108036
109221
110158
110653
110594
110023
109214
107895
106294
104605
103050
101600
100131
98984
98217.5
97771.2
97571.7
97591.2
97648.2
98135.2
102235
104093
105785
107349
108830
110044
111146
111980
112367
112195
111522
110556
109093
107349
105497
103777
102190
100599
99320.7
98451.5
97927.7
97678.4
97665.1
97719.6
98149.9
104054
105844
107716
109328
110796
111979
112976
113670
113926
113652
112882
111753
110170
108305
106304
104430
102715
101013
99621.2
98666.8
98068.7
97772
97732.2
97782.5
98157.2
105955
107708
109604
111221
112665
113817
114705
115223
115342
114957
114075
112804
111126
109155
107019
105003
103172
101372
99884.2
98858.5
98193.6
97853.8
97791.5
97835.4
98159.7
107923
109670
111444
113007
114399
115520
116316
116635
116611
116103
115104
113715
111954
109887
107632
105492
103560
101675
100108
99021.4
98302.3
97924.7
97842.1
97879.9
98153.9
109887
111572
113185
114672
115964
117012
117709
117904
117718
117076
115965
114478
112640
110486
108132
105893
103875
101920
100292
99152.9
98394.1
97985
97883.7
97917.5
98161.4
111881
113424
114897
116259
117418
118310
118891
119040
118701
117911
116688
115109
113195
110962
108531
106218
104127
102116
100442
99258.3
98470.3
98035.6
97917.3
97949.7
98177.9
113826
115188
116501
117684
118676
119378
119835
119937
119478
118554
117223
115555
113571
111279
108803
106448
104302
102253
100553
99337.2
98528.5
98075.4
97942.8
97977.2
98202.4
115597
116784
117896
118867
119680
120198
120538
120530
119970
118935
117507
115770
113745
111424
108937
106571
104394
102329
100623
99391.1
98569
98103.8
97960.2
98000
98231.1
117181
118210
119080
119837
120407
120795
120992
120825
120156
119024
117527
115764
113728
111400
108933
106590
104405
102347
100656
99422.4
98593.9
98121.6
97970.6
98018.2
98261.9
118566
119415
120057
120602
120886
121172
121173
120820
120023
118812
117293
115547
113520
111209
108799
106510
104339
102313
100656
99433.5
98605.6
98130.1
97974.9
98032
98293.6
119740
120383
120815
121123
121198
121256
121011
120486
119573
118310
116816
115112
113111
110855
108545
106338
104205
102236
100627
99426.9
98605.8
98130.4
97974.2
98041.3
98325.4
120702
121108
121312
121353
121236
120940
120465
119799
118809
117542
116107
114453
112506
110362
108190
106085
104013
102123
100575
99405.4
98596.2
98123.9
97969.4
98046.4
98356.9
121471
121600
121552
121312
120941
120332
119657
118833
117784
116551
115183
113586
111740
109762
107751
105763
103776
101983
100506
99372
98578.8
98112
97961.5
98047.6
98387.5
122067
121894
121556
121056
120415
119582
118703
117692
116569
115381
114082
112576
110879
109096
107248
105389
103507
101826
100425
99329.9
98555.4
98096.2
97951.7
98045.1
98417
122504
122028
121388
120634
119750
118719
117640
116441
115233
114087
112890
111523
109995
108397
106702
104976
103229
101660
100337
99282.2
98527.8
98077.8
97941.1
98039
98445.3
122817
122033
121100
120077
118950
117722
116435
115066
113776
112668
111598
110407
109055
107631
106092
104520
102928
101482
100240
99227.3
98495.2
98056
97929.7
98028.2
98475.8
122979
121911
120725
119442
118096
116675
115184
113699
112385
111313
110337
109312
108124
106861
105496
104076
102639
101312
100145
99171.8
98461.6
98033.6
97919.1
98011.4
98505
123027
121730
120353
118864
117335
115739
114097
112564
111271
110224
109304
108388
107338
106220
105003
103716
102406
101176
100068
99125.6
98433
98014.4
97906.4
97997.7
98530.5
123020
121554
120026
118378
116687
114943
113216
111675
110405
109378
108494
107651
106710
105712
104614
103434
102226
101071
100007
99089
98410.1
97999
97895.5
97985.6
98551.3
122987
121406
119759
117980
116150
114303
112542
111004
109747
108737
107886
107091
106229
105323
104316
103221
102091
100992
99960.7
99061.1
98392.4
97986.8
97886.9
97974.8
98566.9
122952
121296
119550
117659
115721
113818
112047
110512
109263
108268
107440
106677
105874
105035
104097
103066
101993
100934
99926.1
99040.5
98379.3
97977.5
97880.4
97966.7
98577.9
122939
121223
119388
117405
115398
113470
111698
110162
108919
107933
107122
106383
105620
104829
103941
102955
101922
100892
99901.6
99026.1
98370
97970.7
97875.7
97961
98584.9
122944
121173
119263
117215
115173
113235
111461
109923
108681
107702
106901
106180
105446
104687
103834
102880
101873
100863
99885.4
99016.8
98363.8
97965.9
97871.9
97956.5
98589.3
122952
121132
119171
117087
115030
113086
111307
109766
108524
107548
106755
106045
105331
104594
103763
102830
101841
100844
99875.7
99011.4
98360.1
97962.9
97867.8
97954
98592.3
122958
121105
119115
117016
114950
112999
111215
109671
108426
107451
106662
105961
105259
104535
103719
102801
101822
100834
99870.9
99009
98358.5
97961.3
97865
97951.3
98594.2
122969
121097
119093
116986
114914
112956
111167
109619
108372
107396
106609
105911
105217
104502
103695
102784
101812
100830
99869.5
99008.9
98358.3
97960.8
97863.3
97948.9
98594.5
122989
121109
119096
116985
114908
112944
111150
109599
108348
107370
106583
105887
105197
104486
103684
102778
101809
100830
99870.9
99010.3
98359.4
97961.2
97862.7
97947.2
98593.6
123011
121128
119113
117000
114919
112952
111154
109600
108346
107364
106576
105882
105192
104483
103683
102780
101812
100833
99874.5
99013.1
98361.1
97961.8
97861.8
97944.2
98590
)
;

boundaryField
{
    inlet
    {
        type            zeroGradient;
    }
    outlet
    {
        type            waveTransmissive;
        phi             phi;
        rho             rho;
        psi             psi;
        gamma           1.3;
        fieldInf        100000;
        lInf            0.3;
        value           nonuniform List<scalar> 
57
(
96967.2
97017.3
97078.8
97147.8
97193.9
97242.8
97293.4
97343
97392.6
97442.5
97492.7
97543.2
97594
97645.5
97698.2
97752.4
97808.5
97866.6
97933.1
98008.9
98086.4
98164.4
98241.5
98316.8
98389.5
98457.9
98520.1
98571.9
98612.7
98643.8
98665.3
98668.8
98666.8
98668.2
98677.1
98691.1
98711.5
98736.3
98765.9
98798.8
98834.6
98872.9
98913.6
98957
99007.1
99058.8
99100.4
99132.4
99156.6
99170.9
99177.5
99178.6
99176.7
99173.1
99170
99166.9
99162.5
)
;
    }
    upperWall
    {
        type            zeroGradient;
    }
    lowerWall
    {
        type            zeroGradient;
    }
    frontAndBack
    {
        type            empty;
    }
}


// ************************************************************************* //
