/*--------------------------------*- C++ -*----------------------------------*\
| =========                 |                                                 |
| \\      /  F ield         | OpenFOAM: The Open Source CFD Toolbox           |
|  \\    /   O peration     | Version:  dev                                   |
|   \\  /    A nd           | Web:      http://www.openfoam.org               |
|    \\/     M anipulation  |                                                 |
\*---------------------------------------------------------------------------*/
FoamFile
{
    version     2.0;
    format      ascii;
    class       volScalarField;
    object      pMean;
    location    "9.117";
}
// * * * * * * * * * * * * * * * * * * * * * * * * * * * * * * * * * * * * * //

dimensions      [1 -1 -2 0 0 0 0];

internalField   nonuniform List<scalar> 
12225
(
98311.8
98292
98278.2
98271.2
98257
98247.6
98229.1
98219.5
98198
98189.3
98164.6
98157.8
98126.8
98120.5
98079.7
98040.1
97951
97585.1
98307.3
98290.9
98277.7
98270.7
98256.4
98247
98228.4
98219
98197.3
98188.9
98163.9
98157.3
98126.4
98118.6
98078
98044.1
97951.9
97790.8
98303.5
98289.3
98276.7
98269.3
98254.9
98245.5
98226.9
98217.6
98195.9
98187.4
98163.1
98155.2
98127
98115.2
98080.3
98045.1
97977.7
97888.9
98298.4
98286.4
98274.5
98266.9
98252.5
98242.8
98224.8
98215
98194.2
98184.7
98161.7
98152.1
98125.9
98113
98081.2
98053.5
98005
97936.2
98291.8
98282
98271
98262.8
98249
98238.7
98221.8
98210.8
98191.7
98180.4
98160.2
98147.6
98126.1
98109.8
98083.1
98059
98019.1
97986.4
98283.5
98275.8
98265.1
98256.8
98243.3
98232.7
98216.7
98205.1
98187.3
98175.2
98157
98143.4
98125
98108.1
98086.7
98061.4
98039.3
98018.9
98273.2
98266.9
98256.6
98248.1
98235.5
98224.4
98209.6
98197
98181.3
98167.7
98152.4
98137.3
98122.8
98105.2
98090.9
98069.9
98059.6
98044.7
98262.5
98256.8
98247.2
98238.5
98226.8
98215.3
98201.7
98188.5
98174.5
98160.2
98147.1
98131.4
98119.9
98102.6
98093.9
98076.1
98074.4
98059.4
98251.7
98246.2
98237.4
98228.5
98217.7
98205.9
98193.4
98179.9
98167.3
98152.7
98141.2
98125.7
98116.1
98100.1
98093.8
98079.6
98079.3
98067.4
98238
98232.6
98224.9
98215.9
98206
98194.2
98182.7
98169.2
98157.9
98143.4
98133.4
98118.5
98110.3
98095.9
98091
98079.2
98078.4
98070.1
98221.1
98215.6
98209.1
98200.3
98191.2
98179.7
98169
98156
98145.5
98131.9
98122.6
98109.4
98101.4
98089.9
98084.3
98075.7
98073.1
98067.9
98200.6
98194.9
98189.6
98181.2
98172.8
98161.8
98151.9
98139.6
98130
98117.5
98108.8
98097.3
98089.8
98080.5
98074.8
98068.4
98064.8
98061.2
98175.8
98170.5
98165.9
98158.4
98150.5
98140.5
98131.1
98120.2
98111
98100.3
98091.9
98082.6
98075.4
98068.2
98062.7
98057.9
98054.3
98051.5
98147.6
98142.7
98138.8
98132.2
98125
98116.1
98107.4
98097.9
98089.4
98080.4
98072.7
98065.2
98058.8
98053
98048.4
98044.6
98041.6
98039.5
98117.4
98113.7
98109.9
98104.5
98098
98090.4
98082.6
98074.5
98066.9
98059.5
98052.8
98046.6
98041.3
98036.8
98033.1
98030.2
98027.9
98026.5
98089.7
98086.9
98083.6
98079
98073.4
98066.9
98060.1
98053.3
98046.7
98040.5
98034.9
98030
98025.7
98022.1
98019.3
98017.1
98015.5
98014.6
98071.1
98069.1
98066.4
98062.5
98057.5
98051.9
98045.9
98040
98034.3
98029
98024.3
98020.1
98016.6
98013.7
98011.4
98009.7
98008.5
98007.9
98071.3
98069.7
98067.1
98063.4
98058.7
98053.3
98047.8
98042.2
98036.9
98031.9
98027.4
98023.5
98020.1
98017.3
98015.1
98013.4
98012.2
98011.5
98091.1
98089.2
98086.4
98082.4
98077.5
98071.9
98066.1
98060.4
98054.8
98049.6
98044.8
98040.5
98036.8
98033.6
98030.9
98028.8
98027.1
98025.9
98121.8
98119.7
98116.3
98111.8
98106.4
98100.3
98094
98087.7
98081.5
98075.7
98070.3
98065.4
98061
98057.1
98053.7
98050.9
98048.5
98046.6
98156.7
98154.1
98150
98144.8
98138.8
98132.1
98125.2
98118.2
98111.4
98104.8
98098.7
98093
98087.9
98083.3
98079.2
98075.6
98072.4
98069.7
98190.6
98187.5
98182.7
98176.8
98170.2
98162.9
98155.4
98147.8
98140.3
98133.1
98126.3
98119.9
98114.1
98108.7
98103.9
98099.6
98095.7
98092.3
98220.8
98217.1
98211.6
98205.1
98197.9
98190.1
98182.1
98174
98166
98158.2
98150.8
98143.8
98137.4
98131.4
98125.9
98121
98116.5
98112.5
98246.1
98241.8
98235.5
98228.4
98220.7
98212.6
98204.2
98195.7
98187.2
98179
98171.1
98163.7
98156.7
98150.2
98144.2
98138.8
98133.8
98129.3
98266.4
98261.2
98254
98246.4
98238.4
98230
98221.4
98212.6
98203.8
98195.3
98187
98179.2
98171.8
98165
98158.6
98152.7
98147.4
98142.5
98282
98275.7
98267.6
98259.5
98251.3
98242.9
98234.1
98225.1
98216.1
98207.3
98198.8
98190.7
98183.1
98175.9
98169.3
98163.1
98157.4
98152.3
98293.8
98286
98276.9
98268.4
98260.2
98251.7
98242.8
98233.7
98224.6
98215.7
98207
98198.7
98190.9
98183.5
98176.7
98170.3
98164.5
98159.1
98302.6
98292.7
98282.7
98274
98265.8
98257.3
98248.4
98239.3
98230.1
98221.1
98212.3
98203.9
98195.9
98188.5
98181.5
98175
98169.1
98163.5
98308.6
98296.5
98285.4
98276.8
98268.7
98260.4
98251.6
98242.5
98233.3
98224.2
98215.3
98206.9
98198.8
98191.3
98184.2
98177.7
98171.7
98166
98314.6
98299.1
98287
98278.2
98270
98261.6
98252.9
98243.8
98234.6
98225.5
98216.6
98208.1
98200
98192.5
98185.4
98178.8
98172.8
98167.2
98311.7
98311.3
98310.5
98309.4
98307.9
98306.1
98303.8
98301.2
98298.2
98294.7
98290.9
98286.6
98282
98277.1
98271.8
98266.4
98260.7
98254.8
98248.6
98242.4
98235.9
98229.4
98222.7
98215.9
98209
98202
98195
98187.9
98180.8
98173.7
98166.6
98159.6
98152.6
98145.6
98138.7
98132
98125.3
98118.9
98112.5
98106.4
98100.5
98094.8
98089.4
98084.2
98079.4
98075
98070.8
98067.1
98063.8
98061
98058.6
98056.7
98055.3
98054.5
98054.2
98054.5
98055.5
98057.1
98059.4
98062.3
98066
98070.4
98075.5
98081.3
98087.8
98095.1
98103
98111.7
98121
98131
98141.5
98152.7
98164.5
98176.7
98189.5
98202.7
98216.4
98230.3
98244.6
98259.2
98274
98289
98304.2
98319.4
98334.6
98349.9
98365.1
98380.2
98395.1
98409.8
98424.2
98438.3
98452.1
98465.4
98478.4
98490.8
98502.7
98514
98524.8
98534.9
98544.4
98553.3
98561.5
98569.1
98576
98582.3
98588.1
98593.2
98597.8
98601.9
98605.6
98608.8
98611.6
98614.1
98616.3
98618.2
98619.9
98621.3
98622.6
98623.7
98624.8
98625.9
98627
98628.3
98630
98632
98634.6
98638
98642.5
98648.1
98655.2
98663.8
98674.6
98687.4
98702.7
98720.8
98741.6
98765.3
98792.1
98821.9
98854.9
98890.8
98929.6
98971.1
99015.5
99062
99111
99161.7
99214.3
99268.5
99324
99380.4
99437.4
99494.7
99552
99608.6
99664
99717.8
99768.8
99816.7
99860.3
99898.7
99930.7
99955.8
99972.6
99980.1
99977.5
99964.5
99940.4
99905.8
99860.4
99805.6
99741.7
99670.9
99593.9
99513.4
99428.8
99344.1
99257.2
99174.1
98304.7
98304.4
98303.6
98302.4
98300.9
98299
98296.8
98294.2
98291.2
98287.8
98284
98279.8
98275.3
98270.6
98265.5
98260.2
98254.6
98248.9
98243
98236.9
98230.6
98224.3
98217.7
98211.1
98204.4
98197.6
98190.7
98183.8
98176.9
98169.9
98163
98156.1
98149.2
98142.4
98135.7
98129.1
98122.6
98116.2
98110
98104
98098.2
98092.7
98087.3
98082.3
98077.6
98073.2
98069.1
98065.5
98062.2
98059.4
98057
98055.1
98053.7
98052.8
98052.5
98052.8
98053.7
98055.3
98057.5
98060.4
98063.9
98068.2
98073.2
98078.8
98085.2
98092.4
98100.2
98108.6
98117.8
98127.6
98138
98149
98160.5
98172.6
98185.1
98198.1
98211.5
98225.3
98239.3
98253.7
98268.3
98283
98297.9
98312.8
98327.8
98342.8
98357.7
98372.5
98387.1
98401.5
98415.7
98429.5
98443
98456
98468.6
98480.8
98492.4
98503.5
98514
98523.9
98533.1
98541.8
98549.8
98557.2
98564
98570.1
98575.7
98580.7
98585.2
98589.2
98592.8
98595.9
98598.7
98601.1
98603.2
98605
98606.6
98608
98609.2
98610.3
98611.3
98612.3
98613.3
98614.5
98615.9
98617.8
98620.2
98623.3
98627.4
98632.7
98639.4
98647.6
98657.9
98670.2
98684.9
98702.2
98722.3
98745.3
98771.3
98800.2
98832.2
98867.1
98904.9
98945.3
98988.5
99033.9
99081.7
99131.2
99182.7
99235.7
99290
99345.3
99401.2
99457.5
99513.7
99569.3
99623.8
99676.8
99727.1
99774.4
99817.5
99855.7
99887.6
99912.8
99929.9
99938
99936.3
99924.4
99901.6
99868.4
99824.6
99771.6
99709.4
99640.5
99565.2
99486.4
99403.5
99320.3
99234.5
99149.5
98292
98291.7
98290.9
98289.7
98288.1
98286.1
98283.8
98281.1
98278.1
98274.7
98271
98267
98262.7
98258.1
98253.2
98248.2
98243
98237.5
98232
98226.3
98220.4
98214.4
98208.2
98202
98195.6
98189.2
98182.6
98176
98169.4
98162.8
98156.1
98149.5
98142.9
98136.3
98129.8
98123.5
98117.2
98111.1
98105.1
98099.4
98093.8
98088.4
98083.2
98078.3
98073.7
98069.4
98065.5
98061.9
98058.7
98055.9
98053.5
98051.6
98050.2
98049.3
98048.9
98049.1
98049.9
98051.3
98053.4
98056.1
98059.5
98063.5
98068.3
98073.7
98079.9
98086.7
98094.2
98102.4
98111.2
98120.7
98130.7
98141.4
98152.5
98164.2
98176.4
98188.9
98201.9
98215.2
98228.8
98242.7
98256.8
98271.1
98285.5
98300
98314.5
98328.9
98343.3
98357.5
98371.6
98385.5
98399.1
98412.3
98425.3
98437.8
98449.8
98461.4
98472.5
98483
98493
98502.4
98511.2
98519.5
98527.1
98534.1
98540.5
98546.4
98551.7
98556.4
98560.7
98564.4
98567.8
98570.8
98573.4
98575.7
98577.7
98579.4
98580.9
98582.1
98583.2
98584.1
98584.9
98585.6
98586.4
98587.3
98588.4
98589.8
98591.8
98594.4
98597.8
98602.4
98608.2
98615.6
98624.8
98636
98649.5
98665.4
98684
98705.4
98729.7
98756.8
98786.9
98819.8
98855.5
98893.7
98934.7
98977.9
99023.3
99070.5
99119.6
99170.2
99222.2
99275.1
99328.8
99382.9
99437
99490.6
99543.2
99594.4
99643.2
99689.1
99731.1
99768.4
99799.8
99825
99842.5
99851.3
99850.9
99840.8
99820.3
99789.8
99749.1
99699.5
99640.8
99575.6
99504
99428.7
99349.1
99269.1
99186.2
99102.2
98274.5
98274.2
98273.5
98272.3
98270.7
98268.7
98266.3
98263.7
98260.7
98257.3
98253.7
98249.8
98245.7
98241.3
98236.8
98232.1
98227.2
98222.1
98217
98211.7
98206.3
98200.7
98195.1
98189.3
98183.4
98177.4
98171.4
98165.3
98159.1
98152.9
98146.7
98140.5
98134.4
98128.2
98122.1
98116.1
98110.2
98104.4
98098.7
98093.2
98087.9
98082.7
98077.8
98073.1
98068.6
98064.5
98060.7
98057.2
98054.1
98051.3
98049
98047.1
98045.6
98044.6
98044.2
98044.2
98044.9
98046.2
98048
98050.5
98053.6
98057.4
98061.8
98066.9
98072.6
98079.1
98086.2
98093.9
98102.3
98111.3
98120.9
98131
98141.7
98152.8
98164.4
98176.4
98188.7
98201.4
98214.4
98227.7
98241.1
98254.7
98268.4
98282.2
98295.9
98309.6
98323.3
98336.8
98350.1
98363.2
98376.1
98388.6
98400.8
98412.5
98423.8
98434.6
98444.9
98454.8
98464.1
98472.8
98481
98488.6
98495.6
98502.1
98508.1
98513.4
98518.3
98522.7
98526.6
98530.1
98533.2
98535.9
98538.3
98540.4
98542.2
98543.8
98545
98546.1
98546.9
98547.6
98548.1
98548.6
98549
98549.4
98550
98550.8
98552.1
98553.9
98556.4
98559.9
98564.6
98570.7
98578.5
98588.1
98599.8
98613.9
98630.5
98649.7
98671.6
98696.2
98723.7
98753.8
98786.5
98821.8
98859.7
98899.8
98942
98986
99031.9
99079.3
99128.1
99177.9
99228.6
99279.8
99331
99381.8
99431.8
99480.6
99527.3
99571.2
99611.6
99647.7
99678.3
99703
99720.7
99730.4
99731.3
99723.2
99705.5
99678.3
99641.5
99596.1
99542.2
99481.8
99415
99344.5
99269.7
99194.1
99115.4
99035.3
98253.4
98253.1
98252.4
98251.2
98249.7
98247.8
98245.5
98242.9
98239.9
98236.7
98233.2
98229.5
98225.6
98221.5
98217.2
98212.8
98208.3
98203.7
98198.9
98194.1
98189.2
98184.1
98179
98173.7
98168.4
98162.9
98157.4
98151.9
98146.3
98140.7
98135.1
98129.4
98123.8
98118.1
98112.6
98107.1
98101.6
98096.3
98091
98085.9
98080.9
98076.1
98071.4
98067
98062.8
98058.8
98055.2
98051.8
98048.8
98046.1
98043.8
98041.9
98040.4
98039.3
98038.7
98038.7
98039.1
98040.2
98041.8
98044
98046.7
98050.1
98054.1
98058.8
98064.1
98070
98076.6
98083.8
98091.6
98100
98108.9
98118.4
98128.4
98138.8
98149.7
98161
98172.6
98184.5
98196.7
98209.1
98221.7
98234.4
98247.2
98260.1
98272.9
98285.8
98298.5
98311.1
98323.5
98335.6
98347.5
98359.1
98370.4
98381.2
98391.5
98401.5
98410.9
98419.8
98428.2
98436.2
98443.5
98450.4
98456.7
98462.6
98467.9
98472.7
98477
98481
98484.4
98487.5
98490.3
98492.7
98494.8
98496.7
98498.2
98499.5
98500.5
98501.3
98501.8
98502.2
98502.3
98502.3
98502.3
98502.1
98502.1
98502.2
98502.6
98503.4
98504.8
98507.1
98510.4
98514.9
98520.9
98528.6
98538.2
98550
98564.1
98580.6
98599.7
98621.3
98645.6
98672.3
98701.6
98733.3
98767.5
98803.9
98842.2
98882.5
98924.5
98968.1
99013.2
99059.3
99106.2
99153.9
99201.5
99249
99295.9
99341.7
99385.7
99427.3
99465.6
99500
99529.5
99553.6
99571.3
99581.6
99583.9
99578
99563.3
99539.8
99507.4
99467
99418.4
99363.8
99302.7
99238.2
99169.2
99099.3
99026
98951.4
98229.9
98229.7
98229.1
98228
98226.6
98224.8
98222.7
98220.2
98217.5
98214.4
98211.1
98207.6
98203.9
98200.1
98196.1
98192
98187.8
98183.5
98179.2
98174.8
98170.3
98165.7
98161.1
98156.3
98151.5
98146.7
98141.8
98136.8
98131.8
98126.8
98121.8
98116.8
98111.7
98106.7
98101.7
98096.7
98091.8
98087
98082.3
98077.6
98073
98068.6
98064.3
98060.2
98056.3
98052.6
98049.1
98045.9
98043
98040.4
98038.2
98036.3
98034.7
98033.6
98032.9
98032.7
98032.9
98033.7
98035
98036.9
98039.3
98042.2
98045.8
98049.9
98054.7
98060
98066
98072.5
98079.7
98087.3
98095.5
98104.3
98113.5
98123.1
98133.1
98143.5
98154.3
98165.3
98176.5
98187.9
98199.5
98211.3
98223.1
98234.9
98246.7
98258.4
98270.1
98281.6
98292.9
98304
98314.8
98325.3
98335.5
98345.2
98354.6
98363.5
98371.9
98379.8
98387.3
98394.3
98400.8
98406.8
98412.3
98417.4
98422
98426.2
98429.9
98433.3
98436.3
98438.9
98441.3
98443.3
98445
98446.5
98447.7
98448.7
98449.3
98449.8
98450
98449.9
98449.6
98449.1
98448.5
98447.7
98446.9
98446.2
98445.6
98445.3
98445.4
98446.2
98447.9
98450.7
98454.7
98460.2
98467.4
98476.7
98488
98501.5
98517.4
98535.6
98556.3
98579.4
98604.8
98632.5
98662.6
98694.8
98729
98765.1
98802.9
98842.3
98883.2
98925.2
98968.1
99011.7
99055.5
99099.3
99142.7
99185
99225.9
99264.8
99300.8
99333.2
99361.2
99384.4
99401.7
99412.5
99416.1
99412.4
99400.6
99381.1
99353.2
99318
99275.2
99226.7
99172
99114.2
99051.7
98988.3
98921.4
98853.4
98205.5
98205.3
98204.8
98203.8
98202.6
98201
98199
98196.8
98194.2
98191.4
98188.4
98185.2
98181.8
98178.2
98174.6
98170.8
98167
98163
98159.1
98155
98150.9
98146.8
98142.6
98138.4
98134.1
98129.8
98125.4
98121
98116.6
98112.2
98107.8
98103.3
98098.9
98094.5
98090.1
98085.7
98081.3
98077
98072.8
98068.6
98064.5
98060.5
98056.5
98052.8
98049.2
98045.7
98042.5
98039.5
98036.8
98034.3
98032.1
98030.2
98028.6
98027.4
98026.6
98026.2
98026.3
98026.8
98027.8
98029.3
98031.3
98033.8
98036.9
98040.5
98044.6
98049.3
98054.6
98060.5
98066.8
98073.7
98081.1
98089
98097.3
98106.1
98115.2
98124.6
98134.4
98144.4
98154.6
98165
98175.5
98186.1
98196.8
98207.4
98218.1
98228.7
98239.2
98249.5
98259.6
98269.5
98279.2
98288.5
98297.5
98306.1
98314.3
98322
98329.4
98336.3
98342.7
98348.8
98354.4
98359.5
98364.1
98368.4
98372.2
98375.7
98378.7
98381.5
98383.9
98386
98387.9
98389.5
98390.8
98391.8
98392.6
98393.2
98393.5
98393.5
98393.2
98392.7
98391.9
98390.9
98389.6
98388.1
98386.4
98384.7
98383.1
98381.5
98380.2
98379.5
98379.5
98380.4
98382.2
98385.4
98390.1
98396.6
98405
98415.4
98427.9
98442.5
98459.5
98478.6
98500.1
98523.7
98549.4
98577.3
98607.1
98638.9
98672.3
98707.3
98743.8
98781.5
98820
98859.4
98899.1
98939
98978.6
99017.4
99054.8
99090.6
99123.8
99154
99180
99202
99218.7
99229.7
99234.3
99232.6
99223.7
99207.9
99184.4
99154.6
99117.5
99075.4
99027.3
98976.5
98921
98864.7
98804.7
98743.9
98181.3
98181.2
98180.8
98180
98178.9
98177.5
98175.8
98173.8
98171.5
98169
98166.3
98163.4
98160.3
98157.1
98153.8
98150.3
98146.8
98143.3
98139.7
98136
98132.3
98128.5
98124.8
98121
98117.2
98113.4
98109.6
98105.7
98101.8
98097.9
98094
98090.1
98086.2
98082.3
98078.5
98074.6
98070.8
98067
98063.2
98059.5
98055.8
98052.2
98048.6
98045.2
98041.9
98038.7
98035.7
98032.9
98030.3
98027.9
98025.8
98023.9
98022.3
98021.1
98020.1
98019.6
98019.4
98019.7
98020.3
98021.5
98023
98025.1
98027.6
98030.7
98034.2
98038.3
98042.9
98048
98053.6
98059.7
98066.3
98073.3
98080.7
98088.5
98096.6
98105.1
98113.8
98122.7
98131.8
98141.1
98150.5
98160
98169.5
98179
98188.4
98197.8
98207
98216.1
98225
98233.6
98242
98250.1
98257.8
98265.2
98272.3
98278.9
98285.1
98290.9
98296.3
98301.3
98305.9
98310.1
98313.9
98317.3
98320.4
98323.1
98325.5
98327.6
98329.4
98330.9
98332.3
98333.3
98334.1
98334.7
98335
98335.1
98334.9
98334.4
98333.7
98332.6
98331.3
98329.6
98327.6
98325.3
98322.7
98320
98317.2
98314.3
98311.7
98309.3
98307.5
98306.4
98306.1
98306.9
98309.1
98312.8
98318.1
98325.3
98334.4
98345.5
98358.6
98373.9
98391.4
98410.8
98432.2
98455.7
98481.1
98508.5
98537.5
98568.1
98600.2
98633.5
98667.7
98702.8
98738.4
98774.3
98810
98844.9
98878.8
98911.2
98941.4
98969
98992.8
99013.1
99028.8
99039.7
99045.1
99045
99038.5
99026.1
99006.7
98981.8
98950.3
98914.4
98873
98829.3
98780.8
98732
98679.2
98626.1
98158.4
98158.4
98158.1
98157.5
98156.5
98155.4
98153.9
98152.2
98150.2
98148
98145.6
98143
98140.3
98137.4
98134.4
98131.4
98128.2
98125
98121.8
98118.5
98115.2
98111.8
98108.5
98105.1
98101.8
98098.4
98095
98091.6
98088.2
98084.8
98081.4
98077.9
98074.5
98071.1
98067.7
98064.3
98060.9
98057.6
98054.2
98050.8
98047.5
98044.2
98041
98037.9
98034.8
98031.9
98029.1
98026.4
98023.9
98021.6
98019.5
98017.7
98016
98014.7
98013.6
98012.9
98012.5
98012.5
98012.8
98013.6
98014.8
98016.4
98018.5
98021
98023.9
98027.4
98031.3
98035.7
98040.5
98045.8
98051.5
98057.6
98064.1
98071
98078.2
98085.6
98093.3
98101.2
98109.2
98117.4
98125.6
98133.9
98142.2
98150.5
98158.7
98166.8
98174.8
98182.6
98190.3
98197.6
98204.8
98211.6
98218.1
98224.3
98230.1
98235.6
98240.6
98245.3
98249.7
98253.6
98257.2
98260.5
98263.4
98266
98268.2
98270.1
98271.8
98273.2
98274.4
98275.3
98276.1
98276.6
98276.9
98276.9
98276.6
98276.2
98275.4
98274.4
98273.1
98271.4
98269.4
98267
98264.2
98261.1
98257.5
98253.7
98249.8
98245.7
98241.6
98237.7
98234.1
98231
98228.6
98227.1
98226.7
98227.6
98230.1
98234.1
98239.8
98247.4
98256.9
98268.4
98281.9
98297.4
98314.7
98333.9
98355
98378.2
98403
98429.2
98456.9
98485.9
98515.9
98546.8
98578.3
98610.2
98641.8
98672.9
98703
98731.9
98758.9
98783.7
98805.1
98823.3
98837.6
98847.9
98853.5
98854.5
98850
98840.3
98824.6
98804.2
98777.8
98747.8
98713
98676.2
98634.7
98593.2
98547.8
98502.5
98137.7
98137.8
98137.6
98137.1
98136.4
98135.4
98134.2
98132.8
98131.1
98129.2
98127.2
98124.9
98122.5
98120
98117.4
98114.7
98111.9
98109.1
98106.2
98103.3
98100.4
98097.5
98094.5
98091.6
98088.6
98085.6
98082.6
98079.6
98076.6
98073.6
98070.5
98067.5
98064.5
98061.5
98058.4
98055.4
98052.4
98049.3
98046.3
98043.2
98040.2
98037.2
98034.2
98031.3
98028.4
98025.7
98023
98020.5
98018.1
98015.8
98013.7
98011.8
98010.1
98008.7
98007.5
98006.6
98006
98005.7
98005.7
98006.2
98007
98008.2
98009.8
98011.7
98014.2
98017
98020.3
98024
98028.1
98032.6
98037.5
98042.8
98048.4
98054.4
98060.6
98067.1
98073.8
98080.6
98087.6
98094.7
98101.8
98109
98116.1
98123.2
98130.2
98137.1
98143.8
98150.4
98156.8
98162.9
98168.8
98174.4
98179.7
98184.6
98189.3
98193.5
98197.5
98201
98204.3
98207.2
98209.8
98212.1
98214.1
98215.8
98217.2
98218.4
98219.3
98220
98220.5
98220.8
98220.9
98220.8
98220.5
98219.9
98219.1
98218
98216.7
98215
98213
98210.7
98207.9
98204.8
98201.2
98197.1
98192.6
98187.8
98182.7
98177.3
98171.9
98166.5
98161.2
98156.3
98151.8
98148.1
98145.3
98143.6
98143.2
98144.2
98146.8
98151.1
98157.1
98165
98174.8
98186.5
98200
98215.3
98232.4
98251.5
98272.2
98294.5
98318
98342.8
98368.7
98395.5
98423
98450.9
98478.5
98505.8
98532.2
98557.4
98581
98602.7
98621.5
98637.3
98649.8
98658.9
98664.1
98665.6
98662.4
98654.9
98642.3
98625.8
98604
98579.6
98550.9
98520.4
98485.7
98451.4
98413.1
98375.7
98119.9
98120.1
98119.9
98119.5
98119
98118.2
98117.2
98116.1
98114.7
98113.1
98111.4
98109.5
98107.5
98105.4
98103.1
98100.8
98098.4
98095.9
98093.5
98090.9
98088.4
98085.8
98083.3
98080.7
98078.1
98075.4
98072.8
98070.1
98067.4
98064.7
98062
98059.3
98056.6
98053.9
98051.1
98048.4
98045.6
98042.8
98040
98037.1
98034.3
98031.5
98028.7
98025.9
98023.2
98020.5
98017.9
98015.4
98013.1
98010.8
98008.7
98006.7
98004.9
98003.4
98002
98000.9
98000.1
97999.6
97999.4
97999.5
98000
98000.8
98001.9
98003.5
98005.4
98007.7
98010.4
98013.4
98016.9
98020.7
98024.9
98029.3
98034.2
98039.2
98044.6
98050.2
98055.9
98061.8
98067.7
98073.8
98079.8
98085.9
98091.9
98097.9
98103.8
98109.5
98115.1
98120.4
98125.6
98130.5
98135.2
98139.6
98143.7
98147.4
98150.9
98154
98156.8
98159.3
98161.5
98163.4
98165
98166.3
98167.4
98168.2
98168.8
98169.1
98169.3
98169.2
98169
98168.6
98168
98167.2
98166.2
98165
98163.6
98161.8
98159.8
98157.4
98154.7
98151.6
98148.1
98144.1
98139.7
98134.7
98129.3
98123.4
98117.2
98110.7
98104
98097.2
98090.3
98083.7
98077.4
98071.7
98066.6
98062.5
98059.5
98057.8
98057.4
98058.6
98061.4
98066.1
98072.4
98080.7
98090.6
98102.4
98115.9
98131.4
98148.3
98166.9
98186.5
98207.5
98229.5
98252.4
98276
98299.9
98323.6
98347.2
98369.8
98391.2
98411.4
98429.8
98445.7
98458.9
98469.1
98476.5
98480.6
98481.9
98479.3
98473.4
98463.3
98450.1
98432.4
98412.9
98389.6
98365
98336.6
98309.1
98277.7
98247.7
98105.2
98105.4
98105.4
98105.1
98104.7
98104.1
98103.4
98102.5
98101.4
98100.1
98098.7
98097.2
98095.5
98093.8
98091.9
98090
98088
98085.9
98083.8
98081.7
98079.5
98077.3
98075.1
98072.9
98070.6
98068.3
98065.9
98063.5
98061.1
98058.7
98056.2
98053.8
98051.3
98048.7
98046.2
98043.6
98041
98038.3
98035.6
98032.9
98030.2
98027.5
98024.7
98022
98019.3
98016.7
98014.1
98011.6
98009.2
98006.9
98004.7
98002.7
98000.8
97999.1
97997.6
97996.3
97995.3
97994.6
97994.1
97993.9
97994.1
97994.5
97995.3
97996.5
97997.9
97999.7
98001.9
98004.4
98007.3
98010.4
98013.9
98017.7
98021.8
98026.1
98030.6
98035.4
98040.2
98045.2
98050.2
98055.3
98060.4
98065.5
98070.5
98075.4
98080.2
98084.8
98089.3
98093.5
98097.5
98101.3
98104.8
98108.1
98111
98113.6
98116
98118
98119.7
98121.2
98122.3
98123.1
98123.7
98124.1
98124.2
98124.2
98123.9
98123.4
98122.7
98121.8
98120.8
98119.6
98118.3
98116.8
98115
98113.1
98111
98108.5
98105.8
98102.7
98099.2
98095.3
98091
98086.2
98080.9
98075.1
98068.7
98061.9
98054.7
98047.1
98039.2
98031.1
98022.8
98014.7
98006.7
97999.1
97992.1
97985.8
97980.5
97976.2
97973.3
97971.8
97971.8
97973.5
97976.9
97982.1
97988.9
97997.5
98007.8
98020
98033.6
98048.8
98064.9
98082.4
98100.8
98120
98140
98160.2
98180.1
98200
98218.7
98236.3
98252.9
98267.8
98280.6
98290.9
98298.5
98303.7
98306.1
98306.4
98303.8
98298.9
98290.5
98280
98265.8
98250.4
98231.8
98212.6
98189.9
98168.7
98143.7
98120.9
98093.8
98094
98094.1
98093.9
98093.6
98093.2
98092.7
98092
98091.2
98090.3
98089.2
98088
98086.7
98085.3
98083.9
98082.3
98080.8
98079.1
98077.4
98075.7
98073.9
98072
98070.2
98068.3
98066.3
98064.2
98062.1
98060
98057.8
98055.6
98053.3
98051
98048.6
98046.2
98043.7
98041.2
98038.7
98036.1
98033.5
98030.8
98028.1
98025.3
98022.6
98019.9
98017.1
98014.5
98011.8
98009.3
98006.8
98004.3
98002
97999.9
97997.9
97996
97994.4
97992.9
97991.7
97990.8
97990.1
97989.7
97989.5
97989.7
97990.2
97991
97992.1
97993.5
97995.2
97997.2
97999.5
98002.2
98005.1
98008.3
98011.7
98015.3
98019.1
98023.1
98027.2
98031.4
98035.6
98039.8
98044
98048.2
98052.2
98056.2
98060
98063.6
98067
98070.2
98073.2
98075.9
98078.3
98080.5
98082.3
98083.9
98085.1
98086.1
98086.8
98087.2
98087.3
98087.1
98086.7
98086.2
98085.4
98084.4
98083.2
98081.8
98080.3
98078.6
98076.8
98074.8
98072.6
98070.3
98067.9
98065.1
98062.2
98059
98055.4
98051.5
98047.2
98042.6
98037.4
98031.8
98025.7
98019
98011.8
98004.1
97995.9
97987.3
97978.3
97969.1
97959.6
97950.1
97940.7
97931.5
97922.8
97914.6
97907.2
97900.9
97895.7
97891.9
97889.5
97888.7
97889.5
97892
97896.2
97902
97909.5
97918.7
97929.3
97941.4
97954.5
97968.8
97983.8
97999.7
98016.2
98032.9
98049.3
98065.5
98080.4
98094.2
98106.9
98118.2
98127.8
98134.9
98139.7
98142.6
98142.8
98141.4
98138.1
98133.5
98126.2
98117.7
98106.3
98094.3
98079.6
98065.2
98047.6
98032.1
98012.9
97996.9
98085.4
98085.6
98085.7
98085.7
98085.6
98085.4
98085.1
98084.6
98084.1
98083.5
98082.7
98081.9
98081
98080
98079
98077.9
98076.7
98075.5
98074.2
98072.9
98071.5
98070
98068.5
98066.8
98065.1
98063.3
98061.4
98059.5
98057.5
98055.4
98053.2
98051
98048.7
98046.3
98043.9
98041.3
98038.8
98036.1
98033.5
98030.7
98027.9
98025.1
98022.3
98019.5
98016.7
98013.9
98011.1
98008.4
98005.8
98003.2
98000.8
97998.5
97996.3
97994.3
97992.5
97990.9
97989.5
97988.4
97987.5
97986.9
97986.5
97986.4
97986.6
97987.1
97987.9
97989
97990.3
97992
97993.9
97996.1
97998.5
98001.2
98004
98007.1
98010.3
98013.6
98017
98020.5
98024
98027.4
98030.9
98034.2
98037.4
98040.5
98043.4
98046.1
98048.6
98050.8
98052.8
98054.5
98056
98057.1
98057.9
98058.5
98058.8
98058.7
98058.4
98057.8
98056.9
98055.8
98054.4
98052.9
98051.2
98049.2
98047.2
98044.9
98042.6
98040
98037.3
98034.5
98031.5
98028.3
98025
98021.5
98017.7
98013.6
98009.2
98004.5
97999.4
97993.9
97987.9
97981.5
97974.5
97967.1
97959.1
97950.6
97941.6
97932.1
97922.2
97912
97901.6
97890.9
97880.3
97869.8
97859.5
97849.8
97840.7
97832.6
97825.6
97819.8
97815.3
97812.4
97811
97811.3
97813.1
97816.6
97821.5
97828.1
97836.1
97845.3
97855.7
97867.2
97879.3
97892.1
97905.4
97918.6
97931.6
97944.2
97955.4
97965.5
97974.4
97982
97988
97991.9
97993.7
97994.1
97991.9
97988.5
97984
97978.8
97972.1
97964.8
97955.6
97946.3
97934.9
97924.6
97911.4
97901.1
97887.1
97877.2
98079.4
98079.7
98079.9
98080
98080
98079.9
98079.8
98079.6
98079.4
98079.1
98078.8
98078.4
98078
98077.5
98076.9
98076.3
98075.6
98074.8
98074
98073
98072
98070.9
98069.6
98068.3
98066.8
98065.2
98063.5
98061.7
98059.8
98057.8
98055.7
98053.5
98051.2
98048.8
98046.3
98043.7
98041
98038.3
98035.5
98032.6
98029.7
98026.8
98023.8
98020.8
98017.8
98014.9
98012
98009.1
98006.3
98003.6
98001
97998.5
97996.2
97994.1
97992.1
97990.3
97988.8
97987.5
97986.4
97985.6
97985.1
97984.8
97984.8
97985
97985.6
97986.4
97987.4
97988.8
97990.3
97992.2
97994.2
97996.4
97998.9
98001.4
98004.1
98006.9
98009.7
98012.6
98015.5
98018.3
98021
98023.7
98026.1
98028.4
98030.5
98032.4
98034.1
98035.4
98036.5
98037.3
98037.8
98038
98038
98037.6
98036.9
98035.9
98034.7
98033.1
98031.3
98029.2
98026.9
98024.4
98021.8
98019
98016
98012.9
98009.6
98006.2
98002.6
97998.9
97995
97991
97986.8
97982.4
97977.7
97972.7
97967.5
97962
97956
97949.7
97943
97935.7
97928
97919.8
97911.1
97901.9
97892.2
97882
97871.3
97860.4
97849.1
97837.5
97825.9
97814.3
97802.8
97791.8
97781.4
97771.9
97763.3
97755.9
97749.8
97745.1
97741.9
97740.2
97740
97741.4
97744.2
97748.5
97754.1
97760.9
97768.8
97777.8
97787.3
97797.2
97807.3
97817.3
97827.1
97836.1
97843.8
97850.4
97855.4
97859.3
97861.6
97862.1
97860.8
97858.5
97853.9
97848.4
97842.3
97836.1
97829.3
97822.7
97814.8
97807.6
97798.8
97791.9
97782.6
97776.8
97767.4
97763.1
98075.1
98075.4
98075.6
98075.8
98075.9
98076.1
98076.3
98076.5
98076.7
98076.9
98077.1
98077.2
98077.4
98077.4
98077.4
98077.3
98077
98076.7
98076.3
98075.7
98075
98074.2
98073.3
98072.2
98070.9
98069.5
98067.9
98066.2
98064.4
98062.4
98060.3
98058
98055.7
98053.2
98050.6
98047.9
98045.1
98042.2
98039.3
98036.2
98033.1
98030
98026.8
98023.7
98020.5
98017.3
98014.2
98011.2
98008.2
98005.3
98002.6
97999.9
97997.5
97995.2
97993.1
97991.2
97989.5
97988.1
97986.9
97985.9
97985.2
97984.8
97984.6
97984.7
97985
97985.6
97986.5
97987.6
97988.9
97990.4
97992.1
97994.1
97996.1
97998.3
98000.6
98002.9
98005.3
98007.6
98010
98012.2
98014.3
98016.3
98018.2
98019.8
98021.2
98022.3
98023.2
98023.8
98024.1
98024.1
98023.8
98023.2
98022.2
98021
98019.4
98017.6
98015.4
98013
98010.2
98007.3
98004.1
98000.7
97997.2
97993.5
97989.6
97985.6
97981.5
97977.2
97972.7
97968.1
97963.4
97958.5
97953.3
97948
97942.4
97936.6
97930.5
97924.2
97917.4
97910.3
97902.8
97894.8
97886.4
97877.5
97868.2
97858.4
97848.1
97837.3
97826
97814.5
97802.5
97790.2
97777.8
97765.4
97753
97741
97729.7
97719.1
97709.2
97700.5
97693
97686.8
97682.1
97678.8
97676.9
97676.4
97677.5
97679.9
97683.3
97688
97693.7
97700.5
97707.6
97714.7
97721.8
97728.7
97735.3
97741
97745.3
97748.4
97749.7
97749.9
97748.4
97745.4
97741
97735.8
97728.8
97721.1
97713.1
97705.7
97698.3
97691.9
97684.7
97679.1
97672.4
97668.2
97661.9
97660.2
97654.8
97655.4
98071.3
98071.5
98071.7
98071.9
98072.2
98072.7
98073.3
98074.1
98074.9
98075.8
98076.7
98077.6
98078.4
98079.1
98079.6
98080.1
98080.4
98080.5
98080.5
98080.3
98079.9
98079.4
98078.7
98077.8
98076.7
98075.4
98073.9
98072.3
98070.4
98068.4
98066.3
98064
98061.5
98059
98056.2
98053.4
98050.5
98047.4
98044.3
98041.1
98037.8
98034.4
98031.1
98027.7
98024.4
98021
98017.7
98014.5
98011.3
98008.3
98005.4
98002.6
98000
97997.6
97995.3
97993.3
97991.5
97990
97988.7
97987.6
97986.8
97986.3
97986
97985.9
97986.1
97986.6
97987.3
97988.2
97989.3
97990.7
97992.2
97993.8
97995.6
97997.5
97999.4
98001.4
98003.3
98005.3
98007.1
98008.9
98010.5
98011.9
98013.2
98014.2
98015
98015.5
98015.7
98015.6
98015.2
98014.5
98013.4
98012
98010.3
98008.2
98005.9
98003.2
98000.2
97997
97993.4
97989.6
97985.6
97981.4
97977
97972.4
97967.7
97962.9
97957.9
97952.7
97947.4
97941.9
97936.3
97930.5
97924.5
97918.2
97911.8
97905.2
97898.3
97891.1
97883.6
97875.8
97867.5
97858.9
97849.8
97840.4
97830.5
97820.2
97809.3
97798.1
97786.4
97774.3
97761.8
97749
97736
97723
97710
97697.4
97685.3
97673.8
97662.9
97653.1
97644.5
97637.1
97630.9
97626.3
97623
97621.1
97620.6
97621.3
97622.9
97625.7
97629.5
97634
97639
97643.6
97647.9
97651.7
97655.3
97657.9
97659
97658.7
97656.4
97652.8
97647.7
97641.3
97633.6
97625.4
97616
97606.2
97596.3
97587.6
97579.3
97572.6
97565.8
97561.2
97556
97554
97550.2
97551.9
97550.1
97555.1
98066.5
98066.5
98066.5
98066.9
98067.6
98068.9
98070.3
98072.1
98073.8
98075.7
98077.4
98079.1
98080.7
98082
98083.2
98084.2
98085
98085.5
98085.9
98086
98085.9
98085.6
98085.1
98084.3
98083.4
98082.2
98080.8
98079.2
98077.3
98075.3
98073.1
98070.7
98068.2
98065.5
98062.7
98059.7
98056.6
98053.4
98050.1
98046.7
98043.2
98039.7
98036.2
98032.6
98029.1
98025.5
98022.1
98018.7
98015.4
98012.2
98009.2
98006.3
98003.6
98001
97998.7
97996.6
97994.7
97993.1
97991.7
97990.6
97989.7
97989.1
97988.7
97988.6
97988.7
97989.1
97989.6
97990.4
97991.4
97992.6
97993.9
97995.4
97996.9
97998.5
98000.2
98001.8
98003.4
98005
98006.4
98007.7
98008.9
98009.9
98010.6
98011.1
98011.3
98011.2
98010.8
98010.1
98009
98007.6
98005.9
98003.8
98001.3
97998.5
97995.4
97992
97988.3
97984.3
97980
97975.4
97970.6
97965.6
97960.4
97955
97949.5
97943.9
97938.1
97932.1
97926
97919.7
97913.3
97906.6
97899.8
97892.7
97885.5
97878.1
97870.4
97862.5
97854.3
97845.7
97836.8
97827.6
97818.1
97808.2
97797.8
97787
97775.8
97764.2
97752.2
97739.8
97726.8
97713.6
97700.2
97686.8
97673.5
97660.4
97647.8
97635.5
97623.9
97613.3
97603.7
97595.2
97587.9
97582.1
97577.6
97574.5
97572.6
97571.8
97572
97573.1
97575.1
97577.7
97580.5
97582.8
97584.6
97585.7
97586.2
97585.8
97584
97580.5
97574.6
97567.4
97558.8
97549.1
97538.1
97526.8
97515
97503.2
97491.5
97481.3
97471.9
97464.7
97458.1
97454.2
97450
97449.7
97448.1
97452.7
97453.9
97462.6
98059.3
98059.2
98058.9
98059.9
98061.5
98064.2
98066.8
98069.9
98072.7
98075.6
98078.3
98080.7
98083
98084.9
98086.6
98088
98089.2
98090.1
98090.7
98091
98091.1
98091
98090.6
98089.9
98089
98087.9
98086.6
98085
98083.2
98081.1
98078.9
98076.5
98073.9
98071.1
98068.2
98065.2
98062
98058.6
98055.2
98051.7
98048.1
98044.5
98040.8
98037.2
98033.5
98029.9
98026.3
98022.8
98019.5
98016.2
98013.1
98010.1
98007.4
98004.8
98002.4
98000.3
97998.4
97996.7
97995.3
97994.1
97993.2
97992.6
97992.2
97992
97992.1
97992.4
97992.9
97993.6
97994.5
97995.6
97996.8
97998.1
97999.5
98000.9
98002.3
98003.6
98005
98006.2
98007.3
98008.3
98009.1
98009.7
98010
98010
98009.8
98009.2
98008.3
98007.1
98005.5
98003.5
98001.2
97998.6
97995.5
97992.1
97988.4
97984.4
97980
97975.4
97970.5
97965.3
97959.8
97954.2
97948.3
97942.2
97936
97929.7
97923.2
97916.5
97909.7
97902.7
97895.6
97888.2
97880.7
97873
97865.1
97857
97848.7
97840.2
97831.4
97822.3
97812.9
97803.2
97793.2
97782.9
97772.2
97761.2
97749.8
97737.9
97725.6
97712.9
97699.7
97686.2
97672.6
97658.9
97645.3
97632
97618.9
97606.2
97594
97582.7
97572.3
97563
97554.8
97548
97542.6
97538.4
97535.3
97533.3
97532.1
97531.8
97532.2
97532.9
97533.8
97534
97533.5
97532.1
97529.8
97526.7
97522
97515.2
97505.9
97495.2
97483.2
97470.2
97456
97441.7
97427.4
97413.5
97399.7
97388
97377.3
97369.4
97362.7
97359.1
97355.3
97356.2
97356.1
97363.2
97366.8
97378.6
98049.5
98049
98049
98051.4
98054.7
98059.4
98063.5
98068
98071.9
98075.8
98079.1
98082.2
98084.9
98087.3
98089.3
98091
98092.4
98093.5
98094.3
98094.8
98095
98095
98094.7
98094.1
98093.3
98092.2
98090.9
98089.3
98087.5
98085.5
98083.3
98080.8
98078.2
98075.4
98072.5
98069.3
98066.1
98062.7
98059.2
98055.7
98052
98048.3
98044.6
98040.9
98037.2
98033.5
98029.9
98026.4
98023
98019.7
98016.6
98013.6
98010.8
98008.3
98005.9
98003.7
98001.8
98000.2
97998.7
97997.6
97996.7
97996
97995.6
97995.4
97995.5
97995.8
97996.3
97996.9
97997.8
97998.8
97999.9
98001
98002.3
98003.5
98004.8
98005.9
98007.1
98008.1
98008.9
98009.6
98010.1
98010.3
98010.3
98010
98009.4
98008.5
98007.2
98005.5
98003.5
98001.1
97998.4
97995.2
97991.7
97987.9
97983.6
97979.1
97974.2
97969.1
97963.7
97958
97952
97945.9
97939.5
97932.9
97926.2
97919.2
97912.2
97904.9
97897.6
97890
97882.3
97874.4
97866.4
97858.1
97849.7
97841.1
97832.3
97823.2
97814
97804.5
97794.7
97784.7
97774.4
97763.8
97752.8
97741.6
97730
97717.9
97705.4
97692.5
97679.1
97665.6
97651.9
97638.1
97624.2
97610.6
97597.1
97584
97571.5
97559.7
97548.6
97538.5
97529.7
97522.1
97515.9
97510.7
97506.7
97503.5
97501.2
97499.5
97498.4
97497.5
97496.6
97494.9
97492.3
97488.7
97483.9
97478.1
97470.7
97460.8
97448.3
97434.4
97419.1
97402.9
97385.7
97368.7
97351.8
97335.8
97320
97306.8
97294.8
97286.1
97278.9
97275.5
97272
97273.8
97274.8
97283.9
97289.4
97303.9
98030.9
98032.1
98032.8
98038.9
98045.5
98053.3
98059.7
98066
98071.2
98076
98080
98083.7
98086.8
98089.5
98091.8
98093.7
98095.3
98096.5
98097.4
98098.1
98098.4
98098.4
98098.2
98097.6
98096.9
98095.8
98094.5
98093
98091.2
98089.2
98087
98084.6
98081.9
98079.1
98076.1
98073
98069.7
98066.3
98062.8
98059.2
98055.6
98051.9
98048.1
98044.4
98040.7
98037
98033.4
98029.9
98026.5
98023.2
98020.1
98017.1
98014.3
98011.8
98009.4
98007.3
98005.4
98003.7
98002.4
98001.2
98000.3
97999.7
97999.3
97999.1
97999.2
97999.4
97999.9
98000.5
98001.3
98002.2
98003.2
98004.3
98005.4
98006.5
98007.6
98008.6
98009.5
98010.3
98010.9
98011.4
98011.6
98011.5
98011.2
98010.6
98009.6
98008.4
98006.7
98004.7
98002.3
97999.5
97996.3
97992.8
97988.9
97984.6
97980
97975
97969.7
97964.1
97958.3
97952.2
97945.8
97939.2
97932.4
97925.4
97918.2
97910.8
97903.2
97895.6
97887.7
97879.7
97871.5
97863.2
97854.8
97846.1
97837.3
97828.3
97819
97809.6
97800
97790.2
97780.1
97769.9
97759.3
97748.5
97737.5
97726.1
97714.4
97702.2
97689.5
97676.5
97663.1
97649.6
97635.8
97621.9
97607.9
97594
97580.2
97566.8
97553.9
97541.6
97530
97519.4
97510.1
97501.9
97495
97488.9
97483.9
97479.8
97476.4
97473.5
97471
97468.6
97466
97462.6
97458.3
97452.6
97445.6
97437.3
97427.2
97414.3
97398.9
97382.2
97363.8
97344.7
97324.9
97305.3
97286
97268.1
97250.5
97236
97222.9
97213.4
97205.8
97202.6
97199.4
97202.1
97204.2
97214.9
97222.1
97238.9
98002.4
98002
98008.5
98021.9
98034.8
98047
98056.3
98064.4
98070.8
98076.4
98081
98085.1
98088.5
98091.4
98093.9
98096
98097.7
98099
98100
98100.7
98101.1
98101.2
98101
98100.5
98099.7
98098.7
98097.5
98095.9
98094.2
98092.2
98090
98087.6
98085
98082.2
98079.2
98076.1
98072.8
98069.4
98066
98062.4
98058.7
98055
98051.3
98047.6
98043.9
98040.3
98036.7
98033.2
98029.8
98026.6
98023.5
98020.5
98017.8
98015.3
98012.9
98010.9
98009
98007.4
98006
98004.9
98004.1
98003.4
98003
98002.9
98003
98003.2
98003.6
98004.2
98005
98005.8
98006.7
98007.7
98008.7
98009.7
98010.6
98011.4
98012.1
98012.7
98013.1
98013.3
98013.2
98012.9
98012.3
98011.4
98010.1
98008.5
98006.5
98004.2
98001.4
97998.3
97994.7
97990.8
97986.6
97981.9
97976.9
97971.6
97965.9
97960
97953.8
97947.3
97940.6
97933.6
97926.5
97919.1
97911.6
97903.8
97895.9
97887.9
97879.7
97871.4
97862.8
97854.2
97845.4
97836.5
97827.3
97818
97808.5
97798.9
97789
97779
97768.8
97758.4
97747.8
97736.8
97725.7
97714.3
97702.5
97690.2
97677.5
97664.6
97651.3
97637.7
97623.9
97610
97595.9
97581.8
97567.8
97554.1
97540.9
97528.3
97516.3
97505.3
97495.6
97486.9
97479.3
97472.5
97466.5
97461.5
97457.2
97453.2
97449.4
97445.6
97441.6
97436.7
97430.7
97423.3
97414.3
97403.5
97390.8
97375.2
97357.4
97338
97316.9
97295.1
97272.9
97251
97229.6
97210
97190.9
97175.3
97161.2
97151
97143.1
97140.1
97137.4
97141.1
97144.1
97156.4
97164.9
97183.8
97941.2
97953.9
97969.2
97999.9
98023.1
98041.3
98053.3
98063.1
98070.4
98076.7
98081.8
98086.1
98089.8
98092.9
98095.5
98097.7
98099.5
98100.9
98101.9
98102.7
98103.1
98103.2
98103.1
98102.6
98101.9
98100.9
98099.7
98098.2
98096.5
98094.5
98092.4
98090
98087.4
98084.7
98081.7
98078.6
98075.4
98072.1
98068.6
98065.1
98061.5
98057.8
98054.1
98050.5
98046.8
98043.2
98039.7
98036.3
98032.9
98029.7
98026.7
98023.8
98021.2
98018.7
98016.4
98014.4
98012.6
98011
98009.7
98008.6
98007.8
98007.2
98006.9
98006.7
98006.8
98007
98007.4
98008
98008.7
98009.4
98010.3
98011.1
98012
98012.8
98013.6
98014.2
98014.7
98015.1
98015.3
98015.2
98014.9
98014.3
98013.5
98012.2
98010.7
98008.8
98006.4
98003.8
98000.7
97997.2
97993.4
97989.1
97984.5
97979.5
97974.2
97968.6
97962.6
97956.3
97949.8
97943
97936
97928.8
97921.4
97913.7
97905.9
97897.9
97889.8
97881.5
97873.1
97864.5
97855.8
97846.9
97837.9
97828.7
97819.5
97810
97800.3
97790.5
97780.6
97770.5
97760.2
97749.8
97739.1
97728.2
97717.1
97705.7
97693.8
97681.7
97669.1
97656.2
97643
97629.5
97615.8
97601.8
97587.6
97573.4
97559.2
97545.4
97531.9
97518.9
97506.6
97495.4
97485.3
97476.2
97467.9
97460.3
97453.6
97447.8
97442.6
97437.7
97432.6
97427.6
97422.3
97416
97408.5
97399.6
97388.6
97375.5
97360.4
97342.5
97322.5
97300.8
97277.2
97253.1
97228.8
97205
97181.7
97160.7
97140.5
97124.1
97109.2
97098.7
97090.4
97087.7
97085.6
97090.5
97094.6
97108.3
97117.9
97138.7
97867.3
97879.4
97924.5
97976.3
98013.4
98037.5
98051.7
98062.4
98070.3
98077
98082.4
98087
98090.8
98094
98096.7
98098.9
98100.7
98102.2
98103.3
98104
98104.5
98104.7
98104.5
98104.1
98103.4
98102.5
98101.3
98099.8
98098.2
98096.3
98094.1
98091.8
98089.3
98086.6
98083.7
98080.7
98077.5
98074.2
98070.8
98067.4
98063.8
98060.2
98056.6
98053
98049.5
98045.9
98042.5
98039.1
98035.9
98032.8
98029.8
98027
98024.4
98022
98019.8
98017.8
98016.1
98014.6
98013.3
98012.3
98011.5
98011
98010.6
98010.5
98010.6
98010.8
98011.2
98011.7
98012.3
98013
98013.7
98014.5
98015.2
98015.9
98016.5
98016.9
98017.3
98017.4
98017.4
98017.1
98016.5
98015.7
98014.5
98013
98011.2
98009
98006.3
98003.3
98000
97996.2
97992
97987.5
97982.6
97977.3
97971.7
97965.8
97959.5
97953
97946.2
97939.2
97931.9
97924.5
97916.8
97909
97901
97892.9
97884.6
97876.2
97867.6
97858.9
97850
97841
97831.9
97822.7
97813.3
97803.8
97794.1
97784.3
97774.4
97764.3
97754
97743.7
97733.1
97722.3
97711.3
97699.9
97688.1
97676.1
97663.7
97650.9
97637.9
97624.5
97610.7
97596.7
97582.6
97568.3
97554.1
97540
97526.3
97513
97500.5
97489
97478.6
97468.9
97460.1
97451.8
97444.4
97437.8
97431.8
97425.9
97419.8
97413.6
97407.1
97399.6
97390.7
97380.3
97367.6
97352.5
97335.2
97315.3
97293.3
97269.6
97244
97217.9
97191.9
97166.5
97141.9
97119.8
97098.9
97081.9
97066.5
97055.9
97047.6
97045.4
97044.1
97050.3
97055.5
97070.6
97081.4
97103.7
97758.2
97819.8
97899.2
97963.7
98007.2
98034.6
98050.7
98061.8
98070.1
98077.1
98082.7
98087.4
98091.3
98094.6
98097.4
98099.6
98101.5
98102.9
98104.1
98104.9
98105.3
98105.5
98105.4
98105
98104.4
98103.5
98102.3
98100.9
98099.3
98097.5
98095.4
98093.1
98090.7
98088
98085.2
98082.3
98079.2
98076
98072.7
98069.3
98065.8
98062.3
98058.8
98055.3
98051.8
98048.4
98045
98041.8
98038.6
98035.6
98032.7
98030
98027.5
98025.2
98023.1
98021.2
98019.5
98018.1
98016.9
98015.9
98015.2
98014.6
98014.3
98014.2
98014.3
98014.5
98014.8
98015.3
98015.8
98016.4
98017.1
98017.7
98018.3
98018.8
98019.2
98019.5
98019.7
98019.6
98019.3
98018.8
98018
98016.8
98015.4
98013.7
98011.5
98009
98006.1
98002.8
97999.1
97995.1
97990.6
97985.8
97980.6
97975.1
97969.2
97963
97956.6
97949.8
97942.8
97935.6
97928.1
97920.5
97912.7
97904.8
97896.6
97888.4
97880.1
97871.6
97863
97854.2
97845.4
97836.4
97827.3
97818.1
97808.7
97799.2
97789.6
97779.9
97770.1
97760.1
97750
97739.8
97729.4
97718.8
97707.9
97696.7
97685.1
97673.2
97661
97648.5
97635.5
97622.2
97608.5
97594.5
97580.4
97566.1
97551.8
97537.6
97523.6
97510.1
97497.4
97485.6
97474.9
97464.7
97455.3
97446.4
97438.3
97431
97424.2
97417.4
97410.2
97402.9
97395.2
97386.6
97376.5
97364.7
97350.4
97333.6
97314.4
97292.8
97269.2
97243.8
97216.6
97188.9
97161.5
97135
97109.4
97086.6
97065.5
97048.2
97032.8
97022.3
97014.4
97012.9
97012.7
97020.2
97026.7
97043.4
97055.3
97079.2
97623.3
97805.2
97911.7
97972.9
98008.6
98033.7
98050.5
98061.9
98070.2
98077.2
98082.9
98087.7
98091.7
98094.9
98097.7
98100
98101.8
98103.3
98104.4
98105.2
98105.7
98105.9
98105.8
98105.5
98104.9
98104
98102.9
98101.6
98100
98098.2
98096.2
98094
98091.7
98089.1
98086.4
98083.5
98080.5
98077.4
98074.2
98070.9
98067.6
98064.2
98060.8
98057.4
98054
98050.7
98047.4
98044.2
98041.2
98038.3
98035.5
98032.9
98030.5
98028.3
98026.2
98024.4
98022.8
98021.5
98020.3
98019.4
98018.7
98018.2
98017.9
98017.8
98017.9
98018.1
98018.4
98018.8
98019.2
98019.7
98020.3
98020.8
98021.2
98021.6
98021.8
98022
98021.9
98021.6
98021.1
98020.3
98019.2
98017.9
98016.2
98014.1
98011.7
98008.9
98005.7
98002.2
97998.2
97993.8
97989.1
97984
97978.6
97972.8
97966.7
97960.3
97953.6
97946.7
97939.5
97932.1
97924.5
97916.8
97908.9
97900.9
97892.7
97884.4
97876.1
97867.6
97859.1
97850.4
97841.6
97832.7
97823.7
97814.6
97805.4
97796.1
97786.7
97777.1
97767.4
97757.7
97747.8
97737.8
97727.7
97717.4
97706.7
97695.7
97684.4
97672.7
97660.8
97648.4
97635.7
97622.4
97608.8
97594.8
97580.7
97566.4
97552.1
97537.8
97523.6
97510
97497
97485
97473.8
97463.2
97453.2
97443.8
97435.1
97427
97419.3
97411.6
97403.5
97395.1
97386.3
97376.6
97365.4
97352.2
97336.5
97318.2
97297.5
97274.6
97249.6
97222.9
97194.4
97165.6
97137.3
97110
97083.8
97060.8
97039.7
97022.5
97007.5
96997.7
96990.7
96990.2
96991.2
97000.3
97008.2
97026.7
97039.9
97065.3
97508.4
97821.6
97938.4
97985
98010.8
98032.6
98050
98061.7
98070.1
98077
98082.8
98087.7
98091.6
98094.9
98097.6
98099.9
98101.8
98103.3
98104.4
98105.2
98105.7
98105.9
98105.9
98105.6
98105
98104.2
98103.1
98101.9
98100.4
98098.6
98096.7
98094.6
98092.3
98089.8
98087.2
98084.5
98081.6
98078.6
98075.4
98072.3
98069
98065.8
98062.5
98059.2
98055.9
98052.7
98049.6
98046.5
98043.6
98040.8
98038.1
98035.6
98033.3
98031.2
98029.3
98027.6
98026.1
98024.8
98023.7
98022.8
98022.2
98021.7
98021.4
98021.3
98021.3
98021.5
98021.8
98022.1
98022.5
98022.9
98023.3
98023.7
98024
98024.2
98024.3
98024.2
98023.9
98023.4
98022.7
98021.6
98020.3
98018.7
98016.7
98014.4
98011.7
98008.6
98005.2
98001.3
97997.1
97992.4
97987.4
97982.1
97976.4
97970.4
97964.1
97957.5
97950.6
97943.5
97936.2
97928.7
97921
97913.2
97905.3
97897.2
97889.1
97880.8
97872.6
97864.2
97855.7
97847.2
97838.6
97829.9
97821.1
97812.2
97803.2
97794.1
97785
97775.7
97766.3
97756.9
97747.3
97737.7
97727.8
97717.8
97707.5
97696.8
97685.8
97674.5
97662.8
97650.7
97638.1
97625
97611.4
97597.5
97583.5
97569.3
97554.9
97540.5
97526.2
97512.5
97499.4
97487.1
97475.4
97464.3
97453.8
97443.8
97434.6
97425.8
97417.3
97408.6
97399.6
97390.2
97380.2
97369.5
97357.2
97342.8
97325.9
97306.5
97284.6
97260.7
97234.6
97207
97177.6
97148.1
97119.2
97091.5
97065.1
97042.1
97021.5
97004.9
96990.8
96982.1
96976.2
96977.1
96979.7
96990.5
97000.1
97020.5
97035.1
97062.2
97679
97878.5
97957.5
97994.6
98013
98032.9
98050.2
98062
98070.3
98077.1
98082.7
98087.5
98091.4
98094.7
98097.4
98099.6
98101.5
98102.9
98104.1
98104.9
98105.4
98105.6
98105.6
98105.3
98104.8
98104
98103
98101.8
98100.4
98098.8
98096.9
98094.9
98092.7
98090.3
98087.8
98085.1
98082.3
98079.4
98076.4
98073.4
98070.2
98067.1
98063.9
98060.7
98057.6
98054.5
98051.5
98048.6
98045.7
98043.1
98040.5
98038.1
98035.9
98033.9
98032.1
98030.5
98029
98027.8
98026.8
98026
98025.4
98025
98024.7
98024.6
98024.6
98024.7
98024.9
98025.2
98025.5
98025.9
98026.2
98026.4
98026.6
98026.6
98026.5
98026.2
98025.7
98025
98024
98022.8
98021.2
98019.3
98017.1
98014.5
98011.5
98008.2
98004.5
98000.3
97995.8
97991
97985.7
97980.1
97974.2
97968
97961.5
97954.7
97947.7
97940.5
97933.1
97925.5
97917.8
97909.9
97902
97893.9
97885.8
97877.7
97869.5
97861.3
97853
97844.7
97836.3
97827.8
97819.3
97810.7
97802
97793.3
97784.5
97775.6
97766.6
97757.6
97748.4
97739.1
97729.7
97720.1
97710.2
97699.8
97689.2
97678.2
97666.8
97655
97642.6
97629.7
97616.2
97602.5
97588.5
97574.4
97560.1
97545.6
97531.3
97517.5
97504.3
97491.7
97479.5
97468
97457
97446.6
97436.9
97427.3
97418
97408.4
97398.5
97388.2
97377.1
97365.4
97352.1
97336.6
97318.8
97298.4
97275.6
97251
97224.2
97195.9
97166.1
97136.4
97107.2
97079.5
97053.4
97030.8
97011
96995.5
96982.8
96975.5
96971.2
96973.9
96978.3
96991
97002.6
97024.9
97041.2
97070.1
97831.5
97923.7
97953.6
98000
98016.8
98033.9
98050
98061.8
98070.2
98076.8
98082.4
98087
98090.9
98094.2
98096.9
98099.1
98100.9
98102.4
98103.5
98104.3
98104.9
98105.1
98105.1
98104.9
98104.4
98103.7
98102.8
98101.6
98100.2
98098.7
98096.9
98095
98092.8
98090.6
98088.1
98085.6
98082.9
98080.1
98077.2
98074.3
98071.3
98068.3
98065.2
98062.2
98059.2
98056.2
98053.3
98050.5
98047.8
98045.3
98042.8
98040.6
98038.5
98036.6
98034.9
98033.3
98032
98030.8
98029.9
98029.1
98028.6
98028.2
98027.9
98027.8
98027.8
98027.9
98028.1
98028.3
98028.5
98028.7
98028.9
98029
98029
98028.9
98028.6
98028.2
98027.5
98026.5
98025.3
98023.8
98022
98019.8
98017.3
98014.5
98011.2
98007.6
98003.6
97999.3
97994.5
97989.4
97983.9
97978.1
97971.9
97965.5
97958.8
97951.9
97944.8
97937.5
97930
97922.4
97914.6
97906.8
97898.9
97890.9
97882.9
97874.9
97866.9
97858.9
97850.8
97842.8
97834.7
97826.5
97818.4
97810.1
97801.8
97793.5
97785.2
97776.7
97768.2
97759.6
97750.9
97742.1
97733.1
97723.9
97714.4
97704.6
97694.4
97683.7
97672.7
97661.2
97649
97636.2
97623
97609.4
97595.6
97581.5
97567.2
97552.8
97538.5
97524.6
97511.2
97498.4
97485.8
97473.7
97462.3
97451.4
97441.1
97430.8
97420.7
97410.3
97399.6
97388.4
97376.3
97363.5
97349.2
97332.9
97314.3
97293.2
97269.8
97244.7
97217.6
97189
97159.1
97129.6
97100.5
97073.4
97047.9
97026.2
97007.6
96993.6
96982.6
96977.4
96975.2
96980
96986.5
97001.5
97015.3
97039.6
97057.8
97088.6
97901.2
97931
97954.5
98003.6
98021.2
98037.1
98051.3
98062.3
98070.3
98076.7
98082
98086.5
98090.3
98093.5
98096.1
98098.3
98100.1
98101.6
98102.7
98103.5
98104.1
98104.3
98104.4
98104.2
98103.7
98103.1
98102.2
98101.1
98099.9
98098.4
98096.7
98094.9
98092.9
98090.7
98088.4
98086
98083.4
98080.7
98078
98075.2
98072.4
98069.5
98066.6
98063.7
98060.8
98058
98055.3
98052.6
98050.1
98047.7
98045.4
98043.3
98041.3
98039.5
98037.9
98036.4
98035.2
98034.1
98033.3
98032.6
98032
98031.6
98031.4
98031.3
98031.2
98031.3
98031.4
98031.5
98031.7
98031.8
98031.8
98031.8
98031.6
98031.3
98030.8
98030.1
98029.2
98028
98026.6
98024.8
98022.7
98020.3
98017.5
98014.3
98010.8
98006.9
98002.6
97998
97992.9
97987.6
97981.8
97975.8
97969.5
97962.9
97956
97949
97941.7
97934.3
97926.8
97919.1
97911.4
97903.7
97895.9
97888
97880.2
97872.4
97864.6
97856.8
97849.1
97841.4
97833.7
97826
97818.2
97810.4
97802.6
97794.9
97787.1
97779.1
97771.2
97763.2
97755
97746.8
97738.4
97729.7
97720.7
97711.4
97701.7
97691.5
97680.9
97669.6
97657.7
97645.2
97632.2
97618.8
97605.1
97591.1
97576.8
97562.6
97548.3
97534.3
97520.8
97507.6
97494.5
97482.1
97470.1
97458.7
97447.8
97436.8
97425.9
97414.7
97403.1
97391
97378
97364.3
97349.1
97331.9
97312.7
97291.2
97267.3
97242
97214.9
97186.5
97156.9
97127.9
97099.4
97073.1
97048.8
97028.4
97011.5
96999.5
96990.7
96987.9
96988.2
96995.5
97004.6
97022.1
97038.3
97064.7
97085
97117.6
97921.7
97937.5
97987.8
98014
98027.5
98041.3
98053.2
98062.7
98070.1
98076.2
98081.3
98085.7
98089.3
98092.4
98095
98097.1
98098.9
98100.3
98101.4
98102.3
98102.8
98103.2
98103.2
98103.1
98102.7
98102.2
98101.4
98100.4
98099.2
98097.8
98096.3
98094.5
98092.7
98090.6
98088.5
98086.2
98083.8
98081.3
98078.7
98076.1
98073.4
98070.7
98068
98065.3
98062.6
98060
98057.4
98054.9
98052.5
98050.3
98048.1
98046.2
98044.3
98042.7
98041.2
98039.8
98038.7
98037.7
98036.9
98036.3
98035.8
98035.4
98035.2
98035
98035
98035
98035
98035
98035
98035
98034.9
98034.7
98034.3
98033.8
98033.1
98032.2
98031
98029.6
98027.8
98025.8
98023.4
98020.6
98017.5
98014
98010.2
98006
98001.4
97996.4
97991.1
97985.5
97979.5
97973.2
97966.7
97959.9
97952.9
97945.7
97938.4
97930.9
97923.4
97915.8
97908.1
97900.5
97892.8
97885.2
97877.7
97870.1
97862.6
97855.2
97847.8
97840.5
97833.3
97826.1
97818.9
97811.7
97804.5
97797.4
97790.2
97783
97775.7
97768.4
97760.9
97753.4
97745.6
97737.6
97729.2
97720.4
97711.3
97701.6
97691.3
97680.5
97668.9
97656.7
97644
97631
97617.4
97603.4
97589.3
97575.1
97560.9
97546.9
97533.2
97519.7
97506.3
97493.3
97480.9
97469
97457.3
97445.7
97433.9
97421.9
97409.6
97396.7
97382.8
97368.2
97352.2
97334.5
97314.8
97292.9
97268.8
97243.6
97216.8
97188.7
97160
97131.8
97104.4
97079.4
97056.7
97038.1
97023.2
97013.7
97007.4
97007.4
97010.5
97020.7
97032.6
97052.9
97071.5
97100.1
97122.8
97157.1
97948.1
97929.7
97979.9
98003.9
98027.3
98042.3
98053.7
98062.5
98069.4
98075.1
98080.1
98084.3
98087.8
98090.8
98093.3
98095.4
98097.1
98098.6
98099.7
98100.6
98101.2
98101.6
98101.7
98101.6
98101.3
98100.8
98100.2
98099.3
98098.2
98097
98095.5
98094
98092.2
98090.4
98088.4
98086.3
98084.1
98081.7
98079.4
98076.9
98074.4
98071.9
98069.4
98066.9
98064.4
98062
98059.6
98057.4
98055.2
98053.1
98051.1
98049.3
98047.7
98046.1
98044.8
98043.6
98042.5
98041.6
98040.9
98040.3
98039.8
98039.5
98039.3
98039.1
98039
98038.9
98038.8
98038.8
98038.6
98038.4
98038.2
98037.7
98037.2
98036.4
98035.5
98034.3
98032.8
98031
98029
98026.6
98023.9
98020.8
98017.4
98013.5
98009.3
98004.8
97999.9
97994.6
97989
97983.1
97976.9
97970.4
97963.6
97956.7
97949.6
97942.3
97934.9
97927.4
97919.8
97912.3
97904.8
97897.3
97889.9
97882.5
97875.3
97868.1
97861
97854
97847.1
97840.4
97833.7
97827.1
97820.5
97814
97807.6
97801.2
97794.8
97788.3
97781.9
97775.3
97768.7
97761.9
97754.9
97747.6
97739.9
97731.8
97723.2
97714
97704.3
97693.9
97682.7
97670.9
97658.6
97645.8
97632.4
97618.6
97604.6
97590.6
97576.4
97562.4
97548.6
97534.8
97521
97507.6
97494.7
97482.3
97469.9
97457.6
97445
97432.3
97419.3
97405.7
97391
97375.5
97358.9
97340.8
97320.7
97298.7
97274.7
97249.8
97223.5
97196.3
97168.7
97141.9
97115.8
97092.6
97071.9
97055.8
97043.3
97036.5
97033.1
97036.2
97042.4
97055.8
97070.7
97093.8
97115.1
97146
97171
97207
97983
97951.7
97994.7
98015.2
98037
98048.7
98057.2
98064
98069.6
98074.4
98078.8
98082.7
98085.9
98088.7
98091.1
98093.1
98094.8
98096.3
98097.4
98098.3
98099
98099.4
98099.6
98099.6
98099.5
98099.1
98098.5
98097.8
98096.8
98095.8
98094.5
98093.1
98091.6
98089.9
98088.1
98086.2
98084.2
98082.1
98079.9
98077.7
98075.5
98073.2
98070.9
98068.7
98066.4
98064.2
98062.1
98060
98058
98056.2
98054.4
98052.8
98051.3
98049.9
98048.7
98047.6
98046.7
98045.9
98045.2
98044.7
98044.3
98043.9
98043.7
98043.5
98043.3
98043.1
98042.9
98042.7
98042.5
98042.1
98041.6
98041
98040.1
98039.1
98037.9
98036.4
98034.6
98032.5
98030.1
98027.4
98024.3
98020.9
98017.1
98012.9
98008.3
98003.4
97998.2
97992.6
97986.7
97980.5
97974
97967.3
97960.3
97953.2
97946
97938.6
97931.1
97923.7
97916.2
97908.8
97901.4
97894.2
97887
97880
97873.2
97866.4
97859.8
97853.4
97847.1
97841
97835
97829.1
97823.3
97817.6
97812
97806.5
97801
97795.4
97789.8
97784.2
97778.5
97772.6
97766.5
97759.9
97753
97745.6
97737.6
97729.1
97719.9
97710
97699.4
97688
97676.2
97663.7
97650.5
97637
97623.2
97609.3
97595.2
97581.2
97567.3
97553.2
97539.2
97525.3
97512
97499
97486
97473
97459.7
97446.3
97432.7
97418.4
97403
97386.9
97369.8
97351.4
97331.2
97309.2
97285.7
97261.4
97235.9
97209.9
97183.8
97158.8
97134.7
97113.7
97095.5
97082.2
97072.5
97068.9
97068.6
97075.2
97084.6
97101.4
97119.6
97145.5
97169.3
97202.6
97230
97267.4
98042.8
98011.3
98021
98030.4
98044.9
98053.2
98058.8
98063.8
98068.4
98072.6
98076.5
98080
98083
98085.6
98087.9
98089.9
98091.7
98093.1
98094.3
98095.3
98096
98096.6
98096.9
98097
98097
98096.8
98096.4
98095.8
98095
98094.1
98093.1
98091.9
98090.6
98089.1
98087.6
98085.9
98084.2
98082.3
98080.4
98078.5
98076.5
98074.5
98072.5
98070.5
98068.5
98066.6
98064.7
98062.9
98061.2
98059.6
98058
98056.6
98055.3
98054.1
98053.1
98052.1
98051.3
98050.6
98050
98049.5
98049.1
98048.7
98048.4
98048.2
98047.9
98047.7
98047.4
98047
98046.5
98046
98045.3
98044.4
98043.3
98042
98040.4
98038.6
98036.5
98034
98031.3
98028.2
98024.7
98020.9
98016.7
98012.1
98007.2
98001.9
97996.3
97990.3
97984.1
97977.6
97970.9
97963.9
97956.8
97949.6
97942.2
97934.8
97927.3
97919.9
97912.6
97905.3
97898.2
97891.2
97884.4
97877.9
97871.5
97865.3
97859.3
97853.5
97847.9
97842.5
97837.3
97832.3
97827.4
97822.7
97818
97813.5
97809
97804.5
97800
97795.4
97790.7
97785.8
97780.6
97775
97768.9
97762.3
97755
97747.3
97738.7
97729.4
97719.4
97708.6
97697.2
97685.1
97672.3
97659
97645.4
97631.6
97617.7
97603.8
97589.7
97575.5
97561.2
97547.1
97533.4
97519.8
97506.2
97492.5
97478.5
97464.6
97450.3
97435.4
97419.5
97402.8
97385.4
97366.9
97346.7
97325
97302.1
97278.5
97254.1
97229.6
97205.5
97182.6
97161
97142.6
97127.4
97117.2
97110.7
97110.4
97113.7
97124
97136.9
97157.2
97178.6
97207.4
97234
97269.5
97299.2
97337.8
98073.1
98050.3
98043.1
98043.3
98051.4
98056.8
98060.3
98063.8
98067.4
98071
98074.3
98077.4
98080.1
98082.5
98084.7
98086.6
98088.3
98089.8
98091
98092
98092.9
98093.5
98093.9
98094.2
98094.3
98094.2
98094
98093.6
98093
98092.3
98091.5
98090.5
98089.4
98088.2
98086.9
98085.5
98084
98082.4
98080.8
98079.2
98077.5
98075.7
98074
98072.3
98070.6
98068.9
98067.3
98065.7
98064.2
98062.8
98061.5
98060.3
98059.2
98058.2
98057.3
98056.5
98055.8
98055.2
98054.6
98054.2
98053.8
98053.5
98053.1
98052.8
98052.5
98052.1
98051.7
98051.2
98050.5
98049.8
98048.8
98047.7
98046.4
98044.8
98042.9
98040.8
98038.3
98035.5
98032.4
98028.9
98025.1
98020.9
98016.3
98011.4
98006.1
98000.4
97994.5
97988.2
97981.7
97975
97968
97960.8
97953.5
97946.2
97938.7
97931.3
97923.9
97916.6
97909.4
97902.3
97895.5
97888.9
97882.5
97876.4
97870.5
97864.9
97859.6
97854.5
97849.7
97845.2
97840.8
97836.7
97832.8
97829.2
97825.7
97822.2
97818.8
97815.5
97812.1
97808.7
97805.2
97801.3
97797.2
97792.5
97787.4
97781.6
97775.3
97768.3
97760.6
97752.1
97742.8
97732.6
97721.8
97710.1
97697.8
97684.9
97671.7
97658.2
97644.5
97630.7
97616.6
97602.3
97587.9
97573.6
97559.6
97545.6
97531.4
97517.1
97502.6
97488.2
97473.4
97457.9
97441.5
97424.5
97407
97388.5
97368.6
97347.5
97325.4
97302.8
97279.8
97257.1
97235.4
97215.2
97196.6
97181.4
97169.8
97163.3
97160.6
97164.2
97171.5
97185.9
97202.8
97227
97252.1
97284
97313.8
97351.8
97383.8
97423.6
98079.1
98068.2
98057.3
98052.4
98055
98058.2
98060.6
98063.1
98066
98069
98071.8
98074.4
98076.9
98079.1
98081.2
98083.1
98084.7
98086.2
98087.5
98088.6
98089.5
98090.2
98090.8
98091.2
98091.4
98091.5
98091.4
98091.2
98090.9
98090.4
98089.8
98089
98088.2
98087.2
98086.2
98085
98083.8
98082.5
98081.1
98079.7
98078.3
98076.9
98075.4
98074
98072.5
98071.1
98069.8
98068.5
98067.2
98066.1
98065
98064
98063
98062.2
98061.4
98060.8
98060.2
98059.7
98059.2
98058.8
98058.4
98058.1
98057.8
98057.4
98057
98056.5
98056
98055.3
98054.5
98053.5
98052.4
98051
98049.4
98047.6
98045.4
98042.9
98040.2
98037
98033.6
98029.7
98025.5
98021
98016.1
98010.8
98005.2
97999.2
97993
97986.4
97979.6
97972.6
97965.4
97958.1
97950.6
97943.2
97935.7
97928.3
97920.9
97913.8
97906.8
97900
97893.5
97887.3
97881.3
97875.7
97870.5
97865.5
97860.9
97856.6
97852.7
97849
97845.7
97842.6
97839.8
97837.3
97834.9
97832.7
97830.5
97828.5
97826.4
97824.2
97821.9
97819.3
97816.2
97812.7
97808.6
97803.9
97798.6
97792.6
97785.8
97778.2
97769.7
97760.4
97750.2
97739.1
97727.5
97715.3
97702.6
97689.5
97676.2
97662.6
97648.7
97634.5
97620.2
97605.9
97591.6
97577.3
97562.7
97548.1
97533.3
97518.5
97503.4
97487.6
97471
97454
97436.5
97418.2
97398.9
97378.8
97357.9
97336.7
97315.5
97295.2
97276.3
97259.3
97244.4
97233.1
97225.5
97223.3
97225.1
97233.2
97245
97263.9
97285.3
97313.5
97342.6
97378.1
97411.3
97451.7
97486
97527
98072.9
98068.8
98062.7
98057.7
98056.9
98058.2
98059.8
98061.6
98063.8
98066.2
98068.5
98070.8
98072.9
98075
98076.9
98078.7
98080.4
98081.8
98083.2
98084.3
98085.3
98086.2
98086.9
98087.5
98087.9
98088.2
98088.4
98088.4
98088.3
98088
98087.7
98087.2
98086.6
98086
98085.2
98084.4
98083.4
98082.5
98081.4
98080.4
98079.3
98078.1
98077
98075.9
98074.8
98073.7
98072.6
98071.6
98070.6
98069.7
98068.9
98068.1
98067.4
98066.7
98066.2
98065.6
98065.2
98064.8
98064.4
98064
98063.7
98063.3
98062.9
98062.5
98062
98061.5
98060.8
98059.9
98059
98057.8
98056.4
98054.8
98052.9
98050.7
98048.3
98045.5
98042.4
98038.9
98035.1
98030.9
98026.3
98021.4
98016.1
98010.5
98004.5
97998.3
97991.7
97984.9
97977.8
97970.5
97963.2
97955.7
97948.1
97940.6
97933.1
97925.8
97918.6
97911.6
97904.9
97898.5
97892.4
97886.6
97881.2
97876.2
97871.6
97867.5
97863.7
97860.3
97857.4
97854.8
97852.5
97850.6
97849
97847.8
97846.7
97845.8
97845
97844.3
97843.7
97842.9
97841.9
97840.6
97838.9
97836.6
97833.7
97830.2
97826.1
97821.2
97815.5
97808.9
97801.3
97792.9
97783.6
97773.3
97762.5
97751.1
97739.1
97726.6
97713.7
97700.6
97687
97673
97658.8
97644.7
97630.3
97615.8
97601.1
97586.3
97571.4
97556.4
97541.1
97525.2
97508.8
97492
97474.6
97456.8
97438.4
97419.4
97399.9
97380.5
97361.4
97343.9
97328
97314.4
97303.4
97296.5
97293.3
97295.6
97302.1
97314.8
97331.4
97354.7
97380.6
97412.7
97445.7
97484.7
97521.1
97563.6
97599.6
97641.2
98065.9
98063.8
98061.2
98058
98056.3
98056.4
98057.3
98058.6
98060.2
98062
98063.9
98065.8
98067.7
98069.6
98071.4
98073.1
98074.8
98076.3
98077.7
98079
98080.2
98081.2
98082.1
98082.9
98083.6
98084.1
98084.6
98084.9
98085
98085.1
98085.1
98085
98084.7
98084.4
98084
98083.5
98083
98082.4
98081.7
98081
98080.3
98079.6
98078.8
98078.1
98077.3
98076.6
98075.9
98075.2
98074.5
98073.9
98073.3
98072.8
98072.3
98071.9
98071.5
98071.1
98070.8
98070.5
98070.2
98069.9
98069.6
98069.2
98068.8
98068.3
98067.7
98067
98066.1
98065.1
98064
98062.6
98060.9
98059
98056.9
98054.4
98051.6
98048.5
98045
98041.2
98037
98032.5
98027.5
98022.3
98016.6
98010.7
98004.4
97997.8
97990.9
97983.8
97976.5
97969.1
97961.6
97954
97946.4
97938.8
97931.4
97924.2
97917.2
97910.5
97904.2
97898.1
97892.5
97887.3
97882.6
97878.3
97874.5
97871.2
97868.4
97866.1
97864.3
97862.8
97861.8
97861.2
97861
97861.1
97861.5
97862
97862.7
97863.6
97864.4
97865.2
97865.7
97865.9
97865.5
97864.7
97863.2
97861.2
97858.4
97854.9
97850.4
97845
97838.5
97831.1
97822.8
97813.7
97803.8
97793.3
97782.2
97770.5
97758.3
97745.8
97732.6
97719
97705.2
97691.3
97677
97662.6
97648
97633.3
97618.4
97603.3
97588.1
97572.3
97556.4
97540
97522.9
97505.8
97488.4
97470.8
97453.1
97435.8
97419.1
97404.5
97391.9
97381.9
97375.1
97372.7
97374.2
97381.1
97392.4
97409.8
97431.3
97459.1
97489.2
97525.2
97561.7
97603.8
97643.2
97687
97724.2
97765.7
98058.5
98056.7
98055.2
98053.6
98052.2
98051.9
98052.3
98053.3
98054.6
98056
98057.6
98059.3
98061.1
98062.9
98064.7
98066.4
98068.1
98069.7
98071.3
98072.7
98074.1
98075.3
98076.5
98077.5
98078.5
98079.3
98080.1
98080.7
98081.3
98081.7
98082.1
98082.3
98082.5
98082.6
98082.6
98082.6
98082.4
98082.3
98082.1
98081.8
98081.5
98081.2
98080.9
98080.5
98080.2
98079.9
98079.5
98079.2
98078.9
98078.6
98078.4
98078.1
98077.9
98077.7
98077.5
98077.3
98077.1
98076.9
98076.7
98076.5
98076.2
98075.8
98075.3
98074.8
98074.1
98073.3
98072.2
98071.1
98069.7
98068
98066.1
98064
98061.5
98058.7
98055.6
98052.2
98048.4
98044.2
98039.7
98034.8
98029.5
98023.9
98018
98011.7
98005.1
97998.2
97991.1
97983.8
97976.3
97968.8
97961.1
97953.5
97945.9
97938.5
97931.2
97924.2
97917.5
97911.1
97905.2
97899.7
97894.6
97890.1
97886.1
97882.7
97879.8
97877.5
97875.8
97874.7
97874
97873.8
97874.2
97875
97876.3
97877.9
97879.8
97882
97884.4
97886.9
97889.4
97891.8
97894
97895.8
97897.1
97897.8
97898
97897.6
97896.4
97894.4
97891.4
97887.3
97882.1
97876.1
97869.1
97861.3
97852.6
97843.3
97833.2
97822.6
97811.3
97799.6
97787.1
97774.1
97760.9
97747.5
97733.6
97719.6
97705.4
97691
97676.3
97661.4
97646.4
97631.1
97615.8
97600
97583.7
97567.5
97551.4
97535.3
97519.7
97504.7
97490.9
97479.4
97470.3
97464
97461.6
97463.7
97469.9
97481.5
97497.5
97519.5
97545.8
97577.8
97611.9
97651.3
97690.8
97735.6
97777.1
97821.5
97859.4
97900
98049.4
98047.7
98046.6
98045.9
98045.3
98045
98045.3
98046.1
98047.1
98048.4
98049.9
98051.5
98053.2
98054.9
98056.7
98058.5
98060.2
98061.9
98063.6
98065.3
98066.9
98068.4
98069.8
98071.2
98072.5
98073.7
98074.8
98075.9
98076.8
98077.7
98078.5
98079.2
98079.9
98080.4
98081
98081.4
98081.8
98082.1
98082.4
98082.7
98082.9
98083.1
98083.3
98083.4
98083.5
98083.6
98083.7
98083.8
98083.9
98084
98084.1
98084.2
98084.3
98084.3
98084.3
98084.4
98084.3
98084.3
98084.1
98083.9
98083.7
98083.3
98082.8
98082.2
98081.4
98080.4
98079.3
98077.9
98076.3
98074.4
98072.3
98069.9
98067.2
98064.1
98060.7
98057
98052.9
98048.4
98043.6
98038.4
98032.8
98026.9
98020.7
98014.1
98007.3
98000.2
97992.9
97985.4
97977.9
97970.2
97962.6
97955
97947.5
97940.2
97933.2
97926.5
97920.2
97914.3
97908.9
97904
97899.6
97895.9
97892.8
97890.3
97888.4
97887.3
97886.7
97886.8
97887.5
97888.8
97890.6
97893
97895.9
97899.1
97902.7
97906.7
97910.8
97915.1
97919.4
97923.7
97927.6
97931.3
97934.4
97937
97939.1
97940.5
97941.2
97940.9
97939.5
97937
97933.5
97929.1
97923.7
97917.4
97910.3
97902.4
97893.7
97884.4
97874.4
97863.7
97852.2
97840.2
97827.9
97815.2
97802.1
97788.8
97775.2
97761.4
97747.2
97732.7
97718.3
97703.7
97689.3
97674.4
97659.3
97644.4
97629.7
97615.5
97602.1
97589.6
97578.9
97570.6
97565
97562.6
97564.4
97570.9
97581.5
97597.7
97618.2
97644.7
97675.1
97710.9
97748.4
97790.7
97832.8
97879.2
97922
97966.3
98004.2
98043.2
98038
98036.7
98035.9
98035.6
98035.5
98035.6
98036
98036.8
98037.8
98039.1
98040.5
98042.1
98043.8
98045.6
98047.4
98049.3
98051.3
98053.2
98055.1
98057
98058.9
98060.7
98062.5
98064.3
98065.9
98067.6
98069.1
98070.6
98072.1
98073.5
98074.8
98076
98077.2
98078.3
98079.4
98080.4
98081.3
98082.2
98083.1
98083.9
98084.7
98085.4
98086.1
98086.8
98087.4
98088
98088.6
98089.2
98089.7
98090.2
98090.7
98091.1
98091.5
98091.8
98092.1
98092.3
98092.5
98092.6
98092.5
98092.4
98092.2
98091.8
98091.3
98090.6
98089.8
98088.7
98087.4
98085.9
98084.1
98082.1
98079.8
98077.1
98074.2
98070.9
98067.3
98063.3
98058.9
98054.3
98049.2
98043.8
98038
98031.9
98025.5
98018.8
98011.8
98004.6
97997.3
97989.8
97982.2
97974.6
97967.1
97959.7
97952.4
97945.4
97938.8
97932.5
97926.6
97921.3
97916.5
97912.4
97908.8
97906
97903.8
97902.4
97901.7
97901.7
97902.4
97903.8
97906
97908.8
97912.3
97916.3
97920.9
97925.9
97931.4
97937.2
97943.2
97949.5
97955.8
97962
97968
97973.7
97978.9
97983.7
97987.9
97991.4
97994.1
97995.8
97996.3
97995.8
97994.2
97991.7
97988.2
97983.9
97978.6
97972.5
97965.6
97957.9
97949.3
97940.2
97930.1
97919.5
97908.4
97896.8
97884.9
97872.6
97860
97847.1
97833.8
97820.1
97806.5
97792.9
97779.6
97765.9
97752.2
97738.9
97725.8
97713.7
97702.7
97692.8
97685.2
97680.3
97678.2
97679.6
97685.2
97695.8
97710.5
97730.6
97755.2
97785.7
97819.4
97858.4
97898.6
97942.9
97986.8
98033.8
98076.9
98120.3
98157.4
98193.9
98025.5
98024.7
98024.3
98024.4
98024.6
98025.1
98025.7
98026.6
98027.7
98029.1
98030.6
98032.3
98034.1
98036
98038
98040.1
98042.2
98044.3
98046.5
98048.7
98050.9
98053
98055.2
98057.3
98059.4
98061.4
98063.5
98065.4
98067.4
98069.3
98071.1
98072.9
98074.6
98076.3
98078
98079.6
98081.2
98082.7
98084.2
98085.6
98087
98088.3
98089.6
98090.8
98092
98093.2
98094.3
98095.3
98096.3
98097.3
98098.1
98098.9
98099.7
98100.3
98100.9
98101.4
98101.7
98102
98102.1
98102.1
98101.9
98101.6
98101.1
98100.4
98099.5
98098.4
98097.1
98095.5
98093.6
98091.5
98089
98086.3
98083.2
98079.8
98076
98071.9
98067.5
98062.7
98057.6
98052.1
98046.2
98040.1
98033.7
98027
98020
98012.9
98005.6
97998.2
97990.8
97983.5
97976.2
97969.1
97962.2
97955.7
97949.5
97943.8
97938.6
97934
97929.9
97926.6
97923.9
97922
97920.9
97920.6
97921.1
97922.4
97924.5
97927.3
97931
97935.5
97940.6
97946.4
97952.8
97959.7
97967.1
97974.9
97983
97991.4
97999.8
98008.3
98016.6
98024.6
98032.2
98039.4
98046
98051.8
98056.8
98060.7
98063.6
98065.4
98066.2
98066
98064.7
98062.6
98059.5
98055.6
98050.8
98045.1
98038.5
98031.3
98023.3
98014.5
98005.2
97995.2
97984.9
97974
97962.7
97951.1
97938.9
97926.6
97914.1
97901.9
97889.8
97877.6
97865.6
97853.9
97842.7
97832.7
97824.1
97817
97812.4
97810.6
97811.8
97816.8
97825.8
97839.9
97858
97881.3
97909.4
97942.8
97979
98020.2
98062.1
98107.5
98152.1
98198.6
98240.9
98282.3
98317.5
98350.3
98014.1
98013.7
98013.6
98014
98014.6
98015.3
98016.2
98017.3
98018.5
98020
98021.7
98023.5
98025.4
98027.4
98029.5
98031.8
98034.1
98036.4
98038.8
98041.2
98043.7
98046.2
98048.7
98051.2
98053.7
98056.2
98058.6
98061.1
98063.5
98065.9
98068.3
98070.7
98073
98075.3
98077.6
98079.8
98082
98084.1
98086.2
98088.2
98090.2
98092.2
98094.1
98095.9
98097.7
98099.4
98101
98102.6
98104.1
98105.5
98106.8
98108
98109.1
98110
98110.9
98111.6
98112.3
98112.7
98113
98113.2
98113.1
98112.9
98112.5
98111.9
98111.1
98110
98108.7
98107.1
98105.3
98103.2
98100.8
98098
98095
98091.7
98088
98084
98079.6
98074.9
98069.9
98064.6
98058.9
98053
98046.7
98040.3
98033.6
98026.7
98019.8
98012.8
98005.8
97998.8
97992
97985.4
97979.1
97973.2
97967.7
97962.7
97958.2
97954.4
97951.2
97948.8
97947.1
97946.3
97946.3
97947.1
97948.8
97951.4
97954.9
97959.3
97964.5
97970.6
97977.4
97985
97993.3
98002.1
98011.6
98021.5
98031.9
98042.5
98053.3
98064.2
98075
98085.6
98095.9
98105.8
98115
98123.5
98131.1
98137.7
98143.3
98147.8
98151.3
98153.7
98155
98155.5
98155
98153.7
98151.5
98148.4
98144.4
98139.7
98134.3
98128
98120.9
98113.2
98105
98095.9
98086.3
98076.2
98065.7
98055
98044.1
98033.3
98022.8
98012.1
98001.8
97992
97982.7
97974.9
97968.8
97964.3
97962.3
97963.2
97967.4
97975.3
97987.1
98003.8
98024.5
98050.3
98080.5
98115.7
98153.3
98195.2
98237.7
98283.1
98326.9
98371.7
98412
98450.1
98482.1
98510
98007.7
98007.5
98007.7
98008.2
98008.9
98009.8
98010.8
98012
98013.3
98014.9
98016.6
98018.4
98020.3
98022.4
98024.6
98026.9
98029.3
98031.8
98034.3
98036.9
98039.6
98042.3
98045
98047.8
98050.6
98053.4
98056.2
98059
98061.9
98064.7
98067.6
98070.4
98073.3
98076.1
98078.9
98081.7
98084.4
98087.1
98089.8
98092.4
98095
98097.5
98100
98102.4
98104.7
98107
98109.1
98111.2
98113.1
98115
98116.7
98118.3
98119.8
98121.1
98122.3
98123.3
98124.2
98124.9
98125.5
98125.9
98126
98126
98125.8
98125.4
98124.7
98123.9
98122.8
98121.4
98119.8
98117.9
98115.8
98113.3
98110.6
98107.6
98104.3
98100.6
98096.7
98092.4
98087.9
98083
98077.8
98072.4
98066.7
98060.8
98054.7
98048.4
98042.1
98035.7
98029.4
98023.2
98017.1
98011.2
98005.7
98000.6
97995.9
97991.7
97988.1
97985.2
97983
97981.5
97980.9
97981.1
97982.2
97984.3
97987.2
97991.1
97996
98001.8
98008.6
98016.2
98024.7
98034.1
98044.3
98055.1
98066.7
98078.9
98091.6
98104.7
98118.1
98131.6
98145.2
98158.7
98171.8
98184.6
98196.9
98208.3
98218.9
98228.5
98237.2
98244.8
98251.2
98256.7
98261.1
98264.7
98267.2
98269
98269.9
98269.9
98269.1
98267.6
98265.2
98262
98257.9
98252.9
98247.2
98240.5
98233
98224.9
98216.5
98207.7
98198.5
98189.2
98180.2
98171.3
98162.7
98154.8
98147.6
98141.8
98137.7
98135.4
98135.6
98138.4
98144.6
98154.4
98168.2
98186.5
98208.8
98235.8
98266.8
98302.1
98339.7
98380.9
98422.4
98466.1
98507.8
98549.5
98586.4
98620.2
98647.7
98669.6
98011.2
98011
98011.1
98011.5
98012.1
98012.9
98013.8
98014.8
98016
98017.4
98018.9
98020.5
98022.3
98024.2
98026.3
98028.4
98030.7
98033.1
98035.5
98038
98040.7
98043.4
98046.1
98049
98051.8
98054.8
98057.8
98060.8
98063.9
98067
98070.1
98073.2
98076.4
98079.6
98082.8
98085.9
98089.1
98092.2
98095.3
98098.4
98101.5
98104.5
98107.4
98110.2
98113
98115.7
98118.3
98120.8
98123.1
98125.4
98127.5
98129.5
98131.3
98133
98134.5
98135.9
98137.1
98138.1
98139
98139.6
98140.1
98140.4
98140.5
98140.5
98140.2
98139.7
98139
98138.1
98136.9
98135.6
98134
98132.1
98130
98127.7
98125.1
98122.2
98119
98115.6
98111.8
98107.8
98103.6
98099
98094.3
98089.3
98084.2
98078.9
98073.5
98068.1
98062.8
98057.5
98052.4
98047.5
98043
98038.8
98035.1
98031.8
98029.2
98027.3
98026.1
98025.6
98026
98027.3
98029.5
98032.6
98036.7
98041.8
98047.9
98055
98063.2
98072.3
98082.5
98093.6
98105.6
98118.5
98132.2
98146.7
98161.9
98177.5
98193.6
98209.9
98226.4
98242.9
98259.3
98275.4
98290.8
98305.5
98319.4
98332.4
98344.5
98355.5
98365.6
98374.7
98382.7
98389.9
98396.1
98401.5
98406.1
98410
98413.1
98415.4
98416.8
98417.2
98416.8
98415.2
98412.6
98409.1
98404.6
98399.2
98393.3
98386.8
98379.8
98372.5
98365.4
98358.5
98352
98346.1
98341
98337.1
98334.8
98334.4
98336.3
98340.5
98348
98358.9
98373.7
98392.7
98415.7
98442.9
98473.4
98507.7
98544.1
98583.3
98622.3
98663
98701.2
98738.7
98771
98799.6
98821.6
98836.6
98025.1
98024.7
98024.5
98024.6
98024.8
98025.2
98025.7
98026.3
98027.2
98028.1
98029.2
98030.5
98031.9
98033.4
98035.1
98036.9
98038.8
98040.8
98043
98045.2
98047.6
98050.1
98052.6
98055.3
98058
98060.8
98063.7
98066.7
98069.8
98072.9
98076
98079.2
98082.5
98085.7
98089.1
98092.4
98095.7
98099.1
98102.4
98105.7
98109
98112.2
98115.4
98118.6
98121.6
98124.6
98127.4
98130.2
98132.9
98135.4
98137.8
98140
98142.2
98144.1
98145.9
98147.6
98149.1
98150.5
98151.6
98152.7
98153.5
98154.2
98154.8
98155.1
98155.3
98155.4
98155.3
98155
98154.5
98153.8
98153
98152
98150.7
98149.3
98147.6
98145.7
98143.6
98141.2
98138.6
98135.7
98132.6
98129.3
98125.7
98121.9
98117.9
98113.9
98109.7
98105.5
98101.2
98097.1
98093.1
98089.3
98085.7
98082.6
98079.8
98077.6
98075.9
98074.9
98074.5
98075
98076.3
98078.4
98081.5
98085.5
98090.5
98096.6
98103.7
98111.9
98121.3
98131.8
98143.4
98156
98169.7
98184.4
98200.1
98216.7
98234
98252
98270.6
98289.6
98308.8
98328.2
98347.7
98366.8
98385.4
98403.4
98420.6
98436.9
98452.4
98467
98480.7
98493.4
98505.3
98516.2
98526.3
98535.6
98544.2
98552.1
98559.4
98565.9
98571.4
98576
98579.5
98581.8
98582.8
98582.8
98581.6
98579.5
98576.4
98572.7
98568.3
98563.5
98558.8
98554.2
98549.7
98545.8
98542.6
98540.6
98539.9
98540.9
98544
98549.3
98557.3
98568.6
98583.5
98602.5
98625
98651.4
98680.4
98712.8
98746.7
98782.9
98818.8
98855.3
98889.3
98922
98949.3
98972.3
98988.6
98996.7
98045.3
98044.4
98043.8
98043.4
98043.1
98042.9
98042.9
98043.1
98043.4
98043.8
98044.4
98045.1
98046
98047
98048.2
98049.5
98050.9
98052.5
98054.2
98056
98058
98060.1
98062.3
98064.6
98067
98069.6
98072.2
98075
98077.8
98080.7
98083.7
98086.8
98090
98093.2
98096.4
98099.8
98103.1
98106.4
98109.8
98113.2
98116.5
98119.9
98123.1
98126.4
98129.6
98132.7
98135.7
98138.6
98141.4
98144.1
98146.7
98149.1
98151.5
98153.7
98155.7
98157.6
98159.4
98161
98162.5
98163.9
98165.1
98166.2
98167.2
98168.1
98168.8
98169.4
98169.9
98170.3
98170.5
98170.7
98170.6
98170.5
98170.2
98169.7
98169
98168.2
98167.1
98165.9
98164.4
98162.7
98160.8
98158.6
98156.2
98153.7
98150.9
98148
98145
98142
98138.9
98135.8
98132.8
98130
98127.4
98125.1
98123.3
98121.8
98121
98120.7
98121.1
98122.2
98124.2
98127.1
98130.8
98135.5
98141.2
98148
98155.9
98165
98175.3
98186.8
98199.5
98213.4
98228.4
98244.6
98261.9
98280.1
98299.3
98319.3
98339.9
98361.1
98382.7
98404.6
98426.5
98448.3
98469.6
98490.5
98510.5
98529.8
98548.3
98565.9
98582.8
98598.7
98613.9
98628.2
98641.8
98654.6
98666.9
98678.6
98689.7
98700
98709.5
98717.9
98725.1
98731
98735.5
98738.7
98740.6
98741.3
98741.1
98739.9
98738
98735.7
98733.2
98730.6
98727.9
98725.7
98724
98723.4
98723.8
98725.8
98729.4
98735
98743
98754.1
98768.5
98786.6
98807.9
98832.6
98859.6
98889.4
98920.3
98953.1
98985.3
99017.7
99047.5
99075.5
99098.1
99116.1
99127.2
99129
98067.8
98066.5
98065.3
98064.4
98063.6
98062.8
98062.3
98061.8
98061.6
98061.4
98061.5
98061.6
98062
98062.4
98063
98063.8
98064.7
98065.8
98067
98068.4
98069.9
98071.5
98073.3
98075.2
98077.2
98079.4
98081.7
98084.1
98086.7
98089.3
98092.1
98094.9
98097.9
98100.9
98104
98107.2
98110.4
98113.7
98117
98120.3
98123.6
98126.9
98130.2
98133.4
98136.6
98139.7
98142.8
98145.8
98148.7
98151.5
98154.2
98156.8
98159.3
98161.6
98163.9
98166
98168
98169.9
98171.7
98173.4
98175
98176.5
98177.9
98179.2
98180.4
98181.6
98182.7
98183.7
98184.7
98185.5
98186.3
98187
98187.5
98188
98188.3
98188.5
98188.4
98188.2
98187.9
98187.2
98186.4
98185.4
98184.2
98182.7
98181.1
98179.3
98177.4
98175.3
98173.2
98171.1
98169
98167.1
98165.4
98163.9
98162.8
98162
98161.8
98162.1
98163.1
98164.8
98167.4
98170.7
98175
98180.2
98186.4
98193.8
98202.3
98212.2
98223.2
98235.5
98249
98263.9
98280
98297.3
98315.9
98335.5
98356.2
98377.8
98400.2
98423.2
98446.7
98470.5
98494.6
98518.6
98542.2
98565.3
98587.8
98609.5
98630.6
98650.8
98670.3
98688.9
98706.9
98724.2
98740.8
98756.8
98772.4
98787.5
98802
98815.7
98828.6
98840.5
98851.1
98860.2
98867.8
98874
98878.7
98882.1
98884.3
98885.5
98885.9
98885.7
98885
98884.2
98883.1
98882.4
98881.8
98882.2
98883.4
98886
98889.8
98895.4
98903
98913.6
98927
98943.8
98963.5
98986.2
99010.8
99037.9
99065.6
99095
99123.5
99152
99177.8
99201.5
99220
99233.4
99239.9
99236.4
98089.8
98088
98086.4
98084.9
98083.6
98082.3
98081.2
98080.3
98079.4
98078.8
98078.3
98077.9
98077.7
98077.6
98077.7
98077.9
98078.3
98078.9
98079.6
98080.5
98081.5
98082.7
98084.1
98085.5
98087.2
98089
98090.9
98093
98095.2
98097.6
98100
98102.6
98105.3
98108.1
98111
98114
98117.1
98120.2
98123.4
98126.6
98129.8
98133
98136.2
98139.4
98142.6
98145.7
98148.7
98151.8
98154.7
98157.5
98160.3
98163
98165.6
98168.1
98170.5
98172.8
98175
98177.1
98179.2
98181.1
98183
98184.9
98186.7
98188.4
98190.1
98191.8
98193.5
98195.1
98196.6
98198.2
98199.7
98201.1
98202.5
98203.7
98204.9
98205.9
98206.8
98207.6
98208.1
98208.5
98208.6
98208.6
98208.3
98207.8
98207.2
98206.3
98205.3
98204.1
98202.9
98201.6
98200.3
98199.1
98198.1
98197.3
98196.7
98196.6
98196.9
98197.7
98199.2
98201.3
98204.3
98208
98212.7
98218.3
98225
98232.8
98241.9
98252.2
98263.8
98276.7
98290.9
98306.5
98323.5
98341.8
98361.3
98382
98403.9
98426.9
98450.7
98475.1
98500.1
98525.6
98551.4
98577.1
98602.5
98627.5
98651.9
98675.7
98698.8
98721.1
98742.8
98763.7
98783.9
98803.6
98822.8
98841.6
98860.1
98878
98895.4
98912
98927.8
98942.5
98956
98968
98978.2
98987.1
98994.3
99000
99004.4
99007.7
99010
99011.5
99012.5
99013.1
99013.3
99013.7
99014.2
99015.2
99017
99019.8
99023.6
99029
99036.2
99046
99058.3
99073.7
99091.8
99112.4
99134.6
99159
99183.8
99210.1
99235.2
99260.3
99282.4
99302.4
99317.3
99326.9
99329.6
99321.8
98109.4
98107.2
98105.2
98103.3
98101.4
98099.7
98098.2
98096.7
98095.4
98094.3
98093.3
98092.5
98091.8
98091.2
98090.8
98090.6
98090.6
98090.7
98091
98091.4
98092
98092.8
98093.7
98094.8
98096.1
98097.5
98099.1
98100.9
98102.8
98104.9
98107.1
98109.4
98111.9
98114.4
98117.1
98119.9
98122.8
98125.8
98128.8
98131.8
98134.9
98138.1
98141.2
98144.3
98147.4
98150.5
98153.5
98156.5
98159.5
98162.4
98165.2
98167.9
98170.6
98173.2
98175.7
98178.2
98180.5
98182.9
98185.1
98187.3
98189.5
98191.7
98193.8
98195.9
98198.1
98200.2
98202.3
98204.4
98206.6
98208.7
98210.8
98212.9
98214.9
98216.9
98218.7
98220.5
98222.2
98223.7
98225
98226.2
98227.1
98227.8
98228.4
98228.7
98228.8
98228.7
98228.4
98227.9
98227.4
98226.8
98226.1
98225.5
98225.1
98224.8
98224.8
98225
98225.8
98227
98228.8
98231.3
98234.6
98238.7
98243.6
98249.6
98256.7
98264.9
98274.3
98285
98297
98310.4
98325.1
98341.3
98359
98378
98398.3
98419.9
98442.8
98466.8
98491.7
98517.3
98543.5
98570.2
98597.2
98624.3
98651.2
98677.6
98703.5
98728.8
98753.5
98777.5
98800.9
98823.6
98845.8
98867.4
98888.8
98909.9
98930.6
98950.9
98970.7
98989.6
99007.8
99024.8
99040.7
99055
99067.5
99078.5
99087.8
99095.5
99101.7
99106.8
99110.6
99113.5
99115.7
99117.5
99118.9
99120.1
99121.3
99122.8
99124.9
99127.9
99131.5
99136.7
99143.4
99152.5
99163.7
99177.8
99194.1
99212.9
99232.9
99255
99277.3
99300.9
99323.1
99345.3
99364.4
99381.2
99393.1
99399.8
99399.3
99388.1
98125.8
98123.3
98120.9
98118.6
98116.4
98114.3
98112.3
98110.5
98108.8
98107.3
98105.9
98104.6
98103.5
98102.6
98101.8
98101.2
98100.8
98100.5
98100.4
98100.5
98100.7
98101.2
98101.8
98102.6
98103.5
98104.6
98106
98107.4
98109.1
98110.9
98112.8
98114.9
98117.2
98119.6
98122.1
98124.7
98127.4
98130.2
98133.1
98136.1
98139
98142.1
98145.1
98148.2
98151.2
98154.3
98157.3
98160.3
98163.2
98166.1
98168.9
98171.7
98174.5
98177.1
98179.8
98182.3
98184.9
98187.3
98189.8
98192.2
98194.6
98197.1
98199.5
98202
98204.4
98206.9
98209.4
98212
98214.6
98217.2
98219.8
98222.4
98224.9
98227.4
98229.9
98232.3
98234.5
98236.6
98238.5
98240.3
98241.9
98243.2
98244.4
98245.3
98246
98246.5
98246.7
98246.9
98246.8
98246.7
98246.6
98246.5
98246.4
98246.6
98246.9
98247.5
98248.6
98250.1
98252.2
98255
98258.6
98262.9
98268.2
98274.4
98281.7
98290.2
98299.9
98310.9
98323.3
98337
98352.2
98368.8
98387
98406.6
98427.5
98449.8
98473.4
98498.1
98523.9
98550.4
98577.5
98605.1
98633.1
98661.2
98689.2
98716.7
98743.7
98770.2
98796.1
98821.4
98846.1
98870.2
98893.8
98917.1
98940.2
98963
98985.5
99007.6
99029.3
99050.2
99070.3
99089.1
99106.8
99123
99137.3
99150
99161
99170.3
99177.9
99184.3
99189.3
99193.3
99196.6
99199.3
99201.5
99203.3
99205
99206.9
99209.2
99212.2
99215.7
99220.6
99226.8
99235.2
99245.5
99258.4
99273.3
99290.5
99308.8
99328.9
99349.1
99370.5
99390.5
99410.3
99426.9
99441.4
99450.8
99455.2
99452.1
99438.3
98138.7
98135.8
98133.2
98130.6
98128.1
98125.7
98123.5
98121.3
98119.3
98117.5
98115.8
98114.2
98112.8
98111.6
98110.5
98109.6
98108.8
98108.3
98107.9
98107.7
98107.6
98107.8
98108.1
98108.6
98109.3
98110.2
98111.3
98112.6
98114
98115.6
98117.3
98119.3
98121.3
98123.6
98125.9
98128.4
98131
98133.7
98136.4
98139.3
98142.2
98145.1
98148.1
98151.1
98154.1
98157.1
98160.1
98163.1
98166
98168.9
98171.8
98174.6
98177.4
98180.2
98182.9
98185.6
98188.2
98190.9
98193.5
98196.1
98198.7
98201.4
98204.1
98206.8
98209.5
98212.3
98215.1
98218
98220.9
98223.9
98226.9
98229.8
98232.8
98235.7
98238.6
98241.4
98244.1
98246.6
98249
98251.2
98253.2
98255.1
98256.6
98258
98259.1
98260.1
98260.8
98261.3
98261.7
98262
98262.2
98262.4
98262.7
98263.1
98263.8
98264.7
98266
98267.8
98270.1
98273.1
98276.9
98281.4
98286.9
98293.3
98300.9
98309.6
98319.5
98330.7
98343.3
98357.4
98372.8
98389.9
98408.4
98428.4
98449.8
98472.6
98496.7
98522
98548.4
98575.5
98603.3
98631.7
98660.4
98689.2
98717.9
98746.2
98774.1
98801.5
98828.3
98854.4
98880.2
98905.3
98930.1
98954.6
98978.9
99003.1
99027
99050.5
99073.6
99095.9
99117.4
99137.7
99156.8
99174.4
99190.1
99204.1
99216.3
99226.7
99235.5
99242.9
99248.9
99253.8
99257.8
99261.2
99263.9
99266.2
99268.3
99270.4
99272.9
99275.9
99279.2
99283.8
99289.7
99297.5
99307.1
99319
99332.7
99348.6
99365.6
99384.2
99402.8
99422.5
99440.6
99458.7
99473.4
99486
99493.5
99496.2
99491.1
99475.5
98148.2
98145.2
98142.3
98139.5
98136.8
98134.2
98131.7
98129.4
98127.2
98125.1
98123.1
98121.4
98119.7
98118.2
98116.9
98115.8
98114.8
98114
98113.4
98113
98112.7
98112.7
98112.8
98113.1
98113.6
98114.4
98115.3
98116.3
98117.6
98119.1
98120.7
98122.5
98124.4
98126.5
98128.7
98131.1
98133.6
98136.2
98138.9
98141.6
98144.5
98147.4
98150.3
98153.3
98156.2
98159.2
98162.2
98165.2
98168.1
98171.1
98174
98176.9
98179.7
98182.6
98185.4
98188.1
98190.9
98193.7
98196.4
98199.2
98202
98204.8
98207.6
98210.5
98213.5
98216.5
98219.5
98222.6
98225.8
98229
98232.2
98235.5
98238.7
98241.9
98245.1
98248.2
98251.2
98254
98256.7
98259.3
98261.6
98263.8
98265.7
98267.3
98268.8
98270
98271
98271.9
98272.5
98273.1
98273.6
98274.1
98274.6
98275.3
98276.1
98277.2
98278.7
98280.7
98283.2
98286.4
98290.3
98295
98300.6
98307.2
98314.9
98323.8
98333.9
98345.3
98358.1
98372.3
98388.1
98405.3
98424.1
98444.4
98466.2
98489.3
98513.8
98539.5
98566.3
98593.9
98622.2
98651
98680.2
98709.6
98738.8
98767.6
98796.1
98824.1
98851.6
98878.4
98904.9
98930.8
98956.5
98981.8
99007
99032.1
99057
99081.6
99105.8
99129.2
99151.7
99173
99193.2
99211.8
99228.5
99243.4
99256.4
99267.7
99277.3
99285.5
99292.2
99297.7
99302.4
99306.2
99309.2
99311.9
99314.3
99316.6
99319.1
99322.1
99325.2
99329.7
99335.2
99342.7
99351.6
99362.8
99375.6
99390.6
99406.5
99424
99441.5
99459.9
99476.7
99493.4
99506.7
99518
99524.1
99525.4
99518.9
99501.9
98154.9
98151.7
98148.7
98145.8
98142.9
98140.2
98137.5
98135
98132.6
98130.4
98128.3
98126.3
98124.5
98122.9
98121.4
98120.1
98119
98118
98117.3
98116.7
98116.3
98116.1
98116.1
98116.3
98116.6
98117.2
98118
98119
98120.1
98121.5
98123
98124.7
98126.5
98128.5
98130.7
98133
98135.4
98137.9
98140.6
98143.3
98146.1
98149
98151.9
98154.8
98157.8
98160.8
98163.7
98166.7
98169.7
98172.7
98175.6
98178.6
98181.5
98184.3
98187.2
98190.1
98192.9
98195.8
98198.6
98201.5
98204.4
98207.3
98210.3
98213.3
98216.4
98219.5
98222.7
98226
98229.3
98232.7
98236.1
98239.5
98242.9
98246.3
98249.7
98253
98256.2
98259.2
98262.2
98264.9
98267.5
98269.8
98271.9
98273.8
98275.5
98276.9
98278.2
98279.2
98280.1
98280.8
98281.5
98282.2
98282.9
98283.7
98284.7
98286
98287.6
98289.7
98292.4
98295.7
98299.7
98304.5
98310.2
98316.9
98324.8
98333.7
98344
98355.5
98368.4
98382.8
98398.7
98416.1
98435.1
98455.6
98477.6
98501
98525.7
98551.7
98578.7
98606.7
98635.3
98664.5
98694
98723.6
98753.2
98782.4
98811.3
98839.8
98867.6
98895
98921.9
98948.4
98974.6
99000.5
99026.4
99052.2
99077.8
99103
99128
99152.1
99175.4
99197.4
99218.4
99237.7
99255.1
99270.6
99284.2
99296.1
99306.3
99315
99322.2
99328.2
99333.2
99337.3
99340.7
99343.6
99346.1
99348.6
99351.1
99354
99357.1
99361.4
99366.7
99373.8
99382.3
99393
99405.2
99419.5
99434.7
99451.4
99468
99485.6
99501.4
99517.2
99529.5
99539.8
99544.9
99545.2
99537.7
99519.8
98159.2
98156
98152.9
98149.8
98146.9
98144
98141.3
98138.6
98136.2
98133.8
98131.6
98129.5
98127.6
98125.9
98124.3
98122.9
98121.6
98120.6
98119.7
98119
98118.5
98118.2
98118.1
98118.2
98118.5
98119
98119.7
98120.6
98121.7
98123
98124.4
98126.1
98127.9
98129.8
98132
98134.2
98136.6
98139.1
98141.7
98144.4
98147.2
98150
98152.9
98155.9
98158.8
98161.8
98164.8
98167.8
98170.8
98173.8
98176.7
98179.7
98182.6
98185.6
98188.5
98191.4
98194.3
98197.2
98200.1
98203
98206
98209
98212
98215.2
98218.3
98221.5
98224.8
98228.2
98231.6
98235.1
98238.6
98242.1
98245.7
98249.2
98252.7
98256.1
98259.4
98262.6
98265.7
98268.5
98271.2
98273.7
98276
98278
98279.8
98281.4
98282.7
98283.9
98284.9
98285.8
98286.6
98287.4
98288.2
98289.1
98290.3
98291.6
98293.4
98295.5
98298.2
98301.6
98305.7
98310.6
98316.4
98323.2
98331
98340.1
98350.4
98362
98375
98389.5
98405.4
98423
98442.1
98462.7
98484.8
98508.4
98533.3
98559.4
98586.6
98614.8
98643.6
98673
98702.7
98732.5
98762.3
98791.8
98821
98849.6
98877.8
98905.5
98932.7
98959.6
98986.2
99012.5
99038.8
99065
99091
99116.7
99142.1
99166.8
99190.6
99213.1
99234.5
99254.3
99272.1
99288.1
99302.1
99314.4
99324.9
99334
99341.5
99347.7
99353
99357.3
99360.8
99363.9
99366.5
99369
99371.5
99374.4
99377.5
99381.7
99386.8
99393.7
99401.9
99412.1
99423.9
99437.8
99452.5
99468.7
99484.8
99501.8
99517
99532.2
99543.8
99553.4
99557.9
99557.6
99549.4
99531
98161.7
98158.4
98155.2
98152.1
98149.1
98146.2
98143.4
98140.7
98138.1
98135.7
98133.4
98131.3
98129.3
98127.5
98125.9
98124.4
98123.1
98122
98121.1
98120.3
98119.8
98119.4
98119.3
98119.3
98119.6
98120.1
98120.7
98121.6
98122.6
98123.9
98125.3
98126.9
98128.7
98130.6
98132.7
98134.9
98137.3
98139.8
98142.3
98145
98147.8
98150.6
98153.5
98156.5
98159.4
98162.4
98165.4
98168.4
98171.4
98174.4
98177.4
98180.4
98183.3
98186.3
98189.2
98192.1
98195.1
98198
98201
98203.9
98206.9
98210
98213
98216.2
98219.4
98222.7
98226
98229.5
98232.9
98236.5
98240
98243.6
98247.2
98250.8
98254.3
98257.8
98261.2
98264.5
98267.6
98270.6
98273.3
98275.9
98278.2
98280.3
98282.2
98283.8
98285.3
98286.5
98287.6
98288.5
98289.4
98290.2
98291.1
98292.1
98293.3
98294.7
98296.5
98298.7
98301.5
98304.9
98309
98313.9
98319.7
98326.6
98334.5
98343.6
98353.9
98365.6
98378.6
98393.1
98409.1
98426.7
98445.9
98466.6
98488.8
98512.4
98537.4
98563.6
98590.9
98619.2
98648.1
98677.6
98707.4
98737.4
98767.2
98796.9
98826.2
98855
98883.3
98911.2
98938.6
98965.6
98992.4
99019
99045.5
99071.9
99098.3
99124.2
99149.9
99174.8
99198.9
99221.7
99243.3
99263.4
99281.5
99297.7
99312
99324.4
99335.2
99344.5
99352.2
99358.6
99363.9
99368.4
99372
99375.1
99377.8
99380.3
99382.8
99385.7
99388.6
99392.7
99397.7
99404.4
99412.4
99422.5
99434
99447.6
99462
99477.9
99493.7
99510.4
99525.3
99540.1
99551.4
99560.7
99564.8
99564.2
99555.6
99537.2
98162.8
98159.4
98156.2
98153
98150
98147
98144.2
98141.5
98138.9
98136.5
98134.2
98132
98130
98128.2
98126.5
98125
98123.7
98122.6
98121.6
98120.9
98120.3
98119.9
98119.8
98119.8
98120
98120.5
98121.1
98122
98123
98124.2
98125.6
98127.2
98129
98130.9
98133
98135.2
98137.5
98140
98142.6
98145.3
98148
98150.9
98153.8
98156.7
98159.7
98162.7
98165.7
98168.7
98171.7
98174.7
98177.7
98180.6
98183.6
98186.5
98189.5
98192.4
98195.4
98198.3
98201.3
98204.2
98207.3
98210.3
98213.4
98216.6
98219.8
98223.1
98226.5
98229.9
98233.4
98237
98240.6
98244.2
98247.8
98251.4
98255
98258.5
98261.9
98265.2
98268.3
98271.3
98274.1
98276.7
98279.1
98281.2
98283.1
98284.8
98286.3
98287.5
98288.6
98289.6
98290.5
98291.4
98292.3
98293.3
98294.5
98295.9
98297.7
98300
98302.7
98306.2
98310.3
98315.2
98321.1
98327.9
98335.9
98345
98355.3
98367
98380.1
98394.6
98410.7
98428.3
98447.4
98468.2
98490.4
98514
98539.1
98565.3
98592.7
98620.9
98649.9
98679.4
98709.3
98739.3
98769.2
98798.9
98828.2
98857.1
98885.5
98913.4
98940.9
98968
98994.9
99021.5
99048.1
99074.7
99101.1
99127.1
99152.9
99177.9
99202.1
99225
99246.7
99266.9
99285.1
99301.5
99315.8
99328.4
99339.2
99348.6
99356.4
99362.8
99368.3
99372.8
99376.4
99379.5
99382.2
99384.8
99387.2
99390.1
99393
99397
99401.9
99408.6
99416.5
99426.5
99437.9
99451.4
99465.7
99481.5
99497.1
99513.7
99528.4
99543.2
99554.3
99563.5
99567.5
99566.7
99558
99539.8
99082.6
98982.1
98881.8
98786.2
98694.6
98609
98531
98462
98402.9
98354.3
98315.6
98286.8
98264.3
98248.9
98232
98216.3
98190.5
98159.8
98117.4
98073.5
98027.6
97989.5
97961.5
97944
97955.3
99056.9
98958.4
98859.7
98765.9
98676
98592.3
98516.1
98449
98391.7
98344.8
98307.7
98280.3
98259
98244.6
98228.4
98213.2
98187.9
98157.5
98115.5
98071.9
98026.3
97988.5
97960.8
97943.6
97955.3
99013
98916.6
98820.9
98730.1
98643.3
98562.8
98489.8
98425.8
98371.5
98327.4
98292.9
98267.9
98248.7
98236.1
98221.5
98207.6
98183.4
98153.9
98112.7
98069.8
98024.9
97987.6
97960.4
97943.2
97955.5
98951.6
98858.1
98766.6
98680
98597.6
98521.4
98452.8
98393.1
98342.9
98302.7
98271.8
98250.1
98233.9
98223.8
98211.5
98199.3
98176.8
98148.5
98108.5
98066.6
98022.5
97985.9
97959.2
97942.3
97955
98873.6
98784.3
98697.9
98616.6
98539.6
98468.9
98405.8
98351.4
98306.4
98271.1
98244.7
98227.3
98214.8
98207.9
98198.5
98188.6
98168.2
98141.7
98103.1
98062.5
98019.4
97983.8
97957.6
97941.1
97954.5
98782.2
98698.1
98617.8
98542.8
98472.1
98407.8
98351
98302.7
98263.7
98234.1
98212.9
98200.3
98192.1
98188.9
98182.9
98175.9
98158
98133.5
98096.8
98057.6
98015.7
97981.2
97955.7
97939.7
97954
98680
98601.9
98528.6
98460.6
98397
98339.7
98289.8
98248.3
98215.9
98192.5
98177.2
98169.9
98166.4
98167.4
98165.2
98161.4
98146.4
98124.2
98089.5
98052
98011.5
97978.2
97953.6
97938.2
97953.5
98569.8
98498.4
98432.6
98372.1
98316.2
98266.3
98223.9
98189.6
98164.3
98147.5
98138.4
98136.6
98138.4
98143.8
98145.7
98145.3
98133.5
98113.8
98081.4
98045.8
98006.9
97974.9
97951.3
97936.5
97953
98454
98389.8
98332
98279.3
98231.3
98189.1
98154.6
98127.9
98109.8
98099.8
98097.1
98101.2
98108.4
98118.6
98124.7
98128
98119.6
98102.7
98072.7
98039.1
98001.9
97971.4
97948.8
97934.8
97952.5
98335
98278.3
98228.6
98184
98144
98109.7
98083.2
98064.2
98053.5
98050.5
98054.3
98064.4
98077
98092
98102.5
98109.7
98104.7
98090.8
98063.4
98031.9
97996.5
97967.6
97946.1
97933
97951.9
98214.8
98165.7
98124.4
98087.7
98055.8
98029.5
98011
97999.7
97996.3
98000.2
98010.6
98026.7
98044.7
98064.5
98079.5
98090.6
98089.2
98078.3
98053.6
98024.5
97990.9
97963.7
97943.4
97931.1
97951.4
98095.4
98053.9
98020.9
97992
97968.2
97949.7
97939.2
97935.3
97939.1
97949.8
97966.7
97988.6
98011.9
98036.5
98055.9
98070.9
98073.1
98065.4
98043.4
98016.8
97985.1
97959.7
97940.6
97929.2
97950.8
97978.6
97944.5
97919.6
97898.2
97882.3
97871.5
97868.7
97871.9
97882.7
97899.9
97923
97950.6
97979
98008.2
98032
98051
98056.7
98052.2
98033
98008.9
97979.1
97955.5
97937.7
97927.3
97950.2
97865.6
97838.6
97821.6
97807.4
97799.2
97795.6
97800.3
97810.2
97827.9
97851.2
97880.2
97913.1
97946.4
97980.1
98008.1
98030.9
98040.1
98038.9
98022.5
98000.8
97973
97951.3
97934.9
97925.5
97949.6
97757.5
97737.2
97727.8
97720.4
97719.5
97722.8
97734.5
97751
97775
97804.3
97838.6
97876.5
97914.4
97952.4
97984.3
98010.8
98023.5
98025.5
98011.8
97992.7
97966.9
97947.1
97932
97923.6
97949.1
97655.3
97641.4
97639
97638
97644.1
97653.9
97671.9
97694.7
97724.5
97759.3
97798.7
97841.2
97883.3
97925.3
97961
97991
98007.1
98012.1
98001.2
97984.7
97960.8
97942.9
97929.2
97921.8
97948.5
97559.8
97551.9
97556
97560.9
97573.4
97589.1
97613.1
97641.7
97676.8
97716.8
97760.7
97807.4
97853.5
97899.2
97938.3
97971.5
97990.9
97999
97990.8
97976.7
97954.7
97938.8
97926.4
97920
97948
97471.7
97469.3
97479.5
97489.8
97508
97529.2
97558.5
97592.4
97632.4
97677
97725.1
97775.7
97825.1
97874.2
97916.4
97952.8
97975.2
97986.1
97980.5
97968.9
97948.8
97934.8
97923.7
97918.3
97947.4
97391.5
97393.8
97409.4
97424.5
97447.7
97473.8
97507.8
97546.4
97590.6
97639.3
97691.1
97745.1
97797.6
97849.6
97894.7
97933.9
97959.2
97973
97970
97960.7
97942.6
97930.5
97920.8
97916.5
97946.9
97319.9
97326.2
97346.5
97365.6
97393.2
97423.7
97461.8
97504.4
97552.3
97604.4
97659.2
97716.1
97771.3
97825.8
97873.5
97915.2
97943.2
97959.6
97959.2
97952.4
97936.2
97926.2
97917.9
97914.8
97946.4
97257.5
97267.2
97291.6
97314.1
97345.6
97380
97421.6
97467.7
97518.6
97573.4
97630.8
97690
97747.3
97803.9
97853.8
97897.8
97928.2
97947
97949
97944.5
97930.2
97922.2
97915.3
97913.2
97945.9
97204.6
97217.2
97244.9
97270.4
97305.4
97343
97387.6
97436.4
97489.7
97546.7
97606
97666.9
97725.9
97784.1
97835.8
97881.6
97914.1
97935.1
97939.4
97937
97924.6
97918.5
97912.8
97911.8
97945.4
97161.5
97176.5
97207.1
97234.9
97272.9
97312.9
97360.2
97410.9
97466
97524.4
97585.1
97647
97707.1
97766.5
97819.6
97866.9
97901.2
97924.1
97930.4
97930.1
97919.4
97915.1
97910.5
97910.6
97945.1
97128.5
97145.3
97178.5
97208.1
97248.5
97290.3
97339.5
97391.5
97447.7
97507
97568.3
97630.7
97691.3
97751.3
97805.3
97853.8
97889.5
97914.1
97922.3
97923.7
97914.6
97912
97908.4
97909.5
97944.8
97105.6
97124.2
97159.5
97190.6
97232.6
97275.6
97325.8
97378.3
97435.1
97494.5
97555.7
97618
97678.5
97738.6
97793.1
97842.4
97879.1
97905.1
97914.9
97918
97910.4
97909.3
97906.7
97908.7
97944.6
97093.3
97113.3
97150.3
97182.4
97225.3
97268.8
97319.3
97371.6
97428.3
97487.1
97547.5
97609
97668.8
97728.6
97783.1
97832.7
97870.2
97897.1
97908.3
97912.9
97906.6
97907
97905.2
97908.1
97944.5
97091.6
97112.7
97151.1
97183.7
97226.9
97270.2
97320.1
97371.6
97427.3
97484.8
97543.7
97603.8
97662.4
97721.3
97775.3
97824.7
97862.6
97890.2
97902.7
97908.4
97903.5
97905.1
97904
97907.8
97944.5
97100.7
97122.5
97161.7
97194.4
97237.3
97279.7
97328.4
97378.3
97432.3
97487.8
97544.5
97602.6
97659.5
97717
97769.9
97818.8
97856.6
97884.7
97898.1
97904.8
97900.9
97903.7
97903.1
97907.7
97944.6
97120.1
97142.3
97181.8
97214.1
97256
97296.9
97343.7
97391.4
97442.9
97495.7
97549.7
97605.2
97659.9
97715.3
97766.8
97814.7
97852.2
97880.4
97894.5
97902
97899
97902.7
97902.5
97907.8
97944.8
97150
97172.3
97211.4
97242.8
97283.2
97322
97366.1
97410.9
97459.1
97508.6
97559.2
97611.5
97663.4
97716.4
97765.8
97812.3
97849.1
97877.1
97891.6
97899.8
97897.6
97902
97902.2
97908.1
97945.1
97190.1
97212.2
97250.4
97280.3
97318.5
97354.8
97395.5
97436.8
97481
97526.4
97573.1
97621.6
97670.1
97719.9
97767
97811.7
97847.4
97874.9
97889.6
97898.3
97896.8
97901.8
97902.2
97908.6
97945.5
97240.3
97261.9
97298.5
97326.7
97362.2
97395.3
97431.9
97468.9
97508.4
97549.1
97591.2
97635.4
97679.9
97726.1
97770.2
97812.7
97846.9
97873.7
97888.4
97897.3
97896.4
97901.9
97902.5
97909.4
97946
97300.9
97321.3
97355.8
97381.9
97414
97443.2
97475.1
97507.2
97541.3
97576.7
97613.5
97652.7
97692.6
97734.7
97775.5
97815.4
97847.8
97873.5
97888
97897
97896.5
97902.4
97903
97910.3
97946.6
97371.2
97390
97421.9
97445.5
97473.6
97498.1
97524.9
97551.4
97579.4
97608.9
97639.8
97673.3
97708.1
97745.7
97782.7
97819.5
97849.9
97874.3
97888.4
97897.2
97897.1
97903.2
97903.9
97911.5
97947.4
97456.4
97472.9
97501.3
97521.5
97544.7
97563.5
97584
97603.9
97624.9
97647.4
97671.4
97698.4
97727.3
97759.7
97792.3
97825.6
97853.3
97876.2
97889.5
97898.1
97898.1
97904.4
97905
97912.9
97948.2
97558.6
97571.9
97595.7
97611.3
97628.5
97640.6
97653.8
97665.8
97678.6
97692.9
97708.9
97728.4
97750.6
97776.9
97804.4
97833.5
97858.3
97879.1
97891.5
97899.6
97899.8
97905.9
97906.4
97914.5
97949.2
97671.2
97680.8
97699.2
97709.6
97720.1
97725
97730.3
97733.6
97737.6
97742.9
97750.4
97761.8
97776.6
97796.4
97818.4
97842.9
97864.4
97882.9
97894.2
97901.7
97901.8
97907.8
97908.1
97916.3
97950.2
97793.7
97799.2
97811.6
97816
97819.2
97816.4
97813
97807
97801.4
97797.2
97795.6
97798.3
97805.3
97818
97834
97853.7
97871.5
97887.6
97897.4
97904.2
97904.2
97910
97910
97918.3
97951.4
97925.4
97926.5
97932.1
97929.7
97925.3
97914.2
97901.3
97885.4
97869.5
97855.4
97844.2
97837.7
97836.3
97841.5
97851.2
97865.6
97879.5
97892.9
97901.2
97907.1
97907
97912.4
97912.2
97920.5
97952.7
98065.3
98061.3
98059.6
98049.8
98037.2
98017.3
97994.3
97968
97941.4
97916.9
97895.6
97879.5
97869.2
97866.6
97869.6
97878.5
97888.3
97898.8
97905.5
97910.4
97910
97915
97914.6
97922.8
97954.1
98211.8
98202.4
98192.8
98175.4
98153.9
98124.6
98091.2
98054.2
98016.6
97981.1
97949.2
97923.2
97903.7
97892.9
97889
97892.2
97897.7
97905.2
97910.2
97914
97913.3
97917.9
97917.2
97925.3
97955.6
98363.4
98348.3
98330.5
98305.2
98274.5
98235.3
98191.1
98143.1
98094.1
98047.3
98004.4
97968.1
97939.3
97920.1
97909.2
97906.4
97907.6
97912
97915.2
97917.9
97916.8
97920.9
97919.9
97927.9
97957.1
98517.8
98496.8
98470.9
98437.4
98397.3
98347.8
98292.7
98233.4
98173
98114.6
98060.6
98013.8
97975.4
97947.8
97929.7
97921.1
97917.8
97919.1
97920.4
97921.9
97920.4
97924
97922.8
97930.5
97958.7
98671.5
98644.8
98611
98569.1
98519.6
98460
98394
98323.4
98251.5
98181.5
98116.3
98059.1
98011.3
97975.2
97950
97935.6
97928
97926.2
97925.6
97926.1
97924.1
97927.2
97925.8
97933.2
97960.2
98832.1
98799.3
98757.6
98707.1
98647.8
98577.7
98500.5
98418
98333.9
98251.8
98174.8
98106.6
98048.8
98004
97971.3
97951
97938.9
97933.9
97931.3
97930.5
97928.1
97930.7
97929.2
97936.1
97962
98985.9
98947.2
98898.3
98839.8
98771
98691
98603
98509.2
98413.4
98319.6
98231.2
98152.3
98084.9
98031.5
97991.8
97965.8
97949.3
97941.4
97936.8
97935
97932.1
97934.2
97932.6
97939.1
97963.6
99112.9
99069.6
99014.9
98949.6
98873.2
98784.9
98687.9
98584.7
98479.1
98375.6
98277.7
98189.8
98114.4
98054.1
98008.6
97977.9
97958
97947.6
97941.5
97938.7
97935.4
97937.2
97935.5
97941.6
97965
99216
99169.1
99109.8
99039.1
98956.5
98861.4
98757
98646.1
98532.6
98421.2
98315.5
98220.3
98138.4
98072.4
98022.2
97987.8
97965.1
97952.7
97945.3
97941.7
97938.2
97939.7
97937.9
97943.6
97966
99297.7
99248.2
99185.4
99110.5
99022.8
98922.4
98812.2
98695.1
98575.2
98457.4
98345.6
98244.5
98157.4
98087
98033
97995.7
97970.8
97956.8
97948.3
97944.2
97940.4
97941.6
97939.9
97945.1
97966.8
99361.1
99309.6
99244.3
99166.1
99074.6
98970
98855.2
98733.3
98608.5
98485.6
98369
98263.4
98172.3
98098.3
98041.4
98001.8
97975.1
97960
97950.7
97946.1
97942.1
97943.2
97941.4
97946.4
97967.4
99409.2
99356.3
99289.2
99208.5
99114.1
99006.3
98888
98762.4
98633.8
98507.1
98386.9
98277.9
98183.7
98107
98047.9
98006.5
97978.5
97962.4
97952.5
97947.5
97943.4
97944.3
97942.5
97947.2
97967.8
99444.6
99390.8
99322.5
99240
99143.4
99033.2
98912.3
98784
98652.6
98523.2
98400.3
98288.7
98192.2
98113.5
98052.7
98009.9
97980.9
97964.1
97953.8
97948.5
97944.3
97945.1
97943.3
97947.8
97968
99470
99415.6
99346.4
99262.5
99164.4
99052.5
98929.8
98799.5
98666.1
98534.7
98409.9
98296.6
98198.3
98118.2
98056.1
98012.4
97982.6
97965.3
97954.6
97949.2
97944.8
97945.6
97943.8
97948.2
97968.2
99487.2
99432.5
99362.7
99277.9
99178.7
99065.7
98941.8
98810.2
98675.5
98542.8
98416.6
98302
98202.6
98121.4
98058.5
98014
97983.8
97966.1
97955.1
97949.6
97945.2
97945.9
97944.1
97948.4
97968.2
99498
99443.1
99372.9
99287.7
99187.9
99074.3
98949.6
98817.3
98681.7
98548.1
98421
98305.6
98205.4
98123.5
98060
98015
97984.4
97966.5
97955.4
97949.8
97945.3
97946
97944.2
97948.4
97968.1
99504.2
99449.2
99379
99293.5
99193.5
99079.5
98954.5
98821.8
98685.7
98551.5
98423.9
98307.9
98207.1
98124.7
98060.8
98015.6
97984.8
97966.7
97955.5
97949.8
97945.3
97946
97944.2
97948.4
97967.9
99507.6
99452.6
99382.6
99297.2
99197.3
99083.2
98958.1
98825.1
98688.8
98554.3
98426.3
98309.9
98208.8
98126
98061.7
98016.2
97985.2
97966.9
97955.7
97949.9
97945.4
97946.1
97944.2
97948.4
97967.8
)
;

boundaryField
{
    inlet
    {
        type            zeroGradient;
    }
    outlet
    {
        type            waveTransmissive;
        phi             phi;
        rho             rho;
        psi             psi;
        gamma           1.3;
        fieldInf        100000;
        lInf            0.3;
        value           uniform 100000;
    }
    upperWall
    {
        type            zeroGradient;
    }
    lowerWall
    {
        type            zeroGradient;
    }
    frontAndBack
    {
        type            empty;
    }
}


// ************************************************************************* //
