/*--------------------------------*- C++ -*----------------------------------*\
| =========                 |                                                 |
| \\      /  F ield         | OpenFOAM: The Open Source CFD Toolbox           |
|  \\    /   O peration     | Version:  dev                                   |
|   \\  /    A nd           | Web:      http://www.openfoam.org               |
|    \\/     M anipulation  |                                                 |
\*---------------------------------------------------------------------------*/
FoamFile
{
    version     2.0;
    format      ascii;
    class       volScalarField;
    object      pMean;
    location    "9.139";
}
// * * * * * * * * * * * * * * * * * * * * * * * * * * * * * * * * * * * * * //

dimensions      [1 -1 -2 0 0 0 0];

internalField   nonuniform List<scalar> 
12225
(
98312.3
98292.5
98278.7
98271.7
98257.4
98248
98229.6
98220
98198.5
98189.7
98165
98158.2
98127.2
98120.9
98080.1
98040.4
97951.2
97585.2
98307.7
98291.4
98278.2
98271.2
98256.8
98247.5
98228.9
98219.4
98197.8
98189.3
98164.3
98157.7
98126.8
98119
98078.4
98044.5
97952.1
97791
98304
98289.8
98277.2
98269.8
98255.4
98246
98227.4
98218.1
98196.4
98187.8
98163.5
98155.6
98127.4
98115.6
98080.7
98045.4
97978
97889.2
98298.9
98286.9
98275
98267.3
98253
98243.3
98225.3
98215.4
98194.6
98185.2
98162.1
98152.5
98126.3
98113.4
98081.6
98053.8
98005.3
97936.5
98292.3
98282.5
98271.5
98263.3
98249.4
98239.1
98222.3
98211.2
98192.2
98180.9
98160.6
98148
98126.5
98110.2
98083.5
98059.3
98019.4
97986.7
98284
98276.3
98265.6
98257.3
98243.8
98233.2
98217.1
98205.5
98187.8
98175.6
98157.4
98143.8
98125.4
98108.5
98087.1
98061.8
98039.6
98019.2
98273.7
98267.4
98257.1
98248.6
98236
98224.8
98210
98197.5
98181.7
98168.2
98152.8
98137.7
98123.2
98105.6
98091.3
98070.3
98060
98045.1
98263
98257.3
98247.7
98239
98227.3
98215.7
98202.2
98189
98175
98160.6
98147.5
98131.9
98120.3
98103
98094.3
98076.5
98074.7
98059.8
98252.2
98246.7
98237.9
98229
98218.1
98206.4
98193.8
98180.4
98167.7
98153.1
98141.7
98126.2
98116.5
98100.5
98094.2
98080
98079.7
98067.8
98238.5
98233.1
98225.4
98216.4
98206.5
98194.7
98183.1
98169.7
98158.4
98143.8
98133.9
98118.9
98110.7
98096.3
98091.4
98079.6
98078.8
98070.5
98221.6
98216.1
98209.6
98200.8
98191.7
98180.2
98169.4
98156.5
98146
98132.4
98123
98109.9
98101.8
98090.3
98084.7
98076.1
98073.5
98068.3
98201.1
98195.4
98190.1
98181.7
98173.3
98162.2
98152.4
98140.1
98130.5
98117.9
98109.3
98097.8
98090.2
98080.9
98075.2
98068.8
98065.2
98061.6
98176.3
98171
98166.4
98158.9
98151
98141
98131.6
98120.7
98111.5
98100.8
98092.4
98083.1
98075.8
98068.6
98063.2
98058.3
98054.7
98052
98148.1
98143.2
98139.3
98132.7
98125.5
98116.6
98107.9
98098.4
98089.9
98080.9
98073.2
98065.6
98059.2
98053.5
98048.8
98045
98042
98039.9
98117.9
98114.2
98110.4
98105
98098.5
98090.9
98083.1
98075
98067.3
98059.9
98053.2
98047.1
98041.8
98037.2
98033.5
98030.6
98028.4
98026.9
98090.2
98087.4
98084.1
98079.5
98073.9
98067.4
98060.6
98053.8
98047.2
98041
98035.4
98030.4
98026.1
98022.6
98019.7
98017.5
98016
98015
98071.6
98069.6
98066.9
98063
98058
98052.3
98046.4
98040.5
98034.8
98029.5
98024.8
98020.6
98017
98014.1
98011.8
98010.1
98009
98008.4
98071.8
98070.2
98067.6
98063.9
98059.2
98053.8
98048.2
98042.7
98037.3
98032.4
98027.9
98024
98020.6
98017.8
98015.6
98013.9
98012.7
98011.9
98091.6
98089.7
98086.9
98082.9
98078
98072.4
98066.6
98060.8
98055.3
98050
98045.3
98041
98037.2
98034
98031.4
98029.2
98027.5
98026.3
98122.4
98120.2
98116.8
98112.3
98106.9
98100.8
98094.5
98088.1
98082
98076.1
98070.7
98065.8
98061.4
98057.5
98054.2
98051.4
98049
98047
98157.2
98154.6
98150.5
98145.3
98139.3
98132.6
98125.7
98118.7
98111.8
98105.3
98099.2
98093.5
98088.4
98083.7
98079.6
98076
98072.9
98070.2
98191.1
98188
98183.2
98177.3
98170.7
98163.4
98155.9
98148.3
98140.8
98133.6
98126.8
98120.4
98114.5
98109.2
98104.3
98100
98096.2
98092.8
98221.3
98217.7
98212.1
98205.6
98198.4
98190.6
98182.6
98174.5
98166.4
98158.7
98151.3
98144.3
98137.8
98131.8
98126.4
98121.4
98116.9
98112.9
98246.6
98242.3
98236
98228.8
98221.2
98213.1
98204.7
98196.1
98187.7
98179.5
98171.6
98164.1
98157.1
98150.6
98144.7
98139.2
98134.2
98129.7
98266.9
98261.7
98254.5
98246.9
98238.9
98230.5
98221.9
98213.1
98204.3
98195.7
98187.5
98179.6
98172.3
98165.4
98159
98153.2
98147.8
98142.9
98282.6
98276.2
98268.1
98260
98251.8
98243.3
98234.5
98225.6
98216.6
98207.8
98199.3
98191.1
98183.5
98176.3
98169.7
98163.5
98157.9
98152.7
98294.3
98286.5
98277.4
98268.9
98260.7
98252.1
98243.3
98234.2
98225.1
98216.1
98207.5
98199.2
98191.3
98184
98177.1
98170.8
98164.9
98159.5
98303.1
98293.2
98283.2
98274.5
98266.3
98257.8
98248.9
98239.8
98230.6
98221.5
98212.8
98204.4
98196.4
98188.9
98181.9
98175.5
98169.5
98163.9
98309.2
98297
98285.9
98277.3
98269.2
98260.9
98252.1
98243
98233.8
98224.6
98215.8
98207.3
98199.3
98191.7
98184.7
98178.1
98172.1
98166.5
98315.1
98299.6
98287.5
98278.6
98270.5
98262.1
98253.4
98244.3
98235.1
98225.9
98217.1
98208.5
98200.5
98192.9
98185.8
98179.3
98173.2
98167.6
98312.1
98311.7
98311
98309.8
98308.3
98306.5
98304.2
98301.6
98298.6
98295.1
98291.3
98287
98282.4
98277.5
98272.3
98266.8
98261.1
98255.2
98249.1
98242.8
98236.4
98229.8
98223.1
98216.3
98209.4
98202.4
98195.4
98188.3
98181.2
98174.1
98167
98160
98153
98146
98139.1
98132.4
98125.7
98119.2
98112.9
98106.8
98100.9
98095.2
98089.8
98084.6
98079.8
98075.3
98071.2
98067.5
98064.2
98061.4
98059
98057.1
98055.7
98054.8
98054.6
98054.9
98055.9
98057.5
98059.8
98062.7
98066.4
98070.8
98075.9
98081.7
98088.3
98095.5
98103.5
98112.1
98121.5
98131.4
98142
98153.2
98165
98177.3
98190
98203.3
98216.9
98230.9
98245.2
98259.8
98274.6
98289.6
98304.8
98320
98335.3
98350.5
98365.7
98380.8
98395.7
98410.4
98424.8
98439
98452.7
98466.1
98479
98491.4
98503.3
98514.6
98525.4
98535.5
98545
98553.9
98562.1
98569.7
98576.6
98582.9
98588.7
98593.8
98598.4
98602.5
98606.1
98609.3
98612.2
98614.6
98616.8
98618.7
98620.4
98621.8
98623
98624.1
98625.2
98626.3
98627.4
98628.7
98630.3
98632.3
98635
98638.4
98642.8
98648.4
98655.5
98664.2
98674.9
98687.8
98703.2
98721.2
98742
98765.8
98792.6
98822.4
98855.4
98891.3
98930.1
98971.6
99015.9
99062.5
99111.4
99162.1
99214.7
99268.9
99324.4
99380.7
99437.7
99495
99552.2
99608.8
99664.2
99717.9
99768.8
99816.7
99860.1
99898.4
99930.4
99955.4
99972.1
99979.6
99976.9
99963.9
99939.8
99905.1
99859.7
99804.9
99741
99670.3
99593.3
99512.8
99428.3
99343.7
99256.9
99173.8
98305.1
98304.8
98304
98302.8
98301.3
98299.4
98297.2
98294.6
98291.6
98288.2
98284.4
98280.3
98275.8
98271
98265.9
98260.6
98255.1
98249.3
98243.4
98237.3
98231.1
98224.7
98218.2
98211.5
98204.8
98198
98191.1
98184.2
98177.3
98170.3
98163.4
98156.5
98149.6
98142.8
98136.1
98129.5
98123
98116.6
98110.4
98104.4
98098.6
98093.1
98087.7
98082.7
98078
98073.6
98069.5
98065.9
98062.6
98059.8
98057.4
98055.5
98054.1
98053.2
98052.9
98053.2
98054.1
98055.7
98057.9
98060.8
98064.3
98068.6
98073.6
98079.3
98085.7
98092.8
98100.6
98109.1
98118.3
98128
98138.5
98149.4
98161
98173.1
98185.6
98198.6
98212
98225.8
98239.9
98254.2
98268.8
98283.6
98298.5
98313.4
98328.4
98343.4
98358.3
98373.1
98387.7
98402.2
98416.3
98430.1
98443.6
98456.7
98469.3
98481.4
98493.1
98504.1
98514.6
98524.5
98533.8
98542.4
98550.4
98557.8
98564.6
98570.7
98576.3
98581.3
98585.8
98589.8
98593.3
98596.4
98599.2
98601.6
98603.7
98605.5
98607.1
98608.5
98609.7
98610.7
98611.7
98612.7
98613.7
98614.9
98616.3
98618.2
98620.6
98623.7
98627.8
98633.1
98639.8
98648
98658.3
98670.6
98685.3
98702.7
98722.8
98745.7
98771.7
98800.6
98832.7
98867.6
98905.3
98945.8
98989
99034.4
99082.2
99131.7
99183.1
99236.1
99290.4
99345.6
99401.5
99457.8
99513.9
99569.5
99624
99676.9
99727.1
99774.4
99817.4
99855.4
99887.3
99912.5
99929.5
99937.6
99935.7
99923.8
99901
99867.8
99824
99770.9
99708.8
99639.9
99564.7
99485.9
99403
99319.9
99234.1
99149.2
98292.4
98292.1
98291.3
98290.1
98288.5
98286.5
98284.2
98281.6
98278.5
98275.2
98271.5
98267.4
98263.1
98258.5
98253.7
98248.6
98243.4
98238
98232.4
98226.7
98220.8
98214.8
98208.7
98202.4
98196.1
98189.6
98183.1
98176.5
98169.8
98163.2
98156.5
98149.9
98143.3
98136.7
98130.2
98123.9
98117.6
98111.5
98105.5
98099.7
98094.1
98088.8
98083.6
98078.7
98074.1
98069.8
98065.9
98062.3
98059.1
98056.3
98053.9
98052
98050.6
98049.6
98049.3
98049.5
98050.3
98051.7
98053.8
98056.5
98059.9
98064
98068.7
98074.2
98080.3
98087.1
98094.7
98102.8
98111.7
98121.1
98131.2
98141.8
98153
98164.7
98176.9
98189.4
98202.4
98215.7
98229.4
98243.3
98257.4
98271.7
98286.1
98300.6
98315.1
98329.5
98343.9
98358.2
98372.2
98386.1
98399.7
98413
98425.9
98438.4
98450.5
98462
98473.1
98483.7
98493.6
98503.1
98511.9
98520.1
98527.7
98534.7
98541.1
98547
98552.2
98557
98561.2
98565
98568.4
98571.3
98573.9
98576.2
98578.2
98579.9
98581.3
98582.6
98583.6
98584.5
98585.3
98586
98586.8
98587.7
98588.8
98590.2
98592.2
98594.7
98598.2
98602.7
98608.6
98616
98625.2
98636.4
98649.9
98665.8
98684.5
98705.9
98730.2
98757.3
98787.4
98820.3
98855.9
98894.2
98935.2
98978.3
99023.7
99070.9
99120
99170.6
99222.6
99275.5
99329.1
99383.2
99437.2
99490.8
99543.4
99594.5
99643.2
99689
99731
99768.2
99799.6
99824.6
99842.1
99850.9
99850.4
99840.2
99819.7
99789.2
99748.5
99698.8
99640.2
99575.1
99503.4
99428.2
99348.7
99268.8
99185.9
99102
98275
98274.7
98273.9
98272.7
98271.1
98269.1
98266.8
98264.1
98261.1
98257.8
98254.2
98250.3
98246.1
98241.8
98237.2
98232.5
98227.6
98222.6
98217.4
98212.1
98206.7
98201.2
98195.5
98189.7
98183.8
98177.9
98171.8
98165.7
98159.5
98153.3
98147.1
98140.9
98134.8
98128.6
98122.5
98116.5
98110.6
98104.8
98099.2
98093.6
98088.3
98083.1
98078.2
98073.5
98069
98064.9
98061.1
98057.6
98054.5
98051.7
98049.4
98047.5
98046
98045
98044.5
98044.6
98045.3
98046.5
98048.4
98050.9
98054
98057.8
98062.2
98067.3
98073.1
98079.5
98086.6
98094.4
98102.8
98111.8
98121.3
98131.5
98142.1
98153.3
98164.9
98176.9
98189.3
98202
98215
98228.2
98241.7
98255.3
98269
98282.7
98296.5
98310.2
98323.9
98337.4
98350.8
98363.9
98376.7
98389.2
98401.4
98413.1
98424.4
98435.3
98445.6
98455.4
98464.7
98473.4
98481.6
98489.2
98496.2
98502.7
98508.6
98514
98518.9
98523.3
98527.2
98530.6
98533.7
98536.4
98538.8
98540.9
98542.7
98544.2
98545.5
98546.5
98547.4
98548
98548.6
98549
98549.4
98549.8
98550.3
98551.2
98552.4
98554.2
98556.8
98560.3
98565
98571.1
98578.8
98588.5
98600.2
98614.3
98630.9
98650.1
98672
98696.6
98724.1
98754.2
98787
98822.3
98860.2
98900.2
98942.4
98986.4
99032.3
99079.7
99128.5
99178.3
99229
99280.1
99331.2
99382.1
99432
99480.7
99527.3
99571.2
99611.5
99647.5
99678.1
99702.8
99720.4
99730
99730.9
99722.8
99705
99677.8
99641
99595.6
99541.6
99481.3
99414.5
99344.1
99269.3
99193.8
99115.1
99035.1
98253.8
98253.5
98252.8
98251.7
98250.1
98248.2
98245.9
98243.3
98240.4
98237.2
98233.7
98230
98226
98221.9
98217.7
98213.3
98208.7
98204.1
98199.4
98194.5
98189.6
98184.5
98179.4
98174.1
98168.8
98163.4
98157.9
98152.3
98146.7
98141.1
98135.5
98129.8
98124.2
98118.6
98113
98107.5
98102
98096.7
98091.4
98086.3
98081.3
98076.5
98071.8
98067.4
98063.2
98059.2
98055.5
98052.2
98049.2
98046.5
98044.2
98042.3
98040.8
98039.7
98039.1
98039.1
98039.5
98040.6
98042.2
98044.4
98047.2
98050.5
98054.6
98059.2
98064.5
98070.5
98077
98084.2
98092
98100.4
98109.4
98118.9
98128.9
98139.3
98150.2
98161.5
98173.1
98185
98197.2
98209.6
98222.2
98235
98247.8
98260.7
98273.5
98286.3
98299.1
98311.7
98324.1
98336.3
98348.2
98359.7
98371
98381.8
98392.2
98402.1
98411.5
98420.4
98428.9
98436.8
98444.1
98451
98457.3
98463.1
98468.5
98473.3
98477.6
98481.5
98485
98488.1
98490.8
98493.2
98495.3
98497.2
98498.7
98499.9
98501
98501.7
98502.3
98502.6
98502.7
98502.7
98502.7
98502.5
98502.5
98502.6
98503
98503.8
98505.2
98507.4
98510.7
98515.3
98521.3
98529
98538.6
98550.4
98564.5
98581.1
98600.1
98621.7
98646
98672.8
98702
98733.8
98768
98804.3
98842.6
98882.9
98924.9
98968.5
99013.6
99059.6
99106.6
99154.2
99201.8
99249.3
99296.1
99341.8
99385.8
99427.3
99465.6
99500
99529.3
99553.4
99571
99581.3
99583.5
99577.6
99562.8
99539.4
99507
99466.5
99418
99363.4
99302.3
99237.9
99168.9
99099
99025.8
98951.2
98230.4
98230.2
98229.5
98228.5
98227
98225.2
98223.1
98220.7
98217.9
98214.9
98211.6
98208.1
98204.4
98200.5
98196.5
98192.5
98188.3
98184
98179.7
98175.2
98170.7
98166.2
98161.5
98156.8
98152
98147.1
98142.2
98137.2
98132.3
98127.2
98122.2
98117.2
98112.1
98107.1
98102.1
98097.2
98092.3
98087.4
98082.7
98078
98073.4
98069
98064.7
98060.6
98056.7
98053
98049.5
98046.3
98043.4
98040.8
98038.6
98036.7
98035.1
98034
98033.3
98033.1
98033.3
98034.1
98035.4
98037.3
98039.7
98042.6
98046.2
98050.4
98055.1
98060.5
98066.4
98073
98080.1
98087.8
98096
98104.7
98113.9
98123.6
98133.6
98144
98154.8
98165.8
98177
98188.5
98200.1
98211.8
98223.6
98235.4
98247.3
98259
98270.7
98282.2
98293.5
98304.6
98315.4
98325.9
98336.1
98345.9
98355.2
98364.1
98372.5
98380.4
98387.9
98394.9
98401.4
98407.4
98412.9
98418
98422.6
98426.7
98430.5
98433.8
98436.8
98439.4
98441.8
98443.8
98445.5
98447
98448.2
98449.1
98449.8
98450.2
98450.4
98450.3
98450
98449.5
98448.9
98448.1
98447.3
98446.5
98446
98445.6
98445.7
98446.6
98448.3
98451
98455
98460.6
98467.8
98477.1
98488.4
98501.9
98517.8
98536
98556.7
98579.8
98605.3
98633
98663.1
98695.3
98729.4
98765.5
98803.4
98842.8
98883.6
98925.6
98968.5
99012.1
99055.8
99099.6
99142.9
99185.2
99226.1
99264.9
99300.8
99333.2
99361.1
99384.2
99401.6
99412.3
99415.8
99412.1
99400.3
99380.7
99352.8
99317.7
99274.8
99226.4
99171.7
99113.9
99051.4
98988.1
98921.3
98853.3
98205.9
98205.8
98205.2
98204.3
98203
98201.4
98199.5
98197.2
98194.7
98191.9
98188.9
98185.6
98182.2
98178.7
98175
98171.3
98167.4
98163.5
98159.5
98155.5
98151.4
98147.2
98143.1
98138.8
98134.5
98130.2
98125.9
98121.5
98117.1
98112.7
98108.2
98103.8
98099.3
98094.9
98090.5
98086.1
98081.8
98077.5
98073.2
98069
98064.9
98060.9
98057
98053.2
98049.6
98046.2
98042.9
98040
98037.2
98034.7
98032.5
98030.6
98029.1
98027.8
98027
98026.6
98026.7
98027.2
98028.2
98029.7
98031.7
98034.2
98037.3
98040.9
98045
98049.8
98055.1
98060.9
98067.3
98074.2
98081.6
98089.5
98097.8
98106.6
98115.7
98125.1
98134.9
98144.9
98155.1
98165.5
98176
98186.6
98197.3
98208
98218.7
98229.3
98239.7
98250.1
98260.2
98270.1
98279.8
98289.1
98298.1
98306.7
98314.9
98322.6
98330
98336.9
98343.3
98349.3
98354.9
98360
98364.7
98368.9
98372.7
98376.2
98379.3
98382
98384.4
98386.6
98388.4
98390
98391.3
98392.3
98393.1
98393.6
98393.9
98393.9
98393.6
98393.1
98392.3
98391.2
98389.9
98388.4
98386.8
98385.1
98383.4
98381.8
98380.6
98379.8
98379.8
98380.7
98382.6
98385.8
98390.5
98397
98405.4
98415.8
98428.3
98442.9
98459.9
98479
98500.5
98524.1
98549.9
98577.7
98607.5
98639.3
98672.7
98707.7
98744.2
98781.9
98820.4
98859.7
98899.4
98939.3
98978.9
99017.6
99055
99090.7
99124
99154.1
99180.1
99202
99218.7
99229.6
99234.2
99232.4
99223.5
99207.7
99184.2
99154.3
99117.3
99075.1
99027.1
98976.3
98920.8
98864.6
98804.7
98743.9
98181.7
98181.6
98181.2
98180.4
98179.4
98178
98176.3
98174.3
98172
98169.5
98166.8
98163.9
98160.8
98157.6
98154.2
98150.8
98147.3
98143.7
98140.1
98136.4
98132.7
98129
98125.2
98121.5
98117.7
98113.8
98110
98106.1
98102.3
98098.4
98094.5
98090.6
98086.7
98082.8
98078.9
98075.1
98071.2
98067.4
98063.7
98059.9
98056.2
98052.6
98049.1
98045.6
98042.3
98039.2
98036.2
98033.4
98030.7
98028.4
98026.2
98024.3
98022.7
98021.5
98020.5
98020
98019.8
98020.1
98020.7
98021.9
98023.4
98025.5
98028
98031.1
98034.7
98038.7
98043.3
98048.5
98054.1
98060.2
98066.7
98073.7
98081.1
98088.9
98097.1
98105.6
98114.3
98123.2
98132.4
98141.6
98151
98160.5
98170
98179.5
98189
98198.3
98207.6
98216.7
98225.5
98234.2
98242.6
98250.7
98258.4
98265.8
98272.8
98279.5
98285.7
98291.5
98296.9
98301.9
98306.5
98310.7
98314.5
98317.9
98320.9
98323.6
98326
98328.1
98329.9
98331.4
98332.8
98333.8
98334.6
98335.2
98335.5
98335.5
98335.3
98334.9
98334.1
98333
98331.6
98330
98328
98325.6
98323.1
98320.3
98317.5
98314.7
98312
98309.6
98307.8
98306.8
98306.4
98307.3
98309.4
98313.1
98318.5
98325.7
98334.8
98345.9
98359
98374.3
98391.8
98411.2
98432.7
98456.1
98481.5
98509
98538
98568.6
98600.6
98633.9
98668.1
98703.2
98738.7
98774.7
98810.3
98845.2
98879
98911.4
98941.6
98969.2
98992.9
99013.2
99028.9
99039.7
99045
99044.9
99038.4
99025.9
99006.5
98981.6
98950.1
98914.2
98872.9
98829.2
98780.7
98731.9
98679.2
98626.1
98158.9
98158.9
98158.6
98157.9
98157
98155.8
98154.4
98152.6
98150.7
98148.5
98146.1
98143.5
98140.8
98137.9
98134.9
98131.8
98128.7
98125.5
98122.2
98118.9
98115.6
98112.3
98108.9
98105.6
98102.2
98098.9
98095.5
98092.1
98088.7
98085.2
98081.8
98078.4
98075
98071.5
98068.1
98064.8
98061.4
98058
98054.6
98051.3
98047.9
98044.7
98041.4
98038.3
98035.2
98032.3
98029.5
98026.9
98024.4
98022.1
98020
98018.1
98016.5
98015.1
98014
98013.3
98012.9
98012.9
98013.3
98014
98015.2
98016.8
98018.9
98021.4
98024.3
98027.8
98031.7
98036.1
98041
98046.3
98052
98058.1
98064.6
98071.5
98078.6
98086.1
98093.8
98101.7
98109.7
98117.9
98126.1
98134.4
98142.8
98151
98159.3
98167.4
98175.4
98183.2
98190.8
98198.2
98205.3
98212.1
98218.7
98224.8
98230.7
98236.1
98241.2
98245.9
98250.2
98254.1
98257.7
98261
98263.9
98266.5
98268.7
98270.6
98272.3
98273.7
98274.8
98275.8
98276.5
98277
98277.3
98277.3
98277.1
98276.6
98275.9
98274.8
98273.5
98271.8
98269.8
98267.4
98264.6
98261.4
98257.9
98254.1
98250.1
98246
98242
98238
98234.4
98231.4
98228.9
98227.4
98227.1
98228
98230.4
98234.5
98240.2
98247.8
98257.3
98268.8
98282.3
98297.8
98315.1
98334.3
98355.5
98378.7
98403.4
98429.7
98457.4
98486.4
98516.3
98547.2
98578.6
98610.6
98642.2
98673.2
98703.4
98732.2
98759.1
98783.9
98805.2
98823.4
98837.7
98848
98853.6
98854.6
98849.9
98840.2
98824.5
98804.1
98777.7
98747.8
98713
98676.1
98634.7
98593.2
98547.9
98502.6
98138.2
98138.3
98138.1
98137.6
98136.8
98135.9
98134.7
98133.2
98131.6
98129.7
98127.7
98125.4
98123
98120.5
98117.9
98115.2
98112.4
98109.6
98106.7
98103.8
98100.9
98097.9
98095
98092
98089
98086.1
98083.1
98080.1
98077
98074
98071
98067.9
98064.9
98061.9
98058.9
98055.8
98052.8
98049.8
98046.7
98043.7
98040.6
98037.6
98034.7
98031.7
98028.9
98026.1
98023.5
98020.9
98018.5
98016.2
98014.1
98012.2
98010.5
98009.1
98007.9
98007
98006.4
98006.1
98006.2
98006.6
98007.4
98008.6
98010.2
98012.2
98014.6
98017.4
98020.7
98024.4
98028.5
98033.1
98038
98043.3
98048.9
98054.8
98061.1
98067.6
98074.2
98081.1
98088.1
98095.2
98102.3
98109.5
98116.6
98123.7
98130.7
98137.6
98144.4
98150.9
98157.3
98163.4
98169.3
98174.9
98180.2
98185.2
98189.8
98194.1
98198
98201.6
98204.8
98207.7
98210.3
98212.6
98214.6
98216.3
98217.7
98218.9
98219.8
98220.5
98220.9
98221.2
98221.3
98221.2
98220.9
98220.3
98219.5
98218.5
98217.1
98215.4
98213.4
98211.1
98208.3
98205.1
98201.5
98197.5
98193
98188.1
98183
98177.7
98172.3
98166.9
98161.5
98156.6
98152.2
98148.5
98145.6
98144
98143.6
98144.6
98147.1
98151.4
98157.5
98165.4
98175.2
98186.9
98200.4
98215.7
98232.8
98252
98272.7
98294.9
98318.4
98343.3
98369.1
98395.9
98423.4
98451.3
98478.9
98506.1
98532.5
98557.7
98581.3
98603
98621.7
98637.5
98650
98659.1
98664.3
98665.7
98662.5
98654.9
98642.3
98625.8
98604.1
98579.7
98551
98520.5
98485.8
98451.5
98413.3
98375.8
98120.4
98120.5
98120.4
98120
98119.4
98118.7
98117.7
98116.5
98115.2
98113.6
98111.9
98110
98108
98105.8
98103.6
98101.3
98098.9
98096.4
98093.9
98091.4
98088.8
98086.3
98083.7
98081.1
98078.5
98075.9
98073.2
98070.6
98067.9
98065.2
98062.5
98059.8
98057
98054.3
98051.6
98048.8
98046
98043.2
98040.4
98037.6
98034.8
98031.9
98029.1
98026.4
98023.6
98021
98018.4
98015.9
98013.5
98011.2
98009.1
98007.1
98005.4
98003.8
98002.5
98001.4
98000.5
98000
97999.8
97999.9
98000.4
98001.2
98002.3
98003.9
98005.8
98008.1
98010.8
98013.9
98017.3
98021.1
98025.3
98029.8
98034.6
98039.7
98045.1
98050.6
98056.4
98062.2
98068.2
98074.2
98080.3
98086.4
98092.4
98098.4
98104.3
98110
98115.6
98120.9
98126.1
98131
98135.7
98140.1
98144.2
98147.9
98151.4
98154.5
98157.3
98159.8
98162
98163.8
98165.4
98166.8
98167.8
98168.7
98169.2
98169.6
98169.7
98169.6
98169.4
98169
98168.4
98167.6
98166.6
98165.4
98163.9
98162.2
98160.2
98157.8
98155.1
98152
98148.4
98144.5
98140
98135
98129.6
98123.7
98117.6
98111
98104.4
98097.5
98090.7
98084.1
98077.8
98072
98067
98062.8
98059.9
98058.1
98057.7
98059
98061.8
98066.4
98072.8
98081.1
98091
98102.8
98116.3
98131.8
98148.8
98167.3
98186.9
98207.9
98229.9
98252.8
98276.4
98300.3
98324
98347.6
98370.2
98391.6
98411.7
98430.2
98446
98459.2
98469.4
98476.8
98480.8
98482.1
98479.5
98473.6
98463.4
98450.2
98432.5
98413.1
98389.8
98365.2
98336.7
98309.3
98277.9
98248
98105.7
98105.9
98105.8
98105.6
98105.2
98104.6
98103.9
98103
98101.9
98100.6
98099.2
98097.7
98096
98094.3
98092.4
98090.5
98088.4
98086.4
98084.3
98082.1
98080
98077.8
98075.6
98073.3
98071
98068.7
98066.4
98064
98061.6
98059.1
98056.7
98054.2
98051.7
98049.2
98046.6
98044
98041.4
98038.8
98036.1
98033.4
98030.7
98027.9
98025.2
98022.5
98019.8
98017.2
98014.6
98012.1
98009.7
98007.4
98005.2
98003.1
98001.2
97999.5
97998
97996.8
97995.7
97995
97994.5
97994.3
97994.5
97994.9
97995.7
97996.9
97998.3
98000.2
98002.3
98004.8
98007.7
98010.9
98014.4
98018.2
98022.2
98026.6
98031.1
98035.8
98040.7
98045.7
98050.7
98055.8
98060.9
98066
98071
98075.9
98080.7
98085.3
98089.8
98094
98098
98101.8
98105.3
98108.6
98111.5
98114.1
98116.5
98118.5
98120.2
98121.6
98122.8
98123.6
98124.2
98124.5
98124.7
98124.6
98124.3
98123.8
98123.1
98122.2
98121.2
98120
98118.7
98117.1
98115.4
98113.5
98111.4
98108.9
98106.1
98103
98099.5
98095.7
98091.3
98086.5
98081.2
98075.4
98069
98062.2
98055
98047.4
98039.5
98031.4
98023.1
98015
98007
97999.5
97992.5
97986.2
97980.8
97976.6
97973.6
97972.2
97972.2
97973.9
97977.2
97982.4
97989.3
97997.9
98008.2
98020.4
98034
98049.2
98065.3
98082.8
98101.2
98120.4
98140.4
98160.6
98180.5
98200.4
98219.1
98236.7
98253.2
98268.1
98281
98291.2
98298.8
98304
98306.4
98306.6
98304
98299.1
98290.8
98280.2
98266
98250.6
98232
98212.8
98190.1
98168.9
98144
98121.2
98094.3
98094.5
98094.5
98094.4
98094.1
98093.7
98093.2
98092.5
98091.7
98090.7
98089.7
98088.5
98087.2
98085.8
98084.3
98082.8
98081.2
98079.6
98077.9
98076.1
98074.3
98072.5
98070.6
98068.7
98066.7
98064.7
98062.6
98060.4
98058.2
98056
98053.7
98051.4
98049
98046.6
98044.2
98041.7
98039.1
98036.5
98033.9
98031.2
98028.5
98025.8
98023
98020.3
98017.6
98014.9
98012.3
98009.7
98007.2
98004.8
98002.5
98000.3
97998.3
97996.5
97994.8
97993.4
97992.2
97991.2
97990.5
97990.1
97989.9
97990.1
97990.6
97991.4
97992.5
97993.9
97995.6
97997.6
98000
98002.6
98005.5
98008.7
98012.1
98015.8
98019.6
98023.5
98027.6
98031.8
98036
98040.3
98044.5
98048.6
98052.7
98056.6
98060.4
98064.1
98067.5
98070.7
98073.7
98076.4
98078.8
98080.9
98082.8
98084.4
98085.6
98086.6
98087.3
98087.6
98087.7
98087.6
98087.2
98086.6
98085.8
98084.8
98083.6
98082.2
98080.7
98079
98077.2
98075.2
98073
98070.7
98068.2
98065.5
98062.5
98059.3
98055.7
98051.8
98047.6
98042.9
98037.7
98032.1
98026
98019.3
98012.1
98004.4
97996.2
97987.6
97978.6
97969.4
97960
97950.5
97941
97931.9
97923.2
97915
97907.6
97901.2
97896.1
97892.3
97889.9
97889
97889.8
97892.4
97896.5
97902.4
97909.9
97919.1
97929.7
97941.8
97954.9
97969.2
97984.2
98000.2
98016.7
98033.3
98049.7
98065.9
98080.8
98094.6
98107.3
98118.6
98128.1
98135.3
98140
98142.9
98143.1
98141.7
98138.5
98133.8
98126.5
98118
98106.6
98094.6
98079.9
98065.5
98047.9
98032.4
98013.3
97997.2
98085.9
98086.1
98086.2
98086.2
98086
98085.8
98085.5
98085.1
98084.6
98083.9
98083.2
98082.4
98081.5
98080.5
98079.5
98078.4
98077.2
98076
98074.7
98073.3
98071.9
98070.4
98068.9
98067.3
98065.6
98063.8
98061.9
98059.9
98057.9
98055.8
98053.6
98051.4
98049.1
98046.7
98044.3
98041.8
98039.2
98036.6
98033.9
98031.2
98028.4
98025.6
98022.8
98020
98017.1
98014.3
98011.6
98008.9
98006.2
98003.7
98001.3
97998.9
97996.8
97994.8
97993
97991.3
97990
97988.8
97987.9
97987.3
97986.9
97986.8
97987
97987.5
97988.3
97989.4
97990.7
97992.4
97994.3
97996.5
97998.9
98001.6
98004.5
98007.5
98010.7
98014
98017.5
98020.9
98024.4
98027.9
98031.3
98034.7
98037.9
98041
98043.9
98046.6
98049.1
98051.3
98053.3
98055
98056.4
98057.6
98058.4
98059
98059.2
98059.2
98058.8
98058.2
98057.3
98056.2
98054.8
98053.3
98051.5
98049.6
98047.5
98045.3
98042.9
98040.4
98037.7
98034.8
98031.8
98028.7
98025.3
98021.8
98018
98013.9
98009.5
98004.8
97999.7
97994.2
97988.2
97981.8
97974.8
97967.4
97959.4
97950.9
97941.9
97932.4
97922.5
97912.3
97901.9
97891.3
97880.6
97870.1
97859.9
97850.1
97841.1
97833
97825.9
97820.1
97815.7
97812.7
97811.3
97811.6
97813.5
97816.9
97821.9
97828.5
97836.4
97845.7
97856.1
97867.6
97879.7
97892.5
97905.8
97919
97932
97944.6
97955.8
97966
97974.9
97982.5
97988.4
97992.3
97994.1
97994.5
97992.3
97988.9
97984.4
97979.2
97972.5
97965.2
97955.9
97946.6
97935.2
97924.9
97911.8
97901.5
97887.5
97877.7
98079.9
98080.2
98080.4
98080.4
98080.4
98080.4
98080.3
98080.1
98079.9
98079.6
98079.3
98078.9
98078.5
98078
98077.4
98076.8
98076.1
98075.3
98074.4
98073.5
98072.4
98071.3
98070.1
98068.7
98067.3
98065.7
98064
98062.2
98060.3
98058.2
98056.1
98053.9
98051.6
98049.2
98046.7
98044.1
98041.5
98038.7
98035.9
98033.1
98030.2
98027.2
98024.3
98021.3
98018.3
98015.3
98012.4
98009.6
98006.8
98004.1
98001.5
97999
97996.7
97994.5
97992.5
97990.8
97989.2
97987.9
97986.8
97986
97985.5
97985.2
97985.2
97985.4
97986
97986.8
97987.8
97989.2
97990.7
97992.6
97994.6
97996.9
97999.3
98001.9
98004.6
98007.3
98010.2
98013
98015.9
98018.7
98021.5
98024.1
98026.6
98028.9
98031
98032.9
98034.5
98035.9
98037
98037.8
98038.3
98038.5
98038.4
98038
98037.4
98036.4
98035.1
98033.5
98031.7
98029.6
98027.3
98024.8
98022.1
98019.3
98016.4
98013.2
98010
98006.5
98002.9
97999.2
97995.3
97991.3
97987.1
97982.7
97978
97973
97967.8
97962.2
97956.3
97950
97943.3
97936
97928.3
97920.1
97911.4
97902.2
97892.5
97882.3
97871.6
97860.7
97849.4
97837.9
97826.2
97814.6
97803.1
97792.1
97781.8
97772.3
97763.7
97756.2
97750.1
97745.4
97742.2
97740.6
97740.4
97741.8
97744.6
97748.9
97754.5
97761.3
97769.2
97778.2
97787.7
97797.6
97807.7
97817.8
97827.5
97836.5
97844.2
97850.8
97855.9
97859.8
97862.1
97862.5
97861.2
97858.9
97854.3
97848.9
97842.7
97836.5
97829.7
97823.1
97815.2
97808
97799.2
97792.3
97783
97777.2
97767.8
97763.5
98075.5
98075.8
98076.1
98076.2
98076.4
98076.6
98076.7
98076.9
98077.1
98077.3
98077.5
98077.7
98077.8
98077.9
98077.8
98077.7
98077.5
98077.2
98076.7
98076.2
98075.5
98074.7
98073.7
98072.6
98071.4
98069.9
98068.4
98066.7
98064.8
98062.8
98060.7
98058.5
98056.1
98053.6
98051
98048.3
98045.5
98042.7
98039.7
98036.7
98033.6
98030.5
98027.3
98024.1
98021
98017.8
98014.7
98011.6
98008.7
98005.8
98003
98000.4
97997.9
97995.6
97993.5
97991.6
97989.9
97988.5
97987.3
97986.3
97985.6
97985.2
97985
97985.1
97985.4
97986
97986.9
97988
97989.3
97990.8
97992.6
97994.5
97996.5
97998.7
98001
98003.3
98005.7
98008.1
98010.4
98012.6
98014.8
98016.8
98018.6
98020.2
98021.6
98022.8
98023.7
98024.2
98024.5
98024.5
98024.2
98023.6
98022.6
98021.4
98019.8
98018
98015.8
98013.4
98010.6
98007.6
98004.4
98001.1
97997.5
97993.8
97990
97986
97981.8
97977.5
97973
97968.4
97963.7
97958.7
97953.6
97948.2
97942.7
97936.9
97930.8
97924.4
97917.7
97910.6
97903.1
97895.1
97886.6
97877.8
97868.5
97858.7
97848.4
97837.6
97826.3
97814.8
97802.8
97790.5
97778.1
97765.7
97753.3
97741.4
97730
97719.4
97709.5
97700.8
97693.3
97687.2
97682.4
97679.1
97677.2
97676.8
97677.8
97680.2
97683.7
97688.4
97694.1
97700.9
97708
97715.1
97722.2
97729.1
97735.7
97741.4
97745.8
97748.9
97750.2
97750.4
97748.9
97746
97741.5
97736.3
97729.3
97721.6
97713.6
97706.2
97698.8
97692.4
97685.2
97679.6
97672.8
97668.7
97662.4
97660.7
97655.3
97655.9
98071.8
98072
98072.2
98072.3
98072.6
98073.1
98073.7
98074.5
98075.3
98076.3
98077.1
98078
98078.8
98079.5
98080.1
98080.5
98080.8
98080.9
98080.9
98080.7
98080.4
98079.8
98079.1
98078.2
98077.1
98075.8
98074.4
98072.7
98070.9
98068.9
98066.7
98064.4
98062
98059.4
98056.7
98053.9
98050.9
98047.9
98044.7
98041.5
98038.2
98034.9
98031.6
98028.2
98024.8
98021.5
98018.2
98014.9
98011.8
98008.7
98005.8
98003.1
98000.5
97998
97995.8
97993.8
97992
97990.4
97989.1
97988
97987.2
97986.7
97986.4
97986.3
97986.5
97987
97987.7
97988.6
97989.7
97991.1
97992.6
97994.2
97996
97997.9
97999.8
98001.8
98003.8
98005.7
98007.5
98009.3
98010.9
98012.4
98013.6
98014.6
98015.4
98015.9
98016.1
98016
98015.6
98014.9
98013.8
98012.4
98010.7
98008.6
98006.3
98003.6
98000.6
97997.3
97993.8
97990
97985.9
97981.7
97977.3
97972.7
97968
97963.2
97958.1
97953
97947.7
97942.2
97936.6
97930.7
97924.7
97918.5
97912.1
97905.4
97898.5
97891.3
97883.8
97876
97867.7
97859.1
97850.1
97840.6
97830.8
97820.4
97809.6
97798.4
97786.7
97774.7
97762.1
97749.3
97736.3
97723.3
97710.3
97697.7
97685.6
97674.1
97663.2
97653.5
97644.8
97637.5
97631.3
97626.6
97623.3
97621.5
97620.9
97621.7
97623.3
97626.1
97629.9
97634.4
97639.4
97644
97648.3
97652.2
97655.7
97658.3
97659.5
97659.2
97656.9
97653.3
97648.2
97641.9
97634.2
97626
97616.6
97606.7
97596.9
97588.1
97579.8
97573.1
97566.3
97561.7
97556.5
97554.5
97550.7
97552.5
97550.7
97555.6
98066.9
98066.9
98066.9
98067.3
98068
98069.3
98070.7
98072.5
98074.2
98076.1
98077.8
98079.5
98081.1
98082.5
98083.6
98084.6
98085.4
98086
98086.3
98086.4
98086.3
98086
98085.5
98084.8
98083.8
98082.6
98081.2
98079.6
98077.8
98075.8
98073.6
98071.2
98068.7
98066
98063.1
98060.2
98057.1
98053.8
98050.5
98047.1
98043.7
98040.2
98036.6
98033.1
98029.5
98026
98022.5
98019.1
98015.8
98012.7
98009.6
98006.7
98004
98001.5
97999.2
97997
97995.2
97993.5
97992.2
97991
97990.1
97989.5
97989.1
97989
97989.1
97989.5
97990
97990.8
97991.8
97993
97994.4
97995.8
97997.3
97999
98000.6
98002.2
98003.9
98005.4
98006.8
98008.2
98009.3
98010.3
98011
98011.5
98011.7
98011.6
98011.2
98010.5
98009.4
98008
98006.3
98004.2
98001.7
97998.9
97995.8
97992.4
97988.7
97984.7
97980.3
97975.7
97970.9
97965.9
97960.7
97955.3
97949.8
97944.1
97938.3
97932.4
97926.2
97919.9
97913.5
97906.8
97900
97892.9
97885.7
97878.3
97870.6
97862.7
97854.5
97845.9
97837.1
97827.8
97818.3
97808.4
97798
97787.3
97776.1
97764.5
97752.5
97740.1
97727.2
97714
97700.5
97687.1
97673.8
97660.8
97648.1
97635.8
97624.3
97613.7
97604.1
97595.6
97588.3
97582.5
97578
97574.9
97573
97572.2
97572.4
97573.5
97575.5
97578.1
97580.9
97583.2
97585
97586.1
97586.6
97586.3
97584.5
97581
97575.2
97567.9
97559.4
97549.7
97538.7
97527.4
97515.6
97503.8
97492.1
97481.9
97472.5
97465.3
97458.6
97454.8
97450.5
97450.2
97448.6
97453.3
97454.5
97463.2
98059.8
98059.6
98059.3
98060.3
98061.9
98064.6
98067.2
98070.3
98073.1
98076
98078.7
98081.1
98083.4
98085.3
98087
98088.5
98089.6
98090.5
98091.1
98091.5
98091.6
98091.4
98091
98090.4
98089.5
98088.4
98087
98085.4
98083.6
98081.6
98079.4
98077
98074.4
98071.6
98068.7
98065.6
98062.4
98059.1
98055.7
98052.2
98048.6
98045
98041.3
98037.6
98034
98030.4
98026.8
98023.3
98019.9
98016.7
98013.6
98010.6
98007.8
98005.2
98002.9
98000.7
97998.8
97997.2
97995.7
97994.6
97993.6
97993
97992.6
97992.4
97992.5
97992.8
97993.3
97994
97994.9
97996
97997.2
97998.5
97999.9
98001.3
98002.7
98004.1
98005.4
98006.6
98007.8
98008.7
98009.5
98010.1
98010.4
98010.5
98010.2
98009.6
98008.8
98007.5
98005.9
98004
98001.6
97999
97995.9
97992.5
97988.8
97984.7
97980.4
97975.7
97970.8
97965.6
97960.1
97954.4
97948.6
97942.5
97936.3
97929.9
97923.4
97916.7
97909.9
97902.9
97895.8
97888.4
97880.9
97873.2
97865.3
97857.2
97848.9
97840.3
97831.5
97822.5
97813.1
97803.4
97793.4
97783.1
97772.5
97761.4
97750
97738.2
97725.9
97713.1
97700
97686.5
97672.9
97659.2
97645.6
97632.3
97619.2
97606.5
97594.4
97583.1
97572.7
97563.3
97555.2
97548.4
97543
97538.8
97535.7
97533.7
97532.5
97532.2
97532.6
97533.4
97534.3
97534.4
97534
97532.5
97530.3
97527.2
97522.5
97515.8
97506.5
97495.8
97483.8
97470.8
97456.6
97442.4
97428.1
97414.1
97400.4
97388.6
97377.9
97370
97363.2
97359.6
97355.9
97356.8
97356.7
97363.8
97367.4
97379.3
98049.9
98049.4
98049.4
98051.8
98055.1
98059.7
98063.9
98068.4
98072.3
98076.1
98079.5
98082.6
98085.3
98087.7
98089.7
98091.4
98092.8
98093.9
98094.7
98095.2
98095.4
98095.4
98095.1
98094.5
98093.7
98092.6
98091.3
98089.8
98088
98085.9
98083.7
98081.3
98078.7
98075.9
98072.9
98069.8
98066.6
98063.2
98059.7
98056.1
98052.5
98048.8
98045.1
98041.4
98037.7
98034
98030.4
98026.9
98023.5
98020.2
98017.1
98014.1
98011.3
98008.7
98006.3
98004.2
98002.3
98000.6
97999.2
97998
97997.1
97996.4
97996
97995.8
97995.9
97996.2
97996.7
97997.3
97998.2
97999.2
98000.3
98001.4
98002.7
98003.9
98005.2
98006.4
98007.5
98008.5
98009.3
98010
98010.5
98010.8
98010.8
98010.5
98009.8
98008.9
98007.6
98006
98003.9
98001.5
97998.7
97995.6
97992.1
97988.2
97984
97979.4
97974.6
97969.4
97964
97958.3
97952.3
97946.1
97939.7
97933.1
97926.4
97919.5
97912.4
97905.1
97897.7
97890.2
97882.5
97874.6
97866.5
97858.3
97849.9
97841.3
97832.4
97823.4
97814.1
97804.6
97794.8
97784.8
97774.6
97764
97753
97741.8
97730.2
97718.2
97705.7
97692.7
97679.4
97665.9
97652.1
97638.4
97624.5
97610.9
97597.4
97584.4
97571.8
97560
97549
97538.9
97530.1
97522.5
97516.3
97511.2
97507.1
97504
97501.6
97499.9
97498.9
97498
97497
97495.3
97492.8
97489.2
97484.4
97478.7
97471.2
97461.3
97448.9
97435
97419.8
97403.6
97386.4
97369.4
97352.5
97336.5
97320.7
97307.5
97295.4
97286.7
97279.5
97276.1
97272.6
97274.4
97275.5
97284.5
97290.1
97304.5
98031.3
98032.5
98033.2
98039.3
98045.8
98053.7
98060.1
98066.4
98071.6
98076.4
98080.4
98084.1
98087.2
98089.9
98092.2
98094.1
98095.7
98097
98097.9
98098.5
98098.8
98098.8
98098.6
98098.1
98097.3
98096.3
98095
98093.4
98091.7
98089.7
98087.4
98085
98082.4
98079.6
98076.6
98073.5
98070.2
98066.8
98063.3
98059.7
98056.1
98052.4
98048.6
98044.9
98041.2
98037.5
98033.9
98030.4
98027
98023.7
98020.5
98017.6
98014.8
98012.2
98009.9
98007.7
98005.8
98004.2
98002.8
98001.6
98000.7
98000.1
97999.7
97999.5
97999.6
97999.8
98000.3
98000.9
98001.7
98002.6
98003.6
98004.7
98005.8
98007
98008
98009
98009.9
98010.7
98011.3
98011.8
98012
98012
98011.6
98011
98010.1
98008.8
98007.1
98005.1
98002.7
97999.9
97996.7
97993.2
97989.2
97985
97980.3
97975.3
97970
97964.4
97958.6
97952.4
97946.1
97939.5
97932.6
97925.6
97918.4
97911
97903.4
97895.7
97887.9
97879.9
97871.7
97863.4
97854.9
97846.3
97837.4
97828.4
97819.2
97809.8
97800.1
97790.3
97780.3
97770
97759.5
97748.7
97737.6
97726.3
97714.6
97702.4
97689.7
97676.7
97663.4
97649.8
97636
97622.2
97608.2
97594.3
97580.5
97567.2
97554.3
97542
97530.4
97519.8
97510.5
97502.4
97495.4
97489.4
97484.3
97480.3
97476.9
97474
97471.5
97469.1
97466.5
97463.1
97458.7
97453.1
97446.2
97437.8
97427.7
97414.9
97399.6
97382.8
97364.5
97345.4
97325.6
97306
97286.7
97268.9
97251.3
97236.7
97223.6
97214
97206.5
97203.3
97200.1
97202.8
97204.8
97215.6
97222.7
97239.6
98002.8
98002.3
98008.8
98022.3
98035.2
98047.4
98056.6
98064.8
98071.2
98076.8
98081.4
98085.5
98088.9
98091.8
98094.3
98096.4
98098.1
98099.4
98100.4
98101.1
98101.5
98101.6
98101.4
98100.9
98100.2
98099.2
98097.9
98096.4
98094.6
98092.7
98090.5
98088.1
98085.4
98082.7
98079.7
98076.6
98073.3
98069.9
98066.4
98062.8
98059.2
98055.5
98051.8
98048.1
98044.4
98040.7
98037.2
98033.7
98030.3
98027
98023.9
98021
98018.3
98015.7
98013.4
98011.3
98009.4
98007.8
98006.5
98005.3
98004.5
98003.8
98003.5
98003.3
98003.4
98003.6
98004.1
98004.6
98005.4
98006.2
98007.2
98008.1
98009.1
98010.1
98011
98011.8
98012.5
98013.1
98013.5
98013.7
98013.7
98013.4
98012.7
98011.8
98010.6
98008.9
98006.9
98004.6
98001.8
97998.7
97995.1
97991.2
97986.9
97982.3
97977.3
97971.9
97966.2
97960.3
97954
97947.5
97940.8
97933.9
97926.7
97919.3
97911.8
97904
97896.1
97888.1
97879.9
97871.5
97863
97854.3
97845.5
97836.6
97827.5
97818.2
97808.7
97799
97789.2
97779.1
97768.9
97758.6
97747.9
97737
97725.9
97714.5
97702.7
97690.5
97677.8
97664.8
97651.5
97638
97624.2
97610.3
97596.2
97582.1
97568.1
97554.5
97541.3
97528.7
97516.7
97505.7
97496
97487.3
97479.8
97472.9
97467
97462
97457.7
97453.7
97449.9
97446.2
97442.1
97437.2
97431.2
97423.8
97414.8
97404
97391.3
97375.8
97358
97338.7
97317.6
97295.8
97273.6
97251.8
97230.3
97210.7
97191.6
97176
97161.9
97151.8
97143.8
97140.8
97138.1
97141.8
97144.8
97157.1
97165.6
97184.5
97941.5
97954.1
97969.4
98000.2
98023.5
98041.6
98053.6
98063.5
98070.8
98077.1
98082.2
98086.5
98090.2
98093.3
98095.9
98098.1
98099.9
98101.3
98102.3
98103.1
98103.5
98103.7
98103.5
98103.1
98102.4
98101.4
98100.1
98098.6
98096.9
98095
98092.8
98090.4
98087.9
98085.1
98082.2
98079.1
98075.9
98072.5
98069.1
98065.5
98061.9
98058.3
98054.6
98051
98047.3
98043.7
98040.2
98036.7
98033.4
98030.2
98027.2
98024.3
98021.6
98019.1
98016.9
98014.8
98013
98011.4
98010.1
98009.1
98008.2
98007.6
98007.3
98007.1
98007.2
98007.4
98007.8
98008.4
98009.1
98009.8
98010.7
98011.5
98012.4
98013.2
98014
98014.6
98015.2
98015.5
98015.7
98015.6
98015.3
98014.8
98013.9
98012.7
98011.1
98009.2
98006.8
98004.2
98001.1
97997.6
97993.7
97989.5
97984.9
97979.9
97974.6
97968.9
97962.9
97956.6
97950.1
97943.3
97936.3
97929
97921.6
97913.9
97906.1
97898.1
97890
97881.7
97873.2
97864.6
97855.9
97847
97838
97828.9
97819.6
97810.1
97800.4
97790.7
97780.7
97770.6
97760.3
97749.9
97739.3
97728.4
97717.3
97705.9
97694.1
97681.9
97669.3
97656.4
97643.2
97629.8
97616
97602.1
97587.9
97573.7
97559.6
97545.8
97532.3
97519.3
97507
97495.8
97485.8
97476.6
97468.4
97460.8
97454.1
97448.3
97443.1
97438.2
97433.2
97428.2
97422.8
97416.6
97409.1
97400.1
97389.2
97376.1
97361
97343.2
97323.2
97301.5
97277.9
97253.9
97229.6
97205.8
97182.5
97161.5
97141.3
97124.8
97110
97099.4
97091.2
97088.5
97086.4
97091.3
97095.3
97109
97118.6
97139.4
97867.5
97879.6
97924.7
97976.6
98013.7
98037.8
98052
98062.8
98070.7
98077.4
98082.8
98087.4
98091.2
98094.4
98097.1
98099.3
98101.1
98102.6
98103.7
98104.5
98104.9
98105.1
98105
98104.6
98103.9
98102.9
98101.7
98100.3
98098.6
98096.7
98094.6
98092.3
98089.7
98087
98084.2
98081.1
98078
98074.7
98071.3
98067.8
98064.3
98060.7
98057.1
98053.5
98049.9
98046.4
98043
98039.6
98036.3
98033.2
98030.3
98027.5
98024.9
98022.4
98020.2
98018.3
98016.5
98015
98013.8
98012.7
98011.9
98011.4
98011
98010.9
98011
98011.2
98011.6
98012.1
98012.7
98013.4
98014.1
98014.9
98015.6
98016.3
98016.9
98017.4
98017.7
98017.8
98017.8
98017.5
98016.9
98016.1
98014.9
98013.4
98011.6
98009.4
98006.7
98003.7
98000.3
97996.6
97992.4
97987.8
97982.9
97977.6
97972
97966.1
97959.8
97953.3
97946.4
97939.4
97932.2
97924.7
97917.1
97909.2
97901.2
97893
97884.7
97876.3
97867.7
97859
97850.1
97841.1
97832
97822.8
97813.4
97803.9
97794.2
97784.4
97774.5
97764.4
97754.2
97743.8
97733.3
97722.5
97711.5
97700.1
97688.4
97676.3
97663.9
97651.2
97638.1
97624.7
97611
97597
97582.9
97568.6
97554.4
97540.4
97526.7
97513.4
97500.9
97489.4
97479
97469.4
97460.6
97452.3
97444.9
97438.3
97432.4
97426.5
97420.4
97414.1
97407.6
97400.1
97391.3
97380.9
97368.2
97353.1
97335.8
97315.9
97294
97270.3
97244.8
97218.7
97192.7
97167.3
97142.7
97120.6
97099.7
97082.6
97067.3
97056.6
97048.4
97046.2
97044.9
97051
97056.2
97071.4
97082.1
97104.5
97758.3
97819.9
97899.4
97964
98007.5
98034.9
98051
98062.2
98070.5
98077.5
98083.1
98087.8
98091.7
98095
98097.8
98100
98101.9
98103.4
98104.5
98105.3
98105.8
98106
98105.9
98105.5
98104.8
98103.9
98102.8
98101.4
98099.8
98097.9
98095.9
98093.6
98091.1
98088.5
98085.7
98082.7
98079.7
98076.4
98073.1
98069.8
98066.3
98062.8
98059.3
98055.8
98052.3
98048.9
98045.5
98042.2
98039.1
98036.1
98033.2
98030.5
98028
98025.6
98023.5
98021.6
98020
98018.5
98017.3
98016.3
98015.6
98015.1
98014.8
98014.6
98014.7
98014.9
98015.3
98015.7
98016.2
98016.8
98017.5
98018.1
98018.7
98019.2
98019.7
98020
98020.1
98020
98019.7
98019.2
98018.4
98017.3
98015.8
98014.1
98011.9
98009.4
98006.5
98003.2
97999.5
97995.5
97991
97986.2
97981
97975.4
97969.5
97963.3
97956.9
97950.1
97943.1
97935.8
97928.4
97920.7
97912.9
97905
97896.8
97888.6
97880.2
97871.7
97863.1
97854.3
97845.5
97836.5
97827.4
97818.2
97808.8
97799.3
97789.7
97780
97770.2
97760.2
97750.1
97739.9
97729.5
97718.9
97708.1
97696.9
97685.3
97673.5
97661.3
97648.7
97635.8
97622.5
97608.8
97594.8
97580.7
97566.4
97552.2
97538
97524
97510.5
97497.8
97486.1
97475.3
97465.2
97455.8
97446.9
97438.8
97431.6
97424.8
97418
97410.8
97403.5
97395.8
97387.2
97377.1
97365.3
97351
97334.2
97315
97293.5
97269.9
97244.5
97217.4
97189.7
97162.4
97135.9
97110.2
97087.5
97066.3
97049
97033.6
97023.1
97015.3
97013.8
97013.5
97021
97027.5
97044.2
97056.1
97080
97623.4
97805.4
97912
97973.1
98008.9
98034
98050.9
98062.2
98070.6
98077.6
98083.3
98088.1
98092.1
98095.3
98098.1
98100.4
98102.2
98103.7
98104.9
98105.7
98106.2
98106.4
98106.3
98105.9
98105.3
98104.5
98103.4
98102
98100.5
98098.7
98096.7
98094.5
98092.1
98089.6
98086.8
98084
98081
98077.9
98074.7
98071.4
98068
98064.6
98061.2
98057.8
98054.5
98051.1
98047.9
98044.7
98041.6
98038.7
98036
98033.4
98030.9
98028.7
98026.7
98024.9
98023.3
98021.9
98020.8
98019.9
98019.1
98018.7
98018.4
98018.2
98018.3
98018.5
98018.8
98019.2
98019.7
98020.2
98020.7
98021.2
98021.6
98022
98022.3
98022.4
98022.3
98022
98021.5
98020.7
98019.6
98018.3
98016.6
98014.5
98012.1
98009.3
98006.1
98002.5
97998.6
97994.2
97989.5
97984.4
97978.9
97973.1
97967
97960.6
97953.9
97946.9
97939.8
97932.4
97924.8
97917
97909.1
97901
97892.9
97884.6
97876.2
97867.8
97859.2
97850.5
97841.7
97832.8
97823.8
97814.7
97805.5
97796.1
97786.7
97777.2
97767.5
97757.8
97747.9
97738
97727.8
97717.5
97706.9
97695.9
97684.6
97673
97661
97648.7
97635.9
97622.7
97609
97595.1
97581.1
97566.8
97552.5
97538.2
97524
97510.4
97497.4
97485.4
97474.2
97463.6
97453.7
97444.3
97435.6
97427.5
97419.9
97412.2
97404.1
97395.7
97386.9
97377.2
97366
97352.8
97337.1
97318.9
97298.1
97275.3
97250.3
97223.7
97195.2
97166.4
97138.1
97110.9
97084.7
97061.6
97040.6
97023.4
97008.4
96998.5
96991.5
96991
96992.1
97001.1
97009
97027.5
97040.7
97066.1
97508.4
97821.8
97938.7
97985.3
98011.1
98032.9
98050.4
98062.1
98070.5
98077.4
98083.2
98088
98092
98095.3
98098.1
98100.3
98102.2
98103.7
98104.8
98105.6
98106.1
98106.4
98106.3
98106
98105.5
98104.6
98103.6
98102.3
98100.8
98099.1
98097.2
98095.1
98092.8
98090.3
98087.7
98084.9
98082
98079
98075.9
98072.7
98069.5
98066.2
98062.9
98059.6
98056.4
98053.2
98050
98047
98044
98041.2
98038.6
98036.1
98033.8
98031.6
98029.7
98028
98026.5
98025.2
98024.1
98023.3
98022.6
98022.1
98021.9
98021.7
98021.8
98021.9
98022.2
98022.5
98022.9
98023.3
98023.8
98024.1
98024.4
98024.6
98024.7
98024.6
98024.3
98023.8
98023.1
98022.1
98020.7
98019.1
98017.1
98014.8
98012.1
98009
98005.6
98001.7
97997.4
97992.8
97987.8
97982.4
97976.7
97970.7
97964.4
97957.8
97950.9
97943.8
97936.5
97929
97921.3
97913.4
97905.5
97897.4
97889.2
97881
97872.7
97864.3
97855.9
97847.3
97838.7
97830
97821.2
97812.3
97803.3
97794.2
97785.1
97775.8
97766.4
97757
97747.5
97737.8
97728
97718
97707.7
97697
97686
97674.7
97663
97650.9
97638.4
97625.2
97611.7
97597.8
97583.8
97569.6
97555.3
97540.9
97526.6
97512.9
97499.8
97487.5
97475.8
97464.8
97454.3
97444.4
97435.2
97426.3
97417.8
97409.2
97400.2
97390.8
97380.8
97370.1
97357.8
97343.5
97326.6
97307.2
97285.3
97261.4
97235.3
97207.7
97178.4
97148.9
97120
97092.4
97066
97043
97022.4
97005.8
96991.7
96983
96977.1
96978
96980.6
96991.4
97001
97021.3
97036
97063.1
97679.2
97878.7
97957.8
97994.9
98013.4
98033.2
98050.5
98062.3
98070.7
98077.4
98083.1
98087.9
98091.8
98095.1
98097.8
98100
98101.9
98103.3
98104.5
98105.3
98105.8
98106.1
98106.1
98105.8
98105.3
98104.5
98103.5
98102.3
98100.9
98099.2
98097.4
98095.3
98093.1
98090.8
98088.2
98085.6
98082.8
98079.9
98076.9
98073.8
98070.7
98067.5
98064.4
98061.2
98058.1
98055
98052
98049
98046.2
98043.5
98041
98038.6
98036.4
98034.4
98032.5
98030.9
98029.5
98028.3
98027.3
98026.4
98025.8
98025.4
98025.1
98025
98025
98025.2
98025.4
98025.7
98026
98026.3
98026.6
98026.8
98027
98027
98026.9
98026.6
98026.2
98025.5
98024.5
98023.2
98021.6
98019.7
98017.5
98014.9
98011.9
98008.6
98004.9
98000.7
97996.2
97991.3
97986.1
97980.5
97974.5
97968.3
97961.8
97955
97948
97940.8
97933.3
97925.7
97918
97910.1
97902.2
97894.1
97886
97877.9
97869.7
97861.4
97853.1
97844.8
97836.4
97827.9
97819.4
97810.8
97802.1
97793.4
97784.6
97775.7
97766.7
97757.7
97748.5
97739.3
97729.8
97720.3
97710.3
97700
97689.4
97678.4
97667.1
97655.3
97642.9
97629.9
97616.5
97602.8
97588.9
97574.7
97560.4
97546
97531.7
97517.9
97504.7
97492.1
97480
97468.5
97457.5
97447.1
97437.4
97427.8
97418.5
97409
97399.1
97388.8
97377.7
97366
97352.7
97337.3
97319.4
97299.1
97276.3
97251.7
97225
97196.7
97166.9
97137.2
97108
97080.4
97054.3
97031.7
97011.9
96996.4
96983.7
96976.5
96972.2
96974.8
96979.2
96992
97003.5
97025.8
97042.2
97071
97831.7
97924
97953.9
98000.3
98017.1
98034.2
98050.3
98062.2
98070.5
98077.2
98082.7
98087.4
98091.3
98094.6
98097.3
98099.5
98101.3
98102.8
98103.9
98104.8
98105.3
98105.6
98105.6
98105.3
98104.9
98104.1
98103.2
98102.1
98100.7
98099.1
98097.4
98095.4
98093.3
98091
98088.6
98086
98083.4
98080.6
98077.7
98074.8
98071.8
98068.7
98065.7
98062.7
98059.6
98056.7
98053.8
98051
98048.3
98045.7
98043.3
98041
98038.9
98037
98035.3
98033.8
98032.4
98031.3
98030.3
98029.6
98029
98028.6
98028.3
98028.2
98028.2
98028.3
98028.5
98028.7
98028.9
98029.1
98029.3
98029.4
98029.5
98029.3
98029.1
98028.6
98027.9
98027
98025.7
98024.2
98022.4
98020.3
98017.8
98014.9
98011.6
98008
98004
97999.6
97994.9
97989.7
97984.3
97978.4
97972.3
97965.9
97959.2
97952.2
97945.1
97937.7
97930.2
97922.6
97914.9
97907
97899.1
97891.1
97883.1
97875.1
97867.1
97859
97850.9
97842.9
97834.8
97826.6
97818.5
97810.2
97801.9
97793.6
97785.3
97776.8
97768.3
97759.7
97751
97742.2
97733.3
97724.1
97714.6
97704.8
97694.6
97684
97673
97661.5
97649.3
97636.5
97623.3
97609.8
97595.9
97581.9
97567.6
97553.2
97538.9
97525
97511.7
97498.8
97486.2
97474.2
97462.8
97451.9
97441.7
97431.4
97421.3
97410.9
97400.2
97389
97376.9
97364.1
97349.9
97333.5
97314.9
97293.9
97270.4
97245.4
97218.3
97189.8
97159.9
97130.4
97101.4
97074.3
97048.8
97027.1
97008.5
96994.6
96983.6
96978.5
96976.2
96981
96987.5
97002.5
97016.3
97040.6
97058.8
97089.6
97901.4
97931.3
97954.8
98003.9
98021.6
98037.4
98051.7
98062.7
98070.6
98077
98082.4
98086.9
98090.7
98093.9
98096.6
98098.7
98100.5
98102
98103.1
98103.9
98104.5
98104.8
98104.8
98104.6
98104.2
98103.5
98102.7
98101.6
98100.3
98098.8
98097.2
98095.3
98093.3
98091.2
98088.8
98086.4
98083.9
98081.2
98078.5
98075.7
98072.8
98069.9
98067
98064.2
98061.3
98058.5
98055.8
98053.1
98050.5
98048.1
98045.8
98043.7
98041.7
98039.9
98038.3
98036.9
98035.6
98034.6
98033.7
98033
98032.5
98032.1
98031.8
98031.7
98031.7
98031.7
98031.8
98032
98032.1
98032.2
98032.2
98032.2
98032.1
98031.7
98031.3
98030.6
98029.7
98028.5
98027
98025.2
98023.1
98020.7
98017.9
98014.7
98011.2
98007.3
98003
97998.4
97993.3
97987.9
97982.2
97976.1
97969.8
97963.2
97956.3
97949.3
97942
97934.6
97927
97919.4
97911.6
97903.9
97896.1
97888.2
97880.4
97872.6
97864.8
97857
97849.2
97841.5
97833.8
97826.1
97818.3
97810.5
97802.7
97795
97787.2
97779.2
97771.3
97763.3
97755.2
97746.9
97738.5
97729.9
97720.9
97711.6
97701.9
97691.7
97681.1
97669.9
97658
97645.5
97632.5
97619.2
97605.5
97591.5
97577.2
97563
97548.7
97534.7
97521.2
97508
97495
97482.6
97470.6
97459.2
97448.3
97437.4
97426.5
97415.2
97403.7
97391.6
97378.6
97364.9
97349.7
97332.6
97313.4
97291.9
97268
97242.7
97215.6
97187.2
97157.7
97128.7
97100.3
97074
97049.7
97029.4
97012.5
97000.5
96991.8
96989
96989.3
96996.6
97005.7
97023.2
97039.3
97065.7
97086.1
97118.7
97922
97937.8
97988.2
98014.4
98027.8
98041.7
98053.5
98063.1
98070.5
98076.6
98081.7
98086.1
98089.7
98092.8
98095.4
98097.5
98099.3
98100.7
98101.8
98102.7
98103.3
98103.6
98103.7
98103.5
98103.2
98102.6
98101.8
98100.8
98099.6
98098.3
98096.7
98095
98093.1
98091.1
98088.9
98086.6
98084.2
98081.8
98079.2
98076.6
98073.9
98071.2
98068.4
98065.7
98063.1
98060.4
98057.9
98055.4
98053
98050.7
98048.6
98046.6
98044.8
98043.1
98041.6
98040.3
98039.2
98038.2
98037.4
98036.7
98036.2
98035.9
98035.6
98035.5
98035.4
98035.4
98035.4
98035.5
98035.5
98035.4
98035.3
98035.1
98034.8
98034.3
98033.5
98032.6
98031.4
98030
98028.2
98026.2
98023.8
98021
98017.9
98014.4
98010.6
98006.4
98001.8
97996.8
97991.5
97985.8
97979.9
97973.6
97967
97960.2
97953.2
97946
97938.7
97931.2
97923.6
97916
97908.4
97900.7
97893
97885.4
97877.8
97870.3
97862.8
97855.3
97848
97840.7
97833.4
97826.2
97819
97811.8
97804.6
97797.5
97790.3
97783.1
97775.8
97768.5
97761.1
97753.5
97745.8
97737.8
97729.4
97720.7
97711.5
97701.8
97691.6
97680.8
97669.2
97657
97644.4
97631.3
97617.7
97603.8
97589.7
97575.5
97561.3
97547.3
97533.6
97520.1
97506.7
97493.8
97481.4
97469.5
97457.9
97446.2
97434.5
97422.5
97410.2
97397.3
97383.5
97368.8
97352.9
97335.1
97315.5
97293.6
97269.5
97244.3
97217.5
97189.5
97160.8
97132.7
97105.2
97080.3
97057.6
97039.1
97024.2
97014.7
97008.4
97008.5
97011.6
97021.8
97033.7
97053.9
97072.6
97101.2
97123.8
97158.1
97948.4
97930
97980.2
98004.2
98027.7
98042.7
98054
98062.9
98069.8
98075.5
98080.5
98084.7
98088.2
98091.2
98093.7
98095.8
98097.6
98099
98100.1
98101
98101.6
98102
98102.1
98102.1
98101.8
98101.3
98100.6
98099.7
98098.7
98097.4
98096
98094.4
98092.7
98090.8
98088.8
98086.7
98084.5
98082.2
98079.8
98077.4
98074.9
98072.4
98069.9
98067.4
98064.9
98062.5
98060.1
98057.8
98055.6
98053.6
98051.6
98049.8
98048.1
98046.6
98045.2
98044
98043
98042.1
98041.4
98040.8
98040.3
98039.9
98039.7
98039.5
98039.4
98039.3
98039.3
98039.2
98039.1
98038.9
98038.6
98038.2
98037.6
98036.9
98035.9
98034.7
98033.2
98031.5
98029.4
98027
98024.3
98021.2
98017.8
98013.9
98009.8
98005.2
98000.3
97995
97989.4
97983.5
97977.2
97970.7
97964
97957
97949.9
97942.6
97935.1
97927.6
97920.1
97912.5
97905
97897.5
97890.1
97882.7
97875.4
97868.3
97861.2
97854.2
97847.3
97840.5
97833.8
97827.2
97820.7
97814.1
97807.7
97801.3
97794.9
97788.5
97782
97775.5
97768.9
97762.1
97755.1
97747.8
97740.1
97732
97723.4
97714.3
97704.6
97694.2
97683
97671.2
97659
97646.2
97632.8
97619
97605
97591
97576.9
97562.8
97549
97535.2
97521.5
97508.1
97495.2
97482.8
97470.5
97458.1
97445.6
97432.9
97419.9
97406.2
97391.6
97376.1
97359.6
97341.4
97321.4
97299.4
97275.4
97250.6
97224.3
97197.1
97169.5
97142.7
97116.7
97093.5
97072.9
97056.7
97044.3
97037.6
97034.2
97037.3
97043.5
97057
97071.9
97094.9
97116.1
97147.1
97172.1
97208
97983.3
97952
97995.1
98015.6
98037.4
98049.1
98057.6
98064.4
98069.9
98074.8
98079.2
98083.1
98086.3
98089.1
98091.5
98093.5
98095.2
98096.7
98097.8
98098.8
98099.4
98099.8
98100.1
98100.1
98099.9
98099.5
98099
98098.2
98097.3
98096.2
98095
98093.6
98092
98090.3
98088.5
98086.6
98084.6
98082.6
98080.4
98078.2
98076
98073.7
98071.4
98069.1
98066.9
98064.7
98062.6
98060.5
98058.5
98056.6
98054.9
98053.3
98051.8
98050.4
98049.2
98048.1
98047.2
98046.4
98045.7
98045.2
98044.7
98044.4
98044.1
98043.9
98043.7
98043.6
98043.4
98043.2
98042.9
98042.5
98042
98041.4
98040.6
98039.6
98038.3
98036.8
98035
98033
98030.6
98027.8
98024.8
98021.3
98017.5
98013.3
98008.7
98003.8
97998.6
97993
97987.1
97980.8
97974.4
97967.6
97960.7
97953.6
97946.3
97938.9
97931.4
97924
97916.5
97909
97901.7
97894.4
97887.2
97880.2
97873.3
97866.6
97860
97853.5
97847.2
97841.1
97835.1
97829.2
97823.4
97817.7
97812.2
97806.6
97801.1
97795.6
97790
97784.4
97778.7
97772.8
97766.7
97760.2
97753.2
97745.9
97737.9
97729.4
97720.2
97710.3
97699.7
97688.4
97676.5
97664.1
97650.9
97637.3
97623.6
97609.7
97595.6
97581.6
97567.7
97553.6
97539.6
97525.8
97512.5
97499.5
97486.5
97473.5
97460.2
97446.9
97433.2
97418.9
97403.6
97387.5
97370.4
97352.1
97331.9
97310
97286.5
97262.1
97236.6
97210.6
97184.6
97159.6
97135.5
97114.5
97096.5
97083.1
97073.5
97069.9
97069.7
97076.3
97085.7
97102.6
97120.7
97146.6
97170.4
97203.6
97231
97268.4
98043.1
98011.6
98021.4
98030.8
98045.3
98053.5
98059.2
98064.2
98068.7
98073
98076.9
98080.4
98083.4
98086
98088.3
98090.3
98092.1
98093.5
98094.8
98095.7
98096.5
98097
98097.3
98097.5
98097.4
98097.2
98096.8
98096.2
98095.5
98094.6
98093.5
98092.3
98091
98089.6
98088
98086.4
98084.6
98082.8
98080.9
98079
98077
98075
98073
98071
98069
98067.1
98065.2
98063.4
98061.7
98060
98058.5
98057.1
98055.8
98054.6
98053.5
98052.6
98051.8
98051
98050.5
98050
98049.5
98049.2
98048.9
98048.6
98048.4
98048.1
98047.8
98047.4
98047
98046.4
98045.7
98044.8
98043.7
98042.4
98040.9
98039
98036.9
98034.5
98031.7
98028.6
98025.1
98021.3
98017.1
98012.5
98007.6
98002.3
97996.7
97990.7
97984.5
97978
97971.3
97964.3
97957.2
97949.9
97942.5
97935.1
97927.6
97920.2
97912.9
97905.6
97898.4
97891.5
97884.7
97878.1
97871.7
97865.5
97859.4
97853.6
97848.1
97842.7
97837.5
97832.4
97827.5
97822.8
97818.2
97813.7
97809.2
97804.7
97800.2
97795.6
97790.9
97786.1
97780.8
97775.2
97769.1
97762.5
97755.3
97747.6
97739
97729.8
97719.7
97709
97697.6
97685.5
97672.6
97659.4
97645.8
97632
97618.1
97604.2
97590.2
97575.9
97561.7
97547.5
97533.8
97520.3
97506.7
97493
97479.1
97465.1
97450.9
97436
97420.1
97403.4
97386
97367.5
97347.4
97325.7
97302.9
97279.2
97254.9
97230.3
97206.3
97183.4
97161.8
97143.4
97128.3
97118.2
97111.8
97111.5
97114.8
97125.1
97138
97158.3
97179.7
97208.5
97235.1
97270.6
97300.2
97338.8
98073.5
98050.7
98043.5
98043.7
98051.8
98057.2
98060.7
98064.1
98067.8
98071.4
98074.7
98077.8
98080.5
98082.9
98085.1
98087
98088.7
98090.2
98091.4
98092.5
98093.3
98093.9
98094.4
98094.6
98094.7
98094.7
98094.4
98094
98093.5
98092.8
98091.9
98091
98089.9
98088.7
98087.4
98086
98084.5
98082.9
98081.3
98079.6
98077.9
98076.2
98074.5
98072.7
98071
98069.4
98067.8
98066.2
98064.7
98063.3
98062
98060.8
98059.7
98058.7
98057.7
98056.9
98056.2
98055.6
98055.1
98054.6
98054.3
98053.9
98053.6
98053.3
98052.9
98052.6
98052.1
98051.6
98051
98050.2
98049.3
98048.1
98046.8
98045.2
98043.3
98041.2
98038.7
98035.9
98032.8
98029.3
98025.5
98021.3
98016.7
98011.8
98006.5
98000.9
97994.9
97988.6
97982.1
97975.3
97968.3
97961.2
97953.9
97946.5
97939.1
97931.6
97924.2
97916.9
97909.7
97902.6
97895.8
97889.1
97882.7
97876.6
97870.7
97865.1
97859.8
97854.7
97849.9
97845.3
97841
97836.9
97833
97829.3
97825.8
97822.4
97819
97815.7
97812.3
97808.9
97805.4
97801.6
97797.4
97792.8
97787.7
97781.9
97775.6
97768.7
97760.9
97752.4
97743.1
97733
97722.2
97710.5
97698.1
97685.3
97672.1
97658.6
97644.9
97631.1
97617.1
97602.7
97588.4
97574.1
97560.1
97546.1
97531.9
97517.6
97503.2
97488.7
97473.9
97458.5
97442.1
97425.1
97407.6
97389.1
97369.2
97348.2
97326.2
97303.5
97280.5
97257.9
97236.1
97216
97197.4
97182.3
97170.6
97164.2
97161.6
97165.2
97172.6
97187
97203.9
97228
97253.2
97285.1
97314.8
97352.7
97384.7
97424.5
98079.5
98068.6
98057.7
98052.8
98055.4
98058.6
98061
98063.5
98066.4
98069.4
98072.2
98074.8
98077.3
98079.5
98081.6
98083.5
98085.1
98086.6
98087.9
98089
98089.9
98090.6
98091.2
98091.6
98091.9
98092
98091.9
98091.7
98091.3
98090.9
98090.2
98089.5
98088.6
98087.7
98086.6
98085.5
98084.2
98083
98081.6
98080.2
98078.8
98077.3
98075.9
98074.4
98073
98071.6
98070.3
98069
98067.7
98066.5
98065.4
98064.4
98063.5
98062.7
98061.9
98061.2
98060.7
98060.1
98059.7
98059.3
98058.9
98058.6
98058.2
98057.8
98057.4
98057
98056.4
98055.8
98055
98054
98052.8
98051.5
98049.9
98048
98045.8
98043.4
98040.6
98037.5
98034
98030.2
98026
98021.4
98016.5
98011.2
98005.6
97999.6
97993.4
97986.8
97980
97973
97965.8
97958.4
97951
97943.5
97936
97928.6
97921.3
97914.1
97907.1
97900.3
97893.8
97887.5
97881.6
97876
97870.7
97865.7
97861.1
97856.8
97852.9
97849.2
97845.9
97842.8
97840
97837.5
97835.1
97832.9
97830.7
97828.7
97826.6
97824.5
97822.1
97819.5
97816.5
97813
97808.9
97804.3
97799
97793
97786.2
97778.6
97770.1
97760.8
97750.6
97739.5
97727.9
97715.7
97703
97689.9
97676.6
97663
97649.1
97634.9
97620.5
97606.3
97592.1
97577.7
97563.2
97548.5
97533.8
97519
97503.9
97488.1
97471.6
97454.6
97437.1
97418.9
97399.6
97379.5
97358.6
97337.4
97316.3
97296
97277
97260.1
97245.2
97234
97226.4
97224.3
97226.1
97234.2
97246.1
97265
97286.3
97314.6
97343.6
97379.1
97412.3
97452.7
97486.9
97527.9
98073.3
98069.2
98063.1
98058.1
98057.3
98058.6
98060.2
98062
98064.2
98066.6
98068.9
98071.2
98073.3
98075.4
98077.4
98079.1
98080.8
98082.3
98083.6
98084.8
98085.8
98086.6
98087.4
98087.9
98088.4
98088.7
98088.8
98088.8
98088.7
98088.5
98088.1
98087.7
98087.1
98086.4
98085.7
98084.8
98083.9
98082.9
98081.9
98080.8
98079.7
98078.6
98077.5
98076.4
98075.2
98074.2
98073.1
98072.1
98071.1
98070.2
98069.4
98068.6
98067.9
98067.2
98066.6
98066.1
98065.6
98065.2
98064.8
98064.5
98064.1
98063.8
98063.4
98063
98062.5
98061.9
98061.2
98060.4
98059.4
98058.2
98056.8
98055.2
98053.3
98051.2
98048.7
98045.9
98042.8
98039.3
98035.5
98031.3
98026.7
98021.8
98016.5
98010.9
98004.9
97998.7
97992.1
97985.3
97978.2
97970.9
97963.5
97956
97948.5
97941
97933.5
97926.1
97918.9
97911.9
97905.2
97898.8
97892.6
97886.9
97881.5
97876.5
97871.9
97867.7
97863.9
97860.6
97857.6
97855
97852.7
97850.8
97849.3
97848
97846.9
97846
97845.3
97844.6
97843.9
97843.2
97842.2
97840.9
97839.2
97836.9
97834
97830.6
97826.5
97821.6
97815.9
97809.3
97801.7
97793.3
97784
97773.7
97762.9
97751.5
97739.5
97727
97714.1
97701
97687.4
97673.4
97659.2
97645.1
97630.7
97616.2
97601.5
97586.7
97571.9
97556.9
97541.6
97525.7
97509.3
97492.6
97475.2
97457.4
97439
97420.1
97400.6
97381.2
97362.2
97344.6
97328.7
97315.2
97304.2
97297.3
97294.2
97296.5
97303
97315.7
97332.3
97355.7
97381.5
97413.7
97446.6
97485.6
97522
97564.4
97600.5
97642
98066.3
98064.2
98061.6
98058.4
98056.7
98056.8
98057.7
98059
98060.6
98062.4
98064.3
98066.2
98068.1
98070
98071.8
98073.6
98075.2
98076.7
98078.1
98079.4
98080.6
98081.7
98082.6
98083.4
98084
98084.6
98085
98085.3
98085.5
98085.6
98085.6
98085.4
98085.2
98084.9
98084.5
98084
98083.5
98082.9
98082.2
98081.5
98080.8
98080.1
98079.3
98078.5
98077.8
98077
98076.3
98075.6
98075
98074.4
98073.8
98073.3
98072.8
98072.4
98072
98071.6
98071.3
98071
98070.7
98070.3
98070
98069.7
98069.2
98068.7
98068.1
98067.4
98066.6
98065.6
98064.4
98063
98061.4
98059.5
98057.3
98054.8
98052.1
98048.9
98045.5
98041.6
98037.5
98032.9
98028
98022.7
98017
98011.1
98004.8
97998.2
97991.3
97984.2
97977
97969.5
97962
97954.3
97946.7
97939.2
97931.8
97924.6
97917.6
97910.9
97904.5
97898.5
97892.8
97887.6
97882.9
97878.6
97874.8
97871.5
97868.7
97866.4
97864.5
97863.1
97862
97861.4
97861.2
97861.3
97861.7
97862.3
97863
97863.9
97864.7
97865.5
97866
97866.2
97865.9
97865
97863.6
97861.6
97858.9
97855.3
97850.8
97845.4
97838.9
97831.5
97823.2
97814.1
97804.2
97793.7
97782.6
97770.9
97758.7
97746.2
97733
97719.3
97705.5
97691.7
97677.4
97663
97648.4
97633.7
97618.9
97603.8
97588.6
97572.8
97556.9
97540.5
97523.5
97506.4
97489
97471.4
97453.7
97436.5
97419.9
97405.2
97392.6
97382.6
97375.9
97373.5
97375
97381.9
97393.2
97410.7
97432.2
97460
97490.1
97526
97562.5
97604.7
97644
97687.8
97725
97766.4
98058.9
98057.1
98055.6
98054
98052.6
98052.3
98052.8
98053.7
98055
98056.4
98058
98059.8
98061.5
98063.3
98065.1
98066.9
98068.5
98070.2
98071.7
98073.2
98074.5
98075.8
98076.9
98078
98079
98079.8
98080.5
98081.2
98081.7
98082.2
98082.5
98082.8
98083
98083.1
98083.1
98083
98082.9
98082.8
98082.5
98082.3
98082
98081.7
98081.4
98081
98080.7
98080.3
98080
98079.7
98079.4
98079.1
98078.9
98078.6
98078.4
98078.2
98078
98077.8
98077.6
98077.4
98077.2
98076.9
98076.6
98076.3
98075.8
98075.2
98074.5
98073.7
98072.7
98071.5
98070.1
98068.5
98066.6
98064.4
98062
98059.2
98056.1
98052.6
98048.8
98044.7
98040.1
98035.2
98030
98024.4
98018.4
98012.1
98005.5
97998.6
97991.5
97984.2
97976.7
97969.2
97961.5
97953.9
97946.3
97938.8
97931.6
97924.5
97917.8
97911.5
97905.5
97900
97895
97890.4
97886.4
97883
97880.1
97877.8
97876.1
97874.9
97874.3
97874.1
97874.5
97875.3
97876.6
97878.2
97880.1
97882.3
97884.7
97887.2
97889.7
97892.2
97894.3
97896.2
97897.5
97898.2
97898.5
97898
97896.9
97894.9
97891.8
97887.7
97882.5
97876.5
97869.5
97861.7
97853
97843.7
97833.6
97822.9
97811.7
97800
97787.4
97774.4
97761.2
97747.8
97734
97719.9
97705.7
97691.4
97676.7
97661.8
97646.8
97631.6
97616.3
97600.5
97584.2
97568.1
97552
97535.9
97520.3
97505.3
97491.6
97480.1
97470.9
97464.7
97462.3
97464.4
97470.6
97482.2
97498.3
97520.3
97546.6
97578.6
97612.7
97652
97691.6
97736.3
97777.8
97822.2
97860.1
97900.7
98049.8
98048.1
98047.1
98046.3
98045.7
98045.4
98045.7
98046.5
98047.5
98048.8
98050.3
98051.9
98053.6
98055.3
98057.1
98058.9
98060.7
98062.4
98064.1
98065.7
98067.3
98068.8
98070.3
98071.6
98072.9
98074.2
98075.3
98076.3
98077.3
98078.2
98079
98079.7
98080.3
98080.9
98081.4
98081.9
98082.3
98082.6
98082.9
98083.2
98083.4
98083.6
98083.7
98083.9
98084
98084.1
98084.2
98084.3
98084.4
98084.5
98084.6
98084.7
98084.7
98084.8
98084.8
98084.8
98084.8
98084.7
98084.6
98084.4
98084.1
98083.8
98083.3
98082.6
98081.8
98080.9
98079.7
98078.4
98076.7
98074.9
98072.8
98070.3
98067.6
98064.5
98061.1
98057.4
98053.3
98048.8
98044
98038.8
98033.2
98027.3
98021.1
98014.5
98007.7
98000.6
97993.3
97985.9
97978.3
97970.6
97963
97955.4
97947.9
97940.6
97933.6
97926.9
97920.6
97914.6
97909.2
97904.3
97900
97896.2
97893.1
97890.6
97888.7
97887.6
97887
97887.1
97887.8
97889.1
97890.9
97893.3
97896.2
97899.5
97903.1
97907
97911.2
97915.5
97919.8
97924.1
97928.1
97931.7
97934.9
97937.5
97939.6
97941
97941.7
97941.4
97940
97937.5
97933.9
97929.5
97924.1
97917.9
97910.8
97902.8
97894.1
97884.8
97874.8
97864.1
97852.5
97840.5
97828.2
97815.5
97802.4
97789.1
97775.5
97761.7
97747.6
97733.1
97718.7
97704.1
97689.7
97674.9
97659.8
97645
97630.2
97616
97602.7
97590.2
97579.5
97571.3
97565.7
97563.3
97565.1
97571.6
97582.2
97598.4
97618.9
97645.4
97675.8
97711.6
97749.1
97791.3
97833.4
97879.8
97922.6
97966.9
98004.9
98043.8
98038.4
98037.1
98036.4
98036.1
98036
98036.1
98036.4
98037.2
98038.2
98039.5
98040.9
98042.5
98044.2
98046
98047.9
98049.8
98051.7
98053.6
98055.6
98057.5
98059.4
98061.2
98063
98064.7
98066.4
98068
98069.6
98071.1
98072.6
98073.9
98075.2
98076.5
98077.7
98078.8
98079.8
98080.9
98081.8
98082.7
98083.6
98084.4
98085.2
98085.9
98086.6
98087.3
98087.9
98088.5
98089.1
98089.7
98090.2
98090.7
98091.2
98091.6
98092
98092.3
98092.6
98092.8
98093
98093
98093
98092.9
98092.7
98092.3
98091.8
98091.1
98090.2
98089.2
98087.9
98086.4
98084.6
98082.6
98080.2
98077.6
98074.6
98071.4
98067.7
98063.7
98059.4
98054.7
98049.6
98044.2
98038.5
98032.4
98026
98019.2
98012.3
98005.1
97997.7
97990.2
97982.6
97975
97967.5
97960.1
97952.8
97945.8
97939.2
97932.9
97927
97921.7
97916.9
97912.7
97909.2
97906.3
97904.2
97902.7
97902
97902
97902.8
97904.2
97906.3
97909.1
97912.6
97916.6
97921.2
97926.3
97931.8
97937.6
97943.7
97949.9
97956.2
97962.4
97968.5
97974.2
97979.5
97984.2
97988.4
97992
97994.6
97996.3
97996.8
97996.3
97994.7
97992.2
97988.7
97984.3
97979.1
97973
97966
97958.3
97949.7
97940.5
97930.4
97919.8
97908.7
97897.1
97885.1
97872.8
97860.2
97847.4
97834.1
97820.5
97806.8
97793.3
97780
97766.4
97752.7
97739.4
97726.4
97714.2
97703.2
97693.4
97685.8
97680.9
97678.8
97680.3
97685.8
97696.4
97711.1
97731.2
97755.9
97786.3
97820
97859
97899.2
97943.4
97987.4
98034.4
98077.5
98120.8
98158
98194.5
98025.9
98025.1
98024.7
98024.8
98025.1
98025.5
98026.1
98027
98028.2
98029.5
98031.1
98032.7
98034.6
98036.5
98038.5
98040.5
98042.6
98044.8
98047
98049.1
98051.3
98053.5
98055.6
98057.8
98059.9
98061.9
98063.9
98065.9
98067.9
98069.7
98071.6
98073.4
98075.1
98076.8
98078.5
98080.1
98081.7
98083.2
98084.6
98086.1
98087.5
98088.8
98090.1
98091.3
98092.5
98093.7
98094.8
98095.8
98096.8
98097.8
98098.6
98099.4
98100.2
98100.8
98101.4
98101.8
98102.2
98102.5
98102.6
98102.6
98102.4
98102.1
98101.6
98100.9
98100
98098.9
98097.5
98095.9
98094.1
98091.9
98089.5
98086.7
98083.7
98080.2
98076.5
98072.4
98068
98063.2
98058
98052.5
98046.7
98040.5
98034.1
98027.4
98020.5
98013.3
98006
97998.7
97991.3
97983.9
97976.6
97969.5
97962.7
97956.1
97949.9
97944.2
97939
97934.4
97930.3
97927
97924.3
97922.4
97921.3
97921
97921.5
97922.8
97924.9
97927.7
97931.4
97935.8
97941
97946.8
97953.2
97960.1
97967.6
97975.4
97983.5
97991.9
98000.3
98008.8
98017.1
98025.1
98032.8
98039.9
98046.5
98052.4
98057.4
98061.3
98064.2
98066
98066.7
98066.5
98065.2
98063
98060
98056
98051.2
98045.5
98038.9
98031.6
98023.6
98014.9
98005.5
97995.5
97985.1
97974.2
97963
97951.4
97939.2
97926.9
97914.5
97902.2
97890.2
97878
97866
97854.3
97843.1
97833.2
97824.6
97817.5
97812.9
97811.1
97812.4
97817.3
97826.3
97840.5
97858.5
97881.9
97909.9
97943.4
97979.5
98020.6
98062.6
98107.9
98152.6
98199.1
98241.4
98282.8
98318
98350.8
98014.5
98014.1
98014.1
98014.4
98015
98015.7
98016.6
98017.7
98019
98020.5
98022.1
98023.9
98025.8
98027.9
98030
98032.2
98034.5
98036.9
98039.3
98041.7
98044.2
98046.7
98049.2
98051.6
98054.1
98056.6
98059.1
98061.6
98064
98066.4
98068.8
98071.2
98073.5
98075.8
98078.1
98080.3
98082.5
98084.6
98086.7
98088.7
98090.7
98092.7
98094.6
98096.4
98098.2
98099.9
98101.5
98103.1
98104.6
98106
98107.3
98108.5
98109.6
98110.5
98111.4
98112.1
98112.7
98113.2
98113.5
98113.7
98113.6
98113.4
98113
98112.4
98111.5
98110.5
98109.2
98107.6
98105.8
98103.6
98101.2
98098.5
98095.5
98092.1
98088.5
98084.4
98080.1
98075.4
98070.4
98065
98059.4
98053.4
98047.2
98040.7
98034
98027.2
98020.2
98013.2
98006.2
97999.3
97992.5
97985.9
97979.6
97973.6
97968.1
97963.1
97958.7
97954.8
97951.6
97949.2
97947.5
97946.7
97946.7
97947.5
97949.3
97951.9
97955.3
97959.7
97965
97971
97977.8
97985.4
97993.7
98002.6
98012.1
98022
98032.4
98043.1
98053.9
98064.8
98075.6
98086.2
98096.5
98106.4
98115.6
98124.1
98131.7
98138.3
98143.9
98148.4
98151.9
98154.2
98155.5
98156
98155.5
98154.2
98152
98148.8
98144.8
98140.1
98134.6
98128.3
98121.3
98113.5
98105.2
98096.1
98086.6
98076.5
98066
98055.3
98044.4
98033.6
98023.1
98012.5
98002.2
97992.4
97983.1
97975.4
97969.2
97964.8
97962.8
97963.7
97967.8
97975.7
97987.6
98004.3
98024.9
98050.8
98081
98116.1
98153.7
98195.6
98238
98283.4
98327.3
98372.1
98412.4
98450.5
98482.6
98510.4
98008.1
98007.9
98008.1
98008.6
98009.4
98010.2
98011.3
98012.4
98013.8
98015.3
98017
98018.8
98020.8
98022.9
98025.1
98027.4
98029.8
98032.2
98034.8
98037.4
98040
98042.7
98045.5
98048.2
98051
98053.9
98056.7
98059.5
98062.4
98065.2
98068.1
98070.9
98073.8
98076.6
98079.4
98082.2
98084.9
98087.6
98090.3
98092.9
98095.5
98098
98100.5
98102.9
98105.2
98107.5
98109.6
98111.7
98113.6
98115.5
98117.2
98118.8
98120.3
98121.6
98122.8
98123.8
98124.7
98125.4
98126
98126.4
98126.5
98126.5
98126.3
98125.9
98125.2
98124.4
98123.2
98121.9
98120.3
98118.4
98116.2
98113.8
98111.1
98108.1
98104.7
98101.1
98097.2
98092.9
98088.3
98083.4
98078.3
98072.8
98067.1
98061.2
98055.1
98048.9
98042.6
98036.2
98029.9
98023.6
98017.6
98011.7
98006.2
98001
97996.3
97992.2
97988.6
97985.7
97983.4
97982
97981.3
97981.6
97982.7
97984.7
97987.7
97991.6
97996.4
98002.3
98009
98016.7
98025.2
98034.6
98044.8
98055.6
98067.2
98079.4
98092.2
98105.3
98118.7
98132.2
98145.8
98159.3
98172.5
98185.3
98197.6
98209
98219.6
98229.1
98237.8
98245.4
98251.9
98257.3
98261.7
98265.3
98267.8
98269.5
98270.4
98270.4
98269.6
98268.1
98265.7
98262.4
98258.3
98253.3
98247.5
98240.8
98233.3
98225.2
98216.7
98208
98198.7
98189.5
98180.4
98171.6
98163
98155.1
98148
98142.1
98138.1
98135.8
98136
98138.8
98145
98154.8
98168.6
98186.8
98209.1
98236.2
98267.2
98302.4
98340
98381.2
98422.6
98466.4
98508
98549.7
98586.7
98620.5
98648.1
98669.9
98011.6
98011.4
98011.5
98011.9
98012.6
98013.3
98014.2
98015.3
98016.5
98017.8
98019.3
98021
98022.8
98024.7
98026.7
98028.9
98031.2
98033.5
98036
98038.5
98041.1
98043.8
98046.6
98049.4
98052.3
98055.3
98058.3
98061.3
98064.4
98067.5
98070.6
98073.7
98076.9
98080.1
98083.3
98086.4
98089.6
98092.7
98095.9
98098.9
98102
98105
98107.9
98110.7
98113.5
98116.2
98118.8
98121.3
98123.6
98125.9
98128
98130
98131.8
98133.5
98135
98136.4
98137.6
98138.6
98139.5
98140.1
98140.6
98140.9
98141
98141
98140.7
98140.2
98139.5
98138.6
98137.4
98136.1
98134.5
98132.6
98130.5
98128.2
98125.6
98122.7
98119.5
98116
98112.3
98108.3
98104
98099.5
98094.7
98089.8
98084.6
98079.4
98074
98068.6
98063.3
98058
98052.9
98048
98043.5
98039.3
98035.5
98032.3
98029.7
98027.8
98026.5
98026.1
98026.5
98027.7
98029.9
98033
98037.1
98042.2
98048.4
98055.5
98063.7
98072.8
98083
98094.1
98106.2
98119.1
98132.8
98147.3
98162.5
98178.1
98194.3
98210.6
98227.1
98243.6
98260
98276.1
98291.5
98306.2
98320.1
98333.1
98345.2
98356.2
98366.2
98375.3
98383.4
98390.5
98396.7
98402.1
98406.7
98410.5
98413.6
98415.9
98417.3
98417.7
98417.2
98415.6
98413
98409.4
98404.9
98399.5
98393.6
98387.1
98380
98372.8
98365.6
98358.8
98352.3
98346.4
98341.3
98337.4
98335.1
98334.7
98336.6
98340.8
98348.3
98359.2
98374
98393
98416
98443.2
98473.7
98508
98544.3
98583.4
98622.5
98663.2
98701.4
98738.9
98771.2
98799.8
98821.9
98836.9
98025.6
98025.2
98025
98025
98025.2
98025.6
98026.1
98026.8
98027.6
98028.6
98029.7
98030.9
98032.3
98033.9
98035.5
98037.3
98039.2
98041.3
98043.4
98045.7
98048.1
98050.5
98053.1
98055.8
98058.5
98061.3
98064.2
98067.2
98070.2
98073.3
98076.5
98079.7
98083
98086.2
98089.6
98092.9
98096.2
98099.6
98102.9
98106.2
98109.5
98112.8
98115.9
98119.1
98122.1
98125.1
98128
98130.7
98133.4
98135.9
98138.3
98140.6
98142.7
98144.6
98146.5
98148.1
98149.6
98151
98152.2
98153.2
98154
98154.7
98155.3
98155.6
98155.8
98155.9
98155.8
98155.5
98155
98154.3
98153.5
98152.5
98151.2
98149.8
98148.1
98146.2
98144.1
98141.7
98139.1
98136.2
98133.1
98129.7
98126.2
98122.4
98118.4
98114.3
98110.2
98106
98101.7
98097.6
98093.6
98089.8
98086.2
98083
98080.3
98078
98076.4
98075.3
98075
98075.5
98076.7
98078.9
98082
98086
98091
98097.1
98104.2
98112.5
98121.8
98132.3
98143.9
98156.6
98170.3
98185
98200.7
98217.3
98234.7
98252.7
98271.3
98290.3
98309.6
98329
98348.4
98367.6
98386.1
98404.1
98421.4
98437.7
98453.2
98467.7
98481.4
98494.2
98506
98516.9
98527
98536.2
98544.8
98552.7
98560
98566.5
98572
98576.6
98580
98582.2
98583.2
98583.2
98582
98579.8
98576.7
98573
98568.6
98563.7
98559
98554.4
98550
98546.1
98542.9
98540.9
98540.1
98541.2
98544.3
98549.5
98557.5
98568.8
98583.8
98602.7
98625.2
98651.5
98680.6
98712.9
98746.8
98783
98818.9
98855.4
98889.5
98922.1
98949.4
98972.5
98988.8
98996.9
98045.7
98044.9
98044.2
98043.8
98043.5
98043.4
98043.4
98043.5
98043.8
98044.2
98044.8
98045.6
98046.4
98047.5
98048.6
98049.9
98051.4
98053
98054.7
98056.5
98058.5
98060.6
98062.8
98065.1
98067.5
98070.1
98072.7
98075.4
98078.3
98081.2
98084.2
98087.3
98090.5
98093.7
98096.9
98100.2
98103.6
98106.9
98110.3
98113.7
98117
98120.4
98123.7
98126.9
98130.1
98133.2
98136.2
98139.1
98141.9
98144.6
98147.2
98149.6
98152
98154.2
98156.2
98158.1
98159.9
98161.6
98163.1
98164.4
98165.7
98166.8
98167.7
98168.6
98169.3
98169.9
98170.4
98170.8
98171
98171.2
98171.1
98171
98170.7
98170.2
98169.5
98168.7
98167.6
98166.4
98164.9
98163.2
98161.3
98159.1
98156.7
98154.2
98151.4
98148.5
98145.5
98142.5
98139.4
98136.3
98133.3
98130.5
98127.9
98125.6
98123.8
98122.3
98121.5
98121.2
98121.6
98122.7
98124.7
98127.5
98131.3
98136
98141.7
98148.5
98156.4
98165.5
98175.9
98187.4
98200.1
98214
98229
98245.2
98262.5
98280.8
98300
98320
98340.6
98361.9
98383.5
98405.4
98427.3
98449.1
98470.4
98491.3
98511.3
98530.6
98549.1
98566.7
98583.5
98599.5
98614.6
98629
98642.5
98655.3
98667.6
98679.3
98690.4
98700.7
98710.1
98718.6
98725.7
98731.5
98736
98739.2
98741
98741.7
98741.4
98740.2
98738.3
98735.9
98733.4
98730.8
98728.2
98726
98724.2
98723.6
98724.1
98726
98729.6
98735.2
98743.2
98754.2
98768.7
98786.7
98808
98832.7
98859.7
98889.5
98920.3
98953.2
98985.4
99017.7
99047.5
99075.6
99098.2
99116.2
99127.3
99129.2
98068.2
98066.9
98065.8
98064.8
98064
98063.3
98062.7
98062.3
98062
98061.9
98061.9
98062.1
98062.4
98062.9
98063.5
98064.3
98065.2
98066.2
98067.5
98068.8
98070.3
98071.9
98073.7
98075.6
98077.7
98079.9
98082.2
98084.6
98087.1
98089.8
98092.6
98095.4
98098.4
98101.4
98104.5
98107.7
98110.9
98114.2
98117.5
98120.8
98124.1
98127.4
98130.7
98133.9
98137.1
98140.2
98143.3
98146.3
98149.2
98152
98154.7
98157.3
98159.8
98162.1
98164.4
98166.5
98168.5
98170.4
98172.2
98173.9
98175.5
98177
98178.4
98179.7
98180.9
98182.1
98183.2
98184.2
98185.2
98186
98186.8
98187.5
98188
98188.5
98188.8
98189
98188.9
98188.7
98188.3
98187.7
98186.9
98185.9
98184.7
98183.2
98181.6
98179.8
98177.9
98175.8
98173.7
98171.6
98169.6
98167.6
98165.9
98164.4
98163.3
98162.5
98162.3
98162.6
98163.6
98165.3
98167.9
98171.2
98175.5
98180.7
98187
98194.3
98202.9
98212.7
98223.7
98236
98249.6
98264.5
98280.6
98298
98316.5
98336.2
98356.9
98378.5
98400.9
98423.9
98447.5
98471.3
98495.4
98519.4
98543
98566.2
98588.6
98610.4
98631.4
98651.6
98671.1
98689.8
98707.7
98725
98741.6
98757.6
98773.2
98788.3
98802.7
98816.4
98829.3
98841.2
98851.7
98860.7
98868.3
98874.5
98879.1
98882.5
98884.6
98885.9
98886.2
98886
98885.3
98884.4
98883.3
98882.6
98882
98882.4
98883.6
98886.2
98889.9
98895.5
98903.1
98913.7
98927.1
98943.9
98963.6
98986.3
99010.9
99037.9
99065.6
99095
99123.5
99152
99177.8
99201.5
99220
99233.5
99240
99236.6
98090.2
98088.4
98086.8
98085.3
98084
98082.8
98081.7
98080.7
98079.9
98079.2
98078.7
98078.3
98078.1
98078
98078.1
98078.4
98078.8
98079.4
98080.1
98080.9
98082
98083.2
98084.5
98086
98087.6
98089.4
98091.4
98093.5
98095.7
98098
98100.5
98103.1
98105.8
98108.6
98111.5
98114.5
98117.6
98120.7
98123.9
98127.1
98130.3
98133.5
98136.7
98139.9
98143.1
98146.2
98149.2
98152.3
98155.2
98158
98160.8
98163.5
98166.1
98168.6
98171
98173.3
98175.5
98177.6
98179.7
98181.6
98183.5
98185.4
98187.2
98188.9
98190.6
98192.3
98194
98195.6
98197.2
98198.7
98200.2
98201.6
98203
98204.2
98205.4
98206.5
98207.4
98208.1
98208.6
98209
98209.1
98209.1
98208.8
98208.3
98207.7
98206.8
98205.8
98204.6
98203.4
98202.1
98200.8
98199.6
98198.6
98197.8
98197.3
98197.1
98197.4
98198.2
98199.7
98201.8
98204.8
98208.5
98213.2
98218.8
98225.6
98233.4
98242.4
98252.8
98264.4
98277.3
98291.5
98307.1
98324.1
98342.4
98362
98382.7
98404.6
98427.6
98451.4
98475.9
98500.9
98526.4
98552.2
98577.9
98603.4
98628.4
98652.8
98676.6
98699.6
98722
98743.6
98764.5
98784.8
98804.4
98823.6
98842.4
98860.9
98878.9
98896.2
98912.8
98928.6
98943.2
98956.7
98968.6
98978.8
98987.6
98994.7
99000.4
99004.8
99008.1
99010.3
99011.8
99012.7
99013.3
99013.6
99013.9
99014.4
99015.4
99017.1
99020
99023.7
99029.1
99036.3
99046.1
99058.4
99073.8
99091.8
99112.4
99134.6
99158.9
99183.8
99210
99235.2
99260.2
99282.4
99302.4
99317.3
99327
99329.7
99321.9
98109.9
98107.7
98105.6
98103.7
98101.9
98100.2
98098.6
98097.2
98095.9
98094.7
98093.7
98092.9
98092.2
98091.7
98091.3
98091.1
98091
98091.1
98091.4
98091.8
98092.4
98093.2
98094.2
98095.3
98096.6
98098
98099.6
98101.3
98103.3
98105.3
98107.5
98109.9
98112.3
98114.9
98117.6
98120.4
98123.3
98126.2
98129.3
98132.3
98135.4
98138.6
98141.7
98144.8
98147.9
98151
98154
98157
98160
98162.9
98165.7
98168.4
98171.1
98173.7
98176.2
98178.7
98181.1
98183.4
98185.6
98187.9
98190
98192.2
98194.3
98196.5
98198.6
98200.7
98202.8
98205
98207.1
98209.2
98211.3
98213.4
98215.4
98217.4
98219.3
98221
98222.7
98224.2
98225.5
98226.7
98227.6
98228.4
98228.9
98229.2
98229.3
98229.2
98228.9
98228.5
98227.9
98227.3
98226.7
98226.1
98225.6
98225.3
98225.3
98225.6
98226.3
98227.5
98229.3
98231.8
98235.1
98239.2
98244.2
98250.2
98257.2
98265.4
98274.9
98285.6
98297.6
98311
98325.7
98342
98359.6
98378.7
98399
98420.6
98443.5
98467.5
98492.4
98518.1
98544.3
98571
98598.1
98625.2
98652
98678.5
98704.4
98729.7
98754.4
98778.4
98801.8
98824.5
98846.6
98868.2
98889.6
98910.7
98931.4
98951.7
98971.5
98990.4
99008.6
99025.5
99041.4
99055.6
99068.1
99079
99088.3
99096
99102.1
99107.1
99110.9
99113.8
99116
99117.8
99119.1
99120.3
99121.4
99122.9
99125.1
99128
99131.6
99136.8
99143.5
99152.5
99163.7
99177.8
99194
99212.9
99232.9
99254.9
99277.2
99300.8
99323
99345.2
99364.3
99381.2
99393.1
99399.8
99399.3
99388.2
98126.2
98123.7
98121.3
98119
98116.8
98114.7
98112.7
98110.9
98109.2
98107.7
98106.3
98105.1
98104
98103
98102.3
98101.7
98101.2
98101
98100.9
98100.9
98101.2
98101.6
98102.2
98103
98104
98105.1
98106.4
98107.9
98109.5
98111.3
98113.3
98115.4
98117.7
98120.1
98122.6
98125.2
98127.9
98130.7
98133.6
98136.5
98139.5
98142.6
98145.6
98148.7
98151.7
98154.8
98157.8
98160.8
98163.7
98166.6
98169.4
98172.2
98175
98177.7
98180.3
98182.8
98185.4
98187.8
98190.3
98192.7
98195.2
98197.6
98200
98202.5
98204.9
98207.4
98210
98212.5
98215.1
98217.7
98220.3
98222.9
98225.4
98228
98230.4
98232.8
98235
98237.1
98239.1
98240.8
98242.4
98243.7
98244.9
98245.8
98246.5
98247
98247.3
98247.4
98247.4
98247.3
98247.1
98247
98247
98247.1
98247.4
98248.1
98249.1
98250.7
98252.8
98255.5
98259.1
98263.4
98268.7
98274.9
98282.3
98290.8
98300.5
98311.5
98323.9
98337.6
98352.8
98369.5
98387.7
98407.2
98428.2
98450.5
98474.1
98498.9
98524.7
98551.2
98578.3
98606
98634
98662.1
98690
98717.6
98744.6
98771.1
98797.1
98822.3
98847
98871.1
98894.7
98918
98941.1
98963.9
98986.4
99008.5
99030.2
99051.1
99071.1
99089.8
99107.6
99123.7
99137.9
99150.5
99161.5
99170.7
99178.3
99184.6
99189.7
99193.6
99196.9
99199.6
99201.7
99203.5
99205.2
99207
99209.3
99212.3
99215.8
99220.6
99226.9
99235.2
99245.5
99258.4
99273.2
99290.4
99308.7
99328.8
99349.1
99370.4
99390.4
99410.2
99426.8
99441.3
99450.8
99455.2
99452.2
99438.4
98139.1
98136.3
98133.6
98131
98128.5
98126.1
98123.9
98121.7
98119.8
98117.9
98116.2
98114.6
98113.2
98112
98110.9
98110
98109.3
98108.7
98108.3
98108.1
98108.1
98108.2
98108.6
98109.1
98109.8
98110.7
98111.8
98113
98114.4
98116
98117.8
98119.7
98121.8
98124
98126.4
98128.9
98131.5
98134.1
98136.9
98139.8
98142.7
98145.6
98148.6
98151.6
98154.6
98157.6
98160.6
98163.6
98166.5
98169.4
98172.3
98175.1
98177.9
98180.7
98183.4
98186.1
98188.8
98191.4
98194
98196.6
98199.3
98201.9
98204.6
98207.3
98210
98212.8
98215.7
98218.5
98221.5
98224.4
98227.4
98230.4
98233.3
98236.3
98239.1
98241.9
98244.6
98247.2
98249.5
98251.8
98253.8
98255.6
98257.2
98258.5
98259.7
98260.6
98261.3
98261.8
98262.2
98262.5
98262.7
98262.9
98263.2
98263.7
98264.3
98265.2
98266.5
98268.3
98270.6
98273.6
98277.4
98282
98287.4
98293.9
98301.4
98310.1
98320.1
98331.3
98343.9
98358
98373.5
98390.5
98409.1
98429.1
98450.5
98473.3
98497.5
98522.8
98549.2
98576.3
98604.2
98632.5
98661.2
98690.1
98718.8
98747.1
98775
98802.4
98829.2
98855.4
98881.1
98906.2
98931
98955.5
98979.9
99004
99027.9
99051.4
99074.5
99096.8
99118.2
99138.4
99157.6
99175.1
99190.7
99204.6
99216.7
99227.2
99235.9
99243.2
99249.2
99254.1
99258.1
99261.4
99264.1
99266.4
99268.4
99270.5
99273
99275.9
99279.2
99283.8
99289.7
99297.5
99307
99318.9
99332.6
99348.5
99365.5
99384.1
99402.7
99422.4
99440.5
99458.6
99473.3
99485.9
99493.5
99496.1
99491.2
99475.5
98148.7
98145.6
98142.7
98140
98137.3
98134.7
98132.2
98129.8
98127.6
98125.5
98123.6
98121.8
98120.1
98118.7
98117.4
98116.2
98115.2
98114.5
98113.8
98113.4
98113.2
98113.1
98113.2
98113.6
98114.1
98114.8
98115.7
98116.8
98118.1
98119.5
98121.1
98122.9
98124.9
98127
98129.2
98131.6
98134.1
98136.7
98139.4
98142.1
98145
98147.9
98150.8
98153.7
98156.7
98159.7
98162.7
98165.7
98168.6
98171.6
98174.5
98177.4
98180.2
98183.1
98185.9
98188.7
98191.4
98194.2
98196.9
98199.7
98202.5
98205.3
98208.2
98211
98214
98217
98220.1
98223.2
98226.3
98229.5
98232.8
98236
98239.3
98242.5
98245.6
98248.7
98251.7
98254.6
98257.3
98259.8
98262.2
98264.3
98266.2
98267.9
98269.3
98270.6
98271.6
98272.4
98273.1
98273.6
98274.1
98274.6
98275.1
98275.8
98276.7
98277.8
98279.3
98281.2
98283.8
98286.9
98290.8
98295.5
98301.2
98307.8
98315.5
98324.4
98334.5
98345.9
98358.7
98373
98388.7
98406
98424.8
98445.1
98466.9
98490.1
98514.6
98540.3
98567.1
98594.7
98623
98651.9
98681.1
98710.4
98739.7
98768.6
98797.1
98825.1
98852.5
98879.4
98905.8
98931.8
98957.4
98982.7
99008
99033.1
99058
99082.5
99106.6
99130
99152.5
99173.8
99193.9
99212.5
99229.2
99244
99256.9
99268.2
99277.7
99285.9
99292.5
99298
99302.6
99306.4
99309.4
99312.1
99314.4
99316.7
99319.2
99322.1
99325.3
99329.7
99335.2
99342.6
99351.6
99362.7
99375.5
99390.5
99406.5
99423.9
99441.4
99459.8
99476.6
99493.3
99506.6
99517.9
99524
99525.4
99518.9
99502
98155.3
98152.1
98149.1
98146.2
98143.4
98140.6
98138
98135.4
98133.1
98130.8
98128.7
98126.7
98124.9
98123.3
98121.8
98120.5
98119.4
98118.4
98117.7
98117.1
98116.7
98116.5
98116.5
98116.7
98117.1
98117.7
98118.4
98119.4
98120.6
98121.9
98123.4
98125.1
98127
98129
98131.2
98133.5
98135.9
98138.4
98141.1
98143.8
98146.6
98149.4
98152.4
98155.3
98158.3
98161.3
98164.2
98167.2
98170.2
98173.2
98176.1
98179.1
98182
98184.9
98187.7
98190.6
98193.4
98196.3
98199.1
98202
98204.9
98207.8
98210.8
98213.8
98216.9
98220.1
98223.3
98226.5
98229.9
98233.2
98236.6
98240
98243.5
98246.9
98250.2
98253.5
98256.7
98259.8
98262.7
98265.4
98268
98270.4
98272.5
98274.4
98276
98277.5
98278.7
98279.7
98280.6
98281.4
98282
98282.7
98283.4
98284.3
98285.3
98286.5
98288.2
98290.3
98292.9
98296.2
98300.2
98305
98310.8
98317.5
98325.3
98334.3
98344.5
98356.1
98369
98383.4
98399.3
98416.8
98435.8
98456.3
98478.3
98501.7
98526.5
98552.5
98579.5
98607.5
98636.1
98665.3
98694.9
98724.5
98754.1
98783.4
98812.3
98840.7
98868.6
98895.9
98922.9
98949.3
98975.6
99001.5
99027.4
99053.1
99078.7
99104
99128.9
99153
99176.2
99198.2
99219.1
99238.4
99255.7
99271.2
99284.7
99296.6
99306.7
99315.4
99322.5
99328.5
99333.4
99337.5
99340.9
99343.7
99346.2
99348.6
99351.1
99354
99357.1
99361.4
99366.7
99373.8
99382.3
99392.9
99405.1
99419.4
99434.6
99451.3
99467.9
99485.5
99501.3
99517.1
99529.4
99539.7
99544.8
99545.2
99537.7
99519.9
98159.6
98156.4
98153.3
98150.3
98147.3
98144.4
98141.7
98139.1
98136.6
98134.2
98132
98129.9
98128
98126.3
98124.7
98123.3
98122.1
98121
98120.1
98119.4
98119
98118.7
98118.6
98118.7
98119
98119.5
98120.2
98121.1
98122.2
98123.4
98124.9
98126.5
98128.3
98130.3
98132.4
98134.7
98137.1
98139.6
98142.2
98144.9
98147.7
98150.5
98153.4
98156.3
98159.3
98162.3
98165.3
98168.3
98171.3
98174.3
98177.2
98180.2
98183.1
98186.1
98189
98191.9
98194.8
98197.7
98200.6
98203.6
98206.5
98209.5
98212.6
98215.7
98218.8
98222.1
98225.4
98228.7
98232.2
98235.6
98239.1
98242.7
98246.2
98249.7
98253.2
98256.6
98259.9
98263.1
98266.2
98269.1
98271.8
98274.3
98276.5
98278.6
98280.4
98281.9
98283.3
98284.5
98285.5
98286.3
98287.1
98287.9
98288.8
98289.7
98290.8
98292.2
98293.9
98296.1
98298.8
98302.2
98306.2
98311.1
98316.9
98323.7
98331.6
98340.7
98351
98362.6
98375.6
98390.1
98406.1
98423.6
98442.8
98463.4
98485.5
98509.1
98534
98560.2
98587.4
98615.6
98644.4
98673.8
98703.6
98733.4
98763.2
98792.7
98821.9
98850.6
98878.8
98906.4
98933.7
98960.5
98987.1
99013.4
99039.7
99065.9
99092
99117.7
99143
99167.7
99191.4
99213.9
99235.2
99254.9
99272.7
99288.6
99302.6
99314.8
99325.3
99334.3
99341.8
99348
99353.2
99357.5
99361
99364
99366.6
99369.1
99371.6
99374.5
99377.5
99381.6
99386.7
99393.6
99401.8
99412.1
99423.8
99437.7
99452.4
99468.6
99484.6
99501.6
99516.8
99532
99543.6
99553.3
99557.8
99557.5
99549.4
99531
98162.1
98158.8
98155.6
98152.5
98149.5
98146.6
98143.8
98141.1
98138.5
98136.1
98133.8
98131.7
98129.7
98127.9
98126.3
98124.8
98123.5
98122.4
98121.5
98120.8
98120.2
98119.9
98119.7
98119.8
98120
98120.5
98121.2
98122
98123.1
98124.3
98125.7
98127.3
98129.1
98131.1
98133.1
98135.4
98137.7
98140.2
98142.8
98145.5
98148.3
98151.1
98154
98157
98159.9
98162.9
98165.9
98168.9
98171.9
98174.9
98177.9
98180.9
98183.8
98186.8
98189.7
98192.7
98195.6
98198.5
98201.5
98204.4
98207.4
98210.5
98213.6
98216.7
98219.9
98223.2
98226.6
98230
98233.5
98237
98240.6
98244.1
98247.7
98251.3
98254.9
98258.3
98261.7
98265
98268.1
98271.1
98273.9
98276.4
98278.8
98280.9
98282.7
98284.4
98285.8
98287.1
98288.1
98289.1
98289.9
98290.8
98291.7
98292.7
98293.8
98295.3
98297
98299.2
98302
98305.4
98309.5
98314.4
98320.3
98327.1
98335
98344.1
98354.5
98366.2
98379.2
98393.7
98409.8
98427.4
98446.6
98467.3
98489.5
98513.1
98538.2
98564.4
98591.7
98620
98648.9
98678.4
98708.3
98738.2
98768.1
98797.8
98827.1
98856
98884.3
98912.1
98939.6
98966.6
98993.4
99019.9
99046.5
99072.9
99099.2
99125.2
99150.8
99175.7
99199.7
99222.5
99244
99264.1
99282.1
99298.3
99312.4
99324.9
99335.6
99344.8
99352.5
99358.8
99364.2
99368.6
99372.2
99375.3
99377.9
99380.4
99382.9
99385.7
99388.6
99392.7
99397.7
99404.4
99412.4
99422.4
99433.9
99447.5
99462
99477.8
99493.6
99510.2
99525.1
99540
99551.3
99560.6
99564.7
99564.1
99555.6
99537.2
98163.2
98159.8
98156.6
98153.5
98150.4
98147.5
98144.6
98141.9
98139.3
98136.9
98134.6
98132.4
98130.4
98128.6
98126.9
98125.5
98124.1
98123
98122.1
98121.3
98120.7
98120.4
98120.2
98120.2
98120.5
98120.9
98121.6
98122.4
98123.4
98124.7
98126.1
98127.7
98129.4
98131.4
98133.4
98135.7
98138
98140.5
98143.1
98145.8
98148.5
98151.4
98154.3
98157.2
98160.2
98163.1
98166.1
98169.2
98172.2
98175.2
98178.2
98181.1
98184.1
98187.1
98190
98192.9
98195.9
98198.8
98201.8
98204.8
98207.8
98210.8
98213.9
98217.1
98220.3
98223.6
98227
98230.5
98234
98237.5
98241.1
98244.7
98248.3
98251.9
98255.5
98259
98262.4
98265.7
98268.9
98271.9
98274.7
98277.3
98279.6
98281.8
98283.7
98285.4
98286.8
98288.1
98289.2
98290.2
98291
98291.9
98292.8
98293.8
98295
98296.5
98298.3
98300.5
98303.3
98306.7
98310.8
98315.8
98321.6
98328.5
98336.4
98345.6
98355.9
98367.6
98380.7
98395.2
98411.3
98428.9
98448.1
98468.9
98491.1
98514.8
98539.8
98566.1
98593.5
98621.8
98650.7
98680.3
98710.2
98740.2
98770.1
98799.8
98829.2
98858.1
98886.5
98914.3
98941.9
98969
98995.8
99022.5
99049.1
99075.6
99102
99128.1
99153.8
99178.8
99202.9
99225.8
99247.5
99267.6
99285.7
99302
99316.3
99328.8
99339.6
99349
99356.7
99363.1
99368.5
99373
99376.6
99379.7
99382.4
99384.8
99387.3
99390.1
99393
99397
99401.9
99408.5
99416.5
99426.4
99437.8
99451.3
99465.6
99481.4
99497
99513.5
99528.3
99543
99554.2
99563.4
99567.4
99566.7
99558
99539.8
99082.4
98982
98881.8
98786.3
98694.8
98609.3
98531.3
98462.4
98403.3
98354.8
98316.1
98287.3
98264.8
98249.4
98232.5
98216.7
98191
98160.2
98117.8
98073.9
98028
97989.9
97961.9
97944.4
97955.7
99056.8
98958.3
98859.7
98766
98676.2
98592.5
98516.4
98449.3
98392.1
98345.2
98308.1
98280.8
98259.5
98245
98228.9
98213.6
98188.3
98157.9
98115.9
98072.3
98026.7
97988.9
97961.2
97943.9
97955.7
99012.9
98916.5
98821
98730.2
98643.5
98563
98490.1
98426.1
98371.9
98327.9
98293.3
98268.4
98249.2
98236.6
98222
98208
98183.8
98154.3
98113.1
98070.2
98025.3
97988
97960.8
97943.5
97955.9
98951.5
98858.1
98766.7
98680.1
98597.7
98521.6
98453.1
98393.4
98343.2
98303.1
98272.2
98250.6
98234.4
98224.2
98211.9
98199.8
98177.2
98149
98108.9
98067
98022.9
97986.3
97959.6
97942.6
97955.3
98873.5
98784.3
98698
98616.8
98539.8
98469.2
98406.1
98351.8
98306.8
98271.6
98245.2
98227.7
98215.2
98208.3
98198.9
98189.1
98168.7
98142.1
98103.6
98062.9
98019.8
97984.2
97958
97941.5
97954.9
98782.2
98698.2
98617.9
98543
98472.3
98408.1
98351.3
98303
98264.1
98234.5
98213.4
98200.7
98192.6
98189.4
98183.4
98176.3
98158.5
98133.9
98097.2
98058
98016.1
97981.6
97956.1
97940.1
97954.4
98680.1
98602
98528.8
98460.9
98397.3
98340
98290.2
98248.7
98216.3
98192.9
98177.7
98170.3
98166.9
98167.9
98165.7
98161.8
98146.8
98124.6
98089.9
98052.4
98011.9
97978.6
97954
97938.6
97953.9
98569.9
98498.6
98432.9
98372.4
98316.5
98266.6
98224.3
98190
98164.7
98147.9
98138.8
98137
98138.8
98144.3
98146.1
98145.8
98134
98114.3
98081.8
98046.2
98007.3
97975.3
97951.7
97936.9
97953.4
98454.2
98390
98332.2
98279.6
98231.6
98189.5
98155
98128.3
98110.2
98100.2
98097.6
98101.7
98108.8
98119
98125.1
98128.5
98120
98103.1
98073.1
98039.5
98002.3
97971.8
97949.1
97935.2
97952.8
98335.2
98278.5
98228.9
98184.3
98144.4
98110.1
98083.6
98064.6
98053.9
98050.9
98054.7
98064.8
98077.5
98092.4
98102.9
98110.1
98105.1
98091.2
98063.8
98032.4
97996.9
97968
97946.5
97933.3
97952.3
98215.1
98166.1
98124.8
98088.1
98056.2
98029.9
98011.5
98000.1
97996.7
98000.6
98011
98027.1
98045.2
98064.9
98079.9
98091
98089.6
98078.7
98054
98024.9
97991.3
97964.1
97943.8
97931.5
97951.7
98095.8
98054.3
98021.4
97992.4
97968.6
97950.2
97939.7
97935.7
97939.6
97950.2
97967.1
97989
98012.3
98036.9
98056.3
98071.4
98073.5
98065.8
98043.9
98017.2
97985.5
97960.1
97941
97929.6
97951.2
97979
97944.9
97920.1
97898.7
97882.8
97872
97869.2
97872.3
97883.2
97900.3
97923.5
97951
97979.4
98008.6
98032.4
98051.4
98057.1
98052.7
98033.5
98009.3
97979.5
97955.9
97938.1
97927.7
97950.6
97866
97839
97822.1
97807.9
97799.7
97796.1
97800.8
97810.7
97828.3
97851.7
97880.6
97913.5
97946.8
97980.5
98008.5
98031.3
98040.6
98039.3
98022.9
98001.3
97973.4
97951.7
97935.3
97925.8
97950
97758
97737.7
97728.3
97720.9
97720.1
97723.4
97735
97751.5
97775.5
97804.7
97839
97876.9
97914.8
97952.8
97984.7
98011.2
98024
98025.9
98012.3
97993.2
97967.3
97947.5
97932.4
97924
97949.5
97655.8
97641.9
97639.6
97638.6
97644.6
97654.4
97672.5
97695.2
97725
97759.8
97799.1
97841.6
97883.7
97925.7
97961.4
97991.4
98007.5
98012.6
98001.7
97985.1
97961.2
97943.4
97929.6
97922.2
97948.9
97560.4
97552.4
97556.6
97561.5
97574
97589.7
97613.6
97642.2
97677.3
97717.2
97761.2
97807.9
97853.9
97899.5
97938.7
97971.9
97991.3
97999.4
97991.2
97977.1
97955.2
97939.2
97926.8
97920.4
97948.3
97472.3
97469.9
97480.1
97490.4
97508.6
97529.8
97559
97593
97632.9
97677.4
97725.5
97776.1
97825.5
97874.5
97916.8
97953.2
97975.6
97986.6
97981
97969.3
97949.3
97935.2
97924.1
97918.7
97947.8
97392.1
97394.4
97410
97425.1
97448.3
97474.4
97508.3
97547
97591.2
97639.8
97691.5
97745.5
97798
97850
97895.1
97934.3
97959.6
97973.4
97970.4
97961.2
97943
97931
97921.2
97916.9
97947.2
97320.5
97326.8
97347.1
97366.2
97393.8
97424.3
97462.3
97505
97552.8
97604.9
97659.7
97716.5
97771.7
97826.1
97873.9
97915.6
97943.7
97960.1
97959.7
97952.9
97936.7
97926.7
97918.4
97915.2
97946.8
97258.2
97267.9
97292.2
97314.8
97346.3
97380.6
97422.2
97468.3
97519.1
97573.9
97631.2
97690.4
97747.7
97804.3
97854.2
97898.2
97928.6
97947.5
97949.4
97945
97930.7
97922.7
97915.7
97913.7
97946.3
97205.3
97217.9
97245.6
97271.1
97306.1
97343.6
97388.2
97437
97490.3
97547.1
97606.5
97667.3
97726.3
97784.5
97836.2
97882
97914.6
97935.6
97939.8
97937.5
97925.1
97918.9
97913.2
97912.2
97945.8
97162.2
97177.2
97207.8
97235.6
97273.6
97313.6
97360.8
97411.5
97466.5
97524.9
97585.6
97647.5
97707.6
97766.9
97820
97867.3
97901.6
97924.6
97930.9
97930.6
97919.8
97915.5
97910.9
97911
97945.5
97129.2
97146.1
97179.2
97208.9
97249.2
97291
97340.1
97392
97448.2
97507.5
97568.8
97631.2
97691.7
97751.7
97805.7
97854.2
97890
97914.6
97922.7
97924.2
97915.1
97912.4
97908.9
97910
97945.2
97106.5
97125
97160.3
97191.3
97233.3
97276.3
97326.4
97378.8
97435.5
97495
97556.2
97618.4
97678.9
97739.1
97793.5
97842.8
97879.6
97905.6
97915.4
97918.5
97910.8
97909.7
97907.1
97909.2
97945
97094.1
97114.1
97151.2
97183.2
97226.1
97269.5
97319.9
97372.2
97428.7
97487.5
97547.9
97609.4
97669.2
97729
97783.5
97833.1
97870.6
97897.6
97908.8
97913.4
97907.1
97907.4
97905.6
97908.6
97944.9
97092.5
97113.6
97152
97184.6
97227.7
97270.9
97320.7
97372.2
97427.8
97485.3
97544.2
97604.2
97662.8
97721.7
97775.7
97825.2
97863
97890.7
97903.2
97908.9
97903.9
97905.5
97904.4
97908.2
97944.9
97101.6
97123.4
97162.6
97195.3
97238.1
97280.4
97329
97378.8
97432.8
97488.2
97545
97603
97659.9
97717.4
97770.3
97819.2
97857.1
97885.2
97898.6
97905.3
97901.4
97904.1
97903.5
97908.1
97945
97121.1
97143.3
97182.7
97215
97256.8
97297.6
97344.3
97391.9
97443.3
97496.1
97550.1
97605.6
97660.3
97715.8
97767.2
97815.1
97852.7
97880.9
97895
97902.5
97899.5
97903.1
97903
97908.2
97945.2
97151
97173.3
97212.3
97243.6
97284
97322.7
97366.7
97411.5
97459.6
97509
97559.7
97612
97663.9
97716.8
97766.2
97812.8
97849.6
97877.6
97892.1
97900.3
97898.1
97902.5
97902.7
97908.5
97945.5
97191.1
97213.2
97251.3
97281.2
97319.3
97355.5
97396.1
97437.4
97481.5
97526.9
97573.5
97622.1
97670.6
97720.4
97767.4
97812.1
97847.8
97875.4
97890.1
97898.8
97897.3
97902.2
97902.7
97909
97945.9
97241.3
97262.8
97299.4
97327.5
97362.9
97395.9
97432.5
97469.5
97508.9
97549.6
97591.6
97635.8
97680.3
97726.5
97770.6
97813.1
97847.4
97874.2
97888.9
97897.8
97896.9
97902.4
97902.9
97909.8
97946.4
97301.9
97322.2
97356.7
97382.7
97414.8
97443.9
97475.7
97507.8
97541.8
97577.1
97614
97653.1
97693
97735.1
97775.9
97815.8
97848.2
97874
97888.5
97897.5
97897
97902.8
97903.5
97910.8
97947
97372.1
97390.9
97422.8
97446.3
97474.4
97498.8
97525.5
97551.9
97579.9
97609.4
97640.2
97673.7
97708.5
97746.2
97783.1
97819.9
97850.3
97874.8
97888.8
97897.7
97897.5
97903.6
97904.3
97911.9
97947.8
97457.3
97473.8
97502.1
97522.2
97545.4
97564.2
97584.7
97604.4
97625.4
97647.9
97671.9
97698.8
97727.7
97760.1
97792.7
97826
97853.8
97876.6
97890
97898.6
97898.6
97904.8
97905.4
97913.3
97948.6
97559.4
97572.7
97596.4
97612.1
97629.2
97641.3
97654.5
97666.4
97679.1
97693.4
97709.4
97728.8
97751
97777.3
97804.8
97833.9
97858.7
97879.6
97892
97900.1
97900.2
97906.4
97906.8
97914.9
97949.6
97672
97681.5
97699.9
97710.3
97720.7
97725.6
97730.9
97734.2
97738.1
97743.4
97750.8
97762.2
97777.1
97796.8
97818.8
97843.3
97864.8
97883.4
97894.6
97902.2
97902.3
97908.3
97908.5
97916.7
97950.7
97794.4
97799.9
97812.3
97816.6
97819.9
97817
97813.6
97807.6
97801.9
97797.6
97796
97798.7
97805.7
97818.4
97834.4
97854.1
97871.9
97888
97897.9
97904.7
97904.7
97910.4
97910.4
97918.7
97951.8
97926
97927.1
97932.8
97930.3
97925.9
97914.8
97901.9
97885.9
97870
97855.8
97844.6
97838.1
97836.7
97841.9
97851.5
97866
97879.9
97893.3
97901.7
97907.6
97907.4
97912.9
97912.6
97920.9
97953.1
98065.8
98061.9
98060.2
98050.5
98037.8
98017.9
97994.9
97968.6
97942
97917.3
97896
97879.9
97869.6
97867
97870
97878.9
97888.7
97899.3
97906
97910.9
97910.5
97915.5
97915
97923.2
97954.5
98212.4
98202.9
98193.4
98176
98154.5
98125.2
98091.8
98054.7
98017.1
97981.5
97949.6
97923.6
97904.1
97893.3
97889.4
97892.6
97898.1
97905.7
97910.7
97914.5
97913.8
97918.4
97917.6
97925.7
97956
98363.9
98348.8
98331.1
98305.8
98275.1
98235.8
98191.7
98143.6
98094.6
98047.7
98004.9
97968.5
97939.7
97920.5
97909.6
97906.8
97908
97912.5
97915.6
97918.4
97917.3
97921.4
97920.4
97928.3
97957.5
98518.2
98497.3
98471.5
98438
98397.8
98348.3
98293.3
98234
98173.5
98115
98061
98014.2
97975.8
97948.2
97930.1
97921.5
97918.2
97919.5
97920.8
97922.4
97920.9
97924.5
97923.3
97930.9
97959.1
98671.9
98645.2
98611.4
98569.7
98520.1
98460.5
98394.6
98324
98252
98182
98116.8
98059.6
98011.7
97975.6
97950.4
97936
97928.4
97926.7
97926.1
97926.5
97924.5
97927.7
97926.3
97933.6
97960.6
98832.5
98799.7
98758
98707.6
98648.3
98578.2
98501
98418.5
98334.4
98252.3
98175.3
98107.1
98049.3
98004.4
97971.7
97951.4
97939.3
97934.4
97931.8
97931
97928.5
97931.2
97929.6
97936.6
97962.4
98986.2
98947.6
98898.7
98840.2
98771.5
98691.5
98603.5
98509.7
98413.9
98320.1
98231.7
98152.7
98085.3
98032
97992.2
97966.2
97949.8
97941.9
97937.3
97935.4
97932.5
97934.7
97933
97939.5
97964
99113.2
99069.9
99015.3
98950
98873.7
98785.4
98688.4
98585.2
98479.6
98376.1
98278.2
98190.3
98114.9
98054.6
98009
97978.3
97958.5
97948.1
97941.9
97939.2
97935.9
97937.6
97935.9
97942
97965.4
99216.2
99169.4
99110.2
99039.5
98956.9
98861.9
98757.5
98646.7
98533.2
98421.7
98316
98220.8
98138.9
98072.9
98022.6
97988.2
97965.6
97953.2
97945.8
97942.2
97938.7
97940.1
97938.4
97944
97966.5
99297.9
99248.4
99185.7
99110.8
99023.2
98922.9
98812.7
98695.6
98575.8
98457.9
98346.1
98245
98157.9
98087.4
98033.4
97996.1
97971.2
97957.3
97948.8
97944.7
97940.9
97942.1
97940.3
97945.6
97967.3
99361.3
99309.8
99244.6
99166.5
99075
98970.5
98855.7
98733.8
98609
98486.1
98369.5
98263.9
98172.8
98098.7
98041.9
98002.2
97975.6
97960.5
97951.2
97946.6
97942.6
97943.6
97941.8
97946.8
97967.8
99409.3
99356.5
99289.5
99208.8
99114.5
99006.7
98888.5
98762.9
98634.3
98507.7
98387.4
98278.4
98184.1
98107.4
98048.3
98006.9
97978.9
97962.9
97953
97948
97943.9
97944.8
97943
97947.6
97968.2
99444.8
99391
99322.8
99240.3
99143.8
99033.6
98912.8
98784.5
98653.1
98523.7
98400.8
98289.2
98192.7
98113.9
98053.1
98010.4
97981.4
97964.6
97954.2
97949
97944.7
97945.5
97943.7
97948.2
97968.5
99470.1
99415.8
99346.6
99262.8
99164.8
99052.9
98930.2
98800
98666.6
98535.2
98410.4
98297.1
98198.8
98118.6
98056.6
98012.8
97983.1
97965.8
97955.1
97949.6
97945.3
97946.1
97944.2
97948.6
97968.6
99487.3
99432.7
99362.9
99278.2
99179.1
99066.1
98942.3
98810.7
98676
98543.3
98417.1
98302.5
98203.1
98121.8
98058.9
98014.4
97984.2
97966.5
97955.6
97950
97945.6
97946.3
97944.5
97948.8
97968.6
99498
99443.2
99373.2
99288
99188.3
99074.7
98950.1
98817.8
98682.2
98548.6
98421.5
98306.1
98205.9
98123.9
98060.4
98015.5
97984.9
97967
97955.9
97950.3
97945.8
97946.5
97944.6
97948.8
97968.5
99504.3
99449.4
99379.2
99293.8
99193.9
99080
98955
98822.3
98686.2
98552
98424.4
98308.4
98207.6
98125.2
98061.2
98016
97985.2
97967.2
97956
97950.3
97945.8
97946.5
97944.6
97948.8
97968.3
99507.6
99452.8
99382.8
99297.5
99197.6
99083.7
98958.6
98825.6
98689.3
98554.8
98426.8
98310.4
98209.2
98126.5
98062.2
98016.6
97985.6
97967.4
97956.2
97950.4
97945.9
97946.5
97944.6
97948.8
97968.3
)
;

boundaryField
{
    inlet
    {
        type            zeroGradient;
    }
    outlet
    {
        type            waveTransmissive;
        phi             phi;
        rho             rho;
        psi             psi;
        gamma           1.3;
        fieldInf        100000;
        lInf            0.3;
        value           uniform 100000;
    }
    upperWall
    {
        type            zeroGradient;
    }
    lowerWall
    {
        type            zeroGradient;
    }
    frontAndBack
    {
        type            empty;
    }
}


// ************************************************************************* //
