/*--------------------------------*- C++ -*----------------------------------*\
| =========                 |                                                 |
| \\      /  F ield         | OpenFOAM: The Open Source CFD Toolbox           |
|  \\    /   O peration     | Version:  dev                                   |
|   \\  /    A nd           | Web:      http://www.openfoam.org               |
|    \\/     M anipulation  |                                                 |
\*---------------------------------------------------------------------------*/
FoamFile
{
    version     2.0;
    format      ascii;
    class       volScalarField;
    object      pMean;
    location    "9.148";
}
// * * * * * * * * * * * * * * * * * * * * * * * * * * * * * * * * * * * * * //

dimensions      [1 -1 -2 0 0 0 0];

internalField   nonuniform List<scalar> 
12225
(
98311.3
98291.5
98277.8
98270.8
98256.5
98247.1
98228.6
98219.1
98197.6
98188.8
98164.1
98157.3
98126.3
98120
98079.2
98039.5
97950.3
97584.2
98306.8
98290.5
98277.2
98270.3
98255.9
98246.5
98228
98218.5
98196.9
98188.4
98163.4
98156.7
98125.9
98118
98077.4
98043.5
97951.2
97790
98303.1
98288.9
98276.2
98268.9
98254.5
98245
98226.5
98217.1
98195.4
98186.9
98162.6
98154.7
98126.5
98114.6
98079.7
98044.4
97977
97888.2
98298
98286
98274.1
98266.4
98252.1
98242.4
98224.4
98214.5
98193.7
98184.2
98161.2
98151.6
98125.4
98112.4
98080.7
98052.9
98004.4
97935.5
98291.3
98281.6
98270.5
98262.4
98248.5
98238.2
98221.3
98210.3
98191.2
98179.9
98159.7
98147.1
98125.6
98109.2
98082.6
98058.4
98018.5
97985.8
98283.1
98275.4
98264.6
98256.4
98242.9
98232.3
98216.2
98204.6
98186.8
98174.7
98156.5
98142.9
98124.5
98107.5
98086.2
98060.9
98038.7
98018.3
98272.8
98266.5
98256.1
98247.7
98235
98223.9
98209.1
98196.5
98180.8
98167.3
98151.9
98136.8
98122.2
98104.7
98090.4
98069.4
98059
98044.1
98262.1
98256.4
98246.8
98238.1
98226.4
98214.8
98201.3
98188
98174.1
98159.7
98146.6
98130.9
98119.4
98102.1
98093.3
98075.5
98073.8
98058.9
98251.3
98245.8
98237
98228.1
98217.2
98205.5
98192.9
98179.4
98166.8
98152.2
98140.8
98125.3
98115.5
98099.6
98093.3
98079.1
98078.8
98066.9
98237.6
98232.2
98224.5
98215.5
98205.5
98193.8
98182.2
98168.7
98157.4
98142.9
98132.9
98118
98109.8
98095.4
98090.4
98078.7
98077.9
98069.6
98220.7
98215.2
98208.7
98199.9
98190.8
98179.3
98168.5
98155.6
98145.1
98131.5
98122.1
98109
98100.9
98089.4
98083.8
98075.2
98072.5
98067.4
98200.2
98194.5
98189.2
98180.8
98172.4
98161.3
98151.5
98139.2
98129.6
98117
98108.3
98096.9
98089.3
98080
98074.3
98067.9
98064.3
98060.7
98175.4
98170.1
98165.6
98158
98150.1
98140.1
98130.7
98119.8
98110.6
98099.9
98091.5
98082.2
98074.9
98067.7
98062.3
98057.4
98053.8
98051.1
98147.2
98142.4
98138.4
98131.8
98124.6
98115.7
98107
98097.5
98089
98080
98072.3
98064.7
98058.3
98052.6
98047.9
98044.1
98041.1
98039
98117
98113.3
98109.5
98104.1
98097.6
98090
98082.2
98074.1
98066.5
98059
98052.3
98046.2
98040.9
98036.4
98032.6
98029.7
98027.5
98026
98089.3
98086.6
98083.2
98078.7
98073.1
98066.6
98059.8
98052.9
98046.3
98040.1
98034.5
98029.6
98025.3
98021.7
98018.8
98016.7
98015.1
98014.2
98070.7
98068.8
98066
98062.1
98057.2
98051.5
98045.5
98039.6
98033.9
98028.7
98023.9
98019.7
98016.2
98013.2
98010.9
98009.3
98008.1
98007.5
98071
98069.3
98066.8
98063
98058.3
98053
98047.4
98041.8
98036.5
98031.5
98027.1
98023.1
98019.7
98016.9
98014.7
98013
98011.8
98011.1
98090.7
98088.9
98086
98082.1
98077.1
98071.6
98065.8
98060
98054.4
98049.2
98044.4
98040.1
98036.4
98033.2
98030.5
98028.4
98026.7
98025.4
98121.5
98119.3
98115.9
98111.4
98106
98099.9
98093.6
98087.3
98081.1
98075.3
98069.9
98065
98060.6
98056.7
98053.3
98050.5
98048.1
98046.2
98156.3
98153.7
98149.7
98144.5
98138.4
98131.7
98124.8
98117.8
98111
98104.4
98098.3
98092.6
98087.5
98082.9
98078.7
98075.1
98072
98069.3
98190.2
98187.1
98182.3
98176.5
98169.8
98162.5
98155
98147.4
98139.9
98132.7
98125.9
98119.5
98113.7
98108.3
98103.5
98099.1
98095.3
98091.9
98220.4
98216.8
98211.2
98204.7
98197.5
98189.7
98181.7
98173.6
98165.6
98157.8
98150.4
98143.4
98136.9
98130.9
98125.5
98120.5
98116.1
98112
98245.7
98241.4
98235.1
98228
98220.3
98212.2
98203.8
98195.3
98186.8
98178.6
98170.7
98163.2
98156.2
98149.8
98143.8
98138.3
98133.3
98128.8
98266
98260.8
98253.6
98246
98238
98229.6
98221
98212.2
98203.4
98194.8
98186.6
98178.8
98171.4
98164.5
98158.1
98152.3
98146.9
98142
98281.7
98275.3
98267.2
98259.1
98250.9
98242.4
98233.6
98224.7
98215.7
98206.9
98198.4
98190.3
98182.6
98175.4
98168.8
98162.6
98157
98151.8
98293.4
98285.6
98276.5
98268
98259.8
98251.2
98242.4
98233.3
98224.2
98215.2
98206.6
98198.3
98190.4
98183.1
98176.2
98169.9
98164
98158.6
98302.2
98292.3
98282.3
98273.6
98265.4
98256.9
98248
98238.9
98229.7
98220.6
98211.9
98203.5
98195.5
98188
98181
98174.6
98168.6
98163.1
98308.2
98296.1
98285
98276.4
98268.3
98260
98251.2
98242.1
98232.9
98223.8
98214.9
98206.4
98198.4
98190.8
98183.8
98177.2
98171.2
98165.6
98314.2
98298.7
98286.6
98277.7
98269.6
98261.2
98252.5
98243.4
98234.2
98225
98216.2
98207.7
98199.6
98192
98184.9
98178.4
98172.3
98166.7
98311.2
98310.8
98310
98308.9
98307.4
98305.5
98303.3
98300.7
98297.7
98294.2
98290.4
98286.1
98281.5
98276.6
98271.4
98265.9
98260.2
98254.3
98248.2
98241.9
98235.5
98228.9
98222.2
98215.4
98208.5
98201.5
98194.5
98187.4
98180.3
98173.2
98166.2
98159.1
98152.1
98145.1
98138.2
98131.5
98124.8
98118.3
98112
98105.9
98100
98094.3
98088.9
98083.7
98078.9
98074.4
98070.3
98066.6
98063.3
98060.5
98058.1
98056.2
98054.8
98053.9
98053.7
98054
98055
98056.6
98058.8
98061.8
98065.5
98069.9
98074.9
98080.8
98087.3
98094.6
98102.5
98111.2
98120.5
98130.5
98141.1
98152.3
98164
98176.3
98189.1
98202.3
98215.9
98229.9
98244.2
98258.8
98273.6
98288.7
98303.8
98319
98334.3
98349.6
98364.8
98379.9
98394.8
98409.5
98423.9
98438.1
98451.8
98465.2
98478.1
98490.5
98502.4
98513.8
98524.5
98534.7
98544.2
98553
98561.3
98568.8
98575.8
98582.1
98587.8
98593
98597.6
98601.7
98605.3
98608.5
98611.4
98613.9
98616.1
98617.9
98619.6
98621
98622.3
98623.4
98624.5
98625.5
98626.7
98628
98629.6
98631.6
98634.3
98637.7
98642.1
98647.8
98654.9
98663.6
98674.3
98687.2
98702.5
98720.6
98741.4
98765.2
98792
98821.8
98854.9
98890.8
98929.6
98971.2
99015.5
99062.1
99111.1
99161.8
99214.4
99268.6
99324
99380.4
99437.4
99494.8
99552
99608.6
99664
99717.7
99768.7
99816.5
99860
99898.3
99930.2
99955.3
99972
99979.4
99976.8
99963.7
99939.6
99904.9
99859.5
99804.7
99740.7
99670
99593
99512.5
99427.9
99343.2
99256.4
99173.3
98304.2
98303.9
98303.1
98301.9
98300.4
98298.5
98296.3
98293.7
98290.7
98287.3
98283.5
98279.3
98274.9
98270.1
98265
98259.7
98254.2
98248.4
98242.5
98236.4
98230.2
98223.8
98217.3
98210.6
98203.9
98197.1
98190.2
98183.3
98176.4
98169.4
98162.5
98155.6
98148.7
98141.9
98135.2
98128.6
98122.1
98115.7
98109.5
98103.5
98097.7
98092.2
98086.8
98081.8
98077.1
98072.7
98068.6
98065
98061.7
98058.8
98056.5
98054.5
98053.1
98052.3
98052
98052.3
98053.2
98054.7
98056.9
98059.8
98063.4
98067.7
98072.7
98078.3
98084.7
98091.9
98099.7
98108.2
98117.3
98127.1
98137.5
98148.5
98160
98172.1
98184.7
98197.7
98211.1
98224.8
98238.9
98253.3
98267.9
98282.6
98297.5
98312.5
98327.5
98342.5
98357.4
98372.2
98386.8
98401.2
98415.4
98429.2
98442.7
98455.8
98468.4
98480.5
98492.2
98503.2
98513.7
98523.6
98532.9
98541.6
98549.6
98557
98563.7
98569.9
98575.5
98580.5
98585
98588.9
98592.5
98595.6
98598.4
98600.8
98602.9
98604.8
98606.4
98607.7
98608.9
98610
98611
98611.9
98613
98614.2
98615.6
98617.4
98619.9
98623
98627.1
98632.4
98639.1
98647.4
98657.6
98669.9
98684.7
98702
98722.2
98745.2
98771.1
98800.1
98832.1
98867.1
98904.9
98945.3
98988.5
99034
99081.8
99131.3
99182.8
99235.8
99290.1
99345.3
99401.2
99457.5
99513.7
99569.3
99623.8
99676.7
99727
99774.2
99817.2
99855.3
99887.1
99912.3
99929.4
99937.4
99935.5
99923.6
99900.8
99867.6
99823.8
99770.7
99708.5
99639.6
99564.3
99485.5
99402.6
99319.4
99233.6
99148.7
98291.5
98291.2
98290.4
98289.2
98287.6
98285.6
98283.3
98280.7
98277.6
98274.3
98270.5
98266.5
98262.2
98257.6
98252.8
98247.7
98242.5
98237.1
98231.5
98225.8
98219.9
98213.9
98207.8
98201.5
98195.2
98188.7
98182.2
98175.6
98168.9
98162.3
98155.6
98149
98142.4
98135.8
98129.3
98123
98116.7
98110.6
98104.6
98098.8
98093.2
98087.9
98082.7
98077.8
98073.2
98068.9
98065
98061.4
98058.2
98055.4
98053
98051.1
98049.7
98048.7
98048.3
98048.5
98049.3
98050.8
98052.8
98055.6
98059
98063
98067.8
98073.2
98079.4
98086.2
98093.7
98101.9
98110.7
98120.2
98130.3
98140.9
98152.1
98163.8
98175.9
98188.5
98201.5
98214.8
98228.4
98242.3
98256.4
98270.7
98285.1
98299.6
98314.1
98328.6
98343
98357.2
98371.3
98385.2
98398.8
98412.1
98425
98437.5
98449.6
98461.2
98472.2
98482.8
98492.8
98502.2
98511
98519.2
98526.8
98533.8
98540.3
98546.1
98551.4
98556.2
98560.4
98564.2
98567.6
98570.5
98573.1
98575.4
98577.4
98579.1
98580.6
98581.8
98582.9
98583.8
98584.6
98585.3
98586.1
98587
98588.1
98589.5
98591.4
98594
98597.5
98602
98607.9
98615.3
98624.5
98635.7
98649.2
98665.2
98683.9
98705.3
98729.6
98756.7
98786.8
98819.7
98855.4
98893.7
98934.7
98977.9
99023.3
99070.5
99119.6
99170.3
99222.2
99275.1
99328.8
99382.9
99437
99490.6
99543.1
99594.3
99643
99688.8
99730.8
99768
99799.4
99824.5
99841.9
99850.7
99850.2
99840
99819.5
99789
99748.3
99698.6
99639.9
99574.7
99503.1
99427.8
99348.3
99268.3
99185.4
99101.5
98274
98273.7
98273
98271.8
98270.2
98268.2
98265.9
98263.2
98260.2
98256.9
98253.3
98249.4
98245.2
98240.9
98236.3
98231.6
98226.7
98221.7
98216.5
98211.2
98205.8
98200.3
98194.6
98188.8
98182.9
98177
98170.9
98164.8
98158.6
98152.4
98146.2
98140
98133.9
98127.7
98121.6
98115.6
98109.7
98103.9
98098.3
98092.7
98087.4
98082.2
98077.3
98072.6
98068.1
98064
98060.2
98056.7
98053.6
98050.8
98048.5
98046.6
98045.1
98044.1
98043.6
98043.7
98044.4
98045.6
98047.5
98050
98053.1
98056.9
98061.3
98066.4
98072.2
98078.6
98085.7
98093.4
98101.8
98110.8
98120.4
98130.5
98141.2
98152.3
98163.9
98175.9
98188.3
98201
98214
98227.2
98240.7
98254.3
98268
98281.8
98295.6
98309.3
98323
98336.5
98349.8
98363
98375.8
98388.3
98400.5
98412.3
98423.6
98434.4
98444.7
98454.5
98463.8
98472.6
98480.7
98488.3
98495.4
98501.9
98507.8
98513.2
98518.1
98522.4
98526.4
98529.8
98532.9
98535.6
98538.1
98540.1
98541.9
98543.5
98544.7
98545.8
98546.6
98547.3
98547.8
98548.2
98548.6
98549
98549.6
98550.4
98551.7
98553.5
98556
98559.6
98564.3
98570.4
98578.2
98587.8
98599.6
98613.7
98630.2
98649.5
98671.4
98696.1
98723.5
98753.7
98786.4
98821.8
98859.7
98899.8
98942
98986
99031.9
99079.4
99128.2
99178
99228.6
99279.8
99331
99381.8
99431.8
99480.5
99527.1
99571
99611.3
99647.3
99677.8
99702.5
99720.2
99729.8
99730.7
99722.5
99704.8
99677.6
99640.7
99595.3
99541.3
99480.9
99414.1
99343.7
99268.9
99193.4
99114.6
99034.6
98252.9
98252.6
98251.9
98250.8
98249.2
98247.3
98245
98242.4
98239.5
98236.3
98232.8
98229.1
98225.1
98221
98216.8
98212.4
98207.8
98203.2
98198.5
98193.6
98188.7
98183.6
98178.5
98173.2
98167.9
98162.5
98157
98151.4
98145.8
98140.2
98134.6
98128.9
98123.3
98117.7
98112.1
98106.6
98101.1
98095.8
98090.5
98085.4
98080.4
98075.6
98070.9
98066.5
98062.3
98058.3
98054.6
98051.3
98048.3
98045.6
98043.3
98041.4
98039.8
98038.8
98038.2
98038.1
98038.6
98039.7
98041.3
98043.4
98046.2
98049.6
98053.6
98058.3
98063.6
98069.5
98076.1
98083.3
98091.1
98099.5
98108.4
98117.9
98127.9
98138.4
98149.3
98160.5
98172.1
98184.1
98196.2
98208.7
98221.3
98234
98246.8
98259.7
98272.6
98285.4
98298.2
98310.8
98323.2
98335.4
98347.3
98358.9
98370.1
98380.9
98391.3
98401.2
98410.6
98419.6
98428
98435.9
98443.3
98450.1
98456.5
98462.3
98467.6
98472.4
98476.8
98480.7
98484.2
98487.3
98490
98492.4
98494.5
98496.4
98497.9
98499.2
98500.2
98500.9
98501.5
98501.8
98502
98502
98501.9
98501.8
98501.7
98501.8
98502.2
98503
98504.4
98506.7
98510
98514.5
98520.5
98528.3
98537.9
98549.7
98563.8
98580.4
98599.5
98621.1
98645.4
98672.2
98701.5
98733.2
98767.5
98803.8
98842.2
98882.5
98924.5
98968.1
99013.2
99059.3
99106.3
99153.9
99201.5
99249
99295.8
99341.6
99385.5
99427.1
99465.3
99499.7
99529.1
99553.1
99570.8
99581
99583.3
99577.3
99562.5
99539.1
99506.6
99466.2
99417.6
99363
99301.9
99237.4
99168.4
99098.5
99025.2
98950.6
98229.5
98229.3
98228.6
98227.6
98226.1
98224.3
98222.2
98219.8
98217
98214
98210.7
98207.2
98203.5
98199.6
98195.7
98191.6
98187.4
98183.1
98178.8
98174.3
98169.8
98165.3
98160.6
98155.9
98151.1
98146.2
98141.3
98136.3
98131.4
98126.3
98121.3
98116.3
98111.2
98106.2
98101.2
98096.3
98091.4
98086.5
98081.8
98077.1
98072.5
98068.1
98063.8
98059.7
98055.8
98052.1
98048.6
98045.4
98042.5
98039.9
98037.7
98035.7
98034.2
98033.1
98032.4
98032.1
98032.4
98033.2
98034.5
98036.3
98038.7
98041.7
98045.3
98049.4
98054.2
98059.5
98065.5
98072
98079.2
98086.9
98095.1
98103.8
98113
98122.6
98132.7
98143.1
98153.8
98164.8
98176.1
98187.5
98199.1
98210.9
98222.7
98234.5
98246.3
98258.1
98269.8
98281.3
98292.6
98303.7
98314.6
98325.1
98335.2
98345
98354.3
98363.2
98371.6
98379.6
98387
98394.1
98400.6
98406.6
98412.1
98417.1
98421.7
98425.9
98429.7
98433
98436
98438.6
98441
98443
98444.7
98446.2
98447.4
98448.3
98449
98449.4
98449.6
98449.5
98449.2
98448.7
98448.1
98447.3
98446.5
98445.8
98445.2
98444.8
98445
98445.8
98447.5
98450.3
98454.3
98459.9
98467.1
98476.4
98487.7
98501.3
98517.2
98535.4
98556.1
98579.2
98604.7
98632.4
98662.5
98694.8
98729
98765.1
98802.9
98842.3
98883.2
98925.2
98968.1
99011.7
99055.5
99099.3
99142.6
99184.9
99225.8
99264.6
99300.5
99332.9
99360.8
99383.9
99401.3
99411.9
99415.5
99411.7
99399.9
99380.4
99352.5
99317.3
99274.4
99225.9
99171.2
99113.4
99050.9
98987.6
98920.7
98852.6
98205
98204.9
98204.3
98203.4
98202.1
98200.5
98198.6
98196.3
98193.8
98191
98188
98184.7
98181.3
98177.8
98174.1
98170.4
98166.5
98162.6
98158.6
98154.6
98150.5
98146.3
98142.1
98137.9
98133.6
98129.3
98125
98120.6
98116.2
98111.8
98107.3
98102.9
98098.4
98094
98089.6
98085.2
98080.9
98076.6
98072.3
98068.1
98064
98060
98056.1
98052.3
98048.7
98045.3
98042
98039.1
98036.3
98033.8
98031.6
98029.7
98028.1
98026.9
98026.1
98025.7
98025.8
98026.3
98027.3
98028.8
98030.8
98033.3
98036.3
98040
98044.1
98048.8
98054.1
98060
98066.4
98073.3
98080.7
98088.5
98096.9
98105.6
98114.7
98124.2
98133.9
98143.9
98154.1
98164.5
98175.1
98185.7
98196.4
98207.1
98217.7
98228.3
98238.8
98249.2
98259.3
98269.2
98278.9
98288.2
98297.2
98305.8
98314
98321.8
98329.1
98336
98342.5
98348.5
98354.1
98359.2
98363.9
98368.1
98371.9
98375.4
98378.5
98381.2
98383.6
98385.8
98387.6
98389.2
98390.5
98391.5
98392.3
98392.8
98393.1
98393.1
98392.8
98392.3
98391.5
98390.4
98389.1
98387.6
98386
98384.3
98382.6
98381
98379.8
98379.1
98379
98379.9
98381.8
98385.1
98389.8
98396.3
98404.7
98415.1
98427.6
98442.3
98459.2
98478.4
98499.9
98523.5
98549.3
98577.2
98607
98638.8
98672.2
98707.2
98743.7
98781.5
98820
98859.3
98899
98938.9
98978.5
99017.2
99054.7
99090.4
99123.6
99153.7
99179.7
99201.6
99218.3
99229.2
99233.8
99232.1
99223.1
99207.3
99183.8
99153.9
99116.8
99074.6
99026.6
98975.8
98920.2
98864
98804.1
98743.3
98180.8
98180.8
98180.3
98179.6
98178.5
98177.1
98175.4
98173.4
98171.1
98168.6
98165.9
98163
98159.9
98156.7
98153.3
98149.9
98146.4
98142.8
98139.2
98135.5
98131.8
98128.1
98124.3
98120.6
98116.8
98112.9
98109.1
98105.2
98101.4
98097.5
98093.6
98089.7
98085.8
98081.9
98078
98074.2
98070.4
98066.5
98062.8
98059
98055.3
98051.7
98048.2
98044.7
98041.4
98038.3
98035.3
98032.5
98029.9
98027.5
98025.3
98023.4
98021.8
98020.6
98019.6
98019.1
98018.9
98019.1
98019.8
98020.9
98022.5
98024.6
98027.1
98030.2
98033.7
98037.8
98042.4
98047.5
98053.1
98059.2
98065.8
98072.8
98080.2
98088
98096.1
98104.6
98113.3
98122.3
98131.4
98140.7
98150.1
98159.6
98169.1
98178.6
98188
98197.4
98206.7
98215.8
98224.6
98233.3
98241.7
98249.8
98257.6
98265
98272
98278.6
98284.8
98290.6
98296
98301
98305.7
98309.8
98313.6
98317
98320.1
98322.8
98325.2
98327.3
98329.1
98330.6
98331.9
98333
98333.8
98334.4
98334.7
98334.7
98334.5
98334.1
98333.3
98332.2
98330.8
98329.2
98327.1
98324.8
98322.2
98319.5
98316.7
98313.9
98311.2
98308.8
98307
98306
98305.7
98306.5
98308.7
98312.4
98317.8
98325
98334.1
98345.2
98358.3
98373.7
98391.1
98410.6
98432.1
98455.6
98481
98508.4
98537.4
98568
98600.1
98633.5
98667.6
98702.7
98738.3
98774.2
98809.9
98844.8
98878.6
98911
98941.2
98968.8
98992.5
99012.7
99028.4
99039.2
99044.6
99044.5
99037.9
99025.5
99006.1
98981.1
98949.6
98913.7
98872.4
98828.6
98780.1
98731.3
98678.6
98625.4
98158
98158
98157.7
98157
98156.1
98154.9
98153.5
98151.8
98149.8
98147.6
98145.2
98142.6
98139.9
98137
98134
98130.9
98127.8
98124.6
98121.3
98118
98114.7
98111.4
98108
98104.7
98101.3
98098
98094.6
98091.2
98087.8
98084.3
98080.9
98077.5
98074.1
98070.7
98067.3
98063.9
98060.5
98057.1
98053.7
98050.4
98047.1
98043.8
98040.6
98037.4
98034.4
98031.4
98028.6
98026
98023.5
98021.2
98019.1
98017.2
98015.5
98014.2
98013.1
98012.4
98012
98012
98012.3
98013.1
98014.3
98015.9
98017.9
98020.4
98023.4
98026.9
98030.8
98035.2
98040
98045.3
98051
98057.1
98063.6
98070.5
98077.7
98085.1
98092.8
98100.7
98108.8
98116.9
98125.2
98133.5
98141.8
98150.1
98158.3
98166.5
98174.5
98182.3
98189.9
98197.3
98204.4
98211.3
98217.8
98224
98229.8
98235.3
98240.3
98245
98249.4
98253.3
98256.9
98260.2
98263.1
98265.6
98267.9
98269.8
98271.5
98272.9
98274
98275
98275.7
98276.2
98276.5
98276.5
98276.3
98275.8
98275
98274
98272.7
98271
98269
98266.6
98263.8
98260.6
98257.1
98253.2
98249.3
98245.2
98241.1
98237.2
98233.6
98230.6
98228.1
98226.7
98226.3
98227.2
98229.7
98233.7
98239.4
98247.1
98256.6
98268.1
98281.6
98297.1
98314.5
98333.7
98354.9
98378.1
98402.8
98429.1
98456.8
98485.8
98515.7
98546.6
98578.1
98610.1
98641.7
98672.7
98702.9
98731.7
98758.7
98783.4
98804.8
98822.9
98837.2
98847.5
98853.1
98854
98849.4
98839.7
98824
98803.6
98777.2
98747.2
98712.4
98675.5
98634.1
98592.6
98547.1
98501.9
98137.3
98137.4
98137.2
98136.7
98136
98135
98133.8
98132.4
98130.7
98128.8
98126.8
98124.5
98122.1
98119.6
98117
98114.3
98111.5
98108.7
98105.8
98102.9
98100
98097
98094.1
98091.1
98088.1
98085.2
98082.2
98079.2
98076.1
98073.1
98070.1
98067.1
98064
98061
98058
98054.9
98051.9
98048.9
98045.8
98042.8
98039.8
98036.7
98033.8
98030.8
98028
98025.2
98022.6
98020
98017.6
98015.3
98013.2
98011.3
98009.6
98008.2
98007
98006.1
98005.5
98005.2
98005.2
98005.7
98006.5
98007.7
98009.2
98011.2
98013.7
98016.5
98019.8
98023.5
98027.6
98032.1
98037
98042.3
98047.9
98053.9
98060.1
98066.6
98073.3
98080.1
98087.1
98094.2
98101.3
98108.5
98115.7
98122.8
98129.8
98136.7
98143.5
98150
98156.4
98162.6
98168.4
98174
98179.3
98184.3
98188.9
98193.2
98197.1
98200.7
98204
98206.9
98209.5
98211.8
98213.8
98215.5
98216.9
98218.1
98219
98219.7
98220.1
98220.4
98220.5
98220.4
98220.1
98219.5
98218.7
98217.6
98216.3
98214.6
98212.6
98210.2
98207.5
98204.3
98200.7
98196.6
98192.1
98187.2
98182.1
98176.8
98171.4
98166
98160.7
98155.8
98151.4
98147.7
98144.8
98143.2
98142.8
98143.8
98146.4
98150.7
98156.7
98164.7
98174.4
98186.2
98199.7
98215
98232.2
98251.3
98272
98294.3
98317.8
98342.6
98368.5
98395.3
98422.8
98450.7
98478.3
98505.6
98532
98557.1
98580.7
98602.5
98621.2
98637
98649.4
98658.5
98663.7
98665.2
98661.9
98654.3
98641.8
98625.2
98603.5
98579.1
98550.3
98519.8
98485.1
98450.8
98412.5
98375.1
98119.5
98119.6
98119.5
98119.1
98118.6
98117.8
98116.8
98115.6
98114.3
98112.7
98111
98109.1
98107.1
98104.9
98102.7
98100.4
98098
98095.5
98093
98090.5
98087.9
98085.4
98082.8
98080.2
98077.6
98075
98072.3
98069.7
98067
98064.3
98061.6
98058.9
98056.2
98053.4
98050.7
98047.9
98045.1
98042.4
98039.5
98036.7
98033.9
98031
98028.2
98025.5
98022.7
98020.1
98017.5
98015
98012.6
98010.3
98008.2
98006.2
98004.5
98002.9
98001.5
98000.5
97999.6
97999.1
97998.9
97999
97999.5
98000.3
98001.4
98003
98004.9
98007.2
98009.9
98012.9
98016.4
98020.2
98024.3
98028.8
98033.7
98038.7
98044.1
98049.7
98055.4
98061.3
98067.2
98073.3
98079.4
98085.5
98091.5
98097.5
98103.3
98109.1
98114.7
98120
98125.2
98130.1
98134.8
98139.2
98143.3
98147.1
98150.6
98153.7
98156.5
98159
98161.2
98163
98164.6
98166
98167
98167.8
98168.4
98168.8
98168.9
98168.8
98168.6
98168.2
98167.5
98166.7
98165.7
98164.6
98163.1
98161.4
98159.4
98157
98154.2
98151.1
98147.6
98143.6
98139.1
98134.2
98128.8
98122.9
98116.7
98110.2
98103.5
98096.7
98089.8
98083.2
98076.9
98071.2
98066.2
98062
98059.1
98057.3
98056.9
98058.2
98061
98065.7
98072
98080.3
98090.3
98102.1
98115.6
98131.1
98148.1
98166.6
98186.2
98207.2
98229.2
98252.1
98275.8
98299.7
98323.4
98347
98369.6
98391
98411.1
98429.6
98445.4
98458.6
98468.7
98476.2
98480.2
98481.4
98478.8
98472.9
98462.8
98449.6
98431.9
98412.4
98389.1
98364.5
98336
98308.5
98277.1
98247.2
98104.8
98105
98104.9
98104.7
98104.3
98103.7
98103
98102.1
98101
98099.7
98098.3
98096.8
98095.1
98093.4
98091.5
98089.6
98087.5
98085.5
98083.4
98081.2
98079.1
98076.9
98074.7
98072.4
98070.1
98067.8
98065.5
98063.1
98060.7
98058.2
98055.8
98053.3
98050.8
98048.3
98045.7
98043.2
98040.5
98037.9
98035.2
98032.5
98029.8
98027
98024.3
98021.6
98018.9
98016.3
98013.7
98011.2
98008.8
98006.5
98004.3
98002.2
98000.3
97998.6
97997.1
97995.8
97994.8
97994.1
97993.6
97993.4
97993.6
97994
97994.8
97995.9
97997.4
97999.2
98001.4
98003.9
98006.7
98009.9
98013.4
98017.2
98021.3
98025.6
98030.1
98034.9
98039.7
98044.7
98049.8
98054.8
98059.9
98065
98070
98074.9
98079.7
98084.4
98088.9
98093.1
98097.2
98100.9
98104.5
98107.7
98110.6
98113.3
98115.6
98117.7
98119.4
98120.8
98121.9
98122.8
98123.4
98123.7
98123.9
98123.8
98123.5
98123
98122.3
98121.4
98120.4
98119.2
98117.8
98116.3
98114.6
98112.7
98110.5
98108.1
98105.3
98102.2
98098.7
98094.8
98090.5
98085.7
98080.3
98074.5
98068.2
98061.3
98054.1
98046.5
98038.6
98030.5
98022.3
98014.1
98006.2
97998.6
97991.6
97985.3
97980
97975.8
97972.8
97971.3
97971.4
97973.1
97976.4
97981.6
97988.5
97997.1
98007.5
98019.6
98033.2
98048.4
98064.6
98082.1
98100.5
98119.7
98139.7
98159.9
98179.8
98199.7
98218.4
98236.1
98252.6
98267.5
98280.3
98290.5
98298.1
98303.3
98305.7
98305.9
98303.3
98298.4
98290
98279.5
98265.3
98249.9
98231.3
98212.1
98189.3
98168.1
98143.1
98120.3
98093.4
98093.6
98093.6
98093.5
98093.2
98092.8
98092.3
98091.6
98090.8
98089.8
98088.8
98087.6
98086.3
98084.9
98083.4
98081.9
98080.3
98078.7
98077
98075.2
98073.4
98071.6
98069.7
98067.8
98065.8
98063.8
98061.7
98059.5
98057.4
98055.1
98052.8
98050.5
98048.2
98045.7
98043.3
98040.8
98038.3
98035.7
98033
98030.3
98027.6
98024.9
98022.2
98019.4
98016.7
98014
98011.4
98008.8
98006.3
98003.9
98001.6
97999.4
97997.4
97995.6
97993.9
97992.5
97991.2
97990.3
97989.6
97989.2
97989
97989.2
97989.7
97990.4
97991.5
97992.9
97994.7
97996.7
97999
98001.6
98004.6
98007.7
98011.2
98014.8
98018.6
98022.6
98026.7
98030.9
98035.1
98039.3
98043.5
98047.7
98051.8
98055.7
98059.5
98063.2
98066.6
98069.8
98072.8
98075.5
98077.9
98080.1
98081.9
98083.5
98084.8
98085.8
98086.4
98086.8
98086.9
98086.7
98086.3
98085.8
98085
98084
98082.8
98081.4
98079.9
98078.2
98076.3
98074.3
98072.2
98069.9
98067.4
98064.6
98061.7
98058.4
98054.9
98051
98046.7
98042
98036.9
98031.2
98025.1
98018.4
98011.2
98003.5
97995.3
97986.7
97977.7
97968.5
97959.1
97949.6
97940.2
97931
97922.3
97914.1
97906.7
97900.4
97895.2
97891.4
97889
97888.2
97889
97891.5
97895.7
97901.5
97909
97918.2
97928.9
97941
97954
97968.3
97983.4
97999.3
98015.9
98032.5
98048.9
98065.1
98080
98093.9
98106.6
98117.9
98127.4
98134.6
98139.3
98142.1
98142.4
98141
98137.7
98133
98125.8
98117.2
98105.8
98093.8
98079.1
98064.7
98047.1
98031.6
98012.4
97996.4
98085
98085.2
98085.3
98085.3
98085.1
98084.9
98084.6
98084.2
98083.7
98083
98082.3
98081.5
98080.6
98079.6
98078.5
98077.4
98076.3
98075.1
98073.8
98072.4
98071
98069.5
98068
98066.4
98064.7
98062.9
98061
98059
98057
98054.9
98052.7
98050.5
98048.2
98045.8
98043.4
98040.9
98038.3
98035.7
98033
98030.3
98027.5
98024.7
98021.9
98019.1
98016.2
98013.4
98010.7
98008
98005.3
98002.8
98000.4
97998
97995.9
97993.9
97992
97990.4
97989.1
97987.9
97987
97986.4
97986
97985.9
97986.1
97986.6
97987.4
97988.4
97989.8
97991.4
97993.4
97995.5
97998
98000.6
98003.5
98006.6
98009.8
98013.1
98016.5
98020
98023.5
98026.9
98030.4
98033.7
98037
98040
98043
98045.7
98048.2
98050.4
98052.4
98054.1
98055.5
98056.7
98057.6
98058.1
98058.4
98058.3
98058
98057.4
98056.5
98055.4
98054
98052.5
98050.7
98048.8
98046.7
98044.5
98042.1
98039.6
98036.8
98034
98031
98027.8
98024.5
98020.9
98017.1
98013
98008.6
98003.9
97998.8
97993.3
97987.3
97980.9
97973.9
97966.5
97958.5
97950
97941
97931.5
97921.6
97911.4
97901
97890.4
97879.7
97869.2
97859
97849.2
97840.2
97832.1
97825
97819.2
97814.8
97811.8
97810.4
97810.7
97812.6
97816
97821
97827.6
97835.6
97844.8
97855.2
97866.7
97878.8
97891.7
97904.9
97918.2
97931.2
97943.8
97955
97965.2
97974.1
97981.7
97987.6
97991.5
97993.3
97993.6
97991.4
97988.1
97983.6
97978.4
97971.7
97964.4
97955.1
97945.8
97934.4
97924.1
97910.9
97900.6
97886.6
97876.8
98079
98079.2
98079.4
98079.5
98079.5
98079.5
98079.4
98079.2
98079
98078.7
98078.4
98078
98077.6
98077.1
98076.5
98075.8
98075.1
98074.4
98073.5
98072.6
98071.5
98070.4
98069.2
98067.8
98066.4
98064.8
98063.1
98061.3
98059.4
98057.3
98055.2
98053
98050.7
98048.3
98045.8
98043.2
98040.6
98037.9
98035.1
98032.2
98029.3
98026.3
98023.4
98020.4
98017.4
98014.5
98011.5
98008.7
98005.9
98003.2
98000.6
97998.1
97995.7
97993.6
97991.6
97989.9
97988.3
97987
97985.9
97985.1
97984.6
97984.3
97984.3
97984.5
97985
97985.8
97986.9
97988.2
97989.8
97991.6
97993.7
97995.9
97998.3
98000.9
98003.6
98006.4
98009.2
98012.1
98015
98017.8
98020.5
98023.2
98025.6
98028
98030.1
98032
98033.6
98035
98036.1
98036.9
98037.4
98037.6
98037.6
98037.2
98036.5
98035.5
98034.3
98032.7
98030.8
98028.8
98026.5
98024
98021.3
98018.5
98015.5
98012.4
98009.1
98005.7
98002.1
97998.4
97994.5
97990.5
97986.3
97981.8
97977.1
97972.2
97966.9
97961.3
97955.4
97949.1
97942.4
97935.1
97927.4
97919.1
97910.5
97901.3
97891.6
97881.3
97870.7
97859.7
97848.5
97836.9
97825.3
97813.7
97802.2
97791.2
97780.8
97771.3
97762.7
97755.3
97749.2
97744.5
97741.3
97739.6
97739.4
97740.8
97743.6
97747.9
97753.5
97760.3
97768.3
97777.3
97786.8
97796.7
97806.9
97816.9
97826.6
97835.7
97843.4
97849.9
97855
97858.9
97861.2
97861.7
97860.4
97858.1
97853.5
97848
97841.9
97835.7
97828.9
97822.3
97814.3
97807.1
97798.4
97791.5
97782.1
97776.3
97766.9
97762.6
98074.6
98074.9
98075.1
98075.3
98075.5
98075.6
98075.8
98076
98076.2
98076.4
98076.6
98076.8
98076.9
98076.9
98076.9
98076.8
98076.6
98076.2
98075.8
98075.2
98074.6
98073.8
98072.8
98071.7
98070.5
98069
98067.5
98065.8
98063.9
98061.9
98059.8
98057.6
98055.2
98052.7
98050.1
98047.4
98044.7
98041.8
98038.8
98035.8
98032.7
98029.6
98026.4
98023.2
98020.1
98016.9
98013.8
98010.7
98007.8
98004.9
98002.1
97999.5
97997
97994.7
97992.6
97990.7
97989
97987.6
97986.4
97985.4
97984.7
97984.3
97984.1
97984.1
97984.5
97985.1
97985.9
97987
97988.3
97989.9
97991.6
97993.5
97995.6
97997.8
98000
98002.4
98004.7
98007.1
98009.4
98011.7
98013.8
98015.8
98017.7
98019.3
98020.7
98021.9
98022.8
98023.4
98023.7
98023.7
98023.3
98022.7
98021.8
98020.6
98019
98017.1
98015
98012.5
98009.8
98006.8
98003.6
98000.2
97996.7
97993
97989.1
97985.1
97981
97976.7
97972.2
97967.6
97962.8
97957.9
97952.7
97947.4
97941.8
97936
97929.9
97923.5
97916.8
97909.7
97902.1
97894.1
97885.7
97876.9
97867.6
97857.7
97847.4
97836.6
97825.4
97813.8
97801.8
97789.6
97777.2
97764.7
97752.4
97740.4
97729
97718.4
97708.6
97699.8
97692.3
97686.2
97681.4
97678.1
97676.2
97675.8
97676.8
97679.2
97682.7
97687.4
97693.1
97699.9
97707
97714.2
97721.3
97728.2
97734.8
97740.5
97744.8
97747.9
97749.3
97749.4
97748
97745
97740.6
97735.4
97728.4
97720.7
97712.7
97705.3
97697.9
97691.5
97684.3
97678.7
97671.9
97667.8
97661.5
97659.7
97654.4
97655
98070.8
98071
98071.2
98071.4
98071.7
98072.2
98072.8
98073.6
98074.4
98075.3
98076.2
98077.1
98077.9
98078.6
98079.2
98079.6
98079.9
98080
98080
98079.8
98079.4
98078.9
98078.2
98077.3
98076.2
98074.9
98073.5
98071.8
98070
98068
98065.8
98063.5
98061.1
98058.5
98055.8
98053
98050
98047
98043.9
98040.6
98037.4
98034
98030.7
98027.3
98023.9
98020.6
98017.3
98014
98010.9
98007.8
98004.9
98002.2
97999.5
97997.1
97994.9
97992.9
97991.1
97989.5
97988.2
97987.1
97986.3
97985.8
97985.4
97985.4
97985.6
97986.1
97986.7
97987.7
97988.8
97990.1
97991.6
97993.3
97995.1
97996.9
97998.9
98000.8
98002.8
98004.7
98006.6
98008.4
98010
98011.4
98012.7
98013.7
98014.5
98015
98015.2
98015.1
98014.7
98014
98012.9
98011.5
98009.8
98007.8
98005.4
98002.7
97999.8
97996.5
97992.9
97989.1
97985.1
97980.9
97976.4
97971.9
97967.2
97962.3
97957.3
97952.1
97946.8
97941.3
97935.7
97929.9
97923.9
97917.6
97911.2
97904.5
97897.6
97890.4
97882.9
97875.1
97866.8
97858.2
97849.1
97839.7
97829.8
97819.5
97808.7
97797.4
97785.8
97773.7
97761.2
97748.4
97735.4
97722.3
97709.4
97696.8
97684.6
97673.1
97662.2
97652.4
97643.8
97636.4
97630.2
97625.6
97622.3
97620.4
97619.9
97620.6
97622.3
97625
97628.8
97633.4
97638.4
97643
97647.3
97651.2
97654.7
97657.3
97658.5
97658.2
97655.9
97652.3
97647.2
97640.9
97633.2
97625
97615.6
97605.8
97595.9
97587.2
97578.9
97572.2
97565.4
97560.8
97555.5
97553.6
97549.8
97551.5
97549.7
97554.7
98066
98066
98066
98066.3
98067.1
98068.4
98069.8
98071.5
98073.3
98075.2
98076.9
98078.6
98080.1
98081.5
98082.7
98083.7
98084.5
98085
98085.4
98085.5
98085.4
98085.1
98084.6
98083.9
98082.9
98081.7
98080.3
98078.7
98076.9
98074.9
98072.7
98070.3
98067.8
98065.1
98062.2
98059.3
98056.2
98053
98049.6
98046.2
98042.8
98039.3
98035.7
98032.2
98028.6
98025.1
98021.6
98018.2
98014.9
98011.8
98008.7
98005.8
98003.1
98000.6
97998.2
97996.1
97994.3
97992.6
97991.2
97990.1
97989.2
97988.6
97988.2
97988
97988.2
97988.5
97989.1
97989.9
97990.9
97992.1
97993.4
97994.9
97996.4
97998
97999.6
98001.3
98002.9
98004.4
98005.9
98007.2
98008.4
98009.3
98010.1
98010.6
98010.8
98010.7
98010.3
98009.6
98008.6
98007.2
98005.4
98003.3
98000.9
97998.1
97995
97991.5
97987.8
97983.8
97979.5
97974.9
97970.1
97965.1
97959.9
97954.5
97949
97943.3
97937.5
97931.5
97925.4
97919.1
97912.6
97906
97899.1
97892.1
97884.8
97877.4
97869.7
97861.8
97853.6
97845
97836.1
97826.9
97817.4
97807.4
97797.1
97786.3
97775.1
97763.5
97751.5
97739.1
97726.2
97713
97699.6
97686.1
97672.8
97659.8
97647.1
97634.8
97623.2
97612.6
97603
97594.5
97587.2
97581.4
97576.9
97573.7
97571.9
97571.1
97571.2
97572.4
97574.4
97577
97579.9
97582.2
97583.9
97585.1
97585.6
97585.2
97583.5
97579.9
97574.1
97566.9
97558.3
97548.6
97537.7
97526.4
97514.6
97502.7
97491.1
97480.9
97471.5
97464.3
97457.7
97453.8
97449.5
97449.3
97447.7
97452.3
97453.6
97462.3
98058.8
98058.7
98058.4
98059.3
98060.9
98063.7
98066.2
98069.4
98072.2
98075.1
98077.7
98080.2
98082.4
98084.4
98086.1
98087.5
98088.7
98089.6
98090.2
98090.5
98090.6
98090.5
98090.1
98089.5
98088.6
98087.5
98086.1
98084.5
98082.7
98080.7
98078.5
98076.1
98073.5
98070.7
98067.8
98064.7
98061.5
98058.2
98054.8
98051.3
98047.7
98044.1
98040.4
98036.7
98033.1
98029.5
98025.9
98022.4
98019
98015.8
98012.7
98009.7
98006.9
98004.3
98002
97999.8
97997.9
97996.2
97994.8
97993.6
97992.7
97992.1
97991.6
97991.5
97991.5
97991.8
97992.4
97993.1
97994
97995
97996.2
97997.5
97998.9
98000.3
98001.7
98003.1
98004.5
98005.7
98006.8
98007.8
98008.6
98009.2
98009.5
98009.5
98009.3
98008.7
98007.8
98006.6
98005
98003.1
98000.8
97998.1
97995
97991.7
97987.9
97983.9
97979.5
97974.9
97970
97964.7
97959.3
97953.6
97947.7
97941.7
97935.5
97929.1
97922.6
97915.9
97909.1
97902.1
97894.9
97887.6
97880
97872.3
97864.4
97856.3
97848
97839.4
97830.6
97821.5
97812.1
97802.5
97792.5
97782.2
97771.5
97760.4
97749
97737.2
97724.9
97712.2
97699
97685.5
97671.9
97658.2
97644.6
97631.3
97618.2
97605.5
97593.3
97582
97571.6
97562.2
97554
97547.3
97541.8
97537.6
97534.6
97532.5
97531.4
97531
97531.5
97532.2
97533.2
97533.4
97532.9
97531.4
97529.2
97526
97521.4
97514.6
97505.3
97494.7
97482.7
97469.7
97455.6
97441.3
97427
97413.1
97399.3
97387.6
97376.9
97369
97362.2
97358.7
97354.9
97355.8
97355.8
97362.8
97366.5
97378.3
98049
98048.5
98048.4
98050.9
98054.2
98058.8
98063
98067.5
98071.4
98075.2
98078.6
98081.7
98084.4
98086.8
98088.8
98090.5
98091.9
98093
98093.8
98094.3
98094.5
98094.5
98094.2
98093.6
98092.8
98091.7
98090.4
98088.8
98087.1
98085
98082.8
98080.4
98077.8
98075
98072
98068.9
98065.7
98062.3
98058.8
98055.2
98051.6
98047.9
98044.2
98040.5
98036.8
98033.1
98029.5
98026
98022.6
98019.3
98016.2
98013.2
98010.4
98007.8
98005.4
98003.3
98001.3
97999.7
97998.3
97997.1
97996.2
97995.5
97995.1
97994.9
97995
97995.2
97995.7
97996.4
97997.2
97998.2
97999.3
98000.5
98001.7
98003
98004.2
98005.4
98006.5
98007.5
98008.4
98009.1
98009.6
98009.8
98009.8
98009.5
98008.9
98008
98006.7
98005
98003
98000.6
97997.9
97994.7
97991.2
97987.4
97983.1
97978.6
97973.7
97968.6
97963.2
97957.4
97951.5
97945.3
97938.9
97932.3
97925.5
97918.6
97911.5
97904.3
97896.9
97889.3
97881.6
97873.7
97865.7
97857.4
97849
97840.4
97831.5
97822.5
97813.2
97803.7
97793.9
97783.9
97773.6
97763
97752.1
97740.9
97729.2
97717.2
97704.7
97691.7
97678.4
97664.9
97651.1
97637.3
97623.5
97609.9
97596.4
97583.3
97570.8
97558.9
97547.8
97537.8
97528.9
97521.4
97515.1
97510
97505.9
97502.8
97500.4
97498.7
97497.7
97496.8
97495.9
97494.2
97491.7
97488
97483.3
97477.5
97470
97460.1
97447.7
97433.8
97418.6
97402.5
97385.3
97368.3
97351.4
97335.4
97319.6
97306.4
97294.4
97285.7
97278.5
97275.1
97271.6
97273.4
97274.5
97283.5
97289.1
97303.6
98030.4
98031.6
98032.2
98038.3
98044.9
98052.7
98059.2
98065.5
98070.7
98075.4
98079.5
98083.1
98086.3
98089
98091.3
98093.2
98094.8
98096
98096.9
98097.5
98097.9
98097.9
98097.7
98097.2
98096.4
98095.4
98094.1
98092.5
98090.8
98088.7
98086.5
98084.1
98081.5
98078.7
98075.7
98072.6
98069.3
98065.9
98062.4
98058.8
98055.2
98051.5
98047.7
98044
98040.3
98036.6
98033
98029.5
98026.1
98022.8
98019.6
98016.7
98013.9
98011.3
98009
98006.8
98004.9
98003.3
98001.9
98000.7
97999.8
97999.2
97998.7
97998.6
97998.6
97998.9
97999.3
98000
98000.8
98001.7
98002.7
98003.8
98004.9
98006
98007.1
98008.1
98009
98009.8
98010.4
98010.8
98011.1
98011
98010.7
98010.1
98009.1
98007.8
98006.2
98004.2
98001.8
97999
97995.8
97992.3
97988.4
97984.1
97979.4
97974.5
97969.1
97963.6
97957.7
97951.6
97945.2
97938.6
97931.8
97924.7
97917.5
97910.1
97902.6
97894.9
97887
97879
97870.8
97862.5
97854
97845.4
97836.5
97827.5
97818.3
97808.8
97799.2
97789.4
97779.3
97769.1
97758.5
97747.7
97736.7
97725.3
97713.6
97701.4
97688.8
97675.7
97662.4
97648.8
97635
97621.1
97607.2
97593.3
97579.5
97566.1
97553.2
97540.9
97529.3
97518.7
97509.3
97501.1
97494.2
97488.2
97483.1
97479.1
97475.6
97472.8
97470.3
97467.9
97465.3
97461.9
97457.6
97451.9
97445
97436.6
97426.5
97413.7
97398.4
97381.6
97363.3
97344.3
97324.4
97304.9
97285.6
97267.8
97250.1
97235.6
97222.5
97213
97205.4
97202.2
97199.1
97201.7
97203.8
97214.6
97221.8
97238.6
98001.8
98001.3
98007.9
98021.3
98034.2
98046.5
98055.7
98063.9
98070.2
98075.8
98080.5
98084.5
98087.9
98090.9
98093.4
98095.5
98097.1
98098.5
98099.5
98100.2
98100.6
98100.7
98100.5
98100
98099.3
98098.3
98097
98095.5
98093.7
98091.7
98089.5
98087.1
98084.5
98081.8
98078.8
98075.7
98072.4
98069
98065.5
98061.9
98058.3
98054.6
98050.9
98047.2
98043.5
98039.8
98036.2
98032.8
98029.4
98026.1
98023
98020.1
98017.4
98014.8
98012.5
98010.4
98008.5
98006.9
98005.5
98004.4
98003.6
98002.9
98002.5
98002.4
98002.4
98002.7
98003.1
98003.7
98004.4
98005.3
98006.2
98007.2
98008.2
98009.1
98010.1
98010.9
98011.6
98012.2
98012.6
98012.8
98012.7
98012.4
98011.8
98010.9
98009.6
98008
98006
98003.6
98000.9
97997.8
97994.2
97990.3
97986
97981.4
97976.4
97971
97965.4
97959.4
97953.2
97946.7
97940
97933
97925.8
97918.5
97910.9
97903.2
97895.2
97887.2
97879
97870.6
97862.1
97853.4
97844.6
97835.7
97826.6
97817.2
97807.7
97798.1
97788.2
97778.2
97768
97757.6
97747
97736
97724.9
97713.5
97701.7
97689.5
97676.8
97663.8
97650.5
97637
97623.2
97609.2
97595.1
97581
97567.1
97553.4
97540.2
97527.5
97515.5
97504.5
97494.8
97486.1
97478.5
97471.7
97465.7
97460.8
97456.4
97452.5
97448.7
97444.9
97440.9
97436
97430
97422.6
97413.6
97402.8
97390.1
97374.6
97356.8
97337.5
97316.3
97294.6
97272.4
97250.6
97229.2
97209.6
97190.5
97174.9
97160.8
97150.7
97142.7
97139.8
97137.1
97140.8
97143.8
97156.1
97164.6
97183.5
97940.5
97953.2
97968.5
97999.2
98022.5
98040.7
98052.7
98062.5
98069.8
98076.1
98081.2
98085.6
98089.2
98092.4
98095
98097.1
98098.9
98100.3
98101.4
98102.1
98102.6
98102.7
98102.6
98102.1
98101.4
98100.5
98099.2
98097.7
98096
98094.1
98091.9
98089.5
98087
98084.2
98081.3
98078.2
98075
98071.6
98068.2
98064.6
98061
98057.4
98053.7
98050.1
98046.4
98042.8
98039.3
98035.8
98032.5
98029.3
98026.3
98023.4
98020.7
98018.2
98016
98013.9
98012.1
98010.5
98009.2
98008.1
98007.3
98006.7
98006.3
98006.2
98006.2
98006.5
98006.9
98007.5
98008.1
98008.9
98009.7
98010.6
98011.4
98012.3
98013
98013.7
98014.2
98014.6
98014.7
98014.7
98014.4
98013.8
98012.9
98011.7
98010.2
98008.2
98005.9
98003.2
98000.2
97996.7
97992.8
97988.6
97984
97979
97973.7
97968
97962
97955.7
97949.2
97942.4
97935.4
97928.2
97920.7
97913.1
97905.3
97897.3
97889.1
97880.8
97872.3
97863.8
97855
97846.1
97837.1
97828
97818.7
97809.2
97799.5
97789.7
97779.8
97769.6
97759.4
97749
97738.3
97727.4
97716.3
97704.9
97693.1
97680.9
97668.3
97655.4
97642.2
97628.8
97615
97601
97586.9
97572.6
97558.5
97544.7
97531.2
97518.2
97505.8
97494.6
97484.5
97475.4
97467.2
97459.6
97452.8
97447.1
97441.9
97436.9
97431.9
97426.9
97421.6
97415.3
97407.8
97398.8
97387.9
97374.8
97359.7
97341.9
97321.9
97300.2
97276.7
97252.6
97228.4
97204.6
97181.4
97160.3
97140.2
97123.7
97108.9
97098.3
97090.1
97087.4
97085.3
97090.2
97094.3
97108
97117.6
97138.4
97866.5
97878.5
97923.7
97975.6
98012.7
98036.9
98051.1
98061.8
98069.7
98076.5
98081.8
98086.4
98090.2
98093.4
98096.1
98098.4
98100.2
98101.6
98102.7
98103.5
98104
98104.2
98104
98103.6
98103
98102
98100.8
98099.4
98097.7
98095.8
98093.7
98091.4
98088.8
98086.1
98083.3
98080.2
98077.1
98073.8
98070.4
98066.9
98063.4
98059.8
98056.2
98052.6
98049
98045.5
98042.1
98038.7
98035.4
98032.3
98029.3
98026.6
98023.9
98021.5
98019.3
98017.4
98015.6
98014.1
98012.8
98011.8
98011
98010.5
98010.1
98010
98010
98010.3
98010.6
98011.2
98011.8
98012.4
98013.2
98013.9
98014.6
98015.3
98015.9
98016.4
98016.7
98016.9
98016.8
98016.5
98016
98015.1
98014
98012.5
98010.7
98008.4
98005.8
98002.8
97999.4
97995.7
97991.5
97986.9
97982
97976.8
97971.1
97965.2
97958.9
97952.4
97945.6
97938.5
97931.3
97923.8
97916.2
97908.3
97900.3
97892.2
97883.9
97875.4
97866.8
97858.1
97849.2
97840.2
97831.1
97821.9
97812.5
97803
97793.3
97783.5
97773.5
97763.4
97753.2
97742.9
97732.3
97721.5
97710.5
97699.1
97687.3
97675.3
97662.9
97650.2
97637.1
97623.7
97610
97596
97581.8
97567.6
97553.3
97539.3
97525.5
97512.3
97499.7
97488.2
97477.8
97468.1
97459.3
97451.1
97443.6
97437.1
97431.1
97425.2
97419.1
97412.9
97406.4
97398.9
97390
97379.6
97366.9
97351.8
97334.5
97314.6
97292.7
97269
97243.5
97217.5
97191.5
97166.1
97141.5
97119.4
97098.6
97081.5
97066.2
97055.5
97047.3
97045.1
97043.8
97050
97055.2
97070.4
97081.1
97103.5
97757.3
97818.9
97898.4
97963
98006.5
98034
98050.1
98061.3
98069.5
98076.5
98082.1
98086.9
98090.8
98094.1
98096.8
98099.1
98100.9
98102.4
98103.5
98104.3
98104.8
98105
98104.9
98104.6
98103.9
98103
98101.9
98100.5
98098.9
98097
98095
98092.7
98090.2
98087.6
98084.8
98081.8
98078.7
98075.5
98072.2
98068.9
98065.4
98061.9
98058.4
98054.9
98051.4
98048
98044.6
98041.3
98038.2
98035.1
98032.3
98029.6
98027
98024.7
98022.6
98020.7
98019
98017.6
98016.4
98015.4
98014.7
98014.1
98013.8
98013.7
98013.7
98014
98014.3
98014.8
98015.3
98015.9
98016.5
98017.1
98017.7
98018.3
98018.7
98019
98019.1
98019.1
98018.8
98018.2
98017.4
98016.3
98014.9
98013.1
98011
98008.5
98005.6
98002.3
97998.6
97994.6
97990.1
97985.3
97980.1
97974.5
97968.6
97962.5
97956
97949.2
97942.2
97934.9
97927.5
97919.8
97912.1
97904.1
97895.9
97887.7
97879.3
97870.8
97862.2
97853.4
97844.6
97835.6
97826.5
97817.3
97807.9
97798.4
97788.8
97779.1
97769.2
97759.2
97749.1
97738.9
97728.5
97717.9
97707.1
97695.9
97684.3
97672.4
97660.2
97647.7
97634.7
97621.4
97607.7
97593.8
97579.7
97565.4
97551.1
97536.9
97522.9
97509.4
97496.6
97484.9
97474.1
97464
97454.6
97445.7
97437.6
97430.3
97423.5
97416.7
97409.5
97402.2
97394.5
97385.9
97375.8
97364
97349.7
97332.8
97313.7
97292.1
97268.6
97243.2
97216.1
97188.5
97161.1
97134.6
97109
97086.3
97065.2
97047.8
97032.5
97022
97014.2
97012.7
97012.5
97020
97026.4
97043.2
97055.1
97079
97622.4
97804.3
97911
97972.2
98008
98033.1
98049.9
98061.3
98069.6
98076.6
98082.4
98087.2
98091.1
98094.4
98097.1
98099.4
98101.3
98102.8
98103.9
98104.7
98105.2
98105.4
98105.4
98105
98104.4
98103.6
98102.5
98101.1
98099.6
98097.8
98095.8
98093.6
98091.2
98088.7
98085.9
98083.1
98080.1
98077
98073.8
98070.5
98067.1
98063.7
98060.3
98056.9
98053.6
98050.2
98047
98043.8
98040.7
98037.8
98035
98032.4
98030
98027.8
98025.8
98024
98022.4
98021
98019.9
98018.9
98018.2
98017.7
98017.4
98017.3
98017.4
98017.5
98017.8
98018.2
98018.7
98019.2
98019.7
98020.2
98020.7
98021.1
98021.3
98021.4
98021.4
98021.1
98020.6
98019.8
98018.7
98017.3
98015.6
98013.6
98011.2
98008.4
98005.2
98001.6
97997.7
97993.3
97988.6
97983.5
97978
97972.2
97966.1
97959.7
97953
97946.1
97938.9
97931.5
97923.9
97916.1
97908.2
97900.2
97892
97883.7
97875.4
97866.9
97858.3
97849.6
97840.8
97831.9
97822.9
97813.8
97804.6
97795.2
97785.8
97776.3
97766.6
97756.8
97747
97737
97726.8
97716.5
97705.9
97694.9
97683.6
97671.9
97660
97647.6
97634.9
97621.6
97608
97594.1
97580
97565.7
97551.4
97537
97522.9
97509.2
97496.3
97484.2
97473
97462.4
97452.5
97443
97434.3
97426.2
97418.6
97410.9
97402.8
97394.4
97385.6
97375.9
97364.6
97351.5
97335.8
97317.5
97296.8
97273.9
97249
97222.4
97193.9
97165.2
97136.9
97109.6
97083.5
97060.4
97039.4
97022.2
97007.2
96997.4
96990.4
96990
96991
97000.1
97008
97026.4
97039.7
97065.1
97507.4
97820.8
97937.7
97984.3
98010.2
98032
98049.4
98061.1
98069.5
98076.5
98082.3
98087.1
98091.1
98094.4
98097.1
98099.4
98101.2
98102.7
98103.9
98104.7
98105.2
98105.4
98105.4
98105.1
98104.5
98103.7
98102.7
98101.4
98099.9
98098.2
98096.3
98094.2
98091.9
98089.4
98086.8
98084
98081.1
98078.1
98075
98071.8
98068.6
98065.3
98062
98058.7
98055.5
98052.3
98049.1
98046.1
98043.1
98040.3
98037.7
98035.2
98032.9
98030.7
98028.8
98027.1
98025.6
98024.3
98023.2
98022.3
98021.7
98021.2
98020.9
98020.8
98020.8
98021
98021.3
98021.6
98022
98022.4
98022.8
98023.2
98023.5
98023.7
98023.8
98023.7
98023.4
98022.9
98022.1
98021.1
98019.8
98018.2
98016.2
98013.9
98011.2
98008.1
98004.6
98000.8
97996.5
97991.9
97986.9
97981.5
97975.8
97969.8
97963.5
97956.9
97950
97942.9
97935.6
97928.1
97920.4
97912.6
97904.6
97896.5
97888.3
97880.1
97871.8
97863.4
97854.9
97846.4
97837.8
97829.1
97820.3
97811.4
97802.3
97793.2
97784.1
97774.9
97765.5
97756
97746.5
97736.8
97727
97717
97706.7
97696
97685
97673.7
97662
97649.9
97637.3
97624.2
97610.6
97596.8
97582.8
97568.5
97554.2
97539.8
97525.5
97511.7
97498.6
97486.3
97474.6
97463.5
97453.1
97443.1
97433.9
97425
97416.6
97407.9
97398.9
97389.5
97379.5
97368.8
97356.5
97342.1
97325.2
97305.8
97283.9
97260
97234
97206.4
97177.1
97147.6
97118.7
97091.1
97064.8
97041.8
97021.2
97004.7
96990.6
96981.9
96976
96976.9
96979.5
96990.3
96999.9
97020.3
97035
97062.1
97678.2
97877.7
97956.8
97993.9
98012.4
98032.3
98049.6
98061.4
98069.7
98076.5
98082.1
98086.9
98090.8
98094.1
98096.8
98099.1
98100.9
98102.4
98103.5
98104.4
98104.9
98105.1
98105.1
98104.9
98104.3
98103.6
98102.6
98101.4
98099.9
98098.3
98096.5
98094.4
98092.2
98089.8
98087.3
98084.7
98081.9
98079
98076
98072.9
98069.8
98066.6
98063.5
98060.3
98057.2
98054.1
98051.1
98048.1
98045.3
98042.6
98040.1
98037.7
98035.5
98033.5
98031.6
98030
98028.6
98027.3
98026.3
98025.5
98024.9
98024.5
98024.2
98024.1
98024.1
98024.2
98024.4
98024.7
98025
98025.3
98025.6
98025.9
98026
98026.1
98026
98025.7
98025.2
98024.5
98023.5
98022.3
98020.7
98018.8
98016.6
98014
98011
98007.7
98003.9
97999.8
97995.3
97990.4
97985.2
97979.6
97973.6
97967.4
97960.9
97954.1
97947.1
97939.9
97932.4
97924.8
97917.1
97909.3
97901.3
97893.2
97885.1
97877
97868.8
97860.5
97852.2
97843.9
97835.5
97827
97818.5
97809.9
97801.2
97792.4
97783.7
97774.8
97765.8
97756.7
97747.6
97738.3
97728.8
97719.3
97709.3
97699
97688.4
97677.4
97666
97654.2
97641.9
97628.9
97615.4
97601.7
97587.8
97573.7
97559.3
97544.9
97530.6
97516.7
97503.5
97490.9
97478.8
97467.2
97456.3
97445.8
97436.1
97426.5
97417.3
97407.7
97397.8
97387.5
97376.4
97364.7
97351.3
97335.9
97318.1
97297.7
97275
97250.3
97223.6
97195.4
97165.6
97135.9
97106.8
97079.2
97053.1
97030.5
97010.7
96995.2
96982.5
96975.4
96971.1
96973.7
96978.1
96990.9
97002.5
97024.8
97041.1
97070
97830.7
97923
97952.9
97999.3
98016.2
98033.3
98049.4
98061.2
98069.6
98076.2
98081.8
98086.5
98090.4
98093.6
98096.3
98098.6
98100.4
98101.8
98103
98103.8
98104.4
98104.6
98104.6
98104.4
98103.9
98103.2
98102.3
98101.1
98099.8
98098.2
98096.5
98094.5
98092.4
98090.1
98087.7
98085.1
98082.5
98079.7
98076.8
98073.9
98070.9
98067.8
98064.8
98061.7
98058.7
98055.8
98052.9
98050.1
98047.4
98044.8
98042.4
98040.1
98038
98036.1
98034.4
98032.8
98031.5
98030.4
98029.4
98028.7
98028.1
98027.7
98027.4
98027.3
98027.3
98027.4
98027.5
98027.8
98028
98028.2
98028.4
98028.5
98028.5
98028.4
98028.1
98027.6
98026.9
98026
98024.8
98023.3
98021.5
98019.3
98016.8
98014
98010.7
98007.1
98003.1
97998.7
97994
97988.8
97983.4
97977.5
97971.4
97965
97958.3
97951.3
97944.2
97936.9
97929.4
97921.7
97914
97906.1
97898.2
97890.2
97882.2
97874.2
97866.2
97858.1
97850
97842
97833.8
97825.7
97817.5
97809.3
97801
97792.7
97784.3
97775.8
97767.3
97758.7
97750.1
97741.2
97732.3
97723.1
97713.6
97703.8
97693.6
97682.9
97671.9
97660.4
97648.3
97635.5
97622.2
97608.7
97594.9
97580.8
97566.5
97552.1
97537.8
97523.9
97510.5
97497.6
97485
97473
97461.6
97450.7
97440.4
97430.1
97420
97409.6
97398.9
97387.7
97375.6
97362.8
97348.5
97332.2
97313.6
97292.5
97269.1
97244
97217
97188.5
97158.6
97129.1
97100.1
97073
97047.6
97025.9
97007.3
96993.4
96982.5
96977.3
96975.1
96979.9
96986.4
97001.4
97015.2
97039.6
97057.8
97088.5
97900.5
97930.4
97953.9
98003
98020.6
98036.5
98050.8
98061.7
98069.7
98076.1
98081.5
98086
98089.8
98093
98095.6
98097.8
98099.6
98101
98102.2
98103
98103.6
98103.9
98103.9
98103.7
98103.3
98102.6
98101.8
98100.7
98099.4
98097.9
98096.3
98094.4
98092.4
98090.2
98087.9
98085.5
98083
98080.3
98077.6
98074.8
98071.9
98069
98066.1
98063.3
98060.4
98057.6
98054.8
98052.2
98049.6
98047.2
98044.9
98042.8
98040.8
98039
98037.4
98036
98034.7
98033.7
98032.8
98032.1
98031.5
98031.2
98030.9
98030.8
98030.7
98030.8
98030.9
98031
98031.2
98031.3
98031.3
98031.3
98031.1
98030.8
98030.3
98029.6
98028.7
98027.5
98026.1
98024.3
98022.2
98019.8
98017
98013.8
98010.3
98006.4
98002.1
97997.4
97992.4
97987
97981.3
97975.2
97968.9
97962.3
97955.4
97948.4
97941.1
97933.7
97926.1
97918.5
97910.8
97903
97895.2
97887.3
97879.5
97871.7
97863.9
97856.1
97848.3
97840.6
97832.8
97825.1
97817.4
97809.6
97801.8
97794
97786.2
97778.3
97770.3
97762.3
97754.2
97745.9
97737.5
97728.9
97719.9
97710.6
97700.9
97690.7
97680.1
97668.8
97657
97644.4
97631.5
97618.1
97604.4
97590.4
97576.1
97561.8
97547.5
97533.6
97520
97506.8
97493.8
97481.3
97469.4
97458
97447.1
97436.1
97425.2
97413.9
97402.4
97390.3
97377.3
97363.5
97348.4
97331.3
97312.1
97290.5
97266.6
97241.4
97214.3
97185.9
97156.4
97127.5
97099
97072.8
97048.5
97028.2
97011.3
96999.4
96990.6
96987.9
96988.2
96995.5
97004.5
97022.1
97038.3
97064.7
97085
97117.6
97921
97936.9
97987.2
98013.4
98026.8
98040.7
98052.6
98062.2
98069.5
98075.6
98080.8
98085.1
98088.8
98091.9
98094.4
98096.6
98098.3
98099.8
98100.9
98101.8
98102.3
98102.7
98102.8
98102.6
98102.3
98101.7
98100.9
98099.9
98098.7
98097.4
98095.8
98094.1
98092.2
98090.2
98088
98085.7
98083.3
98080.9
98078.3
98075.6
98073
98070.3
98067.5
98064.8
98062.1
98059.5
98056.9
98054.5
98052.1
98049.8
98047.7
98045.7
98043.9
98042.2
98040.7
98039.4
98038.2
98037.3
98036.4
98035.8
98035.3
98034.9
98034.7
98034.5
98034.5
98034.5
98034.5
98034.5
98034.5
98034.5
98034.4
98034.2
98033.8
98033.3
98032.6
98031.7
98030.5
98029
98027.3
98025.2
98022.8
98020.1
98017
98013.5
98009.7
98005.4
98000.9
97995.9
97990.6
97984.9
97979
97972.7
97966.1
97959.3
97952.3
97945.1
97937.8
97930.3
97922.7
97915.1
97907.5
97899.8
97892.1
97884.5
97876.9
97869.4
97861.9
97854.4
97847
97839.7
97832.5
97825.3
97818.1
97810.9
97803.7
97796.6
97789.4
97782.1
97774.9
97767.5
97760.1
97752.5
97744.8
97736.8
97728.4
97719.6
97710.5
97700.8
97690.6
97679.7
97668.2
97656
97643.3
97630.2
97616.6
97602.7
97588.6
97574.4
97560.2
97546.1
97532.5
97518.9
97505.5
97492.6
97480.1
97468.2
97456.6
97445
97433.2
97421.2
97408.9
97396
97382.1
97367.4
97351.5
97333.8
97314.1
97292.2
97268.2
97243
97216.2
97188.2
97159.5
97131.4
97104
97079
97056.4
97037.9
97023
97013.5
97007.3
97007.3
97010.5
97020.7
97032.6
97052.8
97071.5
97100.1
97122.8
97157.1
97947.4
97929.1
97979.3
98003.3
98026.7
98041.7
98053.1
98061.9
98068.8
98074.6
98079.5
98083.7
98087.3
98090.2
98092.7
98094.9
98096.6
98098.1
98099.2
98100.1
98100.7
98101.1
98101.2
98101.1
98100.9
98100.4
98099.7
98098.8
98097.7
98096.5
98095.1
98093.5
98091.8
98089.9
98087.9
98085.8
98083.6
98081.3
98078.9
98076.5
98074
98071.5
98069
98066.5
98064
98061.6
98059.2
98056.9
98054.7
98052.6
98050.7
98048.9
98047.2
98045.7
98044.3
98043.1
98042.1
98041.2
98040.4
98039.8
98039.4
98039
98038.8
98038.6
98038.5
98038.4
98038.3
98038.2
98038.1
98037.9
98037.6
98037.2
98036.7
98035.9
98034.9
98033.7
98032.3
98030.5
98028.5
98026.1
98023.4
98020.3
98016.8
98013
98008.8
98004.3
97999.4
97994.1
97988.5
97982.6
97976.3
97969.8
97963.1
97956.1
97949
97941.7
97934.3
97926.7
97919.2
97911.6
97904.1
97896.6
97889.1
97881.8
97874.5
97867.3
97860.2
97853.2
97846.3
97839.6
97832.9
97826.3
97819.7
97813.2
97806.8
97800.4
97794
97787.5
97781
97774.5
97767.9
97761.1
97754.1
97746.8
97739.1
97731
97722.4
97713.3
97703.6
97693.1
97682
97670.2
97657.9
97645.1
97631.7
97617.9
97603.9
97589.9
97575.7
97561.7
97547.9
97534
97520.3
97506.9
97494
97481.5
97469.2
97456.9
97444.3
97431.6
97418.6
97404.9
97390.3
97374.8
97358.2
97340.1
97320.1
97298
97274.1
97249.3
97223
97195.8
97168.2
97141.4
97115.4
97092.2
97071.7
97055.5
97043.1
97036.4
97033
97036.2
97042.4
97055.9
97070.8
97093.8
97115.1
97146
97171
97207
97982.4
97951
97994.2
98014.6
98036.5
98048.1
98056.6
98063.4
98069
98073.9
98078.3
98082.1
98085.4
98088.2
98090.5
98092.6
98094.3
98095.7
98096.9
98097.8
98098.5
98098.9
98099.1
98099.2
98099
98098.6
98098
98097.3
98096.4
98095.3
98094
98092.6
98091.1
98089.4
98087.6
98085.7
98083.7
98081.7
98079.5
98077.3
98075
98072.8
98070.5
98068.2
98066
98063.8
98061.6
98059.6
98057.6
98055.7
98054
98052.3
98050.8
98049.5
98048.3
98047.2
98046.2
98045.4
98044.8
98044.2
98043.8
98043.4
98043.2
98043
98042.8
98042.6
98042.4
98042.2
98042
98041.6
98041.1
98040.5
98039.6
98038.6
98037.4
98035.9
98034.1
98032
98029.6
98026.9
98023.8
98020.4
98016.6
98012.4
98007.8
98002.9
97997.7
97992.1
97986.2
97979.9
97973.5
97966.7
97959.8
97952.7
97945.4
97938
97930.5
97923.1
97915.6
97908.1
97900.7
97893.5
97886.3
97879.3
97872.4
97865.7
97859.1
97852.6
97846.3
97840.2
97834.1
97828.3
97822.4
97816.8
97811.2
97805.7
97800.1
97794.6
97789
97783.4
97777.7
97771.8
97765.7
97759.2
97752.2
97744.8
97736.9
97728.4
97719.2
97709.3
97698.7
97687.3
97675.5
97663
97649.8
97636.2
97622.4
97608.5
97594.5
97580.5
97566.5
97552.4
97538.4
97524.6
97511.3
97498.3
97485.3
97472.3
97459
97445.6
97432
97417.7
97402.3
97386.2
97369.1
97350.7
97330.6
97308.6
97285.1
97260.8
97235.3
97209.3
97183.4
97158.3
97134.3
97113.3
97095.2
97081.9
97072.3
97068.7
97068.6
97075.1
97084.6
97101.5
97119.6
97145.5
97169.3
97202.6
97230
97267.3
98042.2
98010.7
98020.4
98029.8
98044.4
98052.6
98058.3
98063.2
98067.8
98072
98075.9
98079.4
98082.5
98085.1
98087.4
98089.4
98091.1
98092.6
98093.8
98094.8
98095.5
98096.1
98096.4
98096.6
98096.5
98096.3
98095.9
98095.3
98094.6
98093.7
98092.6
98091.4
98090.1
98088.7
98087.1
98085.5
98083.7
98081.9
98080
98078.1
98076.1
98074.1
98072.1
98070.1
98068.1
98066.2
98064.3
98062.5
98060.8
98059.1
98057.6
98056.2
98054.8
98053.7
98052.6
98051.7
98050.8
98050.1
98049.5
98049
98048.6
98048.3
98048
98047.7
98047.5
98047.2
98046.9
98046.5
98046.1
98045.5
98044.8
98043.9
98042.8
98041.5
98039.9
98038.1
98036
98033.5
98030.8
98027.7
98024.2
98020.4
98016.2
98011.6
98006.7
98001.4
97995.8
97989.8
97983.6
97977.1
97970.4
97963.4
97956.3
97949
97941.6
97934.2
97926.7
97919.3
97912
97904.7
97897.5
97890.5
97883.7
97877.1
97870.7
97864.5
97858.5
97852.7
97847.1
97841.7
97836.5
97831.5
97826.6
97821.8
97817.2
97812.7
97808.2
97803.7
97799.2
97794.6
97790
97785.1
97779.8
97774.2
97768.1
97761.5
97754.3
97746.6
97738
97728.7
97718.7
97707.9
97696.5
97684.4
97671.5
97658.3
97644.7
97630.9
97617
97603
97589
97574.7
97560.5
97546.4
97532.6
97519.1
97505.5
97491.8
97477.9
97463.9
97449.6
97434.7
97418.8
97402.1
97384.7
97366.2
97346.1
97324.4
97301.6
97277.9
97253.6
97229.1
97205
97182.2
97160.6
97142.2
97127.1
97117
97110.6
97110.3
97113.7
97123.9
97136.9
97157.2
97178.7
97207.4
97234
97269.5
97299.1
97337.7
98072.6
98049.8
98042.5
98042.8
98050.8
98056.3
98059.8
98063.2
98066.9
98070.5
98073.8
98076.8
98079.6
98082
98084.2
98086.1
98087.8
98089.3
98090.5
98091.5
98092.4
98093
98093.4
98093.7
98093.8
98093.7
98093.5
98093.1
98092.6
98091.9
98091
98090.1
98089
98087.8
98086.5
98085.1
98083.6
98082
98080.4
98078.7
98077
98075.3
98073.6
98071.8
98070.1
98068.5
98066.9
98065.3
98063.8
98062.4
98061.1
98059.9
98058.7
98057.7
98056.8
98056
98055.3
98054.7
98054.2
98053.7
98053.3
98053
98052.7
98052.3
98052
98051.6
98051.2
98050.7
98050.1
98049.3
98048.3
98047.2
98045.9
98044.3
98042.4
98040.3
98037.8
98035
98031.9
98028.4
98024.6
98020.4
98015.8
98010.9
98005.6
97999.9
97994
97987.7
97981.2
97974.4
97967.4
97960.3
97953
97945.6
97938.2
97930.7
97923.3
97916
97908.8
97901.7
97894.8
97888.2
97881.8
97875.7
97869.8
97864.2
97858.8
97853.7
97848.9
97844.4
97840.1
97835.9
97832.1
97828.4
97824.9
97821.4
97818
97814.7
97811.4
97808
97804.4
97800.6
97796.4
97791.8
97786.7
97780.9
97774.6
97767.7
97759.9
97751.4
97742.1
97732
97721.1
97709.4
97697.1
97684.2
97671
97657.5
97643.8
97630
97615.9
97601.6
97587.2
97572.9
97558.9
97544.9
97530.7
97516.4
97502
97487.5
97472.7
97457.2
97440.8
97423.9
97406.3
97387.8
97367.9
97346.9
97324.9
97302.2
97279.3
97256.6
97234.9
97214.8
97196.2
97181.1
97169.5
97163.1
97160.4
97164.1
97171.4
97185.9
97202.8
97227
97252.1
97284
97313.8
97351.7
97383.7
97423.5
98078.5
98067.7
98056.8
98051.9
98054.5
98057.7
98060.1
98062.5
98065.5
98068.5
98071.3
98073.9
98076.4
98078.6
98080.7
98082.5
98084.2
98085.7
98087
98088.1
98089
98089.7
98090.3
98090.7
98091
98091
98091
98090.8
98090.4
98089.9
98089.3
98088.6
98087.7
98086.8
98085.7
98084.6
98083.3
98082
98080.7
98079.3
98077.9
98076.4
98075
98073.5
98072.1
98070.7
98069.3
98068
98066.8
98065.6
98064.5
98063.5
98062.6
98061.7
98061
98060.3
98059.7
98059.2
98058.8
98058.4
98058
98057.6
98057.3
98056.9
98056.5
98056
98055.5
98054.8
98054
98053.1
98051.9
98050.5
98048.9
98047.1
98044.9
98042.5
98039.7
98036.6
98033.1
98029.3
98025.1
98020.5
98015.6
98010.3
98004.7
97998.7
97992.5
97985.9
97979.1
97972.1
97964.9
97957.5
97950.1
97942.6
97935.1
97927.7
97920.4
97913.2
97906.2
97899.4
97892.8
97886.6
97880.7
97875
97869.7
97864.8
97860.1
97855.9
97851.9
97848.3
97844.9
97841.9
97839.1
97836.5
97834.2
97831.9
97829.8
97827.7
97825.6
97823.5
97821.2
97818.6
97815.5
97812
97807.9
97803.3
97798
97792
97785.2
97777.6
97769.1
97759.7
97749.6
97738.5
97726.8
97714.6
97701.9
97688.8
97675.4
97661.9
97648
97633.8
97619.4
97605.1
97590.9
97576.6
97562.1
97547.4
97532.6
97517.8
97502.7
97486.9
97470.4
97453.4
97435.9
97417.6
97398.4
97378.2
97357.4
97336.2
97315
97294.7
97275.8
97258.9
97244
97232.8
97225.2
97223.1
97224.9
97233
97244.9
97263.9
97285.3
97313.5
97342.6
97378
97411.2
97451.6
97485.9
97526.8
98072.4
98068.3
98062.2
98057.2
98056.4
98057.7
98059.3
98061.1
98063.3
98065.7
98068
98070.2
98072.4
98074.5
98076.4
98078.2
98079.9
98081.3
98082.7
98083.8
98084.9
98085.7
98086.5
98087
98087.5
98087.8
98087.9
98087.9
98087.8
98087.6
98087.2
98086.8
98086.2
98085.5
98084.8
98083.9
98083
98082
98081
98079.9
98078.8
98077.7
98076.6
98075.5
98074.3
98073.2
98072.2
98071.2
98070.2
98069.3
98068.4
98067.7
98066.9
98066.3
98065.7
98065.2
98064.7
98064.3
98063.9
98063.6
98063.2
98062.9
98062.5
98062
98061.6
98061
98060.3
98059.5
98058.5
98057.3
98055.9
98054.3
98052.4
98050.2
98047.8
98045
98041.9
98038.4
98034.6
98030.4
98025.8
98020.9
98015.6
98010
98004
97997.8
97991.2
97984.4
97977.3
97970
97962.6
97955.1
97947.6
97940.1
97932.6
97925.2
97918
97911
97904.3
97897.8
97891.7
97886
97880.6
97875.6
97870.9
97866.7
97863
97859.6
97856.6
97854
97851.8
97849.9
97848.3
97847
97846
97845.1
97844.3
97843.6
97842.9
97842.2
97841.2
97839.9
97838.2
97835.9
97833.1
97829.6
97825.5
97820.6
97814.9
97808.3
97800.7
97792.3
97782.9
97772.7
97761.8
97750.4
97738.4
97725.9
97713
97699.9
97686.2
97672.2
97658
97643.9
97629.6
97615.1
97600.4
97585.6
97570.7
97555.7
97540.4
97524.5
97508.1
97491.4
97474
97456.2
97437.8
97418.8
97399.4
97380
97361
97343.4
97327.5
97314
97303
97296.1
97293
97295.3
97301.8
97314.6
97331.2
97354.6
97380.5
97412.7
97445.6
97484.5
97521
97563.4
97599.4
97641
98065.4
98063.3
98060.7
98057.5
98055.7
98055.8
98056.8
98058.1
98059.7
98061.5
98063.4
98065.3
98067.2
98069.1
98070.9
98072.7
98074.3
98075.8
98077.2
98078.5
98079.7
98080.7
98081.7
98082.5
98083.1
98083.7
98084.1
98084.4
98084.6
98084.7
98084.7
98084.5
98084.3
98084
98083.6
98083.1
98082.6
98082
98081.3
98080.6
98079.9
98079.1
98078.4
98077.6
98076.9
98076.1
98075.4
98074.7
98074.1
98073.5
98072.9
98072.4
98071.9
98071.4
98071
98070.7
98070.4
98070
98069.7
98069.4
98069.1
98068.7
98068.3
98067.8
98067.2
98066.5
98065.7
98064.7
98063.5
98062.1
98060.4
98058.6
98056.4
98053.9
98051.1
98048
98044.6
98040.7
98036.5
98032
98027.1
98021.8
98016.1
98010.2
98003.9
97997.3
97990.4
97983.3
97976
97968.6
97961.1
97953.4
97945.8
97938.3
97930.9
97923.7
97916.7
97910
97903.6
97897.5
97891.9
97886.7
97881.9
97877.7
97873.8
97870.5
97867.7
97865.4
97863.5
97862.1
97861.1
97860.5
97860.3
97860.4
97860.8
97861.3
97862
97862.9
97863.8
97864.5
97865.1
97865.2
97864.9
97864.1
97862.6
97860.6
97857.9
97854.3
97849.8
97844.4
97837.9
97830.5
97822.2
97813
97803.2
97792.7
97781.5
97769.8
97757.6
97745.1
97731.9
97718.2
97704.4
97690.6
97676.3
97661.9
97647.3
97632.6
97617.7
97602.7
97587.4
97571.7
97555.7
97539.4
97522.3
97505.2
97487.8
97470.2
97452.5
97435.3
97418.7
97404.1
97391.5
97381.5
97374.8
97372.4
97373.9
97380.8
97392.1
97409.6
97431.1
97458.9
97489
97525
97561.5
97603.6
97643
97686.7
97724
97765.4
98058
98056.2
98054.7
98053.1
98051.7
98051.3
98051.8
98052.8
98054.1
98055.5
98057.1
98058.8
98060.6
98062.4
98064.2
98065.9
98067.6
98069.3
98070.8
98072.2
98073.6
98074.9
98076
98077.1
98078
98078.9
98079.6
98080.3
98080.8
98081.3
98081.6
98081.9
98082.1
98082.2
98082.2
98082.1
98082
98081.8
98081.6
98081.4
98081.1
98080.8
98080.5
98080.1
98079.8
98079.4
98079.1
98078.8
98078.5
98078.2
98077.9
98077.7
98077.5
98077.3
98077.1
98076.9
98076.7
98076.5
98076.3
98076
98075.7
98075.3
98074.9
98074.3
98073.6
98072.8
98071.8
98070.6
98069.2
98067.6
98065.7
98063.5
98061
98058.3
98055.2
98051.7
98047.9
98043.8
98039.2
98034.3
98029.1
98023.4
98017.5
98011.2
98004.6
97997.7
97990.6
97983.3
97975.8
97968.3
97960.6
97953
97945.4
97937.9
97930.7
97923.6
97916.9
97910.6
97904.6
97899.1
97894
97889.5
97885.5
97882
97879.1
97876.8
97875.1
97874
97873.3
97873.1
97873.5
97874.3
97875.6
97877.2
97879.2
97881.3
97883.7
97886.2
97888.8
97891.2
97893.4
97895.2
97896.5
97897.3
97897.5
97897.1
97895.9
97893.9
97890.8
97886.7
97881.5
97875.5
97868.5
97860.6
97852
97842.6
97832.5
97821.9
97810.7
97798.9
97786.3
97773.4
97760.1
97746.8
97732.9
97718.9
97704.6
97690.3
97675.6
97660.7
97645.7
97630.4
97615.2
97599.4
97583.1
97567
97550.8
97534.8
97519.2
97504.2
97490.4
97478.9
97469.8
97463.6
97461.2
97463.3
97469.5
97481.2
97497.2
97519.2
97545.5
97577.5
97611.6
97651
97690.5
97735.3
97776.8
97821.2
97859.1
97899.6
98048.9
98047.2
98046.2
98045.4
98044.8
98044.5
98044.8
98045.6
98046.6
98047.9
98049.4
98051
98052.7
98054.4
98056.2
98058
98059.7
98061.5
98063.2
98064.8
98066.4
98067.9
98069.4
98070.7
98072
98073.2
98074.4
98075.4
98076.4
98077.3
98078.1
98078.8
98079.4
98080
98080.5
98081
98081.4
98081.7
98082
98082.3
98082.5
98082.7
98082.8
98083
98083.1
98083.2
98083.3
98083.4
98083.5
98083.6
98083.7
98083.8
98083.8
98083.9
98083.9
98083.9
98083.9
98083.8
98083.7
98083.5
98083.2
98082.8
98082.3
98081.7
98080.9
98080
98078.8
98077.4
98075.8
98074
98071.8
98069.4
98066.7
98063.6
98060.2
98056.5
98052.4
98047.9
98043.1
98037.9
98032.3
98026.4
98020.2
98013.6
98006.8
97999.7
97992.4
97985
97977.4
97969.7
97962.1
97954.5
97947
97939.7
97932.7
97926
97919.6
97913.7
97908.3
97903.4
97899
97895.3
97892.1
97889.6
97887.8
97886.6
97886.1
97886.2
97886.8
97888.1
97890
97892.3
97895.2
97898.5
97902.1
97906
97910.2
97914.5
97918.9
97923.1
97927.1
97930.8
97933.9
97936.5
97938.6
97940.1
97940.7
97940.4
97939
97936.5
97933
97928.5
97923.1
97916.9
97909.7
97901.8
97893.1
97883.8
97873.7
97863
97851.5
97839.4
97827.1
97814.5
97801.4
97788
97774.4
97760.7
97746.5
97732
97717.6
97703.1
97688.7
97673.8
97658.7
97643.9
97629.1
97614.9
97601.6
97589.1
97578.4
97570.2
97564.6
97562.2
97564
97570.6
97581.2
97597.4
97617.9
97644.3
97674.8
97710.6
97748.1
97790.3
97832.4
97878.8
97921.6
97965.9
98003.8
98042.8
98037.5
98036.2
98035.5
98035.2
98035.1
98035.1
98035.5
98036.3
98037.3
98038.6
98040
98041.6
98043.3
98045.1
98047
98048.9
98050.8
98052.7
98054.7
98056.6
98058.4
98060.3
98062.1
98063.8
98065.5
98067.1
98068.7
98070.2
98071.7
98073
98074.3
98075.6
98076.8
98077.9
98078.9
98080
98080.9
98081.8
98082.7
98083.5
98084.3
98085
98085.7
98086.4
98087
98087.6
98088.2
98088.8
98089.3
98089.8
98090.2
98090.7
98091.1
98091.4
98091.7
98091.9
98092.1
98092.1
98092.1
98092
98091.8
98091.4
98090.9
98090.2
98089.3
98088.3
98087
98085.5
98083.7
98081.6
98079.3
98076.7
98073.7
98070.4
98066.8
98062.8
98058.5
98053.8
98048.7
98043.3
98037.6
98031.5
98025.1
98018.3
98011.4
98004.2
97996.8
97989.3
97981.7
97974.1
97966.6
97959.2
97951.9
97944.9
97938.2
97932
97926.1
97920.8
97916
97911.8
97908.2
97905.4
97903.2
97901.8
97901
97901.1
97901.8
97903.2
97905.3
97908.2
97911.6
97915.7
97920.3
97925.3
97930.8
97936.6
97942.7
97948.9
97955.2
97961.5
97967.5
97973.2
97978.5
97983.2
97987.5
97991
97993.7
97995.3
97995.9
97995.4
97993.7
97991.2
97987.7
97983.4
97978.1
97971.9
97965
97957.3
97948.7
97939.5
97929.4
97918.8
97907.7
97896.1
97884.2
97871.8
97859.2
97846.4
97833
97819.4
97805.8
97792.3
97778.9
97765.3
97751.7
97738.4
97725.3
97713.2
97702.2
97692.3
97684.7
97679.9
97677.8
97679.2
97684.8
97695.4
97710.1
97730.2
97754.9
97785.3
97819
97858
97898.1
97942.4
97986.3
98033.4
98076.4
98119.8
98157
98193.5
98025.1
98024.2
98023.8
98023.9
98024.2
98024.6
98025.3
98026.1
98027.3
98028.6
98030.2
98031.8
98033.7
98035.6
98037.6
98039.6
98041.7
98043.9
98046.1
98048.2
98050.4
98052.6
98054.7
98056.9
98059
98061
98063
98065
98067
98068.8
98070.7
98072.5
98074.2
98075.9
98077.6
98079.2
98080.8
98082.3
98083.7
98085.2
98086.6
98087.9
98089.2
98090.4
98091.6
98092.8
98093.9
98094.9
98095.9
98096.9
98097.7
98098.5
98099.3
98099.9
98100.5
98100.9
98101.3
98101.5
98101.7
98101.7
98101.5
98101.2
98100.7
98100
98099.1
98098
98096.6
98095
98093.2
98091
98088.6
98085.8
98082.7
98079.3
98075.6
98071.5
98067.1
98062.3
98057.1
98051.6
98045.8
98039.7
98033.2
98026.5
98019.6
98012.4
98005.1
97997.8
97990.4
97983
97975.7
97968.6
97961.8
97955.2
97949
97943.3
97938.1
97933.4
97929.4
97926
97923.4
97921.5
97920.4
97920
97920.5
97921.8
97923.9
97926.7
97930.4
97934.9
97940
97945.8
97952.2
97959.2
97966.6
97974.4
97982.5
97990.9
97999.4
98007.8
98016.2
98024.2
98031.8
98039
98045.6
98051.5
98056.4
98060.4
98063.2
98065
98065.7
98065.5
98064.2
98062.1
98059
98055.1
98050.2
98044.6
98037.9
98030.7
98022.7
98013.9
98004.5
97994.5
97984.2
97973.3
97962
97950.4
97938.2
97925.9
97913.5
97901.2
97889.2
97877
97865
97853.3
97842.1
97832.2
97823.6
97816.5
97811.9
97810.1
97811.4
97816.4
97825.3
97839.5
97857.5
97880.9
97909
97942.4
97978.6
98019.7
98061.6
98106.9
98151.6
98198.1
98240.4
98281.7
98317
98349.8
98013.7
98013.2
98013.2
98013.6
98014.1
98014.9
98015.7
98016.8
98018.1
98019.6
98021.2
98023
98024.9
98027
98029.1
98031.3
98033.6
98036
98038.4
98040.8
98043.3
98045.8
98048.3
98050.8
98053.2
98055.7
98058.2
98060.7
98063.1
98065.5
98067.9
98070.3
98072.6
98074.9
98077.2
98079.4
98081.6
98083.7
98085.8
98087.8
98089.8
98091.8
98093.7
98095.5
98097.3
98099
98100.6
98102.2
98103.7
98105.1
98106.3
98107.5
98108.6
98109.6
98110.5
98111.2
98111.8
98112.3
98112.6
98112.7
98112.7
98112.5
98112.1
98111.5
98110.6
98109.6
98108.3
98106.7
98104.8
98102.7
98100.3
98097.6
98094.6
98091.2
98087.6
98083.5
98079.2
98074.5
98069.5
98064.1
98058.5
98052.5
98046.3
98039.8
98033.1
98026.3
98019.3
98012.3
98005.3
97998.4
97991.6
97985
97978.7
97972.7
97967.2
97962.2
97957.7
97953.9
97950.7
97948.3
97946.6
97945.7
97945.7
97946.6
97948.3
97950.9
97954.4
97958.7
97964
97970
97976.9
97984.4
97992.7
98001.6
98011.1
98021.1
98031.4
98042.1
98052.9
98063.8
98074.7
98085.3
98095.6
98105.4
98114.7
98123.2
98130.8
98137.4
98142.9
98147.5
98150.9
98153.3
98154.6
98155.1
98154.5
98153.2
98151
98147.9
98143.8
98139.2
98133.7
98127.4
98120.3
98112.6
98104.3
98095.2
98085.7
98075.6
98065.1
98054.4
98043.5
98032.7
98022.1
98011.5
98001.2
97991.4
97982.2
97974.4
97968.2
97963.8
97961.8
97962.7
97966.9
97974.8
97986.7
98003.4
98024
98049.8
98080.1
98115.2
98152.8
98194.6
98237.1
98282.4
98326.3
98371.1
98411.4
98449.5
98481.6
98509.4
98007.2
98007.1
98007.2
98007.8
98008.5
98009.4
98010.4
98011.6
98012.9
98014.4
98016.1
98018
98019.9
98022
98024.2
98026.5
98028.9
98031.4
98033.9
98036.5
98039.1
98041.8
98044.6
98047.4
98050.2
98053
98055.8
98058.6
98061.5
98064.3
98067.2
98070
98072.9
98075.7
98078.5
98081.3
98084
98086.7
98089.4
98092
98094.6
98097.1
98099.6
98102
98104.3
98106.6
98108.7
98110.8
98112.7
98114.6
98116.3
98117.9
98119.4
98120.7
98121.9
98122.9
98123.8
98124.5
98125.1
98125.5
98125.6
98125.6
98125.4
98125
98124.3
98123.4
98122.3
98121
98119.4
98117.5
98115.3
98112.9
98110.2
98107.2
98103.8
98100.2
98096.3
98092
98087.4
98082.6
98077.4
98071.9
98066.3
98060.3
98054.2
98048
98041.7
98035.3
98029
98022.7
98016.6
98010.8
98005.3
98000.1
97995.4
97991.2
97987.7
97984.7
97982.5
97981
97980.4
97980.6
97981.7
97983.7
97986.7
97990.6
97995.5
98001.3
98008
98015.7
98024.2
98033.6
98043.8
98054.7
98066.3
98078.5
98091.2
98104.3
98117.7
98131.3
98144.9
98158.4
98171.6
98184.4
98196.6
98208.1
98218.6
98228.2
98236.9
98244.5
98250.9
98256.4
98260.8
98264.4
98266.8
98268.6
98269.5
98269.5
98268.7
98267.2
98264.8
98261.5
98257.4
98252.4
98246.6
98239.9
98232.5
98224.3
98215.9
98207.1
98197.8
98188.6
98179.6
98170.7
98162.2
98154.2
98147
98141.2
98137.1
98134.9
98135.1
98137.9
98144.1
98153.9
98167.7
98186
98208.3
98235.3
98266.3
98301.5
98339.1
98380.3
98421.7
98465.5
98507.1
98548.8
98585.7
98619.6
98647.1
98669
98010.7
98010.6
98010.7
98011.1
98011.7
98012.4
98013.3
98014.4
98015.6
98016.9
98018.4
98020.1
98021.9
98023.8
98025.8
98028
98030.3
98032.6
98035.1
98037.6
98040.3
98043
98045.7
98048.6
98051.4
98054.4
98057.4
98060.4
98063.5
98066.6
98069.7
98072.8
98076
98079.2
98082.4
98085.5
98088.7
98091.8
98095
98098
98101.1
98104.1
98107
98109.8
98112.6
98115.3
98117.9
98120.4
98122.7
98125
98127.1
98129.1
98130.9
98132.6
98134.1
98135.5
98136.7
98137.7
98138.5
98139.2
98139.7
98140
98140.1
98140.1
98139.8
98139.3
98138.6
98137.7
98136.5
98135.2
98133.6
98131.7
98129.6
98127.3
98124.7
98121.8
98118.6
98115.1
98111.4
98107.4
98103.1
98098.6
98093.8
98088.9
98083.7
98078.5
98073.1
98067.7
98062.3
98057.1
98052
98047.1
98042.5
98038.3
98034.6
98031.4
98028.8
98026.8
98025.6
98025.1
98025.5
98026.8
98029
98032.1
98036.2
98041.3
98047.4
98054.5
98062.7
98071.9
98082
98093.2
98105.2
98118.1
98131.9
98146.4
98161.5
98177.2
98193.3
98209.7
98226.2
98242.7
98259
98275.1
98290.6
98305.3
98319.2
98332.2
98344.3
98355.3
98365.3
98374.4
98382.5
98389.6
98395.8
98401.2
98405.8
98409.6
98412.7
98415.1
98416.5
98416.9
98416.4
98414.8
98412.2
98408.6
98404.1
98398.7
98392.8
98386.3
98379.2
98371.9
98364.8
98358
98351.5
98345.5
98340.4
98336.5
98334.2
98333.8
98335.8
98340
98347.5
98358.4
98373.2
98392.2
98415.1
98442.3
98472.8
98507.1
98543.4
98582.6
98621.6
98662.3
98700.5
98737.9
98770.3
98798.9
98820.9
98836
98024.7
98024.3
98024.1
98024.1
98024.4
98024.7
98025.3
98025.9
98026.7
98027.7
98028.8
98030
98031.4
98033
98034.6
98036.4
98038.4
98040.4
98042.6
98044.8
98047.2
98049.6
98052.2
98054.9
98057.6
98060.4
98063.3
98066.3
98069.3
98072.4
98075.6
98078.8
98082.1
98085.3
98088.7
98092
98095.3
98098.7
98102
98105.3
98108.6
98111.9
98115
98118.2
98121.2
98124.2
98127
98129.8
98132.5
98135
98137.4
98139.6
98141.8
98143.7
98145.5
98147.2
98148.7
98150.1
98151.2
98152.3
98153.1
98153.8
98154.4
98154.7
98154.9
98155
98154.9
98154.6
98154.1
98153.4
98152.6
98151.6
98150.3
98148.9
98147.2
98145.3
98143.2
98140.8
98138.2
98135.3
98132.2
98128.8
98125.2
98121.5
98117.5
98113.4
98109.3
98105
98100.8
98096.7
98092.6
98088.8
98085.3
98082.1
98079.4
98077.1
98075.4
98074.4
98074.1
98074.5
98075.8
98078
98081
98085.1
98090.1
98096.1
98103.3
98111.5
98120.9
98131.4
98143
98155.6
98169.3
98184
98199.8
98216.4
98233.7
98251.8
98270.4
98289.3
98308.6
98328
98347.5
98366.7
98385.2
98403.2
98420.4
98436.8
98452.3
98466.8
98480.5
98493.3
98505.1
98516
98526.1
98535.3
98544
98551.9
98559.2
98565.7
98571.2
98575.8
98579.2
98581.4
98582.4
98582.4
98581.2
98579.1
98576
98572.2
98567.8
98563
98558.3
98553.7
98549.2
98545.3
98542.1
98540.1
98539.3
98540.4
98543.5
98548.7
98556.8
98568
98583
98601.9
98624.4
98650.8
98679.8
98712.2
98746
98782.2
98818.1
98854.6
98888.6
98921.3
98948.5
98971.6
98987.9
98996
98044.9
98044
98043.4
98042.9
98042.7
98042.5
98042.5
98042.6
98042.9
98043.4
98043.9
98044.7
98045.6
98046.6
98047.7
98049.1
98050.5
98052.1
98053.8
98055.6
98057.6
98059.7
98061.9
98064.2
98066.6
98069.2
98071.8
98074.6
98077.4
98080.3
98083.3
98086.4
98089.6
98092.8
98096
98099.3
98102.7
98106
98109.4
98112.8
98116.1
98119.5
98122.7
98126
98129.2
98132.3
98135.3
98138.2
98141
98143.7
98146.3
98148.7
98151.1
98153.3
98155.3
98157.2
98159
98160.6
98162.1
98163.5
98164.7
98165.9
98166.8
98167.7
98168.4
98169
98169.5
98169.9
98170.1
98170.3
98170.2
98170.1
98169.8
98169.3
98168.6
98167.8
98166.7
98165.5
98164
98162.3
98160.3
98158.2
98155.8
98153.2
98150.5
98147.6
98144.6
98141.5
98138.4
98135.4
98132.4
98129.5
98127
98124.7
98122.8
98121.4
98120.5
98120.2
98120.6
98121.8
98123.8
98126.6
98130.3
98135
98140.8
98147.6
98155.5
98164.6
98174.9
98186.4
98199.1
98213
98228.1
98244.3
98261.5
98279.9
98299.1
98319
98339.7
98360.9
98382.5
98404.4
98426.4
98448.2
98469.5
98490.3
98510.4
98529.6
98548.2
98565.8
98582.6
98598.6
98613.7
98628.1
98641.7
98654.5
98666.8
98678.5
98689.6
98699.9
98709.4
98717.8
98725
98730.8
98735.3
98738.5
98740.3
98741
98740.7
98739.5
98737.7
98735.3
98732.7
98730.2
98727.5
98725.2
98723.5
98722.9
98723.3
98725.3
98728.9
98734.5
98742.5
98753.5
98767.9
98786
98807.3
98832
98859
98888.7
98919.6
98952.4
98984.6
99017
99046.8
99074.7
99097.4
99115.3
99126.4
99128.3
98067.4
98066
98064.9
98063.9
98063.1
98062.4
98061.8
98061.4
98061.1
98061
98061
98061.2
98061.5
98062
98062.6
98063.4
98064.3
98065.4
98066.6
98067.9
98069.4
98071.1
98072.8
98074.7
98076.8
98079
98081.3
98083.7
98086.2
98088.9
98091.7
98094.5
98097.5
98100.5
98103.6
98106.8
98110
98113.3
98116.6
98119.9
98123.2
98126.5
98129.8
98133
98136.2
98139.3
98142.4
98145.4
98148.3
98151.1
98153.8
98156.4
98158.9
98161.2
98163.5
98165.6
98167.6
98169.5
98171.3
98173
98174.6
98176.1
98177.5
98178.8
98180
98181.2
98182.3
98183.3
98184.3
98185.1
98185.9
98186.6
98187.1
98187.6
98187.9
98188
98188
98187.8
98187.4
98186.8
98186
98185
98183.7
98182.3
98180.7
98178.9
98176.9
98174.9
98172.8
98170.7
98168.6
98166.7
98164.9
98163.4
98162.3
98161.6
98161.4
98161.7
98162.7
98164.4
98166.9
98170.3
98174.5
98179.7
98186
98193.4
98201.9
98211.7
98222.8
98235.1
98248.7
98263.5
98279.7
98297
98315.6
98335.2
98355.9
98377.5
98399.9
98423
98446.5
98470.4
98494.5
98518.5
98542.1
98565.2
98587.7
98609.5
98630.5
98650.7
98670.2
98688.9
98706.8
98724.1
98740.7
98756.8
98772.4
98787.5
98801.9
98815.7
98828.6
98840.4
98851
98860
98867.6
98873.8
98878.5
98881.8
98884
98885.2
98885.6
98885.3
98884.7
98883.8
98882.7
98881.9
98881.4
98881.7
98882.9
98885.5
98889.2
98894.8
98902.4
98913
98926.4
98943.2
98962.9
98985.6
99010.2
99037.2
99064.9
99094.3
99122.8
99151.3
99177
99200.7
99219.2
99232.7
99239.2
99235.7
98089.4
98087.5
98085.9
98084.5
98083.1
98081.9
98080.8
98079.8
98079
98078.3
98077.8
98077.4
98077.2
98077.2
98077.3
98077.5
98077.9
98078.5
98079.2
98080.1
98081.1
98082.3
98083.6
98085.1
98086.8
98088.5
98090.5
98092.6
98094.8
98097.1
98099.6
98102.2
98104.9
98107.7
98110.6
98113.6
98116.7
98119.8
98122.9
98126.1
98129.4
98132.6
98135.8
98139
98142.2
98145.3
98148.3
98151.3
98154.3
98157.1
98159.9
98162.6
98165.2
98167.7
98170.1
98172.4
98174.6
98176.7
98178.8
98180.7
98182.6
98184.5
98186.3
98188
98189.7
98191.4
98193.1
98194.7
98196.3
98197.8
98199.3
98200.7
98202.1
98203.3
98204.5
98205.5
98206.4
98207.2
98207.7
98208.1
98208.2
98208.2
98207.9
98207.4
98206.7
98205.9
98204.9
98203.7
98202.4
98201.2
98199.9
98198.7
98197.6
98196.8
98196.3
98196.2
98196.4
98197.3
98198.7
98200.9
98203.8
98207.6
98212.2
98217.9
98224.6
98232.4
98241.5
98251.8
98263.4
98276.3
98290.5
98306.2
98323.2
98341.5
98361
98381.8
98403.7
98426.6
98450.5
98475
98500
98525.5
98551.3
98577
98602.4
98627.5
98651.9
98675.7
98698.7
98721.1
98742.8
98763.7
98783.9
98803.6
98822.8
98841.6
98860.1
98878.1
98895.4
98912
98927.9
98942.5
98956
98967.9
98978.1
98986.9
98994.1
98999.8
99004.2
99007.5
99009.7
99011.2
99012.1
99012.7
99013
99013.3
99013.7
99014.7
99016.5
99019.3
99023
99028.5
99035.6
99045.4
99057.8
99073.1
99091.1
99111.8
99134
99158.3
99183.1
99209.3
99234.5
99259.5
99281.7
99301.6
99316.5
99326.2
99328.9
99321.1
98109
98106.8
98104.7
98102.8
98101
98099.3
98097.7
98096.3
98095
98093.8
98092.8
98092
98091.3
98090.8
98090.4
98090.2
98090.1
98090.2
98090.5
98090.9
98091.6
98092.3
98093.3
98094.4
98095.7
98097.1
98098.7
98100.4
98102.4
98104.4
98106.6
98109
98111.4
98114
98116.7
98119.5
98122.4
98125.3
98128.3
98131.4
98134.5
98137.6
98140.8
98143.9
98147
98150.1
98153.1
98156.1
98159.1
98162
98164.8
98167.5
98170.2
98172.8
98175.3
98177.8
98180.1
98182.5
98184.7
98186.9
98189.1
98191.3
98193.4
98195.5
98197.7
98199.8
98201.9
98204
98206.2
98208.3
98210.4
98212.5
98214.5
98216.5
98218.3
98220.1
98221.8
98223.3
98224.6
98225.7
98226.7
98227.4
98227.9
98228.3
98228.3
98228.2
98228
98227.5
98227
98226.3
98225.7
98225.1
98224.6
98224.4
98224.3
98224.6
98225.3
98226.6
98228.4
98230.9
98234.1
98238.2
98243.2
98249.2
98256.3
98264.5
98273.9
98284.6
98296.6
98310
98324.8
98341
98358.7
98377.7
98398
98419.7
98442.6
98466.6
98491.5
98517.1
98543.3
98570.1
98597.1
98624.2
98651.1
98677.6
98703.5
98728.8
98753.5
98777.5
98800.9
98823.6
98845.8
98867.4
98888.8
98909.9
98930.7
98951
98970.8
98989.7
99007.9
99024.9
99040.7
99055
99067.4
99078.4
99087.7
99095.4
99101.5
99106.5
99110.3
99113.2
99115.5
99117.2
99118.5
99119.7
99120.8
99122.3
99124.4
99127.4
99131
99136.1
99142.8
99151.9
99163.1
99177.1
99193.4
99212.2
99232.3
99254.3
99276.6
99300.1
99322.4
99344.6
99363.6
99380.5
99392.4
99399
99398.6
99387.3
98125.4
98122.8
98120.4
98118.1
98115.9
98113.8
98111.9
98110
98108.3
98106.8
98105.4
98104.2
98103.1
98102.1
98101.4
98100.8
98100.3
98100.1
98100
98100
98100.3
98100.7
98101.3
98102.1
98103.1
98104.2
98105.5
98107
98108.6
98110.4
98112.4
98114.5
98116.8
98119.1
98121.6
98124.3
98127
98129.8
98132.7
98135.6
98138.6
98141.6
98144.7
98147.8
98150.8
98153.8
98156.9
98159.8
98162.8
98165.7
98168.5
98171.3
98174.1
98176.7
98179.4
98181.9
98184.5
98186.9
98189.4
98191.8
98194.3
98196.7
98199.1
98201.6
98204
98206.5
98209.1
98211.6
98214.2
98216.8
98219.4
98222
98224.5
98227.1
98229.5
98231.9
98234.1
98236.2
98238.1
98239.9
98241.5
98242.8
98243.9
98244.9
98245.6
98246
98246.3
98246.4
98246.4
98246.3
98246.2
98246
98246
98246.1
98246.5
98247.1
98248.2
98249.7
98251.8
98254.6
98258.1
98262.5
98267.7
98274
98281.3
98289.8
98299.5
98310.6
98322.9
98336.6
98351.8
98368.5
98386.7
98406.3
98427.2
98449.6
98473.2
98498
98523.7
98550.2
98577.4
98605
98633
98661.2
98689.1
98716.7
98743.7
98770.2
98796.2
98821.4
98846.1
98870.2
98893.9
98917.2
98940.3
98963.1
98985.7
99007.8
99029.5
99050.4
99070.4
99089.2
99106.9
99123
99137.3
99149.9
99160.9
99170.1
99177.7
99184.1
99189.1
99193.1
99196.4
99199
99201.1
99202.9
99204.6
99206.4
99208.7
99211.7
99215.2
99220
99226.3
99234.6
99244.9
99257.8
99272.6
99289.8
99308.1
99328.2
99348.5
99369.8
99389.8
99409.6
99426.2
99440.6
99450
99454.4
99451.4
99437.6
98138.2
98135.4
98132.7
98130.1
98127.6
98125.2
98123
98120.9
98118.9
98117
98115.3
98113.7
98112.3
98111.1
98110
98109.1
98108.4
98107.8
98107.4
98107.2
98107.2
98107.3
98107.6
98108.2
98108.9
98109.8
98110.8
98112.1
98113.5
98115.1
98116.9
98118.8
98120.9
98123.1
98125.5
98128
98130.5
98133.2
98136
98138.8
98141.8
98144.7
98147.7
98150.7
98153.7
98156.7
98159.7
98162.6
98165.6
98168.5
98171.4
98174.2
98177
98179.8
98182.5
98185.2
98187.8
98190.5
98193.1
98195.7
98198.4
98201
98203.7
98206.4
98209.1
98211.9
98214.8
98217.6
98220.6
98223.5
98226.5
98229.5
98232.4
98235.3
98238.2
98241
98243.7
98246.2
98248.6
98250.8
98252.8
98254.6
98256.2
98257.6
98258.7
98259.6
98260.4
98260.9
98261.3
98261.5
98261.8
98262
98262.3
98262.7
98263.4
98264.3
98265.6
98267.3
98269.7
98272.7
98276.4
98281
98286.5
98292.9
98300.5
98309.2
98319.1
98330.4
98343
98357
98372.5
98389.6
98408.1
98428.1
98449.6
98472.4
98496.5
98521.9
98548.2
98575.4
98603.2
98631.6
98660.3
98689.2
98717.8
98746.2
98774.1
98801.5
98828.3
98854.5
98880.2
98905.4
98930.2
98954.7
98979.1
99003.2
99027.1
99050.7
99073.8
99096.1
99117.6
99137.8
99156.9
99174.5
99190.1
99204
99216.2
99226.6
99235.3
99242.7
99248.7
99253.5
99257.6
99260.9
99263.5
99265.8
99267.8
99270
99272.4
99275.3
99278.6
99283.2
99289.1
99296.9
99306.4
99318.3
99332
99347.9
99364.9
99383.5
99402.1
99421.8
99439.9
99458
99472.6
99485.2
99492.8
99495.4
99490.4
99474.7
98147.8
98144.7
98141.8
98139.1
98136.4
98133.8
98131.3
98128.9
98126.7
98124.6
98122.7
98120.9
98119.2
98117.8
98116.5
98115.3
98114.3
98113.5
98112.9
98112.5
98112.3
98112.2
98112.3
98112.7
98113.2
98113.9
98114.8
98115.9
98117.2
98118.6
98120.2
98122
98124
98126.1
98128.3
98130.7
98133.2
98135.7
98138.4
98141.2
98144
98146.9
98149.9
98152.8
98155.8
98158.8
98161.8
98164.8
98167.7
98170.7
98173.6
98176.5
98179.3
98182.2
98185
98187.7
98190.5
98193.3
98196
98198.8
98201.6
98204.4
98207.2
98210.1
98213.1
98216.1
98219.2
98222.3
98225.4
98228.6
98231.9
98235.1
98238.3
98241.6
98244.7
98247.8
98250.8
98253.6
98256.3
98258.9
98261.2
98263.3
98265.3
98266.9
98268.4
98269.6
98270.6
98271.4
98272.1
98272.7
98273.2
98273.6
98274.2
98274.8
98275.7
98276.8
98278.3
98280.3
98282.8
98286
98289.9
98294.6
98300.2
98306.8
98314.5
98323.4
98333.5
98345
98357.8
98372
98387.7
98405
98423.8
98444.2
98465.9
98489.1
98513.6
98539.4
98566.2
98593.8
98622.1
98651
98680.2
98709.5
98738.7
98767.7
98796.2
98824.2
98851.6
98878.5
98905
98930.9
98956.6
98981.9
99007.2
99032.3
99057.2
99081.8
99106
99129.4
99151.9
99173.2
99193.3
99211.9
99228.6
99243.4
99256.4
99267.6
99277.2
99285.3
99292
99297.5
99302.1
99305.9
99308.9
99311.5
99313.8
99316.1
99318.6
99321.5
99324.7
99329.1
99334.6
99342
99351
99362.1
99375
99389.9
99405.9
99423.4
99440.8
99459.2
99476
99492.7
99506
99517.2
99523.3
99524.6
99518.2
99501.2
98154.4
98151.2
98148.2
98145.3
98142.5
98139.7
98137.1
98134.5
98132.2
98129.9
98127.8
98125.9
98124
98122.4
98120.9
98119.6
98118.5
98117.5
98116.8
98116.2
98115.8
98115.6
98115.6
98115.8
98116.2
98116.8
98117.5
98118.5
98119.7
98121
98122.5
98124.2
98126.1
98128.1
98130.2
98132.5
98135
98137.5
98140.1
98142.9
98145.7
98148.5
98151.4
98154.4
98157.4
98160.3
98163.3
98166.3
98169.3
98172.3
98175.2
98178.1
98181.1
98183.9
98186.8
98189.7
98192.5
98195.4
98198.2
98201.1
98204
98206.9
98209.9
98212.9
98216
98219.1
98222.4
98225.6
98228.9
98232.3
98235.7
98239.1
98242.6
98246
98249.3
98252.6
98255.8
98258.8
98261.8
98264.5
98267.1
98269.4
98271.5
98273.4
98275.1
98276.5
98277.7
98278.8
98279.6
98280.4
98281.1
98281.7
98282.5
98283.3
98284.3
98285.6
98287.2
98289.3
98292
98295.2
98299.3
98304.1
98309.8
98316.5
98324.4
98333.4
98343.6
98355.1
98368.1
98382.5
98398.4
98415.8
98434.8
98455.3
98477.3
98500.8
98525.5
98551.5
98578.6
98606.6
98635.2
98664.4
98693.9
98723.6
98753.1
98782.4
98811.4
98839.8
98867.7
98895.1
98922
98948.5
98974.8
99000.7
99026.6
99052.4
99078
99103.3
99128.2
99152.3
99175.6
99197.6
99218.5
99237.8
99255.1
99270.6
99284.2
99296
99306.2
99314.9
99322
99328
99332.9
99337
99340.3
99343.2
99345.7
99348.1
99350.5
99353.4
99356.5
99360.8
99366.1
99373.2
99381.7
99392.3
99404.5
99418.9
99434
99450.7
99467.4
99484.9
99500.7
99516.5
99528.7
99539
99544.1
99544.5
99537
99519.1
98158.7
98155.5
98152.4
98149.4
98146.4
98143.5
98140.8
98138.2
98135.7
98133.3
98131.1
98129
98127.1
98125.4
98123.8
98122.4
98121.1
98120.1
98119.2
98118.5
98118.1
98117.8
98117.7
98117.8
98118.1
98118.6
98119.3
98120.2
98121.3
98122.5
98124
98125.6
98127.4
98129.4
98131.5
98133.8
98136.2
98138.7
98141.3
98144
98146.7
98149.6
98152.5
98155.4
98158.4
98161.4
98164.4
98167.4
98170.4
98173.4
98176.3
98179.3
98182.2
98185.2
98188.1
98191
98193.9
98196.8
98199.7
98202.6
98205.6
98208.6
98211.7
98214.8
98217.9
98221.2
98224.5
98227.8
98231.3
98234.7
98238.2
98241.8
98245.3
98248.8
98252.3
98255.7
98259
98262.2
98265.3
98268.1
98270.8
98273.3
98275.6
98277.6
98279.4
98281
98282.3
98283.5
98284.5
98285.4
98286.2
98287
98287.8
98288.7
98289.8
98291.2
98292.9
98295.1
98297.8
98301.2
98305.3
98310.2
98316
98322.8
98330.7
98339.7
98350
98361.6
98374.7
98389.1
98405.1
98422.7
98441.8
98462.4
98484.6
98508.2
98533.1
98559.2
98586.5
98614.7
98643.5
98672.9
98702.6
98732.5
98762.3
98791.8
98821
98849.7
98877.9
98905.6
98932.8
98959.7
98986.3
99012.6
99039
99065.2
99091.3
99117
99142.4
99167
99190.8
99213.3
99234.6
99254.4
99272.2
99288.1
99302
99314.3
99324.8
99333.8
99341.3
99347.5
99352.7
99357
99360.5
99363.5
99366.1
99368.6
99371
99373.9
99376.9
99381.1
99386.2
99393
99401.2
99411.5
99423.3
99437.1
99451.8
99468
99484.1
99501.1
99516.2
99531.4
99543
99552.7
99557.1
99556.8
99548.6
99530.3
98161.2
98157.9
98154.7
98151.6
98148.6
98145.7
98142.9
98140.2
98137.6
98135.2
98132.9
98130.8
98128.8
98127
98125.4
98123.9
98122.6
98121.5
98120.6
98119.9
98119.3
98119
98118.8
98118.9
98119.1
98119.6
98120.3
98121.1
98122.2
98123.4
98124.8
98126.4
98128.2
98130.1
98132.2
98134.5
98136.8
98139.3
98141.9
98144.6
98147.4
98150.2
98153.1
98156
98159
98162
98165
98168
98171
98174
98177
98180
98182.9
98185.9
98188.8
98191.7
98194.7
98197.6
98200.6
98203.5
98206.5
98209.6
98212.7
98215.8
98219
98222.3
98225.7
98229.1
98232.5
98236.1
98239.6
98243.2
98246.8
98250.4
98253.9
98257.4
98260.8
98264.1
98267.2
98270.2
98272.9
98275.5
98277.8
98279.9
98281.8
98283.4
98284.9
98286.1
98287.2
98288.1
98289
98289.8
98290.7
98291.7
98292.9
98294.3
98296.1
98298.3
98301
98304.4
98308.6
98313.5
98319.3
98326.1
98334.1
98343.2
98353.5
98365.2
98378.3
98392.8
98408.8
98426.4
98445.6
98466.3
98488.5
98512.2
98537.2
98563.5
98590.8
98619.1
98648
98677.5
98707.4
98737.3
98767.2
98796.9
98826.2
98855.1
98883.4
98911.3
98938.7
98965.8
98992.6
99019.1
99045.7
99072.2
99098.5
99124.5
99150.1
99175
99199.1
99221.8
99243.4
99263.5
99281.5
99297.7
99311.9
99324.4
99335.1
99344.3
99352
99358.4
99363.7
99368.1
99371.7
99374.7
99377.4
99379.9
99382.3
99385.1
99388
99392.1
99397.1
99403.8
99411.8
99421.8
99433.4
99447
99461.4
99477.3
99493
99509.7
99524.6
99539.4
99550.7
99560
99564.1
99563.4
99554.8
99536.4
98162.3
98158.9
98155.7
98152.6
98149.5
98146.6
98143.7
98141
98138.4
98136
98133.7
98131.5
98129.5
98127.7
98126
98124.5
98123.2
98122.1
98121.2
98120.4
98119.8
98119.5
98119.3
98119.3
98119.6
98120
98120.7
98121.5
98122.5
98123.8
98125.2
98126.8
98128.5
98130.4
98132.5
98134.7
98137.1
98139.6
98142.2
98144.8
98147.6
98150.4
98153.3
98156.3
98159.2
98162.2
98165.2
98168.2
98171.2
98174.2
98177.2
98180.2
98183.2
98186.1
98189.1
98192
98195
98197.9
98200.9
98203.9
98206.9
98209.9
98213
98216.2
98219.4
98222.7
98226.1
98229.5
98233
98236.6
98240.2
98243.8
98247.4
98251
98254.6
98258.1
98261.5
98264.8
98267.9
98270.9
98273.7
98276.3
98278.7
98280.8
98282.7
98284.4
98285.8
98287.1
98288.2
98289.2
98290.1
98290.9
98291.9
98292.9
98294.1
98295.5
98297.3
98299.5
98302.3
98305.7
98309.9
98314.8
98320.7
98327.5
98335.5
98344.6
98355
98366.7
98379.7
98394.3
98410.3
98428
98447.2
98467.9
98490.1
98513.8
98538.9
98565.1
98592.5
98620.8
98649.8
98679.3
98709.2
98739.2
98769.2
98798.9
98828.3
98857.2
98885.6
98913.5
98941
98968.2
98995.1
99021.7
99048.3
99074.9
99101.3
99127.4
99153.2
99178.2
99202.3
99225.2
99246.9
99267
99285.2
99301.5
99315.8
99328.3
99339.1
99348.5
99356.2
99362.6
99368
99372.5
99376.1
99379.2
99381.8
99384.3
99386.7
99389.5
99392.4
99396.4
99401.3
99408
99415.9
99425.8
99437.3
99450.8
99465.1
99480.8
99496.5
99513
99527.7
99542.5
99553.6
99562.8
99566.7
99566
99557.2
99539.1
99081.8
98981.4
98881.2
98785.6
98694.1
98608.5
98530.5
98461.6
98402.5
98353.9
98315.2
98286.5
98264
98248.6
98231.6
98215.8
98190.1
98159.3
98117
98073
98027.2
97989
97961
97943.5
97954.8
99056.2
98957.7
98859.1
98765.3
98675.5
98591.8
98515.7
98448.6
98391.3
98344.4
98307.3
98279.9
98258.6
98244.2
98228
98212.8
98187.5
98157
98115
98071.4
98025.8
97988
97960.3
97943
97954.8
99012.3
98915.9
98820.3
98729.5
98642.8
98562.3
98489.4
98425.4
98371.1
98327
98292.5
98267.5
98248.4
98235.7
98221.2
98207.2
98183
98153.4
98112.2
98069.3
98024.4
97987.1
97959.9
97942.6
97955
98950.9
98857.5
98766
98679.4
98597
98520.9
98452.3
98392.6
98342.4
98302.3
98271.4
98249.7
98233.5
98223.4
98211.1
98198.9
98176.4
98148.1
98108.1
98066.2
98022
97985.4
97958.7
97941.8
97954.4
98872.9
98783.6
98697.3
98616.1
98539.1
98468.4
98405.3
98351
98306
98270.7
98244.4
98226.9
98214.4
98207.4
98198
98188.2
98167.8
98141.2
98102.7
98062
98018.9
97983.3
97957.1
97940.6
97954
98781.6
98697.5
98617.2
98542.3
98471.6
98407.3
98350.5
98302.3
98263.3
98233.7
98212.6
98199.9
98191.7
98188.5
98182.5
98175.5
98157.6
98133
98096.3
98057.1
98015.2
97980.7
97955.2
97939.2
97953.5
98679.4
98601.3
98528.1
98460.1
98396.5
98339.2
98289.4
98247.9
98215.5
98192.1
98176.8
98169.5
98166
98167
98164.8
98160.9
98146
98123.7
98089
98051.5
98011.1
97977.7
97953.1
97937.7
97953
98569.2
98497.8
98432.1
98371.7
98315.7
98265.9
98223.5
98189.2
98163.9
98147.1
98138
98136.2
98137.9
98143.4
98145.3
98144.9
98133.1
98113.4
98080.9
98045.3
98006.4
97974.4
97950.8
97936
97952.5
98453.5
98389.3
98331.5
98278.9
98230.9
98188.7
98154.2
98127.5
98109.4
98099.4
98096.7
98100.8
98108
98118.1
98124.3
98127.6
98119.1
98102.2
98072.2
98038.6
98001.4
97970.9
97948.2
97934.3
97951.9
98334.4
98277.8
98228.2
98183.5
98143.6
98109.3
98082.8
98063.8
98053.1
98050.1
98053.9
98064
98076.6
98091.5
98102.1
98109.3
98104.3
98090.3
98062.9
98031.5
97996
97967.1
97945.6
97932.4
97951.4
98214.3
98165.3
98124
98087.3
98055.4
98029.1
98010.7
97999.3
97995.9
97999.8
98010.2
98026.3
98044.3
98064
98079
98090.1
98088.7
98077.9
98053.1
98024
97990.4
97963.2
97942.9
97930.6
97950.8
98094.9
98053.5
98020.5
97991.6
97967.8
97949.4
97938.9
97934.9
97938.7
97949.4
97966.2
97988.2
98011.5
98036
98055.4
98070.5
98072.7
98065
98043
98016.3
97984.6
97959.1
97940.1
97928.7
97950.3
97978.2
97944.1
97919.3
97897.8
97882
97871.1
97868.4
97871.5
97882.4
97899.5
97922.6
97950.2
97978.6
98007.7
98031.5
98050.5
98056.3
98051.8
98032.5
98008.4
97978.6
97955
97937.2
97926.8
97949.7
97865.2
97838.2
97821.3
97807
97798.9
97795.3
97799.9
97809.8
97827.5
97850.8
97879.7
97912.6
97946
97979.6
98007.6
98030.4
98039.7
98038.4
98022
98000.3
97972.5
97950.8
97934.4
97924.9
97949.1
97757.1
97736.9
97727.5
97720.1
97719.2
97722.5
97734.2
97750.6
97774.6
97803.8
97838.2
97876
97914
97951.9
97983.9
98010.3
98023.1
98025
98011.3
97992.3
97966.4
97946.6
97931.5
97923.1
97948.6
97654.9
97641
97638.7
97637.7
97643.8
97653.5
97671.6
97694.3
97724.1
97758.9
97798.2
97840.7
97882.9
97924.8
97960.5
97990.5
98006.6
98011.7
98000.8
97984.2
97960.3
97942.4
97928.7
97921.3
97948
97559.5
97551.5
97555.7
97560.6
97573.1
97588.8
97612.7
97641.3
97676.4
97716.3
97760.3
97806.9
97853
97898.6
97937.8
97971.1
97990.4
97998.5
97990.3
97976.2
97954.2
97938.3
97925.9
97919.5
97947.5
97471.4
97469
97479.2
97489.5
97507.7
97528.9
97558.1
97592.1
97632
97676.5
97724.6
97775.1
97824.6
97873.6
97915.9
97952.3
97974.7
97985.7
97980.1
97968.4
97948.3
97934.3
97923.2
97917.8
97946.9
97391.2
97393.5
97409.1
97424.2
97447.4
97473.5
97507.4
97546.1
97590.2
97638.9
97690.6
97744.5
97797.1
97849.1
97894.2
97933.4
97958.7
97972.5
97969.5
97960.2
97942.1
97930
97920.3
97916
97946.4
97319.5
97325.9
97346.2
97365.3
97392.9
97423.4
97461.4
97504.1
97551.9
97603.9
97658.7
97715.6
97770.7
97825.2
97873
97914.7
97942.7
97959.1
97958.7
97951.9
97935.7
97925.7
97917.4
97914.3
97945.9
97257.2
97266.9
97291.3
97313.8
97345.4
97379.7
97421.3
97467.3
97518.2
97573
97630.3
97689.4
97746.8
97803.4
97853.3
97897.2
97927.7
97946.5
97948.5
97944
97929.7
97921.7
97914.8
97912.8
97945.4
97204.3
97216.9
97244.7
97270.1
97305.1
97342.6
97387.3
97436.1
97489.3
97546.2
97605.5
97666.4
97725.3
97783.5
97835.3
97881.1
97913.6
97934.6
97938.9
97936.6
97924.1
97918
97912.3
97911.4
97945
97161.2
97176.2
97206.8
97234.7
97272.6
97312.6
97359.8
97410.6
97465.6
97523.9
97584.6
97646.5
97706.6
97766
97819.1
97866.4
97900.7
97923.7
97929.9
97929.6
97918.9
97914.5
97910
97910.1
97944.6
97128.2
97145.1
97178.3
97207.9
97248.2
97290.1
97339.2
97391.1
97447.2
97506.5
97567.8
97630.2
97690.8
97750.8
97804.8
97853.3
97889
97913.6
97921.8
97923.2
97914.1
97911.4
97907.9
97909.1
97944.3
97105.4
97124
97159.3
97190.4
97232.3
97275.3
97325.5
97377.9
97434.6
97494
97555.2
97617.5
97678
97738.1
97792.6
97841.9
97878.6
97904.6
97914.4
97917.5
97909.8
97908.7
97906.1
97908.3
97944.1
97093.1
97113.1
97150.2
97182.2
97225.1
97268.5
97319
97371.2
97427.8
97486.6
97547
97608.5
97668.3
97728.1
97782.6
97832.2
97869.6
97896.6
97907.9
97912.4
97906.1
97906.4
97904.6
97907.7
97944.1
97091.5
97112.6
97151
97183.6
97226.7
97269.9
97319.8
97371.2
97426.8
97484.3
97543.2
97603.2
97661.9
97720.8
97774.8
97824.2
97862.1
97889.8
97902.2
97907.9
97902.9
97904.5
97903.4
97907.3
97944.1
97100.6
97122.4
97161.6
97194.3
97237.1
97279.4
97328
97377.9
97431.8
97487.2
97544
97602
97659
97716.4
97769.4
97818.2
97856.1
97884.2
97897.6
97904.4
97900.4
97903.1
97902.6
97907.2
97944.2
97120.1
97142.3
97181.7
97214
97255.8
97296.6
97343.3
97391
97442.4
97495.1
97549.2
97604.6
97659.3
97714.8
97766.2
97814.2
97851.7
97879.9
97894
97901.5
97898.5
97902.1
97902
97907.3
97944.4
97150
97172.3
97211.3
97242.7
97283
97321.7
97365.7
97410.5
97458.6
97508.1
97558.7
97611
97662.9
97715.8
97765.3
97811.8
97848.6
97876.6
97891.2
97899.3
97897.1
97901.5
97901.7
97907.6
97944.7
97190
97212.2
97250.3
97280.2
97318.3
97354.5
97395.1
97436.4
97480.5
97525.9
97572.5
97621.1
97669.6
97719.4
97766.4
97811.1
97846.9
97874.4
97889.1
97897.8
97896.2
97901.2
97901.7
97908.2
97945.1
97240.3
97261.8
97298.4
97326.5
97361.9
97394.9
97431.5
97468.5
97507.9
97548.6
97590.7
97634.9
97679.4
97725.6
97769.7
97812.2
97846.4
97873.2
97888
97896.8
97895.9
97901.4
97902
97908.9
97945.6
97300.8
97321.2
97355.7
97381.7
97413.8
97442.9
97474.7
97506.8
97540.8
97576.2
97613
97652.1
97692.1
97734.2
97775
97814.8
97847.3
97873
97887.5
97896.5
97896
97901.8
97902.5
97909.9
97946.2
97371.1
97389.9
97421.7
97445.2
97473.3
97497.8
97524.5
97550.9
97578.9
97608.4
97639.3
97672.8
97707.6
97745.2
97782.2
97819
97849.3
97873.8
97887.9
97896.7
97896.5
97902.6
97903.3
97911.1
97947
97456.2
97472.7
97501.1
97521.2
97544.4
97563.2
97583.6
97603.4
97624.4
97646.9
97670.9
97697.8
97726.8
97759.2
97791.8
97825
97852.8
97875.7
97889
97897.6
97897.6
97903.8
97904.4
97912.4
97947.8
97558.4
97571.6
97595.4
97611
97628.1
97640.2
97653.4
97665.3
97678.1
97692.4
97708.4
97727.9
97750.1
97776.4
97803.9
97833
97857.8
97878.6
97891
97899.1
97899.2
97905.4
97905.9
97914.1
97948.8
97670.9
97680.5
97698.9
97709.3
97719.7
97724.6
97729.9
97733.2
97737.1
97742.4
97749.8
97761.2
97776.1
97795.9
97817.8
97842.4
97863.8
97882.5
97893.7
97901.2
97901.3
97907.3
97907.6
97915.9
97949.8
97793.3
97798.9
97811.3
97815.6
97818.8
97816
97812.6
97806.6
97800.9
97796.7
97795
97797.8
97804.8
97817.4
97833.5
97853.1
97870.9
97887.1
97896.9
97903.7
97903.7
97909.4
97909.5
97917.9
97951
97925
97926.1
97931.8
97929.3
97924.9
97913.8
97900.9
97884.9
97869
97854.8
97843.6
97837.2
97835.8
97840.9
97850.6
97865
97879
97892.4
97900.8
97906.6
97906.4
97911.9
97911.7
97920.1
97952.3
98064.8
98060.9
98059.2
98049.5
98036.8
98016.9
97993.9
97967.6
97941
97916.4
97895
97879
97868.7
97866
97869.1
97877.9
97887.8
97898.3
97905.1
97910
97909.5
97914.5
97914.1
97922.4
97953.7
98211.4
98201.9
98192.3
98175
98153.5
98124.2
98090.8
98053.7
98016.1
97980.6
97948.7
97922.6
97903.2
97892.4
97888.5
97891.6
97897.2
97904.7
97909.7
97913.6
97912.8
97917.4
97916.7
97924.9
97955.2
98362.9
98347.8
98330.1
98304.8
98274.1
98234.8
98190.7
98142.6
98093.6
98046.8
98003.9
97967.6
97938.7
97919.6
97908.6
97905.9
97907.1
97911.5
97914.7
97917.4
97916.3
97920.4
97919.4
97927.4
97956.7
98517.2
98496.3
98470.5
98437
98396.8
98347.4
98292.3
98233
98172.5
98114.1
98060.1
98013.3
97974.9
97947.3
97929.1
97920.5
97917.3
97918.6
97919.9
97921.5
97919.9
97923.5
97922.4
97930.1
97958.3
98670.9
98644.2
98610.4
98568.7
98519.1
98459.5
98393.6
98323
98251
98181
98115.8
98058.6
98010.7
97974.7
97949.4
97935.1
97927.5
97925.8
97925.1
97925.6
97923.6
97926.7
97925.4
97932.8
97959.8
98831.5
98798.7
98757
98706.6
98647.3
98577.2
98500
98417.6
98333.5
98251.3
98174.4
98106.1
98048.3
98003.4
97970.8
97950.5
97938.4
97933.4
97930.8
97930.1
97927.6
97930.2
97928.7
97935.7
97961.6
98985.3
98946.6
98897.8
98839.2
98770.5
98690.5
98602.5
98508.7
98412.9
98319.1
98230.7
98151.8
98084.4
98031
97991.2
97965.2
97948.9
97940.9
97936.4
97934.5
97931.6
97933.7
97932.1
97938.7
97963.2
99112.3
99069
99014.3
98949.1
98872.7
98784.4
98687.4
98584.2
98478.7
98375.2
98277.3
98189.3
98113.9
98053.6
98008
97977.4
97957.5
97947.2
97941
97938.2
97934.9
97936.7
97935
97941.2
97964.6
99215.3
99168.5
99109.3
99038.6
98955.9
98860.9
98756.6
98645.7
98532.2
98420.7
98315.1
98219.8
98137.9
98071.9
98021.7
97987.3
97964.6
97952.3
97944.8
97941.3
97937.7
97939.2
97937.5
97943.2
97965.6
99297.1
99247.5
99184.8
99109.9
99022.3
98921.9
98811.7
98694.7
98574.8
98456.9
98345.1
98244
98156.9
98086.4
98032.5
97995.1
97970.3
97956.4
97947.9
97943.7
97940
97941.2
97939.4
97944.8
97966.4
99360.4
99308.9
99243.7
99165.5
99074.1
98969.5
98854.7
98732.8
98608
98485.1
98368.5
98262.9
98171.8
98097.8
98040.9
98001.3
97974.7
97959.5
97950.2
97945.6
97941.7
97942.7
97941
97946
97967
99408.5
99355.6
99288.6
99207.9
99113.6
99005.8
98887.5
98761.9
98633.3
98506.7
98386.4
98277.4
98183.2
98106.5
98047.4
98005.9
97978
97961.9
97952
97947.1
97942.9
97943.8
97942.1
97946.8
97967.4
99443.9
99390.2
99321.9
99239.4
99142.9
99032.7
98911.8
98783.5
98652.1
98522.7
98399.8
98288.3
98191.7
98113
98052.2
98009.4
97980.4
97963.7
97953.3
97948.1
97943.8
97944.6
97942.9
97947.4
97967.7
99469.3
99414.9
99345.8
99261.9
99163.8
99052
98929.3
98799.1
98665.7
98534.3
98409.4
98296.1
98197.8
98117.7
98055.6
98011.8
97982.1
97964.8
97954.1
97948.7
97944.4
97945.1
97943.3
97947.8
97967.8
99486.5
99431.8
99362.1
99277.3
99178.2
99065.2
98941.3
98809.8
98675.1
98542.3
98416.1
98301.5
98202.1
98120.9
98057.9
98013.5
97983.3
97965.6
97954.7
97949.1
97944.7
97945.4
97943.6
97948
97967.8
99497.2
99442.4
99372.3
99287.1
99187.4
99073.7
98949.1
98816.8
98681.3
98547.6
98420.6
98305.1
98204.9
98123
98059.4
98014.5
97983.9
97966
97955
97949.4
97944.9
97945.6
97943.7
97948
97967.7
99503.5
99448.5
99378.3
99292.9
99193
99079
98954.1
98821.3
98685.2
98551.1
98423.4
98307.4
98206.7
98124.2
98060.3
98015
97984.3
97966.2
97955.1
97949.4
97944.9
97945.5
97943.7
97948
97967.5
99506.9
99451.9
99381.9
99296.6
99196.7
99082.7
98957.6
98824.7
98688.3
98553.8
98425.8
98309.4
98208.3
98125.5
98061.2
98015.7
97984.7
97966.5
97955.2
97949.5
97944.9
97945.6
97943.7
97948
97967.5
)
;

boundaryField
{
    inlet
    {
        type            zeroGradient;
    }
    outlet
    {
        type            waveTransmissive;
        phi             phi;
        rho             rho;
        psi             psi;
        gamma           1.3;
        fieldInf        100000;
        lInf            0.3;
        value           uniform 100000;
    }
    upperWall
    {
        type            zeroGradient;
    }
    lowerWall
    {
        type            zeroGradient;
    }
    frontAndBack
    {
        type            empty;
    }
}


// ************************************************************************* //
