/*--------------------------------*- C++ -*----------------------------------*\
| =========                 |                                                 |
| \\      /  F ield         | OpenFOAM: The Open Source CFD Toolbox           |
|  \\    /   O peration     | Version:  dev                                   |
|   \\  /    A nd           | Web:      http://www.openfoam.org               |
|    \\/     M anipulation  |                                                 |
\*---------------------------------------------------------------------------*/
FoamFile
{
    version     2.0;
    format      ascii;
    class       volScalarField;
    object      p_0;
    location    "9.119";
}
// * * * * * * * * * * * * * * * * * * * * * * * * * * * * * * * * * * * * * //

dimensions      [1 -1 -2 0 0 0 0];

internalField   nonuniform List<scalar> 
12225
(
100090
100183
100326
100504
100692
100891
101084
101274
101446
101608
101741
101864
101952
102033
102073
102109
102086
102094
100091
100188
100329
100507
100694
100893
101085
101275
101447
101609
101742
101864
101951
102032
102073
102106
102070
102122
100099
100196
100336
100512
100698
100896
101087
101277
101448
101609
101741
101862
101950
102026
102072
102093
102080
102096
100109
100207
100346
100520
100704
100901
101091
101279
101449
101608
101740
101858
101947
102017
102066
102080
102088
102078
100122
100222
100359
100531
100713
100908
101096
101282
101450
101606
101738
101851
101941
102006
102058
102070
102098
102085
100140
100241
100376
100545
100724
100916
101102
101284
101452
101602
101734
101842
101932
101993
102045
102060
102085
102073
100162
100262
100396
100561
100738
100924
101109
101286
101452
101597
101726
101829
101917
101975
102023
102041
102060
102050
100189
100286
100418
100578
100752
100934
101115
101287
101450
101590
101715
101814
101898
101954
101997
102017
102029
102024
100218
100310
100440
100595
100767
100943
101121
101288
101446
101582
101703
101798
101877
101932
101971
101991
101998
101993
100249
100340
100467
100617
100784
100954
101128
101288
101439
101571
101685
101776
101849
101901
101935
101954
101958
101951
100285
100375
100499
100641
100803
100966
101132
101285
101428
101552
101659
101744
101810
101857
101886
101901
101903
101894
100337
100416
100533
100669
100821
100976
101131
101276
101407
101522
101619
101697
101755
101796
101819
101829
101827
101814
100386
100459
100568
100695
100836
100980
101122
101254
101373
101475
101561
101628
101678
101711
101728
101731
101723
101704
100434
100498
100596
100712
100840
100969
101094
101211
101313
101402
101473
101529
101567
101591
101599
101595
101580
101555
100458
100518
100604
100707
100817
100928
101033
101130
101215
101286
101342
101383
101409
101421
101420
101407
101384
101352
100463
100502
100572
100656
100745
100833
100916
100991
101055
101107
101146
101171
101183
101183
101171
101148
101116
101076
100384
100417
100466
100525
100588
100651
100709
100761
100804
100836
100857
100866
100864
100851
100827
100795
100754
100706
100249
100245
100263
100293
100329
100367
100403
100434
100458
100473
100478
100474
100459
100435
100402
100361
100313
100259
100017
99997
99992.6
100000
100016
100035
100054
100069
100080
100082
100076
100062
100038
100007
99967.3
99921
99869.1
99811.5
99776.1
99734.3
99711.6
99704
99706
99712.7
99720.2
99725.4
99726
99720.1
99706.7
99685.6
99656.9
99620.9
99578.1
99529.1
99475
99416
99541
99487.7
99452.7
99434.5
99427.3
99425.8
99425.5
99423.3
99417
99405.3
99387
99361.8
99329.8
99291.3
99246.8
99196.5
99141.7
99082.3
99332.3
99276.2
99234
99208
99193.9
99185.9
99179.7
99172.1
99161.1
99145.2
99123.6
99095.8
99061.8
99021.9
98976.4
98925.8
98870.9
98811.8
99164
99106.8
99059.6
99027.8
99007.8
98994.5
98983.6
98972
98957.7
98939
98915.1
98885.5
98850.2
98809.6
98763.7
98713.1
98658.3
98599.8
99042
98978.7
98926.8
98890.4
98865.8
98848.2
98833.5
98818.8
98801.8
98781.2
98755.8
98725.1
98689.1
98648
98602
98551.5
98497.1
98439
98958.1
98886.8
98830.2
98790.1
98762.2
98741.4
98723.8
98706.4
98687.2
98664.9
98638.3
98607
98570.7
98529.3
98483.3
98432.9
98378.8
98321.2
98899.9
98823.3
98763.1
98720
98689.6
98666.6
98646.8
98627.6
98606.8
98583.1
98555.5
98523.6
98486.9
98445.5
98399.5
98349.3
98295.4
98238.3
98865.1
98782.2
98719.1
98673.8
98641.5
98616.8
98595.6
98575
98553.2
98528.7
98500.4
98467.9
98430.9
98389.3
98343.3
98293.2
98239.4
98182.6
98846.6
98758.5
98692.7
98645.6
98611.9
98586
98563.8
98542.4
98520
98494.9
98466.2
98433.3
98396
98354.3
98308.3
98258.2
98204.5
98147.8
98839.7
98747.7
98679.1
98630.6
98595.8
98569.2
98546.4
98524.6
98501.7
98476.3
98447.4
98414.3
98376.8
98335
98288.9
98238.8
98185.2
98128.4
98840.9
98745.9
98675.3
98625.7
98590.1
98563
98539.9
98517.7
98494.6
98469.1
98440
98406.8
98369.3
98327.4
98281.3
98231.2
98177.5
98120.7
100274
100276
100282
100291
100305
100322
100343
100368
100397
100430
100466
100506
100550
100597
100648
100703
100761
100823
100887
100956
101027
101101
101178
101257
101339
101424
101510
101599
101688
101778
101866
101954
102038
102118
102193
102265
102333
102396
102456
102512
102564
102612
102652
102681
102711
102738
102761
102780
102795
102806
102813
102819
102821
102820
102819
102821
102828
102839
102853
102871
102896
102929
102970
103022
103086
103162
103252
103356
103475
103610
103762
103930
104116
104320
104543
104785
105046
105327
105627
105948
106288
106648
107027
107425
107842
108277
108729
109197
109681
110181
110692
111213
111744
112282
112824
113370
113914
114455
114989
115512
116020
116509
116974
117410
117813
118177
118500
118778
119008
119190
119324
119410
119449
119444
119393
119298
119163
118988
118773
118526
118260
117988
117717
117448
117172
116886
116599
116316
116040
115774
115517
115264
115012
114756
114499
114243
113987
113722
113443
113154
112858
112548
112225
111890
111534
111176
110828
110493
110184
109899
109644
109427
109254
109130
109071
109088
109177
109347
109612
109972
110434
110996
111675
112551
113579
114795
116154
117673
119362
121170
123072
124956
126769
128489
130099
131532
132735
133613
134142
134243
100320
100322
100327
100337
100350
100367
100388
100413
100441
100473
100509
100548
100590
100637
100686
100739
100795
100855
100918
100984
101053
101125
101200
101278
101358
101441
101525
101611
101698
101785
101872
101958
102041
102120
102196
102268
102335
102397
102455
102510
102559
102603
102642
102673
102701
102723
102744
102762
102778
102789
102793
102797
102802
102802
102796
102791
102793
102800
102812
102829
102852
102882
102921
102971
103033
103106
103194
103295
103411
103543
103691
103857
104039
104240
104459
104697
104955
105231
105527
105843
106179
106534
106908
107301
107712
108141
108587
109049
109526
110017
110520
111035
111559
112088
112622
113159
113695
114227
114752
115266
115766
116247
116705
117136
117534
117896
118216
118491
118720
118900
119033
119118
119156
119150
119099
119005
118873
118703
118493
118249
117986
117721
117461
117207
116949
116678
116402
116131
115869
115617
115373
115132
114891
114646
114397
114149
113904
113656
113392
113116
112833
112535
112222
111895
111550
111202
110860
110539
110238
109962
109716
109508
109342
109225
109170
109188
109285
109451
109714
110076
110538
111101
111772
112664
113676
114878
116222
117738
119412
121196
123069
124918
126704
128383
129959
131365
132547
133397
133909
133993
100408
100410
100415
100424
100437
100453
100473
100497
100523
100554
100588
100625
100665
100709
100756
100807
100860
100917
100977
101040
101106
101175
101246
101321
101397
101476
101557
101639
101721
101804
101887
101970
102050
102129
102203
102273
102338
102399
102454
102504
102549
102588
102621
102649
102670
102690
102709
102726
102740
102751
102755
102751
102747
102742
102735
102728
102725
102725
102731
102743
102761
102788
102823
102869
102926
102995
103077
103173
103284
103410
103552
103711
103887
104081
104293
104524
104774
105042
105330
105637
105964
106309
106673
107056
107456
107873
108307
108756
109220
109696
110188
110686
111193
111706
112224
112743
113261
113775
114282
114778
115260
115723
116164
116581
116970
117326
117642
117916
118143
118323
118455
118539
118578
118574
118523
118427
118298
118134
117937
117713
117470
117220
116971
116727
116494
116266
116030
115783
115546
115319
115098
114881
114660
114437
114207
113974
113744
113514
113286
113039
112781
112506
112217
111904
111577
111251
110929
110626
110346
110087
109854
109662
109511
109405
109364
109393
109488
109657
109918
110283
110750
111322
112005
112878
113882
115063
116393
117890
119520
121263
123058
124836
126571
128176
129671
131002
132121
132919
133380
133427
100532
100534
100538
100546
100558
100573
100591
100613
100638
100666
100697
100732
100770
100811
100855
100902
100952
101005
101062
101121
101183
101247
101315
101385
101457
101530
101605
101681
101758
101836
101913
101990
102066
102141
102213
102281
102345
102403
102455
102501
102539
102570
102597
102618
102634
102649
102663
102674
102680
102682
102680
102673
102663
102651
102639
102628
102619
102615
102615
102620
102632
102652
102682
102721
102771
102833
102907
102996
103098
103216
103350
103500
103667
103851
104053
104274
104512
104770
105046
105341
105654
105986
106336
106704
107090
107491
107908
108340
108786
109244
109713
110191
110677
111169
111664
112161
112655
113145
113627
114097
114553
114991
115407
115798
116162
116499
116805
117074
117300
117480
117614
117700
117743
117742
117696
117613
117494
117338
117159
116967
116763
116544
116316
116081
115849
115645
115463
115267
115068
114871
114676
114492
114312
114125
113926
113719
113511
113306
113112
112913
112695
112454
112198
111918
111616
111315
111021
110749
110491
110262
110051
109880
109751
109660
109641
109675
109775
109946
110207
110571
111043
111631
112320
113185
114174
115337
116644
118094
119669
121351
123047
124718
126358
127868
129237
130445
131441
132158
132528
132506
100684
100685
100689
100696
100707
100720
100737
100757
100781
100807
100836
100867
100902
100939
100979
101023
101069
101117
101169
101223
101280
101339
101401
101465
101531
101598
101667
101737
101807
101878
101949
102019
102089
102158
102226
102291
102351
102406
102456
102497
102532
102560
102576
102586
102594
102599
102603
102605
102602
102594
102583
102568
102552
102533
102515
102497
102482
102471
102463
102461
102466
102478
102499
102530
102571
102623
102688
102766
102859
102966
103089
103227
103382
103554
103744
103951
104176
104419
104681
104960
105257
105573
105905
106255
106621
107003
107400
107810
108233
108667
109112
109566
110026
110492
110960
111430
111897
112359
112813
113256
113684
114094
114482
114845
115181
115485
115760
116007
116219
116394
116528
116618
116664
116664
116633
116570
116470
116337
116183
116018
115850
115668
115475
115281
115074
114869
114688
114541
114396
114242
114080
113940
113817
113694
113547
113371
113197
113034
112879
112728
112570
112372
112150
111921
111661
111390
111130
110900
110670
110475
110299
110157
110054
109986
109986
110029
110139
110310
110572
110929
111400
111999
112694
113552
114524
115682
116950
118334
119851
121444
123024
124560
126064
127461
128648
129716
130519
131134
131379
131232
100858
100858
100862
100868
100877
100890
100905
100924
100945
100969
100995
101023
101055
101088
101124
101162
101203
101246
101292
101341
101391
101444
101499
101556
101615
101675
101737
101800
101863
101927
101990
102054
102116
102178
102239
102298
102353
102404
102447
102482
102510
102528
102538
102542
102541
102536
102529
102519
102505
102487
102467
102443
102418
102392
102366
102341
102318
102297
102281
102270
102265
102267
102278
102298
102328
102369
102422
102489
102569
102663
102773
102898
103039
103197
103372
103563
103773
103999
104243
104504
104783
105079
105391
105719
106064
106423
106795
107180
107577
107984
108400
108825
109256
109691
110129
110567
111003
111434
111857
112269
112667
113047
113407
113744
114054
114334
114580
114795
114977
115127
115245
115334
115380
115385
115364
115313
115233
115134
115016
114876
114737
114592
114439
114280
114140
113989
113835
113701
113589
113483
113372
113268
113184
113123
113078
112944
112814
112698
112590
112490
112392
112256
112070
111890
111682
111459
111246
111064
110880
110720
110584
110469
110410
110362
110380
110432
110557
110729
110998
111351
111814
112410
113111
113961
114910
116048
117272
118587
120037
121513
122970
124348
125696
126930
127928
128843
129402
129892
129971
129691
101045
101046
101048
101054
101063
101073
101087
101103
101122
101143
101166
101192
101220
101249
101281
101314
101350
101389
101429
101471
101514
101559
101606
101655
101706
101758
101812
101867
101922
101978
102034
102089
102144
102197
102250
102301
102349
102392
102428
102455
102474
102483
102485
102480
102470
102455
102437
102416
102391
102363
102332
102300
102265
102230
102195
102160
102126
102096
102069
102047
102031
102022
102020
102028
102045
102073
102113
102166
102231
102311
102406
102516
102641
102782
102940
103114
103305
103513
103738
103979
104237
104511
104801
105106
105426
105760
106106
106463
106831
107210
107596
107988
108387
108789
109194
109599
110002
110398
110788
111167
111532
111880
112210
112518
112800
113056
113283
113476
113635
113761
113857
113925
113961
113970
113955
113911
113849
113776
113689
113583
113473
113369
113273
113165
113056
112972
112887
112806
112732
112675
112632
112566
112500
112472
112501
112437
112366
112298
112239
112196
112158
112085
111962
111821
111668
111513
111362
111229
111102
110983
110893
110817
110786
110767
110804
110868
111007
111185
111456
111811
112269
112852
113553
114387
115319
116399
117550
118818
120181
121535
122847
124074
125236
126249
127075
127811
128155
128464
128347
128000
101238
101239
101242
101247
101254
101263
101275
101289
101305
101324
101344
101367
101391
101418
101446
101476
101508
101541
101575
101610
101646
101683
101721
101760
101801
101844
101889
101935
101982
102030
102077
102124
102169
102213
102257
102298
102336
102369
102395
102413
102422
102422
102415
102401
102381
102357
102329
102297
102261
102223
102182
102139
102094
102048
102002
101956
101911
101869
101830
101796
101767
101744
101730
101723
101726
101740
101765
101802
101853
101916
101994
102086
102195
102318
102457
102611
102782
102970
103174
103393
103628
103879
104145
104425
104718
105025
105342
105670
106008
106355
106709
107070
107435
107803
108173
108543
108911
109274
109629
109975
110308
110625
110925
111203
111457
111687
111890
112064
112208
112323
112407
112460
112487
112493
112480
112447
112399
112339
112276
112210
112138
112068
112005
111966
111915
111865
111831
111808
111795
111801
111831
111822
111792
111799
111846
111871
111850
111828
111818
111836
111864
111849
111808
111723
111630
111549
111462
111390
111312
111244
111200
111169
111165
111182
111231
111317
111461
111653
111925
112279
112737
113303
113999
114804
115722
116734
117782
118991
120240
121484
122643
123697
124628
125424
126084
126580
126808
126848
126550
126162
101430
101432
101434
101438
101444
101452
101462
101474
101488
101504
101521
101541
101563
101586
101611
101636
101662
101689
101717
101746
101773
101802
101832
101863
101895
101928
101964
102001
102039
102078
102116
102154
102190
102224
102257
102288
102316
102337
102352
102358
102357
102348
102331
102308
102279
102244
102206
102163
102117
102068
102016
101962
101905
101847
101789
101731
101673
101618
101566
101518
101476
101440
101410
101389
101377
101376
101385
101406
101439
101486
101546
101621
101710
101814
101933
102067
102216
102381
102562
102758
102969
103195
103435
103691
103956
104233
104521
104818
105124
105438
105760
106086
106418
106753
107088
107422
107754
108082
108403
108715
109015
109302
109572
109823
110052
110258
110438
110593
110722
110826
110903
110952
110978
110984
110974
110950
110918
110875
110829
110793
110756
110731
110701
110680
110686
110696
110708
110726
110754
110810
110895
110957
110992
111052
111135
111224
111263
111287
111324
111398
111504
111545
111577
111572
111555
111548
111524
111514
111491
111475
111482
111497
111521
111574
111634
111745
111893
112100
112378
112734
113193
113739
114426
115189
116087
117038
117996
119099
120217
121337
122338
123161
123879
124504
124967
125182
125375
125081
124599
124095
101615
101616
101618
101622
101627
101634
101642
101652
101664
101677
101692
101709
101727
101746
101766
101787
101808
101830
101852
101873
101894
101915
101937
101958
101981
102006
102033
102061
102091
102121
102150
102178
102204
102229
102251
102271
102286
102296
102299
102294
102282
102262
102236
102203
102164
102120
102071
102017
101961
101900
101836
101769
101700
101630
101558
101487
101416
101347
101281
101219
101162
101111
101067
101031
101004
100987
100980
100984
101001
101031
101073
101129
101199
101284
101382
101494
101621
101762
101919
102091
102277
102477
102691
102917
103155
103403
103661
103927
104201
104482
104770
105063
105359
105660
105961
106260
106558
106851
107137
107416
107683
107938
108179
108402
108607
108791
108953
109092
109206
109298
109370
109419
109446
109458
109456
109441
109419
109394
109372
109359
109342
109346
109373
109389
109410
109458
109528
109602
109671
109753
109871
109994
110098
110215
110348
110495
110595
110678
110771
110886
111055
111166
111256
111340
111407
111473
111519
111564
111607
111651
111712
111767
111828
111909
111989
112120
112276
112497
112782
113140
113602
114132
114807
115521
116381
117271
118165
119142
120118
121085
121909
122506
123048
123485
123721
123686
123675
123177
122463
121882
101786
101788
101790
101793
101797
101803
101810
101818
101828
101839
101851
101864
101879
101894
101910
101927
101943
101959
101975
101990
102004
102017
102030
102043
102058
102074
102093
102113
102134
102156
102176
102195
102211
102225
102236
102245
102248
102246
102237
102221
102198
102168
102132
102088
102039
101984
101925
101860
101792
101719
101642
101563
101481
101397
101311
101226
101141
101058
100978
100902
100830
100764
100705
100654
100611
100578
100556
100544
100544
100557
100582
100620
100671
100737
100816
100907
101011
101128
101261
101406
101566
101740
101927
102125
102334
102553
102781
103016
103259
103508
103763
104024
104286
104551
104817
105083
105346
105606
105860
106106
106342
106568
106779
106975
107155
107318
107462
107586
107689
107771
107834
107881
107914
107932
107937
107938
107933
107921
107915
107929
107946
107959
108006
108078
108142
108214
108313
108436
108556
108680
108826
108995
109156
109318
109497
109695
109862
110000
110142
110305
110507
110698
110855
111016
111164
111295
111416
111524
111635
111749
111863
111954
112059
112159
112269
112409
112574
112812
113108
113473
113938
114455
115108
115776
116583
117402
118236
119081
119920
120729
121367
121777
122117
122319
122318
122060
121716
121083
120153
119674
101939
101941
101943
101946
101950
101955
101960
101967
101974
101983
101992
102002
102014
102025
102037
102048
102060
102071
102081
102090
102098
102105
102110
102116
102123
102131
102142
102154
102167
102180
102191
102200
102206
102209
102211
102208
102200
102187
102166
102139
102106
102066
102018
101965
101905
101839
101768
101692
101611
101526
101437
101344
101248
101151
101052
100953
100854
100757
100662
100571
100485
100404
100331
100265
100207
100159
100121
100093
100077
100072
100079
100099
100132
100178
100239
100310
100394
100489
100597
100716
100850
100995
101155
101325
101505
101696
101895
102100
102313
102531
102755
102984
103216
103449
103683
103916
104147
104374
104596
104812
105018
105215
105401
105572
105731
105872
105996
106106
106196
106270
106329
106371
106403
106432
106447
106455
106472
106483
106491
106519
106569
106613
106669
106763
106868
106977
107105
107247
107412
107582
107760
107967
108177
108375
108592
108832
109059
109250
109434
109644
109886
110138
110373
110599
110815
111007
111198
111377
111565
111746
111906
112040
112183
112302
112436
112584
112760
113016
113326
113711
114176
114683
115304
115936
116679
117412
118171
118884
119594
120230
120669
120921
121022
120996
120737
120375
119806
118930
117965
117432
102072
102074
102077
102079
102082
102086
102090
102095
102101
102107
102114
102120
102127
102135
102143
102150
102158
102164
102170
102174
102176
102176
102175
102174
102174
102176
102179
102184
102189
102193
102195
102194
102190
102183
102174
102161
102142
102118
102086
102049
102005
101955
101897
101832
101761
101684
101601
101513
101420
101322
101220
101115
101005
100895
100782
100670
100557
100446
100337
100233
100133
100038
99950.7
99870.7
99799.1
99736.6
99683.5
99640
99607.1
99585.8
99576.2
99577.8
99591.8
99618.2
99658.4
99711
99775.1
99850
99935.2
100030
100137
100257
100388
100531
100683
100845
101015
101193
101376
101566
101760
101960
102162
102365
102570
102774
102975
103174
103366
103554
103734
103902
104066
104214
104350
104477
104582
104677
104759
104821
104876
104918
104946
104979
105008
105025
105051
105087
105120
105162
105227
105302
105383
105490
105619
105757
105914
106083
106272
106473
106679
106916
107162
107395
107646
107915
108186
108426
108650
108904
109187
109492
109787
110071
110346
110602
110865
111115
111379
111616
111813
111999
112173
112312
112464
112623
112816
113086
113408
113821
114284
114791
115378
115973
116647
117292
117941
118547
119118
119550
119732
119883
119746
119523
119047
118578
117877
116914
116038
115262
102181
102183
102185
102188
102190
102194
102197
102201
102205
102208
102212
102216
102221
102225
102229
102232
102236
102238
102238
102238
102235
102230
102224
102218
102211
102206
102202
102200
102197
102192
102186
102176
102162
102145
102126
102103
102073
102038
101997
101950
101896
101834
101765
101690
101608
101519
101424
101324
101219
101109
100994
100876
100754
100630
100505
100379
100254
100130
100008
99890.6
99777.6
99670.2
99569.3
99475.9
99390.5
99314.1
99247
99189.3
99141.2
99104.2
99078.8
99064.4
99061.1
99068.7
99088.4
99120.4
99163.6
99218.5
99281.8
99355.7
99439.3
99533.2
99638.8
99754.6
99880.1
100016
100159
100309
100465
100628
100795
100966
101140
101316
101493
101669
101843
102014
102183
102343
102500
102646
102786
102917
103031
103141
103235
103316
103390
103447
103495
103537
103567
103599
103637
103669
103704
103755
103809
103871
103949
104044
104152
104273
104421
104581
104752
104945
105154
105376
105605
105861
106130
106391
106668
106962
107260
107534
107796
108088
108406
108756
109092
109432
109761
110082
110408
110727
111053
111321
111556
111794
112002
112163
112336
112514
112734
113018
113348
113779
114236
114746
115297
115858
116453
117025
117526
118069
118465
118680
118545
118665
118302
117921
117292
116679
115865
114951
114060
113136
102264
102267
102269
102271
102274
102276
102278
102281
102283
102285
102287
102289
102290
102291
102292
102291
102290
102288
102285
102280
102274
102265
102255
102243
102232
102220
102209
102199
102188
102175
102160
102143
102120
102095
102066
102032
101993
101948
101897
101840
101776
101704
101624
101537
101444
101343
101237
101125
101007
100885
100759
100628
100495
100358
100221
100083
99945.9
99810
99676.6
99547
99421.8
99302.1
99188.9
99083
98985
98895.4
98815.3
98744.3
98682.9
98631.7
98591.3
98561.3
98541.8
98533.3
98535.2
98548.5
98571.7
98605.6
98648.2
98700.4
98763
98833.8
98915.2
99007
99108
99218.5
99337.3
99462.7
99594.2
99731.6
99872.4
100017
100165
100314
100466
100615
100765
100911
101055
101192
101326
101453
101572
101686
101786
101881
101965
102035
102102
102156
102201
102243
102277
102312
102354
102397
102445
102506
102577
102656
102750
102859
102985
103122
103284
103461
103642
103850
104072
104304
104553
104817
105097
105378
105670
105984
106299
106592
106886
107203
107544
107925
108295
108687
109062
109439
109818
110195
110548
110836
111124
111405
111640
111841
112044
112254
112507
112802
113139
113570
114020
114524
115044
115564
116063
116589
116930
117408
117612
117645
117216
117286
116776
116236
115529
114749
113839
112874
111960
110944
102324
102327
102329
102331
102333
102335
102337
102338
102339
102340
102340
102339
102338
102336
102333
102329
102324
102318
102310
102301
102291
102279
102265
102250
102233
102216
102198
102181
102161
102140
102117
102091
102061
102028
101990
101947
101899
101844
101784
101717
101642
101560
101470
101373
101268
101157
101039
100915
100786
100652
100514
100372
100227
100080
99931.6
99782.7
99634.4
99487.5
99343.4
99202.8
99066.8
98936.4
98812.3
98695.6
98586.9
98486.1
98393.9
98310.9
98237.6
98173.9
98119.6
98075
98039.7
98014.9
98000.9
97998
98003.6
98018.3
98042
98073.9
98115.9
98166.7
98226.3
98296.2
98375.6
98463.1
98559
98661.5
98771
98885.4
99003.8
99124.6
99249.1
99374
99500.6
99626.8
99751.8
99875.7
99996.5
100115
100227
100336
100436
100534
100622
100704
100778
100843
100904
100954
101001
101045
101083
101124
101170
101222
101282
101354
101437
101529
101637
101759
101896
102048
102218
102399
102590
102808
103035
103271
103529
103795
104076
104367
104663
104985
105313
105619
105930
106255
106616
107009
107410
107834
108245
108668
109089
109504
109860
110185
110528
110829
111083
111345
111590
111838
112122
112424
112770
113189
113631
114121
114611
115077
115471
115970
116162
116534
116538
116431
115919
115788
115203
114503
113731
112794
111818
110870
109934
108770
102361
102364
102367
102369
102370
102372
102373
102373
102373
102373
102371
102368
102364
102359
102353
102345
102337
102327
102316
102303
102288
102272
102254
102235
102214
102191
102168
102143
102116
102087
102056
102021
101983
101941
101895
101844
101787
101723
101652
101576
101492
101401
101301
101194
101081
100959
100830
100696
100555
100410
100261
100108
99952.7
99795.2
99636.6
99477.9
99319.9
99163.6
99010.2
98860.3
98715.4
98576.2
98443.1
98317.2
98199.2
98088.6
97986.3
97893
97808.5
97733.3
97666.8
97609.9
97561.3
97522.1
97493.1
97474.9
97464.3
97462
97468.5
97483
97506.3
97539.3
97580.5
97631.3
97691.2
97758.7
97834.1
97916.5
98004.9
98097.6
98194.7
98294.6
98397.4
98501.9
98606.5
98711.2
98814.5
98918.3
99018.3
99117.2
99211.9
99303.6
99389.6
99471.4
99549.4
99619.7
99685
99745.6
99801.1
99849.7
99898.4
99945.2
99989
100038
100091
100150
100222
100304
100395
100499
100618
100751
100896
101057
101231
101413
101610
101829
102055
102290
102543
102805
103079
103364
103657
103976
104308
104632
104940
105250
105627
106021
106446
106881
107318
107772
108226
108644
109006
109391
109765
110070
110353
110673
110973
111259
111562
111875
112236
112640
113068
113535
113978
114401
114708
115128
115226
115483
115291
115009
114551
114163
113505
112713
111890
110896
109842
109002
107991
106791
102373
102381
102383
102384
102386
102387
102387
102387
102386
102384
102381
102376
102369
102361
102352
102341
102329
102315
102301
102284
102266
102246
102224
102200
102174
102146
102116
102085
102051
102014
101975
101932
101886
101835
101780
101719
101653
101580
101500
101415
101323
101224
101116
101001
100878
100747
100609
100464
100314
100159
99999.4
99836.7
99672.1
99505.6
99338.1
99170.8
99004.6
98840.5
98679.5
98522.3
98369.9
98223.3
98082.8
97949.1
97823
97704.3
97593.4
97491.4
97398
97313
97236.9
97169.2
97109.4
97058
97017.4
96984.5
96959.7
96942.9
96934.3
96933.9
96942.3
96959.5
96985.5
97020.4
97063.5
97113.8
97171.9
97236.5
97305.8
97379.4
97456.5
97537.4
97620.4
97704.9
97789
97874.3
97958.3
98043.4
98126.2
98207.1
98286.2
98362.3
98434.8
98504.5
98571.9
98633.5
98692.2
98748.5
98800.7
98849.4
98899.9
98949.5
98999.6
99055.1
99115
99183.5
99266
99356.4
99455.6
99569.3
99697.5
99837
99987.4
100153
100327
100509
100707
100919
101139
101365
101604
101857
102117
102381
102664
102971
103294
103635
103933
104224
104588
104968
105403
105831
106290
106760
107220
107626
108029
108458
108827
109143
109478
109840
110190
110509
110822
111154
111530
111920
112329
112766
113153
113522
113778
114103
114150
114235
113887
113350
112997
112395
111672
110870
110030
109023
107914
107044
106103
105025
102368
102375
102378
102380
102382
102384
102383
102381
102378
102376
102372
102365
102357
102346
102333
102320
102305
102289
102271
102252
102230
102207
102181
102153
102123
102091
102056
102017
101977
101933
101887
101837
101783
101726
101663
101595
101520
101440
101354
101261
101163
101057
100942
100819
100689
100551
100405
100253
100095
99932.2
99765.2
99596.2
99423.9
99250.4
99076.5
98903
98730.8
98561
98394.5
98231.9
98074.2
97922.2
97776.1
97636.7
97505.1
97380.7
97264.5
97157.6
97057.1
96964.5
96881.6
96807.2
96738.8
96678.8
96627.7
96584.2
96548.7
96521.1
96501.2
96490
96487.5
96493.4
96507.8
96530.7
96560.8
96597.8
96642
96691.8
96745.6
96803.9
96865.4
96930.5
96997.2
97064.5
97131.9
97200.8
97269.6
97338.4
97406
97471.3
97536.1
97599.2
97659.8
97719.3
97777.3
97831.8
97885.5
97937.1
97986.4
98036.2
98087.6
98139.5
98194.9
98255.3
98321.5
98396
98485.7
98582.1
98688.3
98808.4
98940.8
99083.8
99236.4
99400.4
99572
99751.9
99942.6
100143
100351
100562
100782
101017
101258
101496
101756
102043
102352
102684
102977
103270
103595
103940
104350
104759
105233
105695
106138
106554
107006
107428
107779
108127
108514
108901
109273
109621
109944
110293
110678
111048
111441
111837
112169
112484
112713
112916
112891
112763
112261
111629
111242
110562
109821
109025
108189
107211
106101
105053
104312
103368
102353
102359
102362
102367
102370
102374
102376
102376
102376
102370
102362
102353
102341
102327
102312
102295
102277
102259
102239
102218
102194
102168
102139
102108
102074
102038
101998
101955
101908
101859
101806
101750
101690
101626
101558
101484
101404
101319
101227
101129
101025
100913
100793
100665
100528
100384
100232
100074
99909.8
99742.2
99570.3
99394.8
99217.6
99038.9
98860.1
98682.2
98505.7
98331.8
98161.3
97994.7
97833.3
97677.5
97527.7
97384.8
97249.7
97121.9
97002
96892
96785
96688.2
96600.2
96519.7
96446.1
96379.9
96321.3
96270.3
96227.1
96191.9
96164.1
96145.2
96134.6
96132
96137.6
96151.3
96171.4
96198.1
96231.2
96269.1
96310.7
96356.7
96406.2
96457.7
96510.4
96563.9
96618.4
96674.5
96730.4
96785.5
96839.7
96892.5
96945.1
96997.3
97048.3
97099.3
97149.2
97197.2
97246.2
97293.9
97340.2
97389.3
97441.5
97496.1
97554.9
97619.5
97691
97774.1
97862.9
97963.5
98074.4
98197.6
98332.4
98476.5
98628
98788.2
98956.3
99130.1
99309.2
99495.1
99686.8
99880.6
100079
100290
100507
100723
100952
101208
101498
101799
102087
102390
102676
102992
103354
103747
104206
104638
105065
105506
105962
106344
106693
107080
107494
107892
108272
108639
108976
109333
109718
110063
110448
110778
111064
111335
111520
111553
111418
111079
110511
109944
109422
108734
107991
107203
106380
105463
104418
103354
102604
101768
102321
102331
102334
102342
102347
102355
102358
102359
102357
102352
102343
102332
102318
102302
102283
102263
102243
102222
102201
102178
102152
102124
102093
102058
102021
101980
101936
101890
101839
101784
101725
101663
101597
101527
101452
101373
101288
101198
101101
100998
100888
100772
100647
100513
100370
100221
100064
99900.3
99732.5
99558.7
99381.4
99201.8
99020.5
98837.7
98655.1
98473.7
98294
98117.1
97943.6
97774.2
97610.1
97451.9
97299.9
97155
97017.6
96887.4
96764.9
96650.2
96541.6
96441.4
96349.1
96264.2
96186
96115.1
96051.5
95995.4
95946.9
95906.3
95873.2
95848.6
95831.7
95822.3
95820.9
95826.6
95838.3
95856.5
95880.1
95907.9
95939.5
95975.3
96013.9
96053.9
96094.6
96136.5
96180
96224.8
96268.4
96311
96353.3
96395.1
96437.8
96481.2
96524
96567.7
96610.8
96653.5
96697.9
96742.7
96787.5
96833.7
96889.2
96945.7
97008.8
97074.3
97150.3
97236.1
97329.4
97434.2
97548.9
97674
97810.2
97954
98102.6
98258.7
98421.5
98586
98751.9
98920.7
99093.9
99267.8
99442.1
99625.1
99816.3
100009
100204
100423
100681
100947
101225
101509
101769
102077
102392
102771
103176
103574
103993
104443
104860
105207
105572
105979
106400
106796
107183
107570
107915
108283
108652
108978
109341
109593
109859
110062
110157
110011
109775
109311
108794
108233
107611
106917
106176
105400
104600
103746
102807
101885
101022
100257
102277
102294
102297
102314
102322
102330
102335
102338
102336
102331
102322
102309
102293
102273
102251
102227
102203
102180
102158
102134
102107
102077
102043
102006
101965
101921
101873
101821
101766
101706
101643
101575
101504
101428
101348
101263
101174
101079
100977
100869
100755
100633
100503
100365
100218
100063
99900.8
99732.4
99559.7
99382.3
99200.8
99017.4
98832.8
98646.8
98461.1
98276.9
98094.9
97915.8
97740.3
97569.1
97403.1
97243.5
97090.3
96944.1
96805.2
96673.5
96549.1
96431.9
96322
96219.5
96124.6
96036.6
95955.3
95881.3
95814.6
95755.3
95704
95659.9
95623.3
95594.4
95572.7
95558.1
95551.1
95550.2
95555
95565.9
95581.5
95600.7
95623.9
95650.7
95679.8
95709.6
95740.6
95773.1
95807
95841.3
95873.8
95905.3
95937.8
95971.2
96005.7
96041.4
96077.1
96113.5
96149.8
96188.7
96229.1
96272.3
96317.8
96370
96417.5
96474.5
96539
96608.3
96688.4
96777.5
96874.4
96982.9
97100.4
97227
97363.1
97505.5
97651.8
97802.5
97957.7
98111.7
98263.4
98414.2
98566
98717.7
98867
99020.4
99181.4
99346.7
99511.9
99690.7
99903.7
100138
100390
100632
100879
101168
101444
101799
102138
102521
102929
103353
103720
104052
104432
104831
105244
105639
106024
106416
106778
107156
107500
107806
108121
108315
108576
108653
108629
108352
108062
107564
107121
106454
105803
105101
104380
103640
102881
102086
101244
100461
99617.7
98907.2
102228
102251
102258
102279
102292
102303
102310
102314
102312
102308
102298
102284
102265
102243
102216
102187
102158
102132
102109
102085
102058
102027
101991
101951
101907
101859
101808
101752
101692
101628
101559
101486
101409
101329
101244
101153
101058
100956
100851
100739
100621
100496
100362
100219
100068
99909.1
99742.8
99570.2
99393.5
99212.4
99027.6
98841
98653.4
98464.9
98276.9
98090.6
97907
97726.2
97549.5
97377.2
97210.1
97049.8
96896.1
96749.4
96609.7
96477.2
96351.9
96234
96123.4
96019.9
95923.4
95833.8
95751
95675.5
95607.4
95546.9
95494
95448
95408.9
95377
95351.6
95333.2
95321.7
95315.8
95315.1
95319.9
95328.8
95341
95357.1
95376.3
95396.8
95418
95440.8
95465.4
95490.4
95514.7
95537.7
95560.5
95585.2
95611.8
95639.5
95667.7
95696.3
95726.7
95756.3
95792.3
95830.5
95869.5
95913.2
95962.9
96013.9
96073
96139.5
96212.4
96296.1
96388
96488.5
96600.1
96720
96847.5
96983.3
97124
97266.5
97411.1
97557.2
97699.4
97836.4
97968.4
98097.1
98224.1
98348.2
98471.5
98599.4
98733.1
98868.5
99007.6
99175.3
99370.4
99580.3
99787.1
100020
100264
100512
100824
101113
101490
101863
102232
102557
102891
103274
103652
104050
104433
104812
105197
105578
105955
106265
106548
106806
106972
107197
107120
107007
106643
106317
105802
105383
104651
103998
103310
102627
101946
101236
100509
99762.4
99071.9
98352.3
97702
102162
102195
102214
102244
102262
102275
102283
102286
102287
102283
102272
102258
102237
102211
102179
102144
102110
102082
102059
102036
102009
101976
101938
101895
101848
101797
101742
101682
101618
101549
101475
101397
101315
101228
101138
101043
100942
100837
100726
100610
100488
100359
100222
100075
99919.9
99757.5
99587.6
99411.2
99230.7
99046.6
98859.2
98669.8
98479.5
98289.2
98099.7
97912
97727.2
97545.5
97368.4
97195.6
97027.9
96867.9
96714.4
96568.2
96428.7
96296.4
96171.4
96053.7
95943.3
95839.7
95743.2
95653.7
95571
95495.6
95427.3
95366.5
95312.9
95265.7
95225.1
95191.1
95163.3
95142.2
95127.3
95117.4
95112.6
95112.5
95115.9
95122.6
95132.9
95145.4
95158.8
95173
95188.9
95206
95223
95238.6
95253.7
95269.9
95288.4
95308.4
95329.4
95350.9
95372
95397.5
95425.6
95452.9
95487
95524.7
95568
95617.6
95671.1
95732.6
95801.5
95877.8
95964.6
96059.4
96163.3
96277.5
96398.8
96527.1
96662.3
96800.2
96938.3
97076.3
97212.3
97341.8
97463.5
97576.7
97681.8
97782.3
97879.9
97974.1
98068.3
98166.8
98267.2
98369.2
98492.6
98639.4
98803.5
98982.5
99179.7
99375
99603
99854.6
100120
100466
100786
101101
101395
101728
102092
102458
102836
103198
103565
103941
104329
104687
104964
105222
105433
105580
105704
105523
105351
104924
104548
103996
103568
102883
102226
101597
100959
100342
99681.9
99040.3
98394
97785.3
97180.5
96619.5
102064
102133
102173
102209
102235
102246
102252
102257
102259
102256
102246
102230
102208
102178
102143
102103
102065
102034
102010
101986
101958
101923
101883
101837
101787
101733
101675
101611
101543
101470
101392
101309
101221
101129
101034
100934
100829
100719
100604
100483
100358
100225
100084
99933.8
99775
99609.2
99436.2
99256.6
99072.8
98885.7
98696.1
98504.4
98312.1
98120.3
97929.5
97740.9
97555.5
97373.6
97196.8
97023.3
96856.2
96697.2
96544.8
96399.7
96261.2
96130.2
96006.5
95890
95780.8
95678.3
95582.9
95494.5
95413
95338.6
95271.1
95210.7
95156.9
95109.2
95067.9
95032.9
95003.7
94980.8
94963.5
94950.7
94942.6
94938.7
94937.9
94940.2
94945.7
94952.4
94959.8
94968.3
94978.3
94988.7
94998.5
95007.1
95015.7
95026.4
95039.3
95053
95067.4
95082.7
95099.4
95116.8
95138.7
95163.5
95195
95231.8
95275.5
95325.8
95381.5
95445.5
95516.9
95596.4
95686
95783.7
95890.6
96006.8
96129.4
96258.3
96392.1
96526.8
96660.4
96791.3
96916.9
97033
97138.4
97232.7
97314.8
97388.5
97458.1
97523.5
97584.3
97645.3
97707.6
97772.7
97850.1
97946.6
98066.9
98204.2
98353.3
98512.5
98707.3
98898.3
99157.5
99444.4
99711
99982.6
100252
100575
100908
101254
101610
101954
102305
102670
103044
103373
103625
103864
104034
104146
104134
103913
103671
103213
102779
102218
101786
101189
100543
99989.7
99409
98847.5
98244.1
97688
97144.7
96624.4
96112.1
95624.1
101912
102109
102149
102175
102210
102217
102222
102228
102231
102229
102218
102201
102176
102145
102107
102064
102023
101989
101962
101937
101906
101869
101826
101778
101726
101669
101607
101541
101469
101392
101309
101222
101129
101033
100933
100829
100719
100604
100484
100360
100231
100094
99950.1
99796.8
99634.7
99465.6
99289.8
99107.7
98921.3
98731.9
98540.2
98346.9
98153.1
97960.2
97768.4
97579.5
97394.1
97212.6
97036.3
96863.2
96696.6
96539.2
96388.4
96244.8
96108.1
95979
95857
95742.4
95635
95534.4
95440.8
95354.3
95274.6
95201.9
95135.7
95076.2
95022.9
94975.4
94934.4
94899
94869.2
94845.3
94826.3
94811.4
94800.8
94793.9
94789.8
94788.8
94790.3
94792.1
94794.8
94798.5
94803.5
94808.2
94811.8
94814.6
94818.1
94823.9
94831.4
94839
94846.8
94855.9
94866.5
94879.8
94897.7
94920.1
94949.6
94985.6
95029.4
95080.5
95138.4
95205
95279
95361.7
95454.1
95554.8
95664.5
95782.2
95905.7
96034.8
96167
96298.6
96427.1
96550.7
96665.1
96767
96855.9
96930.8
96990.7
97039.3
97080.1
97114.6
97142.2
97165.1
97187.9
97214.3
97245.3
97294.1
97367
97454.2
97555.7
97681.3
97824.9
97967.7
98228.4
98433.6
98656.4
98889.1
99137.9
99437.5
99739
100059
100385
100714
101050
101394
101741
102039
102278
102497
102619
102665
102539
102305
101992
101553
101095
100629
100083
99611.8
99015.5
98501.7
97991.8
97482.9
96942.7
96461.8
96010.2
95575.4
95154.4
94736.2
101671
102053
102141
102156
102181
102194
102198
102201
102202
102197
102186
102168
102143
102110
102071
102027
101983
101946
101917
101888
101854
101814
101769
101719
101664
101604
101540
101470
101395
101315
101228
101136
101039
100939
100835
100726
100613
100493
100368
100240
100107
99967.9
99820.6
99664.2
99499.2
99327.1
99149
98964.8
98776.3
98585
98391.8
98197
98002.4
97808.8
97616.7
97427.8
97242.8
97061.9
96886.2
96715.2
96549.6
96393.9
96245
96103.3
95968.7
95841.8
95722
95609.7
95504.5
95406.2
95315.1
95230.8
95153.3
95082.5
95018.2
94960.2
94908.1
94861.7
94821.5
94786.4
94756.5
94732.1
94712.3
94695.9
94683.6
94674.4
94667.9
94664.3
94662.7
94660.4
94659.3
94659.2
94659.8
94659.5
94658.1
94656.2
94655.7
94656.9
94659
94661
94663.1
94666.8
94672.8
94682.3
94697.3
94717.8
94745.7
94780.8
94824.4
94876.4
94936.5
95005.5
95082.1
95167.8
95262.9
95366.4
95478.4
95597.7
95721.8
95850.8
95981.4
96109.4
96232.4
96347.8
96451.1
96539
96611.2
96666.3
96704.9
96730.2
96742.4
96743.5
96736.7
96722.2
96704.9
96690.7
96676.9
96678.7
96701
96740.9
96802.8
96880.8
96967.8
97084.3
97316.2
97444.1
97634
97828.9
98053.8
98324.7
98596.2
98886.5
99176.8
99489.9
99812.7
100127
100439
100708
100938
101123
101180
101145
100961
100720
100380
100002
99568
99241.3
98485
98188.7
97688.2
97157.5
96710.8
96253
95780.9
95363.8
94989.8
94641.2
94300.2
93950.5
101856
102003
102108
102137
102155
102170
102174
102176
102174
102166
102153
102134
102109
102076
102037
101993
101948
101909
101876
101842
101805
101763
101715
101662
101605
101543
101477
101404
101326
101242
101153
101057
100956
100852
100744
100632
100514
100390
100261
100129
99993.3
99851
99700.8
99541.8
99374.2
99199.6
99019.2
98833.4
98643.2
98450.4
98255.9
98060.1
97864.9
97671
97479
97290.2
97105.6
96925.7
96751.2
96581.8
96418.3
96264.4
96117.5
95977.9
95845.6
95721
95603.7
95493.9
95391.1
95295.3
95206.9
95125.2
95050.1
94981.7
94919.6
94863.7
94813.1
94768.2
94729.4
94694.8
94665.3
94641
94621.4
94603.8
94590.3
94579.7
94571.2
94564.8
94559.8
94556
94552.3
94549.1
94546
94541.7
94536.3
94530.7
94526.7
94523.8
94521.2
94518.2
94515.7
94515.1
94517.6
94524.3
94536.8
94555.8
94582.3
94616.8
94660.4
94712.8
94774.6
94845.5
94924.5
95012.8
95110.4
95216.2
95330.1
95450.6
95575.1
95703.8
95832.6
95956.7
96073.7
96181
96273.6
96347.9
96403.6
96439.6
96457.6
96460.2
96445
96412.8
96370.6
96319.4
96262.9
96207.5
96151.6
96106.8
96081.5
96076.5
96091.8
96119.2
96161.7
96258.4
96427.8
96506.4
96659
96826.1
97018.7
97259.4
97503
97758.8
98014.8
98306.4
98616.8
98901.5
99174.1
99411.6
99622.3
99748.9
99734.7
99639.6
99446.8
99206
98901.4
98598
98176.7
97861.5
97160.3
96895.7
96478.5
95962.6
95569.8
95160.8
94754.6
94399.2
94087.4
93819.7
93546.4
93255.9
101978
101993
102078
102115
102133
102146
102150
102150
102147
102138
102123
102102
102075
102042
102002
101959
101913
101872
101835
101797
101755
101710
101660
101605
101546
101482
101413
101338
101257
101170
101078
100979
100874
100766
100655
100540
100418
100289
100156
100021
99881.7
99736.6
99583.5
99421.9
99251.9
99075.2
98892.8
98705.3
98513.6
98319.6
98124.1
97927.7
97732.1
97538.1
97346.4
97158.1
96974.3
96795.5
96622.4
96454.6
96293.9
96141.7
95997.1
95859.8
95730.1
95608.1
95493.5
95386.5
95286.7
95193.9
95108.4
95029.6
94957.5
94892
94832.4
94778.9
94730.2
94687.3
94650.5
94616.4
94587.8
94563.3
94542.1
94526.2
94512.7
94501.3
94491.8
94484
94477.3
94471.1
94465.1
94459.3
94453
94445.3
94436.6
94428
94421
94414.4
94407.4
94400.1
94393.9
94389.9
94389.6
94394.2
94404.9
94422.6
94448.3
94482.3
94525.6
94578.4
94641.1
94713.6
94795
94885.8
94985.7
95093.6
95209.1
95330.5
95455.5
95583.7
95710.4
95830.2
95941.3
96040.5
96122.5
96183
96222.4
96239.9
96237.2
96216.2
96174
96109.8
96031.6
95943.2
95848
95751.8
95655
95565.2
95493.7
95441.9
95408.8
95389.1
95399.1
95467.4
95561.7
95626.2
95743.2
95871.4
96045.2
96252
96451
96668.7
96894
97160.2
97452.7
97709.1
97944.4
98144.7
98314.5
98366.6
98302.9
98181
97996
97773.2
97523.2
97257.7
96837.8
96479.6
95983
95671.1
95268.6
94844.5
94498
94168.4
93835.4
93543.2
93293.2
93096.3
92881.7
92640.7
101999
101988
102066
102108
102119
102125
102127
102123
102116
102105
102088
102065
102036
102002
101963
101919
101873
101830
101788
101745
101700
101650
101597
101540
101478
101411
101341
101263
101179
101089
100993
100891
100783
100670
100556
100437
100311
100177
100040
99901.2
99758.9
99610.6
99454.5
99290.2
99118
98939.2
98754.9
98565.7
98372.8
98178
97981.7
97785.1
97589.6
97395.9
97205
97017.7
96835.1
96658
96486.6
96321.4
96163.7
96014.1
95872.2
95737.9
95611.4
95492.8
95381.7
95278.2
95182
95093
95011.3
94936.2
94867.8
94805.8
94749.3
94699.1
94652.7
94612
94575.3
94544.8
94517.9
94494.8
94474.9
94459
94445.5
94433.9
94423.9
94415.4
94407.5
94399.5
94391.6
94383.6
94374.6
94363.9
94352.4
94341.4
94331.5
94321.5
94310.7
94299.7
94290.3
94283.5
94281
94283.9
94293.5
94310.4
94335.2
94368.7
94411.7
94464.5
94527.9
94602.1
94685.6
94779
94881.2
94990.8
95108
95230.5
95355.8
95483.1
95607.4
95723
95827.8
95918.1
95988.4
96034.8
96057.8
96056.1
96031.9
95986
95914
95817.7
95703.2
95576.9
95442.6
95305.5
95167.7
95033.4
94914.7
94816.5
94739.7
94676.3
94652.8
94689.6
94711.3
94741.6
94812.7
94906.6
95052.9
95231.6
95428.3
95606.1
95792.4
96029.4
96296.2
96528.4
96727.9
96886.7
96996.7
96978.3
96888.8
96765
96595.1
96398.8
96178.4
95926.5
95525.1
95151.5
94798.6
94455.5
94075.8
93726.7
93429
93203.4
92969.3
92755.4
92576.5
92439.7
92280.4
92091.9
102043
102032
102068
102094
102098
102099
102097
102090
102079
102064
102045
102020
101990
101955
101915
101871
101824
101778
101732
101685
101635
101583
101526
101465
101400
101331
101257
101176
101090
100997
100897
100792
100680
100564
100446
100323
100192
100054
99912.5
99769.6
99623.8
99472
99312.7
99145.7
98971.2
98790.4
98604.3
98413.8
98219.8
98024.4
97827.9
97631.4
97436.5
97243.6
97054.1
96868.3
96687.5
96512.5
96343.9
96182
96027.7
95881.3
95743
95612.4
95489.9
95375.4
95268.6
95169.5
95077.8
94993.4
94916.2
94845.7
94781.6
94724.1
94670.7
94622.6
94581.2
94543.9
94510.7
94482.3
94457.6
94436.3
94418
94402.9
94390.1
94379.2
94369.4
94360.6
94352.1
94342.9
94333.6
94323.8
94312.7
94299.6
94286
94272.8
94260.2
94247
94232.8
94218.8
94206.8
94197.7
94193.6
94195.4
94203.9
94219.9
94243.8
94276.8
94319.6
94372.4
94436.6
94512.2
94597.6
94693.3
94797.6
94909
95028
95151.3
95276.6
95402.4
95523.8
95634.8
95732.7
95813.1
95871.4
95903.8
95909.5
95887.7
95840.5
95768.4
95662.7
95531.2
95382.1
95218.9
95045.7
94868.2
94689.1
94511.1
94346.4
94202.8
94084.5
93981.1
93920.5
93906.4
93871.8
93860.7
93892.9
93955.3
94071.2
94221.3
94396.6
94575.6
94718.9
94921.5
95153.6
95362.3
95529.1
95643.3
95689.9
95624.6
95528.9
95413.7
95254.3
95084.4
94853.4
94621.5
94276.2
93897.9
93586.8
93262.3
92951.3
92644.4
92384.3
92252.3
92114.5
91994.2
91902.7
91824.3
91730.9
91604.8
102059
102046
102054
102070
102073
102069
102063
102053
102039
102021
101999
101972
101939
101902
101860
101814
101765
101715
101665
101615
101562
101505
101445
101381
101312
101239
101161
101077
100987
100891
100789
100680
100565
100445
100323
100195
100059
99917.1
99771.4
99624.7
99474.8
99319.4
99156.8
98986.8
98809.8
98627.3
98439.9
98248.6
98053.5
97858
97661.2
97465.8
97272
97080.3
96892.7
96709.1
96531.1
96359.2
96194
96035.9
95885.7
95743.4
95609.5
95483.6
95365.9
95256.4
95154.8
95061
94974.7
94895.8
94824
94759
94699.6
94645.7
94598.3
94555.4
94517.9
94484.6
94455.1
94429.7
94408.1
94389.6
94373.7
94360.3
94349.1
94339.3
94330.2
94321.8
94313.1
94303.3
94293.2
94282.1
94269.4
94254.5
94239.3
94224
94208.9
94193
94176.1
94159.6
94145.6
94134.9
94129.4
94129.9
94137.1
94152.2
94175.4
94207.9
94250.3
94303.5
94368.6
94445.5
94533.1
94630.6
94736.4
94849.7
94970
95093.6
95218.8
95342.5
95460.1
95566.1
95656.3
95726.5
95772.5
95789.9
95775.6
95732.9
95661.7
95560
95417.5
95246.5
95062.9
94865.7
94655.6
94438.7
94218.3
93998
93788.4
93599.3
93440.1
93299.4
93205.9
93120.1
93039.4
92994.1
92988.2
93021.4
93108.2
93229.5
93380.4
93535.3
93694.2
93843.7
94034.4
94211.7
94349.4
94423
94417
94335.8
94251.2
94138.5
93980.2
93825.5
93543
93327.4
93056
92729.5
92406
92160.3
91878.6
91636.9
91404.7
91338.4
91294.6
91257.9
91253.2
91241.3
91227.2
91171.2
102059
102052
102043
102044
102043
102036
102025
102011
101993
101971
101944
101914
101879
101839
101795
101747
101695
101642
101588
101533
101475
101414
101350
101282
101210
101133
101051
100963
100870
100770
100665
100552
100434
100311
100184
100051
99911.4
99765.1
99615.5
99464.7
99310.5
99150.9
98984.7
98811.8
98632.6
98448.4
98259.9
98067.8
97873.1
97677.7
97482
97287.6
97095
96905.6
96720.4
96540
96365.5
96197.5
96036.5
95883.2
95737.8
95600.6
95472.1
95351.7
95239.9
95136.5
95041
94953.5
94873.6
94801.1
94735.4
94675.8
94623.1
94575.6
94533.6
94496.4
94463.7
94435.3
94410.6
94389.5
94371.8
94356.8
94344
94333.1
94324.2
94316.2
94308.6
94301.3
94293
94283.2
94272.9
94261.3
94247.3
94231.1
94214.5
94197.6
94180.5
94162.3
94143.3
94125
94109.2
94096.9
94090
94088.8
94094.6
94108.7
94131
94162.9
94205.5
94259.6
94325.3
94403
94492
94590.9
94698.1
94812.4
94933.6
95057
95181.2
95302.7
95416.5
95516.7
95598.4
95657.9
95690.4
95689.9
95654.5
95590.7
95494
95353.4
95172.1
94962.8
94742.9
94511.6
94267.9
94014.4
93754.6
93492.8
93239.5
93005.4
92808.5
92624.3
92478.7
92341.8
92222.9
92145.8
92102.8
92107.9
92166
92260
92386.3
92518.1
92663.6
92800
92944.1
93088.6
93195.8
93235.7
93199.7
93124.7
93049.8
92930.9
92769.4
92609.9
92277.4
92098.9
91864.7
91577.3
91288.3
91075.4
90891.9
90693
90500.5
90465.6
90524.1
90562.3
90633
90694.6
90762.5
90778.3
102035
102032
102021
102012
102003
101992
101976
101957
101935
101909
101879
101845
101806
101764
101717
101666
101612
101556
101497
101437
101375
101309
101240
101168
101091
101010
100924
100832
100735
100632
100522
100407
100285
100158
100027
99890.1
99746
99595.7
99442.4
99287.1
99128.4
98964.5
98794.7
98619
98438
98252.5
98063.4
97871.2
97677
97482.4
97288.2
97095.6
96905.4
96718.9
96537
96360.6
96190.4
96027.2
95871.4
95723.7
95584.2
95453.2
95331
95217.3
95112.5
95016.1
94927.9
94847.8
94775.3
94710.2
94651.8
94599.8
94554
94513.5
94478.1
94447.3
94420.9
94398.4
94379.4
94363.8
94350.7
94340
94331.1
94323.8
94318
94312.7
94307.4
94301.8
94294.5
94285.9
94276.4
94264.6
94249.7
94232.6
94215.1
94196.9
94177.8
94157.5
94136.6
94116.6
94099.1
94085.1
94076.5
94073.4
94077.9
94090.7
94111.6
94143.5
94186.6
94240.7
94306.2
94384
94473.4
94573.7
94682.5
94797.9
94918.6
95040.9
95163.4
95281.9
95391.3
95485
95556.7
95604.9
95622.5
95603.2
95550.6
95463.5
95334.3
95143.7
94923.2
94680.3
94423.7
94155.8
93878.1
93591.4
93295.5
92993.9
92699.8
92423.5
92185.4
91967.4
91766.2
91581.7
91429.3
91320.2
91241.8
91218.4
91248.2
91316.9
91419.4
91530.4
91651.1
91775.8
91881.1
91995.3
92073.1
92090.5
92044.7
91975.2
91906.1
91783
91618.6
91434.7
91162.3
90945.8
90713.6
90472.4
90235.7
90053.4
89899.9
89791.1
89665.1
89647.5
89792.2
89908
90048.2
90184.4
90327.6
90423.5
102009
102002
101990
101976
101962
101946
101927
101904
101878
101848
101814
101776
101734
101688
101638
101584
101527
101467
101405
101341
101274
101204
101131
101054
100973
100887
100797
100701
100600
100493
100381
100262
100137
100007
99872
99731.1
99583.3
99429.8
99272.9
99113.6
98950.6
98783
98610.2
98432.1
98249.7
98063.2
97873.7
97681.9
97488.5
97295
97102.5
96912.1
96724.7
96541.3
96363.1
96190.9
96025.3
95867
95716.6
95574.6
95441.2
95316.6
95201.1
95094.4
94996.7
94907.7
94827
94754.6
94689.9
94632.4
94581.6
94537.3
94498.9
94465.6
94437.5
94413.7
94394.1
94378
94365.1
94355.3
94347.4
94341.9
94338
94334.9
94332.5
94329.9
94327.2
94323.8
94318.3
94311.5
94302.9
94291.3
94276.2
94258.8
94240.9
94221.8
94201.3
94179.3
94156.5
94135.1
94116
94100.5
94090
94085.1
94087.9
94098.4
94118.3
94150.1
94193.1
94246.4
94311.6
94389.4
94478.9
94580.2
94689.4
94805.2
94924.8
95046.1
95166.4
95280.2
95383.4
95469.3
95530.6
95568.6
95570.2
95534.2
95467.9
95353.8
95182.7
94949.2
94691.9
94417
94120.8
93809.8
93493.4
93172.9
92842.8
92504.2
92173.4
91856.3
91575.6
91316.8
91070.6
90846.1
90660.4
90515.7
90405.9
90352.2
90351.2
90392.8
90470.5
90558.9
90654.9
90746.6
90833.9
90915
90964.3
90964.7
90918.3
90852.7
90778.2
90649.8
90481.4
90247.8
90028.5
89813.9
89585.8
89375.8
89175.3
89050.3
88932.2
88881.5
88843.6
88853.5
89051.6
89257.9
89464.4
89679.8
89889.2
90080.2
101978
101968
101955
101938
101920
101900
101876
101850
101819
101786
101748
101707
101662
101612
101559
101502
101442
101379
101313
101245
101174
101099
101022
100940
100855
100765
100670
100571
100466
100356
100239
100117
99989.5
99856.1
99717.4
99573
99422.1
99265.8
99105.6
98942.4
98775.7
98604.8
98429.6
98249.8
98066.1
97879.1
97689.3
97498
97305.7
97113.6
96923
96735
96550.6
96370.6
96196.3
96028.3
95867.4
95714.4
95569.5
95433.4
95306.2
95188.3
95079.7
94980.2
94889.9
94808.5
94735.7
94671.3
94614.3
94564.8
94522
94485.6
94454.9
94429.4
94408.8
94392.4
94379.9
94370.7
94364.3
94360.9
94359.2
94359.1
94360.2
94361.8
94363.2
94364.2
94364.7
94363.8
94360.6
94355.8
94348.7
94337.6
94322.6
94305.7
94287.8
94268.1
94246.6
94223.1
94199.1
94176.8
94156.1
94139
94126.2
94119.2
94119.3
94128.4
94147.7
94179
94221.2
94274.1
94339.1
94416.9
94506.7
94607.4
94715.3
94830.3
94948.9
95069.7
95186.1
95295
95391.2
95468
95520.2
95547.4
95530.8
95483.8
95400.1
95254.4
95043.9
94792.5
94497.7
94182
93840.1
93481.2
93120.8
92762.4
92396.7
92024.7
91658.4
91301.7
90978.7
90678.7
90400.8
90145.3
89921.1
89737
89598.3
89514.8
89483.4
89495.3
89546.5
89611.7
89683.9
89746.6
89808.9
89853.1
89883.8
89876.1
89828.8
89754.6
89673.8
89537
89348.7
89103.6
88908.5
88703.4
88498.8
88320
88147.2
88055.3
88004.5
87984.5
88032.6
88098.6
88317.3
88618.1
88889
89183.1
89462.9
89740.9
101935
101922
101906
101887
101865
101840
101813
101782
101748
101710
101668
101623
101573
101520
101463
101402
101338
101271
101201
101128
101052
100973
100891
100805
100715
100620
100521
100417
100307
100193
100073
99946.9
99815.4
99678.5
99536.1
99388.2
99234.3
99075.2
98911.8
98745.1
98575.2
98401.5
98224.3
98043.3
97859
97671.8
97482.5
97292.1
97101.5
96911.8
96723.9
96539.2
96358.6
96183.1
96013.7
95851
95696
95549.3
95411.1
95282.3
95162.6
95052.6
94952.2
94861.2
94779.7
94707.1
94643.7
94588.3
94540.8
94500.6
94467.1
94440
94418.4
94402
94390.3
94382.4
94378.4
94377.3
94379
94382.8
94388
94394.5
94401.5
94408.5
94414.9
94420.3
94424.6
94426.8
94426.7
94424.6
94419.1
94408.6
94394.3
94378.3
94360.6
94340.3
94318.1
94293.5
94268.7
94244.8
94222.2
94202.8
94187.8
94177.8
94175.8
94184
94202
94232.2
94272.5
94325
94389.4
94466.9
94556.2
94655.6
94761.9
94875.3
94991.6
95109.5
95221.2
95324.9
95414.5
95480.4
95526.2
95535.9
95503.2
95447.1
95337.2
95157
94923.3
94661.5
94343.9
93959.8
93571.5
93162
92756.2
92358
91956.7
91550.7
91147.2
90757.1
90396.1
90058.2
89753.5
89467.8
89206.4
88986.9
88818.8
88708.3
88651.1
88634.7
88660
88704.5
88752.9
88796.5
88828.3
88846.2
88857.9
88843
88800.9
88733.4
88639.7
88488.1
88285.5
88049.4
87865.7
87671.5
87490.2
87345.3
87216.4
87138.1
87142.5
87150.3
87262.8
87404.2
87642.4
88008.3
88358.3
88716
89069
89429.3
101876
101859
101840
101818
101792
101763
101731
101695
101656
101614
101568
101517
101464
101406
101344
101279
101211
101139
101064
100986
100905
100821
100733
100642
100546
100447
100343
100234
100120
100000
99875.9
99746
99610.7
99469.9
99323.8
99172.4
99015.5
98853.8
98687.7
98518.2
98345.7
98170.1
97991.3
97809.4
97625
97438.3
97250.2
97061.6
96873.5
96687
96502.9
96322.6
96146.9
95977
95813.8
95657.7
95510
95370.8
95240.9
95120.6
95010
94909.4
94818.7
94737.8
94666.7
94604.9
94551.9
94507.3
94470.6
94441.3
94418.8
94402.5
94391.7
94386
94384.6
94386.9
94393
94401.4
94412.3
94424.6
94437.9
94452
94465.9
94479.3
94491.7
94502.5
94511.5
94517.9
94521.6
94522.3
94518.4
94509
94496.4
94481.7
94464
94443.4
94420.4
94394.6
94368.8
94342.5
94317.8
94295.8
94277.5
94264.5
94261.1
94265.9
94282.4
94309.2
94348.4
94399
94462.5
94538.6
94626.2
94724.1
94829.5
94940.7
95053.4
95165.4
95271.5
95369.2
95450.5
95506.4
95543.4
95529.6
95492.3
95418.1
95272.8
95064.2
94812.3
94498.7
94122.7
93721.9
93294.9
92843
92400.7
91967.2
91523.7
91074.8
90639.1
90222
89831.5
89463.6
89122
88803
88512
88266.1
88069.4
87936
87855.3
87812.5
87813.4
87836.4
87864.1
87890.3
87902.6
87912.3
87899.2
87870.3
87817.5
87746.4
87663.3
87498.4
87305.7
87093.2
86901.4
86713.1
86547.7
86432
86352.5
86304.1
86340.4
86422.2
86551
86759.8
87033.7
87432.3
87861.5
88278.2
88690.4
89144.3
101795
101775
101753
101725
101695
101661
101624
101584
101539
101492
101440
101385
101326
101263
101197
101127
101053
100976
100896
100813
100727
100637
100543
100446
100345
100240
100130
100016
99897.3
99773.3
99644.1
99509.9
99370.5
99225.9
99076.2
98921.4
98761.8
98597.8
98429.8
98258.5
98084
97906.9
97727.1
97544.9
97360.9
97175.3
96989.3
96803.6
96619
96436.8
96257.7
96083.1
95913.7
95750.8
95595.1
95447.2
95308.2
95178.3
95058.2
94948.2
94848.2
94758.8
94679.6
94610.5
94551.5
94502
94461.5
94429.5
94405.6
94389
94379.3
94375.7
94377.5
94384.3
94395.1
94409.7
94427.1
94446.4
94467.8
94490
94512.7
94535.7
94557.6
94578.5
94597.9
94615
94629.7
94641.1
94649.1
94652.9
94650.8
94643.5
94633.2
94619.9
94602.3
94581.5
94557
94530.2
94502.6
94474.1
94446.6
94420.9
94398.7
94382.5
94375.2
94376.7
94389.1
94413
94449.4
94497.2
94558.9
94632.5
94719
94814.4
94917.5
95025.2
95132.9
95238.8
95337.1
95427.6
95496
95545.9
95565.1
95535
95493.9
95387.5
95212.5
94981.1
94693.8
94338
93914.4
93474.2
93010.1
92527.5
92058.4
91587
91096.5
90605.7
90139.4
89696.9
89280.6
88892.2
88511.5
88159.5
87843.9
87575.9
87357.7
87202.6
87098
87030.1
87007.9
87010.3
87021.2
87027.9
87025.3
87011.5
86977.4
86945.6
86891.6
86822.7
86731.7
86574.4
86387.6
86190.7
85994.9
85816.7
85675.1
85583.4
85540.5
85530.9
85598.1
85726
85901.5
86166.5
86482.1
86898.6
87385.3
87878
88349.2
88870.1
101681
101659
101633
101602
101566
101527
101485
101439
101389
101335
101278
101217
101153
101084
101012
100937
100858
100776
100690
100601
100509
100413
100314
100211
100104
99992.6
99877.5
99758
99634
99505.4
99372
99233.6
99090.3
98942.1
98789.1
98631.4
98469.4
98303.4
98133.9
97961.2
97785.8
97608
97427.9
97246.2
97063.5
96880.1
96697.2
96515.2
96335.4
96158.8
95986.1
95818.7
95657.2
95502.8
95356.3
95218.3
95089.9
94971
94862.6
94764.7
94677.5
94601.2
94535.5
94480.3
94435.6
94400.3
94374.5
94357.2
94348.2
94346.5
94351.7
94362.9
94379.4
94400.8
94425.8
94454.2
94484.8
94516.7
94550.2
94583.8
94617.3
94650.3
94681.6
94711.3
94738.5
94763
94784
94801
94813.8
94821.1
94821.5
94817.2
94809.4
94796.7
94779
94757.5
94731.1
94702.9
94672.6
94641.2
94609.4
94579.7
94553.1
94532.3
94520.4
94517.8
94525
94545.9
94577
94622.5
94680.3
94752.5
94835.9
94927.7
95026.3
95127.4
95229.6
95327.8
95417.7
95497.2
95552.8
95595.6
95590
95560.7
95497.8
95357.2
95160.9
94898.2
94576.1
94187.3
93734.5
93238.2
92733.8
92218.9
91724.1
91213.3
90681.6
90151.8
89652.5
89184.8
88739.2
88316.8
87920.3
87546.8
87208.7
86917
86678
86506.1
86386.2
86292.4
86244.6
86228.4
86224.9
86216.4
86199.4
86170.8
86121
86081.5
86031.7
85962.7
85864.2
85704
85521.5
85336.5
85152.2
84994
84881.2
84812.8
84800.3
84822.7
84916.2
85076.4
85315
85609.5
85968.6
86412.3
86939.2
87521
88073.8
88617.3
101526
101499
101469
101433
101394
101350
101302
101250
101195
101135
101072
101005
100934
100860
100782
100701
100616
100528
100437
100342
100244
100142
100037
99928.4
99815.6
99699
99578.3
99453.5
99324.5
99191.2
99053.6
98911.4
98764.6
98613.2
98457.4
98297.3
98133.5
97966.2
97795.7
97622.4
97446.7
97269.2
97090.1
96910
96729.7
96549.6
96371
96194.2
96020.6
95851
95686.3
95527.7
95375.8
95231.9
95096.5
94970.5
94854.6
94748.9
94654.4
94570.8
94498.6
94437.6
94387.7
94348.9
94320.4
94302
94293.2
94293.1
94301.3
94317
94339.6
94368
94401.6
94439.7
94481
94525.2
94570.8
94617.6
94665
94711.7
94757.9
94802.2
94844.1
94883.7
94920
94952.5
94980.5
95003.6
95021.5
95032
95035.3
95034.4
95028.2
95015.7
94998
94974.4
94945.5
94914.3
94880.7
94844.7
94808.4
94774
94741.6
94715.6
94697.5
94688.5
94692.3
94707.4
94734.1
94775.4
94830.1
94897.9
94976.2
95062.5
95154.9
95247.7
95342.1
95428.9
95512.2
95575.3
95625.3
95649.3
95628.6
95595.6
95500.3
95335.1
95112
94811.6
94467.8
94047.3
93563
93042.3
92479.4
91914.1
91402.9
90852.7
90280.2
89710.9
89180.9
88686.4
88215.6
87766.2
87349.1
86959.2
86603
86289.6
86029.2
85836.4
85706.4
85601.8
85530.1
85493.6
85474.8
85459.3
85432
85388.7
85333.9
85280.8
85228.6
85158.3
85055.7
84897.3
84722.6
84550.7
84382.4
84246.2
84160.6
84114
84123.9
84175.7
84291.8
84484.2
84755.3
85087
85485.7
85966.4
86542.7
87202.8
87839.5
88406.8
101316
101284
101248
101207
101161
101113
101060
101003
100943
100878
100809
100736
100659
100579
100496
100409
100318
100224
100127
100026
99922.2
99815
99704.4
99590.3
99472.5
99350.8
99225.3
99095.9
98962.4
98824.9
98683.3
98537.7
98388
98234
98076.2
97914.7
97749.6
97581.5
97410.9
97238
97063.2
96887.1
96710.1
96533.1
96356.6
96181.4
96008.4
95838.4
95672.7
95511.8
95356.9
95209
95068.9
94937.5
94815.4
94703.6
94602.6
94512.6
94434.3
94367.6
94312.8
94269.7
94238.2
94218
94208.6
94209.6
94220.3
94240.4
94268.6
94304.3
94347
94395.2
94448.6
94505.6
94565.5
94627.9
94691
94754.6
94817.9
94879.8
94939.9
94997.1
95051.4
95102
95148.1
95189.1
95224.2
95253.8
95276
95288.9
95296.1
95298.1
95292.8
95280.4
95260.8
95232.8
95200.3
95165.5
95127.1
95085.8
95044.6
95003.6
94965
94931.9
94906.2
94892.1
94890.8
94898.5
94921
94956.5
95006.1
95066.8
95137.6
95215.9
95299.6
95384.6
95467.1
95543.9
95614.7
95663.8
95705.9
95704.6
95683.3
95626.5
95501.4
95317.2
95064.9
94750.9
94363.5
93902.9
93381.1
92827.8
92229.6
91639.4
91079
90500.6
89890.5
89286
88725.7
88205
87713.5
87246.6
86810.3
86397.8
86020.1
85692.1
85420
85200.1
85049.4
84943.7
84863.4
84810.5
84774.4
84752
84723.1
84666.7
84613.6
84549.7
84487.7
84412.5
84309.8
84165.5
84002.2
83839.6
83680.7
83560.3
83497.2
83474.9
83504.3
83579.5
83717.5
83947.5
84241
84601.1
85033.9
85565
86203.6
86920
87615.6
88223.6
101033
100995
100954
100907
100857
100803
100744
100682
100616
100546
100473
100396
100314
100229
100140
100048
99952.5
99853.4
99751.1
99645.4
99536.4
99424.1
99308.5
99189.6
99067.3
98941.3
98811.9
98678.7
98541.7
98401
98256.5
98108.2
97956.3
97800.8
97641.8
97479.5
97314.4
97146.5
96976.6
96805.1
96632.4
96459.2
96285.9
96113.4
95942.3
95773.8
95608.3
95447
95290.9
95140.8
94997.9
94862.8
94736.7
94620.2
94513.9
94418.8
94335.1
94263.5
94204.1
94157
94122.4
94099.9
94089.7
94091.1
94103.7
94127.1
94160.4
94203.2
94254.3
94313.1
94378.4
94449.3
94525
94603.7
94685
94767.8
94850.6
94933.4
95014.3
95092.7
95168.2
95239.9
95307.3
95369.4
95425.7
95475.3
95518.1
95553.4
95578.5
95595.2
95606.5
95609.7
95603.7
95588.9
95563.7
95530.5
95493.6
95453.1
95408.4
95362
95314.4
95266.9
95221.4
95180.5
95148.9
95128.3
95117.8
95119
95135.5
95163.7
95203.8
95256
95317
95385.4
95457.1
95531.8
95601.7
95668.9
95719.4
95763.5
95783.9
95768.1
95738.8
95652.4
95505.2
95295.8
95014.1
94670.6
94257.7
93757
93198.9
92600.2
91987.3
91372.6
90772.1
90157.2
89512.2
88875.1
88283.8
87742
87233.1
86751.8
86294.7
85867.8
85471.6
85127.8
84846.7
84610.1
84434.6
84317.8
84235.8
84177.5
84130.6
84093.8
84061.4
84007.3
83952.3
83885.2
83811.5
83729.8
83627.3
83499.1
83344.9
83184.3
83036.7
82940.8
82901.1
82896.7
82944.8
83037.4
83194
83448.9
83765.2
84153.6
84637.4
85217.7
85914.5
86664.2
87395.3
88064.2
100657
100614
100568
100517
100462
100403
100341
100274
100204
100130
100052
99970.9
99886
99797.6
99705.4
99609.6
99510.4
99407.7
99301.7
99192.4
99079.8
98964
98844.8
98722.4
98596.7
98467.7
98335.2
98199.2
98059.8
97917
97770.6
97620.9
97467.8
97311.7
97152.4
96990.5
96826.1
96659.8
96491.9
96323
96153.8
95984.9
95817
95650.8
95487
95326.8
95170.9
95020.4
94876.1
94739
94610.2
94490.5
94380.8
94281.7
94194.1
94118.4
94055
94004.5
93966.8
93942.3
93930.8
93932.1
93946
93972
94009.7
94058.4
94117.5
94186.1
94263.1
94347.8
94438.8
94535.1
94635.6
94738.7
94843.8
94949
95053.5
95156.6
95256.3
95352.7
95444.7
95531.6
95612.5
95686.7
95753.5
95811.5
95861.7
95901
95928.7
95949.8
95962.7
95964.4
95955.3
95933.7
95900.5
95861.3
95817.9
95770.1
95719
95666.9
95613.7
95559.6
95506.6
95459.6
95420
95389.4
95370.2
95364.5
95371.8
95389.5
95418.9
95459.9
95508.5
95564.4
95623.5
95683.7
95742.4
95792.3
95829.8
95860.5
95854.5
95839.8
95787.4
95674.5
95505.6
95270.6
94958.2
94591.2
94149.7
93620.2
93032.8
92406.8
91763
91118
90477.6
89822
89142.9
88478.1
87864.7
87306.4
86779.7
86278.2
85803.2
85368.1
84967
84610.1
84309.4
84061.5
83869.3
83736
83647
83585.7
83535
83492.5
83454.3
83403
83347.8
83281.7
83201
83112.2
83008.6
82888.7
82738.6
82583.1
82459
82388.4
82364.7
82375.6
82437.8
82542.8
82713.6
82984.7
83326.1
83764.1
84302.1
84924.8
85658.3
86431
87201.2
87936.6
100206
100159
100110
100056
99998
99936.8
99871.8
99803.1
99730.8
99654.7
99575.1
99491.9
99405.2
99315
99221.5
99124.5
99023.9
98919.7
98812.2
98701.4
98587.4
98469.9
98349.2
98225.2
98097.9
97967.4
97833.5
97696.2
97555.7
97411.8
97264.7
97114.4
96961.1
96804.9
96646.3
96485.4
96322.6
96158.5
95993.6
95828.5
95663.8
95500.3
95338.8
95180
95025
94874.3
94729.2
94590.7
94459.6
94337
94223.8
94120.8
94029
93948.9
93881.2
93826.3
93784.8
93756.7
93742.4
93741.7
93754.7
93781.1
93820.5
93872.5
93936.7
94012.1
94098.2
94193.7
94297.8
94409.5
94527
94649.5
94775.2
94902.7
95031.2
95158.9
95284.8
95408
95527
95641.5
95750.3
95852.1
95946.5
96032.7
96108.6
96175
96231
96272.1
96303.7
96327.5
96339
96337
96320
96288.5
96247.8
96201.3
96150.1
96094.3
96036.8
95979.1
95919
95858.2
95799.4
95745.2
95697.1
95658.1
95630.6
95614.5
95610.2
95616.3
95633.5
95659.9
95695.1
95737.6
95781.8
95829.5
95874.3
95907.5
95935.5
95942
95929
95905.5
95825.8
95689.4
95499.8
95240.1
94897.9
94511.5
94047.7
93491.4
92878.5
92230.6
91556.7
90879.5
90198.7
89501.4
88794.3
88112.2
87479.1
86898.3
86351.1
85831.4
85345.7
84904
84501.9
84139.2
83822.4
83561.5
83354.7
83205.6
83101.4
83030.5
82977.8
82932.5
82892
82842
82786.8
82723.1
82641.5
82544.4
82436.2
82318.5
82171.6
82031
81934.3
81886.3
81872.1
81892.7
81963.5
82076.7
82258.9
82542
82917.1
83414.9
84004.3
84662.4
85411.4
86220.3
87035.8
87817.8
99756.7
99708.8
99657.8
99602.7
99544.2
99482.3
99417
99348
99275.6
99199.5
99120
99036.9
98950.3
98860.3
98766.9
98670.3
98570.2
98466.5
98359.3
98248.8
98135
98017.8
97897.1
97773
97645.7
97515
97380.8
97243.4
97102.5
96958.5
96811.3
96661
96508
96352.4
96194.7
96035.2
95874.4
95712.8
95551.1
95389.9
95229.9
95072
94916.8
94765.4
94618.6
94477.4
94342.9
94215.9
94097.5
93988.7
93890.3
93803.2
93728.1
93665.7
93616.6
93581
93559.5
93552.2
93559.2
93580.5
93615.9
93665.1
93727.8
93803.5
93891.5
93991.3
94101.7
94221.5
94349.8
94485.2
94626.2
94771.1
94918.4
95066.7
95215.2
95362
95506.4
95647.3
95783
95913.6
96037
96151.8
96258
96353.4
96437.1
96510
96567.8
96611.7
96646.6
96669.7
96677.8
96669.4
96643.8
96604.6
96556.7
96501.5
96440.3
96375.5
96311.7
96247.4
96180.7
96114.2
96050.5
95991.2
95937.4
95891.5
95855.5
95829.2
95813.1
95807.7
95813.5
95826.9
95850
95877
95910.4
95947.5
95979.5
96002.7
96016
96008.6
95993.6
95953.3
95850.4
95696.1
95488.9
95201.4
94846.9
94436.1
93954.7
93384.2
92750.8
92074.8
91377.5
90672.2
89958.4
89226.6
88499.6
87802.7
87149.9
86550.5
85989.4
85462.2
84972.3
84523.3
84118
83752.5
83431.4
83164
82947.2
82782.8
82661
82571.6
82507.2
82456.7
82413.4
82365
82309.5
82246.2
82166.9
82066.1
81955.5
81839.7
81704.5
81588.1
81514
81475
81464.6
81493.5
81564.3
81678.3
81869.2
82167.6
82572.6
83121.7
83751.8
84440.1
85202
86045.5
86895.8
87701.2
99360.7
99312.8
99262
99207.3
99149.2
99088
99023.3
98955.2
98883.7
98808.7
98730.3
98648.5
98563.2
98474.6
98382.4
98286.9
98188
98085.6
97979.8
97870.5
97757.7
97641.4
97521.6
97398.3
97271.5
97141.2
97007.4
96870.2
96729.6
96585.7
96438.8
96289
96136.5
95981.7
95825
95667
95508.2
95349.2
95190.5
95032.8
94877.1
94724.1
94574.8
94430
94290.6
94157.8
94032.5
93915.8
93808.5
93711.6
93626
93552.4
93491.6
93444.1
93410.5
93391.3
93386.6
93396.6
93421.4
93461
93515.1
93583.4
93665.4
93760.8
93868.8
93988.2
94118.3
94257.8
94405.6
94560.3
94719.8
94882.7
95047.2
95212.3
95376.8
95539
95698.3
95853
96002.1
96145
96279.3
96404.6
96519.9
96621.8
96711.3
96787.1
96845.1
96891.2
96926.5
96946.2
96949.1
96934.4
96903.8
96859.3
96803.4
96738.6
96667.7
96595.1
96524.7
96453.9
96381
96309.2
96241.7
96178.6
96120.4
96068.9
96026.2
95992.6
95968.2
95954.1
95949.9
95953.5
95964.9
95981.5
96005.9
96029.4
96063.6
96076.4
96075.2
96059.6
96039.4
95982.4
95863.1
95695.2
95471.5
95166.5
94793
94366.9
93876.8
93301.6
92655.6
91961
91241.4
90505.7
89761.6
89010.2
88272.7
87560.8
86896.2
86287.3
85718.4
85187.4
84693.6
84239
83830.8
83464.8
83146
82875.9
82652.9
82478.9
82344.1
82238.4
82160.9
82103.5
82054.1
82004.2
81948
81883
81804.3
81705
81598.1
81488
81371.7
81274.2
81208.7
81171.2
81162.2
81193.5
81260.1
81374
81575.4
81892.8
82342.7
82899.7
83553.8
84268.3
85048
85912.6
86783.5
87607.6
99027.4
98980.1
98930
98876.4
98819.5
98759.3
98695.8
98629
98558.8
98485.4
98408.6
98328.4
98244.8
98157.9
98067.4
97973.3
97875.9
97775.1
97670.8
97562.9
97451.4
97336.2
97217.5
97095.1
96969.1
96839.4
96706.3
96569.5
96429.3
96285.8
96139.3
95990
95838.3
95684.4
95528.8
95372.2
95215.2
95058.4
94902.4
94748
94596
94447.4
94303.1
94164
94031.1
93905.5
93788.1
93679.9
93581.9
93495
93419.9
93357.5
93308.4
93273.2
93252.5
93246.5
93255.5
93279.6
93318.9
93373.4
93442.7
93526.6
93624.3
93736.1
93859.8
93994.9
94140.7
94296.1
94459.5
94628.8
94803.2
94981
95159.8
95338.7
95516.2
95691
95862.3
96028.1
96187.8
96340.1
96483.1
96616.4
96737
96843.2
96936.4
97012.4
97071.3
97118.7
97151.3
97165.2
97160.6
97140.2
97105
97055.8
96993.7
96921.4
96843.4
96765.3
96688.9
96612.1
96532.9
96456
96384.4
96317.9
96256.1
96201
96154
96115.8
96085.1
96064.1
96050.7
96047.5
96049.9
96061.2
96075.3
96095.5
96124.1
96126.6
96117.6
96097.8
96068.2
95995.8
95868.3
95689.8
95453.5
95136.5
94751.2
94308.6
93810.7
93234.9
92584.7
91877.5
91137.6
90380.4
89614.3
88849.3
88101.9
87379.3
86708.6
86092.2
85518.5
84984.8
84489.6
84034.3
83620.6
83255.3
82936.7
82664
82437.5
82257.4
82115.4
82002
81917.6
81852.9
81796.4
81744.1
81685.7
81618.5
81539
81442.9
81341.9
81238
81136.7
81048.9
80984.1
80944.7
80936.6
80965.2
81027.8
81147
81360.8
81689.8
82152.2
82723.8
83395.2
84134.7
84935.1
85813.2
86696.5
87539.5
98757.6
98711.1
98662
98609.6
98553.8
98494.9
98432.7
98367.3
98298.6
98226.7
98151.4
98072.8
97990.9
97905.7
97816.8
97724.2
97628.2
97528.8
97426.1
97319.6
97209.3
97095.2
96977.6
96856.1
96730.8
96601.8
96469.2
96333
96193.3
96050.2
95904
95755.3
95604.3
95451.3
95296.8
95141.4
94985.9
94831
94677.3
94525.6
94376.8
94231.8
94091.7
93957.4
93829.9
93710.1
93599.2
93498.1
93407.6
93328.7
93262.2
93208.7
93169.1
93143.7
93133.1
93137.6
93157.5
93192.8
93243.7
93310.2
93391.8
93487.9
93598.5
93722.5
93858.6
94006.4
94164.2
94331.7
94508.3
94690.5
94876.3
95064.9
95254.6
95444
95631.9
95816.9
95997.8
96172.9
96341.2
96501.1
96651.2
96789.7
96913.7
97024
97118.8
97194.1
97254.2
97300.3
97327
97333.4
97321.9
97295.3
97255.1
97202.1
97136.3
97060.2
96978.1
96895.9
96814.9
96732.4
96648
96566.7
96491.4
96421
96355.6
96297.9
96247.8
96205.9
96170.1
96144.8
96126.7
96117.9
96114
96120
96127.8
96148.5
96161.7
96159.9
96146.5
96124.6
96085.5
96003.3
95869.8
95682.9
95436.8
95114.2
94718.9
94262
93755.6
93179.5
92529.1
91816.9
91062.2
90289.5
89506.3
88729.6
87972.9
87247.1
86574.9
85951.8
85373.9
84838.8
84342
83882.9
83465.8
83100.7
82780.4
82506.7
82277.5
82093.7
81948.3
81833.4
81746.7
81676.6
81614.9
81559.2
81498.2
81429.7
81349.9
81256.9
81161.1
81063.8
80968.2
80883.4
80818
80777.9
80768.1
80791
80851.4
80977
81197.1
81532.2
81993.8
82584.9
83275.1
84040
84856.3
85741.9
86634.1
87490.8
98546.4
98500.9
98452.7
98401.3
98346.7
98288.9
98228
98163.8
98096.5
98025.9
97952.1
97875.1
97794.7
97710.7
97623.2
97532
97437.2
97339
97237.6
97132.4
97023.2
96910.1
96793.2
96672.4
96547.8
96419.4
96287.3
96151.5
96012.1
95869.4
95723.7
95575.4
95424.9
95272.6
95119
94964.7
94810.5
94657.2
94505.3
94355.8
94209.6
94067.7
93930.9
93800.3
93677.1
93562.1
93456.4
93360.8
93276.3
93203.7
93143.9
93097.4
93065.1
93047.3
93044.7
93057.5
93085.8
93129.9
93189.7
93265.6
93357.1
93462.7
93582.3
93715.8
93861.2
94019
94188
94365.1
94549.4
94739.7
94934.4
95131.8
95330.2
95528.2
95724.4
95917.4
96105.9
96288.3
96463.3
96629.5
96784.7
96927
97055.1
97168
97262.4
97338.1
97398.1
97440.7
97461.2
97461.4
97444.1
97411.7
97366.5
97309.5
97241.3
97163.3
97079.2
96993.8
96909.3
96821.4
96733.7
96649.8
96570.9
96496.3
96427.5
96367.7
96315.8
96271.9
96234.3
96206.2
96184.9
96171.4
96164.4
96163.2
96167
96184.1
96183.2
96182.4
96165.6
96143.2
96097.9
96007.9
95868.7
95677
95422.4
95096.2
94694.9
94227.2
93710.8
93133.5
92485.7
91772.1
91010.1
90224.7
89427.7
88641.4
87879.6
87155.8
86483.2
85854.8
85272.8
84734.7
84231.9
83768.4
83353
82984
82662.5
82388.2
82157.8
81972.3
81825.4
81710.3
81621.6
81548.8
81484.9
81425.5
81362.6
81293.7
81214.3
81125.6
81033.5
80939.8
80846.3
80762.9
80696.6
80654.2
80640.3
80658.7
80719.9
80850.6
81074.3
81413.8
81882.7
82482
83190.4
83975.8
84802.9
85691.9
86591.7
87455
98386.6
98341.8
98294.4
98243.9
98190.3
98133.5
98073.6
98010.5
97944.3
97874.8
97802.1
97726.4
97647.4
97564.5
97477.6
97387.5
97294
97196.9
97096.2
96992
96883.8
96771.6
96655.3
96535.1
96410.9
96282.9
96151.1
96015.6
95876.5
95734
95588.7
95440.8
95290.7
95138.9
94986.1
94832.7
94679.6
94527.4
94377.1
94229.3
94085.1
93945.6
93811.5
93683.9
93564.1
93452.7
93351
93259.7
93179.8
93112
93057.3
93016.2
92989.5
92977.6
92981.1
93000.1
93034.8
93085.6
93152.4
93235
93333.3
93446.3
93574
93714.6
93867.9
94032.4
94207.4
94390.9
94581.6
94778.4
94979.5
95183.2
95388
95592.6
95795.5
95995
96189.7
96377.9
96558.3
96728.9
96888.2
97034.1
97164.7
97278.2
97372.8
97449.3
97508.4
97546.7
97562.3
97557.5
97535.3
97498.3
97448.7
97388
97317.1
97237.6
97151.9
97063.8
96975.3
96886.1
96794
96709.2
96628.3
96551.2
96480.4
96419
96366.1
96320.4
96281.3
96250.5
96226.4
96210.6
96202.8
96197.5
96194.6
96203.7
96199.7
96197.1
96178.3
96157.5
96107.6
96010.1
95866.4
95671
95409.4
95081.3
94678.4
94202.8
93675
93095.8
92451.3
91739.7
90974.7
90179.6
89374.8
88581.3
87817.4
87095.5
86422
85789.2
85199.9
84656.2
84147.7
83681.7
83266.4
82896.3
82574.1
82299.5
82069.3
81883
81735.4
81619.4
81528.5
81454.9
81390
81328.6
81265.1
81195.9
81117.9
81032.8
80943
80850.4
80758.8
80676.1
80608.1
80562.2
80544.7
80560.8
80624.7
80758.9
80985.7
81328.9
81803.3
82408.3
83129
83930.1
84768.3
85657.8
86563.6
87430.8
98269.5
98225.4
98178.7
98128.9
98076
98020.1
97961
97898.7
97833.2
97764.8
97693
97618
97539.7
97457.8
97371.9
97282.6
97189.9
97093.6
96993.5
96889.8
96782.2
96670.7
96555
96435.2
96311.5
96183.8
96052.1
95916.7
95777.8
95635.6
95490.5
95342.9
95193.1
95041.9
94889.6
94737
94584.7
94433.5
94284.2
94137.7
93995.1
93857.3
93725.3
93600.2
93482.9
93374.4
93275.6
93187.6
93111.1
93046.9
92995.9
92958.9
92936.4
92928.9
92936.9
92960.4
92999.8
93055.7
93128.3
93217.1
93320.3
93438.1
93570.5
93716.4
93874.9
94044.6
94224
94411.5
94605.8
94806.3
95011.8
95220.7
95430.8
95640.6
95848.3
96052.6
96251.7
96444.4
96628.6
96802.9
96965.4
97113.6
97245.8
97360.4
97456.3
97533.2
97590.1
97623.9
97635.1
97626.6
97601
97560.9
97508.2
97444.5
97370.9
97289.4
97202.4
97112.2
97020.9
96928.8
96837.1
96750.6
96668.5
96590.8
96519.2
96456.5
96402.1
96354.2
96312.7
96279.4
96253.8
96238.5
96229.8
96224
96216.4
96217.3
96212.8
96207.7
96186.9
96169.8
96114.2
96010.4
95863.6
95664.3
95397.8
95069.7
94667.3
94187.6
93650.5
93066.2
92424.1
91716.3
90950.9
90150.4
89339.8
88542.7
87777.9
87056.2
86380.9
85742
85144.2
84596.6
84085.7
83619.6
83203.7
82832.7
82510.1
82235.4
82005.7
81818.8
81670.4
81553.2
81461.2
81387.1
81321.8
81260
81196.5
81127.3
81050.9
80967.7
80878.9
80787.1
80696.9
80614
80544
80495.2
80474.6
80491.1
80558.2
80695.5
80925.2
81270.8
81747
82355.4
83082.4
83894.7
84745.7
85634.9
86543.7
87416.4
98187.1
98143.5
98097.2
98048
97995.6
97940.3
97882
97820.3
97755.4
97687.4
97616.3
97541.7
97463.8
97382.5
97297.6
97209
97116.8
97021
96921.4
96818.1
96711
96599.8
96484.4
96365
96241.6
96114.2
95982.6
95847.3
95708.6
95566.6
95421.6
95274.2
95124.8
94973.9
94822.1
94670
94518.4
94368
94219.6
94074.1
93932.7
93796.3
93665.8
93542.4
93426.9
93320.4
93223.8
93138.1
93064.1
93002.5
92954.1
92919.7
92900.3
92896.1
92907.2
92933.9
92976.8
93036.1
93112.6
93204.9
93312
93433.8
93570
93719.5
93881.3
94054
94236.1
94426.2
94623.2
94826.4
95034.8
95246.8
95460.6
95674.2
95885.7
96093.4
96295.9
96491.5
96678.6
96855.3
97020
97170.2
97304.3
97420.4
97517.4
97593.8
97647.7
97677.4
97684.9
97673.7
97646.3
97604.5
97550.2
97484.5
97408.6
97325
97236.4
97144.8
97051.6
96957.9
96865.8
96778.6
96695.8
96617.9
96546.3
96482.7
96426.6
96376.7
96333.5
96299.3
96273.7
96258.7
96248.7
96242.9
96234.8
96229
96222.8
96215.8
96192.8
96179.5
96118.1
96009.2
95860.4
95657.2
95388.4
95061.8
94659.6
94178.8
93634.8
93044.5
92402.5
91698.5
90935.5
90133.6
89319.7
88520.5
87753.9
87030.7
86351.1
85705.7
85104.1
84554.8
84042.5
83576.7
83160.1
82788.8
82465.9
82191.3
81961.7
81774.1
81624.6
81506.7
81414
81339.5
81274.5
81212.9
81149.5
81080.6
81005.1
80922.7
80834.3
80743.3
80653.9
80570.1
80498.3
80447.6
80425.9
80443.8
80514.1
80654.1
80886.4
81232.9
81709.2
82318
83047.1
83865.3
84726.8
85618.2
86529.8
87408.1
98131.9
98088.6
98042.6
97993.8
97941.9
97886.8
97828.8
97767.6
97703.2
97635.6
97564.7
97490.5
97412.9
97331.9
97247.4
97159.2
97067.5
96972.2
96873
96770
96663.1
96552.2
96437.1
96318
96194.7
96067.4
95936.1
95800.9
95662.3
95520.5
95375.7
95228.5
95079.4
94928.8
94777.3
94625.7
94474.5
94324.7
94176.9
94032.2
93891.7
93756.2
93626.8
93504.4
93390.2
93285
93189.9
93105.6
93033.1
92973.2
92926.6
92894.1
92876.5
92874.3
92887.6
92916.9
92962.3
93024.6
93103
93197.4
93306.9
93431.2
93569.7
93721.6
93885.7
94060.7
94244.9
94436.9
94635.7
94840.6
95050.6
95264.7
95481
95697.2
95911.2
96121.1
96325.8
96523.5
96712.6
96891
97057.3
97209.3
97345.1
97462.4
97559.7
97634.8
97685.7
97712.1
97717.3
97704.7
97676.2
97633.8
97578.8
97511.9
97434.4
97349
97258.8
97165.8
97071.6
96977.1
96884.4
96797
96713.4
96635.3
96563.9
96499.9
96442.8
96391.8
96347.9
96313.7
96288.3
96273
96261.7
96256.3
96250.8
96237.2
96229.8
96221.3
96199.8
96183.3
96119.5
96007.3
95857.1
95650.9
95383.3
95055.5
94653.8
94173.4
93625.9
93030.5
92386.2
91683.8
90924.2
90124
89309.6
88508.4
87739.7
87014.1
86329.5
85679.4
85078.2
84527.5
84014.2
83548.3
83131.2
82759.9
82436.9
82162.3
81932.3
81744.1
81593.8
81475.5
81382.4
81307.7
81243.1
81181.7
81118.3
81049.8
80974.7
80892.4
80804.5
80714.1
80624.7
80540.2
80467.5
80415.6
80394.3
80413.8
80486.6
80628.6
80862.5
81209.7
81686
82294.5
83022.8
83842.2
84709.5
85605.7
86520.7
87402.8
98097.3
98054.2
98008.3
97959.7
97908
97853.3
97795.4
97734.4
97670.1
97602.8
97532.2
97458.3
97380.9
97300.1
97215.8
97127.9
97036.6
96941.5
96842.6
96739.9
96633.2
96522.5
96407.7
96288.7
96165.6
96038.4
95907.2
95772.2
95633.8
95492
95347.4
95200.4
95051.4
94901
94749.7
94598.3
94447.5
94298
94150.7
94006.5
93866.5
93731.5
93602.7
93481
93367.4
93263.1
93168.8
93085.5
93013.9
92955
92909.5
92878.3
92861.9
92860.9
92875.6
92906.3
92953.3
93016.8
93096.8
93192.6
93303.7
93429.6
93569.7
93723.1
93888.6
94064.9
94250.5
94443.9
94644
94850.1
95061.4
95276.5
95493.9
95711.4
95926.9
96138.4
96344.5
96543.6
96734
96913.7
97081.2
97234.5
97371.3
97489.3
97586.4
97660.1
97708.6
97732.9
97737
97723.7
97694.9
97652.1
97596.8
97529.3
97450.8
97364.3
97272.9
97178.8
97083.8
96988.9
96896.1
96807.8
96723.9
96645.8
96574.5
96510.3
96452.7
96401.1
96357.1
96323
96297.7
96281.7
96269.7
96265.1
96260.4
96241.2
96234
96224.1
96203.8
96186.2
96118.8
96005.7
95854.3
95646.5
95379.9
95051.1
94649.2
94169.6
93621.1
93022.6
92374.6
91672.2
90914.9
90117.1
89304
88502.5
87731.6
87003.8
86315.4
85662.6
85062.4
84510.8
83996.8
83530.9
83113.7
82742.2
82419.2
82144.3
81913.9
81725.3
81574.5
81456.1
81362.7
81287.9
81223.5
81162.2
81099
81030.7
80955.7
80873.5
80785.8
80695.6
80606.1
80521.2
80448.1
80396.2
80375.7
80396.4
80470.7
80614.1
80848.8
81196.6
81672.8
82280.8
83008
83827
84696.5
85597
86514.8
87399.1
98077.9
98034.9
97989.1
97940.6
97889.2
97834.6
97776.9
97716
97651.8
97584.5
97514.2
97440.4
97363.2
97282.6
97198.4
97110.8
97019.5
96924.7
96826
96723.4
96616.9
96506.3
96391.6
96272.8
96149.8
96022.7
95891.6
95756.7
95618.3
95476.6
95332.1
95185.1
95036.2
94885.8
94734.7
94583.4
94432.7
94283.4
94136.3
93992.3
93852.6
93717.9
93589.4
93468.1
93355
93251
93157.2
93074.4
93003.4
92945.1
92900.3
92869.6
92853.9
92853.6
92869.1
92900.7
92948.5
93012.8
93093.5
93190.1
93302
93428.7
93569.6
93723.8
93890.2
94067.3
94253.6
94447.7
94648.6
94855.6
95067.6
95283.3
95501.1
95719.1
95935.4
96147.6
96354.4
96554.3
96745.4
96925.9
97094.2
97248.2
97385.5
97503.8
97600.6
97673.3
97720.4
97743.8
97747.5
97734
97705
97662.2
97606.6
97538.7
97459.8
97372.7
97280.7
97185.9
97090.3
96995.1
96902.2
96813.6
96729.5
96651.1
96579.9
96515.6
96457.8
96406
96361.9
96327.7
96302.3
96285.7
96273.4
96269
96264.3
96243.3
96236
96225.5
96205.1
96187.4
96117.4
96004.6
95852.4
95643.7
95377.6
95048.1
94645.6
94166.8
93618.6
93018.6
92368.5
91663.8
90907.2
90111.3
89300
88498.8
87727.3
86998.3
86308.1
85654.1
85053.7
84501.2
83987.2
83521.5
83104.4
82732.6
82409.6
82134.4
81903.8
81714.9
81564
81445.4
81352
81277.3
81213
81151.7
81088.6
81020.4
80945.4
80863.2
80775.4
80685.2
80595.6
80510.8
80437.7
80386.2
80366.4
80387.9
80462.8
80606.9
80841.8
81189.7
81665.9
82273.7
83000.2
83818.4
84688.9
85591.6
86510.8
87397.1
98070.2
98027.2
97981.4
97933
97881.6
97827.2
97769.5
97708.6
97644.6
97577.4
97507
97433.3
97356.2
97275.7
97191.7
97104.1
97012.9
96918.1
96819.5
96717
96610.5
96500
96385.4
96266.5
96143.6
96016.5
95885.4
95750.5
95612.1
95470.5
95325.9
95179
95030.1
94879.8
94728.6
94577.4
94426.8
94277.5
94130.5
93986.6
93846.9
93712.4
93584
93462.8
93349.9
93246.1
93152.5
93069.9
92999.1
92941.1
92896.5
92866.2
92850.7
92850.7
92866.5
92898.3
92946.5
93011.1
93092.1
93189
93301.2
93428.3
93569.6
93724.1
93890.8
94068.1
94254.7
94449.2
94650.4
94857.7
95070.1
95286.1
95504.1
95722.3
95938.5
96151
96358.1
96558.3
96749.6
96930.4
97099
97253.2
97390.7
97509.2
97605.9
97678.1
97724.6
97747.8
97751.4
97738
97708.9
97666
97610.3
97542.2
97463.1
97375.9
97283.5
97188.5
97092.6
96997.3
96904.4
96815.6
96731.4
96652.9
96581.5
96517.2
96459.3
96407.4
96363.3
96329.1
96303.6
96286.7
96274.3
96270
96265
96243.7
96236.4
96225.4
96204.6
96187.6
96116.4
96003.7
95851.1
95642.4
95376.4
95046.5
94643.6
94165.3
93617.5
93017
92366
91660.4
90902.8
90107.5
89297.1
88496.6
87725.3
86995.9
86306
85651.3
85050.3
84497.5
83983.3
83517.9
83100.9
82728.8
82405.8
82130.4
81899.7
81710.8
81559.8
81441.2
81347.8
81273.1
81208.9
81147.8
81084.8
81016.7
80941.6
80859.4
80771.5
80681.1
80591.5
80506.8
80434
80382.7
80363.2
80384.9
80460
80604.2
80839.2
81187
81663.1
82270.8
82996.9
83814.3
84685.3
85588.8
86508.3
87396
133884
133165
132146
130966
129876
128541
127177
125865
124488
123059
121554
119966
118271
116297
113998
111478
108810
106310
104026
102135
101019
100741
101342
102878
104943
133576
132821
131775
130584
129448
128094
126742
125451
124147
122734
121221
119679
117997
116047
113768
111285
108648
106195
103947
102079
100991
100732
101348
102891
104941
132929
132143
131069
129864
128637
127339
126000
124759
123522
122182
120723
119228
117594
115690
113467
111033
108445
106036
103828
102001
100949
100714
101347
102896
104947
131925
131087
130022
128806
127553
126319
124966
123735
122569
121351
119989
118562
116991
115159
113031
110670
108162
105815
103662
101891
100883
100686
101340
102892
104926
130647
129688
128635
127462
126202
125001
123612
122396
121316
120248
119026
117689
116198
114461
112458
110189
107799
105536
103457
101749
100805
100649
101325
102881
104894
129122
128085
126992
125844
124611
123384
121934
120755
119801
118895
117851
116632
115243
113633
111755
109598
107362
105201
103212
101586
100717
100604
101303
102862
104852
127338
126308
125135
123948
122776
121469
120092
118934
118073
117329
116490
115418
114153
112688
110941
108924
106858
104815
102924
101405
100619
100552
101275
102837
104798
125366
124251
123021
121895
120675
119304
118098
116994
116187
115594
114969
114072
112952
111646
110047
108231
106299
104386
102614
101211
100512
100494
101241
102804
104735
123244
122010
120837
119724
118391
116991
116000
114951
114191
113737
113324
112619
111659
110521
109094
107487
105689
103922
102287
101003
100397
100431
101202
102764
104660
121068
119876
118652
117404
116060
114692
113776
112791
112120
111807
111591
111086
110295
109331
108090
106680
105035
103430
101943
100788
100275
100362
101159
102717
104575
118894
117667
116323
115028
113736
112512
111522
110590
110009
109843
109806
109498
108878
108093
107049
105823
104341
102915
101583
100567
100146
100291
101112
102664
104480
116655
115251
113983
112702
111467
110310
109315
108455
107935
107885
108004
107876
107427
106825
105983
104940
103618
102385
101205
100337
100008
100216
101062
102605
104375
114295
112904
111769
110426
109235
108085
107167
106437
105979
105974
106219
106244
105964
105543
104901
104033
102870
101841
100813
100096
99863.1
100139
101009
102541
104261
111928
110658
109545
108226
107042
105950
105145
104584
104179
104130
104479
104624
104511
104268
103815
103084
102115
101287
100412
99843.9
99717.1
100060
100955
102472
104138
109636
108464
107349
106134
104960
103981
103274
102886
102515
102383
102809
103036
103087
103014
102734
102150
101384
100737
100008
99590
99572.7
99980.6
100899
102399
104008
107511
106372
105294
104153
103026
102137
101536
101256
100918
100757
101213
101502
101718
101798
101669
101233
100664
100189
99605.3
99338.5
99430.3
99902.5
100843
102323
103871
105643
104454
103429
102314
101230
100394
99901.4
99657.5
99371.7
99273.8
99700.6
100050
100429
100634
100630
100335
99948.1
99640.5
99207.3
99092
99290.8
99826
100786
102243
103728
103979
102726
101735
100634
99577.2
98778.9
98353.9
98121.8
97911
97917.7
98306.5
98717.4
99230.8
99529.9
99626.1
99477
99286.5
99101.1
98822.8
98852.9
99155.6
99751.5
100730
102161
103581
102365
101186
100174
99084.9
98064.6
97296.2
96892.4
96686.4
96565.3
96647.2
97012.6
97499
98085.6
98445.2
98629.4
98632.1
98649.7
98559.8
98436.4
98608.5
99017.3
99674.6
100672
102072
103415
100818
99794
98742.6
97677
96699.5
95954.7
95550
95392.6
95349.5
95482.9
95853
96410.7
97005.6
97386.2
97656.2
97797.8
97992.3
98025.7
98055.7
98363.8
98877.8
99595.1
100608
101970
103227
99399.8
98502.2
97452.5
96424.9
95497.9
94782.6
94375.7
94257.3
94280.6
94467.5
94861.8
95451.5
96024.9
96404
96754.3
97014.2
97346.2
97518.7
97704.8
98135.6
98747.7
99520.2
100546
101866
103035
98134.8
97285.5
96305.1
95329.3
94458.6
93778.7
93372.7
93258
93318.6
93580.5
93970.6
94554
95130.6
95503.5
95932
96288.1
96735
97047.4
97382
97923.5
98635.4
99450.6
100484
101760
102839
96979.6
96176.1
95293.3
94378
93569.4
92924
92520.5
92377.7
92426.6
92724.3
93092.2
93656
94268
94670.4
95189
95616.9
96155.4
96615.2
97080.6
97727.7
98526.3
99386.9
100423
101652
102640
95936.4
95207.7
94407.1
93561.3
92814
92200.3
91796.9
91623.9
91631.9
91880.6
92253.7
92815
93439.8
93911.9
94511.9
94998
95617.1
96213.1
96800
97550
98429.6
99329.9
100362
101540
102437
95025.7
94381.5
93641.3
92873.7
92182.4
91599.5
91188.5
90993.8
90979.6
91165.3
91531.5
92100.7
92701.5
93227.3
93889.8
94435.2
95127.4
95838.4
96544.7
97391.9
98345.7
99280.5
100303
101426
102232
94231.3
93658.9
92990.4
92300.8
91666
91116
90696.5
90470.1
90445.1
90596.1
90917.4
91461.6
92058.6
92605.8
93318
93929.4
94689.6
95499.5
96317.1
97254
98274.8
99239.3
100246
101308
102026
93523.8
93014.6
92438.2
91827.8
91253
90739.4
90321.5
90057.7
90006.2
90129.2
90411.7
90901.6
91492.7
92050.8
92811.9
93488.4
94308.2
95202.1
96118.8
97136.9
98217.5
99205.7
100191
101187
101817
92896.8
92462.9
91973
91443.8
90935
90458.6
90052.7
89761.4
89672.2
89762.4
90033.4
90478.4
91015.5
91595.3
92397.8
93128.6
93993.5
94953.5
95953.8
97042.6
98174.4
99180
100139
101068
101615
92352.5
92005.6
91585.3
91131.8
90694.8
90253.2
89868.8
89565.1
89434.7
89501.7
89747
90161.2
90636.9
91227.7
92054.2
92831.2
93731.9
94746.3
95817.9
96968.8
98144.1
99161.6
100092
100953
101419
91875.1
91615.1
91265.3
90877.5
90517.8
90107.9
89749.7
89452.7
89278.3
89326.8
89539.4
89922.3
90353.7
90934.1
91747.6
92570.4
93505
94568.2
95704
96911.4
98124.1
99149.4
100046
100837
101222
91459.6
91268.3
91004.3
90675.5
90396.3
90022.7
89681
89402.7
89202.5
89216.8
89405.7
89752.8
90145.4
90701.6
91485.7
92340.5
93307
94416.6
95610.8
96869.9
98113.9
99142.7
100003
100722
101024
91099.2
90972.2
90786.6
90520.3
90318.6
89990.9
89661.5
89395.3
89186
89160.5
89310.1
89624.6
89999.9
90521.4
91273
92144.2
93137
94289.7
95537.2
96843
98112.8
99141
99962.6
100609
100827
90773
90731.3
90604.9
90399.7
90273.1
89993.8
89682.7
89428.6
89196
89141.1
89245.8
89521.4
89912
90382
91107.9
91982
92996.1
94186.4
95481.7
96829.6
98120.1
99143.8
99924.6
100498
100634
90478
90509.8
90473.3
90315.2
90246.5
90036.9
89729.3
89491.2
89238.8
89166.2
89238
89463.6
89838.1
90279.4
90981.4
91852.1
92884
94104.9
95442.7
96828.3
98134.8
99150.7
99888.9
100390
100446
90206.5
90278.9
90355.8
90233.9
90230.3
90127.6
89802.6
89574.8
89329.7
89249.9
89302.3
89478.5
89781
90198.9
90887.9
91749.7
92793.4
94039.4
95416.8
96837.3
98155.8
99161.1
99854.7
100285
100264
89952.3
90086
90205.4
90161.6
90237.5
90226.1
89923.3
89697.8
89470.7
89373.4
89410.4
89550.4
89792.8
90161.3
90838.3
91681.4
92726.7
93991.8
95405.6
96857.6
98183.9
99176.2
99823.5
100183
100087
89717.9
89952.6
90111.2
90164.3
90271.1
90326.9
90071.5
89845
89636.1
89505.7
89514.2
89636.2
89853.6
90174.4
90825.8
91647.1
92686.3
93963.4
95407.6
96886
98216.5
99194.5
99795.7
100087
99918.7
89503.8
89826.4
90049.9
90182.1
90324.3
90430.7
90240.7
90006.1
89798.5
89656.8
89628.2
89724.4
89923.6
90212
90835.7
91638.2
92669.8
93953.4
95421.5
96920.9
98252.2
99215.6
99771.3
99996.4
99759.5
89303.4
89696.3
89971.1
90165.5
90365.5
90516.2
90406.5
90178.4
89962.3
89833.8
89785.9
89844
89993.4
90263.5
90860.6
91647.7
92671
93957.9
95445.1
96960.2
98290
99238.7
99750.5
99911.7
99610.1
89139
89601.7
89910
90175.7
90418.2
90590.8
90544.4
90352.6
90142.3
90017.2
89955.4
89983.5
90084.8
90334.7
90895.5
91670.2
92684.5
93972.8
95475.5
97001.9
98328.5
99263.3
99733.1
99833.4
99471.1
89004.7
89516.8
89879.1
90215.7
90485.9
90675.8
90668.9
90518.5
90325.7
90193.7
90114.6
90114.5
90186.1
90415.8
90937.5
91695.7
92708.7
93995.5
95510
97043.9
98366.8
99288.3
99718.5
99761.8
99342.8
88855
89399.4
89863.2
90248.8
90553
90762.8
90799
90679.9
90508
90365.6
90268.1
90234.4
90285.5
90495.5
90982.1
91724.7
92735.1
94023
95545.8
97084.6
98404.1
99313.1
99706.6
99697.2
99225.7
88712.3
89311.8
89867.4
90281.4
90618.2
90843.9
90920.9
90841.1
90684.8
90531.4
90416.4
90348.7
90379.5
90570.5
91028.9
91756.4
92762.1
94051.5
95580.1
97122.9
98439.3
99336.9
99697
99639.8
99120.1
88634.3
89283.3
89872.8
90319.6
90678.9
90919
91023.7
90991.8
90850.7
90683.6
90548.6
90453.6
90464.9
90639.2
91074.9
91789.2
92788.9
94077.7
95611
97157.9
98470.8
99359
99689.5
99589.5
99026.2
88554.7
89248.6
89873.6
90356.2
90740
90994.1
91120.3
91132.7
91012.2
90828.5
90667.9
90551.4
90544.7
90704
91121.2
91823.1
92815.8
94102.1
95638.5
97188.9
98503.9
99380.9
99683.4
99541.7
98935.3
88466
89198
89858.1
90389.7
90796.1
91063.2
91206.9
91250.3
91145.8
90947.6
90764.3
90630.9
90608.8
90756.2
91159.8
91851.1
92837.1
94119.1
95656.7
97211.4
98531.4
99399.4
99679
99501.7
98857.8
88393.1
89157.9
89852.6
90414.1
90837.3
91117.9
91275.2
91337.2
91236.1
91029.7
90832.9
90688.4
90654.1
90792.6
91186.8
91870.2
92850.4
94127.8
95665.6
97223.3
98550.2
99412.4
99676.2
99472.7
98801
88344.5
89132.8
89848.1
90429.5
90864.9
91157.7
91327.4
91398.5
91295.4
91088.2
90881.6
90729.3
90686.1
90818.3
91205.4
91882.7
92857.9
94130.7
95668
97228.3
98562.1
99421.3
99674.7
99451.9
98759.4
88310.4
89112.7
89842
90438.1
90882.5
91184.6
91364.9
91439.4
91333.2
91127.5
90915.9
90757.8
90707.9
90835.2
91217.2
91889.7
92860.8
94129.5
95665.7
97228.5
98568.4
99426.9
99674.2
99437
98729.1
88286.1
89096.4
89834.2
90441
90894.4
91205.4
91392.5
91462.9
91356.3
91153.6
90939.7
90777.8
90722.6
90845.8
91224
91892.5
92860.3
94125.5
95660
97225.5
98570.2
99429.9
99674.1
99426.6
98707.2
88269.3
89082.1
89824.3
90439
90901.5
91220.3
91411.1
91473.9
91369.9
91170.7
90955.9
90791.5
90732.3
90852
91227.1
91892.3
92857.3
94119.8
95652.2
97220.3
98568.5
99431.1
99674
99419.6
98691.9
88257.1
89068.7
89812.7
90433.2
90903.3
91227.8
91420.4
91477.1
91377.5
91181.8
90966.6
90800.5
90738.2
90855
91227.4
91890
92852.6
94112.8
95643.2
97213.5
98564.4
99431
99673.9
99415.5
98681.6
88247.3
89055.4
89800.1
90425.2
90901.1
91229.6
91422.4
91476.4
91381.5
91188.6
90973.2
90805.9
90741.3
90855.7
91225.9
91886.1
92846.9
94105.1
95633.6
97205.7
98559
99429.8
99673.6
99413.5
98675.2
88237.8
89041.7
89787
90416.2
90896.9
91228.1
91420.7
91474.1
91383.1
91192.3
90976.6
90808.7
90742.3
90854.6
91222.9
91881.2
92840.5
94097.1
95624
97197.6
98553
99427.7
99673.2
99413
98671.9
88228.1
89028
89774.1
90406.7
90891.6
91224.8
91417.5
91471.3
91383.2
91193.8
90978
90809.5
90741.7
90852.2
91218.9
91875.8
92833.8
94088.9
95614.7
97189.5
98546.9
99425.2
99673
99413.5
98671
88217.7
89013.4
89760.9
90396.9
90885.2
91220.6
91414.1
91468.6
91382.5
91193.9
90977.9
90808.9
90740
90849
91214.4
91870.1
92827
94080.9
95605.7
97181.5
98541
99422.7
99673.1
99414.7
98671.9
88206.8
89000.4
89749.5
90388
90879.3
91216.4
91410.6
91465.9
91381
91192.9
90976.6
90807
90737
90844.4
91208.2
91862.4
92817.9
94070.1
95594.2
97171.3
98534
99419.7
99673.4
99416.4
98674.5
)
;

boundaryField
{
    inlet
    {
        type            zeroGradient;
    }
    outlet
    {
        type            waveTransmissive;
        phi             phi;
        rho             rho;
        psi             psi;
        gamma           1.3;
        fieldInf        100000;
        lInf            0.3;
        value           nonuniform List<scalar> 
57
(
104991
104968
104950
104912
104866
104807
104737
104656
104565
104464
104354
104236
104109
103976
103836
103690
103540
103385
103211
103012
102809
102600
102387
102169
101949
101727
101503
101285
101076
100867
100657
100452
100253
100061
99875.4
99696.5
99526.8
99366.6
99216.3
99076.3
98947
98828.4
98721
98625.1
98532.2
98452.2
98393.1
98349.7
98318.1
98296.1
98281.4
98272.2
98267
98264.7
98264.8
98266.9
98270.3
)
;
    }
    upperWall
    {
        type            zeroGradient;
    }
    lowerWall
    {
        type            zeroGradient;
    }
    frontAndBack
    {
        type            empty;
    }
}


// ************************************************************************* //
