/*--------------------------------*- C++ -*----------------------------------*\
| =========                 |                                                 |
| \\      /  F ield         | OpenFOAM: The Open Source CFD Toolbox           |
|  \\    /   O peration     | Version:  dev                                   |
|   \\  /    A nd           | Web:      http://www.openfoam.org               |
|    \\/     M anipulation  |                                                 |
\*---------------------------------------------------------------------------*/
FoamFile
{
    version     2.0;
    format      ascii;
    class       volScalarField;
    object      pMean;
    location    "9.129";
}
// * * * * * * * * * * * * * * * * * * * * * * * * * * * * * * * * * * * * * //

dimensions      [1 -1 -2 0 0 0 0];

internalField   nonuniform List<scalar> 
12225
(
98313.5
98293.7
98280
98273
98258.7
98249.3
98230.8
98221.3
98199.8
98191
98166.4
98159.5
98128.6
98122.2
98081.5
98041.8
97952.7
97586.9
98309
98292.6
98279.4
98272.5
98258.1
98248.7
98230.2
98220.7
98199.1
98190.6
98165.6
98159
98128.2
98120.3
98079.7
98045.9
97953.6
97792.6
98305.2
98291.1
98278.4
98271.1
98256.7
98247.2
98228.7
98219.4
98197.6
98189.2
98164.8
98156.9
98128.7
98116.9
98082
98046.8
97979.5
97890.7
98300.2
98288.1
98276.3
98268.6
98254.3
98244.5
98226.6
98216.7
98195.9
98186.5
98163.4
98153.8
98127.6
98114.7
98083
98055.2
98006.7
97937.9
98293.5
98283.7
98272.7
98264.6
98250.7
98240.4
98223.5
98212.5
98193.5
98182.2
98161.9
98149.3
98127.8
98111.5
98084.9
98060.7
98020.8
97988.2
98285.3
98277.6
98266.8
98258.5
98245.1
98234.5
98218.4
98206.8
98189
98176.9
98158.7
98145.1
98126.7
98109.8
98088.4
98063.1
98041
98020.6
98275
98268.6
98258.3
98249.8
98237.2
98226.1
98211.3
98198.7
98183
98169.5
98154.1
98139.1
98124.5
98106.9
98092.7
98071.7
98061.3
98046.4
98264.3
98258.6
98248.9
98240.2
98228.5
98217
98203.4
98190.2
98176.3
98161.9
98148.8
98133.2
98121.7
98104.4
98095.6
98077.8
98076.1
98061.1
98253.4
98248
98239.1
98230.2
98219.4
98207.6
98195.1
98181.6
98169
98154.4
98143
98127.5
98117.8
98101.8
98095.5
98081.4
98081.1
98069.1
98239.8
98234.3
98226.6
98217.6
98207.7
98195.9
98184.4
98170.9
98159.6
98145.1
98135.1
98120.2
98112
98097.7
98092.7
98080.9
98080.1
98071.9
98222.8
98217.4
98210.8
98202
98192.9
98181.4
98170.7
98157.7
98147.2
98133.7
98124.3
98111.1
98103.1
98091.6
98086
98077.4
98074.8
98069.6
98202.3
98196.6
98191.3
98182.9
98174.5
98163.5
98153.6
98141.3
98131.7
98119.2
98110.5
98099
98091.5
98082.2
98076.5
98070.1
98066.5
98062.9
98177.5
98172.2
98167.6
98160.1
98152.2
98142.2
98132.8
98121.9
98112.7
98102
98093.6
98084.3
98077.1
98069.9
98064.4
98059.6
98056
98053.2
98149.2
98144.4
98140.4
98133.9
98126.6
98117.7
98109.1
98099.6
98091.1
98082.1
98074.4
98066.8
98060.5
98054.7
98050.1
98046.3
98043.3
98041.2
98119.1
98115.3
98111.6
98106.1
98099.7
98092.1
98084.3
98076.2
98068.6
98061.1
98054.4
98048.3
98043
98038.5
98034.8
98031.9
98029.6
98028.2
98091.3
98088.6
98085.2
98080.7
98075.1
98068.6
98061.8
98054.9
98048.4
98042.2
98036.6
98031.6
98027.4
98023.8
98020.9
98018.8
98017.2
98016.3
98072.7
98070.8
98068
98064.1
98059.2
98053.5
98047.6
98041.6
98036
98030.7
98026
98021.8
98018.2
98015.3
98013
98011.4
98010.2
98009.6
98073
98071.3
98068.8
98065
98060.3
98055
98049.4
98043.9
98038.5
98033.6
98029.1
98025.2
98021.8
98019
98016.8
98015.1
98013.9
98013.2
98092.7
98090.9
98088
98084.1
98079.1
98073.6
98067.8
98062
98056.5
98051.2
98046.5
98042.2
98038.5
98035.3
98032.6
98030.5
98028.8
98027.5
98123.5
98121.4
98118
98113.5
98108
98102
98095.7
98089.3
98083.2
98077.4
98072
98067
98062.6
98058.8
98055.4
98052.6
98050.2
98048.3
98158.4
98155.8
98151.7
98146.5
98140.5
98133.8
98126.9
98119.9
98113
98106.5
98100.4
98094.7
98089.6
98085
98080.9
98077.3
98074.1
98071.4
98192.3
98189.2
98184.4
98178.5
98171.9
98164.6
98157.1
98149.5
98142
98134.8
98128
98121.6
98115.8
98110.4
98105.6
98101.3
98097.4
98094
98222.5
98218.9
98213.3
98206.8
98199.6
98191.8
98183.8
98175.7
98167.7
98159.9
98152.5
98145.5
98139.1
98133.1
98127.6
98122.7
98118.2
98114.2
98247.8
98243.5
98237.2
98230.1
98222.4
98214.3
98205.9
98197.4
98189
98180.7
98172.8
98165.4
98158.4
98151.9
98146
98140.5
98135.5
98131
98268.1
98262.9
98255.8
98248.1
98240.1
98231.7
98223.1
98214.3
98205.6
98197
98188.8
98180.9
98173.6
98166.7
98160.3
98154.5
98149.1
98144.2
98283.8
98277.5
98269.4
98261.2
98253
98244.6
98235.8
98226.8
98217.8
98209
98200.5
98192.4
98184.8
98177.6
98171
98164.8
98159.2
98154
98295.6
98287.7
98278.7
98270.2
98261.9
98253.4
98244.5
98235.5
98226.4
98217.4
98208.7
98200.5
98192.6
98185.3
98178.4
98172.1
98166.2
98160.8
98304.3
98294.5
98284.4
98275.7
98267.5
98259
98250.1
98241
98231.9
98222.8
98214
98205.6
98197.7
98190.2
98183.3
98176.8
98170.8
98165.3
98310.4
98298.3
98287.2
98278.5
98270.5
98262.1
98253.4
98244.3
98235
98225.9
98217.1
98208.6
98200.6
98193
98186
98179.4
98173.4
98167.8
98316.3
98300.8
98288.7
98279.9
98271.7
98263.4
98254.6
98245.5
98236.3
98227.2
98218.3
98209.8
98201.8
98194.2
98187.1
98180.6
98174.5
98168.9
98313.4
98313
98312.2
98311.1
98309.6
98307.7
98305.5
98302.9
98299.8
98296.4
98292.5
98288.3
98283.7
98278.7
98273.5
98268
98262.3
98256.4
98250.3
98244
98237.6
98231
98224.3
98217.5
98210.6
98203.7
98196.6
98189.6
98182.5
98175.4
98168.3
98161.3
98154.2
98147.3
98140.4
98133.7
98127
98120.5
98114.2
98108.1
98102.2
98096.5
98091.1
98085.9
98081.1
98076.6
98072.5
98068.8
98065.5
98062.7
98060.3
98058.4
98057
98056.1
98055.9
98056.2
98057.2
98058.8
98061.1
98064
98067.7
98072.1
98077.1
98083
98089.5
98096.7
98104.7
98113.3
98122.7
98132.6
98143.2
98154.4
98166.1
98178.4
98191.2
98204.4
98218
98232
98246.3
98260.9
98275.7
98290.7
98305.8
98321.1
98336.3
98351.6
98366.8
98381.8
98396.7
98411.4
98425.9
98440
98453.7
98467.1
98480
98492.4
98504.3
98515.6
98526.4
98536.5
98546
98554.9
98563.1
98570.7
98577.6
98584
98589.7
98594.8
98599.4
98603.5
98607.2
98610.3
98613.2
98615.6
98617.8
98619.7
98621.4
98622.8
98624
98625.2
98626.2
98627.3
98628.5
98629.8
98631.4
98633.4
98636
98639.4
98643.8
98649.5
98656.5
98665.2
98675.9
98688.8
98704.1
98722.1
98743
98766.7
98793.5
98823.3
98856.3
98892.1
98931
98972.4
99016.8
99063.3
99112.2
99162.9
99215.5
99269.7
99325.1
99381.5
99438.5
99495.8
99553
99609.6
99665
99718.8
99769.8
99817.7
99861.2
99899.6
99931.6
99956.7
99973.5
99981
99978.4
99965.5
99941.4
99906.8
99861.4
99806.7
99742.8
99672.1
99595.2
99514.7
99430.2
99345.5
99258.7
99175.6
98306.4
98306
98305.2
98304.1
98302.6
98300.7
98298.5
98295.8
98292.8
98289.4
98285.7
98281.5
98277
98272.2
98267.2
98261.8
98256.3
98250.6
98244.7
98238.6
98232.3
98225.9
98219.4
98212.8
98206.1
98199.3
98192.4
98185.5
98178.5
98171.6
98164.7
98157.7
98150.9
98144.1
98137.4
98130.8
98124.3
98117.9
98111.7
98105.7
98099.9
98094.4
98089
98084
98079.3
98074.9
98070.8
98067.2
98063.9
98061.1
98058.7
98056.8
98055.4
98054.5
98054.2
98054.5
98055.4
98056.9
98059.2
98062
98065.6
98069.9
98074.8
98080.5
98086.9
98094
98101.8
98110.3
98119.5
98129.3
98139.6
98150.6
98162.2
98174.2
98186.8
98199.8
98213.2
98226.9
98241
98255.4
98269.9
98284.7
98299.5
98314.5
98329.5
98344.5
98359.4
98374.2
98388.8
98403.2
98417.3
98431.2
98444.6
98457.7
98470.3
98482.4
98494.1
98505.1
98515.6
98525.5
98534.8
98543.4
98551.4
98558.8
98565.6
98571.7
98577.3
98582.3
98586.8
98590.8
98594.3
98597.4
98600.2
98602.6
98604.7
98606.5
98608.1
98609.5
98610.7
98611.7
98612.7
98613.7
98614.7
98615.9
98617.4
98619.2
98621.6
98624.7
98628.8
98634.1
98640.8
98649
98659.3
98671.6
98686.3
98703.6
98723.7
98746.7
98772.6
98801.5
98833.6
98868.4
98906.2
98946.6
98989.8
99035.2
99083
99132.5
99183.9
99236.9
99291.2
99346.4
99402.3
99458.6
99514.8
99570.4
99624.9
99677.8
99728.1
99775.4
99818.5
99856.6
99888.5
99913.7
99930.9
99939
99937.2
99925.3
99902.6
99869.5
99825.7
99772.7
99710.6
99641.7
99566.5
99487.8
99404.9
99321.7
99236
99151
98293.7
98293.3
98292.5
98291.3
98289.7
98287.8
98285.5
98282.8
98279.8
98276.4
98272.7
98268.7
98264.3
98259.7
98254.9
98249.9
98244.6
98239.2
98233.6
98227.9
98222.1
98216.1
98209.9
98203.7
98197.3
98190.8
98184.3
98177.7
98171.1
98164.4
98157.8
98151.1
98144.5
98138
98131.5
98125.2
98118.9
98112.8
98106.8
98101
98095.4
98090
98084.9
98080
98075.4
98071.1
98067.2
98063.6
98060.4
98057.6
98055.2
98053.3
98051.9
98050.9
98050.6
98050.8
98051.6
98053
98055.1
98057.8
98061.2
98065.2
98070
98075.4
98081.5
98088.4
98095.9
98104.1
98112.9
98122.3
98132.4
98143
98154.2
98165.9
98178
98190.6
98203.6
98216.9
98230.5
98244.4
98258.5
98272.8
98287.2
98301.6
98316.1
98330.6
98345
98359.2
98373.3
98387.1
98400.7
98414
98426.9
98439.4
98451.5
98463
98474.1
98484.7
98494.7
98504.1
98512.9
98521.1
98528.7
98535.7
98542.1
98548
98553.3
98558
98562.3
98566
98569.4
98572.3
98575
98577.2
98579.2
98580.9
98582.4
98583.6
98584.6
98585.5
98586.4
98587.1
98587.9
98588.7
98589.8
98591.3
98593.2
98595.8
98599.2
98603.8
98609.6
98617
98626.2
98637.4
98650.9
98666.8
98685.5
98706.8
98731.1
98758.2
98788.3
98821.2
98856.8
98895.1
98936
98979.1
99024.5
99071.7
99120.8
99171.4
99223.3
99276.3
99329.9
99384
99438.1
99491.7
99544.3
99595.5
99644.2
99690.1
99732.1
99769.4
99800.8
99825.9
99843.4
99852.3
99851.8
99841.8
99821.4
99790.9
99750.2
99700.6
99642
99576.9
99505.3
99430
99350.6
99270.6
99187.7
99103.8
98276.2
98275.9
98275.1
98273.9
98272.3
98270.3
98268
98265.3
98262.3
98259
98255.4
98251.5
98247.4
98243
98238.4
98233.7
98228.8
98223.8
98218.7
98213.4
98208
98202.4
98196.8
98191
98185.1
98179.1
98173
98166.9
98160.8
98154.6
98148.4
98142.2
98136
98129.9
98123.8
98117.8
98111.9
98106.1
98100.4
98094.9
98089.6
98084.4
98079.5
98074.8
98070.3
98066.2
98062.4
98058.9
98055.8
98053
98050.7
98048.8
98047.3
98046.3
98045.8
98045.9
98046.6
98047.8
98049.7
98052.2
98055.3
98059.1
98063.5
98068.6
98074.3
98080.8
98087.9
98095.6
98104
98113
98122.5
98132.7
98143.3
98154.5
98166
98178
98190.4
98203.1
98216.1
98229.3
98242.8
98256.4
98270
98283.8
98297.6
98311.3
98324.9
98338.5
98351.8
98364.9
98377.7
98390.3
98402.4
98414.2
98425.4
98436.3
98446.6
98456.4
98465.7
98474.4
98482.6
98490.2
98497.3
98503.7
98509.7
98515.1
98519.9
98524.3
98528.2
98531.7
98534.8
98537.5
98539.9
98542
98543.8
98545.3
98546.5
98547.6
98548.4
98549.1
98549.6
98550
98550.4
98550.8
98551.4
98552.3
98553.5
98555.3
98557.8
98561.3
98566
98572.1
98579.9
98589.5
98601.3
98615.3
98631.9
98651.1
98673
98697.6
98725.1
98755.1
98787.9
98823.2
98861.1
98901.1
98943.3
98987.3
99033.1
99080.6
99129.3
99179.2
99229.8
99281
99332.1
99383
99432.9
99481.7
99528.3
99572.3
99612.6
99648.7
99679.3
99704
99721.7
99731.4
99732.3
99724.3
99706.6
99679.4
99642.6
99597.3
99543.4
99483.1
99416.3
99345.9
99271.1
99195.6
99116.9
99036.9
98255
98254.7
98254
98252.9
98251.3
98249.4
98247.1
98244.5
98241.6
98238.4
98234.9
98231.2
98227.3
98223.2
98218.9
98214.5
98210
98205.3
98200.6
98195.8
98190.8
98185.8
98180.6
98175.4
98170
98164.6
98159.1
98153.6
98148
98142.4
98136.7
98131.1
98125.4
98119.8
98114.3
98108.7
98103.3
98098
98092.7
98087.6
98082.6
98077.8
98073.1
98068.7
98064.5
98060.5
98056.8
98053.5
98050.5
98047.8
98045.5
98043.6
98042.1
98041
98040.4
98040.4
98040.8
98041.9
98043.5
98045.6
98048.4
98051.8
98055.8
98060.5
98065.8
98071.7
98078.3
98085.5
98093.3
98101.6
98110.6
98120.1
98130.1
98140.5
98151.4
98162.6
98174.2
98186.2
98198.3
98210.7
98223.3
98236.1
98248.9
98261.7
98274.6
98287.4
98300.1
98312.7
98325.1
98337.3
98349.2
98360.8
98372
98382.8
98393.2
98403.1
98412.5
98421.5
98429.9
98437.8
98445.2
98452
98458.4
98464.2
98469.5
98474.3
98478.7
98482.6
98486.1
98489.1
98491.9
98494.3
98496.4
98498.2
98499.8
98501
98502
98502.8
98503.3
98503.7
98503.8
98503.8
98503.7
98503.6
98503.6
98503.7
98504.1
98504.9
98506.3
98508.5
98511.8
98516.3
98522.3
98530
98539.7
98551.5
98565.5
98582.1
98601.1
98622.7
98647
98673.7
98703
98734.7
98768.9
98805.2
98843.5
98883.8
98925.8
98969.4
99014.4
99060.5
99107.5
99155.1
99202.7
99250.2
99297
99342.8
99386.8
99428.4
99466.7
99501.1
99530.5
99554.7
99572.3
99582.6
99585
99579.1
99564.4
99541
99508.6
99468.2
99419.7
99365.1
99304
99239.6
99170.7
99100.8
99027.6
98953
98231.6
98231.4
98230.7
98229.7
98228.2
98226.4
98224.3
98221.9
98219.1
98216.1
98212.8
98209.3
98205.6
98201.7
98197.8
98193.7
98189.5
98185.2
98180.9
98176.5
98172
98167.4
98162.7
98158
98153.2
98148.3
98143.4
98138.5
98133.5
98128.5
98123.5
98118.4
98113.4
98108.4
98103.4
98098.4
98093.5
98088.7
98084
98079.3
98074.7
98070.3
98066
98061.9
98058
98054.3
98050.8
98047.6
98044.7
98042.1
98039.9
98038
98036.4
98035.3
98034.6
98034.4
98034.6
98035.4
98036.7
98038.5
98040.9
98043.9
98047.5
98051.6
98056.3
98061.7
98067.7
98074.2
98081.3
98089
98097.2
98105.9
98115.1
98124.8
98134.8
98145.2
98155.9
98166.9
98178.2
98189.6
98201.2
98212.9
98224.7
98236.5
98248.3
98260.1
98271.7
98283.3
98294.6
98305.7
98316.5
98327
98337.1
98346.9
98356.2
98365.1
98373.5
98381.5
98388.9
98395.9
98402.5
98408.5
98414
98419
98423.6
98427.8
98431.5
98434.9
98437.9
98440.5
98442.9
98444.9
98446.6
98448.1
98449.3
98450.2
98450.9
98451.3
98451.5
98451.4
98451.1
98450.6
98450
98449.2
98448.4
98447.7
98447.1
98446.7
98446.9
98447.7
98449.4
98452.2
98456.2
98461.7
98468.9
98478.2
98489.5
98503
98518.9
98537.1
98557.8
98580.8
98606.3
98634
98664
98696.2
98730.4
98766.5
98804.3
98843.7
98884.5
98926.5
98969.4
99013
99056.7
99100.5
99143.9
99186.2
99227.1
99266
99301.9
99334.3
99362.3
99385.5
99402.9
99413.6
99417.2
99413.5
99401.8
99382.3
99354.4
99319.3
99276.5
99228.1
99173.4
99115.7
99053.2
98989.9
98923
98855
98207.1
98207
98206.4
98205.5
98204.2
98202.6
98200.7
98198.4
98195.9
98193.1
98190.1
98186.8
98183.4
98179.9
98176.2
98172.5
98168.6
98164.7
98160.7
98156.7
98152.6
98148.5
98144.3
98140
98135.7
98131.4
98127.1
98122.7
98118.3
98113.9
98109.5
98105
98100.6
98096.1
98091.7
98087.4
98083
98078.7
98074.5
98070.3
98066.2
98062.2
98058.3
98054.5
98050.9
98047.5
98044.2
98041.2
98038.5
98036
98033.8
98031.9
98030.3
98029.1
98028.3
98027.9
98028
98028.5
98029.5
98031
98033
98035.5
98038.5
98042.1
98046.3
98051
98056.3
98062.1
98068.5
98075.4
98082.8
98090.7
98099
98107.7
98116.8
98126.3
98136
98146
98156.2
98166.6
98177.1
98187.7
98198.4
98209.1
98219.7
98230.3
98240.8
98251.1
98261.3
98271.2
98280.8
98290.1
98299.1
98307.7
98315.9
98323.7
98331
98337.9
98344.4
98350.4
98356
98361.1
98365.8
98370
98373.8
98377.3
98380.4
98383.1
98385.5
98387.7
98389.5
98391.1
98392.4
98393.4
98394.2
98394.8
98395
98395
98394.8
98394.3
98393.4
98392.4
98391.1
98389.6
98388
98386.2
98384.6
98383
98381.8
98381
98381
98381.9
98383.7
98387
98391.7
98398.2
98406.5
98416.9
98429.4
98444
98461
98480.1
98501.6
98525.1
98550.9
98578.7
98608.5
98640.3
98673.7
98708.7
98745.1
98782.8
98821.4
98860.7
98900.4
98940.3
98979.9
99018.6
99056
99091.8
99125.1
99155.2
99181.3
99203.2
99219.9
99230.9
99235.5
99233.9
99224.9
99209.2
99185.7
99155.9
99118.9
99076.8
99028.8
98978
98922.5
98866.3
98806.4
98745.6
98182.9
98182.8
98182.4
98181.6
98180.5
98179.1
98177.4
98175.5
98173.2
98170.7
98168
98165.1
98162
98158.8
98155.4
98152
98148.5
98144.9
98141.3
98137.6
98133.9
98130.2
98126.5
98122.7
98118.9
98115.1
98111.2
98107.4
98103.5
98099.6
98095.7
98091.8
98087.9
98084
98080.2
98076.3
98072.5
98068.7
98064.9
98061.2
98057.5
98053.9
98050.3
98046.9
98043.6
98040.4
98037.5
98034.6
98032
98029.7
98027.5
98025.6
98024
98022.8
98021.8
98021.3
98021.1
98021.3
98022
98023.1
98024.7
98026.8
98029.3
98032.3
98035.9
98040
98044.6
98049.7
98055.3
98061.4
98067.9
98074.9
98082.3
98090.1
98098.3
98106.7
98115.4
98124.4
98133.5
98142.8
98152.2
98161.6
98171.1
98180.6
98190.1
98199.4
98208.6
98217.7
98226.6
98235.2
98243.6
98251.7
98259.5
98266.9
98273.9
98280.5
98286.7
98292.6
98298
98303
98307.6
98311.8
98315.6
98319
98322
98324.7
98327.1
98329.2
98331
98332.6
98333.9
98335
98335.8
98336.3
98336.6
98336.7
98336.5
98336
98335.3
98334.2
98332.8
98331.2
98329.1
98326.8
98324.3
98321.5
98318.7
98315.9
98313.2
98310.9
98309
98308
98307.6
98308.5
98310.6
98314.3
98319.7
98326.9
98335.9
98347
98360.1
98375.4
98392.9
98412.3
98433.7
98457.2
98482.6
98510
98539
98569.6
98601.6
98634.9
98669.1
98704.1
98739.7
98775.7
98811.3
98846.3
98880.1
98912.5
98942.7
98970.3
98994.1
99014.4
99030.1
99041
99046.4
99046.3
99039.8
99027.4
99008
98983.2
98951.7
98915.8
98874.6
98830.9
98782.4
98733.6
98680.9
98627.8
98160.1
98160.1
98159.8
98159.1
98158.2
98157
98155.5
98153.8
98151.9
98149.7
98147.3
98144.7
98141.9
98139.1
98136.1
98133
98129.9
98126.7
98123.4
98120.1
98116.8
98113.5
98110.2
98106.8
98103.4
98100.1
98096.7
98093.3
98089.9
98086.5
98083
98079.6
98076.2
98072.8
98069.4
98066
98062.6
98059.3
98055.9
98052.5
98049.2
98045.9
98042.7
98039.6
98036.5
98033.6
98030.8
98028.2
98025.7
98023.4
98021.3
98019.4
98017.7
98016.4
98015.3
98014.6
98014.2
98014.2
98014.5
98015.3
98016.5
98018.1
98020.1
98022.6
98025.6
98029
98033
98037.3
98042.2
98047.5
98053.2
98059.3
98065.8
98072.6
98079.8
98087.3
98094.9
98102.8
98110.9
98119
98127.3
98135.6
98143.9
98152.2
98160.4
98168.5
98176.5
98184.3
98191.9
98199.3
98206.4
98213.2
98219.7
98225.9
98231.7
98237.2
98242.3
98247
98251.3
98255.3
98258.9
98262.1
98265
98267.6
98269.9
98271.8
98273.4
98274.9
98276
98277
98277.7
98278.2
98278.5
98278.5
98278.3
98277.8
98277.1
98276
98274.7
98273.1
98271
98268.6
98265.8
98262.7
98259.2
98255.3
98251.4
98247.3
98243.2
98239.3
98235.7
98232.6
98230.2
98228.7
98228.3
98229.2
98231.7
98235.7
98241.4
98249
98258.4
98270
98283.5
98298.9
98316.2
98335.4
98356.5
98379.7
98404.5
98430.7
98458.4
98487.4
98517.3
98548.2
98579.7
98611.6
98643.2
98674.3
98704.4
98733.3
98760.2
98785
98806.4
98824.6
98839
98849.2
98854.9
98855.9
98851.3
98841.7
98826
98805.6
98779.3
98749.4
98714.6
98677.8
98636.3
98594.9
98549.5
98504.2
98139.4
98139.5
98139.3
98138.8
98138
98137.1
98135.9
98134.4
98132.8
98130.9
98128.8
98126.6
98124.2
98121.7
98119.1
98116.3
98113.6
98110.7
98107.9
98105
98102
98099.1
98096.2
98093.2
98090.2
98087.3
98084.3
98081.3
98078.3
98075.2
98072.2
98069.2
98066.2
98063.2
98060.1
98057.1
98054.1
98051
98048
98044.9
98041.9
98038.9
98035.9
98033
98030.2
98027.4
98024.8
98022.2
98019.8
98017.5
98015.4
98013.5
98011.8
98010.4
98009.2
98008.3
98007.6
98007.4
98007.4
98007.9
98008.6
98009.8
98011.4
98013.4
98015.8
98018.7
98022
98025.7
98029.8
98034.3
98039.2
98044.5
98050.1
98056
98062.3
98068.7
98075.4
98082.3
98089.2
98096.3
98103.4
98110.6
98117.7
98124.8
98131.8
98138.7
98145.5
98152
98158.4
98164.5
98170.4
98176
98181.3
98186.3
98190.9
98195.2
98199.1
98202.7
98205.9
98208.8
98211.4
98213.7
98215.7
98217.5
98218.9
98220.1
98221
98221.7
98222.1
98222.4
98222.5
98222.4
98222.1
98221.6
98220.8
98219.7
98218.3
98216.7
98214.7
98212.3
98209.6
98206.4
98202.8
98198.7
98194.3
98189.4
98184.3
98179
98173.6
98168.2
98162.9
98157.9
98153.5
98149.8
98146.9
98145.2
98144.9
98145.9
98148.4
98152.7
98158.7
98166.6
98176.4
98188.1
98201.5
98216.9
98233.9
98253.1
98273.8
98296
98319.5
98344.3
98370.2
98397
98424.5
98452.4
98480
98507.2
98533.6
98558.8
98582.4
98604.2
98622.9
98638.8
98651.2
98660.4
98665.6
98667.1
98663.8
98656.4
98643.8
98627.3
98605.6
98581.2
98552.5
98522.1
98487.4
98453.1
98414.8
98377.4
98121.6
98121.7
98121.6
98121.2
98120.6
98119.8
98118.9
98117.7
98116.3
98114.8
98113.1
98111.2
98109.1
98107
98104.8
98102.4
98100
98097.6
98095.1
98092.6
98090
98087.5
98084.9
98082.3
98079.7
98077.1
98074.4
98071.8
98069.1
98066.4
98063.7
98061
98058.3
98055.6
98052.8
98050.1
98047.3
98044.5
98041.7
98038.9
98036
98033.2
98030.4
98027.6
98024.9
98022.2
98019.7
98017.2
98014.8
98012.5
98010.4
98008.4
98006.6
98005.1
98003.7
98002.6
98001.8
98001.3
98001.1
98001.2
98001.6
98002.4
98003.6
98005.1
98007
98009.3
98012
98015.1
98018.5
98022.3
98026.5
98031
98035.8
98040.9
98046.2
98051.8
98057.5
98063.4
98069.4
98075.4
98081.5
98087.5
98093.6
98099.5
98105.4
98111.1
98116.7
98122.1
98127.2
98132.1
98136.8
98141.2
98145.3
98149.1
98152.5
98155.7
98158.5
98161
98163.1
98165
98166.6
98168
98169
98169.9
98170.4
98170.8
98170.9
98170.9
98170.6
98170.2
98169.6
98168.8
98167.8
98166.7
98165.2
98163.5
98161.5
98159.1
98156.4
98153.3
98149.8
98145.8
98141.3
98136.4
98131
98125.1
98118.9
98112.4
98105.7
98098.9
98092
98085.4
98079.1
98073.4
98068.3
98064.2
98061.2
98059.4
98059
98060.3
98063.1
98067.7
98074.1
98082.3
98092.3
98104.1
98117.5
98133
98150
98168.5
98188.1
98209.1
98231.1
98253.9
98277.6
98301.5
98325.2
98348.7
98371.3
98392.7
98412.9
98431.3
98447.3
98460.4
98470.6
98478.1
98482.1
98483.4
98480.8
98475
98464.9
98451.7
98434
98414.6
98391.3
98366.7
98338.3
98310.8
98279.4
98249.5
98106.9
98107.1
98107
98106.7
98106.3
98105.8
98105
98104.1
98103
98101.8
98100.4
98098.9
98097.2
98095.4
98093.6
98091.6
98089.6
98087.6
98085.5
98083.3
98081.2
98079
98076.8
98074.5
98072.2
98069.9
98067.6
98065.2
98062.8
98060.4
98057.9
98055.5
98053
98050.4
98047.9
98045.3
98042.7
98040.1
98037.4
98034.7
98031.9
98029.2
98026.5
98023.8
98021.1
98018.5
98015.9
98013.4
98010.9
98008.6
98006.4
98004.4
98002.5
98000.8
97999.3
97998
97997
97996.3
97995.8
97995.6
97995.7
97996.2
97997
97998.1
97999.6
98001.4
98003.6
98006.1
98008.9
98012.1
98015.6
98019.4
98023.4
98027.8
98032.3
98037
98041.9
98046.8
98051.9
98057
98062.1
98067.1
98072.1
98077
98081.8
98086.4
98090.9
98095.1
98099.2
98102.9
98106.5
98109.7
98112.6
98115.3
98117.6
98119.7
98121.4
98122.8
98123.9
98124.8
98125.4
98125.8
98125.9
98125.8
98125.5
98125
98124.4
98123.5
98122.5
98121.3
98120
98118.4
98116.7
98114.8
98112.7
98110.2
98107.5
98104.4
98100.9
98097
98092.7
98087.9
98082.6
98076.8
98070.4
98063.6
98056.4
98048.8
98040.9
98032.8
98024.5
98016.4
98008.4
98000.8
97993.8
97987.5
97982.2
97978
97975
97973.5
97973.5
97975.2
97978.6
97983.7
97990.6
97999.2
98009.5
98021.6
98035.2
98050.4
98066.5
98084
98102.4
98121.6
98141.6
98161.7
98181.7
98201.5
98220.2
98237.9
98254.4
98269.3
98282.2
98292.5
98300
98305.3
98307.7
98308
98305.4
98300.5
98292.2
98281.6
98267.5
98252.1
98233.5
98214.3
98191.6
98170.4
98145.4
98122.6
98095.5
98095.7
98095.7
98095.6
98095.3
98094.9
98094.4
98093.7
98092.9
98091.9
98090.8
98089.6
98088.4
98087
98085.5
98084
98082.4
98080.8
98079.1
98077.3
98075.5
98073.7
98071.8
98069.9
98067.9
98065.9
98063.8
98061.7
98059.5
98057.3
98055
98052.7
98050.3
98047.9
98045.5
98043
98040.4
98037.8
98035.2
98032.5
98029.8
98027.1
98024.3
98021.6
98018.9
98016.2
98013.6
98011
98008.5
98006.1
98003.8
98001.6
97999.6
97997.7
97996.1
97994.6
97993.4
97992.5
97991.8
97991.3
97991.2
97991.4
97991.8
97992.6
97993.7
97995.1
97996.8
97998.9
98001.2
98003.8
98006.7
98009.9
98013.3
98017
98020.8
98024.8
98028.8
98033
98037.2
98041.4
98045.7
98049.8
98053.9
98057.8
98061.6
98065.2
98068.7
98071.9
98074.8
98077.5
98079.9
98082.1
98084
98085.5
98086.8
98087.8
98088.5
98088.8
98088.9
98088.8
98088.4
98087.8
98087
98086
98084.9
98083.5
98082
98080.3
98078.5
98076.5
98074.3
98072
98069.6
98066.9
98063.9
98060.7
98057.1
98053.2
98048.9
98044.3
98039.1
98033.5
98027.4
98020.7
98013.5
98005.8
97997.6
97989
97980.1
97970.9
97961.4
97951.9
97942.5
97933.3
97924.6
97916.4
97909
97902.7
97897.5
97893.7
97891.3
97890.4
97891.2
97893.7
97897.9
97903.8
97911.2
97920.4
97931
97943.1
97956.2
97970.5
97985.5
98001.4
98017.9
98034.5
98050.9
98067.1
98082
98095.8
98108.6
98119.9
98129.4
98136.6
98141.3
98144.2
98144.4
98143.1
98139.8
98135.1
98127.9
98119.4
98108
98096
98081.3
98066.9
98049.3
98033.9
98014.7
97998.7
98087
98087.3
98087.4
98087.4
98087.2
98087
98086.7
98086.3
98085.8
98085.1
98084.4
98083.6
98082.7
98081.7
98080.6
98079.5
98078.4
98077.2
98075.9
98074.5
98073.1
98071.7
98070.1
98068.5
98066.8
98065
98063.1
98061.2
98059.1
98057.1
98054.9
98052.7
98050.4
98048
98045.6
98043.1
98040.5
98037.9
98035.2
98032.5
98029.7
98026.9
98024.1
98021.2
98018.4
98015.6
98012.9
98010.2
98007.5
98005
98002.5
98000.2
97998
97996
97994.2
97992.6
97991.2
97990.1
97989.2
97988.6
97988.2
97988.1
97988.3
97988.8
97989.6
97990.6
97992
97993.6
97995.5
97997.7
98000.1
98002.8
98005.7
98008.7
98011.9
98015.3
98018.7
98022.1
98025.6
98029.1
98032.5
98035.9
98039.1
98042.2
98045.1
98047.8
98050.2
98052.5
98054.5
98056.2
98057.6
98058.7
98059.6
98060.2
98060.4
98060.4
98060.1
98059.5
98058.6
98057.5
98056.1
98054.6
98052.8
98050.9
98048.8
98046.6
98044.3
98041.7
98039
98036.2
98033.2
98030.1
98026.7
98023.2
98019.4
98015.3
98010.9
98006.2
98001.1
97995.6
97989.7
97983.3
97976.3
97968.8
97960.9
97952.4
97943.4
97933.9
97924
97913.8
97903.3
97892.7
97882.1
97871.6
97861.3
97851.6
97842.5
97834.4
97827.4
97821.6
97817.1
97814.2
97812.8
97813.1
97814.9
97818.4
97823.3
97829.9
97837.8
97847.1
97857.4
97868.9
97881
97893.8
97907
97920.3
97933.3
97945.8
97957.1
97967.2
97976.1
97983.7
97989.7
97993.6
97995.4
97995.8
97993.6
97990.2
97985.8
97980.6
97973.9
97966.6
97957.3
97948
97936.6
97926.3
97913.2
97902.9
97888.9
97879
98081.1
98081.4
98081.6
98081.6
98081.6
98081.6
98081.5
98081.3
98081.1
98080.8
98080.5
98080.1
98079.7
98079.2
98078.6
98078
98077.3
98076.5
98075.6
98074.7
98073.6
98072.5
98071.3
98069.9
98068.5
98066.9
98065.2
98063.4
98061.5
98059.5
98057.4
98055.2
98052.9
98050.5
98048
98045.4
98042.7
98040
98037.2
98034.4
98031.5
98028.5
98025.5
98022.6
98019.6
98016.6
98013.7
98010.8
98008
98005.3
98002.7
98000.3
97997.9
97995.8
97993.8
97992
97990.5
97989.2
97988.1
97987.3
97986.7
97986.5
97986.4
97986.7
97987.2
97988
97989.1
97990.4
97992
97993.8
97995.9
97998.1
98000.5
98003.1
98005.8
98008.6
98011.4
98014.3
98017.1
98019.9
98022.7
98025.3
98027.8
98030.1
98032.2
98034.1
98035.7
98037.1
98038.2
98039
98039.5
98039.7
98039.6
98039.3
98038.6
98037.6
98036.3
98034.8
98032.9
98030.9
98028.6
98026.1
98023.5
98020.7
98017.7
98014.6
98011.3
98007.9
98004.4
98000.6
97996.8
97992.8
97988.5
97984.1
97979.4
97974.5
97969.2
97963.7
97957.8
97951.5
97944.7
97937.5
97929.8
97921.6
97912.9
97903.7
97894
97883.8
97873.1
97862.2
97850.9
97839.3
97827.7
97816.1
97804.6
97793.6
97783.3
97773.8
97765.2
97757.7
97751.6
97746.9
97743.7
97742.1
97741.9
97743.2
97746
97750.3
97755.9
97762.7
97770.6
97779.6
97789.1
97799
97809.1
97819.1
97828.8
97837.8
97845.5
97852.1
97857.2
97861.1
97863.3
97863.8
97862.5
97860.3
97855.7
97850.2
97844.1
97837.9
97831.1
97824.5
97816.6
97809.4
97800.6
97793.7
97784.3
97778.6
97769.2
97764.9
98076.7
98077
98077.3
98077.4
98077.6
98077.8
98078
98078.2
98078.3
98078.6
98078.7
98078.9
98079
98079.1
98079
98078.9
98078.7
98078.4
98077.9
98077.4
98076.7
98075.9
98074.9
98073.8
98072.6
98071.2
98069.6
98067.9
98066.1
98064.1
98062
98059.7
98057.4
98054.9
98052.3
98049.6
98046.8
98043.9
98041
98038
98034.9
98031.8
98028.6
98025.4
98022.2
98019.1
98016
98012.9
98009.9
98007.1
98004.3
98001.7
97999.2
97996.9
97994.8
97992.9
97991.2
97989.8
97988.5
97987.6
97986.9
97986.4
97986.3
97986.3
97986.7
97987.3
97988.1
97989.2
97990.5
97992.1
97993.8
97995.7
97997.8
98000
98002.2
98004.6
98006.9
98009.3
98011.6
98013.9
98016
98018
98019.8
98021.5
98022.8
98024
98024.9
98025.5
98025.8
98025.8
98025.5
98024.8
98023.9
98022.7
98021.1
98019.3
98017.1
98014.7
98011.9
98009
98005.8
98002.4
97998.9
97995.2
97991.4
97987.4
97983.2
97978.9
97974.5
97969.9
97965.1
97960.2
97955.1
97949.7
97944.2
97938.4
97932.3
97925.9
97919.2
97912.1
97904.6
97896.6
97888.2
97879.3
97870
97860.2
97849.9
97839.1
97827.9
97816.3
97804.3
97792
97779.6
97767.2
97754.9
97742.9
97731.5
97720.9
97711.1
97702.3
97694.9
97688.7
97683.9
97680.6
97678.7
97678.3
97679.3
97681.7
97685.2
97689.8
97695.5
97702.3
97709.4
97716.5
97723.6
97730.5
97737.1
97742.8
97747.1
97750.2
97751.5
97751.7
97750.2
97747.3
97742.8
97737.6
97730.6
97723
97715
97707.6
97700.2
97693.8
97686.6
97680.9
97674.2
97670
97663.7
97662
97656.6
97657.2
98073
98073.2
98073.4
98073.6
98073.8
98074.4
98075
98075.8
98076.6
98077.5
98078.4
98079.3
98080
98080.7
98081.3
98081.7
98082
98082.2
98082.1
98081.9
98081.6
98081.1
98080.4
98079.5
98078.4
98077.1
98075.6
98074
98072.1
98070.1
98068
98065.7
98063.3
98060.7
98058
98055.1
98052.2
98049.2
98046
98042.8
98039.5
98036.2
98032.8
98029.5
98026.1
98022.8
98019.4
98016.2
98013.1
98010
98007.1
98004.3
98001.7
97999.3
97997.1
97995
97993.3
97991.7
97990.4
97989.3
97988.5
97987.9
97987.6
97987.6
97987.8
97988.3
97989
97989.9
97991
97992.3
97993.9
97995.5
97997.3
97999.1
98001.1
98003
98005
98006.9
98008.8
98010.5
98012.2
98013.6
98014.9
98015.9
98016.7
98017.2
98017.4
98017.3
98016.9
98016.1
98015.1
98013.7
98012
98009.9
98007.6
98004.9
98001.9
97998.7
97995.1
97991.3
97987.3
97983.1
97978.7
97974.1
97969.4
97964.6
97959.6
97954.5
97949.1
97943.7
97938.1
97932.3
97926.2
97920
97913.6
97906.9
97900.1
97892.9
97885.4
97877.5
97869.3
97860.6
97851.6
97842.2
97832.3
97822
97811.2
97799.9
97788.3
97776.2
97763.7
97750.9
97737.9
97724.9
97711.9
97699.3
97687.2
97675.7
97664.8
97655
97646.4
97639
97632.9
97628.2
97624.9
97623
97622.5
97623.2
97624.8
97627.6
97631.4
97635.9
97640.8
97645.4
97649.7
97653.6
97657.1
97659.7
97660.8
97660.6
97658.3
97654.7
97649.5
97643.2
97635.5
97627.3
97617.9
97608.1
97598.2
97589.5
97581.2
97574.5
97567.7
97563.1
97557.8
97555.8
97552.1
97553.8
97551.9
97556.9
98068.1
98068.2
98068.2
98068.5
98069.3
98070.6
98072
98073.8
98075.5
98077.4
98079.1
98080.8
98082.3
98083.7
98084.9
98085.9
98086.7
98087.2
98087.6
98087.7
98087.6
98087.3
98086.8
98086
98085.1
98083.9
98082.5
98080.9
98079
98077
98074.8
98072.5
98069.9
98067.3
98064.4
98061.4
98058.3
98055.1
98051.8
98048.4
98045
98041.5
98037.9
98034.4
98030.8
98027.3
98023.8
98020.4
98017.1
98013.9
98010.9
98008
98005.3
98002.8
98000.4
97998.3
97996.5
97994.8
97993.4
97992.3
97991.4
97990.8
97990.4
97990.3
97990.4
97990.7
97991.3
97992.1
97993.1
97994.3
97995.6
97997.1
97998.6
98000.2
98001.8
98003.5
98005.1
98006.6
98008.1
98009.4
98010.6
98011.5
98012.3
98012.8
98013
98012.9
98012.5
98011.8
98010.7
98009.3
98007.6
98005.5
98003
98000.3
97997.2
97993.7
97990
97986
97981.7
97977.1
97972.3
97967.3
97962.1
97956.8
97951.3
97945.6
97939.8
97933.9
97927.7
97921.4
97915
97908.4
97901.5
97894.5
97887.2
97879.8
97872.1
97864.2
97856
97847.5
97838.6
97829.4
97819.9
97810
97799.6
97788.9
97777.7
97766.1
97754.1
97741.6
97728.7
97715.5
97702.1
97688.7
97675.4
97662.4
97649.7
97637.4
97625.9
97615.2
97605.7
97597.2
97589.9
97584.1
97579.6
97576.4
97574.6
97573.8
97573.9
97575
97577
97579.6
97582.4
97584.7
97586.5
97587.6
97588.1
97587.7
97585.9
97582.4
97576.5
97569.3
97560.7
97551
97540.1
97528.8
97517
97505.1
97493.4
97483.2
97473.8
97466.7
97460
97456.1
97451.8
97451.5
97449.9
97454.5
97455.7
97464.5
98061
98060.9
98060.6
98061.6
98063.2
98065.9
98068.5
98071.6
98074.4
98077.3
98080
98082.4
98084.7
98086.6
98088.3
98089.7
98090.9
98091.8
98092.4
98092.7
98092.8
98092.7
98092.3
98091.6
98090.8
98089.6
98088.3
98086.7
98084.9
98082.9
98080.7
98078.2
98075.6
98072.9
98070
98066.9
98063.7
98060.4
98057
98053.4
98049.9
98046.2
98042.6
98038.9
98035.3
98031.6
98028.1
98024.6
98021.2
98018
98014.8
98011.9
98009.1
98006.5
98004.2
98002
98000.1
97998.4
97997
97995.8
97994.9
97994.3
97993.8
97993.7
97993.8
97994.1
97994.6
97995.3
97996.2
97997.3
97998.5
97999.8
98001.1
98002.5
98004
98005.3
98006.7
98007.9
98009
98010
98010.8
98011.4
98011.7
98011.7
98011.5
98010.9
98010
98008.8
98007.2
98005.3
98002.9
98000.3
97997.3
97993.9
97990.1
97986.1
97981.8
97977.1
97972.2
97967
97961.6
97955.9
97950
97944
97937.8
97931.5
97924.9
97918.3
97911.5
97904.5
97897.3
97890
97882.5
97874.8
97866.9
97858.8
97850.5
97841.9
97833.1
97824.1
97814.7
97805
97795
97784.7
97774.1
97763
97751.6
97739.7
97727.5
97714.7
97701.5
97688.1
97674.5
97660.8
97647.3
97633.9
97620.8
97608.1
97596
97584.7
97574.3
97565
97556.8
97550
97544.6
97540.4
97537.3
97535.3
97534.1
97533.7
97534.2
97534.9
97535.8
97536
97535.4
97534
97531.7
97528.6
97523.9
97517.1
97507.8
97497.1
97485.2
97472.1
97458
97443.7
97429.4
97415.5
97401.7
97390
97379.2
97371.4
97364.6
97361
97357.2
97358.1
97358
97365
97368.6
97380.5
98051.2
98050.7
98050.7
98053.1
98056.4
98061.1
98065.2
98069.7
98073.7
98077.5
98080.8
98083.9
98086.6
98089
98091
98092.7
98094.1
98095.2
98096
98096.5
98096.7
98096.7
98096.4
98095.8
98095
98093.9
98092.6
98091
98089.2
98087.2
98085
98082.6
98080
98077.2
98074.2
98071.1
98067.8
98064.5
98061
98057.4
98053.8
98050.1
98046.4
98042.7
98039
98035.3
98031.7
98028.2
98024.8
98021.5
98018.3
98015.4
98012.6
98010
98007.6
98005.5
98003.5
98001.9
98000.5
97999.3
97998.4
97997.7
97997.3
97997.1
97997.2
97997.5
97997.9
97998.6
97999.5
98000.4
98001.5
98002.7
98004
98005.2
98006.5
98007.6
98008.7
98009.8
98010.6
98011.3
98011.8
98012.1
98012
98011.8
98011.1
98010.2
98008.9
98007.3
98005.2
98002.8
98000.1
97997
97993.5
97989.6
97985.4
97980.8
97976
97970.8
97965.4
97959.7
97953.8
97947.6
97941.2
97934.7
97927.9
97921
97913.9
97906.7
97899.3
97891.8
97884.1
97876.2
97868.1
97859.9
97851.5
97842.9
97834
97825
97815.7
97806.2
97796.5
97786.5
97776.2
97765.6
97754.7
97743.5
97731.8
97719.8
97707.3
97694.3
97681
97667.5
97653.8
97640
97626.2
97612.6
97599.1
97586
97573.5
97561.7
97550.6
97540.5
97531.7
97524.2
97517.9
97512.8
97508.7
97505.6
97503.2
97501.5
97500.4
97499.5
97498.6
97496.9
97494.3
97490.7
97485.9
97480.1
97472.7
97462.7
97450.3
97436.4
97421.1
97404.9
97387.8
97370.7
97353.9
97337.9
97322.1
97308.8
97296.8
97288
97280.9
97277.4
97273.9
97275.7
97276.7
97285.7
97291.3
97305.7
98032.6
98033.8
98034.5
98040.6
98047.2
98055
98061.4
98067.8
98072.9
98077.7
98081.8
98085.4
98088.5
98091.2
98093.5
98095.4
98097
98098.2
98099.1
98099.8
98100.1
98100.1
98099.9
98099.4
98098.6
98097.5
98096.3
98094.7
98092.9
98090.9
98088.7
98086.3
98083.7
98080.9
98077.9
98074.8
98071.5
98068.1
98064.6
98061
98057.3
98053.6
98049.9
98046.2
98042.5
98038.8
98035.2
98031.7
98028.2
98025
98021.8
98018.9
98016.1
98013.5
98011.1
98009
98007.1
98005.5
98004.1
98002.9
98002
98001.4
98001
98000.8
98000.9
98001.1
98001.6
98002.2
98003
98003.9
98004.9
98006
98007.1
98008.2
98009.3
98010.3
98011.2
98012
98012.6
98013.1
98013.3
98013.3
98012.9
98012.3
98011.4
98010.1
98008.4
98006.4
98004
98001.2
97998.1
97994.5
97990.6
97986.3
97981.7
97976.7
97971.4
97965.9
97960
97953.9
97947.6
97941
97934.1
97927.1
97919.9
97912.6
97905
97897.3
97889.5
97881.5
97873.3
97865
97856.5
97847.9
97839.1
97830
97820.8
97811.4
97801.8
97791.9
97781.9
97771.7
97761.2
97750.3
97739.3
97727.9
97716.2
97704
97691.4
97678.4
97665
97651.5
97637.7
97623.8
97609.8
97596
97582.2
97568.8
97555.9
97543.6
97532.1
97521.5
97512.1
97504
97497.1
97491
97486
97481.9
97478.5
97475.6
97473.1
97470.6
97468
97464.7
97460.3
97454.6
97447.7
97439.3
97429.2
97416.3
97401
97384.2
97365.9
97346.8
97326.9
97307.4
97288.1
97270.2
97252.6
97238
97224.9
97215.3
97207.7
97204.5
97201.3
97204
97206
97216.8
97223.9
97240.7
98004.2
98003.7
98010.2
98023.7
98036.6
98048.8
98058
98066.2
98072.5
98078.1
98082.7
98086.8
98090.2
98093.1
98095.6
98097.7
98099.4
98100.7
98101.7
98102.4
98102.8
98102.9
98102.7
98102.2
98101.5
98100.5
98099.2
98097.7
98095.9
98093.9
98091.7
98089.3
98086.7
98083.9
98081
98077.9
98074.6
98071.2
98067.7
98064.1
98060.5
98056.8
98053.1
98049.4
98045.7
98042
98038.4
98034.9
98031.6
98028.3
98025.2
98022.3
98019.5
98017
98014.7
98012.6
98010.7
98009.1
98007.7
98006.6
98005.8
98005.1
98004.8
98004.6
98004.7
98004.9
98005.3
98005.9
98006.7
98007.5
98008.4
98009.4
98010.4
98011.4
98012.3
98013.1
98013.8
98014.4
98014.8
98015
98015
98014.6
98014
98013.1
98011.9
98010.2
98008.3
98005.9
98003.1
98000
97996.5
97992.6
97988.3
97983.7
97978.7
97973.3
97967.7
97961.7
97955.5
97949
97942.3
97935.4
97928.2
97920.9
97913.3
97905.6
97897.7
97889.7
97881.5
97873.1
97864.6
97856
97847.2
97838.2
97829.1
97819.8
97810.3
97800.6
97790.8
97780.8
97770.6
97760.2
97749.6
97738.7
97727.5
97716.1
97704.3
97692.1
97679.4
97666.4
97653.2
97639.6
97625.9
97611.9
97597.8
97583.7
97569.8
97556.1
97542.9
97530.3
97518.3
97507.4
97497.6
97489
97481.4
97474.6
97468.6
97463.6
97459.3
97455.3
97451.5
97447.7
97443.7
97438.8
97432.7
97425.4
97416.3
97405.5
97392.8
97377.3
97359.5
97340.1
97319
97297.2
97275
97253.1
97231.7
97212
97193
97177.3
97163.2
97153
97145
97142
97139.3
97143
97146
97158.2
97166.7
97185.6
97943
97955.6
97970.9
98001.6
98024.9
98043
98055
98064.8
98072.1
98078.4
98083.5
98087.9
98091.5
98094.6
98097.2
98099.4
98101.2
98102.6
98103.6
98104.4
98104.8
98104.9
98104.8
98104.3
98103.6
98102.6
98101.4
98099.9
98098.2
98096.3
98094.1
98091.7
98089.2
98086.4
98083.5
98080.4
98077.2
98073.8
98070.4
98066.8
98063.2
98059.6
98055.9
98052.2
98048.6
98045
98041.5
98038
98034.7
98031.5
98028.5
98025.6
98022.9
98020.4
98018.2
98016.1
98014.3
98012.7
98011.4
98010.4
98009.5
98008.9
98008.6
98008.4
98008.5
98008.7
98009.1
98009.7
98010.4
98011.1
98012
98012.8
98013.7
98014.5
98015.3
98015.9
98016.5
98016.8
98017
98016.9
98016.6
98016.1
98015.2
98014
98012.4
98010.5
98008.2
98005.5
98002.4
97999
97995.1
97990.9
97986.3
97981.3
97976
97970.3
97964.4
97958.1
97951.6
97944.8
97937.8
97930.6
97923.1
97915.5
97907.7
97899.7
97891.6
97883.3
97874.9
97866.3
97857.5
97848.7
97839.6
97830.5
97821.2
97811.8
97802.1
97792.3
97782.4
97772.3
97762
97751.6
97741
97730
97718.9
97707.5
97695.7
97683.5
97670.9
97658.1
97644.9
97631.4
97617.7
97603.7
97589.6
97575.4
97561.2
97547.4
97533.9
97521
97508.7
97497.4
97487.4
97478.2
97470
97462.5
97455.7
97449.9
97444.7
97439.8
97434.8
97429.7
97424.4
97418.1
97410.6
97401.6
97390.7
97377.6
97362.5
97344.6
97324.6
97302.9
97279.3
97255.2
97230.9
97207.1
97183.9
97162.8
97142.6
97126.1
97111.2
97100.7
97092.4
97089.7
97087.5
97092.4
97096.5
97110.1
97119.7
97140.5
97869.1
97881.2
97926.3
97978.1
98015.1
98039.2
98053.4
98064.1
98072
98078.7
98084.1
98088.7
98092.5
98095.7
98098.4
98100.6
98102.4
98103.9
98105
98105.7
98106.2
98106.4
98106.2
98105.8
98105.2
98104.2
98103
98101.6
98099.9
98098
98095.9
98093.6
98091
98088.3
98085.5
98082.4
98079.3
98076
98072.6
98069.1
98065.6
98062
98058.4
98054.8
98051.2
98047.7
98044.2
98040.9
98037.6
98034.5
98031.5
98028.7
98026.1
98023.7
98021.5
98019.6
98017.8
98016.3
98015.1
98014
98013.2
98012.7
98012.3
98012.2
98012.3
98012.5
98012.9
98013.4
98014
98014.7
98015.4
98016.2
98016.9
98017.6
98018.2
98018.7
98019
98019.1
98019.1
98018.8
98018.2
98017.4
98016.2
98014.8
98012.9
98010.7
98008.1
98005.1
98001.7
97997.9
97993.8
97989.2
97984.3
97979.1
97973.5
97967.5
97961.3
97954.7
97948
97940.9
97933.7
97926.2
97918.6
97910.8
97902.8
97894.6
97886.4
97877.9
97869.3
97860.6
97851.8
97842.8
97833.7
97824.5
97815.1
97805.6
97795.9
97786.1
97776.1
97766
97755.8
97745.5
97734.9
97724.1
97713.1
97701.7
97690
97678
97665.6
97652.8
97639.8
97626.4
97612.7
97598.7
97584.5
97570.3
97556.1
97542.1
97528.3
97515.1
97502.5
97491.1
97480.7
97471
97462.2
97454
97446.5
97440
97434
97428.1
97421.9
97415.7
97409.2
97401.7
97392.9
97382.4
97369.7
97354.6
97337.3
97317.4
97295.5
97271.7
97246.2
97220.1
97194.1
97168.7
97144
97121.9
97101
97083.9
97068.6
97057.8
97049.6
97047.3
97046
97052.2
97057.3
97072.5
97083.2
97105.5
97760
97821.6
97901
97965.4
98008.9
98036.3
98052.4
98063.6
98071.8
98078.8
98084.4
98089.2
98093.1
98096.3
98099.1
98101.3
98103.2
98104.7
98105.8
98106.6
98107.1
98107.2
98107.1
98106.8
98106.1
98105.2
98104.1
98102.7
98101
98099.2
98097.1
98094.9
98092.4
98089.8
98087
98084
98080.9
98077.7
98074.4
98071
98067.6
98064.1
98060.6
98057.1
98053.6
98050.2
98046.8
98043.5
98040.4
98037.3
98034.5
98031.8
98029.2
98026.9
98024.8
98022.9
98021.2
98019.8
98018.6
98017.6
98016.9
98016.4
98016
98015.9
98016
98016.2
98016.5
98017
98017.5
98018.1
98018.8
98019.4
98020
98020.5
98021
98021.3
98021.4
98021.3
98021
98020.5
98019.7
98018.6
98017.2
98015.4
98013.3
98010.8
98007.9
98004.6
98000.9
97996.8
97992.4
97987.6
97982.4
97976.8
97971
97964.8
97958.3
97951.6
97944.6
97937.3
97929.9
97922.3
97914.5
97906.6
97898.4
97890.2
97881.9
97873.4
97864.7
97856
97847.1
97838.1
97829
97819.8
97810.5
97801
97791.4
97781.7
97771.8
97761.9
97751.8
97741.6
97731.2
97720.6
97709.7
97698.5
97686.9
97675.1
97662.9
97650.4
97637.4
97624.1
97610.5
97596.5
97582.4
97568.1
97553.8
97539.6
97525.7
97512.2
97499.5
97487.7
97477
97466.8
97457.5
97448.6
97440.5
97433.2
97426.4
97419.5
97412.4
97405.1
97397.4
97388.8
97378.7
97366.8
97352.6
97335.7
97316.5
97294.9
97271.3
97246
97218.8
97191.1
97163.7
97137.2
97111.5
97088.8
97067.6
97050.2
97034.8
97024.3
97016.4
97014.9
97014.6
97022.1
97028.5
97045.3
97057.1
97081
97625.2
97807
97913.5
97974.6
98010.3
98035.4
98052.3
98063.6
98071.9
98078.9
98084.7
98089.4
98093.4
98096.7
98099.4
98101.7
98103.5
98105
98106.1
98107
98107.4
98107.7
98107.6
98107.2
98106.6
98105.8
98104.7
98103.3
98101.8
98100
98098
98095.8
98093.4
98090.8
98088.1
98085.3
98082.3
98079.2
98076
98072.7
98069.3
98065.9
98062.5
98059.1
98055.7
98052.4
98049.2
98046
98042.9
98040
98037.2
98034.6
98032.2
98030
98028
98026.2
98024.6
98023.2
98022.1
98021.1
98020.4
98019.9
98019.7
98019.5
98019.6
98019.8
98020.1
98020.5
98021
98021.5
98022
98022.5
98022.9
98023.3
98023.6
98023.7
98023.6
98023.3
98022.8
98022
98021
98019.6
98017.9
98015.9
98013.5
98010.7
98007.5
98003.9
97999.9
97995.6
97990.9
97985.8
97980.3
97974.6
97968.5
97962.1
97955.4
97948.5
97941.3
97933.9
97926.3
97918.6
97910.7
97902.6
97894.5
97886.2
97877.9
97869.4
97860.8
97852.1
97843.4
97834.5
97825.5
97816.4
97807.2
97797.8
97788.4
97778.9
97769.2
97759.5
97749.6
97739.6
97729.5
97719.2
97708.6
97697.6
97686.2
97674.6
97662.7
97650.3
97637.6
97624.4
97610.7
97596.8
97582.7
97568.4
97554.1
97539.8
97525.7
97512
97499.1
97487.1
97475.9
97465.3
97455.4
97445.9
97437.2
97429.1
97421.5
97413.8
97405.6
97397.3
97388.4
97378.8
97367.5
97354.4
97338.7
97320.4
97299.6
97276.8
97251.8
97225.1
97196.6
97167.8
97139.5
97112.2
97086
97062.9
97041.8
97024.6
97009.6
96999.7
96992.7
96992.2
96993.2
97002.2
97010
97028.5
97041.7
97067.1
97510.2
97823.4
97940.2
97986.7
98012.5
98034.3
98051.7
98063.4
98071.8
98078.8
98084.6
98089.4
98093.3
98096.6
98099.4
98101.6
98103.5
98105
98106.1
98106.9
98107.4
98107.7
98107.6
98107.3
98106.7
98105.9
98104.9
98103.6
98102.1
98100.4
98098.5
98096.4
98094.1
98091.6
98089
98086.2
98083.3
98080.3
98077.2
98074
98070.8
98067.5
98064.2
98060.9
98057.7
98054.5
98051.3
98048.3
98045.3
98042.5
98039.9
98037.4
98035.1
98032.9
98031
98029.3
98027.8
98026.5
98025.4
98024.6
98023.9
98023.4
98023.1
98023
98023.1
98023.2
98023.5
98023.8
98024.2
98024.6
98025.1
98025.4
98025.7
98025.9
98026
98025.9
98025.7
98025.2
98024.4
98023.4
98022
98020.4
98018.4
98016.1
98013.4
98010.4
98006.9
98003.1
97998.8
97994.2
97989.2
97983.8
97978.2
97972.1
97965.8
97959.2
97952.4
97945.3
97938
97930.5
97922.8
97915
97907.1
97899
97890.8
97882.6
97874.3
97866
97857.5
97849
97840.3
97831.6
97822.8
97814
97804.9
97795.9
97786.7
97777.5
97768.1
97758.7
97749.1
97739.5
97729.6
97719.7
97709.3
97698.7
97687.6
97676.3
97664.7
97652.6
97640
97626.9
97613.3
97599.5
97585.5
97571.3
97556.9
97542.5
97528.3
97514.5
97501.5
97489.2
97477.5
97466.4
97456
97446
97436.8
97427.9
97419.4
97410.8
97401.8
97392.4
97382.4
97371.7
97359.4
97345
97328.1
97308.7
97286.8
97262.9
97236.8
97209.2
97179.8
97150.3
97121.4
97093.6
97067.3
97044.3
97023.6
97007.1
96992.9
96984.1
96978.3
96979.1
96981.7
96992.4
97002
97022.3
97037
97064
97680.8
97880.3
97959.2
97996.3
98014.8
98034.6
98051.9
98063.7
98072
98078.8
98084.4
98089.2
98093.1
98096.4
98099.1
98101.3
98103.2
98104.6
98105.8
98106.6
98107.1
98107.4
98107.3
98107.1
98106.5
98105.8
98104.8
98103.6
98102.1
98100.5
98098.7
98096.6
98094.4
98092
98089.5
98086.8
98084.1
98081.2
98078.2
98075.1
98072
98068.8
98065.7
98062.5
98059.4
98056.3
98053.2
98050.3
98047.5
98044.8
98042.3
98039.9
98037.7
98035.7
98033.8
98032.2
98030.8
98029.6
98028.5
98027.7
98027.1
98026.7
98026.4
98026.3
98026.3
98026.5
98026.7
98026.9
98027.3
98027.6
98027.9
98028.1
98028.3
98028.3
98028.2
98028
98027.5
98026.8
98025.8
98024.5
98022.9
98021.1
98018.8
98016.2
98013.3
98009.9
98006.2
98002.1
97997.6
97992.7
97987.5
97981.9
97976
97969.7
97963.2
97956.5
97949.5
97942.3
97934.9
97927.3
97919.6
97911.7
97903.8
97895.7
97887.6
97879.5
97871.3
97863.1
97854.8
97846.5
97838.1
97829.6
97821.1
97812.5
97803.8
97795.1
97786.3
97777.4
97768.4
97759.3
97750.2
97740.9
97731.5
97721.9
97712
97701.7
97691
97680.1
97668.7
97656.9
97644.6
97631.6
97618.1
97604.5
97590.5
97576.4
97562.1
97547.7
97533.4
97519.6
97506.3
97493.8
97481.6
97470.1
97459.1
97448.7
97439
97429.4
97420.1
97410.6
97400.7
97390.4
97379.3
97367.6
97354.2
97338.8
97320.9
97300.6
97277.8
97253.2
97226.4
97198.1
97168.3
97138.6
97109.4
97081.7
97055.6
97033
97013.2
96997.6
96984.9
96977.6
96973.3
96975.9
96980.3
96993
97004.6
97026.8
97043.1
97072
97833.3
97925.5
97955.3
98001.7
98018.5
98035.6
98051.7
98063.6
98071.9
98078.5
98084.1
98088.8
98092.7
98095.9
98098.6
98100.8
98102.6
98104.1
98105.2
98106.1
98106.6
98106.9
98106.9
98106.6
98106.1
98105.4
98104.5
98103.3
98102
98100.4
98098.6
98096.7
98094.6
98092.3
98089.9
98087.3
98084.6
98081.9
98079
98076
98073
98070
98067
98063.9
98060.9
98058
98055.1
98052.3
98049.6
98047
98044.6
98042.3
98040.2
98038.3
98036.6
98035.1
98033.7
98032.6
98031.6
98030.9
98030.3
98029.9
98029.6
98029.5
98029.5
98029.6
98029.8
98030
98030.2
98030.4
98030.6
98030.7
98030.8
98030.6
98030.4
98029.9
98029.2
98028.3
98027.1
98025.6
98023.7
98021.6
98019.1
98016.2
98013
98009.4
98005.4
98001
97996.3
97991.1
97985.7
97979.8
97973.7
97967.3
97960.6
97953.7
97946.6
97939.3
97931.8
97924.1
97916.4
97908.6
97900.7
97892.7
97884.7
97876.7
97868.7
97860.6
97852.6
97844.5
97836.4
97828.3
97820.1
97811.9
97803.6
97795.3
97786.9
97778.5
97769.9
97761.4
97752.7
97743.9
97734.9
97725.8
97716.3
97706.4
97696.2
97685.6
97674.6
97663.1
97651
97638.2
97624.9
97611.4
97597.6
97583.5
97569.2
97554.9
97540.6
97526.7
97513.3
97500.5
97487.9
97475.9
97464.4
97453.6
97443.3
97433
97422.9
97412.5
97401.8
97390.6
97378.5
97365.7
97351.4
97335
97316.4
97295.4
97271.9
97246.9
97219.8
97191.2
97161.3
97131.8
97102.7
97075.6
97050.1
97028.3
97009.8
96995.8
96984.8
96979.6
96977.3
96982
96988.6
97003.5
97017.3
97041.6
97059.7
97090.5
97902.9
97932.8
97956.3
98005.3
98023
98038.8
98053.1
98064
98072
98078.4
98083.8
98088.3
98092.1
98095.2
98097.9
98100.1
98101.8
98103.3
98104.4
98105.2
98105.8
98106.1
98106.1
98105.9
98105.5
98104.8
98104
98102.9
98101.6
98100.1
98098.5
98096.6
98094.6
98092.4
98090.1
98087.7
98085.1
98082.5
98079.8
98077
98074.1
98071.2
98068.3
98065.4
98062.6
98059.8
98057
98054.4
98051.8
98049.4
98047.1
98045
98043
98041.2
98039.6
98038.2
98036.9
98035.9
98035
98034.3
98033.8
98033.4
98033.1
98033
98033
98033
98033.1
98033.3
98033.4
98033.5
98033.6
98033.5
98033.4
98033.1
98032.6
98031.9
98031
98029.8
98028.3
98026.6
98024.5
98022
98019.2
98016.1
98012.5
98008.6
98004.4
97999.7
97994.7
97989.3
97983.6
97977.6
97971.2
97964.6
97957.8
97950.7
97943.5
97936.1
97928.5
97920.9
97913.2
97905.4
97897.6
97889.8
97882
97874.2
97866.4
97858.6
97850.9
97843.1
97835.4
97827.7
97820
97812.2
97804.4
97796.6
97788.8
97780.9
97772.9
97764.9
97756.8
97748.6
97740.2
97731.5
97722.6
97713.2
97703.5
97693.3
97682.7
97671.5
97659.6
97647.1
97634.1
97620.8
97607.1
97593.1
97578.9
97564.6
97550.3
97536.4
97522.9
97509.7
97496.7
97484.2
97472.2
97460.9
97450
97439
97428.1
97416.8
97405.3
97393.2
97380.2
97366.4
97351.3
97334.1
97314.9
97293.3
97269.4
97244.2
97217.1
97188.6
97159.1
97130.1
97101.6
97075.3
97051
97030.6
97013.7
97001.7
96992.9
96990.1
96990.4
96997.7
97006.7
97024.2
97040.3
97066.7
97087
97119.5
97923.4
97939.2
97989.6
98015.8
98029.2
98043
98054.9
98064.5
98071.8
98077.9
98083.1
98087.4
98091
98094.1
98096.7
98098.8
98100.6
98102
98103.1
98104
98104.6
98104.9
98105
98104.8
98104.5
98103.9
98103.1
98102.1
98100.9
98099.6
98098
98096.3
98094.4
98092.4
98090.2
98087.9
98085.5
98083
98080.5
98077.8
98075.2
98072.5
98069.7
98067
98064.3
98061.7
98059.1
98056.7
98054.3
98052
98049.9
98047.9
98046.1
98044.4
98042.9
98041.6
98040.4
98039.5
98038.7
98038
98037.5
98037.1
98036.9
98036.8
98036.7
98036.7
98036.7
98036.8
98036.8
98036.7
98036.6
98036.4
98036.1
98035.6
98034.8
98033.9
98032.7
98031.3
98029.6
98027.5
98025.1
98022.4
98019.2
98015.8
98011.9
98007.7
98003.1
97998.2
97992.9
97987.2
97981.3
97975
97968.5
97961.7
97954.7
97947.5
97940.2
97932.7
97925.2
97917.5
97909.9
97902.3
97894.6
97887
97879.4
97871.9
97864.4
97857
97849.6
97842.3
97835.1
97827.9
97820.7
97813.4
97806.3
97799.2
97792
97784.7
97777.5
97770.1
97762.7
97755.1
97747.4
97739.4
97731
97722.3
97713.1
97703.4
97693.2
97682.4
97670.8
97658.6
97646
97632.9
97619.3
97605.4
97591.3
97577.2
97562.9
97548.9
97535.3
97521.8
97508.4
97495.4
97483
97471.1
97459.5
97447.8
97436.1
97424.1
97411.8
97398.9
97385
97370.3
97354.4
97336.6
97316.9
97295
97271
97245.8
97218.9
97190.9
97162.1
97134
97106.6
97081.6
97058.9
97040.3
97025.4
97015.9
97009.6
97009.6
97012.7
97022.9
97034.7
97054.9
97073.5
97102.1
97124.7
97159
97949.8
97931.4
97981.6
98005.6
98029
98044
98055.4
98064.3
98071.1
98076.9
98081.8
98086
98089.5
98092.5
98095
98097.1
98098.9
98100.3
98101.4
98102.3
98102.9
98103.3
98103.4
98103.4
98103.1
98102.6
98101.9
98101
98099.9
98098.7
98097.3
98095.7
98094
98092.1
98090.1
98088
98085.8
98083.5
98081.1
98078.7
98076.2
98073.7
98071.2
98068.7
98066.2
98063.8
98061.4
98059.1
98056.9
98054.8
98052.9
98051.1
98049.4
98047.9
98046.5
98045.3
98044.3
98043.4
98042.6
98042
98041.6
98041.2
98041
98040.8
98040.7
98040.6
98040.6
98040.5
98040.4
98040.2
98039.9
98039.5
98038.9
98038.2
98037.2
98036
98034.5
98032.8
98030.7
98028.4
98025.6
98022.6
98019.1
98015.3
98011.1
98006.5
98001.6
97996.4
97990.8
97984.9
97978.6
97972.2
97965.4
97958.5
97951.3
97944
97936.6
97929.1
97921.6
97914.1
97906.5
97899.1
97891.6
97884.3
97877
97869.9
97862.8
97855.8
97848.9
97842.1
97835.4
97828.8
97822.3
97815.8
97809.4
97803
97796.5
97790.1
97783.6
97777.1
97770.5
97763.7
97756.7
97749.4
97741.7
97733.6
97725
97715.9
97706.2
97695.7
97684.6
97672.8
97660.5
97647.8
97634.4
97620.6
97606.6
97592.6
97578.5
97564.5
97550.7
97536.9
97523.1
97509.7
97496.8
97484.4
97472.1
97459.7
97447.2
97434.4
97421.5
97407.8
97393.2
97377.7
97361.1
97342.9
97322.9
97300.8
97276.9
97252
97225.7
97198.5
97170.9
97144
97118
97094.8
97074.1
97058
97045.5
97038.7
97035.3
97038.4
97044.6
97058
97072.9
97095.9
97117.1
97148
97173
97208.9
97984.7
97953.4
97996.5
98016.9
98038.8
98050.5
98058.9
98065.7
98071.3
98076.1
98080.5
98084.4
98087.6
98090.4
98092.8
98094.8
98096.6
98098
98099.1
98100.1
98100.7
98101.1
98101.4
98101.4
98101.2
98100.8
98100.3
98099.5
98098.6
98097.5
98096.2
98094.8
98093.3
98091.6
98089.8
98087.9
98085.9
98083.8
98081.7
98079.5
98077.2
98075
98072.7
98070.4
98068.2
98066
98063.8
98061.8
98059.8
98057.9
98056.2
98054.5
98053
98051.7
98050.5
98049.4
98048.4
98047.7
98047
98046.4
98046
98045.7
98045.4
98045.2
98045
98044.9
98044.7
98044.5
98044.2
98043.8
98043.3
98042.7
98041.9
98040.9
98039.6
98038.1
98036.4
98034.3
98031.9
98029.2
98026.1
98022.6
98018.8
98014.6
98010.1
98005.2
97999.9
97994.3
97988.4
97982.2
97975.8
97969
97962.1
97955
97947.7
97940.4
97932.9
97925.5
97918
97910.6
97903.2
97895.9
97888.8
97881.8
97874.9
97868.2
97861.6
97855.2
97848.9
97842.7
97836.7
97830.8
97825
97819.4
97813.8
97808.3
97802.7
97797.2
97791.6
97786
97780.3
97774.4
97768.2
97761.7
97754.8
97747.4
97739.5
97731
97721.8
97711.9
97701.3
97689.9
97678.1
97665.7
97652.5
97638.9
97625.1
97611.3
97597.2
97583.2
97569.3
97555.2
97541.2
97527.4
97514.1
97501.1
97488.1
97475.1
97461.8
97448.5
97434.8
97420.5
97405.2
97389
97371.9
97353.5
97333.4
97311.4
97287.9
97263.5
97238
97212
97186
97160.9
97136.8
97115.8
97097.7
97084.3
97074.7
97071
97070.8
97077.3
97086.8
97103.6
97121.7
97147.5
97171.4
97204.6
97231.9
97269.3
98044.5
98013
98022.7
98032.2
98046.7
98054.9
98060.6
98065.5
98070.1
98074.3
98078.2
98081.7
98084.7
98087.3
98089.6
98091.7
98093.4
98094.8
98096.1
98097
98097.8
98098.3
98098.6
98098.8
98098.7
98098.5
98098.1
98097.5
98096.8
98095.9
98094.8
98093.6
98092.3
98090.9
98089.3
98087.7
98085.9
98084.1
98082.2
98080.3
98078.3
98076.3
98074.3
98072.3
98070.3
98068.4
98066.5
98064.7
98062.9
98061.3
98059.8
98058.3
98057
98055.9
98054.8
98053.9
98053
98052.3
98051.7
98051.2
98050.8
98050.5
98050.2
98049.9
98049.7
98049.4
98049.1
98048.7
98048.3
98047.7
98047
98046.1
98045
98043.7
98042.2
98040.3
98038.2
98035.8
98033
98029.9
98026.4
98022.6
98018.4
98013.8
98008.9
98003.6
97998
97992.1
97985.9
97979.4
97972.7
97965.7
97958.6
97951.3
97944
97936.5
97929.1
97921.7
97914.4
97907.1
97900
97893
97886.2
97879.6
97873.2
97867
97861
97855.2
97849.7
97844.3
97839.1
97834
97829.1
97824.4
97819.8
97815.3
97810.8
97806.3
97801.7
97797.2
97792.5
97787.6
97782.4
97776.8
97770.7
97764.1
97756.9
97749.1
97740.6
97731.3
97721.3
97710.5
97699.1
97687
97674.2
97660.9
97647.4
97633.6
97619.7
97605.8
97591.8
97577.5
97563.3
97549.2
97535.4
97521.9
97508.3
97494.6
97480.7
97466.7
97452.4
97437.5
97421.6
97404.9
97387.5
97369
97348.8
97327.1
97304.3
97280.6
97256.2
97231.7
97207.6
97184.7
97163.1
97144.7
97129.5
97119.4
97112.9
97112.6
97115.9
97126.1
97139
97159.3
97180.7
97209.4
97236
97271.5
97301.1
97339.7
98074.9
98052.1
98044.8
98045.1
98053.1
98058.6
98062.1
98065.5
98069.2
98072.7
98076.1
98079.1
98081.8
98084.2
98086.4
98088.3
98090
98091.5
98092.7
98093.8
98094.6
98095.2
98095.7
98095.9
98096
98095.9
98095.7
98095.3
98094.8
98094.1
98093.2
98092.3
98091.2
98090
98088.7
98087.2
98085.8
98084.2
98082.6
98080.9
98079.2
98077.5
98075.7
98074
98072.3
98070.7
98069
98067.5
98066
98064.6
98063.3
98062.1
98060.9
98059.9
98059
98058.2
98057.5
98056.9
98056.4
98055.9
98055.5
98055.2
98054.9
98054.6
98054.2
98053.9
98053.4
98052.9
98052.3
98051.5
98050.6
98049.4
98048.1
98046.5
98044.6
98042.5
98040
98037.3
98034.1
98030.6
98026.8
98022.6
98018
98013.1
98007.8
98002.2
97996.2
97990
97983.5
97976.7
97969.7
97962.6
97955.3
97947.9
97940.5
97933
97925.6
97918.3
97911.1
97904.1
97897.3
97890.6
97884.3
97878.1
97872.3
97866.7
97861.3
97856.2
97851.4
97846.9
97842.6
97838.5
97834.6
97830.9
97827.4
97824
97820.6
97817.2
97813.9
97810.5
97806.9
97803.1
97798.9
97794.3
97789.2
97783.4
97777.1
97770.2
97762.5
97754
97744.6
97734.5
97723.7
97712
97699.7
97686.9
97673.7
97660.2
97646.5
97632.7
97618.6
97604.3
97590
97575.7
97561.7
97547.7
97533.5
97519.2
97504.7
97490.3
97475.5
97460
97443.6
97426.6
97409.1
97390.6
97370.7
97349.5
97327.5
97304.9
97281.9
97259.2
97237.4
97217.3
97198.7
97183.5
97171.9
97165.4
97162.7
97166.3
97173.7
97188
97204.9
97229
97254.1
97286
97315.8
97353.7
97385.7
97425.5
98080.8
98069.9
98059.1
98054.2
98056.8
98060
98062.4
98064.8
98067.7
98070.7
98073.5
98076.2
98078.6
98080.9
98082.9
98084.8
98086.4
98087.9
98089.2
98090.3
98091.2
98091.9
98092.5
98092.9
98093.2
98093.3
98093.2
98093
98092.6
98092.1
98091.5
98090.8
98089.9
98089
98087.9
98086.8
98085.5
98084.2
98082.9
98081.5
98080.1
98078.6
98077.2
98075.7
98074.3
98072.9
98071.5
98070.2
98069
98067.8
98066.7
98065.7
98064.8
98063.9
98063.2
98062.5
98061.9
98061.4
98061
98060.6
98060.2
98059.8
98059.5
98059.1
98058.7
98058.3
98057.7
98057.1
98056.3
98055.3
98054.1
98052.8
98051.2
98049.3
98047.1
98044.7
98041.9
98038.8
98035.3
98031.5
98027.3
98022.7
98017.8
98012.5
98006.9
98001
97994.7
97988.2
97981.4
97974.3
97967.2
97959.8
97952.4
97944.9
97937.4
97930
97922.7
97915.5
97908.5
97901.8
97895.3
97889
97883.1
97877.5
97872.2
97867.3
97862.6
97858.4
97854.4
97850.8
97847.4
97844.4
97841.6
97839
97836.7
97834.5
97832.3
97830.2
97828.1
97826
97823.6
97821
97818
97814.5
97810.4
97805.7
97800.4
97794.5
97787.7
97780.1
97771.6
97762.3
97752.1
97741
97729.4
97717.2
97704.5
97691.4
97678.1
97664.5
97650.7
97636.5
97622.1
97607.9
97593.6
97579.3
97564.8
97550.1
97535.4
97520.6
97505.4
97489.7
97473.1
97456.1
97438.6
97420.3
97401
97380.9
97360
97338.8
97317.6
97297.3
97278.3
97261.4
97246.4
97235.2
97227.6
97225.4
97227.2
97235.2
97247.1
97266
97287.4
97315.6
97344.6
97380
97413.2
97453.6
97487.9
97528.9
98074.7
98070.6
98064.4
98059.4
98058.7
98059.9
98061.5
98063.3
98065.5
98067.9
98070.2
98072.5
98074.7
98076.7
98078.7
98080.4
98082.1
98083.6
98084.9
98086.1
98087.1
98087.9
98088.7
98089.2
98089.7
98090
98090.1
98090.1
98090
98089.8
98089.4
98089
98088.4
98087.7
98087
98086.1
98085.2
98084.2
98083.2
98082.1
98081
98079.9
98078.8
98077.6
98076.5
98075.4
98074.4
98073.4
98072.4
98071.5
98070.6
98069.9
98069.1
98068.5
98067.9
98067.4
98066.9
98066.5
98066.1
98065.8
98065.4
98065.1
98064.7
98064.3
98063.8
98063.2
98062.5
98061.7
98060.7
98059.5
98058.1
98056.5
98054.6
98052.5
98050
98047.2
98044.1
98040.6
98036.8
98032.6
98028
98023.1
98017.9
98012.2
98006.3
98000
97993.4
97986.6
97979.5
97972.3
97964.9
97957.4
97949.9
97942.4
97934.9
97927.5
97920.4
97913.4
97906.7
97900.2
97894.1
97888.4
97883
97878
97873.4
97869.2
97865.4
97862.1
97859.1
97856.5
97854.3
97852.4
97850.8
97849.5
97848.5
97847.5
97846.8
97846.1
97845.4
97844.6
97843.7
97842.3
97840.6
97838.3
97835.5
97832
97827.9
97823.1
97817.3
97810.8
97803.2
97794.8
97785.4
97775.2
97764.4
97753
97741
97728.5
97715.6
97702.5
97688.9
97674.9
97660.8
97646.7
97632.3
97617.8
97603.1
97588.3
97573.4
97558.4
97543.1
97527.2
97510.8
97494
97476.6
97458.8
97440.4
97421.4
97402
97382.5
97363.5
97345.9
97329.9
97316.4
97305.4
97298.5
97295.3
97297.6
97304.1
97316.8
97333.4
97356.8
97382.6
97414.7
97447.6
97486.6
97523
97565.4
97601.5
97643.1
98067.6
98065.5
98062.9
98059.7
98058
98058.1
98059
98060.3
98061.9
98063.7
98065.6
98067.5
98069.4
98071.3
98073.1
98074.9
98076.5
98078
98079.4
98080.7
98081.9
98082.9
98083.9
98084.7
98085.3
98085.9
98086.3
98086.6
98086.8
98086.9
98086.8
98086.7
98086.5
98086.2
98085.8
98085.3
98084.7
98084.1
98083.5
98082.8
98082.1
98081.3
98080.6
98079.8
98079.1
98078.3
98077.6
98076.9
98076.3
98075.7
98075.1
98074.6
98074.1
98073.6
98073.2
98072.9
98072.5
98072.2
98071.9
98071.6
98071.3
98070.9
98070.5
98070
98069.4
98068.7
98067.9
98066.9
98065.7
98064.3
98062.7
98060.8
98058.6
98056.1
98053.4
98050.2
98046.8
98042.9
98038.8
98034.2
98029.3
98024
98018.4
98012.4
98006.1
97999.5
97992.7
97985.6
97978.3
97970.9
97963.3
97955.7
97948.1
97940.6
97933.2
97926
97919
97912.3
97905.9
97899.9
97894.3
97889.1
97884.3
97880.1
97876.3
97873
97870.2
97867.9
97866
97864.5
97863.5
97862.9
97862.7
97862.8
97863.2
97863.7
97864.5
97865.3
97866.2
97866.9
97867.5
97867.6
97867.3
97866.4
97865
97863
97860.3
97856.7
97852.2
97846.8
97840.3
97833
97824.7
97815.5
97805.7
97795.2
97784
97772.4
97760.2
97747.7
97734.5
97720.9
97707.1
97693.3
97679
97664.5
97650
97635.3
97620.4
97605.3
97590.1
97574.3
97558.4
97542
97524.9
97507.7
97490.4
97472.8
97455
97437.7
97421.1
97406.5
97393.9
97383.9
97377.1
97374.7
97376.2
97383.1
97394.4
97411.8
97433.2
97461
97491.2
97527.1
97563.6
97605.7
97645
97688.8
97726
97767.5
98060.2
98058.4
98057
98055.3
98053.9
98053.6
98054.1
98055
98056.3
98057.7
98059.3
98061.1
98062.8
98064.6
98066.4
98068.2
98069.8
98071.5
98073
98074.4
98075.8
98077.1
98078.2
98079.3
98080.2
98081.1
98081.8
98082.5
98083
98083.5
98083.8
98084.1
98084.2
98084.3
98084.3
98084.3
98084.2
98084
98083.8
98083.6
98083.3
98083
98082.6
98082.3
98082
98081.6
98081.3
98081
98080.7
98080.4
98080.1
98079.9
98079.7
98079.5
98079.3
98079.1
98078.9
98078.7
98078.5
98078.2
98077.9
98077.5
98077.1
98076.5
98075.8
98075
98074
98072.8
98071.4
98069.8
98067.9
98065.7
98063.3
98060.5
98057.4
98053.9
98050.1
98046
98041.4
98036.5
98031.3
98025.7
98019.7
98013.4
98006.8
98000
97992.9
97985.5
97978.1
97970.5
97962.9
97955.2
97947.6
97940.2
97932.9
97925.9
97919.2
97912.9
97906.9
97901.4
97896.4
97891.8
97887.9
97884.4
97881.5
97879.2
97877.5
97876.4
97875.7
97875.6
97875.9
97876.7
97878
97879.6
97881.6
97883.7
97886.1
97888.6
97891.1
97893.6
97895.7
97897.5
97898.8
97899.6
97899.8
97899.4
97898.2
97896.2
97893.2
97889.1
97883.9
97877.9
97870.9
97863.1
97854.5
97845.1
97835
97824.4
97813.2
97801.5
97788.9
97776
97762.8
97749.4
97735.5
97721.5
97707.3
97692.9
97678.2
97663.3
97648.3
97633
97617.7
97601.9
97585.6
97569.4
97553.3
97537.3
97521.6
97506.6
97492.8
97481.3
97472.2
97465.9
97463.5
97465.6
97471.8
97483.4
97499.4
97521.4
97547.7
97579.7
97613.8
97653.1
97692.6
97737.4
97778.9
97823.3
97861.2
97901.8
98051.1
98049.4
98048.4
98047.6
98047
98046.7
98047
98047.8
98048.8
98050.1
98051.6
98053.2
98054.9
98056.6
98058.4
98060.2
98061.9
98063.7
98065.4
98067
98068.6
98070.1
98071.6
98072.9
98074.2
98075.4
98076.5
98077.6
98078.6
98079.4
98080.2
98081
98081.6
98082.2
98082.7
98083.1
98083.5
98083.9
98084.2
98084.4
98084.7
98084.8
98085
98085.1
98085.3
98085.4
98085.5
98085.6
98085.7
98085.8
98085.9
98085.9
98086
98086.1
98086.1
98086.1
98086.1
98086
98085.9
98085.7
98085.4
98085
98084.5
98083.9
98083.1
98082.2
98081
98079.6
98078
98076.2
98074
98071.6
98068.9
98065.8
98062.4
98058.7
98054.6
98050.1
98045.3
98040.1
98034.5
98028.6
98022.4
98015.8
98009
98001.9
97994.6
97987.2
97979.6
97972
97964.3
97956.7
97949.3
97942
97934.9
97928.2
97921.9
97916
97910.6
97905.7
97901.4
97897.6
97894.5
97892
97890.1
97889
97888.4
97888.5
97889.2
97890.5
97892.3
97894.7
97897.6
97900.8
97904.5
97908.4
97912.5
97916.8
97921.2
97925.4
97929.4
97933
97936.2
97938.8
97940.9
97942.3
97943
97942.7
97941.3
97938.8
97935.3
97930.9
97925.5
97919.2
97912.1
97904.2
97895.5
97886.2
97876.2
97865.6
97854
97842
97829.7
97817
97804
97790.6
97777
97763.3
97749.1
97734.6
97720.2
97705.6
97691.1
97676.3
97661.1
97646.3
97631.5
97617.3
97604
97591.5
97580.7
97572.5
97566.9
97564.5
97566.2
97572.8
97583.4
97599.6
97620.1
97646.5
97676.9
97712.8
97750.3
97792.5
97834.6
97881
97923.7
97968
98006
98045
98039.7
98038.4
98037.7
98037.3
98037.2
98037.3
98037.7
98038.5
98039.5
98040.8
98042.2
98043.8
98045.5
98047.3
98049.2
98051.1
98053
98054.9
98056.8
98058.7
98060.6
98062.5
98064.2
98066
98067.7
98069.3
98070.9
98072.4
98073.8
98075.2
98076.5
98077.7
98078.9
98080
98081.1
98082.1
98083.1
98084
98084.8
98085.6
98086.4
98087.2
98087.9
98088.5
98089.2
98089.8
98090.4
98090.9
98091.5
98092
98092.4
98092.8
98093.2
98093.6
98093.9
98094.1
98094.2
98094.3
98094.3
98094.2
98093.9
98093.6
98093.1
98092.4
98091.5
98090.5
98089.2
98087.7
98085.9
98083.8
98081.5
98078.9
98075.9
98072.6
98069
98065
98060.7
98056
98050.9
98045.5
98039.8
98033.7
98027.2
98020.5
98013.6
98006.4
97999
97991.5
97983.9
97976.3
97968.8
97961.4
97954.2
97947.2
97940.5
97934.2
97928.4
97923
97918.3
97914.1
97910.5
97907.7
97905.5
97904.1
97903.4
97903.4
97904.1
97905.5
97907.7
97910.5
97914
97918
97922.6
97927.6
97933.1
97938.9
97945
97951.2
97957.5
97963.7
97969.7
97975.5
97980.7
97985.5
97989.7
97993.2
97995.9
97997.6
97998.1
97997.6
97996
97993.5
97990
97985.7
97980.4
97974.3
97967.3
97959.7
97951.1
97941.9
97931.9
97921.3
97910.2
97898.6
97886.7
97874.4
97861.8
97848.9
97835.6
97821.9
97808.3
97794.7
97781.4
97767.7
97754.1
97740.7
97727.7
97715.5
97704.5
97694.6
97687
97682.1
97680
97681.4
97687
97697.6
97712.3
97732.4
97757.1
97787.5
97821.2
97860.2
97900.4
97944.6
97988.5
98035.6
98078.6
98122
98159.2
98195.7
98027.2
98026.4
98026
98026.1
98026.3
98026.8
98027.4
98028.3
98029.4
98030.8
98032.3
98034
98035.8
98037.7
98039.7
98041.8
98043.9
98046.1
98048.2
98050.4
98052.6
98054.7
98056.9
98059
98061.1
98063.2
98065.2
98067.2
98069.1
98071
98072.8
98074.6
98076.4
98078.1
98079.7
98081.4
98082.9
98084.4
98085.9
98087.3
98088.7
98090
98091.3
98092.6
98093.8
98094.9
98096
98097.1
98098.1
98099
98099.9
98100.7
98101.4
98102.1
98102.6
98103.1
98103.5
98103.7
98103.9
98103.8
98103.7
98103.4
98102.9
98102.2
98101.3
98100.2
98098.8
98097.2
98095.4
98093.2
98090.8
98088
98084.9
98081.5
98077.8
98073.7
98069.2
98064.4
98059.3
98053.8
98048
98041.8
98035.4
98028.7
98021.7
98014.6
98007.3
98000
97992.6
97985.2
97977.9
97970.8
97964
97957.4
97951.2
97945.5
97940.3
97935.7
97931.6
97928.3
97925.6
97923.7
97922.6
97922.3
97922.8
97924.1
97926.2
97929
97932.7
97937.1
97942.3
97948.1
97954.5
97961.4
97968.8
97976.6
97984.8
97993.1
98001.6
98010
98018.3
98026.3
98034
98041.1
98047.7
98053.6
98058.6
98062.5
98065.4
98067.2
98067.9
98067.7
98066.4
98064.3
98061.2
98057.3
98052.5
98046.9
98040.3
98033
98025
98016.3
98006.9
97996.9
97986.6
97975.7
97964.5
97952.8
97940.7
97928.3
97915.9
97903.6
97891.6
97879.3
97867.3
97855.7
97844.4
97834.5
97825.9
97818.8
97814.1
97812.3
97813.6
97818.6
97827.5
97841.6
97859.7
97883.1
97911.1
97944.6
97980.8
98021.9
98063.8
98109.2
98153.8
98200.3
98242.6
98284
98319.2
98352
98015.8
98015.4
98015.3
98015.7
98016.3
98017
98017.9
98019
98020.2
98021.7
98023.4
98025.2
98027.1
98029.1
98031.3
98033.5
98035.8
98038.1
98040.5
98043
98045.4
98047.9
98050.4
98052.9
98055.4
98057.9
98060.4
98062.8
98065.2
98067.7
98070.1
98072.4
98074.7
98077
98079.3
98081.5
98083.7
98085.8
98087.9
98090
98092
98093.9
98095.8
98097.7
98099.4
98101.1
98102.8
98104.3
98105.8
98107.2
98108.5
98109.7
98110.8
98111.8
98112.7
98113.4
98114
98114.5
98114.8
98114.9
98114.9
98114.7
98114.3
98113.6
98112.8
98111.7
98110.4
98108.9
98107
98104.9
98102.5
98099.8
98096.8
98093.4
98089.7
98085.7
98081.4
98076.7
98071.7
98066.3
98060.6
98054.7
98048.5
98042
98035.3
98028.5
98021.5
98014.5
98007.5
98000.5
97993.7
97987.2
97980.9
97974.9
97969.4
97964.4
97959.9
97956.1
97952.9
97950.5
97948.8
97948
97948
97948.8
97950.5
97953.1
97956.6
97961
97966.2
97972.2
97979.1
97986.7
97994.9
98003.8
98013.3
98023.2
98033.6
98044.2
98055
98065.9
98076.8
98087.4
98097.7
98107.5
98116.8
98125.3
98132.9
98139.5
98145
98149.6
98153
98155.4
98156.7
98157.2
98156.7
98155.4
98153.2
98150.1
98146
98141.4
98135.9
98129.6
98122.6
98114.8
98106.6
98097.6
98088
98077.9
98067.4
98056.7
98045.8
98035
98024.4
98013.8
98003.5
97993.7
97984.4
97976.6
97970.5
97966
97964
97964.9
97969
97976.9
97988.8
98005.5
98026.1
98052
98082.2
98117.3
98155
98196.9
98239.3
98284.7
98328.5
98373.3
98413.7
98451.8
98483.8
98511.7
98009.3
98009.2
98009.3
98009.9
98010.6
98011.5
98012.5
98013.7
98015
98016.6
98018.3
98020.1
98022
98024.1
98026.3
98028.6
98031
98033.5
98036
98038.6
98041.3
98044
98046.7
98049.5
98052.3
98055.1
98057.9
98060.8
98063.6
98066.5
98069.3
98072.2
98075
98077.8
98080.6
98083.4
98086.1
98088.9
98091.5
98094.2
98096.7
98099.3
98101.7
98104.1
98106.5
98108.7
98110.9
98112.9
98114.9
98116.7
98118.4
98120
98121.5
98122.9
98124.1
98125.1
98126
98126.7
98127.3
98127.6
98127.8
98127.8
98127.6
98127.1
98126.5
98125.6
98124.5
98123.1
98121.5
98119.7
98117.5
98115.1
98112.3
98109.3
98106
98102.4
98098.4
98094.2
98089.6
98084.7
98079.5
98074.1
98068.4
98062.5
98056.4
98050.2
98043.8
98037.5
98031.1
98024.9
98018.8
98013
98007.4
98002.3
97997.6
97993.4
97989.8
97986.9
97984.7
97983.2
97982.6
97982.8
97983.9
97985.9
97988.9
97992.8
97997.7
98003.5
98010.2
98017.9
98026.4
98035.8
98045.9
98056.8
98068.4
98080.6
98093.3
98106.4
98119.8
98133.3
98146.9
98160.4
98173.6
98186.4
98198.6
98210.1
98220.6
98230.2
98238.9
98246.5
98252.9
98258.4
98262.8
98266.4
98268.9
98270.6
98271.5
98271.5
98270.7
98269.3
98266.9
98263.6
98259.5
98254.6
98248.8
98242.1
98234.7
98226.6
98218.1
98209.4
98200.1
98190.8
98181.8
98172.9
98164.4
98156.4
98149.2
98143.4
98139.3
98137
98137.2
98140
98146.2
98156
98169.8
98188.1
98210.4
98237.4
98268.4
98303.7
98341.3
98382.5
98423.9
98467.7
98509.3
98551
98588
98621.8
98649.4
98671.2
98012.8
98012.7
98012.8
98013.2
98013.8
98014.6
98015.5
98016.5
98017.7
98019.1
98020.6
98022.2
98024
98025.9
98028
98030.1
98032.4
98034.8
98037.2
98039.8
98042.4
98045.1
98047.9
98050.7
98053.6
98056.5
98059.5
98062.5
98065.6
98068.7
98071.8
98075
98078.1
98081.3
98084.5
98087.7
98090.8
98094
98097.1
98100.2
98103.2
98106.2
98109.1
98112
98114.8
98117.5
98120
98122.5
98124.9
98127.1
98129.3
98131.2
98133.1
98134.7
98136.3
98137.6
98138.8
98139.9
98140.7
98141.4
98141.9
98142.2
98142.3
98142.2
98141.9
98141.4
98140.7
98139.8
98138.7
98137.3
98135.7
98133.9
98131.8
98129.4
98126.8
98123.9
98120.7
98117.3
98113.6
98109.6
98105.3
98100.8
98096
98091
98085.9
98080.6
98075.3
98069.9
98064.5
98059.2
98054.1
98049.3
98044.7
98040.5
98036.8
98033.6
98030.9
98029
98027.8
98027.3
98027.7
98029
98031.1
98034.3
98038.3
98043.4
98049.6
98056.7
98064.8
98074
98084.2
98095.3
98107.3
98120.2
98133.9
98148.4
98163.6
98179.2
98195.3
98211.6
98228.1
98244.6
98261
98277.1
98292.5
98307.2
98321.1
98334.1
98346.2
98357.2
98367.2
98376.3
98384.4
98391.5
98397.7
98403.1
98407.7
98411.5
98414.7
98417
98418.4
98418.8
98418.3
98416.8
98414.2
98410.6
98406.2
98400.8
98394.9
98388.4
98381.3
98374.1
98366.9
98360.1
98353.6
98347.6
98342.5
98338.6
98336.3
98335.9
98337.8
98342.1
98349.5
98360.4
98375.2
98394.3
98417.2
98444.4
98475
98509.3
98545.6
98584.8
98623.8
98664.5
98702.7
98740.2
98772.5
98801.1
98823.2
98838.2
98026.8
98026.4
98026.2
98026.3
98026.5
98026.9
98027.4
98028
98028.9
98029.8
98030.9
98032.2
98033.6
98035.1
98036.8
98038.6
98040.5
98042.5
98044.7
98046.9
98049.3
98051.8
98054.3
98057
98059.7
98062.6
98065.5
98068.4
98071.5
98074.6
98077.7
98080.9
98084.2
98087.5
98090.8
98094.1
98097.5
98100.8
98104.2
98107.5
98110.8
98114
98117.2
98120.3
98123.4
98126.3
98129.2
98132
98134.6
98137.1
98139.5
98141.8
98143.9
98145.9
98147.7
98149.4
98150.9
98152.2
98153.4
98154.4
98155.3
98156
98156.5
98156.9
98157.1
98157.1
98157
98156.7
98156.2
98155.6
98154.7
98153.7
98152.5
98151
98149.4
98147.5
98145.3
98143
98140.3
98137.5
98134.3
98131
98127.4
98123.6
98119.7
98115.6
98111.4
98107.2
98103
98098.8
98094.8
98091
98087.5
98084.3
98081.5
98079.3
98077.6
98076.6
98076.2
98076.7
98077.9
98080.1
98083.2
98087.2
98092.2
98098.3
98105.4
98113.6
98123
98133.5
98145
98157.7
98171.4
98186.1
98201.8
98218.4
98235.7
98253.7
98272.3
98291.3
98310.5
98329.9
98349.3
98368.5
98387.1
98405
98422.3
98438.6
98454.1
98468.6
98482.3
98495
98506.8
98517.8
98527.9
98537.1
98545.7
98553.7
98561
98567.5
98573
98577.5
98581
98583.3
98584.3
98584.3
98583.2
98581
98578
98574.2
98569.8
98565
98560.3
98555.7
98551.2
98547.3
98544.1
98542.1
98541.4
98542.4
98545.5
98550.7
98558.8
98570
98585
98603.9
98626.4
98652.8
98681.9
98714.2
98748.2
98784.4
98820.2
98856.8
98890.8
98923.5
98950.8
98973.8
98990.2
98998.2
98047
98046.1
98045.5
98045.1
98044.8
98044.6
98044.6
98044.8
98045.1
98045.5
98046.1
98046.8
98047.7
98048.7
98049.9
98051.2
98052.6
98054.2
98055.9
98057.8
98059.7
98061.8
98064
98066.3
98068.8
98071.3
98073.9
98076.7
98079.5
98082.5
98085.5
98088.6
98091.7
98094.9
98098.2
98101.5
98104.8
98108.2
98111.6
98114.9
98118.3
98121.6
98124.9
98128.1
98131.3
98134.4
98137.4
98140.3
98143.2
98145.9
98148.4
98150.9
98153.2
98155.4
98157.5
98159.4
98161.2
98162.8
98164.3
98165.7
98166.9
98168
98169
98169.8
98170.6
98171.2
98171.7
98172
98172.3
98172.4
98172.4
98172.2
98171.9
98171.4
98170.8
98169.9
98168.9
98167.6
98166.1
98164.4
98162.5
98160.3
98158
98155.4
98152.7
98149.8
98146.8
98143.7
98140.6
98137.5
98134.5
98131.7
98129.1
98126.9
98125
98123.6
98122.7
98122.4
98122.8
98123.9
98125.9
98128.7
98132.5
98137.2
98142.9
98149.7
98157.6
98166.7
98177
98188.5
98201.2
98215.1
98230.1
98246.3
98263.5
98281.8
98301
98320.9
98341.6
98362.8
98384.4
98406.3
98428.2
98450
98471.3
98492.1
98512.1
98531.4
98549.9
98567.5
98584.3
98600.2
98615.4
98629.7
98643.3
98656.1
98668.4
98680.1
98691.2
98701.5
98711
98719.4
98726.6
98732.5
98737
98740.2
98742.1
98742.8
98742.5
98741.4
98739.5
98737.2
98734.6
98732.1
98729.4
98727.2
98725.5
98724.8
98725.3
98727.3
98730.9
98736.5
98744.4
98755.5
98769.9
98788
98809.3
98834
98861
98890.8
98921.7
98954.5
98986.7
99019.1
99048.9
99076.9
99099.6
99117.5
99128.7
99130.5
98069.5
98068.2
98067
98066.1
98065.3
98064.6
98064
98063.6
98063.3
98063.2
98063.2
98063.3
98063.7
98064.1
98064.8
98065.5
98066.4
98067.5
98068.7
98070.1
98071.6
98073.2
98075
98076.9
98078.9
98081.1
98083.4
98085.8
98088.4
98091
98093.8
98096.7
98099.6
98102.6
98105.8
98108.9
98112.2
98115.4
98118.7
98122
98125.3
98128.6
98131.9
98135.2
98138.4
98141.5
98144.6
98147.5
98150.4
98153.2
98155.9
98158.5
98161
98163.4
98165.6
98167.7
98169.8
98171.7
98173.4
98175.1
98176.7
98178.2
98179.6
98180.9
98182.2
98183.4
98184.5
98185.5
98186.4
98187.3
98188.1
98188.7
98189.3
98189.7
98190
98190.2
98190.2
98190
98189.6
98189
98188.2
98187.1
98185.9
98184.5
98182.8
98181
98179.1
98177.1
98175
98172.9
98170.8
98168.9
98167.1
98165.6
98164.5
98163.8
98163.5
98163.8
98164.8
98166.5
98169.1
98172.4
98176.6
98181.9
98188.1
98195.5
98204
98213.8
98224.8
98237.1
98250.7
98265.5
98281.6
98299
98317.5
98337.1
98357.8
98379.4
98401.8
98424.8
98448.3
98472.2
98496.2
98520.2
98543.8
98566.9
98589.4
98611.1
98632.2
98652.4
98671.8
98690.5
98708.4
98725.7
98742.3
98758.3
98773.9
98789
98803.4
98817.2
98830.1
98841.9
98852.5
98861.6
98869.3
98875.5
98880.2
98883.5
98885.7
98887
98887.4
98887.1
98886.5
98885.6
98884.5
98883.8
98883.3
98883.6
98884.8
98887.4
98891.1
98896.8
98904.4
98914.9
98928.4
98945.2
98964.9
98987.6
99012.2
99039.2
99067
99096.3
99124.9
99153.4
99179.1
99202.9
99221.4
99234.8
99241.4
99237.9
98091.5
98089.7
98088.1
98086.6
98085.3
98084
98082.9
98082
98081.2
98080.5
98080
98079.6
98079.4
98079.3
98079.4
98079.7
98080.1
98080.6
98081.3
98082.2
98083.2
98084.4
98085.8
98087.3
98088.9
98090.7
98092.6
98094.7
98096.9
98099.3
98101.8
98104.4
98107.1
98109.9
98112.8
98115.8
98118.8
98121.9
98125.1
98128.3
98131.5
98134.7
98138
98141.1
98144.3
98147.4
98150.5
98153.5
98156.4
98159.3
98162.1
98164.7
98167.3
98169.8
98172.2
98174.5
98176.7
98178.9
98180.9
98182.9
98184.8
98186.6
98188.4
98190.2
98191.9
98193.6
98195.2
98196.8
98198.4
98199.9
98201.4
98202.9
98204.2
98205.5
98206.7
98207.7
98208.6
98209.3
98209.9
98210.2
98210.4
98210.3
98210.1
98209.6
98208.9
98208.1
98207
98205.9
98204.6
98203.3
98202.1
98200.9
98199.8
98199
98198.5
98198.3
98198.6
98199.4
98200.9
98203
98206
98209.7
98214.4
98220
98226.7
98234.5
98243.6
98253.9
98265.4
98278.3
98292.5
98308.2
98325.1
98343.4
98362.9
98383.7
98405.5
98428.5
98452.3
98476.8
98501.8
98527.2
98553
98578.7
98604.1
98629.1
98653.5
98677.3
98700.3
98722.6
98744.3
98765.2
98785.4
98805.1
98824.2
98843.1
98861.5
98879.5
98896.8
98913.4
98929.3
98944
98957.4
98969.4
98979.7
98988.5
98995.7
99001.5
99005.8
99009.2
99011.4
99012.9
99013.9
99014.5
99014.8
99015.1
99015.6
99016.6
99018.4
99021.2
99024.9
99030.4
99037.5
99047.3
99059.7
99075.1
99093.1
99113.7
99135.9
99160.3
99185.1
99211.4
99236.5
99261.6
99283.8
99303.7
99318.6
99328.3
99331
99323.3
98111.2
98108.9
98106.9
98105
98103.2
98101.5
98099.9
98098.5
98097.2
98096
98095
98094.2
98093.5
98092.9
98092.6
98092.4
98092.3
98092.4
98092.7
98093.1
98093.7
98094.5
98095.4
98096.5
98097.8
98099.3
98100.9
98102.6
98104.5
98106.6
98108.8
98111.1
98113.6
98116.2
98118.9
98121.7
98124.5
98127.5
98130.5
98133.6
98136.7
98139.8
98142.9
98146.1
98149.2
98152.2
98155.3
98158.3
98161.2
98164.1
98166.9
98169.7
98172.4
98175
98177.5
98179.9
98182.3
98184.6
98186.9
98189.1
98191.3
98193.4
98195.6
98197.7
98199.8
98201.9
98204.1
98206.2
98208.3
98210.4
98212.5
98214.6
98216.6
98218.6
98220.5
98222.3
98223.9
98225.4
98226.8
98227.9
98228.9
98229.6
98230.1
98230.4
98230.5
98230.4
98230.2
98229.7
98229.2
98228.5
98227.9
98227.3
98226.8
98226.5
98226.5
98226.8
98227.5
98228.7
98230.5
98233
98236.3
98240.4
98245.3
98251.3
98258.4
98266.6
98276
98286.7
98298.7
98312
98326.8
98343
98360.6
98379.6
98399.9
98421.5
98444.4
98468.4
98493.3
98518.9
98545.1
98571.8
98598.8
98625.9
98652.7
98679.2
98705.1
98730.4
98755.1
98779
98802.4
98825.1
98847.2
98868.8
98890.2
98911.3
98932
98952.3
98972.1
98991
99009.2
99026.2
99042.1
99056.4
99068.9
99079.9
99089.2
99096.9
99103.1
99108.2
99112
99114.9
99117.2
99118.9
99120.3
99121.5
99122.7
99124.2
99126.3
99129.2
99132.9
99138
99144.7
99153.7
99165
99179
99195.4
99214.2
99234.2
99256.2
99278.6
99302.1
99324.4
99346.6
99365.7
99382.6
99394.5
99401.2
99400.7
99389.5
98127.5
98125
98122.6
98120.3
98118.1
98116
98114
98112.2
98110.5
98109
98107.6
98106.4
98105.3
98104.3
98103.6
98103
98102.5
98102.2
98102.1
98102.2
98102.5
98102.9
98103.5
98104.3
98105.2
98106.4
98107.7
98109.2
98110.8
98112.6
98114.6
98116.7
98118.9
98121.3
98123.8
98126.4
98129.1
98132
98134.8
98137.8
98140.8
98143.8
98146.9
98149.9
98153
98156
98159
98162
98164.9
98167.8
98170.7
98173.5
98176.2
98178.9
98181.5
98184.1
98186.6
98189.1
98191.5
98194
98196.4
98198.8
98201.3
98203.7
98206.2
98208.7
98211.2
98213.8
98216.3
98218.9
98221.5
98224.1
98226.7
98229.2
98231.7
98234
98236.3
98238.4
98240.3
98242.1
98243.6
98245
98246.1
98247
98247.7
98248.2
98248.5
98248.6
98248.6
98248.5
98248.4
98248.2
98248.2
98248.3
98248.7
98249.3
98250.3
98251.9
98254
98256.7
98260.3
98264.6
98269.8
98276.1
98283.4
98291.9
98301.6
98312.6
98324.9
98338.6
98353.8
98370.5
98388.6
98408.2
98429.1
98451.4
98475
98499.8
98525.5
98552
98579.1
98606.7
98634.7
98662.8
98690.7
98718.3
98745.3
98771.8
98797.7
98822.9
98847.6
98871.7
98895.3
98918.5
98941.6
98964.4
98986.9
99009
99030.7
99051.6
99071.7
99090.5
99108.2
99124.4
99138.7
99151.4
99162.4
99171.6
99179.3
99185.7
99190.7
99194.7
99198
99200.7
99202.8
99204.6
99206.4
99208.2
99210.6
99213.5
99217
99221.9
99228.1
99236.5
99246.8
99259.7
99274.5
99291.7
99310
99330.1
99350.4
99371.8
99391.7
99411.6
99428.2
99442.7
99452.1
99456.5
99453.5
99439.8
98140.4
98137.6
98134.9
98132.3
98129.8
98127.4
98125.2
98123.1
98121.1
98119.2
98117.5
98115.9
98114.5
98113.3
98112.2
98111.3
98110.6
98110
98109.6
98109.4
98109.3
98109.5
98109.8
98110.4
98111.1
98112
98113
98114.3
98115.7
98117.3
98119.1
98121
98123.1
98125.3
98127.6
98130.1
98132.7
98135.4
98138.2
98141
98143.9
98146.9
98149.8
98152.8
98155.8
98158.8
98161.8
98164.8
98167.7
98170.7
98173.5
98176.4
98179.2
98181.9
98184.7
98187.3
98190
98192.6
98195.2
98197.9
98200.5
98203.1
98205.8
98208.5
98211.3
98214.1
98216.9
98219.8
98222.7
98225.6
98228.6
98231.6
98234.6
98237.5
98240.4
98243.2
98245.8
98248.4
98250.8
98253
98255
98256.8
98258.4
98259.8
98260.9
98261.8
98262.6
98263.1
98263.5
98263.7
98264
98264.2
98264.5
98264.9
98265.6
98266.5
98267.8
98269.5
98271.8
98274.8
98278.6
98283.1
98288.6
98295
98302.6
98311.2
98321.2
98332.4
98345
98359
98374.5
98391.5
98410
98430
98451.4
98474.2
98498.3
98523.6
98550
98577.1
98604.9
98633.2
98661.9
98690.8
98719.4
98747.7
98775.6
98803
98829.8
98855.9
98881.6
98906.8
98931.6
98956
98980.3
99004.5
99028.3
99051.9
99075
99097.3
99118.8
99139
99158.2
99175.8
99191.5
99205.4
99217.6
99228.1
99236.8
99244.3
99250.3
99255.1
99259.2
99262.5
99265.2
99267.5
99269.6
99271.8
99274.2
99277.2
99280.5
99285.1
99290.9
99298.8
99308.3
99320.2
99333.9
99349.8
99366.8
99385.4
99404.1
99423.8
99441.9
99460
99474.6
99487.3
99494.9
99497.5
99492.5
99476.9
98150
98146.9
98144
98141.3
98138.6
98136
98133.5
98131.1
98128.9
98126.8
98124.9
98123.1
98121.4
98120
98118.7
98117.5
98116.5
98115.7
98115.1
98114.7
98114.5
98114.4
98114.5
98114.9
98115.4
98116.1
98117
98118.1
98119.3
98120.8
98122.4
98124.2
98126.1
98128.2
98130.5
98132.8
98135.3
98137.9
98140.6
98143.4
98146.2
98149.1
98152
98155
98158
98161
98163.9
98166.9
98169.9
98172.8
98175.7
98178.6
98181.5
98184.3
98187.1
98189.9
98192.7
98195.4
98198.2
98200.9
98203.7
98206.5
98209.4
98212.3
98215.2
98218.2
98221.3
98224.4
98227.6
98230.8
98234
98237.3
98240.5
98243.7
98246.9
98250
98253
98255.8
98258.5
98261.1
98263.4
98265.5
98267.4
98269.1
98270.6
98271.8
98272.8
98273.7
98274.3
98274.9
98275.4
98275.8
98276.4
98277
98277.9
98279
98280.5
98282.4
98285
98288.1
98292
98296.7
98302.3
98308.9
98316.6
98325.5
98335.6
98347
98359.8
98374
98389.7
98407
98425.8
98446
98467.8
98491
98515.4
98541.1
98567.9
98595.5
98623.8
98652.6
98681.8
98711.1
98740.3
98769.2
98797.7
98825.6
98853.1
98879.9
98906.3
98932.3
98957.9
98983.2
99008.4
99033.5
99058.4
99082.9
99107.1
99130.5
99153.1
99174.4
99194.6
99213.2
99229.9
99244.8
99257.8
99269.1
99278.7
99286.9
99293.6
99299.1
99303.7
99307.5
99310.6
99313.3
99315.6
99317.9
99320.4
99323.3
99326.5
99331
99336.5
99343.9
99352.8
99364
99376.8
99391.8
99407.8
99425.3
99442.7
99461.2
99478
99494.7
99508
99519.3
99525.4
99526.8
99520.3
99503.4
98156.6
98153.4
98150.4
98147.5
98144.7
98141.9
98139.3
98136.8
98134.4
98132.1
98130
98128.1
98126.3
98124.6
98123.1
98121.8
98120.7
98119.7
98119
98118.4
98118
98117.8
98117.8
98118
98118.4
98118.9
98119.7
98120.7
98121.8
98123.2
98124.7
98126.4
98128.3
98130.3
98132.4
98134.7
98137.1
98139.7
98142.3
98145
98147.8
98150.7
98153.6
98156.5
98159.5
98162.5
98165.5
98168.5
98171.5
98174.4
98177.4
98180.3
98183.2
98186.1
98189
98191.8
98194.7
98197.5
98200.4
98203.2
98206.1
98209
98212
98215
98218.1
98221.3
98224.5
98227.8
98231.1
98234.4
98237.9
98241.3
98244.7
98248.1
98251.5
98254.8
98257.9
98261
98263.9
98266.7
98269.2
98271.6
98273.7
98275.6
98277.3
98278.7
98280
98281
98281.9
98282.6
98283.3
98284
98284.7
98285.5
98286.5
98287.8
98289.4
98291.5
98294.1
98297.4
98301.4
98306.2
98311.9
98318.6
98326.4
98335.4
98345.6
98357.2
98370.1
98384.4
98400.3
98417.7
98436.7
98457.2
98479.2
98502.6
98527.3
98553.3
98580.3
98608.3
98636.9
98666
98695.5
98725.2
98754.7
98784
98812.9
98841.3
98869.1
98896.4
98923.4
98949.8
98976
99002
99027.8
99053.6
99079.2
99104.4
99129.3
99153.5
99176.8
99198.8
99219.7
99239
99256.4
99272
99285.6
99297.5
99307.6
99316.4
99323.6
99329.5
99334.5
99338.7
99342
99344.9
99347.4
99349.9
99352.3
99355.3
99358.4
99362.7
99367.9
99375.1
99383.6
99394.2
99406.4
99420.7
99435.9
99452.6
99469.3
99486.8
99502.7
99518.5
99530.7
99541
99546.2
99546.6
99539.1
99521.3
98161
98157.7
98154.6
98151.6
98148.6
98145.8
98143
98140.4
98137.9
98135.5
98133.3
98131.2
98129.3
98127.6
98126
98124.6
98123.4
98122.3
98121.4
98120.7
98120.3
98120
98119.9
98120
98120.3
98120.8
98121.5
98122.4
98123.4
98124.7
98126.2
98127.8
98129.6
98131.6
98133.7
98135.9
98138.3
98140.8
98143.4
98146.1
98148.9
98151.8
98154.7
98157.6
98160.6
98163.5
98166.5
98169.5
98172.5
98175.5
98178.5
98181.4
98184.4
98187.3
98190.2
98193.1
98196
98198.9
98201.9
98204.8
98207.7
98210.7
98213.8
98216.9
98220.1
98223.3
98226.6
98230
98233.4
98236.9
98240.4
98243.9
98247.4
98251
98254.4
98257.9
98261.2
98264.4
98267.4
98270.3
98273
98275.5
98277.8
98279.8
98281.6
98283.2
98284.5
98285.7
98286.7
98287.6
98288.4
98289.2
98290
98290.9
98292
98293.4
98295.1
98297.3
98300
98303.3
98307.4
98312.3
98318.1
98324.8
98332.7
98341.8
98352.1
98363.7
98376.7
98391.1
98407.1
98424.6
98443.7
98464.3
98486.4
98510
98534.9
98561
98588.2
98616.4
98645.2
98674.5
98704.2
98734.1
98763.8
98793.3
98822.5
98851.1
98879.3
98906.9
98934.2
98961
98987.6
99013.9
99040.2
99066.3
99092.4
99118.1
99143.5
99168.1
99191.9
99214.4
99235.8
99255.6
99273.4
99289.4
99303.4
99315.7
99326.2
99335.3
99342.8
99349.1
99354.3
99358.7
99362.2
99365.2
99367.8
99370.3
99372.8
99375.7
99378.7
99382.9
99388
99394.9
99403.1
99413.4
99425.1
99439
99453.7
99469.9
99486
99503
99518.2
99533.4
99545
99554.7
99559.2
99558.9
99550.8
99532.4
98163.4
98160.1
98157
98153.9
98150.8
98147.9
98145.1
98142.4
98139.8
98137.4
98135.1
98133
98131
98129.2
98127.6
98126.1
98124.8
98123.7
98122.8
98122.1
98121.5
98121.2
98121
98121.1
98121.3
98121.8
98122.4
98123.3
98124.3
98125.6
98127
98128.6
98130.4
98132.3
98134.4
98136.6
98139
98141.5
98144.1
98146.8
98149.5
98152.4
98155.3
98158.2
98161.2
98164.2
98167.2
98170.2
98173.2
98176.2
98179.1
98182.1
98185.1
98188
98191
98193.9
98196.8
98199.8
98202.7
98205.7
98208.7
98211.7
98214.8
98218
98221.2
98224.4
98227.8
98231.2
98234.7
98238.2
98241.8
98245.4
98249
98252.6
98256.1
98259.6
98263
98266.2
98269.4
98272.3
98275.1
98277.7
98280
98282.1
98284
98285.6
98287.1
98288.3
98289.4
98290.3
98291.2
98292
98292.9
98293.9
98295.1
98296.5
98298.2
98300.4
98303.2
98306.6
98310.7
98315.6
98321.4
98328.2
98336.2
98345.2
98355.6
98367.2
98380.3
98394.8
98410.8
98428.4
98447.5
98468.2
98490.4
98514
98539
98565.2
98592.5
98620.8
98649.7
98679.1
98709
98738.9
98768.8
98798.4
98827.7
98856.5
98884.8
98912.6
98940.1
98967.1
98993.9
99020.4
99046.9
99073.3
99099.6
99125.6
99151.3
99176.2
99200.2
99223
99244.6
99264.7
99282.8
99299
99313.3
99325.8
99336.5
99345.8
99353.5
99359.9
99365.3
99369.7
99373.3
99376.4
99379.1
99381.6
99384.1
99386.9
99389.9
99394
99398.9
99405.6
99413.7
99423.7
99435.2
99448.8
99463.3
99479.1
99494.9
99511.6
99526.5
99541.4
99552.7
99562
99566.1
99565.5
99556.9
99538.6
98164.5
98161.1
98157.9
98154.8
98151.7
98148.8
98145.9
98143.2
98140.6
98138.2
98135.9
98133.7
98131.8
98129.9
98128.3
98126.8
98125.4
98124.3
98123.4
98122.6
98122
98121.7
98121.5
98121.5
98121.8
98122.2
98122.8
98123.7
98124.7
98125.9
98127.4
98128.9
98130.7
98132.6
98134.7
98136.9
98139.3
98141.8
98144.3
98147
98149.8
98152.6
98155.5
98158.4
98161.4
98164.4
98167.4
98170.4
98173.4
98176.4
98179.4
98182.4
98185.3
98188.3
98191.2
98194.2
98197.1
98200.1
98203
98206
98209
98212.1
98215.2
98218.3
98221.6
98224.9
98228.2
98231.7
98235.2
98238.7
98242.3
98245.9
98249.6
98253.2
98256.7
98260.2
98263.7
98267
98270.1
98273.1
98275.9
98278.5
98280.9
98283
98284.9
98286.6
98288.1
98289.3
98290.4
98291.4
98292.3
98293.2
98294.1
98295.1
98296.3
98297.7
98299.5
98301.7
98304.5
98307.9
98312
98317
98322.8
98329.6
98337.6
98346.7
98357
98368.7
98381.7
98396.3
98412.3
98429.9
98449.1
98469.8
98492
98515.6
98540.7
98566.9
98594.3
98622.5
98651.5
98681
98710.8
98740.8
98770.7
98800.4
98829.7
98858.6
98887
98914.8
98942.4
98969.5
98996.3
99022.9
99049.5
99076
99102.4
99128.5
99154.3
99179.3
99203.4
99226.3
99248.1
99268.3
99286.5
99302.8
99317.1
99329.7
99340.6
99350
99357.7
99364.2
99369.6
99374.1
99377.8
99380.9
99383.6
99386
99388.5
99391.3
99394.2
99398.3
99403.2
99409.8
99417.8
99427.7
99439.1
99452.6
99466.9
99482.7
99498.4
99514.9
99529.7
99544.4
99555.6
99564.8
99568.8
99568.1
99559.4
99541.2
99084.2
98983.8
98883.5
98788
98696.4
98610.8
98532.8
98463.8
98404.7
98356.2
98317.4
98288.6
98266.1
98250.7
98233.8
98218
98192.3
98161.5
98119.2
98075.2
98029.3
97991.2
97963.2
97945.7
97957
99058.5
98960
98861.4
98767.6
98677.8
98594.1
98517.9
98450.8
98393.5
98346.6
98309.5
98282.1
98260.8
98246.4
98230.2
98215
98189.7
98159.2
98117.2
98073.6
98028
97990.2
97962.5
97945.2
97957
99014.7
98918.2
98822.6
98731.8
98645.1
98564.6
98491.6
98427.6
98373.3
98329.2
98294.7
98269.7
98250.5
98237.9
98223.3
98209.3
98185.2
98155.6
98114.4
98071.5
98026.6
97989.3
97962.1
97944.8
97957.1
98953.2
98859.8
98768.3
98681.8
98599.3
98523.1
98454.6
98394.8
98344.6
98304.5
98273.6
98251.9
98235.7
98225.6
98213.3
98201.1
98178.5
98150.3
98110.3
98068.4
98024.2
97987.7
97960.9
97943.9
97956.6
98875.3
98786
98699.6
98618.4
98541.3
98470.7
98407.6
98353.2
98308.2
98272.9
98246.5
98229.1
98216.6
98209.6
98200.2
98190.4
98170
98143.4
98104.9
98064.2
98021.1
97985.5
97959.3
97942.8
97956.2
98783.9
98699.8
98619.6
98544.6
98473.9
98409.5
98352.7
98304.4
98265.4
98235.8
98214.7
98202.1
98193.9
98190.7
98184.7
98177.6
98159.8
98135.2
98098.5
98059.3
98017.4
97982.9
97957.4
97941.4
97955.7
98681.7
98603.7
98530.4
98462.4
98398.8
98341.4
98291.6
98250.1
98217.7
98194.3
98179
98171.6
98168.2
98169.2
98167
98163.1
98148.2
98125.9
98091.2
98053.7
98013.3
97979.9
97955.3
97939.9
97955.2
98571.5
98500.1
98434.4
98373.9
98317.9
98268.1
98225.7
98191.4
98166
98149.2
98140.1
98138.3
98140.1
98145.6
98147.4
98147.1
98135.3
98115.6
98083.1
98047.5
98008.6
97976.6
97953
97938.2
97954.6
98455.8
98391.6
98333.7
98281.1
98233.1
98190.9
98156.3
98129.6
98111.5
98101.5
98098.8
98103
98110.1
98120.3
98126.4
98129.8
98121.3
98104.4
98074.4
98040.8
98003.6
97973.1
97950.5
97936.5
97954.1
98336.7
98280
98230.4
98185.7
98145.8
98111.5
98084.9
98065.9
98055.2
98052.2
98056
98066.1
98078.7
98093.7
98104.2
98111.4
98106.4
98092.5
98065.1
98033.7
97998.2
97969.3
97947.8
97934.6
97953.6
98216.5
98167.5
98126.2
98089.4
98057.6
98031.3
98012.8
98001.4
97998
98001.9
98012.3
98028.4
98046.4
98066.2
98081.2
98092.3
98090.9
98080
98055.3
98026.2
97992.6
97965.4
97945.1
97932.8
97953
98097.2
98055.7
98022.7
97993.7
97969.9
97951.5
97941
97937
97940.8
97951.4
97968.3
97990.3
98013.6
98038.1
98057.6
98072.6
98074.8
98067.1
98045.2
98018.5
97986.8
97961.4
97942.3
97930.9
97952.4
97980.4
97946.3
97921.4
97900
97884.1
97873.2
97870.4
97873.5
97884.4
97901.6
97924.7
97952.3
97980.7
98009.9
98033.7
98052.6
98058.4
98053.9
98034.7
98010.6
97980.8
97957.2
97939.4
97929
97951.9
97867.4
97840.3
97823.4
97809.1
97800.9
97797.3
97802
97811.9
97829.5
97852.9
97881.8
97914.7
97948.1
97981.8
98009.7
98032.5
98041.8
98040.6
98024.2
98002.5
97974.7
97953
97936.6
97927.1
97951.3
97759.3
97739
97729.6
97722.2
97721.3
97724.6
97736.2
97752.6
97776.6
97805.9
97840.2
97878.1
97916.1
97954
97986
98012.5
98025.2
98027.2
98013.6
97994.5
97968.6
97948.8
97933.7
97925.3
97950.7
97657.1
97643.2
97640.8
97639.8
97645.8
97655.6
97673.6
97696.4
97726.2
97761
97800.3
97842.8
97885
97927
97962.7
97992.6
98008.8
98013.8
98003
97986.4
97962.5
97944.6
97930.9
97923.5
97950.2
97561.6
97553.7
97557.8
97562.7
97575.1
97590.8
97614.7
97643.3
97678.5
97718.4
97762.4
97809.1
97855.1
97900.8
97940
97973.2
97992.6
98000.7
97992.5
97978.4
97956.5
97940.5
97928.1
97921.7
97949.6
97473.5
97471.1
97481.3
97491.6
97509.7
97530.9
97560.1
97594.1
97634
97678.6
97726.7
97777.3
97826.7
97875.8
97918.1
97954.5
97976.9
97987.8
97982.3
97970.6
97950.5
97936.5
97925.4
97920
97949
97393.3
97395.6
97411.2
97426.2
97449.4
97475.5
97509.4
97548.1
97592.3
97640.9
97692.7
97746.7
97799.2
97851.2
97896.4
97935.6
97960.9
97974.7
97971.7
97962.5
97944.3
97932.2
97922.5
97918.2
97948.5
97321.7
97328
97348.2
97367.3
97394.9
97425.4
97463.4
97506.1
97553.9
97606
97660.8
97717.7
97772.9
97827.4
97875.2
97916.9
97944.9
97961.3
97960.9
97954.1
97938
97928
97919.7
97916.5
97948
97259.3
97269
97293.3
97315.8
97347.3
97381.7
97423.3
97469.3
97520.2
97575.1
97632.4
97691.6
97748.9
97805.5
97855.5
97899.4
97929.9
97948.7
97950.7
97946.2
97932
97923.9
97917
97914.9
97947.5
97206.4
97219
97246.7
97272.1
97307.1
97344.6
97389.3
97438.1
97491.4
97548.3
97607.6
97668.5
97727.5
97785.7
97837.5
97883.3
97915.8
97936.9
97941.1
97938.8
97926.3
97920.2
97914.5
97913.5
97947.1
97163.3
97178.2
97208.8
97236.6
97274.6
97314.6
97361.8
97412.6
97467.6
97526.1
97586.7
97648.7
97708.8
97768.2
97821.3
97868.6
97902.9
97925.9
97932.2
97931.8
97921.1
97916.8
97912.2
97912.3
97946.7
97130.2
97147.1
97180.2
97209.9
97250.2
97292
97341.1
97393.1
97449.3
97508.6
97570
97632.4
97693
97753
97807
97855.5
97891.2
97915.8
97924
97925.5
97916.4
97913.7
97910.1
97911.2
97946.4
97107.4
97126
97161.2
97192.3
97234.3
97277.2
97327.4
97379.9
97436.7
97496.1
97557.4
97619.7
97680.1
97740.3
97794.8
97844.1
97880.9
97906.8
97916.6
97919.7
97912.1
97911
97908.4
97910.4
97946.2
97095.1
97115
97152.1
97184.2
97227.1
97270.5
97320.9
97373.3
97429.9
97488.7
97549.2
97610.7
97670.5
97730.3
97784.8
97834.4
97871.9
97898.8
97910.1
97914.6
97908.4
97908.7
97906.9
97909.8
97946.1
97093.4
97114.5
97152.9
97185.5
97228.7
97271.9
97321.8
97373.3
97428.9
97486.5
97545.4
97605.4
97664.1
97723
97777
97826.4
97864.3
97892
97904.4
97910.2
97905.2
97906.8
97905.7
97909.5
97946.2
97102.5
97124.3
97163.5
97196.2
97239
97281.4
97330.1
97380
97433.9
97489.4
97546.2
97604.2
97661.2
97718.7
97771.6
97820.5
97858.4
97886.4
97899.8
97906.6
97902.7
97905.4
97904.8
97909.4
97946.3
97122
97144.2
97183.6
97215.9
97257.8
97298.6
97345.4
97393.1
97444.5
97497.3
97551.4
97606.8
97661.6
97717.1
97768.5
97816.4
97853.9
97882.1
97896.2
97903.8
97900.8
97904.4
97904.2
97909.5
97946.4
97151.9
97174.2
97213.2
97244.6
97284.9
97323.7
97367.8
97412.6
97460.8
97510.3
97560.9
97613.2
97665.2
97718.1
97767.5
97814
97850.8
97878.8
97893.4
97901.6
97899.4
97903.8
97903.9
97909.8
97946.7
97191.9
97214.1
97252.2
97282.1
97320.3
97356.6
97397.2
97438.5
97482.7
97528.1
97574.8
97623.3
97671.9
97721.7
97768.7
97813.4
97849.1
97876.6
97891.4
97900
97898.5
97903.5
97903.9
97910.3
97947.1
97242.2
97263.7
97300.3
97328.5
97364
97397
97433.6
97470.7
97510.1
97550.8
97592.9
97637.1
97681.6
97727.8
97771.9
97814.4
97848.7
97875.4
97890.2
97899.1
97898.1
97903.6
97904.2
97911.1
97947.7
97302.8
97323.1
97357.7
97383.8
97415.9
97445
97476.9
97509
97543
97578.4
97615.2
97654.4
97694.3
97736.4
97777.2
97817.1
97849.5
97875.2
97889.8
97898.7
97898.2
97904.1
97904.8
97912
97948.3
97373
97391.9
97423.8
97447.3
97475.5
97500
97526.6
97553.1
97581.1
97610.6
97641.5
97675
97709.8
97747.5
97784.5
97821.2
97851.6
97876
97890.1
97898.9
97898.8
97904.9
97905.6
97913.2
97949
97458.3
97474.8
97503.2
97523.3
97546.5
97565.4
97585.8
97605.6
97626.6
97649.1
97673.1
97700.1
97729
97761.4
97794
97827.3
97855.1
97877.9
97891.2
97899.8
97899.9
97906.1
97906.7
97914.6
97949.9
97560.5
97573.7
97597.5
97613.2
97630.3
97642.4
97655.6
97667.6
97680.4
97694.6
97710.7
97730.1
97752.3
97778.6
97806.1
97835.2
97860
97880.8
97893.2
97901.4
97901.5
97907.7
97908.1
97916.2
97950.8
97673.1
97682.6
97701.1
97711.5
97721.9
97726.8
97732.1
97735.4
97739.3
97744.6
97752.1
97763.5
97778.4
97798.1
97820.1
97844.6
97866.1
97884.7
97895.9
97903.4
97903.5
97909.5
97909.8
97918
97951.9
97795.5
97801.1
97813.5
97817.8
97821
97818.2
97814.8
97808.8
97803.1
97798.9
97797.3
97800.1
97807
97819.7
97835.7
97855.4
97873.2
97889.3
97899.2
97905.9
97905.9
97911.7
97911.7
97920
97953.1
97927.2
97928.3
97934
97931.5
97927.1
97916
97903.1
97887.2
97871.3
97857.1
97845.9
97839.5
97838
97843.2
97852.9
97867.3
97881.2
97894.6
97903
97908.8
97908.7
97914.1
97913.9
97922.2
97954.4
98067.1
98063.1
98061.4
98051.7
98039
98019.1
97996.1
97969.8
97943.2
97918.6
97897.4
97881.3
97871
97868.3
97871.3
97880.2
97890
97900.5
97907.3
97912.1
97911.7
97916.8
97916.3
97924.5
97955.8
98213.6
98204.2
98194.6
98177.2
98155.8
98126.5
98093.1
98056
98018.4
97982.9
97951
97924.9
97905.5
97894.7
97890.8
97893.9
97899.4
97906.9
97911.9
97915.8
97915
97919.6
97918.9
97927
97957.2
98365.1
98350
98332.3
98307
98276.3
98237.1
98193
98144.9
98095.9
98049.1
98006.2
97969.9
97941
97921.9
97910.9
97908.2
97909.3
97913.7
97916.9
97919.6
97918.5
97922.6
97921.6
97929.6
97958.8
98519.5
98498.6
98472.7
98439.2
98399.1
98349.6
98294.6
98235.3
98174.8
98116.4
98062.4
98015.6
97977.2
97949.6
97931.4
97922.8
97919.5
97920.8
97922.1
97923.7
97922.1
97925.7
97924.6
97932.2
97960.3
98673.2
98646.5
98612.7
98570.9
98521.4
98461.8
98395.9
98325.3
98253.3
98183.3
98118.2
98061
98013.1
97977
97951.8
97937.4
97929.8
97928
97927.4
97927.8
97925.8
97928.9
97927.6
97934.9
97961.9
98833.7
98801
98759.3
98708.9
98649.6
98579.5
98502.3
98419.9
98335.8
98253.7
98176.7
98108.5
98050.7
98005.8
97973.1
97952.8
97940.6
97935.7
97933
97932.3
97929.8
97932.4
97930.9
97937.8
97963.6
98987.5
98948.9
98900
98841.5
98772.8
98692.8
98604.8
98511
98415.2
98321.5
98233.1
98154.1
98086.7
98033.3
97993.6
97967.5
97951.1
97943.1
97938.6
97936.7
97933.8
97935.9
97934.3
97940.8
97965.3
99114.5
99071.2
99016.6
98951.4
98875
98786.7
98689.7
98586.6
98481
98377.5
98279.6
98191.7
98116.3
98056
98010.4
97979.7
97959.8
97949.4
97943.2
97940.4
97937.2
97938.9
97937.2
97943.2
97966.6
99217.6
99170.7
99111.5
99040.8
98958.2
98863.2
98758.9
98648
98534.6
98423.1
98317.4
98222.2
98140.3
98074.3
98024
97989.6
97966.9
97954.5
97947.1
97943.5
97939.9
97941.4
97939.6
97945.2
97967.7
99299.3
99249.7
99187.1
99112.2
99024.6
98924.2
98814
98697
98577.2
98459.3
98347.5
98246.4
98159.3
98088.8
98034.8
97997.5
97972.5
97958.6
97950.1
97945.9
97942.2
97943.4
97941.6
97946.8
97968.5
99362.6
99311.2
99246
99167.8
99076.4
98971.8
98857.1
98735.2
98610.4
98487.5
98370.9
98265.3
98174.2
98100.2
98043.3
98003.6
97976.9
97961.8
97952.5
97947.8
97943.9
97944.9
97943.1
97948
97969.1
99410.7
99357.8
99290.8
99210.2
99115.9
99008.1
98889.9
98764.3
98635.7
98509.1
98388.8
98279.8
98185.6
98108.9
98049.7
98008.3
97980.3
97964.2
97954.2
97949.2
97945.1
97946
97944.3
97948.9
97969.5
99446.1
99392.4
99324.1
99241.7
99145.1
99035
98914.2
98785.9
98654.5
98525.1
98402.2
98290.7
98194.1
98115.4
98054.5
98011.7
97982.7
97965.9
97955.5
97950.2
97946
97946.8
97945
97949.5
97969.7
99471.4
99417.2
99348
99264.2
99166.1
99054.3
98931.6
98801.4
98668.1
98536.7
98411.8
98298.5
98200.2
98120
98058
98014.2
97984.4
97967.1
97956.4
97950.9
97946.6
97947.3
97945.5
97949.9
97969.8
99488.6
99434
99364.3
99279.6
99180.5
99067.5
98943.7
98812.2
98677.5
98544.7
98418.6
98303.9
98204.5
98123.3
98060.3
98015.8
97985.5
97967.8
97956.9
97951.3
97946.9
97947.6
97945.8
97950
97969.8
99499.4
99444.6
99374.5
99289.3
99189.7
99076.1
98951.5
98819.2
98683.7
98550
98423
98307.5
98207.3
98125.4
98061.8
98016.8
97986.2
97968.3
97957.2
97951.5
97947.1
97947.7
97945.9
97950.1
97969.7
99505.7
99450.7
99380.6
99295.2
99195.3
99081.4
98956.4
98823.7
98687.6
98553.5
98425.8
98309.8
98209.1
98126.6
98062.6
98017.4
97986.5
97968.5
97957.3
97951.6
97947.1
97947.7
97945.9
97950.1
97969.6
99509
99454.2
99384.2
99298.9
99199
99085.1
98960
98827
98690.7
98556.2
98428.2
98311.8
98210.7
98127.9
98063.6
98018
97987
97968.7
97957.4
97951.7
97947.2
97947.8
97945.9
97950.1
97969.5
)
;

boundaryField
{
    inlet
    {
        type            zeroGradient;
    }
    outlet
    {
        type            waveTransmissive;
        phi             phi;
        rho             rho;
        psi             psi;
        gamma           1.3;
        fieldInf        100000;
        lInf            0.3;
        value           uniform 100000;
    }
    upperWall
    {
        type            zeroGradient;
    }
    lowerWall
    {
        type            zeroGradient;
    }
    frontAndBack
    {
        type            empty;
    }
}


// ************************************************************************* //
