/*--------------------------------*- C++ -*----------------------------------*\
| =========                 |                                                 |
| \\      /  F ield         | OpenFOAM: The Open Source CFD Toolbox           |
|  \\    /   O peration     | Version:  dev                                   |
|   \\  /    A nd           | Web:      http://www.openfoam.org               |
|    \\/     M anipulation  |                                                 |
\*---------------------------------------------------------------------------*/
FoamFile
{
    version     2.0;
    format      ascii;
    class       volScalarField;
    object      T;
    location    "9.162";
}
// * * * * * * * * * * * * * * * * * * * * * * * * * * * * * * * * * * * * * //

dimensions      [0 0 0 1 0 0 0];

internalField   nonuniform List<scalar> 
12225
(
304.952
304.614
304.439
304.424
304.335
304.296
304.192
304.075
303.973
303.78
303.659
303.424
303.28
303.079
302.846
303.022
301.6
301.74
304.972
304.114
303.782
303.72
303.661
303.52
303.531
303.276
303.371
303.045
303.096
302.77
302.742
302.514
302.37
302.318
300.798
300.857
304.968
303.983
303.676
303.51
303.539
303.238
303.33
302.918
303.041
302.672
302.749
302.315
302.486
301.881
301.862
301.275
300.81
300.417
304.949
303.939
303.745
303.475
303.541
303.211
303.205
302.979
302.794
302.694
302.451
302.357
302.185
302
301.694
301.034
300.738
300.527
305.051
303.903
303.739
303.46
303.488
303.276
303.165
303.073
302.814
302.735
302.446
302.367
302.091
301.989
301.811
301.192
301.191
300.626
304.829
303.992
303.623
303.545
303.393
303.407
303.044
303.253
302.628
302.816
302.272
302.435
301.939
301.972
301.726
301.804
301.606
300.863
304.894
304.024
303.747
303.509
303.493
303.362
303.024
303.079
302.564
302.601
302.242
302.293
301.902
301.757
301.568
301.443
301.308
300.773
304.769
304.213
303.563
303.666
303.415
303.5
303.051
303.126
302.566
302.693
302.213
302.403
301.845
301.925
301.58
301.498
301.295
300.975
304.873
304.085
303.625
303.557
303.518
303.425
303.2
303.084
302.741
302.666
302.315
302.305
301.994
301.889
301.605
301.495
301.378
301.147
304.775
304.13
303.605
303.747
303.455
303.521
303.161
303.167
302.821
302.779
302.387
302.373
302.137
302.027
301.77
301.611
301.544
301.343
304.728
304.153
303.677
303.709
303.445
303.467
303.165
303.098
302.816
302.748
302.487
302.375
302.157
302.051
301.897
301.685
301.616
301.394
304.729
304.092
303.691
303.697
303.466
303.449
303.215
303.181
302.969
302.885
302.648
302.488
302.27
302.196
302.09
301.901
301.77
301.552
304.724
304.038
303.71
303.694
303.536
303.515
303.366
303.271
303.1
302.938
302.752
302.594
302.388
302.232
302.111
302
301.832
301.665
304.608
303.966
303.712
303.715
303.613
303.613
303.433
303.342
303.156
302.999
302.809
302.629
302.488
302.341
302.219
302.1
301.946
301.84
304.397
303.973
303.806
303.783
303.666
303.657
303.467
303.39
303.164
303.061
302.848
302.682
302.573
302.415
302.307
302.204
302.085
301.993
304.189
303.922
303.765
303.752
303.687
303.645
303.454
303.395
303.158
303.043
302.849
302.745
302.587
302.441
302.342
302.256
302.176
302.017
304.034
303.867
303.686
303.647
303.624
303.54
303.391
303.3
303.08
302.977
302.797
302.661
302.516
302.447
302.314
302.189
302.122
302.021
303.856
303.652
303.511
303.429
303.469
303.358
303.257
303.13
302.913
302.781
302.57
302.435
302.311
302.162
302.072
301.966
301.868
301.771
303.544
303.473
303.34
303.26
303.265
303.101
303.022
302.819
302.628
302.496
302.259
302.149
301.99
301.859
301.746
301.586
301.514
301.406
303.229
303.322
303.078
303.04
302.94
302.812
302.695
302.48
302.309
302.1
301.909
301.762
301.569
301.49
301.295
301.217
301.09
300.977
303.051
303.173
302.897
302.778
302.673
302.628
302.438
302.256
302.054
301.775
301.582
301.369
301.242
301.091
300.963
300.864
300.718
300.661
302.9
303.055
302.73
302.659
302.581
302.391
302.211
302.016
301.716
301.526
301.293
301.081
300.93
300.748
300.626
300.493
300.379
300.269
302.81
302.889
302.613
302.504
302.316
302.19
301.981
301.742
301.524
301.278
301.058
300.861
300.675
300.513
300.358
300.232
300.079
300
302.623
302.867
302.529
302.34
302.215
302.017
301.798
301.599
301.335
301.116
300.902
300.663
300.506
300.286
300.158
299.992
299.867
299.765
302.664
302.742
302.391
302.279
302.111
301.926
301.718
301.488
301.255
301.028
300.782
300.572
300.356
300.155
299.989
299.812
299.693
299.551
302.566
302.736
302.393
302.233
302.066
301.863
301.642
301.402
301.158
300.913
300.682
300.458
300.254
300.062
299.89
299.734
299.592
299.472
302.497
302.708
302.37
302.204
302.024
301.814
301.583
301.34
301.093
300.854
300.626
300.411
300.213
300.027
299.857
299.7
299.559
299.433
302.479
302.698
302.334
302.153
301.97
301.763
301.535
301.293
301.051
300.818
300.601
300.401
300.217
300.048
299.896
299.758
299.633
299.522
302.544
302.728
302.362
302.184
301.994
301.779
301.552
301.325
301.109
300.908
300.724
300.551
300.392
300.243
300.106
299.974
299.853
299.737
302.109
302.603
302.412
302.308
302.163
301.994
301.813
301.625
301.437
301.248
301.062
300.88
300.704
300.534
300.372
300.217
300.07
299.911
288.491
283.742
281.597
280.733
280.532
280.566
280.585
280.613
280.532
280.374
280.179
279.931
279.693
279.505
279.343
279.115
278.92
278.867
278.865
279.026
279.558
280.293
281.121
282.063
283.175
284.739
286.069
286.434
286.526
287.491
288.273
288.195
288.443
287.735
285.768
284.424
285.512
287.826
289.361
290.19
291.497
292.962
293.989
294.907
295.747
296.363
296.764
297.035
297.241
297.417
297.581
297.743
297.908
298.076
298.243
298.413
298.586
298.764
298.943
299.123
299.307
299.489
299.674
299.852
300.025
300.195
300.363
300.524
300.669
300.801
300.92
301.033
301.14
301.227
301.303
301.369
301.414
301.446
301.444
301.381
301.283
301.142
301.036
300.888
300.747
300.757
300.875
301.051
301.293
301.497
301.662
301.642
301.401
301.026
300.673
300.318
299.937
299.565
299.129
298.755
298.547
298.219
297.36
296.409
295.382
293.98
292.434
290.752
289.625
288.874
288.434
288.094
287.511
286.757
286.393
287.845
290.848
294.726
296.081
294.226
296.372
296.979
296.927
296.975
294.425
293.831
295.531
297.726
298.596
297.767
295.76
301.964
297.6
297.207
297.753
297.92
298.303
298.666
299.058
299.694
300.622
301.382
302.443
303.334
304.361
305.265
306.282
306.827
307.2
307.066
306.973
306.597
305.946
305.432
302.956
302.258
301.875
301.015
297.968
295.191
295.761
298.72
300.116
296.607
290.618
294.797
304.5
311.564
301.98
293.492
296.207
286.768
294.1
290.131
299.026
302.833
303.77
300.932
301.525
302.756
288.29
283.032
281.731
282.438
283.32
283.783
283.788
283.727
283.436
282.877
282.406
281.819
281.268
280.86
280.348
279.931
279.383
278.557
277.8
276.466
275.272
274.771
274.056
274.089
274.912
274.851
276.008
277.497
276.728
277.779
278.976
276.215
276.425
280.209
281.154
277.277
277.2
284.259
291.214
294.572
295.801
296.31
296.627
296.829
296.93
296.931
296.903
296.868
296.909
296.977
297.05
297.158
297.268
297.384
297.532
297.7
297.873
298.053
298.233
298.417
298.63
298.833
299.047
299.233
299.435
299.647
299.877
300.103
300.297
300.488
300.65
300.837
301.022
301.168
301.314
301.463
301.559
301.655
301.786
301.716
301.667
301.393
301.205
300.802
299.95
299.278
299.087
299.118
299.668
300.357
301.399
302.491
302.677
301.679
299.851
298.237
296.882
295.981
294.692
293.281
292.802
292.284
290.252
288.905
288.56
286.342
282.79
279.821
278.994
279.109
278.957
279.807
280.877
280.53
278.117
277.265
277.074
280.536
284.356
285.446
292.612
294.661
292.922
290.542
289.35
294.005
297.084
297.215
299.363
299.75
299.577
309.673
300.548
299.532
301.357
300.507
300.692
299.299
297.514
295.802
293.909
291.984
290.831
291.794
293.906
295.268
296.352
296.314
296.357
295.55
295.081
294.024
292.506
291.174
285.51
284.942
282.479
276.547
270.057
267.01
263.38
266.846
272.007
263.142
253.569
270.568
288.21
285.066
267.604
276.524
274.711
259.782
269.516
267.086
277.131
279.905
278.705
270.253
264.597
263.865
289.807
286.613
286.854
287.544
287.424
286.477
285.24
284.071
283.095
282.032
281.288
280.781
280.201
279.762
280.045
280.408
280.504
281.338
281.235
280.555
279.81
278.349
277.839
275.761
273.119
274.814
276.276
274.239
273.823
276.537
278.424
272.715
270.767
279.865
289.489
292.928
294.114
295.435
296.09
296.161
295.992
295.762
295.565
295.375
295.264
295.233
295.328
295.519
295.734
296.025
296.277
296.463
296.71
296.918
297.122
297.357
297.56
297.772
297.961
298.151
298.335
298.527
298.696
298.848
299.003
299.135
299.28
299.445
299.635
299.866
300.032
300.198
300.386
300.655
300.887
301.132
301.288
301.359
301.978
301.926
302.436
302.707
302.904
303.052
302.796
302.178
301.835
301.475
301.457
301.316
301.711
303.454
304.775
305.945
304.341
301.778
300.609
300.209
297.71
294.946
294.059
292.919
291.975
291.665
290.186
288.929
288.168
286.233
284.463
284.547
284.207
283.58
284.094
286.367
285.666
282.606
282.842
284.259
284.307
285.255
291.973
293.925
293.2
290.73
293.658
299.613
300.422
297.819
302.708
303.564
305.689
309.361
306.912
308.473
311.616
312.904
314.854
313.485
312.855
312.344
309.998
306.734
301.233
298.774
299.139
301.57
304.185
304.438
302.552
299.672
296.638
293.751
293.05
289.352
284.896
292.675
290.229
273.196
265.589
276.585
276.243
270.558
265.985
249.17
243.76
268.262
278.598
270.802
272.22
285.996
275.764
278.105
272.347
270.156
272.484
275.006
271.232
263.959
253.843
247.897
291.018
289.182
289.059
287.745
285.738
283.346
281.283
279.544
278.108
276.873
276.003
275.599
275.129
274.741
274.924
275.292
275.745
276.286
276.776
277.941
278.545
278.481
278.657
280.115
279.755
274.111
272.198
275.889
272.831
266.319
271.605
284.491
290.536
292.707
293.97
294.29
294.372
294.366
294.291
294.183
294.138
294.326
294.567
294.989
295.458
295.967
296.51
296.971
297.298
297.571
297.793
297.962
298.1
298.272
298.408
298.581
298.772
298.962
299.184
299.477
299.718
300.017
300.286
300.601
300.875
301.052
301.167
301.193
301.259
301.401
301.505
301.464
301.494
301.662
301.81
301.989
302.014
301.559
302.675
301.847
302.235
302.41
302.378
302.385
302.313
302.42
302.188
302.145
302.573
302.673
302.048
301.955
301.916
303.66
303.085
299.536
299.306
303.304
302.82
299.477
299.105
298.677
297.89
296.771
294.596
294.444
297.297
300.446
302.051
303.475
301.648
294.326
290.3
291.207
288.907
284.525
284.117
283.719
283.537
285.778
292.93
294.976
291.152
288.471
294.901
300.238
300.539
301.326
307.506
304.012
301.679
307.768
306.148
306.937
310.246
313.828
317.631
315.309
313.765
314.864
314.895
315.026
311.15
308.834
302.415
299.302
300.443
306.324
308.931
308.533
303.86
297.458
301.575
291.708
283.172
302.757
308.681
282.378
266.013
280.431
298.68
292.053
269.892
243.028
241.207
269.122
284.584
267.492
265.471
275.083
275.402
286.389
286.657
283.48
273.798
272.734
266.456
268.484
260.355
252.509
291.828
290.653
288.678
285.761
282.98
280.346
278.845
277.843
276.964
276.303
275.937
276.708
277.117
276.86
276.76
276.936
276.632
276.317
275.856
275.762
277.996
279.691
276.346
273.847
274.018
273.908
276.451
273.142
267.736
275.036
285.532
290.575
292.027
292.904
293.267
293.667
293.886
294.273
294.536
294.869
295.253
295.722
296.252
296.755
297.156
297.441
297.451
297.406
297.289
297.093
296.91
296.786
296.713
296.669
296.699
296.742
296.808
296.994
297.185
297.443
297.751
298.177
298.675
299.289
299.973
300.637
301.276
301.803
302.178
302.686
303.045
303.071
303.342
303.543
303.684
304.02
304.172
303.546
305.001
304.619
304.854
305.12
305.2
305.413
304.896
304.282
303.491
302.215
301.71
302.102
303.237
304.492
304.198
303.843
304.656
301.97
298.515
302.328
304.678
301.724
302.04
304.533
306.008
304.76
302.47
301.493
301.505
303.901
307.641
311.724
312.555
307.974
304.249
303.938
299.694
291.005
285.183
281.548
282.889
286.166
291.38
290.96
287.72
289.079
295.303
297.25
297.67
303.559
305.643
306.07
306.578
307.184
309.752
308.186
311.313
314.045
320.085
320.636
317.666
315.874
315.239
316.683
310.772
313.27
310.804
306.551
300.501
303.937
307.042
310.39
308.596
298.457
311.792
299.224
283.122
310.431
329.487
301.997
269.158
270.992
299.81
303.301
272.313
240.32
241.141
265.638
276.837
258.871
254.828
260.079
264.027
273.102
283.422
292.463
279.078
277.551
269.899
276.227
271.167
267.906
292.137
290.265
286.487
283.271
280.633
278.315
277.774
277.636
277.64
278.207
279.345
281.3
282.311
282.535
282.878
283.216
282.849
281.267
280.23
277.848
276.029
277.23
276.037
275.356
278.019
278.438
273.574
270.219
276.298
286.617
292.11
293.58
294.271
294.608
294.801
295.06
295.116
295.158
295.227
295.401
295.737
296.139
296.475
296.647
296.548
296.285
295.939
295.636
295.383
295.25
295.251
295.287
295.371
295.506
295.668
295.762
295.865
295.959
295.991
296.027
295.992
296.04
296.135
296.42
296.809
297.394
298.015
298.825
299.393
300.163
300.801
301.05
301.389
301.661
301.857
302.196
302.422
302.395
302.912
303.496
303.772
304.101
304.558
305.215
306.016
306.192
307.019
306.506
305.228
303.983
302.534
301.933
303.975
304.347
304.569
305.834
303.817
304.005
305.251
303.563
301.558
304.169
307.931
307.251
305.293
305.754
305.798
307.679
309.153
307.569
305.757
305.253
306.24
305.507
299.195
290.921
284.297
280.56
281.567
286.22
288.829
289.935
294.295
293.531
293.533
294.239
297.168
301.99
302.159
305.913
308.644
306.33
310.951
303.794
308.753
307.594
313.127
318.044
319.982
316.977
312.714
314.663
308.052
308.544
310.498
313.565
307.539
307.375
308.986
311.566
314.462
295.357
316.816
306.963
287.392
317.053
348.876
323.113
275.002
276.914
306.595
308.444
272.527
240.048
242.241
264.023
273.283
260.302
251.654
245.431
246.634
267.176
282.064
288.065
281.119
274.134
273.649
272.269
269
270.765
292.124
289.143
285.157
282.693
280.324
278.837
279.638
280.896
282.545
284.187
286.201
288.674
290.294
290.423
290.175
290.232
290.925
291.157
289.202
285.37
283.451
284.562
283.179
280.22
277.101
273.747
273.982
279.523
287.383
292.584
294.165
294.433
294.639
294.549
294.516
294.393
294.44
294.537
294.906
295.524
296.054
296.516
296.699
296.455
296.035
295.568
295.312
295.289
295.43
295.72
295.935
296.166
296.49
296.738
297.032
297.345
297.67
297.962
298.155
298.23
298.096
297.978
297.618
297.395
297.217
297.216
297.328
297.738
298.19
298.88
299.483
300.096
300.531
300.96
301.08
301.815
301.558
302.488
302.874
302.929
304.003
304.445
304.598
304.415
304.983
304.706
305.376
306.79
307.968
308.216
307.593
304.804
304.537
306.182
305.165
305.552
305.458
304.774
304
303.389
300.588
299.739
303.35
306.11
307.499
309.072
307.108
307.469
310.041
309.006
306.492
305.283
306.48
307.026
300.122
291.693
284.206
281.22
279.922
285.745
287.226
292.119
296.272
291.788
296.576
298.66
302.168
301.031
303.89
306.451
308.46
310.202
313.161
304.861
313.523
310.116
311.611
317.547
320.576
322.133
316.037
315.936
309.403
306.3
304.184
308.981
304.401
304.841
300.794
303.259
318.559
290.342
321.352
310.727
290.722
311.91
350.499
329.15
276.822
287.778
317.267
310.801
270.088
239.624
245.646
271.992
278.138
262.482
250.06
232.422
239.725
255.922
277.101
290.184
287.439
272.94
268.433
263.595
259.814
264.21
292.151
288.733
284.752
282.25
280.198
280.751
283.764
286.102
288.285
290.273
292.087
292.626
292.581
292.198
291.234
290.415
289.492
289.012
288.54
287.808
286.818
284.796
280.739
277.156
276.296
278.327
283.551
289.442
293.303
294.727
294.683
294.521
294.331
294.058
294.06
294.197
294.617
295.207
295.883
296.386
296.724
296.552
296.091
295.381
294.845
294.698
294.884
295.291
295.682
295.904
296.064
296.19
296.286
296.436
296.721
297.083
297.496
297.988
298.513
299.083
299.258
299.56
299.381
299.257
299.147
298.837
298.642
298.388
298.253
298.315
298.427
298.963
299.161
300.171
299.737
301.048
300.518
301.077
302.844
302.881
303.881
304.887
305.875
305.396
306.06
305.98
305.967
305.36
306.211
307.534
308.799
307.848
305.647
306.313
306.402
306.774
306.86
306.802
304.198
302.958
302.219
301.898
304.042
305.683
305.666
309.778
310.317
311.041
314.351
313.235
309.281
305.746
306.199
308.087
300.89
293.499
284.12
283.298
277.929
284.483
287.144
293.215
292.832
290.971
303.978
302.613
301.18
299.723
301.216
306.147
304.404
305.104
309.744
305.987
313.786
311.965
308.56
317.234
319.682
321.647
316.203
315.023
310.463
306.214
299.932
304.978
302.994
306.495
295.073
301.962
321.773
286.693
323.278
312.033
295.72
300.367
330.432
312.452
276.453
298.444
320.355
308.084
266.479
240.41
246.972
275.947
277.125
259.453
256.677
236.943
239.686
249.605
275.283
288.448
282.502
279.039
265.433
262.469
257
257.109
292.142
288.231
284.23
283.027
283.822
287.825
292.23
293.761
294.497
294.222
292.119
288.874
287.775
289.129
290.738
289.353
286.548
285.215
284.682
283.903
282.839
281.405
280.678
281.49
284.042
287.722
291.409
293.714
294.444
294.257
293.745
293.535
293.383
293.574
293.884
294.242
294.85
295.296
295.877
296.113
295.964
295.497
294.885
294.537
294.713
295.224
295.853
296.255
296.401
296.346
296.236
296.138
296.231
296.382
296.599
296.901
297.246
297.69
298.057
298.92
299.311
299.845
299.826
300.042
300.167
300.359
300.673
300.743
300.775
300.521
300.078
300.014
299.084
300.054
299.039
299.688
299.482
299.068
300.448
302.091
303.461
304.539
306.085
306.479
305.823
305.76
307.142
307.87
306.964
306.717
308.158
310.04
308.968
307.742
307.131
307.039
307.271
308.67
307.568
304.416
303.2
302.605
305.761
309.552
307.47
309.651
311.991
311.388
313.974
314.561
312.025
307.923
306.633
308.819
301.951
295.267
285.564
283.359
278.714
281.421
287.068
294.016
285.561
291.47
301.478
302.523
305.873
308.3
308.287
307.846
309.611
304.28
308.284
309.646
318.033
314.524
308.215
311.512
319.601
321.69
315.666
309.572
306.686
304.471
297.32
302.395
300.885
301.258
288.228
302.017
318.761
285.501
318.397
314.13
298.364
298.887
316.822
290.504
280.113
312.28
319.503
300.478
261.747
241.718
246.499
269.11
269.015
281.441
278.589
245.021
234.043
246.533
281.053
286.668
277.758
274.297
268.117
265.061
258.118
254.198
292.282
288.575
285.693
286.111
288.093
292.341
295.703
294.969
292.274
289.729
290.699
291.859
290.293
288.886
290.586
289.458
287.617
287.106
285.635
284.958
284.674
284.821
285.628
287.532
290.093
292.016
293.407
293.872
293.653
293.372
293.256
293.439
293.627
293.848
294.273
294.834
295.276
295.696
295.752
295.446
295.105
294.757
294.651
294.948
295.563
296.097
296.427
296.43
296.235
296.021
295.933
295.919
296.058
296.284
296.602
296.964
297.243
297.703
297.773
298.464
299.073
299.949
300.049
300.403
300.224
300.278
300.468
300.954
301.541
302.097
302.431
302.329
301.119
300.733
299.516
298.572
298.165
298.728
299.131
300.99
302.455
303.625
304.476
307.406
307.321
306.051
306.268
308.527
308.228
306.446
306.519
309.035
310.218
309.03
308.134
307.429
307.469
309.099
310.05
307.331
305.491
303.75
302.838
307.39
305.741
305.781
311.698
314.072
314.8
313.747
309.818
305.816
304.887
309.336
303.409
296.591
288.943
283.235
281.15
279.774
285.08
293.615
282.872
285.363
294.267
303.941
309.145
307.338
306.097
307.038
310.325
306.7
304.75
306.826
319.8
316.617
313.813
309.44
316.322
317.187
315.86
309.484
304.612
304.022
297.972
304.252
302.797
297.971
286.04
301.879
311.269
284.018
315.329
313.412
296.873
301.716
314.822
280.059
289.761
325.319
315.442
290.176
257.438
243.429
247.004
258.933
256.868
281.99
271.93
239.094
242.457
254.992
278.66
283.337
275.592
267.811
261.996
261.029
256.597
254.521
292.77
289.501
286.489
286.811
288.955
292.628
294.499
292.368
290.924
291.19
292.242
291.602
290.599
288.898
289.001
289.007
288.927
289.018
288.706
289.626
290.077
290.704
292.066
293.146
293.802
294.309
294.179
293.931
293.666
293.656
293.856
294.058
294.289
294.558
294.564
294.733
294.814
294.96
295.081
295.064
295.078
295.018
295.225
295.579
296.087
296.458
296.65
296.64
296.546
296.441
296.408
296.42
296.451
296.576
296.753
297.109
297.372
297.974
298.187
298.553
298.904
300.036
300.799
301.59
302.045
302.329
302.103
302.132
302.185
302.472
303.847
304.31
305.136
303.919
303.013
301.359
298.85
299.698
300.53
301.937
303.767
305.585
303.539
305.261
307.075
307.445
307.441
309.656
309.904
307.589
307.263
309.099
311.241
310.536
308.492
306.362
307.414
309.889
312.238
309.716
307.022
306.431
302.492
305.15
308.015
306.231
311.076
314.084
315.213
314.117
309.998
304.767
302.269
307.493
304.504
296.281
292.059
284.327
282.595
279.29
284.77
293.253
282.519
281.162
287.435
302.31
309.551
309.894
306.209
307.262
308.865
309.603
307.285
303.6
314.228
315.919
313.622
310.156
317.203
314.49
314.29
310.236
302.855
302.961
298.647
305.432
304.034
295.6
283.707
299.611
307.906
283.172
315.482
312.499
296.143
299.515
311.991
276.866
295.666
336.66
309.809
279.048
252.604
244.528
246.693
250.625
248.88
276.348
260.684
239.381
247.502
251.612
284.676
280.989
270.897
266.713
259.602
260.237
257.551
256.371
293.185
289.705
286.758
288.007
290.497
293.169
294.216
292.551
292.473
291.989
291.066
290.423
292.128
292.486
292.527
292.136
291.915
291.984
291.526
292.19
291.935
292.485
292.805
292.943
293.099
293.027
292.75
292.592
292.52
292.617
292.596
292.544
292.453
292.379
292.612
292.809
293.142
293.382
293.47
293.697
293.998
294.447
295.006
295.669
296.294
296.796
297.18
297.274
297.232
297.004
296.733
296.529
296.411
296.538
296.54
296.619
296.602
296.959
297.321
297.819
298.032
298.671
299.629
300.523
301.44
302.435
303.214
303.621
304.076
303.474
303.803
303.618
305.363
305.195
304.754
304.344
302.299
301.927
302.55
303.821
303.622
306.855
306.728
306.33
306.087
306.283
305.565
307.384
309.818
308.282
307.254
307.702
310.404
312.056
310.601
307.734
308.242
310.097
311.943
310.466
307.474
307.622
305.554
303.637
310.296
309.756
312.123
313.716
313.89
312.615
310.533
304.983
299.941
304.893
306.61
297.273
295.015
287.406
282.3
278.26
284.612
292.764
284.029
277.916
286.565
300.296
307.218
306.263
302.506
298.593
303.303
304.678
306.455
304.996
310.558
315.307
312.966
305.143
312.088
312.851
314.37
313.477
300.738
299.399
296.561
303.938
302.227
292.926
282.308
297.135
307.746
284.502
315.072
313.973
296.84
299.665
307.858
275.711
294.426
344.942
304.511
268.746
247.731
245.142
246.6
246.857
256.026
277.236
273.271
255.434
256.387
263.668
286.905
275.173
266.906
261.224
258.377
260.382
259.113
257.048
293.628
290.306
287.783
289.085
291.566
294.368
295.48
292.713
292.323
292.816
293.31
292.156
292.016
291.807
291.3
292.16
292.23
293.164
293.087
293.598
293.462
293.57
293.339
293.103
292.763
292.438
292.515
292.507
292.865
293.055
293.125
293.055
293.282
293.294
293.605
294.131
294.576
295.132
295.4
295.729
295.97
296.278
296.62
297.118
297.61
297.914
298.15
298.142
297.925
297.444
296.953
296.815
296.746
297.015
297.268
297.45
297.339
297.288
297.06
297.106
297.064
297.313
298.04
298.88
299.511
299.768
300.656
301.443
302.946
304.235
304.827
305.247
305.319
306.237
306.29
305.362
304.767
304.682
303.533
305.967
305.437
305.254
306.131
306.647
307.131
308.918
308.104
306.441
308.401
309.196
309.065
308.086
309.517
311.824
310.622
307.644
308.342
309.804
311.39
311.547
309.868
307.382
307.818
302.573
308.191
309.388
310.637
313.169
313.123
311.293
309.237
307.08
298.669
300.87
306.026
299.087
295.81
291.21
283.635
276.833
282.852
288.847
282.658
277.675
286.607
297.893
305.449
303.737
298.516
297.505
300.994
304.499
305.114
309.061
310.266
311.014
315.655
308.177
308.886
310.112
313.861
318.268
303.841
301.78
298.627
304.344
297.454
286.835
280.391
294.554
310.037
287.612
316.189
316.168
295.946
301.07
303.947
276.547
294.517
354.276
301.906
261.461
245.606
245.31
245.467
246.404
262.199
266.435
267.782
257.626
255.946
271.795
287.089
269.738
264.395
259.466
257.378
259.313
256.77
256.093
294.219
291.169
288.381
289.287
291.565
293.544
295.668
293.551
292.93
293.044
292.343
291.99
292.731
293.678
294.297
294.171
293.799
293.07
292.708
292.867
291.975
292.244
292.039
291.817
292.213
292.01
292.473
292.407
292.598
292.526
292.621
292.777
292.95
293.265
293.568
293.941
294.215
294.379
294.724
295.237
295.561
295.938
296.278
296.642
297.073
297.389
297.629
297.649
297.425
297.256
296.803
296.575
296.517
296.546
296.622
296.952
297.225
297.784
297.819
297.712
297.529
297.324
297.801
298.336
299.345
299.51
299.284
299.179
298.836
300.479
300.833
302.983
303.559
303.932
305.978
306.528
306.235
308.157
306.804
306.942
308.023
307.156
307.816
306.864
304.495
305.959
308.336
306.395
306.871
308.521
309.467
307.811
308.146
311.905
311.911
309.207
309.155
309.203
311.104
311.328
312.979
306.949
307.666
304.005
306.791
311.292
310.918
313.296
312.634
311.392
307.562
307.343
299.867
297.655
303.973
301.117
296.382
293.128
288.01
277.883
281.002
282.585
278.188
277.811
286.788
298.606
299.442
297.075
295.934
296.968
299.443
299.904
302.439
309.2
309.653
306.739
309.692
305.69
304.796
308.96
318.82
326.314
310.516
304.944
299.275
304.805
294.028
282.99
281.712
293.183
315.133
290.016
315.865
318.859
295.488
301.833
301.112
280.572
295.668
358.813
302.071
256.164
244.649
245.397
243.407
246.695
251.244
264.373
261.068
258.912
266.125
279.655
282.343
264.283
261.443
256.513
258.929
260.473
255.347
258.366
294.871
292.046
289.264
290.216
292.907
294.135
296.189
294.646
293.05
293.497
294.235
293.114
293.65
292.969
292.741
292.984
292.758
293.528
293.392
293.121
292.829
292.318
292.117
291.667
291.903
291.947
292.439
292.541
292.693
292.764
292.665
292.76
292.804
293.114
293.847
294.13
294.163
294.223
294.404
294.503
294.456
294.82
295.29
295.681
296.061
296.459
296.902
297.015
296.598
296.596
296.285
295.814
295.731
295.696
295.473
295.989
296.604
297.2
297.887
297.781
298.031
297.807
298.195
298.829
299.208
300.29
300.363
301.331
300.716
301.291
301.714
301.953
303.385
303.428
303.509
304.939
304.798
305.951
306.487
305.912
307.725
306.265
307.009
308.784
307.386
306.32
308.81
307.542
306.588
308.064
310.312
308.31
306.982
310.312
311.355
309.945
309.51
308.951
310.606
311.316
314.52
307.481
306.439
305.817
304.345
311.952
312.895
315.029
312.21
310.897
305.054
305.353
300.96
294.676
300.198
302.087
297.402
293.865
290.667
282.533
280.848
277.597
273.865
277.708
289.376
298.137
299.269
302.361
299.724
299.152
301.543
300.05
302.683
310.836
308.883
307.131
310.059
308.655
304.526
307.951
320.361
329.017
312.237
301.51
293.723
297.795
287.572
283.864
289.387
293.91
318.663
293.764
314.618
321.023
295.902
302.078
299.278
287.401
296.823
351.297
302.727
255.986
244.043
244.216
238.565
243.821
238.692
259.159
262.155
272.043
274.295
290.532
279.935
259.757
261.299
254.358
260.182
260.525
255.953
263.09
295.454
292.665
289.874
290.361
292.527
293.355
295.796
295.778
294.436
293.485
293.75
293.106
292.965
294.67
294.455
295.073
294.422
292.823
292.794
292.333
292.227
292.52
292.71
292.679
292.897
292.809
292.864
292.935
292.911
292.737
292.428
292.261
292.356
292.764
293.39
293.734
294.218
294.811
294.855
294.885
295.508
296.177
296.229
296.446
297.114
297.242
296.934
296.993
296.652
296.09
295.612
295.252
295.174
295.709
295.869
295.528
296.122
296.467
297.396
297.609
297.637
298.149
297.869
298.688
298.583
299.025
298.993
298.658
299.426
298.614
299.767
300.89
301.984
303.855
304.437
305.407
305.547
305.767
307.532
306.01
307.165
306.731
305.676
306.147
306.704
305.367
307.673
307.672
306.612
307.615
310.024
308.748
307.534
310.203
311.5
310.925
309.92
308.605
309.577
311.009
314.435
308.514
305.396
307.942
303.68
312.457
312.073
313.679
312.689
311.461
304.35
303.669
302.073
295.203
295.228
300.924
298.895
294.648
291.824
287.891
283.063
277.426
272.628
278.229
291.132
299.929
305.881
306.819
298.76
299.601
299.199
296.663
302.635
309.679
305.535
302.192
305.128
307.815
305.155
309.82
317.534
323.275
310.968
297.534
289.795
295.783
286.015
286.992
296.074
296.054
320.46
297.828
313.602
322.532
296.223
301.303
299.772
293.821
300.119
333.625
303.466
260.24
245.375
242.348
235.152
238.69
231.254
251.25
258.289
278.416
281.725
286.133
266.484
253.21
258.084
252.792
262.132
262.218
259.349
266.276
295.935
293.061
290.663
291.53
293.904
294.534
296.108
296.462
295.294
294.755
294.638
295.053
293.725
293.578
293.655
293.549
294.802
294.689
293.832
293.198
292.174
291.657
291.924
292.196
292.857
293.564
294.029
294.204
294.233
294.345
294.275
293.964
293.774
293.855
294.037
294.17
294.377
294.739
295.096
295.413
295.415
295.473
295.619
295.896
295.958
296.298
296.12
295.38
295.423
295.583
295.402
295.203
295.178
295.511
296.31
296.261
296.651
296.596
297.102
297.839
298.058
298.594
299.302
299.658
300.375
299.829
301.067
301.137
301.559
301.394
299.999
299.938
300.685
302.306
303.095
304.287
305.836
304.165
305.58
304.854
305.57
306.674
306.628
306.495
307.463
305.882
307.592
308.075
307.131
307.634
309.689
308.646
307.663
309.24
309.724
310.792
309.903
307.976
309.47
310.868
314.172
308.951
303.73
307.214
303.594
313.681
312.141
312.052
312.039
309.609
304.087
300.596
302.957
298.911
292.546
298.431
299.148
294.962
292.552
289.605
288.012
279.986
276.017
280.715
291.746
299.882
308.363
309.431
299.657
301.267
297.361
295.032
305.824
307.138
302.688
303.232
307.901
310.824
307.383
309.339
305.971
306.03
299.948
287.335
280.828
288.783
283.425
293.949
307.893
303.851
322.639
301.903
313.21
323.056
295.634
299.1
301.4
297.816
304.192
318.872
306.564
265.221
247.601
238.753
238.158
237.791
226.618
247.432
259.297
279.232
278.339
279.76
263.108
254.815
258.252
250.733
260.169
262.225
261.949
264.267
296.22
292.407
289.329
291.871
294.616
294.093
295.331
296.99
296.612
295.504
294.138
294.309
294.768
294.661
295.022
294.447
293.842
294.511
294.569
294.417
294.07
292.859
292.046
291.546
291.502
291.957
292.736
293.595
294.225
294.671
294.679
294.756
294.864
294.6
294.358
294.31
294.258
294.425
294.452
294.307
294.704
295.083
294.954
295.508
295.46
295.364
295.677
295.521
295.591
295.553
295.675
295.65
295.567
295.43
296.064
296.321
297.512
297.596
298.341
298.347
298.804
299.063
299.457
299.884
299.122
298.889
298.599
300.051
300.898
301.367
300.664
300.311
300.322
301.43
304.08
304.115
305.928
305.373
306.745
305.904
304.806
305.344
304.787
305.166
307.419
305.542
306.141
307.362
307.17
306.498
308.781
308.803
308.484
308.955
308.764
311.131
310.371
307.191
308.052
309.89
313.045
309.032
303.457
306.854
303.989
312.019
312.111
310.728
310.959
307.599
303.015
298.595
301.507
301.997
294.688
295.079
299.123
295.463
292.415
289.92
290.276
285.279
282.032
285.577
292.186
294.95
307.64
307.498
297.395
296.539
290.847
293.948
306.615
302.979
296.291
300.358
308.256
310.82
306.162
302.377
291.391
290.922
289.443
277.655
275.109
285.676
285.434
303.047
314.925
306.36
319.571
303.68
312.245
322.554
294.583
296.935
303.501
301.602
308.49
315.861
315.712
271.407
250.411
233.965
244.117
239.325
227.82
244.892
263.877
276.621
269.278
269.429
253.441
249.154
254.16
248.067
253.926
259.476
260.174
257.783
295.832
292.435
293.719
295.821
293.659
295.207
295.967
296.077
297.106
297.599
296.817
295.294
294.523
294.365
294.79
295.59
294.939
294.369
294.441
294.197
294.598
294.642
294.189
293.463
292.673
292.181
291.905
292.068
292.581
293.125
293.443
293.507
293.566
293.969
294.089
293.985
294.109
294.286
294.693
294.764
294.492
295.119
295.213
295.323
295.966
295.497
295.521
295.699
295.129
295.014
295.299
295.653
296.55
295.882
296.777
297.428
298.153
298.535
298.55
299.475
298.215
299.104
298.717
300.904
300.393
299.583
298.86
299.535
300.59
300.896
300.101
299
299.703
299.961
301.924
302.37
304.697
304.877
305.337
306.682
306.096
308.018
307.476
305.952
307.34
306.616
305.882
307.23
307.353
306.069
307.439
308.436
308.238
307.492
307.532
310.701
311.016
307.081
307.691
310.303
312.995
309.774
302.899
306.76
305.351
310.625
313.229
308.756
309.035
307.216
301.561
297.491
298.179
301.016
295.709
292.739
297.996
295.769
293.059
289.296
289.551
288.479
286.674
291.851
291.605
289.953
304.237
302.643
296.115
297.321
289.102
296.53
307.732
299.236
296.499
307.597
314.515
307.102
295.768
287.328
277.26
278.772
281.078
270.586
267.926
280.589
289.941
309.027
314.454
307.111
316.493
304.253
310.403
319.789
292.334
294.075
306.297
304.833
311.96
317.725
327.474
283.189
257.319
231.828
248.964
238.386
230.758
245.159
269.832
266.834
254.505
262.26
252.705
251.124
251.719
244.574
245.231
253.894
254.128
251.765
296.1
293.557
295.635
295.166
294.86
296.372
295.907
296.588
296.62
296.921
297.258
296.909
295.671
294.774
294.279
294.877
295.651
295.282
295.132
294.584
294.151
294.193
294.251
294.388
294.07
293.813
293.364
293.096
292.904
292.989
293.254
293.505
293.528
293.676
293.977
294.402
294.568
294.617
295.059
295.338
295.011
295.42
295.3
295.265
295.632
295.037
295.116
295.504
295.148
294.82
295.601
296.352
296.983
297.109
297.693
298.671
298.039
298.476
297.771
299.433
299.124
300.233
299.872
300.612
300.393
300.401
300.534
300.457
301.385
301.511
301.665
300.495
299.859
300.525
302.716
304.036
305.055
305.916
305.141
306.135
304.454
304.782
305.645
305.527
306.365
306.895
305.661
306.572
307.091
306.383
306.588
307.83
308.411
307.958
307.088
310.625
310.853
306.314
306.972
310.041
311.936
308.598
302.762
306.888
305.935
310.105
314.33
306.758
307.753
306.903
299.54
295.443
295.47
298.18
295.588
291.048
295.113
295.984
293.064
289.29
289.5
288.659
290.392
296.526
293.155
287.052
302.092
297.923
294.69
292.322
284.28
299.004
305.259
293.079
294.325
309.891
312.026
297.311
282.047
274.018
270.035
276.479
277.464
268.792
267.023
276.423
288.768
307.596
311.495
309.009
315.198
304.904
308.235
316.98
290.076
292.334
308.818
307.239
314.973
317.249
327.857
297.182
266.376
235.251
250.765
234.496
234.19
248.321
270.275
257.192
246.12
258.119
249.11
248.545
248.333
241.195
239.116
245.988
245.963
248.462
295.446
293.296
297.251
296.36
297.374
294.853
295.694
296.688
297.44
297.567
297.227
297.45
297.034
296.206
295.203
294.503
294.869
295.189
295.478
295.75
295.424
294.975
294.427
294.314
294.141
294.142
293.944
293.823
293.683
293.567
293.464
293.706
294.098
294.434
294.396
294.404
294.686
294.577
294.49
294.739
294.481
294.546
294.597
294.604
294.898
294.058
294.504
295.57
295.331
295.875
296.696
297.367
297.599
297.409
297.759
298.409
298.881
299.493
298.948
299.565
299.82
302.264
301.929
301.404
300.43
300.644
302.419
302.851
302.737
301.57
300.11
298.752
298.804
300.245
301.203
303.105
303.705
305.79
305.395
305.983
305.701
305.64
305.922
305.324
305.287
306.235
305.174
306.316
306.865
306.549
306.212
307.571
308.167
307.533
306.128
310.167
310.681
306.489
306.996
310.273
311.289
307.516
303.38
306.277
306.129
309.981
313.66
305.462
308.146
307.168
297.301
292.255
292.652
294.732
294.231
289.603
292.885
295.278
293.467
289.573
288.244
287.363
289.781
300.252
293.796
286.289
301.708
293.792
293.823
289.192
284.702
303.374
302.832
291.123
300.633
317.87
308.048
286.718
272.501
269.433
270.525
279.09
277.469
265.908
264.246
274.825
290.896
307.802
310.367
310.483
313.881
304.555
305.585
314.644
288.318
292.183
310.389
309.25
316.635
313.785
317.438
305.964
273.763
241.937
250.139
229.979
237.266
252.737
266.887
252.474
241.402
255.679
249.081
247.693
246.61
239.723
237.716
237.545
237.965
244.17
296.288
296.698
300.117
297.35
298.866
297.665
298.622
297.829
295.517
297.279
297.614
297.319
297.32
297.131
296.548
295.734
295.035
294.843
294.677
295.085
295.406
295.799
295.748
295.28
294.845
294.468
294.305
294.073
293.915
293.972
294.051
293.94
293.781
293.909
294.105
294.063
293.808
294.182
293.887
293.778
294.608
294.089
294.367
294.94
294.518
294.673
295.43
296.35
296.687
296.822
297.475
297.432
297.93
297.668
297.691
298.735
300.623
302.107
299.854
299.225
300.566
304.304
303.96
301.328
299.728
300.647
303.787
305.18
305.355
303.34
301.113
299.876
298.905
300.478
301.868
304.288
303.599
304.806
304.786
305.744
305.767
305.021
305.629
305.399
305.268
306.82
305.425
305.831
306.213
306.468
305.899
307.355
308.175
307.56
306.128
309.776
310.568
305.831
306.377
309.8
310.253
307.243
303.83
304.874
306.256
309.861
312.065
305.626
308.362
305.815
293.752
289.159
290.483
291.814
292.112
288.398
290.548
294.701
293.144
289.481
289.058
285.492
287.601
301.921
293.543
288.226
299.231
290.074
293.074
285.173
285.199
305.004
297.526
287.386
303.505
314.52
296.349
276.262
269.799
273.66
281.189
286.962
279.066
267.25
264.46
273.709
290.085
303.935
308.593
310.85
313.259
303.177
302.845
314.988
288.965
293.593
310.864
310.552
317.453
311.208
312.975
300.952
267.723
249.677
247.749
229.833
239.624
258.37
262.249
250.601
239.258
251.392
247.14
244.461
244.511
240.487
239.74
231.325
230.725
237.794
297.092
296.926
298.238
297.177
298.589
297.747
298.153
299.303
296.323
296.351
297.881
297.827
297.556
297.345
297.241
296.883
296.309
296.014
295.428
295.005
294.683
294.961
295.444
295.747
295.855
295.663
295.346
294.933
294.431
294.107
294.127
294.255
294.183
293.865
294.021
294.337
293.744
294.246
294.197
294.243
294.988
294.491
294.406
294.851
294.787
295.633
296.448
296.797
296.767
296.401
296.69
297.668
298.744
298.465
298.234
299.806
302.681
303.185
300.296
299.035
300.512
304.618
304.759
302.044
300.053
300.242
303.221
305.241
305.693
303.687
300.476
299.077
298.547
300.79
301.671
303.932
304.082
305.458
304.66
304.875
306.327
305.875
306.36
306.256
305.006
306.369
305.437
305.742
306.425
306.625
305.88
306.617
308.156
307.524
305.436
309.118
310.571
305.855
306.574
309.301
309.45
306.816
304.431
303.797
306.423
309.851
310.907
307.281
308.723
304.271
291.009
287.678
290.133
290.667
290.682
287.351
288.561
293.748
292.462
289.54
289.666
283.955
284.261
300.317
291.24
289.567
297.349
286.574
291.293
281.973
289.398
305.334
293.468
291.165
311.939
311.794
288.824
271.353
270.732
280.325
289.845
293.855
283.021
270.703
268.076
277.238
292.299
303.789
310.049
311.555
313.46
302.08
301.184
315.797
290.757
295.966
310.658
311.829
316.855
309.415
316.162
294.314
258.961
259.379
243.963
233.203
243.361
262.506
259.916
250.777
236.113
247.507
248.372
244.659
244.148
243.706
243.176
229.018
224.054
231.796
297.355
297.511
298.696
298.109
299.422
298.68
298.639
298.141
297.482
295.565
297.372
298.096
298.021
297.708
297.638
297.237
296.83
296.474
296.275
296.002
295.755
295.319
294.935
295.026
295.297
295.837
295.924
296.016
295.858
295.424
294.906
294.563
294.93
294.44
294.176
294.527
294.149
294.744
294.8
294.836
295.111
294.661
294.967
296.117
296.506
297.064
297.043
296.693
296.406
296.51
297.821
299.505
300.553
300.011
299.531
300.377
302.494
302.928
300.779
299.978
300.77
303.514
303.988
302.289
300.628
301.126
303.167
304.276
304.236
302.91
300.241
299.549
298.955
300.663
301.66
303.891
304.34
305.154
305.233
304.683
305.103
304.369
304.865
305.841
304.941
306.506
305.881
305.406
305.706
306.092
305.702
306.129
308.143
307.187
305.231
308.663
310.163
305.987
306.016
308.417
308.993
306.726
304.665
302.678
306.575
309.477
310.11
308.445
307.702
302.013
288.988
287.45
291.27
290.639
289.918
287.283
287.98
294.057
292.293
288.999
291.364
282.662
280.939
297.782
286.813
292.213
291.962
284.655
290.423
279.26
294.235
303.411
288.887
292.779
309.341
300.862
280.036
269.119
275.276
289.575
297.386
296.319
285.798
275.324
271.704
280.64
293.424
302.277
310.331
310.601
313.203
302.038
300.61
315.912
292.267
297.801
311.152
312.944
315.423
306.123
313.539
291.008
250.597
266.504
239.751
237.784
249.253
266.299
259.238
251.928
235.612
243.779
245.91
241.582
242.596
247.595
243.993
229.863
220.015
226.985
298.169
298.208
300.061
298.161
298.737
298.907
298.679
298.319
298.548
296.64
297.02
298.192
298.738
298.878
298.946
298.751
298.553
297.768
297.166
296.577
296.368
295.948
295.636
295.434
295.202
295.245
295.235
295.522
296.012
296.328
296.382
295.915
295.946
295.916
295.393
295.323
295.653
295.659
295.417
295.607
295.266
295.556
296.723
297.375
296.903
296.452
296.349
295.976
296.773
297.775
298.965
300.7
300.89
300.41
299.997
300.932
302.076
301.805
300.95
301.4
301.926
302.789
302.379
301.835
301.737
302.188
303.265
303.761
302.35
301.145
299.269
299.523
299.481
301.529
302.891
303.545
303.887
304.508
305.032
305.023
305.605
305.359
305.077
305.743
304.253
305.516
305.501
305.134
305.434
306.056
305.559
305.226
307.873
306.759
305.218
308.015
309.541
306.511
305.897
308.075
307.958
306.632
304.369
301.985
306.968
309.281
310.001
308.386
305.256
299.464
287.561
287.594
292.387
290.899
289.097
287.167
287.331
293.715
291.989
289.028
292.652
281.924
279.851
293.113
282.61
293.525
287.963
283.798
287.298
279.066
299.833
299.46
287.6
299.492
309.596
297.322
277.251
268.847
278.023
291.466
298.686
299.614
291.895
284.409
281.096
288.875
297.03
303.884
311.765
309.846
313.219
303.367
300.799
315.484
292.904
299.743
311.519
312.696
312.448
302.8
306.907
294.69
253.215
266.242
239.417
244.69
257.387
269.093
259.078
254.748
235.923
240.707
247.131
242.091
241.903
251.417
239.205
229.366
218.828
222.718
298.253
298.573
300.317
298.151
298.763
299.248
298.974
299.525
299.888
297.38
296.03
296.976
297.407
297.405
297.374
297.518
298.062
298.551
298.895
298.606
297.696
296.762
296.398
296.048
295.805
295.691
295.472
295.321
295.447
295.673
296.322
296.198
296.154
296.796
296.447
296.633
297.043
296.581
296.251
296.335
296.043
296.907
297.505
296.56
295.951
295.979
296.399
296.995
297.729
298.466
299.345
300.608
300.42
300.042
300.449
301.683
302.141
301.387
300.804
302.075
303.448
303.604
302.155
301.084
301.122
302.776
303.766
303.628
301.626
300.274
298.423
299.534
300.306
301.412
302.855
304.014
304.708
304.681
304.767
304.985
304.836
304.882
304.471
305.62
304.821
305.416
305.569
305.219
305.315
305.762
305.46
304.809
307.507
306.286
305.372
307.23
308.924
306.978
305.047
307.331
307.761
306.769
303.481
301.888
307.54
308.656
308.534
305.434
300.515
296.196
286.406
287.8
292.383
290.344
288.257
287.752
287.533
293.357
291.065
288.703
294.531
281.662
280.716
289.229
279.787
293.459
283.288
284.442
286.532
279.644
303.779
296.546
287.514
301.226
301.016
288.038
272.247
268.412
280.112
294.374
300.307
302.02
298.373
292.6
287.856
294.115
298.978
305.259
312.25
309.31
312.57
304.109
301.203
314.319
293.861
301.95
311.443
311.524
307.492
299.337
302.91
299.072
258.998
253.593
247.753
254.819
263.17
270.218
259.643
257.149
237.911
239.123
245.172
240.11
240.401
252.759
229.848
224.757
218.144
219.338
299.17
299.643
301.267
300.057
299.249
298.634
299.46
300.056
299.865
296.031
294.92
295.745
296.037
296.117
296.131
296.149
295.995
296.088
296.669
297.878
298.683
298.602
297.96
297.052
296.326
295.85
295.806
295.859
295.645
295.424
295.999
295.864
295.725
296.16
296.151
296.659
296.51
296.018
295.87
296.368
296.937
297.303
296.692
295.923
296.046
296.221
296.673
297.378
297.962
298.911
299.727
300.755
300.344
299.907
299.915
301.528
302.347
301.412
300.82
302.225
304.198
304.531
302.571
300.894
301.68
303.788
304.492
303.83
301.117
299.771
298.663
300.031
301.327
302.697
303.722
303.437
304.152
304.748
304.407
305.128
304.761
305.266
304.523
305.087
304.521
304.712
305.286
305.018
304.924
305.714
305.457
304.686
306.813
305.837
305.434
306.326
308.284
307.605
304.396
306.867
307.89
306.035
302.34
302.735
308.031
307.564
305.496
301.2
296.124
292.731
284.879
287.29
291.326
289.431
288.04
288.241
287.58
292.383
289.238
287.756
294.483
280.922
284.181
284.729
279.056
292.127
279.841
285.591
284.574
282.481
306.235
292.256
288.457
304.58
298.542
286.106
271.697
268.05
279.226
292.851
301.507
305.186
303.753
300.408
296.006
299.585
300.958
307.553
311.71
308.099
311.806
303.537
301.611
312.919
294.619
303.823
310.871
309.823
300.833
294.629
297.185
297.251
259.283
245.258
263.716
258.932
262.606
268.293
258.406
257.486
239.285
238.106
245.511
240.173
240.885
250.985
221.182
218.479
216.694
216.314
299.006
299.37
300.572
300.28
299.1
298.431
298.699
298.375
298.291
294.778
294.82
295.665
296.221
296.893
297.373
297.749
297.75
297.381
296.498
295.759
296.542
298.047
298.82
298.432
297.744
296.577
296.029
296.197
296.093
295.673
295.904
295.919
295.994
295.966
296.025
296.155
295.542
295.743
296.359
297.44
297.73
296.935
296.362
296.173
296.157
296.137
296.788
298.383
299.15
299.528
299.623
300.47
300.316
300.244
300.767
302.077
302.693
302.362
302.411
303.475
304.92
304.608
303.067
302.208
303.081
304.499
304.086
302.808
300.902
300.991
300.463
301.109
301.957
302.732
304.292
304.223
304.398
304.709
304.165
305.103
303.885
304.468
304.052
304.57
304.727
304.463
305.14
304.968
304.748
305.123
305.07
304.531
305.96
305.725
305.583
305.455
307.85
307.885
303.368
307.02
307.837
305.02
301.711
303.804
308.355
306.006
301.719
297.303
293.619
290.414
284.073
286.104
289.726
288.61
288.198
288.612
287.284
291.503
287.546
287.13
294.202
280.902
287.782
280.775
281.817
288.397
278.389
287.14
284.418
285.628
307.129
288.46
290.712
304.397
289.976
279.106
269.589
267.034
278.964
292.367
300.399
305.48
306.482
303.797
299.821
302.425
303.132
309.976
310.961
307.929
310.589
302
302.66
311.294
295.787
305.845
309.8
307.45
293.083
289.65
287.852
288.96
261.249
248.146
271.423
250.976
254.291
260.839
254.621
254.969
239.919
238.171
244.471
238.062
242.182
244.924
217.375
214.591
215.664
213.723
298.741
299.739
299.933
299.587
298.974
299.11
298.34
297.189
296.416
294.225
295.406
296.498
297.401
298.294
298.928
299.167
299.232
299.255
299.26
298.421
296.977
296.182
296.835
297.764
298.847
298.487
297.466
296.647
296.212
295.904
295.704
295.753
296.213
296.349
296.296
296.038
296.033
296.94
297.747
297.76
296.997
296.367
296.219
296.142
295.871
296.428
297.89
299.32
299.253
299.14
299.311
299.977
300.114
301.323
302.17
302.629
302.759
302.497
302.566
303.145
303.543
303.115
302.54
302.374
303.264
303.761
303.336
302.679
301.128
301.178
301.349
302.494
303.334
303.329
304.546
304.166
304.225
304.7
303.652
305.189
304.329
304.958
304.503
304.068
304.642
304.081
304.719
304.748
304.746
304.739
305.241
304.736
305.213
305.555
305.549
304.615
307.766
307.774
302.92
307.026
307.45
304.138
300.956
304.507
309.007
304.597
298.864
295.149
293.206
289.967
284.538
285.016
287.517
288.284
289.697
289.921
287.417
290.638
287.307
288.212
292.163
281.105
290.116
277.169
286.58
284.856
278.496
287.427
284.782
288.862
307.174
284.66
292.844
304.086
285.218
277.932
270.607
266.094
275.135
289.002
298.719
303.513
304.964
304.352
302.163
304.002
304.916
311.64
309.222
307.547
308.978
300.326
303.503
309.024
296.673
307.09
308.233
303.604
285.405
284.384
278.883
275.618
259.262
252.924
264.797
238.451
241.761
250.459
248.49
251.042
239.539
237.803
243.81
236.621
245.282
236.96
217.466
213.303
214.487
211.45
299.338
300.531
300.011
299.912
299.579
300.15
299.099
298.543
297.513
296.292
297.148
297.913
298.745
299.303
299.572
299.633
299.779
299.76
299.325
299.216
299.719
298.977
297.401
296.372
297.197
298.281
298.978
298.297
297.62
296.995
296.352
295.656
295.724
295.957
295.8
296.085
296.628
297.155
296.866
295.897
295.73
295.935
295.939
295.775
295.943
297.379
298.784
299.409
298.953
299.608
300.107
300.481
300.746
301.661
302.109
302.159
302.054
301.963
302.157
301.85
302.022
301.951
302.46
302.573
303.058
303.177
303.024
302.847
302.096
302.729
302.675
303.305
304.041
303.349
304.033
303.918
304.012
304.79
303.524
304.829
303.751
304.327
304.783
304.034
304.909
304.289
304.471
304.691
304.709
304.101
304.907
304.709
304.432
305.699
305.445
303.969
307.74
307.007
303.03
306.675
307.012
303.096
300.421
305.176
309.095
303.626
297.921
295.13
294.262
290.344
285.258
284.511
285.327
287.466
290.958
291.318
287.851
290.056
287.883
288.002
288.559
283.293
289.017
275.934
291.849
280.01
281.513
287.786
284.859
292.085
305.743
281.115
296.995
301.126
277.308
274.382
270.768
264.502
272.198
285.184
295.96
302.305
303.95
303.603
303.016
305.695
307.315
312.396
308.002
308.208
307.637
299.362
304.598
307.551
297.586
307.826
306.244
297.963
278.996
278.44
270.195
268.457
256.873
254.026
258.799
234.122
235.566
242.496
243.376
246.869
238.373
237.647
243.034
235.248
249.144
230.04
217.143
211.11
211.117
209.826
300.421
301.263
299.764
299.579
300.076
300.846
299.908
299.607
299.378
298.712
298.817
299.164
299.532
299.685
299.784
299.845
299.449
299.254
299.721
299.373
299.361
299.562
299.527
298.956
297.806
296.61
297.176
297.994
298.57
298.435
298.178
297.206
296.552
296.034
295.645
295.825
296.016
295.877
295.09
294.844
295.363
295.817
295.818
296.018
296.81
298.19
299.016
298.994
299.119
299.872
300.2
300.654
300.922
301.422
301.897
301.978
302.263
302.516
302.634
302.168
302.062
302.116
302.804
302.91
303.296
303.018
302.522
302.685
302.753
303.758
303.769
303.814
304.273
303.9
304.463
304.222
304.07
304.963
303.568
304.788
304.194
304.167
304.879
303.534
304.692
304.162
304.019
304.619
304.821
303.568
305.012
304.812
303.655
305.524
305.218
303.716
307.424
306.285
303.242
305.821
306.66
302.219
299.827
305.618
308.393
303.528
299.341
295.861
294.63
290.276
285.462
284.632
284.178
285.89
290.835
292.327
288.883
291.082
290.298
286.979
286.265
286.142
284.713
278.347
293.443
276.511
286.127
286.611
287.105
295.062
303.177
279.036
300.331
297.544
271.87
273.174
272.681
262.323
267.085
281.253
292.524
298.658
301.37
303.042
304.092
307.045
309.099
312.197
306.973
308.87
305.807
299.46
305.146
306.477
299.507
307.259
302.117
288.987
273.312
271.316
260.896
263.369
258.281
259.908
262.53
237.27
235.642
238.593
239.584
243.513
237.496
237.6
240.778
233.963
252.07
226.117
215.164
206.456
204.63
208.418
299.849
300.757
300.698
300.388
300.803
300.614
300.34
300.45
300.226
299.933
299.915
299.761
299.754
299.997
299.565
299.297
299.543
299.147
299.143
299.219
299.328
299.3
299.198
299.66
300.135
298.892
297.575
297.255
297.529
297.687
298.163
298.445
298.423
297.843
297.345
296.721
296.488
296.049
295.672
295.968
296.157
296.31
296.295
296.807
297.662
298.467
298.807
298.758
299.184
299.742
300.315
301.189
301.684
301.998
302.25
302.703
302.686
302.867
303.252
303.017
302.508
302.034
302.988
303.201
302.881
302.22
302.384
303.226
303.176
303.956
304.147
304.346
304.452
303.868
304.048
303.967
303.33
304.515
303.571
304.261
303.846
303.21
304.91
303.428
304.514
304.473
303.632
304.395
304.687
303.075
304.617
304.539
303.153
305.362
304.867
303.647
306.556
305.995
303.414
304.526
306.664
301.733
299.151
305.594
307.079
304.678
302.142
296.623
294.043
288.759
284.898
284.83
283.9
284.899
290.952
292.515
287.818
292.58
291.143
285.459
286.196
285.969
280.589
285.56
288.92
274.972
292.01
285.158
289.137
296.679
299.287
278.41
303.188
290.92
265.754
272.99
275.866
262.49
263.621
277.51
291.175
298.608
301.161
303.243
305.595
308.805
310.471
311.558
306.543
309.496
304.452
300.782
305.358
306.126
300.86
305.231
295.308
277.46
268.188
264.919
254.904
259.788
261.796
270.302
266.118
236.927
236.204
237.027
237.532
241.801
236.533
237.561
238.285
234.174
253.549
223.795
212.987
201.512
197.312
207.256
299.181
300.1
301.656
301.538
300.325
299.304
299.846
300.608
300.254
299.683
299.527
299.476
299.472
299.59
299.122
298.887
299.256
299.11
298.927
298.909
299.285
299.359
299.082
299.152
299.892
300.05
299.64
299.125
298.444
297.305
297.193
297.719
298.457
298.567
298.429
298.025
297.912
297.84
297.794
297.78
297.468
297.291
297.197
297.509
298.052
298.295
298.352
298.706
299.304
300.096
300.847
301.705
301.981
302.139
302.205
302.042
301.976
302.58
302.977
302.948
302.796
302.806
303.285
303.215
302.918
302.727
302.702
303.245
303.514
304.041
304.002
303.954
303.62
303.478
303.702
304.266
303.724
304.488
303.296
303.852
304.21
302.962
304.333
302.847
303.795
304.418
303.211
304.153
304.663
302.837
304.198
304.681
302.663
304.99
304.634
303.879
305.264
306.12
303.133
303.205
306.558
301.413
299.076
304.922
305.539
306.274
303.979
296.071
292.882
286.764
283.813
284.933
284.599
285.681
290.394
289.125
286.286
295.642
290.518
287.573
285.1
284.439
282.314
291.052
280.086
279.015
295.894
283.04
293.111
297.814
294.539
278.433
303.584
284.488
261.628
272.236
277.296
261.115
260.59
274.951
288.601
296.757
300.961
304.593
307.149
310.114
310.766
310.56
306.819
308.88
302.042
301.118
304.818
306.261
301.454
302.511
285.821
267.056
266.614
260.3
251.91
258.992
264.586
277.449
265.44
234.979
236.302
236.785
236.918
241.175
236.176
237.915
234.71
233.719
250.64
219.699
211.584
198.554
192.439
205.995
300.156
300.506
300.911
300.277
299.445
299.333
299.622
299.736
299.415
299.191
299.051
298.881
298.83
299.051
298.979
298.832
299.046
299.177
299.262
299.179
299.375
299.387
299.147
298.832
298.947
299.243
299.603
299.908
299.829
298.786
298.01
297.525
297.703
297.646
297.924
298.103
298.287
298.464
298.556
298.28
297.943
297.774
297.666
297.888
298.053
298.063
298.295
298.984
299.793
300.745
301.318
301.563
301.799
302.255
301.955
301.952
301.972
302.324
302.062
302.455
302.675
302.976
302.942
302.879
302.998
302.881
302.977
303.514
303.655
303.333
302.842
303.05
303.531
303.586
303.577
303.629
302.598
303.676
303.285
303.695
303.948
302.894
303.928
303.018
303.286
303.856
303.126
303.326
304.571
302.291
303.79
304.188
302.491
304.32
304.563
303.967
303.551
306.815
302.511
302.529
305.886
301.028
299.45
303.333
304.998
307.062
303.846
294.793
292.579
287.406
284.89
286.792
287.563
288.314
289.107
286.858
289.167
297.307
289.437
289.731
281.942
286.277
284.583
287.864
275.129
287.376
294.178
281.83
297.834
295.904
289.469
282.281
298.802
274.202
258.471
273.833
280.927
264.21
260.593
275.09
289.827
298.018
301.396
305.894
308.976
310.319
310.829
309.698
306.268
307.231
302.129
304.033
304.204
306.004
301.2
296.585
273.069
257.671
262.748
257.054
252.48
258.745
266.874
280.64
262.319
233.651
235.576
235.608
235.374
240.396
235.263
237.908
232.173
233.186
242.565
216.487
210.469
197.136
191.141
203.663
300.739
300.472
300.501
300.036
299.965
299.763
299.494
299.378
299.23
299.352
299.444
299.215
298.87
298.955
299.287
299.408
299.368
299.363
299.627
299.789
299.851
299.693
299.522
299.247
299.004
298.954
299.195
299.576
299.897
299.543
299.017
298.354
297.922
297.353
297.366
297.421
297.803
297.857
297.972
297.929
297.956
297.842
297.855
297.908
297.8
298.057
298.699
299.569
300.441
301.444
301.475
301.72
301.804
301.92
302.105
302.665
302.651
302.853
302.309
302.451
302.52
302.709
302.453
302.21
302.504
302.982
303.183
302.987
302.814
302.704
302.972
302.796
303.307
302.829
302.919
303.613
303.276
303.755
302.917
303.307
303.73
303.222
303.405
303.094
302.985
303.641
303.429
302.67
304.916
301.921
303.76
303.728
302.891
303.337
304.642
303.929
302.383
306.923
301.694
302.526
304.43
300.729
300.293
301.73
305.047
305.576
301.667
293.229
292.926
290.185
287.949
289.955
288.841
285.206
283.127
286.584
291.149
294.555
289.884
288.6
281.812
287.66
280.347
280.768
278.934
296.602
289.166
282.477
301.348
293.756
285.062
284.693
290.27
267.117
258.145
272.665
276.996
263.603
261.508
275.313
289.518
298.25
302.688
307.349
309.989
309.722
309.017
308.589
305.586
305.013
301.546
305.947
303.501
305.21
297.831
288.3
261.665
253.122
261.307
252.88
251.644
257.74
270.491
280.339
260.482
233.937
235.874
234.139
233.75
239.452
234.085
237.52
230.78
230.428
231.221
215.874
208.501
195.092
192.484
199.917
301.04
300.631
300.555
300.565
300.6
300.168
299.83
299.866
299.751
299.722
299.905
300.008
299.685
299.386
299.593
299.912
299.965
299.768
299.842
300.04
300.19
300.051
299.918
299.775
299.603
299.511
299.469
299.675
299.819
299.706
299.451
298.927
298.531
297.923
297.623
297.221
297.428
297.269
297.394
297.411
297.52
297.602
297.616
297.644
297.683
298.439
299.19
300.178
300.848
301.396
301.713
302.103
302.009
301.833
301.799
302.05
302.245
302.591
302.206
302.652
302.828
302.857
302.485
302.328
302.741
302.827
302.713
302.521
302.997
302.622
302.893
302.468
303.264
303.214
303.68
303.642
302.937
303.578
302.774
302.923
303.147
302.975
302.832
303.273
302.641
303.041
302.99
302.065
304.275
301.818
303.179
303.159
303.042
302.243
304.798
303.43
301.977
306.232
301.398
302.495
302.57
300.421
300.535
300.288
304.821
304.746
300.939
292.55
292.305
291.35
288.849
290.032
286.872
280.518
279.245
288.801
288.341
290.015
289.178
282.885
283.802
280.838
276.415
282.145
287.473
296.859
283.836
288.489
302.444
288.187
283.463
289.499
277.773
260.08
259.942
272.35
273.699
264.035
263.8
278.336
291.884
299.055
304.119
308.01
308.694
307.999
307.768
307.453
305.169
304.094
301.804
305.983
302.156
304.856
296.045
283.978
253.178
249.667
261.179
247.474
245.143
249.014
274.026
279.219
258.868
233.353
236.268
233.233
232.842
238.735
232.638
236.646
229.486
224.572
221.073
214.85
206.025
192.672
194.717
196.159
301.252
300.927
300.755
300.877
300.885
300.604
300.263
300.368
300.478
300.385
300.221
300.341
300.444
300.167
300.001
300.121
300.354
300.252
300.089
300.163
300.363
300.34
300.207
300.118
300.096
300.113
300.036
300.153
300.154
300.138
299.891
299.556
299.371
298.89
298.706
298.34
298.35
298.073
297.997
297.64
297.501
297.502
297.504
297.641
298.312
299.243
300.273
301.314
301.477
301.573
301.535
301.679
302.038
302.117
302.135
302.335
302.116
302.19
302.1
302.555
302.638
302.583
302.635
302.722
302.84
302.831
303.142
302.506
302.497
302.517
303.378
302.964
303.334
302.54
302.699
303.167
302.835
303.427
302.688
302.616
302.69
302.582
302.372
302.992
302.383
302.954
302.965
302.541
303.307
302.214
302.285
302.599
303.14
301.42
304.772
302.799
302.001
304.914
301.181
302.022
301.108
300.75
299.986
298.663
304.581
305.337
301.524
292.775
290.259
290.663
287.771
288.996
286.798
281.181
279.886
285.745
280.164
284.742
282.909
276.463
284.305
274.024
282.803
288.33
293.334
293.487
282.17
294.171
300.584
284.809
281.837
288.827
266.411
258.863
263.218
266.737
263.786
261.235
266.188
280.802
293.291
300.858
305.96
308.34
307.062
304.535
304.548
305.08
303.758
302.565
301.963
304.097
300.375
302.658
294.692
284.134
249.481
243.241
254.697
246.853
241.513
237.202
271.446
276.697
258.4
234.126
235.864
231.584
231.149
237.502
230.562
235.273
228.601
216.935
216.807
211.334
203.201
190.541
195.112
195.359
301.349
301.178
301.012
301.044
301.073
300.96
300.679
300.675
300.809
300.807
300.534
300.483
300.644
300.604
300.399
300.32
300.523
300.567
300.393
300.316
300.414
300.515
300.42
300.322
300.317
300.431
300.46
300.499
300.446
300.502
300.295
300.238
300.146
299.949
299.898
299.789
299.938
299.686
299.59
299.102
298.829
298.66
298.69
299.145
300.043
300.677
301.187
301.453
301.377
301.768
301.694
301.815
301.803
301.767
302.088
302.128
302.099
302.381
302.511
302.595
302.315
302.382
302.383
302.651
302.929
302.473
302.461
302.649
302.991
302.703
302.995
302.513
303.123
302.853
303.07
302.951
302.438
302.988
302.957
302.79
302.963
302.48
302.06
302.726
301.996
302.368
302.117
302.304
302.294
302.234
301.916
302.328
302.903
301.287
304.341
302.057
302.286
303.169
301.209
301.5
299.249
301.184
299.538
296.827
303.995
305.184
301.276
294.115
289.254
290.492
286.994
289.077
289.604
282.114
278.073
275.956
272.772
276.89
275.265
275.317
283.112
277.331
295.134
291.638
293.323
286.72
283.556
300.708
293.04
280.014
283.567
284.401
255.636
260.359
265.748
262.215
259.172
260.162
269.591
284.16
294.891
302.508
306.881
307.274
303.726
302.205
303.764
304.444
303.427
303.708
302.739
303.633
301.656
304.916
296.224
278.525
248.351
241.396
258.093
255.889
250.834
235.591
263.13
274.003
261.186
235.641
235.578
229.981
229.599
235.924
228.079
233.582
227.125
210.154
212.94
205.322
200.607
189.296
192.909
198.788
301.471
301.355
301.248
301.2
301.221
301.137
301.023
300.954
301.002
300.989
300.795
300.736
300.739
300.79
300.644
300.591
300.66
300.698
300.642
300.511
300.58
300.624
300.622
300.516
300.506
300.576
300.641
300.788
300.59
300.662
300.558
300.54
300.507
300.553
300.553
300.521
300.766
300.658
300.565
300.405
300.303
300.093
300.429
300.686
301.004
301.286
301.356
301.409
301.359
301.564
301.563
301.724
301.79
301.925
302.156
302.056
301.975
302.232
302.397
302.393
301.955
302.303
302.707
302.526
302.071
302.235
302.588
302.463
302.519
302.578
302.976
302.522
302.745
302.116
302.629
302.381
301.976
301.954
302.085
301.786
302.349
302.125
301.555
302.428
301.574
302.133
302.141
302.074
302.074
302.023
301.476
301.84
302.087
301.57
303.204
301.339
302.412
301.138
301.206
300.829
297.586
300.95
299.71
295.986
302.313
303.863
300.792
296.523
290.193
292.093
288.83
289.132
292.857
284.409
279.765
272.374
272.987
275.724
279.027
282.85
282.972
288.504
299.161
288.408
290.485
283.867
287.291
301.06
285.514
278.128
282.025
273.912
251.104
265.804
263.299
259.364
260.833
265.553
275.344
287.755
297.165
305.137
307.4
305.052
301.64
300.898
302.879
302.375
302.041
302.331
302.241
303.347
302.726
303.078
288.685
261.852
250.097
243.789
259.302
254.441
261.112
248.931
262.501
273.418
265.465
235.057
234.282
228.153
227.576
233.714
225.814
231.898
223.772
204.005
203.335
201.779
198.987
188.883
190.142
202.664
301.573
301.484
301.436
301.376
301.379
301.315
301.296
301.184
301.187
301.101
301.003
300.984
300.923
300.988
300.894
300.876
300.853
300.834
300.79
300.739
300.775
300.741
300.821
300.68
300.709
300.755
300.732
300.871
300.773
300.776
300.711
300.807
300.663
300.748
300.802
300.765
300.876
300.899
300.899
300.872
300.875
300.935
301.068
301.013
301.318
301.132
301.241
301.489
301.282
301.552
301.664
301.591
301.747
301.972
301.75
301.848
302.131
302.13
301.926
302.181
302.222
302.289
302.102
302.34
302.316
302.083
302.189
302.406
302.554
302.12
302.038
301.762
302.332
301.756
302.09
301.73
301.925
301.668
301.761
301.359
301.699
301.798
301.113
302.012
301.049
301.61
301.645
301.521
301.424
301.465
301.039
301.086
301.164
301.517
301.813
301.184
301.623
299.516
300.972
299.678
296.772
299.712
299.338
296.856
299.607
301.44
300.946
298.439
290.619
291.483
289.437
288.08
293.226
288.018
284.455
280.441
282.239
283.561
286.228
289.39
284.389
297.356
293.327
286.876
288.682
284.628
294.784
297.365
276.91
279.311
280.409
261.156
250.166
268.197
261.308
266.138
268.727
273.987
282.323
290.382
298.234
305.978
308.97
305.42
301.531
299.047
299.479
299.257
298.424
299.789
303.181
304.903
303.106
296.796
275.076
244.07
250.545
247.588
248.69
249.33
265.656
268.634
272.229
276.494
269.473
233.355
231.231
225.581
225.328
231.026
222.7
230.338
222.201
198.83
196.539
202.398
197.845
187.993
188.033
203.011
301.704
301.657
301.565
301.536
301.498
301.448
301.454
301.34
301.351
301.241
301.199
301.152
301.089
301.095
301.027
301.033
300.975
300.955
300.919
300.854
300.866
300.798
300.811
300.777
300.767
300.793
300.828
300.822
300.848
300.861
300.781
300.847
300.788
300.79
300.813
300.872
300.828
300.921
300.914
300.95
300.966
301.027
301.029
301.015
301.122
301.091
301.24
301.235
301.427
301.427
301.349
301.733
301.596
301.613
301.764
301.904
301.862
301.92
301.854
301.984
302.043
302.158
301.805
301.867
301.963
302.042
302.17
301.692
301.773
301.695
301.848
301.475
301.78
301.264
301.623
301.341
301.545
301.458
301.485
301.076
301.333
301.301
300.833
301.446
300.622
301.174
300.926
301.582
300.801
300.897
300.62
300.218
300.704
301.52
300.608
301.019
300.243
298.412
300.134
297.834
296.69
298.435
297.3
297.828
297.115
298.389
302.588
301.572
292.5
289.915
291.742
289.827
293.405
292.096
288.057
288.45
287.451
286.928
288.591
292.856
288.657
297.391
285.795
288.354
288.673
286.976
295.966
286.152
271.124
278.997
271.082
250.993
257.142
260.745
259.218
277.629
281.08
285.24
288.954
292.44
299.604
304.688
306.892
303.97
303.273
305.447
301.05
301.026
297.729
297.287
295.324
297.555
296.175
283.329
261.899
238.215
246.753
253.637
242.081
246.336
257.908
270.195
275.815
278.993
270.835
232.14
227.157
222.172
222.632
228.313
220.585
229.285
220.121
196.712
196.509
202.524
196.859
186.439
187.453
200.722
301.892
301.843
301.752
301.716
301.64
301.609
301.556
301.511
301.463
301.406
301.365
301.309
301.288
301.238
301.209
301.167
301.113
301.083
301.025
300.997
300.958
300.926
300.9
300.863
300.859
300.821
300.826
300.821
300.799
300.812
300.824
300.771
300.831
300.787
300.779
300.827
300.76
300.852
300.763
300.939
300.823
300.945
300.983
300.916
301.048
301.071
301.123
301.135
301.278
301.265
301.321
301.429
301.409
301.569
301.513
301.634
301.623
301.698
301.616
301.77
301.707
301.586
301.499
301.735
301.64
301.555
301.628
301.219
301.462
301.161
301.391
300.962
301.267
300.867
300.914
300.707
300.525
300.419
300.757
300.398
300.806
300.552
300.488
300.788
300.204
300.806
300.243
301.101
299.966
300.284
300.359
299.832
299.944
300.85
299.689
300.749
298.777
297.916
298.946
295.964
296.66
296.985
294.973
296.664
295.825
295.846
300.31
301.963
298.241
292.603
291.09
287.108
290.065
293.358
291.691
292.496
291.033
290.937
292.329
292.02
287.94
288.601
282.815
291.617
287.543
288.454
290.067
271.114
267.64
276.783
260.092
246.622
264.969
249.27
262.428
285.197
286.288
293.424
292.78
294.453
300.341
302.589
299.66
298.665
303.728
308.429
307.853
303.954
303.377
299.433
293.407
286.248
281.37
269.912
254.09
243.136
246.67
254.99
248.349
254.433
251.003
245.543
262.512
276.038
270.522
230.852
223.522
218.439
219.662
225.682
218.13
228.211
216.546
197.009
198.006
203.876
197.581
185.449
188.77
199.816
301.966
301.899
301.833
301.789
301.696
301.659
301.564
301.534
301.453
301.432
301.352
301.336
301.255
301.245
301.184
301.158
301.146
301.075
301.087
301.003
300.991
300.956
300.91
300.915
300.85
300.854
300.796
300.767
300.762
300.701
300.74
300.688
300.714
300.693
300.692
300.682
300.676
300.724
300.659
300.787
300.723
300.799
300.795
300.89
300.852
300.941
301.004
300.989
301.074
301.05
301.193
301.15
301.151
301.358
301.304
301.309
301.274
301.436
301.396
301.281
301.074
301.388
301.274
301.198
300.974
300.992
301.004
300.811
301.111
300.495
300.842
300.216
300.477
299.961
300.036
299.992
299.793
299.786
299.742
299.635
299.969
299.725
299.973
299.993
299.845
300.146
299.827
300.521
299.362
299.699
299.507
299.146
299.128
299.977
298.985
299.985
296.88
297.205
297.12
294.631
296.19
294.335
294.386
294.589
293.212
294.887
296.096
296.279
299.008
299.532
295.331
288.947
287.878
289.451
288.456
288.532
288.687
289.574
289.173
284.932
285.224
285.691
289.418
293.351
282.534
283.801
275.021
260.709
268.961
269.197
250.226
249.703
268.865
245.53
266.652
284.761
286.713
296.879
292.476
296.993
299.291
298.031
293.8
291.608
289.722
295.77
300.801
296.732
291.956
287.931
294.712
291.357
279.103
267.238
255.277
249.356
242.894
243.447
245.923
259.558
256.745
233.596
250.825
271.141
267.71
227.28
218.592
214.291
216.459
222.379
214.144
227.678
215.195
198.931
200.933
205.416
197.551
184.147
189.923
200.928
301.958
301.875
301.831
301.742
301.697
301.625
301.555
301.521
301.427
301.417
301.324
301.305
301.234
301.196
301.143
301.109
301.044
301.039
300.96
300.945
300.893
300.826
300.816
300.745
300.722
300.689
300.636
300.618
300.568
300.546
300.53
300.509
300.496
300.493
300.485
300.456
300.502
300.448
300.506
300.5
300.478
300.586
300.485
300.594
300.6
300.618
300.654
300.723
300.671
300.786
300.748
300.762
300.961
300.755
300.874
301.012
300.813
300.916
300.738
300.879
300.774
300.723
300.428
300.669
300.515
300.328
300.413
300.098
300.19
299.781
299.964
299.239
299.581
298.773
298.847
298.523
298.418
298.608
298.716
298.731
299.015
298.89
299.147
299.256
299.003
299.57
299.303
299.414
298.745
298.98
298.409
298.48
298.244
298.581
298.206
298.578
295.315
296.481
294.352
293.787
295.005
290.625
293.945
291.728
290.459
294.52
291.904
293.054
296.122
297.316
295.897
295.397
293.903
289.958
287.07
287.902
287.209
287.736
286.302
286.207
289.505
290.566
292.165
283.161
272.593
271.548
258.96
258.67
269.312
257.567
246.234
255.128
264.607
254.879
269.569
280.041
288.036
296.178
291.128
301.667
298.107
297.129
290.964
284.352
282.072
276.459
278.256
273.174
269.361
264.726
275.301
285.479
286.945
277.456
262.053
256.842
239.222
225.206
237.617
258.726
255.994
234.057
249.007
266.154
260.633
222.379
212.997
209.931
213.689
218.858
210.7
226.277
212.035
199.385
200.822
205.094
195.657
182.448
189.173
201.832
301.7
301.65
301.583
301.537
301.473
301.407
301.367
301.277
301.26
301.169
301.145
301.079
301.029
300.988
300.912
300.885
300.787
300.771
300.657
300.657
300.546
300.551
300.474
300.439
300.424
300.338
300.361
300.276
300.278
300.234
300.199
300.184
300.14
300.13
300.099
300.112
300.059
300.115
300.071
300.084
300.143
300.063
300.171
300.162
300.139
300.256
300.2
300.219
300.306
300.262
300.327
300.415
300.324
300.479
300.449
300.426
300.422
300.501
300.26
300.389
300.123
300.146
300.072
299.87
299.84
299.646
299.733
299.376
299.442
298.919
298.593
297.792
297.427
296.545
296.477
296.017
296.148
296.205
296.788
296.935
297.821
297.743
298.202
298.419
298.287
298.874
298.584
298.553
297.748
298.164
297.329
297.367
297.04
297.261
297.071
296.45
293.834
294.965
291.603
292.623
292.479
288.46
292.277
288.291
289.54
291.363
288.112
292.694
291.1
290.29
294.926
297.318
294.161
291.278
292.975
292.691
289.504
291.329
290.077
290.433
290.515
291.205
282.562
268.502
263.295
259.134
252.855
262.853
262.129
247.888
247.63
257.693
258.439
265.423
268.055
279.677
294.99
296.576
291.899
302.954
293.231
290.483
282.443
276.759
269.011
275.642
274.396
261.457
256.757
248.721
250.169
257.039
269.136
261.758
263.528
260.847
242.58
222.299
235.998
257.412
250.707
231.077
244.696
255.924
247.481
216.152
206.661
205.8
211.52
215.958
205.879
223.823
212.85
198.271
200.756
204.8
194.019
181.62
186.808
198.941
301.341
301.278
301.225
301.165
301.114
301.054
300.996
300.943
300.876
300.822
300.757
300.69
300.634
300.556
300.5
300.432
300.369
300.32
300.264
300.211
300.18
300.119
300.099
300.048
300.002
299.978
299.91
299.89
299.834
299.813
299.762
299.759
299.701
299.713
299.671
299.669
299.68
299.645
299.708
299.657
299.719
299.686
299.725
299.698
299.757
299.734
299.76
299.86
299.767
299.938
299.898
299.968
300.001
300.07
299.98
300.087
299.968
299.948
299.92
299.742
299.806
299.536
299.533
299.407
299.272
299.128
299.07
298.857
298.025
296.856
295.613
294.438
293.409
292.543
292.072
291.764
291.898
292.34
293.471
294.246
295.907
296.148
297.238
297.265
297.81
298.162
297.786
297.193
297.18
297.001
296.047
296.797
295.678
296.059
295.072
293.746
292.532
292.486
289.735
291.139
288.803
287.123
290.157
285.603
288.808
288.553
286.407
290.029
286.537
288.735
292.662
290.944
290.456
293.023
293.87
289.191
291.366
291.898
287.285
286.226
289.069
283.532
267.577
257.572
254.423
252.957
257.519
263.43
250.578
245.397
250.802
257.483
256.956
266.664
268.38
280.983
295.238
293.225
295.882
302.376
286.011
285.672
272.099
251.99
246.649
258.482
274.902
265.416
264.519
251.555
244.777
243.368
253.717
238.171
250.15
261.733
256.676
236.998
233.682
245.62
242.218
231.697
241.744
248.417
238.895
215.506
202.635
203.057
209.981
214.215
200.964
220.843
212.882
196.232
202.901
203.29
193.159
182.945
184.858
191.253
300.927
300.83
300.794
300.694
300.65
300.56
300.496
300.43
300.35
300.311
300.22
300.206
300.109
300.104
300.021
299.994
299.949
299.878
299.881
299.769
299.796
299.672
299.696
299.575
299.592
299.492
299.474
299.444
299.335
299.412
299.228
299.362
299.194
299.313
299.224
299.265
299.3
299.2
299.39
299.153
299.458
299.194
299.436
299.339
299.327
299.532
299.264
299.64
299.349
299.639
299.484
299.572
299.678
299.427
299.835
299.435
299.71
299.577
299.45
299.533
299.263
299.2
299.086
298.924
298.636
298.907
298.301
296.734
294.407
292.664
291.327
290.496
289.734
289.099
288.489
287.63
288.322
288.436
290.178
291.25
293.717
294.863
295.975
296.866
297.549
297.497
297.214
296.498
296.806
295.744
295.743
295.373
294.595
294.469
292.324
292.675
290.98
289.956
288.941
288.433
286.532
286.636
286.993
284.057
287.762
285.449
284.233
287.126
284.147
286.188
287.491
286.53
288.758
290.085
287.117
286.672
290.956
285.505
281.536
285.225
286.368
272.565
258.829
251.638
253.827
257.599
261.385
254.992
244.176
246.879
252.959
256.839
258.415
267.085
277.567
280.746
284.375
280
290.186
291.902
273.969
279.748
260.258
244.287
229.665
237.265
256.142
255.009
255.17
242.246
238.134
236.325
249.122
234.546
239.353
251.839
251.796
243.381
233.688
234.01
236.567
237.394
245.643
249.191
234.28
215.879
201.019
204.063
209.246
212.481
196.66
218.592
211.033
195.46
205.083
203.727
193.505
185.817
187.16
187.241
300.529
300.484
300.38
300.326
300.241
300.17
300.108
300.021
299.98
299.888
299.851
299.775
299.731
299.682
299.62
299.6
299.515
299.515
299.425
299.41
299.364
299.278
299.316
299.142
299.24
299.036
299.127
298.981
298.992
298.987
298.848
299.045
298.734
299.087
298.721
299.045
298.846
298.914
299.064
298.763
299.259
298.709
299.295
298.852
299.141
299.144
298.935
299.422
298.846
299.507
299.023
299.358
299.307
299.195
299.517
299.048
299.577
298.958
299.089
298.913
298.263
298.677
298.176
297.925
298.701
297.982
294.663
291.737
291.123
291.398
291.797
291.512
290.851
289.261
288.236
286.976
286.356
287.399
288.689
290.324
293.003
294.031
295.84
296.396
296.986
296.605
295.974
296.525
295.55
295.019
295.376
293.608
293.996
292.024
290.859
291.38
288.849
288.702
287.332
285.807
285.761
284.981
283.966
284.154
284.906
282.203
283.718
283.825
281.481
283.764
283.811
284.012
286.052
284.366
282.764
286.343
284.432
278.083
280.225
283.682
279.877
265.476
254.754
252.656
256.414
258.349
257.596
247.302
244.017
249.936
256.039
256.735
258.247
267.179
278.807
282.683
280.491
280.351
291.362
294.094
280.892
275.417
269.54
247.52
231.033
228.529
236.507
242.108
245.527
239.186
235.618
232.19
243.438
236.954
233.027
240.107
241.588
245.791
240.685
231.366
237.104
242.168
246.85
245.092
225.318
212.067
200.546
207.334
210.2
209.361
194.371
217.446
207.907
194.15
207.706
204.181
191.533
187.266
191.811
190.645
300.184
300.115
300.046
299.979
299.916
299.85
299.787
299.728
299.659
299.617
299.533
299.506
299.408
299.386
299.286
299.26
299.179
299.128
299.091
298.992
299.013
298.868
298.941
298.769
298.876
298.703
298.801
298.69
298.689
298.732
298.559
298.795
298.458
298.83
298.432
298.789
298.525
298.641
298.75
298.434
299.006
298.322
299.109
298.473
298.942
298.929
298.583
299.43
298.407
299.552
298.669
299.21
299.23
298.689
299.592
298.419
299.199
297.742
298.005
296.599
296.75
297.458
295.227
299.203
297.639
291.477
290.756
292.863
294.285
293.954
292.559
291.28
289.677
288.447
287.238
286.585
287.124
287.732
289.393
291.213
292.883
294.353
295.743
296.523
296.302
295.794
295.558
295.402
294.33
294.527
293.39
292.942
291.787
289.654
290.316
288.335
287.51
287.123
284.578
285.047
284.244
282.658
283.277
282.94
281.671
281.697
282.67
280.679
281.648
282.516
281.713
283.136
282.089
280.634
282.126
282.788
276.927
275.696
278.895
279.876
274.298
261.57
255.224
253.534
254.497
256.991
252.22
244.162
244.816
252.99
257.266
255.906
258.287
263.377
272.853
288.168
283.603
284.645
289.756
285.781
266.75
233.782
270.57
260.132
242.431
233.841
232.841
235.195
236.259
238.092
240.672
239.735
237.376
237.665
234.283
236.556
238.889
251.384
251.286
240.529
250.271
254.076
248.773
237.578
216.66
208.34
203.445
208.486
211.158
205.476
195.606
217.635
204.142
195.579
210.701
202.979
188.566
188.776
195.541
194.898
299.871
299.825
299.723
299.683
299.593
299.55
299.474
299.414
299.362
299.281
299.255
299.154
299.145
299.04
299.032
298.934
298.914
298.836
298.799
298.747
298.698
298.662
298.62
298.581
298.558
298.509
298.506
298.45
298.467
298.409
298.427
298.403
298.368
298.436
298.31
298.482
298.286
298.506
298.334
298.484
298.487
298.418
298.702
298.391
298.832
298.547
298.742
298.92
298.461
299.236
298.368
299.01
298.837
298.081
299.477
296.781
297.226
295.035
292.546
295.511
292.211
294.6
298.798
295.202
292.907
293.781
293.607
292.597
291.939
292.108
292.062
291.762
291.254
290.176
289.531
288.937
288.997
289.777
291.172
292.293
294.34
295.44
296.302
295.914
295.349
295.277
294.729
294.512
294.042
293.262
292.161
291.175
289.053
288.791
287.44
286.245
285.899
283.895
283.941
283.132
282.066
282.329
281.513
281.254
281.194
280.82
281.044
280.079
281.14
280.972
279.923
280.267
279.592
279.228
278.006
277.036
273.923
274.177
275.927
275.542
268.999
260.212
257.09
254.091
254.23
255.074
246.367
243.651
247.607
255.798
258.166
255.596
259.606
266.019
271.502
284.712
278.593
277.496
282.805
274.84
252.137
255.371
264.429
260.268
253.169
244.969
244.23
246.812
237.549
237.455
242.546
255.295
246.037
244.185
236.055
236.256
238.488
247.364
249.562
245.84
256.122
253.509
239.879
222.429
205.328
204.16
206.564
209.04
208.999
201.64
200.538
218.22
199.421
199.722
214.885
202.032
187.541
191.905
199.51
201.256
299.651
299.602
299.501
299.466
299.359
299.332
299.228
299.2
299.103
299.069
298.99
298.937
298.886
298.807
298.791
298.686
298.702
298.582
298.619
298.493
298.535
298.422
298.448
298.371
298.361
298.333
298.285
298.303
298.226
298.272
298.195
298.235
298.199
298.202
298.214
298.21
298.221
298.286
298.224
298.412
298.257
298.53
298.369
298.568
298.585
298.498
298.794
298.391
298.68
298.341
298.388
298.147
297.939
297.7
296.124
293.322
290.536
290.219
290.491
293.517
296.728
295.904
292.7
290.831
290.877
291.11
291.951
293.281
294.32
294.445
294.185
293.56
293.101
292.619
292.268
292.112
292.332
292.972
293.782
294.632
295.733
295.398
295.604
294.616
294.719
294.549
294.29
293.605
292.529
291.131
289.507
287.998
286.847
285.796
284.577
284.197
282.956
282.644
282.286
281.339
281.54
280.925
280.836
280.715
280.434
280.323
279.781
279.556
279.891
278.167
277.635
278.509
276.508
274.308
273.305
273.636
271.6
270.788
270.801
268.822
263.229
259.457
259.718
255.365
253.24
249.308
244.572
245.885
248.909
256.234
258.825
255.998
260.211
265.792
268.05
277.035
268.381
258.054
265.468
285.763
254.673
266.804
262.386
262.231
267.271
256.562
249.694
258.002
251.623
248.792
246.886
263.774
262.883
262.329
248.685
242.799
244.104
248.395
249.707
248.015
255.834
248.174
228.104
211.637
200.587
205.75
210.317
212.118
204.34
197.69
206.528
222.282
195.491
204.859
218.69
200.918
186.39
195.541
203.481
210.028
299.469
299.388
299.322
299.258
299.186
299.136
299.056
299.018
298.93
298.898
298.807
298.778
298.69
298.658
298.581
298.543
298.483
298.433
298.4
298.333
298.333
298.244
298.279
298.171
298.235
298.122
298.193
298.105
298.153
298.116
298.113
298.142
298.079
298.174
298.071
298.213
298.106
298.268
298.172
298.349
298.258
298.424
298.368
298.412
298.538
298.2
298.591
297.525
297.997
297.612
296.17
296.995
295.968
291.272
287.701
288.825
291.288
292.945
294.483
295.28
294.824
292.975
291.721
291.729
291.838
291.713
291.184
290.796
291.37
292.557
293.375
293.715
293.661
293.622
293.497
293.522
293.693
293.96
294.211
294.501
294.721
294.322
294.798
294.395
294.845
294.13
293.036
291.339
289.57
287.572
285.914
284.828
283.727
283.047
282.628
282.043
281.726
281.563
281.106
281.141
280.836
280.647
280.612
279.977
279.826
279.079
278.645
277.87
277.124
276.123
275.523
274.544
271.852
270.995
270.689
269.677
266.653
264.273
263.49
261.976
258.221
259.303
262.16
258.31
252.235
246.89
247.1
247.655
249.656
256.636
259.911
257.552
259.743
263.472
265.565
270.851
258.059
242.819
245.973
273.445
260.293
265.229
254.395
262.732
271.361
262.542
254.522
256.044
257.564
258.301
254.781
262.715
270.763
271.982
260.638
252.408
251.648
251.574
252.207
251.566
255.73
243.723
220.092
204.523
197.902
208.881
214.716
217.327
203.538
193.944
209.236
224.216
192.345
210.616
221.563
201.237
188.66
201.445
208.811
216.957
299.372
299.299
299.224
299.157
299.088
299.021
298.957
298.891
298.831
298.765
298.709
298.643
298.59
298.528
298.478
298.423
298.374
298.333
298.281
298.259
298.203
298.2
298.142
298.153
298.103
298.115
298.086
298.09
298.092
298.079
298.115
298.088
298.149
298.121
298.196
298.173
298.272
298.222
298.359
298.257
298.374
298.282
298.223
298.336
297.766
298.003
296.261
295.968
297.024
293.303
290.186
289.92
289.62
289.555
290.883
290.799
289.917
290.947
292.588
293.122
292.586
291.635
291.422
291.593
292.053
292.781
293.053
292.452
291.771
292.072
292.957
293.675
293.963
294.036
294.102
294.157
294.235
294.356
294.556
294.92
295.139
294.966
295.119
294.096
293.182
291.073
288.983
286.918
285.261
283.989
283.253
282.694
282.331
282.156
281.863
281.697
281.55
281.355
281.215
281.053
280.697
280.548
280.082
279.608
279.075
278.359
277.864
276.549
275.913
274.7
273.289
271.299
269.587
269.115
267.314
265.375
262.574
259.534
258.465
258.567
257.826
261.496
264.929
261.701
254.27
251.06
252.319
251.093
250.822
257.614
262.155
260.492
261.364
263.967
265.226
269.201
253.458
232.966
239.095
255.921
262.842
268.369
248.56
259.636
265.631
264.202
264.179
257.192
257.263
259.292
258.987
259.864
269.151
268.696
261.271
256.193
254.904
253.36
254.622
253.407
252.91
238.087
215.227
203.349
201.746
216.295
221.561
224.956
212.906
200.364
210.162
214.471
194.343
217.523
224.515
204.345
195.718
210.052
216.068
223.612
299.335
299.26
299.187
299.121
299.054
298.994
298.932
298.878
298.819
298.768
298.712
298.662
298.609
298.56
298.511
298.463
298.422
298.375
298.345
298.302
298.281
298.245
298.234
298.207
298.204
298.187
298.194
298.19
298.2
298.212
298.219
298.247
298.244
298.291
298.266
298.34
298.28
298.317
298.272
298.085
298.047
297.761
297.576
297.306
296.076
294.426
293.534
293.539
292.991
291.6
290.884
290.324
290.191
290.279
290.129
290.445
290.689
290.86
291.808
292.239
291.889
291.506
291.536
291.845
292.714
293.82
294.128
293.238
291.808
290.941
291.304
292.263
293.244
293.929
294.434
294.763
294.96
295.06
295.045
294.827
294.078
292.995
291.817
289.701
287.993
286.13
284.831
283.958
283.458
283.222
283.156
282.998
283.02
282.855
282.823
282.743
282.638
282.611
282.531
282.333
282.134
281.877
281.511
281.123
280.449
280.031
279.149
277.925
277.147
275.373
273.954
272.369
272.143
270.869
267.978
266.162
263.651
261.271
260.767
261.956
263.33
266.602
268.651
265.706
260.204
258.784
258.97
256.372
254.771
260.247
264.861
264.071
263.662
265.314
265.542
270.372
265.666
239.959
246.058
255.644
266.439
269.23
249.228
258.362
262.274
267.724
266.455
258.532
256.663
257.84
259.406
260.592
264.962
261.299
257.933
256.558
256.436
256.123
257.547
254.092
250.247
237.018
219.628
213.011
215.065
228.934
231.2
234.148
224.121
212.787
207.218
196.146
205.467
227.018
228.907
212.256
208.515
220.95
224.676
231.368
299.433
299.365
299.299
299.236
299.173
299.112
299.053
298.995
298.938
298.883
298.83
298.779
298.732
298.687
298.645
298.606
298.571
298.538
298.509
298.484
298.461
298.445
298.43
298.42
298.415
298.409
298.41
298.403
298.398
298.392
298.369
298.344
298.306
298.274
298.246
298.194
298.145
298.023
297.758
297.43
297.112
296.777
296.352
295.785
295.311
294.95
294.093
292.953
292.174
292.093
292.122
291.654
291.338
291.313
291.115
290.961
290.903
290.761
291.111
291.605
291.594
291.422
291.347
291.698
292.236
292.347
293.46
295.152
294.635
292.531
290.901
290.268
290.255
290.491
290.743
290.937
291.019
290.926
290.51
289.682
288.541
287.688
286.681
285.713
285.236
285.01
285.084
285.349
285.575
285.839
286.087
286.094
286.247
286.204
286.296
286.206
286.193
286.182
286.104
285.894
285.734
285.443
285.124
284.757
284.184
283.777
282.927
282.037
281.207
279.862
279.009
278.003
277.878
276.206
273.874
272.571
270.802
269.883
269.894
270.637
271.643
273.08
273.335
271.119
267.918
266.984
266.713
264.615
262.907
266.02
269.015
268.582
267.555
268.416
267.544
269.299
272.446
260.229
262.432
265.016
269.997
268.836
252.892
256.753
259.217
262.052
259.012
258.232
257.758
259.435
262.257
263.464
261.75
259.355
260.023
259.925
260.467
260.628
260.233
255.859
252.027
242.68
233.239
231.911
234.825
244.033
242.878
244.408
235.991
223.979
209.733
191.628
222.851
238.13
235.569
224.63
224.149
232.528
234.571
239.877
299.636
299.562
299.489
299.418
299.35
299.285
299.223
299.164
299.107
299.054
299.003
298.953
298.906
298.861
298.817
298.774
298.734
298.696
298.659
298.624
298.591
298.561
298.531
298.502
298.474
298.444
298.413
298.381
298.348
298.31
298.268
298.22
298.164
298.102
298.023
297.929
297.814
297.671
297.507
297.326
297.11
296.841
296.529
296.295
296.226
296.142
295.636
294.762
294.269
294.441
294.58
294.335
294.098
294.064
293.838
293.435
292.96
292.296
291.763
291.673
291.606
291.502
291.627
292.514
294.108
294.915
294.88
295.494
296.557
296.519
295.01
293.257
291.909
290.966
290.283
289.78
289.367
288.999
288.637
288.29
288.063
288.165
288.162
288.526
288.864
289.358
289.774
290.207
290.477
290.7
290.86
290.848
290.913
290.875
290.856
290.729
290.641
290.528
290.353
290.125
289.921
289.623
289.277
288.934
288.462
288.064
287.434
286.799
286.157
285.293
284.68
283.974
283.658
282.561
281.197
280.315
279.269
278.817
278.657
278.699
278.843
279.069
278.713
277.381
275.697
275.013
274.672
273.451
272.274
273.326
274.521
274.283
273.417
273.534
272.695
272.145
272.716
273.045
272.293
271.731
273.23
272.195
262.507
260.893
261.097
260.83
262.212
264.928
264.592
266.299
267.985
267.246
264.588
264.863
266.03
265.594
266.001
265.74
264.594
261.834
259.727
254.922
251.325
251.678
253.203
257.487
255.509
255.693
251.073
242.61
231.502
216.575
242.594
248.699
245.048
239.552
239.801
244.327
245.735
249.316
299.805
299.731
299.647
299.568
299.489
299.411
299.333
299.257
299.182
299.108
299.035
298.964
298.895
298.827
298.76
298.695
298.631
298.57
298.509
298.451
298.394
298.338
298.284
298.231
298.18
298.13
298.08
298.033
297.987
297.94
297.895
297.85
297.805
297.759
297.711
297.663
297.612
297.562
297.511
297.456
297.39
297.313
297.235
297.198
297.202
297.184
297.056
296.847
296.763
296.853
296.904
296.854
296.818
296.833
296.783
296.693
296.568
296.308
295.967
295.754
295.621
295.631
296.064
296.865
297.48
297.577
297.483
297.548
297.661
297.833
298.195
298.029
297.259
296.496
295.862
295.347
294.929
294.588
294.333
294.201
294.211
294.32
294.404
294.631
294.77
294.945
295.05
295.152
295.181
295.182
295.16
295.083
295.025
294.935
294.833
294.694
294.554
294.398
294.201
293.986
293.762
293.497
293.198
292.893
292.535
292.186
291.765
291.331
290.886
290.377
289.939
289.474
289.115
288.543
287.894
287.379
286.825
286.461
286.173
285.917
285.684
285.478
285.102
284.472
283.785
283.384
283.072
282.48
281.869
281.874
281.995
281.775
281.31
281.108
280.701
280.358
279.738
280.232
279.399
279.017
279.413
278.973
276.042
274.7
274.282
274.3
275.438
276.156
275.849
276.418
276.598
275.957
275.14
275.481
275.731
275.44
275.662
275.641
275.322
274.749
274.393
273.186
272.601
273.149
273.684
275.032
273.914
273.614
272.356
268.996
264.963
255.964
263.284
264.742
262.648
260.286
260.177
262.194
263.72
266.205
301.822
301.781
305.408
306.937
308.048
307.406
305.488
304.26
300.899
301.637
301.931
304.271
305.062
303.633
306.206
304.289
300.803
300.28
302.985
302.476
300.567
301.466
298.361
299.494
293.834
262.212
261.544
268.808
276.303
283.343
285.779
281.518
279.379
269.113
271.782
273.8
283.038
289.47
285.214
294.886
293.476
284.26
281.261
291.466
293.218
288.458
294.134
286.711
292.781
282.01
246.554
248.359
247.369
252.162
262.047
273.319
268.552
265.341
247.107
246.692
247.164
260.876
275.667
267.113
280.68
284.59
274.063
262.869
277.588
284.158
273.686
285.457
272.637
283.193
272.256
244.666
253.282
258.35
260.025
250.363
261.425
263.071
263.072
246.941
241.208
235.003
245.759
265.317
255.043
266.013
274.538
270.921
252.877
264.966
277.248
259.159
276.598
258.723
269.524
263.286
265.453
270.688
261.254
275.34
261.377
258.319
258.348
262.584
258.627
253.629
238.82
240.889
258.902
250.629
257.276
263.789
264.957
249.121
255.968
272.47
249.825
269.076
250.361
254.697
255.034
275.197
296.226
273.951
278.002
274.159
265.252
258.356
259.889
265.758
268.01
247.607
240.768
254.135
250.162
253.969
256.591
257.417
247.621
250.521
267.438
247.189
262.819
249.534
244.895
250.415
259.918
280.497
274.706
271.356
274.161
273.718
264.454
258.654
268.187
277.188
255.604
242.643
249.333
250.847
252.87
253.411
253.3
249.34
249.702
262.398
247.923
258.281
251.524
242.316
250.119
252.498
264.116
265.771
262.002
260.556
271.369
268.72
259.603
270.858
282.241
261.99
245.314
246.108
251.603
254.073
254.07
252.541
252.117
252.43
259.351
246.996
255.601
252.442
242.279
250.404
256.474
261.502
263.843
263.121
251.534
265.316
267.649
261.046
274.537
285.423
267.11
247.404
246.948
251.175
255.613
256.229
254.422
253.562
255.921
258.862
242.522
254.215
251.962
239.979
248.787
260.222
257.694
258.158
259.21
247.719
260.415
262.484
261.446
279.323
287.58
269.773
247.989
249.553
249.444
256.002
256.98
256.764
252.621
257.305
259.269
235.344
253.095
251.743
236.621
246.273
261.79
258.317
255.425
252.65
248.142
256.272
257.022
259.726
285.134
287.476
269.943
247.331
250.217
247.843
256.104
256.405
258.602
250.346
255.824
258.6
226.899
251.259
252.939
235.316
244.135
263.269
262.022
255.552
249.555
253.606
257.848
254.386
256.573
290.036
284.521
268.478
245.75
248.406
247.509
257.748
256.325
259.92
246.933
252.597
256.652
219.472
248.448
255.047
235.647
242.172
267.215
269.404
260.904
253.297
263.198
264.541
253.958
256.325
293.22
280.96
265.581
243.105
245.279
248.04
261.16
257.558
260.711
242.335
249.333
254.323
217.313
245.244
257.249
236.203
240.779
273.979
277.525
268.324
261.294
272.412
269.34
253.45
259.926
293.338
277.019
261.036
241.876
244.182
249.344
264.136
259.101
260.315
238.286
247.517
254.674
221.83
242.67
259.049
236.587
239.452
279.138
281.706
272.056
267.852
273.804
266.345
252.355
266.549
291.608
272.904
257.499
243.834
245.83
251.055
264.765
259.897
257.867
237.291
250.822
260.214
227.934
241.169
260.243
236.676
238.132
277.985
280.389
271.252
270.627
268.914
256.774
250.021
274.037
289.285
268.964
255.494
239.833
247.004
252.964
262.693
259.412
254.279
238.452
257.752
261.595
234.268
240.915
260.81
236.172
236.691
271.384
277.221
271.793
271.871
265.735
249.87
251.041
282.805
287.043
265.608
253.68
237.297
250.187
255.21
258.753
257.346
253.355
238.451
259.416
259.345
244.091
242.89
261.074
235.33
235.419
263.605
275.015
276.847
276.596
268.246
252.23
261.949
293.7
285.006
262.34
256.574
255.026
257.047
256.727
256.139
254.24
257.588
240.529
256.485
266.289
250.295
246.242
261
234.196
234.33
256.512
270.824
278.623
282.772
275.88
264.691
282.919
303.001
282.457
259.939
268.788
273.042
260.022
256.633
258.069
251.525
261.079
246.83
251.429
270.386
248.447
247.859
260.077
232.701
233.362
250.843
263.185
270.829
283.496
284.197
282.785
303.501
306.648
279.209
258.561
284.001
267.302
256.245
255.861
264
248.309
256.025
251.135
246.739
262.623
246.827
247.573
258.42
231.345
232.34
246.262
254.482
256.6
274.721
286.728
297.205
311.342
304.497
275.618
257.715
292.647
258.137
251.31
255.391
270.886
245.198
250.419
252.401
243.769
257.224
248.476
248.218
257.558
230.268
231.843
241.589
249.027
247.578
261.335
281.204
303.528
309.282
300.299
271.653
256.278
291.969
257.982
247.858
255.092
279.6
253.361
251.434
255.921
239.434
255.109
249.258
250.368
257.373
229.115
231.431
236.225
246.266
248.302
253.022
269.685
301.235
305.591
294.911
267.69
255.565
287.339
261.23
245.534
254.412
287.15
270.532
257.919
258.668
238.673
252.649
249.628
251.655
256.369
227.442
230.931
232.135
243.882
250.476
253.321
260.554
293.539
300.916
289.088
263.784
255.313
284.134
267.266
243.754
251.769
282.289
280.635
267.486
258.229
240.586
251.131
251.234
251.289
254.11
225.453
230.347
229.06
240.478
247.968
253.37
256.494
286.959
294.495
282.571
259.735
255.462
281.164
276.158
243.452
247.718
268.846
281.223
274.32
259.216
240.815
248.575
252.1
249.575
251.205
223.582
229.761
226.67
236.443
246.313
250.499
254.456
283.169
287.76
275.937
255.982
257.112
274.24
282.275
244.985
246.214
260.202
272.486
270.969
260.843
241.684
246.645
252.985
246.705
248.123
222.372
229.297
224.538
233.284
246.071
248.189
251.759
279.201
281.142
269.113
253.368
259.085
260.803
276.624
246.906
248.81
257.251
264.861
264.569
259.825
242.936
245.269
254.04
243.621
245.395
222.496
229.113
222.166
231.663
245.723
246.423
247.626
273.964
274.232
262.735
251.484
261.457
245.34
256.587
247.728
250.699
252.37
261.475
263.589
258.257
243.77
243.724
253.817
241.355
243.35
224.078
229.476
219.426
230.463
245.976
244.677
242.535
268.396
267.52
256.804
249.543
264.587
237.302
236.447
246.458
249.204
248.426
257.944
261.233
256.317
244.248
242.308
252.571
239.997
241.831
226.534
230.5
217.018
228.183
245.251
243.488
237.45
262.995
261.569
252.363
251.209
263.12
238.558
229.279
243.558
246.81
246.685
256.174
258.974
253.937
243.753
240.722
250.878
239.323
240.593
229.443
232.202
214.793
226.096
243.791
243.03
234.284
257.434
255.412
248.136
252.73
262.935
242.302
231.182
240.596
245.181
244.765
253.785
257.269
251.451
242.358
238.902
248.718
239.025
239.726
232.341
234.345
212.549
223.824
241.804
243.089
233.617
250.971
248.521
245.849
252.93
254.604
244.493
235.102
238.01
243.35
243.025
251.594
255.102
248.817
240.225
236.95
246.49
238.877
239.475
234.856
236.666
210.487
221.255
238.402
241.696
235.151
244.064
241.225
244.762
247.653
241.968
249.493
243.959
235.508
240.71
241.187
248.864
252.608
246.03
237.493
234.942
244.492
238.814
240.088
237.613
238.828
208.69
218.857
232.386
237.813
235.947
238.356
235.322
241.368
235.033
243.752
252.055
251.544
233.524
236.437
238.672
245.592
250.004
243.107
234.479
233.026
242.827
238.745
241.554
241.899
240.63
206.996
216.554
222.58
228.762
233.748
234.935
232.335
236.746
230.111
235.422
243.855
243.826
231.73
232.185
235.268
242.257
247.941
240.482
231.446
231.335
241.726
238.633
244.114
246.44
242.155
206.376
214.709
211.834
211.959
227.332
233.052
230.847
235.384
237.22
226.083
238.131
234.595
227.439
228.083
231.952
239.473
246.385
238.408
228.747
230.079
241.376
238.402
248.093
246.76
243.37
207.445
212.94
203.82
196.26
214.264
231.939
229.506
231.215
238.393
232.879
239.988
242.066
223.748
224.728
230.567
237.713
245.502
237.311
226.977
229.648
241.772
238.227
252.324
243.143
243.669
210.898
211.711
202.848
196.91
200.685
228.325
229.014
227.643
231.738
240.44
234.41
248.739
224.316
224.582
230.426
236.121
245.092
237.349
226.477
230.27
242.757
238.449
255.309
243.261
243.443
215.374
210.093
208.071
215.689
192.733
227.404
225.074
223.655
225.652
240.854
229.554
245.995
227.676
229.191
230.676
234.842
245.305
238.588
227.429
232.049
244.283
239.231
256.983
252.486
243.792
217.815
206.546
210.878
234.194
191.678
224.715
224.975
225.44
224.983
235.022
230.018
246.311
234.732
236.492
229.356
233.886
245.993
240.775
229.793
234.774
246.126
240.486
258.02
268.294
245.551
215.088
204.258
210.739
240.267
197.808
223.447
224.087
228.464
228.187
233.968
224.132
241.042
244.261
241.938
226.801
234.005
246.967
243.125
232.916
238.015
248.071
242.047
258.77
283.042
248.975
208.566
202.025
213.861
243.256
203.639
223.504
226.106
227.748
232.13
239.223
220.424
232.104
251.038
239.559
224.148
234.973
247.509
244.853
236.013
241.437
249.925
243.694
259.184
289.973
253.196
201.471
200.982
214.999
238.188
212.579
218.498
229.432
229.717
235.701
241.332
219.232
224.187
251.434
233.41
223.91
236.466
246.817
245.239
238.43
244.624
251.321
245.173
259.047
288.788
256.923
200.429
218.186
210.337
229.959
223.68
208.63
224.118
229.229
234.335
241.354
216.785
213.946
244.306
234.408
226.485
236.697
244.258
243.96
239.953
247.719
252.032
246.34
257.954
284.708
259.378
201.748
211.923
201.591
223.55
233.1
203.929
215.817
227.425
230.143
240.177
215.612
204.831
233.487
238.733
229.4
234.5
239.979
241.644
241.098
250.924
251.487
247.29
255.609
281.963
260.99
196.398
189.339
191.767
214.249
217.104
196.064
209.159
221.538
225.273
233.097
214.631
200.535
223.507
237.066
231.514
230.59
235.369
239.669
242.576
253.974
249.652
248.647
253.371
281.979
261.912
192.004
198.407
192.632
221.392
210.737
186.024
195.174
204.88
220.858
222.023
211.623
201.695
217.792
233.748
234.714
229.306
233.969
239.845
244.816
256.805
247.698
250.364
252.891
284.007
262.729
189.462
203.143
202.171
230.893
222.349
189.433
183.289
198.601
218.801
214.023
210.021
202.81
213.721
232.974
239.455
232.58
236.488
242.082
247.638
259.765
246.988
251.298
254.742
286.233
263.259
188.457
206.31
203.975
223.673
224.335
203.817
186.641
214.89
218.4
209.162
211.571
205.623
212.753
234.526
244.861
239.527
242.031
245.563
250.545
262.845
248.697
251.153
259.272
288.891
263.231
191.54
211.695
209.151
226.838
226.272
218.703
201.215
240.504
217.257
208.167
216.641
211.962
216.299
238.517
250.574
248.175
249.425
249.773
252.869
265.813
253.331
252.639
266.406
291.657
262.656
203.635
216.767
214.447
226.448
227.442
224.053
208.044
251.119
217.817
213.49
225.385
221.783
224.544
244.963
256.528
256.795
258.135
256.067
256.041
269.379
260.904
259.31
275.111
293.812
261.876
215.595
223.001
220.963
230.737
232.083
226.773
208.306
235.645
222.69
224.264
236.311
234.577
237.306
253.642
262.837
264.474
266.84
265.111
263.148
274.73
270.373
270.636
283.3
295.12
261.897
224.167
229.477
228.42
235.991
238.751
233.568
214.68
215.771
229.498
236.837
246.994
247.351
250.897
262.631
269.128
271.154
274.029
273.851
272.505
281.065
279.406
281.652
289.448
295.864
264.188
232.928
236.523
236.128
241.811
245.362
242.419
226.9
216.546
239.001
248.458
256.323
257.784
261.596
269.869
274.559
276.707
279.605
280.519
280.458
286.595
286.42
289.231
293.497
296.475
269.56
242.006
244.37
244.642
248.281
251.302
250.815
241.587
234.612
251.353
258.166
263.656
265.458
268.928
274.872
278.548
280.785
283.587
285.212
286.149
290.688
291.328
293.806
296.051
297.163
277.414
251.264
253.07
253.817
255.982
257.885
258.066
254.626
252.94
262.396
266.649
270.385
272.244
275.163
279.296
282.108
284.21
286.676
288.571
290.136
293.527
294.68
296.59
297.761
298.084
286.391
267.727
269.788
271.255
272.699
273.731
273.65
273.491
275.437
279.55
281.53
283.461
284.781
286.459
288.414
289.866
291.072
292.378
293.522
294.636
296.343
297.344
298.548
299.281
299.56
295.982
)
;

boundaryField
{
    inlet
    {
        type            fixedValue;
        value           uniform 300;
    }
    outlet
    {
        type            inletOutlet;
        inletValue      uniform 300;
        value           nonuniform List<scalar> 
57
(
293.823
281.983
272.218
263.249
255.008
250.41
250.127
250.406
248.776
246.256
244.114
242.147
240.749
239.416
238.087
236.64
235.365
234.275
233.307
232.288
231.795
231.387
230.891
230.314
229.736
229.281
229.104
229.473
230.5
232.2
234.338
236.654
238.813
240.616
242.147
243.375
243.685
243.475
243.834
245.592
249.01
253.227
256.955
259.412
261.029
261.956
262.776
263.307
263.276
262.696
261.91
261.928
264.221
269.6
277.466
286.461
296.058
)
;
    }
    upperWall
    {
        type            fixedValue;
        value           uniform 300;
    }
    lowerWall
    {
        type            fixedValue;
        value           uniform 300;
    }
    frontAndBack
    {
        type            empty;
    }
}


// ************************************************************************* //
