/*--------------------------------*- C++ -*----------------------------------*\
| =========                 |                                                 |
| \\      /  F ield         | OpenFOAM: The Open Source CFD Toolbox           |
|  \\    /   O peration     | Version:  dev                                   |
|   \\  /    A nd           | Web:      http://www.openfoam.org               |
|    \\/     M anipulation  |                                                 |
\*---------------------------------------------------------------------------*/
FoamFile
{
    version     2.0;
    format      ascii;
    class       volScalarField;
    object      p;
    location    "9.147";
}
// * * * * * * * * * * * * * * * * * * * * * * * * * * * * * * * * * * * * * //

dimensions      [1 -1 -2 0 0 0 0];

internalField   nonuniform List<scalar> 
12225
(
102836
102835
102827
102823
102800
102775
102728
102671
102592
102503
102392
102272
102130
101976
101788
101599
101325
100695
102823
102823
102816
102813
102790
102766
102718
102663
102582
102496
102383
102266
102123
101973
101786
101599
101331
100888
102796
102798
102792
102788
102766
102743
102694
102641
102560
102476
102363
102248
102107
101962
101775
101586
101333
100978
102750
102755
102749
102745
102724
102701
102653
102601
102521
102440
102327
102214
102076
101931
101753
101574
101354
101116
102679
102688
102682
102679
102659
102637
102590
102539
102462
102382
102272
102161
102029
101878
101721
101553
101363
101176
102578
102592
102586
102582
102564
102543
102500
102449
102377
102298
102195
102085
101963
101818
101673
101517
101351
101185
102440
102457
102452
102449
102433
102412
102374
102325
102258
102181
102088
101980
101871
101731
101600
101458
101314
101167
102286
102301
102300
102298
102285
102263
102231
102184
102123
102049
101965
101860
101765
101629
101512
101380
101255
101126
102119
102130
102136
102135
102125
102105
102076
102033
101978
101908
101830
101732
101645
101518
101412
101292
101182
101070
101897
101913
101920
101921
101915
101898
101872
101832
101784
101720
101649
101562
101482
101370
101276
101170
101075
100981
101605
101622
101634
101636
101636
101623
101602
101568
101527
101471
101410
101335
101261
101170
101089
101000
100920
100845
101226
101241
101260
101266
101270
101261
101247
101220
101187
101142
101092
101032
100969
100899
100832
100765
100702
100646
100729
100751
100772
100783
100791
100790
100783
100766
100742
100710
100673
100630
100583
100535
100487
100441
100400
100365
100094
100117
100141
100158
100172
100179
100180
100175
100164
100147
100126
100102
100076
100050
100025
100004
99986.5
99975.1
99287.1
99311.4
99337.3
99360.8
99381.5
99397.9
99410.3
99418.2
99422.6
99423.5
99422.2
99419.5
99416.6
99415
99415.9
99420.4
99429.4
99443.5
98279.8
98307.1
98335.8
98365.1
98393.9
98420.6
98445.2
98467.9
98489.2
98509.6
98529.8
98550.7
98573.2
98598.2
98626.6
98658.8
98695.5
98737.1
97072.1
97092.7
97123.5
97158.7
97195.3
97232.1
97269.3
97307.2
97346.1
97386.5
97429.2
97474.6
97523.1
97575.5
97632.1
97693
97758.4
97828.3
95752.2
95779.5
95814.3
95854.1
95896.8
95942
95989.7
96040.6
96094.9
96153.1
96215.6
96282.7
96354.5
96431.4
96513.3
96600.1
96691.5
96787.5
94566.8
94598.5
94634.1
94675.2
94720.7
94770.5
94824.9
94884.4
94949.4
95020.1
95097
95180
95269.2
95364.2
95465.1
95571.4
95682.8
95799
93612.1
93639.6
93672
93712.1
93758.2
93810.1
93868.1
93932.7
94004.3
94083
94169.1
94262.8
94363.6
94471
94585
94705.1
94830.6
94961
92858.2
92877.4
92907.3
92946.3
92992.3
93044.9
93104.6
93172
93247.5
93331.1
93423.1
93523.4
93631.8
93747.7
93870.7
94000.4
94135.8
94276.4
92271.5
92286.3
92314.1
92351.6
92396.8
92449.2
92509.5
92578.2
92655.9
92742.8
92838.5
92943
93056.3
93177.9
93307.2
93443.4
93585.7
93733.4
91808.9
91831.8
91860.8
91898.3
91943.2
91995.5
92056
92125.3
92204
92292.5
92390.5
92497.9
92614.5
92739.9
92873.4
93014.1
93161.2
93313.9
91472.4
91496.8
91524.5
91561.2
91605
91657.1
91717.9
91787.6
91866.9
91956.3
92055.7
92164.9
92283.8
92411.7
92548
92691.8
92842.2
92998.3
91232
91254.4
91283.8
91318.8
91360.5
91411.3
91472
91541.8
91621.4
91711.3
91811.5
91921.9
92042.3
92171.9
92310.1
92456
92608.7
92767.2
91062
91084.3
91112.3
91147.9
91191.6
91242.1
91299.8
91368.9
91448.5
91538.6
91639.2
91750.4
91871.8
92002.6
92142.1
92289.3
92443.5
92603.6
90949.3
90968.6
90995.5
91030.6
91073.9
91124.6
91184
91251.9
91331.5
91421.6
91522.6
91634.4
91756.3
91887.9
92028.2
92176.3
92331.5
92492.7
90876.2
90894.8
90921.1
90956.1
90999.2
91050
91109.4
91178.1
91257.3
91347.5
91448.8
91560.9
91683.2
91815.2
91956
92104.8
92260.6
92422.5
90834.9
90853
90878.5
90913.7
90957
91007.9
91067.4
91136.5
91215.6
91305.9
91407.3
91519.6
91642
91774.3
91915.4
92064.5
92220.7
92382.9
90820.6
90835.9
90860.8
90895.9
90939
90989.8
91049.4
91118.6
91197.9
91288.2
91389.7
91502
91624.6
91757
91898.2
92047.4
92203.8
92366.3
91398.5
91398.1
91397.6
91397.3
91397.2
91397.4
91397.8
91398.6
91399.4
91400.4
91401.6
91402.6
91404.3
91406.5
91409.5
91413.3
91418.2
91424.3
91431.7
91440.7
91451.7
91464.6
91479.7
91497.3
91517.8
91541.5
91568.8
91600.3
91636.3
91677.2
91723.4
91775.4
91833.6
91897.1
91967.1
92043.8
92127.1
92217.5
92315.6
92420.2
92530.6
92647.6
92771.2
92901.3
93039.5
93185.7
93338.7
93496
93658.3
93825.4
93996.9
94172.2
94350.3
94530.5
94711.5
94893.3
95074.7
95253.2
95426.2
95594
95754
95908.1
96056.4
96195.8
96325
96443.2
96543.5
96627.6
96697.9
96752.9
96794.9
96821
96829.2
96823.1
96804.1
96764.4
96702.7
96621.4
96522.2
96407.1
96276.8
96133
95976.5
95808.6
95630.1
95441.9
95245.3
95041.1
94830.1
94613.4
94391.7
94166
93937.2
93706.4
93474.4
93242.1
93009.8
92778.6
92549.9
92325
92105
91890.2
91682.2
91482.5
91291.9
91111.8
90941.9
90783.9
90637.6
90503.9
90382.4
90272.3
90173.5
90086.7
90010.8
89943.8
89884.9
89833.2
89786.5
89742
89697.7
89651.8
89602.6
89542.6
89464.7
89364.8
89239.7
89086
88903.1
88695.5
88468.7
88226.3
87969.9
87701.4
87425.2
87146.7
86861.4
86577.3
86300.8
86023.2
85739.2
85464.1
85201.2
84948.8
84710.3
84487
84271.6
84050
83818.7
83577.5
83321
83049.3
82765.1
82460.3
82135.6
81781.5
81387.7
80970.1
80537.3
80090.8
79636
79183.6
78747.9
78346.9
77988.7
77694
77471.2
77326.2
77256.3
77249.5
77300.8
77421.7
77605.4
77855.2
78164.9
78516.5
78935.6
79439.3
80015.5
80635.3
91450.6
91450
91449.3
91448.7
91448.6
91448.7
91449.3
91449.9
91450.7
91451.5
91452.4
91453.6
91455.1
91457.3
91460.1
91463.9
91468.8
91474.8
91482
91490.9
91501.5
91514.2
91529.2
91546.8
91567.1
91590.6
91617.7
91648.9
91684.7
91725.3
91770.9
91822
91879.5
91944.2
92013.4
92089.4
92171.9
92261.6
92359.1
92462.9
92571.3
92687.1
92812.5
92945.5
93084.1
93227.9
93376.3
93531
93691.5
93857.2
94027
94200.3
94376.2
94554.8
94733.1
94912.9
95092.7
95270.1
95442
95607.4
95765.6
95919.6
96065.9
96202.4
96329.5
96443.7
96541.1
96622
96691.5
96751.2
96795.4
96818.7
96820.4
96810.4
96789.1
96747.3
96684.5
96602.4
96502.9
96386.7
96256
96111.6
95954.8
95786.4
95607.4
95418.9
95221.7
95016.8
94805.4
94588.1
94366
94139.9
93910.7
93679.7
93447.5
93215.2
92983.3
92752.3
92523.5
92298.9
92079.5
91865.3
91657.7
91458.6
91268.5
91088.9
90920.3
90763.1
90617.7
90484.6
90364.5
90255.3
90157
90071.1
89996.7
89930.8
89872.3
89821.4
89776.2
89732.5
89687.6
89640.8
89592.4
89535
89460
89362.2
89239
89088.2
88907.5
88699.9
88472.3
88230.9
87976.4
87710.1
87436.5
87162.2
86876.6
86592.7
86318.5
86044.9
85763.6
85489.7
85227.8
84976.9
84738.9
84517.2
84303.8
84084.2
83853.5
83612.9
83357.5
83085.5
82800
82495.6
82171.6
81818.5
81423.1
81004.7
80570.2
80122.6
79667.8
79214.7
78778.7
78377.5
78020.7
77724.9
77503
77358.5
77290
77284.1
77336.3
77458.5
77641.2
77891.5
78201.2
78548
78963.9
79468.2
80047
80668.3
91555.5
91554.9
91554
91553.3
91552.6
91552.3
91552.1
91552.4
91552.7
91553
91553.5
91554.4
91555.7
91557.7
91560.3
91563.9
91568.4
91574.1
91581.2
91589.9
91600.4
91613.1
91628.1
91645.5
91665.7
91689
91715.7
91746.5
91781.6
91821.3
91865.8
91915.8
91971.5
92033.4
92104.3
92179.4
92261.3
92350.2
92446.1
92548.4
92656.7
92772.9
92896.8
93025.1
93159.3
93302.2
93450.6
93602.4
93758.8
93920.3
94085.9
94255
94426.6
94599.3
94775.5
94952.2
95128.9
95304.2
95474.7
95639.3
95796.7
95944.2
96086.7
96220.4
96343.5
96451.9
96545
96624.5
96685.4
96736.8
96779.6
96803.3
96806.7
96793.3
96764.1
96716.2
96649.6
96565.1
96463.5
96346.8
96215.1
96069.8
95911.9
95742.5
95562.6
95373.1
95174.9
94969.1
94756.7
94538.4
94315.5
94088.6
93858.9
93627.2
93394.4
93162
92930.3
92699.7
92471.6
92247.5
92028.8
91815.7
91609.2
91411.1
91221.9
91043.7
90876.7
90721.4
90577.8
90446.3
90328.3
90221.4
90124.2
90039.7
89968.1
89904.6
89847.1
89797.6
89755
89712.9
89667.7
89620.9
89572.9
89517.1
89446.6
89354.8
89236.1
89088.4
88911
88707.3
88482.4
88243.1
87992.4
87730.7
87461.1
87185.1
86904.8
86624.1
86353.7
86088.3
85815.7
85544.5
85283.7
85035.2
84797.6
84577
84367.6
84152.3
83923
83683.8
83430.8
83159.7
82872.3
82566
82242.9
81894.3
81499.1
81077.6
80640
80192.4
79738.6
79283.7
78846.2
78444.3
78088.5
77793.4
77573.4
77430
77363.9
77359.2
77414.6
77541.1
77721.7
77973.4
78281.2
78617.5
79031.7
79535.2
80114.3
80735.7
91712.3
91711.8
91710.9
91710.1
91709.2
91708.2
91707.1
91706.2
91705.4
91704.9
91704.9
91705.4
91706.6
91708.2
91710.5
91713.6
91717.8
91723.4
91730.6
91739.7
91750.5
91763.4
91778.6
91796.1
91816.3
91839.7
91866.4
91897
91931.5
91970.3
92014
92062.6
92116.9
92177
92242.8
92317.9
92398.3
92484.9
92578.5
92678.6
92784.9
92898.2
93018.1
93143.7
93276
93414.9
93558
93704.8
93857
94014.2
94174.8
94338.5
94505
94673
94842.8
95014
95185.7
95355.9
95522.1
95682.3
95835.1
95980.3
96119.2
96249.3
96367.1
96470.8
96556.8
96634.7
96697.9
96740
96768.5
96783.7
96781.4
96762.8
96727.4
96674.2
96603.4
96515.4
96411.1
96291.5
96157.5
96010.1
95850.2
95679.1
95497.7
95306.6
95107.1
94899.9
94686
94466.3
94242.1
94014.2
93783.5
93551
93317.7
93084.9
92853.1
92623.1
92395.8
92172.8
91955
91743.5
91538.8
91342.5
91154.4
90978.3
90813.3
90660.4
90519.3
90390.2
90274.9
90171.5
90076.7
89993.9
89925.9
89866
89810.3
89762.9
89723.5
89684.3
89640.4
89593.8
89545
89490
89424.4
89340.9
89229.3
89087
88914.2
88716.8
88498.1
88264.5
88020.1
87764.9
87503
87231.8
86954.9
86675.7
86409.3
86152.8
85894.6
85629
85368
85123.2
84889.6
84669.7
84463.9
84253.2
84026.3
83789.3
83539.6
83271.4
82982.4
82673.2
82347.8
81999
81608.5
81188.5
80748.8
80300.7
79850.1
79395.1
78954.6
78551.4
78195.1
77900.5
77684
77542.9
77479
77472.9
77533.1
77664.8
77848.4
78105.8
78409.6
78729.8
79143.3
79644.9
80220.4
80838.9
91919.7
91919.2
91918.5
91917.6
91916.2
91914.2
91912.2
91910.3
91908.8
91907.8
91907.3
91907.2
91907.5
91908.4
91910.2
91913.3
91918.2
91924.7
91932.6
91941.9
91952.8
91965.6
91980.6
91997.9
92018
92041.2
92067.9
92098.4
92132.6
92170.6
92213.3
92261.1
92313.5
92371.2
92435.2
92505.2
92582.3
92665.9
92755.8
92852.3
92954.8
93064
93180
93301.6
93428.9
93562.4
93700.7
93843.4
93990.3
94140.4
94293.7
94450.9
94611.5
94773.5
94935.6
95099.6
95263.8
95426.1
95584.5
95738.6
95886.6
96026.9
96159.9
96284.5
96396.1
96492.8
96575.4
96639.5
96691.2
96727.7
96749.8
96756.8
96747.7
96722.3
96680.2
96620.9
96544.5
96451.7
96343.2
96219.9
96082.6
95932.2
95769.9
95596.6
95413
95219.9
95018.5
94809.5
94593.9
94372.6
94146.7
93917.4
93685.6
93452.2
93218.3
92985.5
92753.9
92524.2
92297.8
92076
91859.9
91650.2
91447.4
91253.8
91067.8
90894.1
90732
90581.7
90444
90318.4
90206.1
90106.4
90016
89936.3
89871.1
89816
89764.1
89718.9
89682.2
89647.2
89607.2
89561.6
89511.8
89457.4
89395.8
89321
89218.3
89083.6
88918.2
88729
88518.8
88294.3
88059.9
87814.9
87563.9
87297.8
87029.5
86753.5
86492
86240.2
85991.9
85740.6
85479.2
85237.4
85012.5
84796.5
84594.2
84388.7
84164.2
83929.5
83687
83424.8
83130.5
82817.8
82490.3
82135.4
81749.4
81334.3
80894.8
80443.4
79994.1
79544.4
79104.5
78701.3
78344
78047.3
77832
77694.7
77630.7
77619.3
77683.3
77820
78014.4
78283
78589.2
78883.2
79298.6
79793
80364.9
80979
92175.9
92175.4
92174.6
92173.3
92171.1
92168.4
92165.7
92163.3
92161.3
92159.8
92158.6
92157.7
92157.6
92158.5
92160.9
92165.3
92171
92177.3
92184.4
92192.8
92202.8
92214.8
92229.1
92246
92265.8
92288.8
92315
92344.9
92378.4
92415.9
92457.6
92503.9
92554.9
92610.8
92672.3
92739.7
92813.1
92892.7
92979
93070.5
93168.6
93272.7
93382.5
93498.3
93620.1
93747.3
93879.1
94015.3
94155.3
94298.1
94443.8
94593
94745.5
94899
95051.4
95206.4
95361.2
95513.8
95662.7
95807.7
95946.8
96078.5
96203.7
96319.9
96423.2
96511
96583.2
96639.6
96681.7
96709.7
96723.9
96723
96705.8
96672.5
96622.8
96555.8
96473
96374.6
96261
96133.2
95992
95838.3
95673.1
95497.2
95311.1
95115.8
94912.1
94701.1
94483.3
94260
94032
93801.2
93568.2
93334.2
93100
92866.7
92634.8
92405.8
92180.6
91960.2
91746
91539
91337.2
91147.1
90964
90793
90634.8
90487.8
90353.5
90232.9
90124.7
90028.5
89943.8
89869
89806.4
89756.2
89710
89668.2
89633.5
89603.3
89568.5
89526.2
89477.2
89423.4
89364.9
89296.8
89203.9
89079.2
88924
88745.4
88546.3
88332.5
88110.6
87880.2
87641.4
87388.6
87127.3
86857.9
86601.4
86359.3
86110.6
85871.4
85618.1
85379.7
85163.9
84956
84757.1
84557.1
84336.6
84105.3
83871.3
83614.6
83319.5
83004.2
82673.3
82311.3
81929.1
81517.6
81079.4
80621.4
80165.5
79722.8
79290.3
78892.4
78540.4
78239
78019.2
77882.6
77816.8
77800.4
77862.7
78007.6
78216.2
78497.5
78813.4
79070.2
79498.7
79975.8
80546.2
81157.9
92479.2
92478.3
92477.1
92475.3
92473
92469.6
92466.5
92463.8
92461.5
92459.7
92458.2
92457.2
92457.4
92459.2
92462.6
92466.9
92471.5
92476.6
92482.9
92490.7
92500.1
92511.5
92525.3
92541.6
92560.7
92582.7
92607.8
92636.1
92667.9
92703.3
92743.1
92787.3
92835.9
92890
92949.2
93013
93082.8
93158.6
93239.9
93328.5
93421.8
93520.3
93624
93733.1
93848.1
93968.1
94092
94219.9
94351.4
94485.3
94621.7
94761.4
94903.6
95046.8
95191.4
95334.4
95477.4
95618
95756
95890
96015.3
96135.7
96250.1
96354.8
96447.9
96526.7
96589.1
96636.2
96669.1
96687.9
96692.6
96682.5
96656.1
96613.9
96554.9
96480.9
96391.4
96286.8
96167.7
96035
95889.6
95732.2
95563.8
95384.9
95195.9
94998
94791.8
94578.2
94358.1
94132.4
93902
93669.3
93434.7
93199.7
92965.1
92731.3
92499.4
92271.3
92047
91828.2
91616
91411.8
91212.2
91024.8
90846.2
90678.4
90523.8
90381.9
90251.4
90135
90032.7
89940.9
89861.6
89793.1
89734.5
89688.7
89649.6
89612.6
89580.3
89554
89525
89487.6
89442.7
89391.5
89336.3
89272.4
89188.2
89074.8
88932.3
88766.2
88580.1
88380
88172.1
87963.4
87737.4
87502.7
87248.6
86985.2
86733.8
86504.5
86260.3
86024.1
85784.4
85554
85346.7
85148.4
84955.6
84759.8
84546.5
84319.9
84090.5
83834.9
83541.5
83229.7
82896.1
82530.6
82151.4
81741.1
81302.8
80840.6
80372.5
79931.2
79508.9
79118.6
78779.1
78482.7
78250.8
78108.1
78042.2
78025.3
78078.6
78235.3
78455.6
78743.4
79072.4
79296.6
79732.8
80193.2
80764.6
81375.7
92828.2
92826.6
92824.7
92822.2
92819.2
92816.4
92813.5
92810.6
92808.3
92806.6
92804.9
92804.3
92805.5
92808.1
92811.3
92814.8
92819.2
92824.6
92831
92838.4
92846.6
92857.4
92870.4
92885.9
92903.8
92924.4
92947.4
92973.1
93001.9
93034.4
93070.8
93111.9
93158
93208.7
93264.3
93325.1
93391.2
93463.3
93541.3
93624.7
93713.8
93807.3
93903.9
94005.4
94112
94222.7
94337.5
94456.1
94577.5
94700.7
94825.5
94952.7
95082
95213.3
95346.3
95479.1
95610.9
95740.4
95866.9
95988
96100.2
96205.8
96306.1
96397.4
96477.4
96543.6
96594.6
96631.2
96653.9
96662.3
96656.4
96636
96600.1
96549.1
96481.9
96400.2
96303.6
96192.4
96067.7
95929.9
95779.9
95618.6
95446.6
95264.4
95072.3
94871
94661.6
94444.9
94222.1
93993.8
93760.4
93525.6
93289.1
93052.4
92817.2
92582.8
92351.4
92124.1
91901.3
91683.2
91474.1
91271.1
91076.4
90891.6
90716.8
90553.6
90402.6
90265.5
90140.7
90028.5
89931.8
89845.8
89771.5
89710.2
89657.7
89615.4
89582.5
89552.4
89524.8
89501.7
89478.5
89448.4
89408.6
89361.2
89311.2
89253.4
89176.1
89073.1
88944.4
88793.2
88621.2
88435.9
88242.5
88061
87856
87639.7
87397.5
87138.5
86890.9
86672.3
86439.9
86203.8
85977.8
85759.5
85562.8
85373.7
85189.4
85001.4
84795.6
84577.4
84347.4
84090.9
83794.7
83485.6
83154.6
82795
82418.6
82008.9
81563.9
81099.1
80625.6
80177
79764.5
79378.7
79049.5
78769.5
78533.2
78379.4
78312.2
78296.6
78339.2
78506.3
78734.3
79017.7
79333.8
79584.3
80004.7
80448.6
81023.1
81632
93222
93219.4
93217
93214.3
93211
93208
93204.9
93202
93199.2
93197
93196.1
93197
93199.2
93201.9
93205.2
93208.8
93212.6
93216.6
93221.6
93227.9
93235.8
93245.9
93257.9
93272.1
93288.3
93307.3
93328.1
93351.5
93377.7
93407.3
93440.6
93478.3
93520.8
93568
93620.3
93678
93741.1
93809.5
93882.8
93960.6
94042.8
94128.5
94218.1
94311.4
94408.9
94510.3
94614.7
94721.1
94829
94938.9
95051.3
95165.6
95280.4
95396.6
95515.3
95635
95754.4
95872.1
95987.1
96095.2
96194
96285.2
96370.2
96446.6
96511.5
96563.1
96601.2
96626.1
96637.1
96634.3
96617.1
96586.5
96540.7
96479.4
96405.4
96315.9
96212.2
96094.7
95964.4
95821.7
95666.9
95501.2
95324.9
95138.8
94943
94737.4
94523.8
94303.4
94077.8
93848.3
93612.4
93375.4
93137.2
92898.1
92662.2
92427.6
92195.6
91968.7
91748.6
91528.8
91324.8
91123.9
90931.9
90751.1
90580
90421.5
90275.6
90142.3
90023.7
89916.4
89825.1
89746.5
89677.2
89621.7
89576.8
89539.8
89511.9
89488.7
89467
89448
89430.7
89409.3
89376.7
89335.4
89291.8
89240.6
89170.8
89078.2
88963.4
88828
88671.5
88500.7
88324.8
88160
87978.2
87787.2
87567.8
87322.3
87079.5
86865.4
86644.9
86413.3
86201.1
86000.1
85814.5
85634.4
85456.6
85283.2
85084.8
84874.9
84643
84390.4
84107.6
83781.3
83450.1
83103
82726.8
82321.2
81870
81401.7
80928.2
80467.2
80063.3
79678.6
79355.5
79096.2
78868
78705.5
78636
78626.4
78652.6
78828.7
79057.1
79321.6
79621.9
79912.6
80309.7
80745.1
81324.5
81928.5
93657.8
93654.7
93652.3
93649.6
93646.5
93643.4
93640.1
93636.6
93633.7
93631.9
93631.9
93633.4
93635.4
93637.4
93638.8
93640
93641.4
93643.8
93648
93653.8
93661.3
93670.4
93681.2
93693.9
93708.6
93725.6
93745.2
93767.3
93792
93819.7
93850.8
93885.6
93924.6
93968.3
94016.9
94070.6
94129.3
94192.5
94259.8
94330.7
94404.8
94482.2
94562.8
94646.2
94732.6
94822.7
94914.5
95008.1
95103.4
95200
95296.8
95394.3
95493.5
95594.2
95697.1
95801.7
95907.5
96012.1
96114.1
96209.5
96294.7
96371.5
96441.2
96501.7
96550.3
96587.1
96611.8
96623.8
96622.4
96607.3
96578.1
96535
96478.2
96409.8
96329.3
96232.2
96121.3
95997.2
95861.1
95713.4
95552.4
95381.3
95199.9
95008.7
94809
94599.3
94381
94156.7
93927.2
93696.8
93459.9
93221.6
92982.9
92740.7
92504.8
92270.1
92036.9
91810
91590.9
91375.4
91170
90973.9
90784.9
90606.8
90440.6
90285.8
90145.6
90016.8
89904
89802.8
89715.9
89644.9
89582.5
89531.8
89494
89463.4
89440.5
89424.2
89409.3
89395
89382.8
89369.4
89346.1
89315
89278.4
89233.7
89172.9
89092.9
88992.5
88872.5
88732.9
88577.3
88421.8
88269
88110.8
87938.4
87737.5
87523.4
87299.6
87088.3
86877.2
86655.7
86457.5
86279.6
86104.9
85931.4
85758
85597.1
85413.6
85212.7
84981
84724.9
84450.3
84122.9
83790.2
83459.1
83084.6
82679.3
82230.6
81762.9
81287.2
80810.8
80409.9
80026.4
79704.1
79463.5
79248.1
79078.2
79012.3
79012.3
79031
79211.3
79431.4
79665
79951.3
80285.3
80642.5
81080.4
81668.6
82266.3
94131.8
94128.7
94126
94123.1
94120.1
94117
94113.6
94110.1
94107.3
94105.5
94104.8
94104.5
94103.7
94102.6
94101.1
94100.2
94100.9
94103.4
94107
94112
94118.5
94126.6
94136.5
94148.4
94162.3
94178.5
94197
94218.1
94241.8
94268.3
94297.5
94329.7
94365.3
94404.8
94448.8
94497.3
94550.2
94607
94666.8
94729.2
94793.9
94860.9
94930.6
95003
95077.3
95153.2
95231.9
95312.2
95394.1
95478.4
95561.5
95641.3
95719.6
95800.8
95886.2
95975.1
96066.5
96157.4
96245.7
96327.5
96399.6
96462.8
96517.5
96561.6
96594.5
96616.6
96627.3
96625.4
96610.5
96582.6
96541.8
96488.6
96423.4
96346.2
96255.8
96151.6
96033.6
95902.6
95759.3
95604.3
95437.4
95259.8
95072.7
94876.1
94673
94460.9
94238.9
94012
93776.9
93545.2
93306.4
93066.7
92830.1
92581.9
92347.4
92112.1
91880.8
91654.6
91434.7
91222.9
91017.7
90823.7
90639.1
90463.8
90303
90152.1
90016.4
89892.8
89784.6
89691.1
89609.1
89543.4
89490
89445.1
89412.6
89388.9
89371.6
89361.6
89354.3
89345.8
89338.7
89331.7
89319.6
89299.4
89272
89235.8
89185.9
89119.5
89034.9
88929.7
88808.1
88671.9
88534.3
88399.9
88266.1
88113.7
87923.7
87740
87542.4
87345
87145.6
86944.7
86763.4
86598.8
86434
86266.5
86100
85942.9
85779.1
85589
85364.4
85105.9
84826.4
84510.2
84179.9
83864.5
83503.3
83091.6
82647
82182.3
81705.8
81215.9
80807.3
80425.5
80102.8
79876.5
79677.2
79500.7
79443.1
79457.1
79479.1
79644.1
79858.8
80063.3
80340
80697.7
81013.4
81459.3
82057.2
82646.1
94639.3
94635.8
94632.7
94629.5
94626.1
94622.5
94618.5
94614.8
94611.4
94608
94604.8
94601.1
94596.9
94592.8
94589.7
94588.1
94587.9
94588.8
94591.1
94594.8
94600.4
94608.3
94618.3
94630.2
94644.1
94659.8
94677.5
94697.6
94720.1
94745.2
94772.7
94802.7
94835.2
94870.7
94909.4
94951.7
94997.4
95046.1
95097.2
95150.1
95204.9
95261.4
95319.4
95379.1
95440.6
95503.6
95567.4
95630.3
95691
95749.1
95809.3
95874.3
95944
96009.2
96077.1
96149.8
96226.3
96303.8
96379.2
96449
96508.9
96558.5
96597.9
96626.4
96644.3
96651.7
96647.7
96631.7
96603.9
96564.5
96513.3
96450.8
96375.7
96288.7
96188.9
96076
95949.9
95811.2
95660.4
95498.2
95324.8
95141.1
94948.9
94747.4
94540.4
94327.4
94099.1
93874.5
93630.1
93400.6
93160.2
92916.2
92676.7
92433.7
92195.8
91961.3
91730.4
91505.4
91285.9
91075.6
90873.4
90679.6
90499.6
90327.3
90169.9
90024
89892.3
89775.6
89671.1
89583.9
89509.2
89447.9
89401.4
89364.4
89337.4
89320.2
89308.9
89305
89306.3
89304.9
89302.7
89304
89304.7
89294
89277.2
89252.3
89215.2
89162.5
89093.9
89003.8
88903
88787.2
88668.7
88554.1
88444.6
88311.5
88149.9
87988.1
87813
87635.4
87452.7
87273.8
87108.3
86952.4
86797.5
86643.6
86489.6
86338
86187.8
86005.1
85789.4
85539.8
85258.4
84942
84613.4
84301.4
83959.2
83549
83103.7
82644
82177.6
81686.2
81260.9
80882.5
80551.8
80331.9
80155.8
79977
79926
79959.3
79985.5
80132.4
80344.1
80525.9
80789.5
81153.3
81434.9
81888.1
82491.1
83071.3
95173.9
95169.8
95166.3
95162.3
95157.9
95153
95147.8
95143
95138.1
95132.4
95126.2
95120
95113.5
95107.5
95102.7
95098.9
95096
95094.6
95096.9
95097.1
95101.2
95109.1
95119.7
95132.5
95147
95162.9
95180.4
95199.7
95220.9
95244.3
95269.8
95297.5
95327.2
95359
95392.8
95428.7
95466.5
95506.3
95547.7
95590.6
95634.8
95680.3
95726.9
95774.4
95822.6
95871.2
95919.7
95966.8
96011.7
96055.1
96097.5
96138.7
96180.7
96231.4
96283
96339
96399.6
96461.9
96523.6
96580
96625.8
96660.6
96684.7
96698
96701.2
96693.8
96675.4
96646
96605.7
96554.8
96492.8
96419.7
96334.5
96237.5
96128.3
96006.7
95872.8
95726.7
95568.7
95399.3
95219.6
95030.4
94833.9
94628.9
94416
94197.1
93969.9
93738.9
93499.6
93261.7
93021.3
92777.1
92535.5
92294
92054.4
91820.2
91590.9
91366.5
91149.6
90939
90739.9
90548.5
90370.2
90201.9
90047
89906.8
89778.3
89667.5
89569.4
89486
89418.3
89363.3
89321
89291.6
89271.8
89261.4
89256.6
89258.9
89269.3
89277.5
89281.9
89293.4
89305.1
89304.2
89297.7
89286.3
89263.2
89225.4
89173.2
89099.7
89021.7
88927.3
88831.5
88737.9
88656.4
88534.6
88413
88264.8
88114.1
87962.8
87799.8
87635.2
87487
87345.6
87205.8
87070.8
86932
86790.5
86647.2
86471.1
86264.1
86020.7
85745
85422.8
85095.3
84763.5
84423.6
84031.2
83584
83132.5
82689.8
82214.9
81785.3
81406.1
81054.5
80822.9
80676.8
80503.5
80462.4
80512.7
80542
80681
80889
81053.5
81298.8
81658.4
81916.5
82370.7
82972.7
83545.9
95728
95723.5
95719.1
95713.9
95707.4
95700.5
95694.1
95688.3
95682.6
95675.7
95667.4
95658.9
95650.5
95642.2
95634.2
95625.8
95617.3
95610.4
95606.1
95609.8
95615.9
95625.6
95637.8
95652.1
95668
95684.6
95702.1
95720.6
95740.4
95761.6
95784.3
95808.7
95834.8
95862.2
95890.6
95920.2
95950.8
95982.1
96014.2
96047
96080.3
96114.2
96149
96184.6
96220.5
96255.7
96289.6
96321.2
96350.8
96379.3
96405.4
96429.3
96454.7
96485.1
96516.8
96553.6
96595.9
96641.4
96686.7
96726
96755.2
96773.6
96781.7
96779.5
96767.4
96745.1
96712.4
96669.8
96617.3
96554.7
96481.7
96397.4
96302
96195.2
96076.7
95946.8
95805.3
95652.2
95488.1
95312.9
95128.1
94933.7
94731.3
94522.1
94305
94081.8
93852.8
93618.8
93379.8
93137.6
92896.2
92653.4
92409.8
92169.6
91930.5
91695.7
91468.5
91243.8
91028.9
90819.8
90621.2
90434.2
90257
90093.6
89941
89805.2
89681.8
89573.4
89482.3
89403.3
89340.1
89292.3
89256
89231.8
89219
89216.3
89219.2
89227.5
89245.5
89265.8
89280.7
89300.4
89321.5
89332.7
89337
89340.2
89333.1
89311.8
89276.6
89223.6
89168.9
89096.8
89026
88957.8
88901.2
88801.3
88712.8
88578.8
88438.8
88315.9
88183.8
88040
87911.6
87786.1
87667.8
87554.2
87432.6
87296.5
87159.4
86994.6
86804.1
86580.3
86304.1
85965.6
85635.6
85273.5
84921.4
84543.2
84103.8
83656.6
83242.7
82796.8
82381.7
82001.1
81622.1
81367.1
81237.3
81080.3
81058.8
81112.5
81145.9
81287.2
81492.6
81640.2
81876.7
82222
82454.7
82909.4
83501.8
84070.9
96294.7
96289.7
96284.3
96277.8
96270.2
96262.2
96255.2
96248.4
96240.6
96232.3
96222.6
96211.9
96201.7
96191
96179.3
96167.1
96155.5
96146.7
96141.4
96142.4
96148.1
96158
96171.1
96186.7
96203.9
96221.2
96238.5
96255.9
96273.6
96292.2
96311.7
96332.1
96353.6
96376.1
96399
96422.1
96445.6
96469.1
96492.4
96515.9
96539.3
96562.9
96586.7
96610.5
96633.6
96655
96674.7
96692.7
96709.2
96723.9
96735.6
96743.6
96758.2
96768.5
96781
96798.9
96822.2
96847.9
96872.9
96891.4
96901.1
96901
96891.6
96872.9
96844.9
96807.4
96760.6
96705.1
96640.3
96565.9
96481.5
96386.8
96281.6
96165.7
96038.4
95900.3
95751.4
95591.5
95422.2
95242.5
95052.6
94853.2
94645.8
94432.4
94211.7
93985.2
93754.7
93517.7
93277.7
93034.8
92791.7
92549.5
92305.4
92065
91828.8
91594
91368
91144.3
90928.3
90722
90524.5
90340.3
90165.8
90006.5
89857.9
89724.4
89606.5
89501.1
89413.8
89340.8
89281.4
89238.3
89209.3
89190.9
89184.3
89189.1
89201
89217.6
89242.3
89273
89299.9
89328.6
89360.2
89384.5
89402.9
89419
89429.9
89425.8
89408.5
89380.2
89347.2
89301
89256.6
89217.4
89176.6
89113.3
89045
88935.4
88799.3
88690.4
88593.2
88486.7
88385.4
88275.8
88182.3
88091.9
87988.6
87857.6
87734.5
87582.9
87413.2
87239.8
86948.4
86586
86242.9
85856.3
85493.6
85107.7
84685
84245.2
83845.3
83441.2
83044.9
82663.4
82266.1
81989.2
81842
81713
81719.8
81761.6
81800.4
81954.3
82154.2
82291.3
82513.1
82850.1
83053.7
83504.8
84081.3
84645.9
96868.3
96863
96856.8
96850
96842.2
96833.8
96826
96818.4
96808.7
96798.4
96787
96774.3
96761.6
96748.6
96734.5
96720.5
96707.8
96697.6
96691.1
96689.1
96693.4
96702.6
96715.9
96731.7
96749.5
96767.6
96784.5
96800.6
96816.4
96832.2
96848.2
96864.2
96880.7
96897.7
96915.1
96932.4
96949
96965.2
96980.7
96995.6
97010
97023.7
97036.5
97048
97058
97066.3
97073
97078.8
97083.1
97085.5
97087
97089.2
97082
97075.7
97071.1
97070.1
97072.7
97076.8
97079.6
97075.2
97063.5
97043.8
97015.7
96979.8
96935.6
96883
96822.6
96754.1
96677.2
96591.4
96496.4
96391.6
96277.2
96153
96017.9
95872.4
95716.5
95549.5
95374.4
95190.9
94997.5
94794.9
94583.9
94366.9
94142.6
93912.4
93679.2
93440.2
93198.5
92955.7
92711.7
92469.1
92226.9
91986.2
91751.5
91519.1
91292.3
91071.3
90855.8
90651
90455.3
90273
90101.7
89944.8
89800.6
89670.6
89555.7
89455.5
89370.7
89302.4
89247.9
89208.7
89185.3
89173.3
89173.1
89185.1
89206.1
89232.8
89266.1
89305.4
89345.1
89384.6
89428.3
89465
89500.7
89529.1
89558.8
89571.7
89574
89571.9
89560.1
89542.1
89526.6
89516.1
89492.3
89461.9
89400.5
89310.3
89201.7
89112
89051.4
88987.7
88908.6
88823.7
88758
88693.8
88602.2
88483.8
88378.5
88242.2
88085.4
87939.7
87667.3
87288.1
86909.2
86503.7
86137
85752.8
85324.8
84912.3
84509.4
84153.5
83782.1
83392.7
82990.5
82700.3
82510.7
82417.8
82447.1
82462.1
82513.9
82691.8
82874.1
83008.5
83230
83530.8
83711.9
84160.6
84714.4
85273.1
97440.6
97434.4
97427.5
97420
97411.7
97402.9
97393.9
97383.8
97372.8
97361.4
97349.3
97336.2
97322.6
97308.9
97295.1
97281.5
97268.6
97257.9
97250.5
97246.8
97248.8
97258.6
97272
97285.7
97303.8
97320.9
97336.1
97350.4
97363.6
97376.3
97388.6
97400.5
97412
97423.2
97434.6
97446.1
97456.7
97466.1
97474.3
97481
97486.3
97490.3
97492.3
97492.1
97489.9
97486.1
97480.4
97474.1
97466.7
97456.6
97444
97429.7
97413.1
97394.9
97375.6
97357
97338.5
97319.6
97302.3
97274.3
97241
97201.5
97155.1
97102.1
97042.1
96974.9
96900.7
96819.5
96730.6
96633.7
96528.9
96415.4
96293
96160.9
96018.5
95866.6
95705.3
95533.3
95352.4
95163.9
94966.5
94760.6
94546.8
94326.6
94100.4
93868.9
93633
93392.8
93150.1
92906.6
92662.3
92418.8
92177.8
91939
91704.7
91474.3
91248.1
91028.6
90815.3
90613.2
90419.7
90239.7
90071.4
89916
89774.9
89647.7
89535.7
89440
89358
89294
89244
89208.9
89190.4
89184.8
89191.5
89210.9
89240.3
89276.9
89320.7
89369.2
89421.8
89473
89530.1
89580.1
89633.9
89676.5
89724.4
89756.6
89779
89801.7
89811.7
89823.1
89839.4
89852.8
89854.9
89849.1
89812.8
89740.8
89665.1
89610.1
89583.8
89554.9
89488.7
89440.4
89412
89375.7
89285.5
89189.2
89094.1
88975
88820.3
88661.9
88436.1
88071.7
87644
87225.1
86845.2
86497.4
86049.8
85655.1
85256.6
84927.4
84590.1
84198.6
83804.5
83504.7
83274.2
83215.7
83242.1
83220.6
83301.6
83505.6
83654.7
83792.9
84029.5
84268.8
84436.5
84878.7
85407.7
85958.8
98009.1
98001.5
97992.5
97983
97972.5
97960.8
97948.4
97935.6
97922.5
97909.8
97897.2
97885.1
97872.8
97860.6
97849.2
97838.1
97827.9
97819.3
97814.3
97813.9
97816.3
97822.6
97833.9
97845.7
97857.7
97872.3
97886
97897.3
97906.7
97915.8
97924.7
97933.2
97940.9
97947.3
97952.7
97957.7
97962.3
97965.6
97967.1
97966.7
97963.6
97958.2
97950.3
97939.8
97926.7
97912
97896.7
97878
97855.8
97832.3
97806.7
97778.4
97748.4
97720
97685.6
97650.9
97613.8
97575.6
97533.5
97485.8
97433.1
97374.9
97311.3
97241.9
97166.7
97085.4
96998.1
96904.4
96804.4
96697.6
96583.8
96462
96332.3
96193.6
96044.6
95886.9
95720.9
95545.2
95360.1
95167.2
94966.2
94757.2
94540.4
94317.5
94088.7
93855.6
93618.4
93378.1
93135.9
92892.5
92648.3
92405.3
92165
91928.1
91694.7
91465.9
91241.2
91023.8
90812.7
90613.4
90423.4
90244.4
90080.4
89926.4
89787.7
89661.9
89552.7
89460
89380.4
89319.7
89274.8
89243.4
89229.8
89231.3
89244.4
89271.5
89309.6
89356
89409.9
89468.4
89534.2
89598.7
89669
89734.1
89805.6
89866.7
89929.6
89985
90029.2
90074.1
90107.3
90149.8
90198.2
90234.5
90267.4
90289.9
90295.5
90267.9
90219.4
90202.7
90202.9
90191.7
90150.4
90138.2
90146.4
90139.7
90061.9
89983.6
89884.4
89775
89637
89468.6
89272.6
88923.3
88486.7
88079
87666.3
87332.5
86882.3
86484.8
86098.5
85766.2
85462.2
85090.5
84714.3
84400.1
84150.1
84118.8
84111.6
84052.5
84183
84397.5
84500.3
84649.3
84898.3
85080.1
85231.4
85660
86168.5
86709.2
98472.7
98464.4
98453.7
98441.5
98427.8
98413.6
98399.2
98384.5
98369.5
98354.8
98340.9
98328.7
98317.7
98307.8
98298.9
98290.5
98283
98276.8
98273.6
98274
98277.4
98282.9
98291.7
98301.7
98312.1
98324.7
98337.6
98348.8
98357.8
98365.1
98371.5
98377.5
98382.8
98387.2
98389.2
98389.2
98388.5
98386.7
98383
98377
98368.4
98356.4
98341.1
98322.9
98301.6
98277.5
98251.7
98223.9
98192.6
98158.4
98122.6
98084.1
98043
98001.4
97955.8
97907.6
97856.4
97802
97743.8
97680.8
97613.2
97540.8
97463.4
97380.9
97293.3
97200.5
97102.4
96998.6
96889.5
96775.1
96655
96527.4
96391.8
96247.8
96094.1
95931.9
95762.1
95584
95396.4
95200.5
94996.3
94784.7
94566.1
94341.7
94112.6
93878.5
93640.6
93400.3
93158.2
92914.7
92671.2
92430.2
92191.4
91956.9
91725.6
91499
91276.2
91060.3
90852.5
90653.4
90466.6
90288.5
90126.5
89975.1
89837.8
89714.8
89607
89516.1
89439.4
89379.9
89339.8
89312.6
89302.5
89310
89329.2
89363
89409.1
89464.9
89528.8
89597.6
89674.3
89753
89834.9
89916.6
90003.1
90086.3
90161.7
90240
90307
90372.1
90429.4
90503.3
90580.3
90640.9
90703.4
90762
90799
90820.8
90813.7
90839.7
90865.6
90867.8
90866.3
90885
90914.4
90931.8
90898.8
90832.9
90725.1
90599.2
90496.8
90357.1
90166.5
89809.4
89431.3
89042
88593.6
88227.5
87782.8
87384.5
87019.5
86668.2
86382.5
86051.1
85700.6
85370
85123.2
85102.4
85048.5
84968.7
85163.2
85356.1
85408
85581.8
85835.4
85964.2
86097.6
86505.8
86997.9
87528.7
98828.3
98819.4
98806.8
98791.2
98774.8
98757.4
98740.1
98722.8
98705.6
98688.7
98673.4
98660.2
98649.7
98641.2
98634.2
98628.5
98624.1
98620.5
98618.5
98619.9
98624.5
98630.3
98638.1
98647.6
98658.2
98671.6
98685.5
98696.2
98705
98712.1
98718
98723
98727
98730.4
98730.7
98728.8
98724.5
98718.4
98711
98701.2
98688.5
98672.5
98652.8
98629.3
98602.2
98571.6
98538.5
98503.5
98465.6
98424
98380
98333.6
98284.1
98232.7
98177.7
98119.2
98057.5
97991.7
97922.1
97848.1
97769.8
97686.9
97599.3
97507.1
97410.2
97308.6
97202.2
97091.2
96975
96855.6
96731.2
96599.3
96459.5
96311.7
96155
95990.1
95817.3
95637
95447.7
95250
95044.5
94831
94611.3
94386
94156.2
93922.2
93684.8
93445.1
93203.3
92960.9
92718.4
92479
92242.6
92010.3
91781.9
91557.2
91336.5
91122.3
90917.1
90719.5
90535
90359.2
90197.2
90048.1
89911.6
89791.2
89685.6
89596.2
89524.1
89465
89427.6
89404.9
89398.3
89410.5
89435.7
89475.2
89528.6
89592.2
89665.7
89745.6
89832.3
89923.9
90018.1
90116.6
90214.3
90320.3
90409.9
90509.4
90599.4
90682.5
90765.6
90869.1
90970.5
91055
91147.2
91245.9
91316.3
91376.7
91419.9
91488.4
91543.7
91566.6
91599.1
91642.9
91691.1
91733.3
91772.8
91726.1
91604
91458.5
91379.1
91296.5
91110.9
90778.9
90420.9
90009
89540
89160.9
88743.6
88346.6
88007.3
87641.7
87353.6
87069.8
86751
86410
86177.3
86148.3
86048.5
85968.4
86236.3
86374.3
86386.5
86600.4
86838.5
86907.2
87035.7
87424.1
87899.9
88418.6
99141.7
99132.8
99118.9
99101.4
99082.3
99061.9
99040.3
99019
98998.3
98978.8
98961.5
98946.7
98935.1
98926.9
98921.9
98919.7
98919.4
98918.8
98919
98922.8
98929.3
98936.2
98944.1
98953.6
98964.7
98980.2
98996.8
99009.2
99016.3
99021.5
99028.2
99033.2
99036.6
99037.3
99037.7
99035.4
99029.4
99020.3
99009.3
98996.6
98980.7
98961.1
98937.9
98910.6
98879.2
98843.5
98804.2
98762.6
98718.6
98671.1
98620.2
98566.4
98509.4
98449.7
98386.5
98319.3
98248.7
98173.9
98094.9
98011.8
97924.5
97832.8
97736.7
97636.3
97531.6
97422.5
97309.2
97192.4
97071
96946.9
96819
96684
96540.7
96389.8
96230.6
96063.8
95889
95706.8
95516
95316.8
95110.6
94896.5
94676.3
94450.8
94220.6
93986.9
93750.2
93511.8
93271.5
93030.3
92789.5
92551.8
92317.5
92087.8
91861.7
91639
91421.3
91209.8
91007.2
90812.5
90629.8
90456.4
90295.1
90148.1
90013.1
89894.6
89791.4
89702.7
89634.6
89577.9
89542.2
89523.8
89521.1
89537.6
89568.4
89613.6
89673.7
89745.2
89827.9
89919.3
90017.8
90122.3
90230.1
90346.6
90454.9
90581.4
90690
90808.5
90924.4
91024.3
91133.8
91267.4
91391.5
91499.7
91622
91760.9
91874.9
91979.7
92070.4
92174.5
92262.1
92314
92378.3
92445.3
92510.3
92585.9
92704.8
92685.1
92532.9
92384.6
92332.6
92284.9
92131.8
91854.1
91394.4
90956.3
90519.9
90155.5
89784.4
89397.4
89075.6
88708.8
88408.9
88164.4
87880.1
87541.2
87313.8
87259.6
87125.2
87063.5
87398.2
87467.8
87456.2
87721.7
87903
87916.2
88046.7
88422.3
88872.8
89369.9
99422.7
99411.1
99394
99371.5
99349
99324.9
99300.3
99276.5
99253
99229.7
99207.1
99187.6
99173.2
99165.5
99163.5
99165.6
99170.7
99175.4
99180.4
99187.5
99195.6
99203.6
99211.7
99221.3
99235.3
99252.9
99269
99282.3
99291.9
99301
99306.7
99311.6
99315.4
99316.9
99315.9
99312
99305.6
99295.6
99281.4
99265
99246.5
99224.4
99198.2
99167.9
99133.2
99094.1
99050.2
99002.8
98953
98900.4
98844
98784.3
98720.6
98653.6
98583.4
98509.2
98431.3
98349.2
98262.7
98172.1
98077.3
97978.4
97875.3
97768.1
97656.9
97541.8
97422.7
97300.8
97175.9
97047.2
96916.8
96779.6
96633.6
96480.5
96319.5
96151.1
95975
95790.7
95598.8
95398.6
95191.7
94978
94758.2
94533.4
94304.2
94071.5
93836.1
93598.8
93360
93120.1
92881.5
92646.8
92415.4
92187.9
91964
91744
91529.9
91321.4
91121.3
90929.9
90748.6
90577.7
90417.6
90272.9
90139.7
90023.2
89922.5
89835.2
89768.6
89716
89682
89667.4
89669.2
89689.8
89726
89777.1
89844
89924
90015.8
90118.5
90229.2
90347.9
90468.9
90603.9
90726.2
90869
91001
91135.1
91279.6
91399.8
91532.9
91696.1
91843
91976.5
92127.8
92303.9
92462.9
92617.8
92755.7
92890.4
93014
93102.2
93201.4
93291.4
93377.1
93481.3
93634.4
93633.8
93495.3
93354.4
93321.5
93278.9
93160.6
92852.6
92354.6
91935.6
91582.4
91253.7
90910.4
90539.3
90221.9
89864.5
89558.8
89338.1
89083.8
88755.9
88527
88432.9
88283.3
88262.1
88634.9
88641.7
88643.4
88923.1
89024.5
89000.1
89136.6
89498.1
89916.4
90383.3
99665.7
99656.4
99638.5
99613.5
99585.6
99556.7
99528.7
99499.7
99470
99439.3
99411.2
99388.8
99374.2
99369.5
99372.2
99379
99388.4
99398.7
99409
99419.3
99429
99438
99446.8
99458
99475.6
99495.6
99509.6
99523
99535.1
99545.8
99553.6
99559.8
99564.3
99566.9
99566.2
99562
99554.4
99543.8
99529.2
99510
99488.3
99464.1
99435.9
99403.2
99366
99324.2
99277.5
99225.9
99170.8
99113.2
99052.3
98987.7
98919.1
98846.1
98769.7
98689.6
98605.5
98517.7
98425.3
98328.9
98228.2
98123.4
98014.5
97901.7
97785.2
97665.3
97541.7
97415.4
97287
97156
97023.3
96884.8
96737.1
96582.1
96419.9
96250.4
96073.2
95887.3
95694.1
95493.6
95286.9
95074.4
94855.8
94632.7
94405.3
94174.3
93940.8
93705
93467.1
93228.8
92993.7
92762.1
92534.2
92309.6
92088.5
91872.1
91660.9
91455.6
91258
91069.6
90890.3
90722.2
90563.6
90421.7
90290.3
90175.6
90076.8
89991.7
89926.1
89877.8
89846.3
89835.1
89841.1
89865.5
89908.1
89965.4
90039.8
90128.8
90230
90344
90466.6
90599.8
90734.9
90886.6
91027.2
91183.2
91341
91490.1
91660.3
91807.3
91963.3
92152
92322.6
92483.4
92665.6
92878
93080.3
93281.6
93470.4
93635.2
93798.3
93930.8
94071.8
94182.6
94293.4
94404.8
94549.5
94545.9
94470.5
94399.1
94323.8
94293.8
94134.6
93781.3
93364.3
93021.9
92741.1
92450.9
92134.5
91780.4
91444.2
91100.2
90799.8
90595.3
90359.1
90042.1
89812.2
89679.3
89531.1
89566.8
89931.1
89897.1
89938.6
90199.8
90210.1
90161.9
90309.5
90652.6
91031.6
91456.3
99891.1
99869.1
99847.8
99818.7
99787.6
99755.2
99724.1
99691.1
99655.4
99618.8
99586.8
99564.9
99551.3
99549.2
99557.7
99568.5
99581.1
99594.5
99608.2
99621.6
99633.9
99644.7
99655.9
99670.6
99690.8
99712.3
99731.5
99741.7
99752.3
99763
99772.5
99780.9
99787.4
99790.9
99791
99787.2
99779.2
99767.6
99752.7
99733.5
99709.4
99682.3
99652.7
99618.4
99579.3
99535.5
99486.7
99432.7
99373.8
99311.4
99246.4
99177.9
99105.4
99028.1
98946.8
98861.3
98772.1
98679.3
98582.5
98481.4
98376.1
98267
98153.4
98036.4
97915.6
97792.1
97665.2
97535.9
97406.1
97273
97138.2
96998.1
96849.3
96693
96530
96359.6
96181.9
95995.4
95801.4
95601.3
95395.4
95184.2
94967.5
94746.4
94521
94292.2
94060.8
93827.1
93591.4
93356
93124.4
92896
92671.7
92450.7
92233
92020.2
91812.5
91610.2
91415.9
91230.6
91054
90887.8
90732
90592.4
90463.2
90350.7
90253.6
90170.9
90106.8
90062.8
90034.3
90026.5
90036.3
90065.2
90114
90178.5
90260.4
90358.4
90469.7
90595.6
90730.8
90878
91028.7
91194.7
91356.4
91525.6
91708.7
91875.8
92065.2
92243.2
92425.2
92634.9
92830.4
93020.3
93237.2
93486.2
93730.3
93971.4
94209.9
94406.8
94610.8
94797
94987.4
95126
95269
95357.7
95500.4
95494.7
95465.5
95500.1
95357.7
95364.3
95091.4
94747.9
94454.3
94202.3
93979.1
93706.5
93417.6
93089.9
92734.9
92416.4
92120.3
91931.4
91702.8
91396.7
91167.2
91009.4
90875
90963
91279.2
91225.5
91322.9
91538.3
91473.2
91405.2
91563.3
91887.7
92216.5
92590.8
100090
100089
100042
100006
99964.7
99926.8
99892
99856.9
99817.5
99777.6
99741
99722.7
99708.7
99709
99720.4
99735.6
99750.8
99765.7
99781.6
99797.9
99813
99826.2
99841.1
99860.5
99881.7
99902.8
99920.8
99933.3
99944.3
99955.5
99967.2
99978.1
99986.5
99991.7
99992.8
99989.5
99981.9
99970.2
99954.7
99935.2
99911.5
99882.5
99850.4
99815.2
99775
99729.7
99679.4
99623.7
99562.7
99497
99427.7
99355.7
99280.1
99200
99115.1
99025.8
98932.4
98835.3
98734.5
98630
98520.9
98408.5
98291.7
98171.4
98047.7
97921.4
97792.4
97661.1
97530.1
97396.3
97260
97118.6
96969.1
96811.8
96648.3
96477.4
96299.6
96113.6
95919.5
95720.5
95515.5
95305.8
95091.2
94872.1
94648.9
94422.3
94193.4
93962.5
93730.3
93499.2
93271.2
93046
92825.5
92608.6
92395
92186.3
91982.3
91783.8
91592.8
91410.7
91237
91072.7
90921
90783.1
90656.6
90546.5
90451.1
90371.8
90310.4
90269.9
90244.8
90241.1
90255.6
90289.7
90344.1
90415.7
90505.3
90612.4
90734.2
90871.8
91020.7
91182
91349
91528.3
91712.1
91896.1
92101.3
92292.9
92497
92705.1
92916.6
93145.9
93366.9
93588.7
93841.9
94127.5
94411.1
94687.9
94967.1
95200.6
95442.1
95678.6
95914.3
96089.9
96273.7
96342.1
96484.8
96520.6
96524.9
96610.8
96439.2
96454.5
96104.1
95826.5
95626.8
95446.6
95275.1
95017.1
94744.5
94431.8
94075.4
93801
93504.3
93333.5
93107.4
92814
92589.6
92421.4
92311.6
92427.8
92677.6
92623.8
92780.1
92910.6
92809.3
92737.4
92900.5
93205.3
93477.8
93795.7
100302
100244
100205
100164
100118
100079
100041
100006
99961
99915.7
99880.6
99860.9
99850.9
99852.5
99865.8
99883.3
99899.5
99915.1
99932.7
99951.8
99969.4
99985.1
100003
100026
100049
100070
100088
100102
100114
100127
100141
100154
100165
100171
100173
100171
100164
100153
100138
100118
100094
100066
100032
99995.2
99954.6
99908.4
99857
99800.4
99738.1
99670.5
99598.3
99522.8
99444.2
99361.8
99274.7
99183.1
99086.5
98986.3
98882.1
98774.8
98663
98548
98429.2
98306.5
98180.9
98052.8
97922.6
97789.9
97658.1
97524.2
97387.1
97245
97095.2
96937.7
96773.9
96603.1
96425.2
96239.8
96046.8
95848.8
95645.5
95437.4
95225.1
95008.6
94788.2
94564.4
94338.5
94111.1
93883.3
93656.2
93432.2
93211.1
92994.8
92782.2
92573.2
92369.3
92168.9
91974.5
91787.2
91607.8
91437.1
91275.7
91128
90992
90869.1
90761.3
90668
90592.3
90535
90498.2
90477.5
90478.7
90498.9
90538.4
90598.3
90677
90773.9
90890.6
91023
91171.9
91334.6
91509.1
91693.9
91887.3
92091.4
92293.9
92518.3
92738.7
92958.1
93192.2
93435.3
93686.1
93931.2
94187
94475.4
94797.4
95117.8
95427
95740.1
96013.8
96287.9
96564.5
96832.9
97044.8
97248.1
97346.9
97453.1
97558.4
97659
97726.1
97577.3
97538.6
97198.4
96990.3
96877.5
96763.7
96618.8
96358.8
96107.1
95807.2
95461.3
95229.1
94934.4
94779.7
94558.1
94284.9
94074.6
93909.4
93816.9
93945.9
94127.2
94099.9
94283.9
94319.2
94203.5
94145.7
94303.1
94596.2
94811
95060.3
100404
100344
100325
100279
100237
100202
100165
100129
100085
100040
100007
99988.8
99980.4
99982.2
99995.1
100012
100029
100045
100064
100085
100105
100124
100145
100170
100194
100216
100235
100250
100265
100281
100297
100312
100324
100332
100335
100334
100329
100318
100304
100284
100260
100233
100200
100161
100119
100073
100021
99963.6
99901
99832.5
99758.8
99680.7
99599.3
99514.6
99425.9
99332.7
99234.6
99132.3
99026
98916.2
98802.8
98685.7
98565.5
98441.4
98314.7
98185.7
98055
97922
97789.5
97655.8
97518.4
97376
97226.2
97069.2
96905.5
96735.2
96557.8
96373.2
96181.5
95984.9
95783.9
95577.8
95368.4
95155.2
94938
94717.9
94495.9
94272.3
94048.7
93825.8
93606.2
93390.3
93178.7
92970.4
92766.8
92567.4
92370.9
92180.4
91996.6
91820.4
91653
91495.5
91351.8
91217.8
91098.8
90993.6
90903.6
90831.9
90779.5
90746.8
90731.8
90738.2
90764.3
90809.4
90875.4
90961.2
91065.6
91191
91333.2
91493.8
91669.9
91857.5
92060.1
92270
92493.4
92715.3
92958.7
93207.7
93445.9
93703.3
93978.8
94253.8
94523.4
94813.5
95133.8
95487.3
95841.9
96183.8
96529.5
96844.2
97148.3
97461.8
97756.3
98006.2
98198.5
98362.2
98447.6
98595.2
98832.5
98842.8
98751.8
98641.8
98364
98226.9
98185.4
98115
97984.9
97719.9
97480.6
97195.8
96883.2
96675.4
96397.5
96245.8
96037.2
95793.4
95608.2
95459.6
95377.2
95502.3
95620.2
95651.1
95823.3
95762.5
95644.2
95608.4
95764.1
96043.8
96203.5
96384.8
100411
100458
100418
100375
100333
100301
100263
100227
100185
100142
100112
100095
100088
100090
100103
100119
100135
100152
100174
100197
100218
100238
100263
100290
100315
100337
100358
100375
100393
100412
100430
100447
100460
100469
100474
100475
100471
100462
100448
100429
100406
100378
100346
100309
100265
100219
100167
100109
100046
99977.8
99903.7
99824.4
99741
99654.2
99564.2
99469.9
99371.3
99267.8
99160.8
99049.4
98935.1
98816.7
98695.7
98571.1
98444
98315.2
98184.5
98052
97919.2
97785.8
97648.8
97506.3
97356.9
97200.5
97037.5
96868.3
96691.8
96508.6
96318.3
96124
95925.5
95722.3
95516.3
95306.2
95092.7
94876.7
94659
94439.5
94219.8
94001.9
93787.5
93576.9
93369.8
93166
92967.3
92772.1
92579.7
92393.6
92213.9
92041.7
91878.2
91725.5
91585.7
91454.2
91339.1
91237
91151.2
91084.4
91037.3
91009.1
91000.3
91012.2
91044.3
91095.7
91167.9
91260.2
91371.8
91505
91657.1
91828.4
92018.2
92219.6
92438.3
92664.7
92908.4
93150.1
93412.2
93688.3
93949.8
94226.8
94532.3
94834.5
95130.2
95453.6
95805.9
96184.7
96569.9
96944.1
97319
97674.5
98007.6
98356
98679.1
98975.1
99158.8
99371.7
99485.7
99649.2
99979.2
99933.9
99913.6
99761.6
99576
99490.1
99501
99463
99325.1
99071.2
98845
98569.9
98307
98100.8
97859.9
97693.7
97511.2
97308.7
97159
97033.6
96959.1
97071.2
97147.5
97215.2
97365.4
97228.6
97111.4
97102.7
97267.3
97517.4
97630.4
97745.4
100538
100604
100514
100472
100424
100385
100347
100312
100272
100232
100203
100188
100183
100187
100199
100215
100231
100250
100273
100296
100319
100342
100368
100397
100423
100447
100470
100491
100511
100532
100552
100571
100585
100596
100602
100604
100602
100595
100582
100565
100542
100515
100484
100447
100405
100357
100305
100248
100185
100116
100043
99963.1
99878.7
99790.4
99698.8
99603.6
99504.7
99400.7
99293.6
99181.6
99067
98948.1
98826.7
98702.2
98575.3
98447.1
98316.9
98185.1
98053
97919.9
97783.4
97641.1
97492.4
97336.9
97175.2
97007.1
96832.2
96650.4
96462.3
96270.8
96075.3
95875.8
95673
95466.2
95256.9
95045.3
94832.1
94616.8
94402.1
94189.8
93980.8
93775.2
93572.8
93374.2
93179.8
92988.6
92801.2
92620.3
92445.6
92278
92118.9
91971.5
91835.1
91707.1
91596.2
91497.4
91416.7
91355.3
91314.1
91290.9
91288.6
91306.4
91345.1
91402.6
91480.8
91579.6
91698.6
91839.7
92002.1
92184.1
92387.5
92603.3
92838.2
93081.1
93344.2
93607
93886.6
94188.9
94477.9
94773.4
95103.6
95435
95759.3
96116.6
96502.4
96903.6
97315.5
97722
98123.1
98515.3
98875.9
99248.7
99595.6
99953.2
100154
100391
100530
100715
101073
101037
101075
100911
100810
100765
100815
100808
100651
100406
100196
99939.8
99727.1
99512.9
99317.5
99119
98977.6
98820.7
98713.4
98621
98559.9
98647.1
98699.8
98777.6
98887.7
98724.3
98605.3
98621
98786.5
98996.2
99066.4
99128
100837
100734
100632
100568
100509
100464
100426
100391
100356
100319
100292
100281
100279
100284
100295
100310
100328
100349
100372
100398
100422
100447
100475
100505
100533
100560
100586
100609
100632
100656
100679
100699
100715
100727
100735
100739
100739
100733
100723
100707
100685
100659
100629
100593
100552
100504
100452
100395
100332
100264
100191
100111
100027
99938.3
99845.5
99748.9
99649.3
99545.2
99438.1
99326.6
99211.7
99093.4
98972.1
98848.2
98721.9
98594.5
98465.5
98334.9
98203.8
98071.5
97935.6
97794
97646
97491.7
97331.8
97165.1
96992.2
96812.3
96627.2
96438.8
96247.3
96052
95852.8
95650.1
95445.3
95238.8
95030.3
94820.1
94611.3
94405.1
94201.9
94001.8
93805
93612
93422.2
93235.6
93054.4
92879.2
92709.9
92547.3
92393.1
92251
92118.2
91995.3
91889
91793.9
91719.1
91663.8
91629.1
91611.2
91615.8
91639.5
91684.5
91747.4
91832.4
91938.6
92066.2
92215.8
92389.1
92582.3
92799.7
93029.8
93281.4
93542.4
93824.1
94108.3
94405.3
94732.9
95051.2
95367
95717.6
96079.5
96436.9
96828.9
97246.6
97668.6
98106.4
98545.3
98972.4
99398.5
99781
100169
100525
100939
101169
101442
101598
101812
102142
102186
102271
102121
102082
102085
102148
102156
101986
101759
101554
101324
101146
100939
100780
100548
100455
100347
100281
100225
100184
100242
100271
100343
100400
100234
100138
100164
100323
100467
100508
100536
101053
100818
100739
100657
100595
100547
100507
100471
100436
100404
100382
100373
100372
100377
100390
100407
100426
100447
100472
100499
100525
100553
100582
100614
100645
100674
100703
100730
100757
100784
100809
100830
100848
100862
100873
100879
100880
100877
100869
100855
100835
100810
100781
100746
100707
100660
100608
100551
100489
100422
100349
100271
100187
100098
100006
99908.6
99808
99703.8
99596.3
99485.7
99370.9
99254.1
99133.4
99010.7
98885.7
98759.9
98632.6
98503.8
98374.1
98243.2
98108.2
97967.5
97820.2
97667.7
97509.8
97345.3
97174.7
96997.9
96816.1
96631.4
96444.5
96253.9
96059.5
95862
95662.4
95461.4
95258.3
95054.1
94851.5
94651.6
94454.8
94261.6
94071
93883.5
93699.2
93518.5
93344
93174.8
93011.1
92854.1
92705.8
92569.3
92440.7
92323.7
92221.8
92131.9
92064
92015.6
91987.4
91975.4
91986.8
92016.3
92066.6
92135.5
92227.8
92341.6
92478.7
92638
92822.1
93026.9
93258.2
93503.6
93771.7
94052.1
94351.7
94657
94973.8
95323.7
95670.5
96007.7
96378.2
96769.2
97161.7
97589.3
98041.2
98483.8
98940.5
99407.8
99857.2
100324
100729
101133
101486
101921
102188
102504
102699
102947
103226
103361
103486
103374
103395
103432
103488
103498
103327
103116
102920
102715
102556
102370
102228
101983
101937
101889
101850
101833
101806
101836
101841
101893
101899
101747
101679
101718
101854
101914
101934
101939
101100
100897
100812
100736
100677
100623
100575
100538
100510
100488
100471
100461
100461
100469
100483
100500
100520
100542
100568
100596
100626
100657
100690
100723
100756
100789
100821
100852
100883
100912
100939
100964
100984
101001
101014
101023
101027
101026
101020
101008
100991
100968
100941
100908
100869
100825
100774
100718
100656
100589
100518
100441
100359
100272
100180
100083
99983.1
99879.4
99772
99662.3
99548.1
99432.6
99313.7
99192.8
99069.9
98946.3
98821.3
98694.8
98566.8
98437.8
98304
98164.5
98018.7
97868.1
97712.6
97551
97383.5
97210.6
97033.2
96853.3
96671.2
96485.6
96297
96105.7
95912.6
95717.8
95520.6
95323.5
95128.3
94935
94745.1
94559.2
94375.1
94193.8
94015.8
93841.9
93674.4
93512
93354.7
93204
93062.5
92932
92808.5
92697.6
92600.1
92517.2
92457.4
92416.6
92394.5
92388.4
92406.3
92441.3
92496.7
92572.3
92671.7
92794.1
92940.9
93111.1
93307
93524.4
93768.5
94031.1
94313.5
94614
94932
95256.7
95595.6
95963.9
96338.1
96698.9
97089
97508.4
97935.4
98396.8
98882
99346.9
99816
100312
100779
101275
101722
102153
102504
102915
103246
103582
103826
104110
104347
104554
104718
104662
104729
104786
104838
104829
104672
104458
104280
104099
103956
103792
103654
103424
103409
103401
103395
103418
103419
103418
103401
103413
103379
103260
103204
103251
103352
103313
103315
103312
101088
100953
100864
100793
100734
100678
100630
100598
100579
100562
100548
100541
100542
100550
100565
100584
100605
100630
100658
100689
100722
100757
100793
100829
100866
100902
100939
100974
101008
101040
101071
101098
101122
101142
101158
101170
101177
101179
101176
101167
101153
101133
101108
101077
101041
100999
100950
100896
100835
100769
100699
100624
100544
100459
100369
100275
100176
100073
99967.8
99859.4
99747.2
99633.4
99517.1
99398.7
99278.7
99157.7
99035.5
98911.8
98786.6
98658.4
98526.2
98388.5
98245.2
98096.9
97944.1
97786.5
97623.2
97455
97283.2
97109.1
96932.1
96752
96569.9
96386.3
96201.1
96013
95822.9
95633.9
95446.7
95261.1
95078.7
94900
94723.2
94549.6
94379.3
94213.3
94053.3
93897.9
93747.4
93603.8
93469.8
93345.2
93227.1
93122.2
93030.2
92956.8
92905.9
92872.7
92855.7
92856.2
92879
92918.7
92979.2
93061.8
93169.1
93301.1
93458.9
93641.3
93849.4
94081.3
94337.6
94618.2
94915.2
95233.2
95570.5
95913.6
96274.3
96659.3
97057
97444.5
97854.7
98301.8
98761.3
99249.5
99761.2
100256
100736
101258
101745
102238
102732
103199
103569
103951
104350
104694
104977
105300
105513
105767
105969
105968
106072
106142
106185
106158
105990
105777
105632
105467
105343
105196
105063
104866
104861
104908
104926
104980
104989
104958
104907
104887
104815
104726
104693
104740
104789
104647
104639
104620
101067
100972
100893
100824
100767
100718
100678
100651
100633
100618
100607
100602
100606
100617
100633
100654
100679
100707
100739
100774
100811
100849
100889
100929
100970
101011
101052
101092
101130
101165
101199
101230
101258
101283
101302
101318
101329
101335
101335
101330
101320
101304
101282
101254
101221
101181
101135
101084
101026
100963
100895
100821
100743
100661
100574
100483
100388
100288
100185
100079
99970.3
99859.3
99746.4
99631.6
99515.2
99397.3
99278.4
99157.8
99034.8
98908.2
98778.3
98643.5
98503.6
98358.8
98209.7
98056.7
97898.7
97736.3
97571.6
97404
97233.2
97059.4
96884.7
96709.8
96532.7
96352.7
96171.6
95991.7
95813.1
95635.8
95461.7
95290.7
95122.4
94958.1
94797.1
94640.2
94487.8
94339.8
94196.6
94061
93934.8
93815.8
93704
93605.2
93520.9
93458.8
93416.4
93390.1
93377.3
93384.6
93410.1
93453.3
93518.9
93608.7
93725.1
93868.5
94038
94234.6
94454.6
94701
94970.2
95268.2
95581
95915.9
96271
96631.8
97011.7
97413.3
97828.8
98247.1
98678.6
99145.8
99637.3
100154
100683
101206
101695
102231
102752
103233
103746
104230
104647
105030
105464
105835
106154
106510
106726
107004
107229
107280
107404
107487
107509
107472
107275
107075
106967
106819
106711
106566
106442
106277
106246
106421
106421
106493
106507
106447
106349
106297
106209
106130
106114
106152
106123
105898
105871
105838
101033
100955
100886
100823
100772
100731
100697
100672
100655
100642
100635
100636
100644
100657
100677
100701
100729
100761
100797
100835
100876
100918
100962
101007
101052
101098
101142
101186
101228
101268
101307
101342
101375
101403
101427
101447
101462
101472
101477
101476
101470
101458
101440
101416
101386
101350
101308
101260
101206
101146
101082
101012
100937
100857
100773
100686
100595
100500
100401
100299
100194
100087
99978
99867.2
99755
99641.1
99525.9
99408.9
99289.1
99166
99038.8
98907.8
98772.1
98632
98488
98340.5
98188.7
98033.4
97876.5
97716.2
97552.2
97386
97219.9
97053.7
96885
96714.3
96543.3
96373.4
96203.9
96035.9
95870.9
95708.4
95549.5
95395.2
95244
95096.6
94952.8
94813.6
94679.1
94553.1
94435.2
94322.4
94218.5
94127.5
94054.2
94003.6
93968
93947.7
93939.9
93952
93978.2
94025.8
94096
94195
94321.2
94478.7
94661.4
94872.9
95106
95367
95651.3
95962.9
96293.9
96644.8
97015.7
97398.3
97795
98210.7
98642
99090.5
99547
100031
100546
101092
101635
102172
102684
103220
103786
104277
104789
105262
105726
106133
106578
106995
107348
107731
107972
108268
108506
108608
108742
108832
108827
108768
108569
108390
108308
108180
108078
107943
107810
107691
107595
107873
107882
107970
108001
107903
107769
107679
107588
107517
107503
107531
107406
107118
107050
106993
100985
100918
100858
100803
100758
100721
100693
100671
100656
100648
100647
100652
100663
100680
100703
100731
100763
100799
100838
100880
100924
100971
101019
101068
101117
101167
101216
101264
101311
101356
101398
101438
101475
101508
101537
101561
101581
101595
101605
101609
101607
101600
101587
101567
101542
101510
101472
101428
101378
101323
101262
101196
101126
101050
100970
100887
100800
100709
100615
100518
100419
100316
100212
100106
99998.3
99889.1
99778.1
99664.9
99549.1
99429.9
99307.3
99181.2
99050.9
98916.6
98779
98638.1
98493.6
98346.5
98197.2
98044.1
97888.1
97731
97574.4
97417.2
97257.7
97097.4
96936.8
96776.9
96617.6
96460.6
96305.7
96152.6
96003.9
95859.6
95718.6
95581.3
95448.2
95319.5
95195.5
95080.6
94971.9
94866.7
94771.7
94691
94630.3
94589
94559.3
94545.4
94543.5
94558.5
94585.9
94637.3
94713.8
94823.4
94960.3
95132.1
95328.6
95554.3
95800.9
96077.4
96377.3
96702.1
97050.6
97419.5
97806.9
98210.2
98624.5
99052.2
99499.3
99975.5
100458
100961
101487
102049
102624
103164
103709
104228
104824
105344
105869
106327
106817
107255
107705
108160
108549
108955
109229
109541
109791
109934
110079
110165
110118
110039
109852
109707
109633
109530
109432
109325
109221
109149
108986
109242
109415
109453
109410
109266
109098
108994
108887
108847
108818
108825
108599
108277
108108
108055
100905
100850
100799
100754
100715
100685
100662
100646
100637
100634
100637
100647
100663
100685
100713
100745
100781
100822
100865
100912
100961
101012
101065
101119
101174
101229
101283
101337
101389
101439
101487
101533
101575
101613
101647
101678
101703
101723
101739
101749
101753
101751
101743
101730
101710
101684
101651
101612
101568
101518
101463
101402
101337
101267
101193
101115
101033
100947
100858
100767
100673
100577
100479
100379
100277
100173
100068
99959.6
99849.1
99735.1
99618.4
99498.5
99375.1
99248.2
99118.4
98985.6
98849.5
98711.2
98569.8
98425.2
98279
98132.5
97986
97838.7
97690
97540.7
97391.1
97242.5
97094.8
96949.9
96806.4
96664.4
96526.9
96393.2
96263.4
96138.3
96017.9
95901.5
95790
95687.1
95587.4
95490.8
95405.8
95337.4
95287.9
95253.3
95230
95221.8
95224.6
95240.6
95273.3
95329.5
95413.1
95532.7
95678.8
95860
96069.8
96309.9
96572.2
96862.3
97177.4
97516.2
97877.7
98264.9
98665.4
99086.2
99516.8
99955.4
100415
100916
101425
101940
102486
103048
103637
104186
104755
105264
105860
106399
106942
107398
107915
108395
108857
109324
109750
110160
110472
110794
111040
111217
111372
111452
111356
111249
111085
110975
110896
110809
110723
110658
110609
110567
110425
110608
110819
110752
110645
110463
110267
110138
110040
110002
109966
109914
109629
109274
109013
108971
100784
100739
100698
100663
100633
100611
100595
100586
100583
100587
100597
100613
100635
100662
100695
100733
100775
100821
100870
100923
100978
101035
101095
101155
101216
101277
101338
101398
101457
101514
101568
101621
101670
101715
101757
101794
101826
101854
101876
101893
101904
101910
101909
101903
101890
101871
101846
101814
101777
101734
101685
101631
101574
101511
101443
101373
101298
101219
101138
101053
100966
100877
100786
100693
100598
100501
100402
100301
100198
100091
99981.7
99870.1
99755
99637
99516.3
99392.7
99266.5
99137.7
99006.3
98872.8
98738.3
98603
98466.8
98330.2
98193.1
98055.7
97918.7
97783.1
97648.4
97516
97385
97256.3
97132.1
97011.5
96895.2
96784.6
96678.6
96575.5
96478.1
96387.5
96296.5
96209.5
96136.7
96081.1
96040.1
96011.6
95995.4
95991.5
95998
96016.7
96058.6
96122.1
96212.7
96336.6
96488.5
96676.2
96897.1
97149.7
97428.3
97730.7
98060.9
98409.5
98782.3
99182.4
99592.8
100028
100475
100928
101391
101902
102447
102979
103533
104089
104655
105223
105797
106327
106892
107428
107979
108452
109010
109539
110017
110489
110937
111338
111668
111995
112222
112424
112594
112668
112517
112381
112254
112164
112070
111980
111898
111842
111798
111732
111695
111830
111888
111708
111637
111435
111252
111093
110968
110917
110900
110806
110496
110130
109824
109683
100602
100568
100539
100515
100496
100483
100476
100475
100481
100493
100511
100535
100564
100599
100639
100683
100733
100786
100843
100902
100965
101030
101096
101164
101233
101302
101371
101439
101506
101572
101635
101696
101754
101808
101858
101904
101946
101982
102014
102040
102060
102075
102083
102086
102082
102072
102056
102034
102006
101972
101933
101888
101839
101785
101727
101666
101600
101531
101459
101384
101306
101226
101143
101059
100972
100884
100794
100701
100607
100509
100409
100307
100202
100095
99985
99872.6
99757.8
99640.8
99521.9
99401.4
99279.3
99155.6
99030.8
98905.7
98781.2
98657.2
98534.4
98412.8
98291.8
98173.2
98056.7
97944.3
97836.3
97732.2
97632.7
97538.2
97447.8
97359.2
97276.9
97197.7
97116.1
97041.8
96982.9
96937.4
96902.6
96881
96871.4
96871.6
96883.6
96911.4
96961.9
97027.8
97120.5
97246.3
97404.8
97596.8
97824.8
98084.1
98372
98687.9
99030.7
99390.4
99771.9
100180
100599
101039
101500
101965
102431
102941
103505
104061
104616
105188
105726
106282
106832
107388
107917
108450
109017
109515
110115
110672
111156
111631
112077
112467
112795
113112
113330
113533
113717
113783
113572
113418
113329
113235
113121
113005
112900
112812
112744
112646
112655
112743
112749
112445
112429
112200
112025
111860
111680
111674
111627
111540
111206
110836
110491
110219
100339
100318
100301
100289
100283
100281
100285
100295
100311
100333
100361
100394
100433
100477
100526
100579
100638
100700
100766
100835
100906
100981
101057
101134
101213
101292
101371
101449
101527
101603
101677
101748
101817
101882
101944
102001
102054
102103
102146
102183
102215
102242
102262
102276
102284
102286
102283
102272
102256
102234
102207
102175
102137
102095
102049
101999
101945
101888
101828
101765
101700
101631
101561
101488
101412
101335
101256
101175
101091
101005
100917
100826
100733
100638
100541
100442
100341
100237
100132
100025
99915.6
99805.3
99694.1
99582.3
99471.9
99362.8
99255.1
99148.4
99042.7
98940.1
98841.1
98747.7
98659.2
98574.7
98494.3
98418.4
98344.9
98272.4
98206.3
98138.5
98067.8
98008.7
97962.8
97924.1
97895.6
97882
97878.7
97884.6
97903.4
97939.3
97989.4
98054.1
98148.6
98279.5
98445.2
98645.2
98878.2
99136.9
99429.6
99746.6
100097
100465
100846
101264
101680
102121
102585
103059
103536
104036
104585
105162
105741
106327
106855
107375
107892
108451
108963
109521
110099
110607
111226
111768
112259
112739
113144
113516
113841
114133
114345
114536
114726
114774
114535
114349
114276
114163
114017
113872
113752
113673
113611
113528
113456
113447
113358
113026
113046
112776
112589
112398
112252
112228
112166
112040
111729
111357
110986
110630
99967.5
99961.1
99958.8
99961
99968
99980
99997.4
100020
100049
100083
100122
100167
100218
100273
100334
100399
100469
100542
100619
100700
100784
100870
100958
101047
101138
101230
101322
101413
101504
101593
101681
101766
101849
101928
102004
102076
102144
102207
102264
102317
102364
102406
102441
102471
102494
102512
102523
102529
102528
102522
102510
102493
102471
102444
102413
102378
102340
102298
102253
102205
102154
102101
102046
101988
101927
101865
101800
101733
101664
101592
101518
101442
101364
101282
101201
101116
101030
100941
100849
100757
100663
100569
100474
100378
100284
100191
100100
100011
99923.7
99841
99762.8
99690.7
99623.7
99561.6
99503.1
99448.3
99393.6
99340.6
99291.5
99235.5
99179
99135.2
99098.3
99065.3
99041.1
99037.9
99040.3
99051.1
99073.5
99108.2
99155
99223
99323.1
99457.3
99622.6
99822.5
100054
100310
100600
100903
101267
101624
102003
102430
102832
103274
103727
104207
104684
105173
105706
106283
106865
107430
107970
108500
108998
109542
110062
110636
111197
111719
112315
112810
113305
113764
114120
114480
114793
115054
115248
115424
115610
115642
115373
115157
115089
114954
114767
114611
114519
114485
114386
114331
114140
113969
113749
113500
113406
113161
112975
112774
112625
112545
112536
112330
112016
111652
111270
110891
99456.8
99466.6
99480.4
99498.7
99521.6
99549.4
99582.3
99620.4
99663.8
99712.6
99766.8
99826.3
99890.9
99960.7
100035
100115
100199
100286
100378
100473
100572
100673
100776
100881
100987
101095
101203
101311
101418
101524
101629
101732
101833
101930
102025
102115
102201
102283
102360
102432
102499
102560
102615
102664
102707
102744
102775
102801
102820
102834
102842
102844
102842
102835
102824
102808
102789
102766
102740
102711
102679
102644
102607
102568
102526
102482
102435
102386
102335
102281
102224
102166
102105
102043
101976
101908
101838
101765
101692
101617
101541
101465
101388
101311
101237
101163
101092
101024
100960
100902
100848
100801
100759
100722
100688
100657
100623
100593
100560
100516
100476
100447
100412
100385
100375
100374
100378
100387
100406
100436
100488
100561
100660
100785
100941
101127
101348
101594
101872
102185
102530
102881
103257
103649
104063
104488
104920
105391
105853
106340
106858
107398
107952
108495
109050
109601
110102
110643
111173
111716
112245
112787
113325
113784
114270
114664
114995
115342
115622
115845
116018
116178
116350
116359
116070
115829
115752
115608
115403
115240
115119
115009
114829
114753
114593
114331
114076
113791
113599
113381
113168
112958
112706
112721
112672
112440
112132
111770
111369
111006
98773
98800.8
98832.7
98869
98910.1
98955.9
99006.6
99062.4
99123.5
99189.8
99261.4
99338.2
99420.2
99507.4
99599.5
99696.4
99797.7
99903.3
100013
100126
100243
100362
100484
100609
100735
100862
100990
101119
101247
101375
101502
101627
101750
101870
101988
102102
102212
102318
102419
102516
102607
102692
102772
102847
102915
102977
103034
103085
103129
103168
103201
103229
103252
103270
103283
103292
103297
103298
103296
103290
103281
103270
103255
103238
103219
103197
103172
103144
103114
103081
103046
103007
102967
102924
102878
102830
102780
102728
102675
102621
102567
102512
102457
102404
102352
102303
102257
102215
102178
102147
102123
102105
102092
102083
102077
102071
102062
102053
102035
102007
101985
101960
101930
101918
101915
101909
101905
101906
101919
101949
102000
102068
102157
102271
102414
102581
102777
103009
103274
103569
103880
104219
104569
104948
105345
105733
106153
106600
107037
107522
108005
108484
109016
109528
110067
110607
111127
111668
112197
112701
113205
113724
114203
114657
115119
115463
115788
116084
116309
116493
116642
116767
116932
116914
116621
116352
116229
116073
115867
115705
115471
115242
115048
114883
114784
114547
114239
113911
113660
113454
113188
112993
112688
112712
112586
112405
112098
111756
111346
111009
97888
97935.2
97986.7
98042.8
98103.6
98169.4
98240.2
98316.1
98397.2
98483.7
98575.5
98672.7
98775.3
98883
98995.9
99113.6
99236.1
99363.1
99494.4
99629.6
99768.5
99910.8
100056
100204
100354
100506
100659
100813
100967
101122
101275
101428
101579
101728
101874
102018
102158
102294
102426
102553
102675
102792
102903
103009
103109
103203
103291
103373
103449
103520
103585
103644
103698
103747
103791
103830
103865
103895
103922
103945
103965
103981
103995
104005
104012
104016
104017
104015
104010
104002
103991
103977
103960
103941
103919
103896
103871
103844
103816
103787
103759
103730
103703
103678
103655
103636
103621
103609
103604
103604
103611
103624
103643
103665
103690
103711
103728
103742
103737
103728
103719
103696
103681
103678
103665
103646
103630
103619
103622
103644
103678
103731
103805
103901
104021
104160
104326
104527
104757
105013
105299
105609
105931
106285
106631
106988
107391
107798
108218
108675
109098
109540
110050
110487
110988
111500
112011
112539
113063
113536
114024
114520
114957
115403
115821
116132
116450
116696
116867
117015
117123
117199
117330
117279
116995
116689
116490
116335
116106
115926
115642
115391
115231
114975
114800
114581
114229
113870
113565
113349
113095
112895
112665
112528
112396
112220
111933
111606
111214
110888
96869.5
96935.4
97005.9
97081.2
97161.5
97246.8
97337.4
97433.2
97534.6
97641.6
97754.2
97872.4
97996.1
98125.5
98260.3
98400.4
98545.6
98695.7
98850.5
99009.7
99173
99340.1
99510.8
99684.5
99861.1
100040
100221
100403
100587
100771
100954
101138
101320
101501
101680
101857
102031
102201
102367
102529
102687
102840
102987
103129
103265
103396
103520
103639
103752
103859
103960
104055
104144
104229
104308
104382
104451
104516
104576
104632
104684
104732
104776
104817
104854
104888
104918
104945
104968
104988
105005
105019
105029
105037
105043
105047
105050
105052
105054
105055
105058
105061
105068
105076
105088
105104
105122
105145
105172
105204
105243
105289
105341
105396
105452
105501
105546
105577
105588
105600
105597
105588
105589
105572
105539
105505
105472
105444
105432
105432
105442
105466
105511
105576
105661
105769
105900
106060
106245
106464
106714
106969
107252
107556
107865
108207
108546
108914
109313
109704
110083
110538
110962
111331
111808
112299
112809
113325
113789
114222
114690
115152
115566
115972
116349
116644
116961
117167
117287
117386
117445
117479
117535
117444
117194
116845
116574
116438
116176
115931
115686
115476
115266
115011
114740
114467
114101
113687
113313
113068
112873
112628
112394
112274
112123
111910
111663
111338
110997
110670
95898.6
95979.7
96065.7
96157
96253.6
96355.6
96463.1
96576.1
96694.6
96818.8
96948.9
97085
97227
97375.1
97529.1
97688.8
97854.2
98024.9
98200.8
98381.7
98567.2
98757.1
98951
99148.7
99349.7
99553.8
99760.4
99969.1
100179
100391
100603
100815
101027
101239
101449
101657
101862
102065
102265
102460
102652
102839
103021
103198
103369
103535
103695
103849
103997
104139
104276
104406
104531
104649
104763
104871
104973
105071
105164
105252
105336
105415
105489
105560
105627
105689
105748
105803
105854
105901
105945
105986
106024
106059
106092
106124
106155
106186
106219
106250
106284
106321
106361
106404
106449
106497
106547
106601
106658
106720
106789
106864
106946
107030
107112
107185
107253
107297
107330
107356
107365
107376
107370
107332
107285
107231
107177
107132
107096
107066
107047
107038
107047
107076
107121
107187
107279
107397
107542
107721
107911
108123
108376
108639
108911
109198
109467
109812
110162
110499
110876
111275
111647
112051
112511
112999
113546
113966
114332
114774
115234
115657
116052
116429
116756
117025
117296
117434
117507
117559
117579
117565
117572
117428
117227
116863
116554
116367
116134
115864
115665
115455
115159
114920
114626
114281
113896
113455
113023
112729
112552
112319
112045
111963
111775
111579
111343
111031
110712
110389
95073.5
95165.9
95263.5
95366.8
95475.6
95590.2
95710.6
95837
95969.4
96107.9
96252.3
96402.7
96559.2
96722
96891.1
97066.4
97247.9
97435.2
97628.2
97826.7
98030.3
98238.8
98452
98669.4
98890.8
99115.7
99343.7
99574.4
99807.4
100042
100278
100514
100751
100988
101224
101459
101692
101922
102150
102374
102595
102811
103023
103230
103431
103628
103818
104003
104182
104354
104521
104682
104837
104986
105129
105267
105399
105525
105646
105762
105873
105979
106080
106177
106269
106356
106440
106519
106594
106666
106734
106798
106860
106920
106978
107034
107090
107146
107203
107264
107327
107392
107461
107532
107607
107682
107760
107842
107926
108013
108106
108203
108302
108402
108511
108603
108682
108739
108790
108828
108856
108876
108856
108808
108744
108669
108599
108532
108464
108402
108353
108314
108287
108278
108288
108317
108368
108446
108553
108688
108840
109030
109238
109454
109689
109928
110187
110496
110804
111110
111453
111805
112185
112622
113067
113551
114067
114374
114743
115224
115677
116077
116441
116775
117031
117231
117417
117542
117597
117610
117591
117544
117486
117309
117142
116813
116488
116218
116022
115800
115616
115368
115055
114784
114467
114087
113684
113248
112797
112458
112270
112056
111824
111610
111433
111277
111035
110749
110436
110118
94398.2
94498.9
94605.2
94717.2
94835.2
94959.2
95089.4
95225.8
95368.7
95517.9
95673.5
95835.5
96003.8
96178.4
96359.4
96546.9
96740.9
96941.2
97147.5
97359.8
97577.7
97801.1
98029.6
98262.9
98500.6
98742.3
98987.6
99236
99487.2
99740.7
99995.9
100253
100510
100768
101025
101281
101536
101789
102040
102288
102532
102773
103009
103241
103468
103689
103905
104115
104319
104518
104710
104896
105077
105251
105419
105581
105737
105888
106033
106172
106306
106435
106558
106677
106790
106899
107003
107103
107198
107290
107378
107463
107545
107625
107704
107781
107859
107937
108017
108099
108184
108273
108365
108460
108556
108657
108764
108871
108978
109085
109195
109308
109420
109539
109653
109756
109842
109915
109984
110031
110073
110089
110064
110013
109938
109851
109764
109670
109569
109476
109396
109326
109269
109230
109206
109201
109217
109261
109335
109435
109556
109704
109863
110044
110274
110492
110757
111039
111311
111579
111917
112251
112620
113025
113472
113932
114339
114625
115106
115579
115976
116327
116662
116952
117174
117345
117492
117607
117622
117601
117541
117466
117355
117158
116997
116725
116398
116096
115879
115692
115512
115262
114968
114639
114299
113916
113511
113081
112623
112251
112039
111770
111577
111312
111165
111004
110750
110476
110205
109906
93861.8
93968.5
94081.1
94199.7
94324.4
94455.4
94592.8
94736.8
94887.3
95044.5
95208.5
95379.1
95556.5
95740.6
95931.3
96128.4
96332
96542.2
96758.9
96981.9
97210.9
97445.9
97686.2
97931.8
98182.3
98437.1
98695.9
98958.3
99223.9
99492.3
99762.8
100035
100309
100583
100857
101131
101403
101674
101943
102210
102474
102734
102989
103241
103488
103730
103966
104197
104421
104640
104853
105060
105261
105455
105644
105826
106002
106172
106336
106495
106647
106794
106936
107072
107204
107330
107451
107567
107679
107787
107892
107993
108092
108189
108284
108378
108473
108569
108666
108765
108868
108975
109084
109197
109317
109440
109567
109692
109816
109938
110061
110186
110312
110440
110560
110667
110762
110850
110928
110987
111033
111045
111024
110975
110897
110803
110697
110579
110452
110329
110218
110121
110038
109970
109914
109879
109868
109886
109930
109995
110085
110204
110338
110511
110723
110920
111177
111434
111669
111934
112276
112578
112926
113308
113735
114153
114514
114909
115352
115760
116127
116463
116781
117060
117282
117430
117553
117619
117604
117561
117476
117365
117223
117017
116855
116620
116307
116003
115762
115573
115395
115175
114879
114515
114159
113777
113371
112942
112482
112086
111841
111535
111328
111104
110961
110767
110501
110228
110001
109740
93447.1
93558.2
93675.4
93798.7
93928.4
94064.5
94207.2
94356.6
94512.8
94675.9
94846
95023.1
95207.2
95398.3
95596.2
95800.8
96012.1
96229.9
96454.5
96685.8
96923.3
97167
97416.4
97671.4
97931.6
98196.4
98465.6
98738.8
99015.4
99295.1
99577.4
99861.9
100148
100435
100722
101009
101296
101581
101864
102145
102423
102698
102969
103236
103499
103756
104009
104255
104496
104731
104960
105183
105400
105611
105815
106013
106204
106390
106569
106743
106910
107072
107228
107378
107523
107663
107798
107927
108052
108173
108291
108405
108517
108626
108735
108842
108950
109059
109171
109282
109395
109516
109641
109770
109906
110047
110188
110327
110464
110598
110730
110864
110999
111131
111256
111372
111477
111578
111663
111729
111771
111782
111764
111719
111645
111546
111427
111294
111150
111003
110866
110742
110630
110532
110450
110393
110362
110354
110369
110411
110489
110594
110718
110881
111051
111237
111479
111699
111909
112202
112507
112809
113146
113518
113919
114317
114707
115101
115493
115872
116233
116560
116861
117126
117321
117449
117537
117588
117579
117512
117408
117268
117108
116904
116745
116524
116216
115924
115680
115482
115302
115087
114787
114419
114044
113663
113254
112831
112377
111961
111686
111381
111138
110930
110769
110566
110303
110042
109828
109595
93134.8
93249
93369.4
93496.2
93629.4
93769.1
93915.5
94068.9
94229.2
94396.6
94571.3
94753.1
94942.1
95138.3
95341.4
95551.5
95768.6
95992.5
96223.1
96460.5
96704.3
96954.5
97210.8
97472.8
97740.2
98012.6
98289.6
98570.8
98855.8
99144
99435.2
99728.7
100024
100320
100618
100915
101212
101507
101801
102093
102383
102669
102952
103230
103505
103774
104038
104297
104551
104798
105039
105274
105503
105726
105942
106152
106355
106553
106744
106929
107108
107281
107448
107609
107764
107914
108059
108199
108334
108466
108593
108717
108838
108957
109075
109192
109309
109428
109544
109668
109797
109926
110063
110206
110354
110506
110657
110805
110951
111095
111236
111376
111516
111652
111783
111907
112023
112132
112219
112287
112327
112336
112319
112276
112206
112107
111984
111843
111689
111529
111371
111220
111081
110958
110857
110782
110729
110698
110698
110731
110798
110887
110999
111138
111288
111474
111693
111888
112092
112399
112681
112988
113311
113671
114049
114437
114830
115202
115585
115965
116318
116630
116916
117149
117326
117445
117523
117571
117551
117466
117343
117186
117019
116824
116663
116445
116131
115862
115613
115415
115225
115005
114712
114345
113953
113572
113171
112751
112299
111871
111575
111266
110999
110787
110613
110400
110153
109912
109703
109486
92906
93022.4
93145.1
93274.2
93409.9
93552.2
93701.4
93857.6
94020.9
94191.4
94369.2
94554.4
94746.8
94946.6
95153.6
95367.7
95589
95817.3
96052.5
96294.3
96542.8
96797.8
97058.9
97326
97598.6
97876.4
98159.2
98446.3
98737.4
99032
99329.6
99629.7
99931.8
100235
100540
100844
101149
101452
101754
102054
102352
102646
102938
103225
103508
103786
104059
104327
104589
104846
105096
105340
105578
105810
106035
106253
106466
106672
106871
107065
107252
107433
107608
107778
107941
108099
108251
108399
108541
108680
108814
108945
109074
109200
109324
109448
109571
109697
109823
109954
110091
110231
110377
110528
110683
110841
110998
111154
111308
111459
111607
111753
111899
112038
112175
112306
112428
112538
112628
112698
112734
112743
112725
112681
112609
112512
112388
112244
112086
111919
111749
111580
111419
111276
111159
111069
111002
110959
110951
110974
111021
111096
111195
111314
111456
111635
111846
112028
112240
112541
112819
113110
113425
113774
114140
114520
114901
115269
115649
116028
116372
116681
116951
117168
117350
117460
117532
117560
117519
117422
117287
117122
116950
116776
116602
116379
116066
115806
115564
115363
115165
114941
114655
114290
113889
113505
113115
112690
112237
111809
111495
111167
110892
110697
110507
110284
110044
109823
109621
109415
92744
92861.8
92986.1
93116.8
93254.1
93398.2
93549.3
93707.4
93872.8
94045.5
94225.6
94413
94607.8
94810.1
95019.8
95236.8
95461
95692.4
95930.7
96175.9
96427.7
96686
96950.6
97221.3
97497.6
97779.3
98066
98357.3
98652.7
98951.8
99254
99558.8
99865.8
100174
100484
100794
101103
101412
101720
102026
102329
102630
102927
103220
103509
103794
104073
104348
104616
104879
105136
105386
105631
105868
106100
106325
106544
106756
106962
107161
107354
107541
107722
107897
108066
108229
108387
108540
108688
108831
108970
109106
109239
109370
109499
109628
109755
109889
110023
110162
110304
110449
110600
110756
110915
111075
111238
111401
111561
111718
111871
112022
112171
112315
112457
112591
112716
112827
112917
112985
113023
113033
113015
112967
112892
112791
112667
112522
112362
112192
112015
111837
111664
111507
111377
111275
111199
111148
111131
111143
111177
111244
111333
111439
111569
111743
111954
112131
112357
112641
112911
113188
113499
113842
114204
114577
114948
115316
115694
116067
116409
116717
116974
117192
117371
117470
117535
117546
117492
117388
117243
117076
116904
116743
116559
116329
116017
115758
115529
115324
115121
114892
114609
114250
113845
113458
113075
112648
112193
111768
111438
111089
110821
110640
110445
110207
109970
109766
109567
109372
92634.2
92753
92878.2
93009.9
93148.3
93293.6
93445.9
93605.4
93772.2
93946.3
94127.9
94316.9
94513.4
94717.3
94928.8
95147.7
95373.9
95607.4
95847.9
96095.3
96349.4
96610
96876.9
97149.9
97428.8
97713.1
98002.5
98296.6
98594.9
98897
99202.4
99510.4
99820.7
100133
100446
100759
101072
101385
101696
102006
102314
102618
102919
103217
103510
103799
104083
104361
104634
104901
105162
105417
105666
105908
106144
106373
106596
106813
107022
107226
107423
107614
107799
107977
108150
108317
108478
108635
108786
108932
109075
109214
109350
109484
109617
109750
109884
110021
110160
110303
110448
110597
110751
110910
111072
111236
111401
111567
111732
111893
112050
112204
112356
112505
112649
112786
112912
113022
113114
113180
113219
113229
113210
113159
113081
112977
112851
112705
112543
112371
112192
112010
111832
111669
111529
111416
111330
111272
111246
111251
111281
111345
111429
111526
111648
111824
112028
112206
112439
112709
112971
113241
113547
113887
114246
114613
114980
115348
115722
116091
116435
116743
116996
117210
117379
117478
117535
117536
117475
117367
117213
117049
116876
116721
116530
116289
115983
115723
115502
115298
115091
114858
114575
114221
113817
113426
113047
112621
112165
111743
111400
111042
110779
110604
110406
110156
109926
109732
109533
109348
92564.5
92683.9
92809.7
92942.1
93081.2
93227.2
93380.4
93540.7
93708.3
93883.4
94065.8
94255.8
94453.3
94658.4
94870.9
95091
95318.7
95553.5
95795.3
96044.1
96299.6
96561.7
96830.1
97104.7
97385.1
97671.1
97962.2
98258
98558.2
98862.2
99169.6
99479.7
99792.1
100106
100421
100737
101053
101368
101682
101994
102304
102611
102915
103215
103511
103802
104088
104370
104645
104915
105179
105437
105688
105933
106172
106404
106629
106848
107061
107267
107466
107660
107847
108028
108203
108372
108536
108694
108847
108996
109140
109282
109421
109557
109693
109829
109966
110105
110247
110392
110539
110691
110846
111006
111170
111336
111503
111672
111839
112003
112163
112320
112475
112626
112772
112910
113036
113147
113237
113303
113342
113351
113330
113279
113199
113094
112965
112818
112655
112481
112300
112116
111937
111771
111626
111507
111415
111351
111319
111318
111348
111409
111491
111585
111706
111880
112076
112258
112488
112752
113008
113276
113579
113917
114272
114636
115000
115368
115739
116106
116450
116760
117015
117219
117383
117487
117537
117532
117467
117353
117196
117040
116861
116708
116511
116262
115963
115701
115484
115282
115072
114835
114551
114202
113800
113405
113029
112606
112150
111731
111376
111015
110760
110584
110380
110124
109902
109712
109513
109339
92525.3
92645
92771.2
92903.9
93043.5
93189.9
93343.5
93504.3
93672.4
93848
94031
94221.5
94419.6
94625.2
94838.3
95058.9
95287.9
95523.4
95765.9
96015.4
96271.7
96534.6
96803.9
97079.3
97360.7
97647.6
97939.6
98236.4
98537.6
98842.7
99151.3
99462.5
99776
100091
100408
100724
101041
101358
101673
101987
102298
102606
102912
103213
103511
103804
104091
104374
104651
104923
105188
105447
105700
105947
106187
106420
106647
106868
107082
107289
107490
107685
107873
108056
108232
108402
108567
108727
108881
109031
109177
109321
109461
109599
109736
109873
110012
110152
110295
110441
110590
110742
110898
111059
111224
111391
111560
111729
111898
112063
112226
112385
112541
112693
112840
112979
113105
113215
113304
113370
113409
113418
113397
113345
113264
113158
113029
112880
112716
112541
112358
112174
111994
111827
111680
111559
111463
111397
111362
111358
111386
111445
111527
111620
111742
111912
112104
112288
112515
112776
113030
113297
113598
113935
114288
114650
115012
115380
115749
116114
116459
116769
117026
117225
117386
117493
117539
117533
117465
117348
117190
117036
116857
116702
116500
116249
115952
115691
115474
115274
115062
114823
114538
114190
113791
113395
113020
112599
112145
111729
111365
111003
110753
110574
110365
110109
109892
109703
109506
109337
92508.9
92628.7
92754.9
92887.8
93027.5
93174.1
93327.9
93488.9
93657.2
93833
94016.2
94207
94405.3
94611.2
94824.7
95045.7
95274.6
95510.5
95753.4
96003.2
96259.9
96523.1
96792.8
97068.6
97350.3
97637.6
97930
98227.3
98528.8
98834.2
99143.6
99455.2
99769.1
100085
100402
100719
101037
101354
101669
101983
102295
102604
102910
103212
103511
103804
104093
104376
104654
104926
105192
105452
105705
105952
106193
106427
106655
106876
107090
107298
107500
107695
107884
108067
108244
108415
108581
108741
108896
109046
109193
109337
109477
109616
109754
109892
110031
110172
110315
110461
110610
110763
110920
111081
111246
111414
111583
111753
111922
112088
112251
112411
112568
112721
112868
113007
113133
113243
113332
113398
113437
113446
113424
113372
113291
113185
113055
112906
112742
112566
112383
112198
112018
111850
111703
111581
111485
111417
111381
111377
111403
111462
111543
111637
111758
111926
112117
112302
112528
112788
113042
113308
113608
113945
114297
114659
115020
115387
115756
116120
116464
116775
117033
117230
117390
117497
117542
117535
117467
117348
117190
117035
116859
116702
116497
116246
115950
115689
115473
115273
115060
114821
114535
114188
113791
113395
113020
112601
112148
111732
111363
111000
110753
110572
110360
110105
109890
109701
109505
109340
81248.1
81928.5
82688.7
83524.1
84401.6
85302.5
86232.2
87214.2
88249.4
89315.1
90392
91450.1
92481.2
93482.4
94399.8
95166.3
95773.9
96141
96295.4
96354.8
96207.4
95916.8
95504.9
95070.3
94421
81303.5
81992.8
82757.8
83596.6
84473
85372.3
86298.9
87279.8
88312.5
89374.7
90448.6
91501.1
92527.2
93526.2
94437.7
95199
95799.4
96160.7
96305.3
96360.2
96210.9
95915.7
95501.9
95066.2
94418.1
81380.2
82076.4
82845.5
83687.9
84560.8
85455.1
86377.9
87358.1
88387.1
89445.2
90516.4
91562.5
92583.7
93579.7
94484.9
95240.9
95833.9
96183.6
96318.8
96364.6
96216.1
95917.2
95499.1
95060.9
94417.5
81490.5
82192.4
82966.5
83809.6
84676.2
85561.2
86480.5
87459.7
88483.6
89537.2
90604.9
91643.2
92658.5
93648.6
94545.8
95294.6
95881.4
96220.1
96339.8
96374.7
96224.3
95921
95499.3
95058.1
94421.2
81637
82343.8
83122.9
83961.9
84816.3
85691.4
86609.1
87586.6
88603.7
89653.7
90715.4
91743.5
92750.4
93732.3
94619.7
95360.6
95942.2
96268.4
96366.4
96389.7
96235.7
95924.8
95501.5
95056.1
94429.8
81820.5
82532.4
83315.7
84141.7
84982
85849.2
86767.3
87740.3
88750
89796.3
90847.8
91862.3
92858.9
93832.7
94708.1
95441.6
96014
96323.1
96397.3
96408.6
96250.5
95928.2
95506.4
95055
94443.8
82040.1
82758.1
83540.9
84350.7
85175.9
86038.7
86957.3
87922.7
88924.4
89964.1
91001.5
92001.2
92988.4
93951.8
94811.7
95538.6
96095.8
96394.7
96435.2
96434.6
96268.2
95932.2
95513.7
95055.3
94463.3
82296.1
83020
83795.2
84590.6
85401.8
86263.1
87179.5
88133.7
89127.7
90157
91178.5
92163.5
93141.5
94087.8
94932
95650.9
96189.1
96478
96482.3
96467.6
96287.5
95937.8
95523.1
95057.7
94487.5
82590.4
83317.1
84083
84860.8
85664.1
86525.1
87434.9
88373.9
89361.6
90376
91381
92350.3
93316.2
94239.4
95071.5
95776.7
96295.9
96570.6
96537.1
96505
96309.2
95945.3
95534.4
95063.4
94515
82926.3
83650.9
84406.9
85163.8
85964.7
86822.4
87721.6
88647.1
89627.2
90622.3
91610.9
92561.3
93510.1
94405.8
95226
95914.6
96414.7
96669.2
96600.2
96548.3
96333.1
95954.6
95547.2
95073.4
94546
83306.4
84026.1
84764.9
85503.2
86303.7
87155.6
88039.8
88957.1
89923.7
90897.7
91869.2
92795.2
93720
94587.8
95391.1
96064.7
96543
96775.9
96671.2
96597.7
96358.4
95966
95561.7
95088
94581.7
83729
84442.7
85155.4
85885.4
86686.7
87526.2
88394.1
89304.5
90251.9
91203.8
92155.4
93052.5
93944.7
94789.3
95568.8
96225.4
96679.6
96891.2
96752.6
96652.6
96385.5
95979.9
95578.2
95107.5
94623.9
84196.9
84897.5
85584.6
86316.5
87116
87934.4
88787.7
89689.8
90613.9
91542.4
92471.8
93334.2
94188.5
95012.8
95764.9
96395.4
96825.8
97012.7
96846.2
96714.6
96414.9
95996.6
95597
95131.9
94671.7
84709.9
85395.5
86062.4
86800
87583
88382
89220.1
90112.8
91011.2
91916.2
92819.8
93639.9
94461.1
95260.8
95983.1
96578.6
96984.2
97141.9
96949.1
96781.2
96446.8
96016.1
95617.8
95161.1
94724.6
85273.5
85933.1
86596
87333.1
88087.7
88872.3
89693.4
90573.9
91445.1
92321.2
93188.1
93975.8
94765.6
95534.5
96222.9
96780.4
97153.6
97276.9
97060.4
96850.3
96480.8
96038.1
95640.8
95195
94782.4
85890.9
86517.1
87182.1
87908.3
88641.6
89404
90209.2
91073.6
91916.7
92755.4
93570.8
94344.8
95093.7
95834.8
96485.2
97001.5
97331.1
97415.7
97178.4
96923.4
96517
96062.2
95666.2
95233.3
94844.7
86561.1
87156.1
87815.4
88522.3
89244.5
89977.5
90769.1
91614.3
92424.3
93221.8
93986.4
94734.5
95446.1
96163.3
96773.1
97241.1
97520.9
97561.7
97301.8
97001.1
96554.6
96087.7
95694
95275.9
94911.5
87289.7
87856.3
88497.2
89184.9
89893
90595.6
91374.5
92197.2
92969
93725.6
94445.8
95143.8
95827.3
96513
97083.8
97498.9
97723.8
97714.6
97429.2
97082.1
96592.8
96113.9
95724.3
95322.7
94982.3
88079.5
88627.4
89243.9
89913.9
90596.6
91273.1
92038.8
92834.5
93563.2
94271
94944.1
95591.3
96242.3
96885.8
97417.4
97782.6
97946.5
97881.3
97566.1
97169.7
96634.7
96143
95759.5
95377.5
95064.3
88934.5
89469.9
90065.2
90710.7
91362
92017.2
92767.6
93530.9
94203
94857.2
95482.6
96079.5
96685.1
97279.5
97765.6
98085.2
98189.8
98066.5
97714.8
97265.7
96683
96176.5
95800.5
95442.1
95158.5
89852.2
90381.5
90955.3
91566.8
92184.8
92821.3
93549.8
94273.3
94878
95484.8
96057.3
96601.8
97140.4
97688.1
98119.7
98392.4
98440.9
98260.4
97866.7
97364.1
96735.8
96212.7
95844.1
95511.2
95256.7
90831.7
91362.7
91908.5
92480.4
93064.8
93681.6
94382.4
95062.2
95590.4
96143.1
96648.2
97155
97623.4
98104.9
98485.7
98704.2
98697
98459.2
98021.6
97464.8
96792.7
96252.5
95890.1
95584.1
95358.2
91874.4
92403.9
92918.2
93450
94001.4
94588.6
95247.5
95896.5
96329.3
96801.4
97244.9
97722.5
98127.9
98537.2
98862.4
99022.1
98958.3
98662.7
98178.9
97568
96853.3
96296.5
95938.8
95660
95462.2
92986.8
93495.7
93974.6
94470.9
94990.4
95554.4
96151.6
96750.6
97104.4
97463.4
97864.1
98300.2
98645.1
98983.3
99248.4
99346.9
99224.1
98870.1
98336.3
97674
96917.5
96345
95990
95737.9
95570.3
94159.2
94625.8
95066.3
95528.4
96010.6
96561.4
97115.5
97620
97913.4
98156
98511.3
98888.5
99170.5
99439.7
99642.9
99676.4
99492
99079.4
98492.9
97783.3
96985.1
96397.1
96043.4
95816.4
95675.5
95384.6
95795.4
96190.7
96612.9
97049.1
97545
98051.9
98477.9
98732.1
98887.3
99170.1
99481.4
99703.9
99902.4
100041
100009
99761.8
99289.8
98648.7
97893.9
97055.3
96451.4
96098.6
95893.7
95772.4
96664.9
96998.7
97346.4
97727.5
98114
98519.4
98920.3
99306.7
99544.2
99636.9
99833.4
100077
100240
100368
100441
100343
100033
99499.3
98803.9
98005
97126.6
96506.8
96155
95967.8
95856.5
97967.8
98216.7
98512.3
98846.1
99161.3
99506.7
99767.1
100118
100345
100381
100498
100670
100767
100825
100833
100669
100295
99701.9
98953.9
98115.3
97196.5
96561.9
96210.7
96033.5
95921.5
99291.1
99442.5
99672.6
99942.5
100161
100467
100610
100904
101124
101112
101154
101249
101279
101272
101214
100985
100549
99896.4
99098.8
98225.1
97264.4
96617.2
96264.5
96090.9
95965.7
100618
100666
100825
101010
101129
101380
101457
101660
101869
101825
101790
101813
101785
101715
101593
101297
100799
100087
99242.4
98337.5
97332.7
96675.6
96318
96141.2
95989.4
101931
101879
101960
102046
102063
102232
102293
102403
102573
102505
102401
102363
102283
102152
101964
101605
101043
100273
99383
98452.2
97402.3
96735.9
96370.8
96183.7
95992.2
103217
103058
103058
103064
102999
103040
103099
103143
103241
103145
102990
102900
102770
102582
102328
101906
101282
100454
99520.1
98560.7
97479.7
96796.9
96422.6
96218.6
95976.4
104445
104180
104100
104041
103924
103868
103887
103889
103885
103753
103563
103422
103243
103001
102686
102200
101514
100628
99654.2
98664.9
97559.4
96858.3
96473.2
96246.8
95948
105611
105225
105100
104911
104772
104696
104653
104628
104527
104351
104133
103937
103707
103410
103033
102483
101736
100796
99784.9
98766.2
97640.3
96920.5
96522.4
96270
95916.8
106728
106230
106117
105728
105599
105495
105400
105339
105190
104972
104721
104472
104180
103825
103383
102766
101958
100962
99919.4
98865.8
97724.8
96985.5
96571.5
96291.3
95894.9
107717
107172
107022
106536
106402
106216
106089
105992
105827
105574
105298
105003
104652
104240
103729
103046
102176
101125
100051
98965.2
97810.9
97052.4
96620.1
96312.5
95889.2
108502
108017
107706
107290
107087
106849
106698
106590
106405
106097
105812
105496
105099
104633
104058
103310
102382
101280
100176
99061.5
97895.6
97119.3
96667.4
96335.6
95893.5
109155
108745
108289
107947
107675
107447
107252
107115
106934
106583
106269
105946
105515
105001
104366
103559
102574
101427
100292
99154.4
97978.1
97185.8
96713.5
96362.2
95908.7
109759
109334
108814
108463
108174
107959
107762
107557
107388
107090
106720
106359
105898
105346
104654
103791
102753
101564
100398
99243.6
98057.7
97252.5
96758.8
96393.1
95941.7
110267
109742
109197
108848
108533
108312
108176
107961
107762
107554
107188
106759
106262
105670
104923
104006
102918
101691
100496
99328.5
98134
97319.2
96803.2
96428
95982.3
110561
109946
109467
109131
108783
108551
108440
108287
108084
107915
107598
107135
106610
105971
105171
104204
103069
101809
100586
99408.3
98207
97385.5
96846.6
96466.5
96036.2
110623
110055
109685
109303
108946
108735
108618
108498
108348
108207
107926
107469
106926
106243
105398
104386
103205
101915
100668
99483
98279.3
97451
96889.1
96507.3
96092.8
110597
110138
109767
109337
109014
108871
108793
108670
108546
108428
108181
107756
107202
106487
105605
104551
103329
102012
100742
99552.5
98355.5
97516.4
96930.9
96548.5
96146
110514
110098
109710
109325
109046
108955
108927
108843
108715
108592
108381
107997
107442
106707
105794
104700
103440
102100
100808
99616.2
98437
97583.2
96973.3
96588.2
96197.9
110334
109955
109636
109364
109130
109020
108994
108979
108887
108759
108569
108219
107669
106921
105977
104846
103548
102185
100872
99678.3
98527.8
97657.7
97020.9
96628.4
96248.6
110084
109766
109518
109335
109169
109047
109015
109047
109020
108921
108744
108411
107869
107114
106144
104977
103646
102263
100933
99732.9
98613.9
97730.7
97071.8
96664
96277.4
109845
109581
109377
109236
109119
109027
109011
109065
109083
109025
108873
108555
108024
107265
106275
105081
103725
102325
100984
99773.3
98677
97785.4
97123.4
96690.3
96286.1
109656
109434
109267
109166
109077
109008
109002
109061
109109
109089
108962
108663
108142
107383
106379
105164
103791
102377
101026
99805.5
98722.9
97825
97153.9
96710.2
96289.1
109512
109325
109191
109116
109049
108996
108996
109055
109123
109130
109026
108744
108233
107473
106461
105230
103845
102421
101060
99831.4
98756.9
97854.8
97177.8
96725.7
96288.1
109396
109247
109150
109086
109026
108981
108986
109049
109131
109157
109071
108804
108301
107543
106525
105283
103889
102456
101087
99852.4
98782.6
97877.8
97196.8
96738.6
96284.9
109313
109200
109126
109068
109008
108967
108976
109043
109134
109174
109103
108848
108351
107595
106576
105326
103926
102486
101110
99870.3
98801.8
97896.1
97212
96749.7
96281
109263
109177
109112
109052
108993
108956
108969
109038
109136
109187
109126
108880
108387
107634
106615
105361
103957
102511
101129
99885.2
98816.5
97910.5
97224
96759.3
96278.3
109238
109164
109101
109039
108982
108949
108964
109036
109137
109195
109143
108902
108413
107663
106645
105389
103982
102531
101145
99897.9
98827.9
97921.5
97233.3
96767.3
96276.2
109227
109156
109093
109031
108976
108946
108962
109035
109139
109202
109155
108919
108432
107684
106667
105410
104002
102548
101158
99908.6
98836.9
97929.9
97240.4
96773.4
96273.4
109223
109151
109088
109027
108973
108945
108962
109035
109141
109207
109164
108931
108446
107700
106684
105426
104018
102562
101169
99917.7
98844.1
97936.5
97245.7
96778
96271
109224
109151
109089
109028
108975
108947
108965
109038
109145
109212
109171
108940
108457
107712
106697
105438
104030
102573
101178
99925
98850.1
97941.7
97249.6
96781.9
96269
109230
109156
109095
109034
108981
108952
108970
109042
109149
109218
109178
108949
108468
107724
106709
105451
104043
102586
101189
99933.9
98857
97946.5
97252.7
96784.8
96266.8
)
;

boundaryField
{
    inlet
    {
        type            zeroGradient;
    }
    outlet
    {
        type            waveTransmissive;
        phi             phi;
        rho             rho;
        psi             psi;
        gamma           1.3;
        fieldInf        100000;
        lInf            0.3;
        value           nonuniform List<scalar> 
57
(
94492
94492.4
94496.2
94506
94522.4
94546.3
94577.5
94614.8
94657.6
94706.4
94768.2
94824.3
94883.8
94946.3
95011.6
95079.3
95149.3
95221.2
95301.5
95391.8
95483.8
95577.2
95657.3
95753.6
95854.7
95957.2
96058.6
96151.6
96233.7
96305.5
96364.2
96408.3
96437.2
96452.4
96458.3
96460.9
96466.4
96481
96506.2
96542.3
96586
96634.6
96685.7
96736.5
96788.9
96837.7
96875.7
96904.2
96924.9
96939.7
96949.9
96957.2
96962.5
96964.6
96965.1
96964.4
96962.8
)
;
    }
    upperWall
    {
        type            zeroGradient;
    }
    lowerWall
    {
        type            zeroGradient;
    }
    frontAndBack
    {
        type            empty;
    }
}


// ************************************************************************* //
