/*--------------------------------*- C++ -*----------------------------------*\
| =========                 |                                                 |
| \\      /  F ield         | OpenFOAM: The Open Source CFD Toolbox           |
|  \\    /   O peration     | Version:  dev                                   |
|   \\  /    A nd           | Web:      http://www.openfoam.org               |
|    \\/     M anipulation  |                                                 |
\*---------------------------------------------------------------------------*/
FoamFile
{
    version     2.0;
    format      ascii;
    class       volScalarField;
    object      p_0;
    location    "9.14";
}
// * * * * * * * * * * * * * * * * * * * * * * * * * * * * * * * * * * * * * //

dimensions      [1 -1 -2 0 0 0 0];

internalField   nonuniform List<scalar> 
12225
(
102621
102468
102270
102037
101771
101487
101191
100902
100617
100353
100103
99885.5
99678.7
99514.7
99334.3
99156.2
98964.1
98422.8
102608
102460
102263
102031
101765
101481
101185
100896
100611
100348
100098
99879.5
99673.6
99508.3
99323
99180.6
98981.8
98766.3
102588
102444
102249
102017
101751
101468
101173
100883
100599
100336
100087
99866.2
99665
99492.9
99324.7
99187.9
99077.5
99008.1
102557
102417
102225
101994
101729
101445
101152
100863
100580
100316
100069
99847.7
99647.8
99476.1
99304
99206.3
99141.4
99009.8
102512
102377
102189
101958
101695
101412
101122
100832
100552
100288
100044
99821.3
99627.5
99453.1
99297.7
99208.1
99128.9
99023.9
102449
102321
102135
101907
101645
101364
101077
100789
100511
100254
100006
99787.3
99593.8
99423.8
99275.7
99181.8
99109.5
98962.5
102367
102244
102060
101835
101576
101299
101014
100729
100452
100188
99952
99734.1
99545.7
99380.2
99242
99126.1
99077.9
98931.1
102272
102156
101975
101753
101498
101224
100942
100661
100387
100127
99891.9
99676.1
99490.5
99328.4
99196.6
99082.6
99040
98942.3
102175
102062
101884
101664
101414
101143
100865
100587
100317
100061
99827.7
99615.5
99432
99269.9
99143.8
99039.7
98981.8
98926.4
102047
101936
101763
101547
101301
101037
100762
100489
100224
99972.8
99743.6
99533.1
99352.1
99196.2
99070.7
98965.7
98904.6
98849.3
101880
101771
101602
101392
101152
100894
100626
100359
100100
99854.3
99627.8
99423.1
99244.8
99092.4
98965.8
98864.3
98788.5
98726.4
101666
101551
101389
101186
100955
100704
100445
100185
99933.3
99694.2
99474.4
99274.2
99098.9
98947.9
98822.1
98718.1
98631
98561.9
101369
101261
101106
100913
100692
100452
100203
99953.6
99711.4
99481.7
99268.3
99074.5
98903.4
98754.7
98627.1
98521.7
98426.9
98350.2
100975
100876
100733
100552
100344
100118
99883
99647
99417.2
99198.2
98994.1
98808.6
98642
98494.8
98365.7
98252.7
98160.5
98079.9
100471
100376
100245
100080
99888.7
99679.8
99462.5
99243.3
99029.1
98824.3
98632.5
98456.6
98297.3
98154.8
98028.4
97916.9
97819.8
97736.3
99790.5
99725.5
99614.2
99468.7
99298.7
99111.7
98915.9
98717.5
98522.6
98335.6
98160.2
97997.8
97849.3
97714.9
97594.1
97485.8
97389
97302.6
98959.9
98906
98815.2
98693.2
98548.3
98387.6
98218.1
98045.7
97875.4
97711.1
97556.2
97412
97279.1
97157.8
97047.4
96947.2
96856.3
96774
98014.7
97976.1
97905.7
97808.3
97690.4
97558.3
97417.7
97273.6
97130.4
96992.1
96861.3
96739.4
96626.6
96522.8
96427.5
96340.2
96260.2
96187.2
97121.4
97093.1
97040.5
96965.1
96871.8
96765.3
96650.9
96533.3
96416.5
96303.6
96196.8
96097
96004.5
95918.7
95839.8
95767
95699.7
95637.9
96368.8
96347.3
96307.3
96248.7
96174.2
96088.2
95995.7
95900.9
95807.2
95716.6
95630.9
95550.3
95474.9
95405
95340.4
95280.9
95225.8
95174.9
95767.6
95741.9
95709.2
95662.2
95601.3
95531.6
95457.5
95381.8
95307.2
95235.3
95166.6
95101.5
95040.1
94983.4
94931.1
94883
94838.6
94797.4
95279.8
95262.8
95236.2
95196.5
95146.2
95089.5
95029.6
94968.8
94909.1
94851.2
94795.6
94742.5
94692.9
94647.2
94605.2
94566.5
94531
94498.1
94905
94893.6
94870.4
94836.4
94794.6
94747.7
94698.5
94648.7
94599.7
94552.4
94506.6
94463.1
94422.9
94386.1
94352.4
94321.4
94293
94266.7
94627.6
94614.8
94593
94563.4
94528.1
94488.8
94447.6
94406.1
94365.1
94325.4
94287.3
94251.5
94218.7
94188.8
94161.6
94136.5
94113.5
94092.3
94420.9
94409.2
94389.1
94362.5
94331.7
94297.9
94262.4
94226.8
94191.7
94157.8
94125.7
94096
94068.6
94044
94021.6
94001
93982.1
93964.7
94272.7
94262.3
94243.5
94219
94191.4
94161.5
94130.1
94098.7
94068.1
94038.6
94010.9
93985.4
93962.1
93941.1
93922.3
93904.9
93889
93874.4
94172.7
94162
94143.9
94120.9
94095.6
94068.3
94039.9
94011.5
93983.8
93957.4
93932.8
93910.3
93889.8
93871.4
93854.8
93839.7
93825.9
93813.2
94110.9
94097.7
94080.2
94057.8
94034.3
94009
93982.5
93955.9
93930.2
93905.8
93883.2
93862.6
93843.9
93827
93812
93798.3
93785.8
93774.2
94072.1
94059.8
94040
94021.3
93999.4
93975.4
93950.1
93924.7
93900.1
93876.8
93855.3
93835.7
93817.9
93802
93787.8
93774.9
93763.1
93752.1
94064
94044.7
94024.6
94006
93984.6
93961.1
93936.3
93911.4
93887.3
93864.5
93843.4
93824.2
93806.8
93791.3
93777.4
93764.9
93753.4
93742.6
100931
100932
100933
100934
100936
100937
100938
100938
100938
100936
100933
100929
100924
100918
100911
100903
100895
100886
100877
100868
100859
100851
100844
100838
100833
100828
100825
100821
100818
100816
100814
100815
100817
100819
100823
100829
100834
100839
100846
100854
100863
100873
100885
100899
100915
100933
100952
100974
100998
101025
101055
101088
101124
101163
101206
101252
101303
101358
101418
101483
101553
101629
101711
101798
101891
101992
102099
102212
102332
102459
102593
102733
102881
103034
103195
103361
103533
103710
103891
104076
104264
104454
104647
104839
105032
105225
105418
105609
105799
105986
106170
106351
106531
106708
106882
107054
107225
107397
107572
107751
107936
108125
108318
108515
108714
108912
109108
109301
109492
109686
109880
110070
110253
110422
110569
110688
110776
110828
110840
110809
110732
110608
110435
110214
109949
109644
109301
108921
108507
108065
107595
107098
106616
106164
105707
105231
104740
104245
103772
103333
102935
102584
102290
102048
101838
101667
101536
101434
101373
101352
101372
101417
101478
101544
101623
101699
101788
101865
101974
102083
102230
102426
102637
102880
103074
103166
103325
103603
103909
104300
104746
105224
105761
106340
106910
107408
107760
107915
107848
107567
100969
100970
100970
100971
100973
100974
100974
100974
100973
100971
100967
100963
100957
100950
100943
100934
100925
100915
100906
100896
100886
100877
100869
100861
100854
100849
100843
100838
100834
100831
100829
100828
100828
100828
100829
100833
100836
100837
100839
100845
100854
100864
100873
100883
100896
100911
100928
100947
100968
100992
101020
101050
101083
101120
101160
101204
101252
101305
101362
101424
101493
101566
101646
101731
101822
101921
102025
102137
102255
102381
102513
102652
102798
102951
103110
103276
103447
103623
103804
103989
104177
104367
104559
104752
104945
105138
105331
105523
105713
105901
106086
106268
106449
106627
106804
106978
107150
107323
107499
107680
107867
108057
108252
108452
108654
108855
109056
109252
109444
109640
109839
110032
110214
110384
110533
110655
110742
110791
110801
110771
110696
110573
110405
110193
109940
109645
109310
108937
108532
108096
107634
107143
106653
106196
105743
105273
104788
104291
103819
103389
102998
102656
102367
102126
101916
101738
101602
101504
101444
101426
101446
101496
101564
101632
101712
101790
101883
101954
102078
102186
102344
102559
102757
102986
103158
103263
103428
103719
104034
104424
104855
105321
105856
106435
107005
107492
107830
107973
107896
107603
101042
101043
101043
101043
101044
101044
101044
101043
101041
101038
101034
101027
101020
101012
101003
100993
100982
100970
100959
100947
100936
100925
100915
100906
100897
100889
100882
100875
100869
100863
100857
100853
100849
100844
100841
100838
100836
100835
100834
100832
100832
100835
100842
100849
100857
100866
100878
100892
100908
100927
100950
100975
101003
101034
101069
101108
101151
101199
101252
101311
101374
101442
101517
101598
101686
101780
101881
101989
102105
102227
102356
102492
102636
102787
102945
103109
103279
103455
103635
103820
104008
104199
104392
104586
104780
104973
105166
105357
105548
105736
105921
106104
106286
106467
106648
106826
107002
107178
107356
107541
107732
107927
108123
108324
108530
108736
108944
109149
109347
109548
109752
109948
110133
110303
110454
110579
110665
110711
110720
110693
110623
110508
110353
110158
109923
109646
109326
108969
108580
108158
107708
107235
106742
106273
105824
105362
104887
104400
103925
103511
103134
102805
102525
102281
102069
101881
101741
101652
101596
101584
101602
101664
101747
101821
101904
101996
102098
102149
102307
102418
102597
102835
103004
103203
103347
103492
103673
103980
104304
104695
105100
105550
106079
106652
107206
107668
107977
108096
108001
107691
101145
101145
101145
101145
101145
101144
101143
101141
101137
101132
101126
101118
101109
101098
101087
101075
101061
101047
101034
101020
101006
100993
100980
100968
100958
100947
100937
100927
100916
100906
100898
100887
100875
100866
100858
100849
100836
100825
100817
100810
100805
100801
100798
100797
100797
100799
100803
100809
100818
100830
100845
100863
100884
100908
100936
100967
101002
101043
101089
101140
101197
101261
101329
101405
101487
101576
101672
101775
101885
102003
102128
102260
102400
102547
102702
102864
103032
103206
103386
103570
103759
103950
104145
104340
104537
104733
104928
105121
105312
105501
105689
105873
106057
106241
106426
106610
106793
106974
107154
107345
107541
107742
107943
108146
108355
108562
108776
108990
109198
109406
109616
109818
110007
110180
110331
110452
110537
110585
110601
110581
110521
110422
110287
110112
109899
109643
109344
109008
108641
108240
107812
107360
106882
106409
105957
105498
105037
104566
104105
103707
103345
103022
102751
102514
102283
102086
101950
101873
101827
101822
101836
101906
102018
102092
102184
102294
102424
102448
102630
102770
102965
103200
103380
103567
103672
103837
104080
104377
104709
105092
105472
105907
106427
106978
107497
107920
108188
108272
108155
107823
101270
101270
101270
101270
101269
101267
101264
101260
101255
101248
101239
101229
101218
101206
101192
101177
101161
101145
101129
101113
101096
101079
101062
101047
101032
101018
101003
100989
100974
100959
100941
100924
100908
100892
100871
100851
100832
100815
100797
100781
100766
100753
100740
100729
100719
100711
100706
100702
100701
100703
100708
100716
100728
100743
100762
100785
100812
100844
100880
100923
100971
101026
101088
101156
101231
101312
101400
101496
101600
101711
101830
101956
102091
102233
102384
102542
102707
102879
103057
103240
103429
103621
103817
104014
104214
104414
104614
104812
105006
105198
105389
105577
105764
105952
106140
106330
106524
106714
106892
107092
107294
107499
107708
107918
108127
108339
108559
108778
108995
109214
109428
109634
109827
110002
110151
110272
110358
110414
110441
110433
110389
110312
110198
110047
109859
109628
109353
109046
108704
108331
107932
107509
107058
106596
106145
105685
105222
104764
104345
103964
103617
103300
103032
102800
102547
102351
102228
102160
102128
102129
102149
102213
102363
102425
102534
102655
102816
102864
103028
103215
103407
103652
103862
104035
104170
104282
104567
104881
105235
105596
105954
106375
106881
107393
107863
108235
108450
108491
108346
107991
101411
101411
101411
101409
101407
101404
101400
101394
101387
101378
101367
101356
101343
101328
101313
101296
101278
101260
101241
101221
101200
101179
101158
101138
101118
101098
101079
101058
101035
101011
100988
100965
100939
100909
100880
100852
100823
100795
100768
100741
100715
100690
100666
100643
100623
100604
100586
100571
100558
100548
100541
100537
100537
100541
100550
100562
100580
100602
100629
100662
100700
100746
100797
100856
100922
100995
101074
101161
101255
101358
101469
101588
101716
101853
101998
102151
102313
102483
102660
102843
103031
103223
103419
103618
103818
104020
104223
104425
104627
104825
105020
105214
105405
105598
105790
105986
106189
106390
106567
106771
106983
107196
107412
107629
107843
108065
108292
108515
108741
108968
109188
109398
109592
109765
109915
110035
110127
110194
110234
110240
110214
110161
110070
109950
109790
109583
109342
109075
108763
108421
108056
107667
107252
106813
106366
105917
105438
105001
104612
104262
103930
103626
103364
103117
102876
102695
102579
102511
102487
102491
102524
102596
102760
102828
102950
103085
103271
103361
103499
103772
103938
104167
104410
104566
104717
104892
105175
105473
105836
106183
106526
106934
107414
107878
108288
108592
108747
108745
108568
108200
101558
101558
101557
101555
101552
101548
101542
101535
101526
101515
101503
101490
101476
101461
101444
101425
101406
101385
101362
101338
101313
101288
101262
101236
101210
101184
101156
101127
101097
101067
101034
100999
100961
100922
100883
100845
100805
100766
100727
100689
100651
100613
100577
100541
100507
100475
100445
100417
100391
100368
100348
100332
100319
100309
100305
100306
100311
100322
100338
100360
100388
100423
100463
100511
100565
100626
100695
100772
100856
100949
101051
101161
101282
101411
101550
101698
101855
102022
102196
102378
102567
102760
102957
103157
103359
103561
103764
103967
104172
104376
104578
104779
104978
105178
105376
105574
105781
105991
106178
106376
106592
106815
107041
107270
107499
107734
107969
108198
108430
108664
108889
109101
109295
109469
109619
109741
109845
109929
109983
110007
110003
109976
109915
109828
109701
109525
109320
109093
108820
108508
108177
107820
107435
107032
106599
106155
105698
105291
104923
104601
104285
103989
103725
103458
103266
103103
102990
102923
102901
102910
102951
103025
103196
103306
103418
103586
103775
103931
104080
104351
104572
104764
105013
105206
105376
105604
105902
106178
106515
106845
107170
107561
108000
108406
108743
108976
109074
109034
108832
108457
101703
101703
101701
101698
101693
101687
101680
101672
101662
101651
101638
101624
101610
101593
101575
101555
101533
101510
101484
101457
101429
101399
101368
101335
101302
101267
101231
101194
101155
101114
101069
101022
100975
100926
100877
100826
100776
100725
100673
100622
100571
100521
100471
100422
100375
100329
100285
100242
100202
100165
100131
100101
100074
100052
100035
100022
100014
100012
100015
100024
100039
100061
100089
100123
100165
100215
100271
100336
100410
100493
100585
100687
100800
100922
101053
101195
101347
101509
101680
101858
102044
102236
102433
102633
102836
103040
103245
103451
103656
103862
104068
104274
104479
104683
104891
105091
105301
105520
105720
105920
106139
106368
106602
106841
107083
107329
107572
107813
108057
108296
108523
108737
108932
109111
109266
109397
109516
109618
109690
109738
109760
109757
109729
109671
109580
109449
109284
109087
108856
108586
108293
107971
107608
107233
106837
106399
105989
105606
105258
104945
104661
104383
104113
103844
103667
103520
103420
103358
103347
103370
103421
103496
103660
103799
103898
104106
104319
104506
104702
104961
105236
105460
105658
105905
106121
106360
106670
106970
107264
107563
107870
108233
108617
108956
109211
109378
109430
109357
109140
108757
101836
101835
101833
101829
101823
101816
101808
101798
101787
101776
101763
101749
101734
101717
101697
101676
101653
101627
101600
101569
101536
101502
101465
101425
101384
101342
101297
101250
101200
101147
101092
101036
100978
100918
100857
100795
100732
100668
100603
100538
100473
100409
100345
100282
100221
100160
100102
100046
99991.7
99940.8
99892.6
99847.8
99807.3
99770.9
99738.7
99711.2
99689.1
99672.7
99662
99657.2
99658.4
99666.1
99680.5
99701.7
99730.3
99766.8
99811.6
99865.4
99929.2
100003
100086
100180
100283
100397
100520
100653
100799
100955
101122
101297
101480
101670
101865
102064
102264
102468
102673
102879
103087
103294
103503
103709
103917
104123
104338
104547
104758
104990
105206
105414
105637
105873
106115
106359
106608
106858
107110
107367
107621
107860
108090
108310
108509
108692
108857
109003
109134
109249
109346
109423
109478
109497
109494
109460
109397
109304
109184
109023
108832
108615
108373
108102
107779
107423
107064
106675
106279
105905
105579
105277
105020
104756
104508
104264
104079
103960
103875
103810
103796
103818
103906
103993
104141
104269
104393
104615
104871
105099
105318
105582
105902
106196
106402
106612
106869
107164
107452
107784
108051
108321
108599
108927
109246
109511
109684
109788
109807
109702
109475
109082
101946
101946
101944
101940
101933
101925
101915
101905
101895
101883
101870
101857
101841
101824
101804
101781
101756
101728
101697
101663
101626
101587
101544
101499
101450
101399
101345
101287
101227
101165
101100
101033
100964
100893
100820
100745
100668
100591
100513
100434
100355
100276
100198
100121
100044
99969.1
99895.6
99824.1
99755.4
99689.9
99627.7
99569.2
99514.5
99464
99417.5
99375.9
99339.8
99309.2
99283.7
99263.9
99250.3
99243.6
99243.8
99251.1
99266.5
99290.5
99323.8
99367
99420.8
99484.7
99558.2
99641
99732.7
99833.3
99943.8
100066
100201
100350
100512
100685
100867
101057
101253
101454
101658
101863
102069
102274
102479
102685
102894
103094
103305
103514
103736
103957
104168
104400
104629
104845
105070
105312
105562
105815
106072
106330
106594
106861
107116
107356
107591
107819
108030
108214
108387
108549
108693
108823
108946
109052
109140
109188
109211
109209
109179
109115
109027
108917
108770
108577
108368
108158
107900
107576
107236
106894
106531
106181
105886
105623
105373
105122
104878
104676
104502
104412
104339
104285
104259
104265
104370
104479
104609
104790
104895
105130
105388
105692
105914
106184
106557
106907
107186
107396
107656
107974
108262
108586
108850
109092
109331
109616
109865
110052
110158
110204
110180
110046
109806
109398
102027
102026
102026
102021
102014
102006
101997
101988
101979
101969
101957
101943
101928
101910
101888
101864
101837
101806
101771
101734
101692
101648
101600
101548
101492
101432
101370
101303
101234
101163
101088
101010
100930
100846
100761
100673
100584
100493
100401
100308
100215
100122
100030
99937.7
99846.8
99756.9
99668.7
99582.6
99498.8
99417.9
99340.4
99267
99197.7
99132.3
99071.3
99015.4
98964.9
98919.9
98880.7
98847.1
98819.2
98798.2
98784.5
98778.6
98781.1
98793.4
98815.7
98848.6
98891.7
98944
99003.9
99071.2
99146.1
99229.4
99323.9
99431.9
99555.3
99695.5
99851.5
100020
100201
100389
100587
100787
100994
101204
101417
101629
101841
102050
102252
102451
102658
102865
103081
103311
103527
103757
103999
104224
104450
104691
104946
105208
105471
105740
106013
106287
106535
106783
107027
107265
107491
107683
107863
108039
108199
108349
108493
108620
108733
108821
108880
108913
108920
108898
108839
108770
108686
108525
108321
108145
107943
107658
107348
107033
106711
106417
106157
105929
105681
105460
105220
105056
104912
104819
104740
104721
104718
104748
104826
104943
105087
105289
105451
105673
105895
106221
106519
106750
107156
107557
107908
108191
108471
108760
109076
109363
109613
109826
110043
110278
110455
110563
110614
110604
110535
110373
110114
109687
102069
102069
102069
102065
102060
102054
102047
102041
102033
102024
102012
101999
101983
101964
101942
101917
101887
101854
101817
101775
101730
101680
101626
101568
101505
101439
101368
101294
101217
101136
101051
100962
100870
100775
100677
100577
100475
100371
100266
100161
100055
99948.1
99841.7
99735.9
99631
99527.1
99424.7
99324.7
99227.1
99132.2
99040.5
98951.9
98866.9
98786.1
98710.2
98639.7
98574.2
98514.6
98461.3
98413.7
98372.3
98337.6
98310.8
98292.8
98284
98285
98296.2
98317.7
98347.8
98385
98427.9
98476.6
98532.9
98599.2
98679.1
98775.1
98888.9
99021.1
99171
99334.9
99510
99693.4
99885.2
100083
100287
100496
100709
100926
101143
101365
101579
101781
101986
102189
102387
102613
102843
103073
103321
103556
103785
104026
104284
104551
104818
105091
105369
105647
105898
106151
106405
106648
106886
107100
107292
107477
107655
107824
107986
108132
108261
108388
108484
108548
108579
108592
108569
108524
108487
108406
108250
108092
107925
107677
107400
107126
106851
106594
106343
106128
105898
105710
105528
105363
105255
105179
105096
105095
105116
105192
105264
105380
105581
105741
105944
106195
106427
106677
107080
107336
107686
108125
108547
108884
109194
109481
109839
110104
110324
110504
110699
110889
110993
111025
111032
110972
110865
110677
110390
109968
102067
102068
102068
102066
102064
102061
102057
102053
102046
102038
102028
102015
101999
101980
101958
101932
101901
101866
101826
101782
101732
101678
101619
101555
101487
101414
101337
101255
101169
101078
100983
100884
100782
100676
100567
100455
100341
100226
100110
99991.8
99873.4
99754.6
99635.7
99517.1
99399.3
99282.5
99167.4
99054.2
98943.4
98835.1
98729.9
98628.1
98530
98435.8
98345.3
98258.9
98178.4
98104.5
98037.1
97976.4
97922.2
97874.6
97835.3
97805.1
97784.1
97772.8
97771.3
97778.9
97793.7
97814.1
97839.9
97872
97913
97966.1
98034.5
98121.3
98227.2
98352.9
98497.4
98656.3
98823.8
98999.5
99181.9
99371.7
99567.1
99770.5
99976.8
100190
100405
100623
100845
101065
101277
101490
101687
101899
102130
102354
102597
102842
103074
103316
103573
103846
104116
104390
104677
104950
105222
105476
105731
105979
106225
106454
106664
106866
107062
107246
107421
107586
107734
107880
108006
108105
108159
108211
108213
108207
108183
108152
108072
107964
107822
107626
107380
107139
106907
106683
106462
106247
106052
105899
105788
105624
105524
105470
105438
105438
105435
105531
105638
105767
105978
106117
106329
106602
106886
107110
107562
107903
108209
108623
109109
109509
109802
110131
110492
110749
110953
111123
111283
111422
111454
111417
111393
111293
111151
110951
110633
110238
102018
102019
102019
102017
102016
102014
102012
102010
102008
102004
101998
101988
101974
101956
101934
101906
101875
101838
101796
101748
101695
101637
101574
101506
101432
101354
101270
101181
101087
100988
100884
100776
100664
100548
100429
100307
100183
100058
99930.6
99802.2
99672.8
99542.9
99412.8
99282.8
99153.3
99024.7
98897.5
98772.1
98649
98528.5
98411.1
98297
98186.3
98079.1
97976.2
97878.3
97785.6
97697.6
97615
97540.2
97473.3
97414.1
97362.6
97319.4
97285.5
97260.6
97244.7
97236.9
97236.1
97241.8
97254.2
97274.1
97303.7
97345.3
97401.9
97477.5
97573.8
97691
97828.9
97986.2
98147.8
98315.9
98487.3
98666.9
98851.7
99043.6
99241.6
99446.4
99659.3
99872.3
100086
100312
100528
100750
100963
101165
101387
101605
101842
102095
102333
102573
102827
103099
103371
103655
103940
104213
104494
104757
105010
105263
105516
105756
105982
106202
106411
106604
106789
106973
107150
107308
107449
107574
107663
107781
107821
107852
107851
107825
107785
107730
107607
107442
107249
107052
106844
106657
106499
106316
106155
106023
105931
105823
105737
105671
105691
105693
105699
105780
105910
106039
106238
106423
106638
106909
107227
107544
107955
108349
108716
109097
109573
110057
110353
110698
111035
111292
111488
111643
111770
111858
111820
111723
111673
111542
111372
111174
110837
110435
101924
101924
101924
101923
101922
101920
101920
101920
101920
101921
101919
101913
101902
101886
101864
101837
101805
101767
101723
101673
101617
101556
101489
101417
101339
101255
101165
101070
100969
100863
100751
100635
100515
100391
100264
100134
100002
99867.2
99731.1
99593.6
99454.8
99314.9
99174.2
99033.3
98892.8
98753
98614.6
98477.7
98343.3
98211.6
98082.7
97957.1
97835.5
97718
97604.9
97495.9
97391.2
97292.1
97199.4
97112.6
97031.7
96958.9
96894.4
96838
96790.8
96752.1
96721.8
96699.6
96685.5
96679.2
96681.1
96691.3
96710.4
96740.5
96784.3
96845.3
96926.2
97030.1
97153.9
97298.1
97467.6
97630.4
97796.1
97964.5
98141.2
98321.8
98511.3
98704.9
98909.3
99124
99334.1
99553
99768.7
99985
100208
100411
100629
100849
101074
101324
101570
101807
102056
102320
102598
102885
103160
103449
103719
103989
104244
104500
104755
105008
105245
105474
105690
105897
106100
106298
106504
106686
106837
106970
107079
107216
107322
107378
107414
107404
107395
107380
107277
107130
106988
106851
106697
106543
106407
106266
106151
106049
105947
105883
105837
105787
105796
105801
105870
105955
106084
106203
106399
106641
106873
107146
107473
107868
108230
108612
109122
109506
109900
110431
110798
111135
111454
111699
111882
112016
112120
112171
112072
111939
111850
111694
111504
111287
110954
110499
101784
101784
101786
101788
101791
101792
101796
101798
101801
101803
101802
101797
101787
101771
101750
101723
101691
101652
101606
101555
101497
101433
101363
101287
101205
101117
101023
100922
100815
100703
100585
100463
100336
100206
100072
99935.6
99796.3
99654.5
99510.6
99364.6
99216.6
99066.9
98916.2
98765.1
98614
98463.7
98314.7
98167.4
98022.7
97880.8
97742
97607.3
97476.9
97350.2
97227.7
97109.9
96996.7
96887.9
96784.6
96688.1
96597.8
96514.1
96437.3
96366.2
96304.9
96253
96209.6
96174.7
96148.8
96132.2
96124.6
96125.5
96135.6
96156.2
96187.6
96236.7
96306.2
96395.2
96502.9
96625
96784.8
96950.5
97113
97272.6
97440.2
97611.6
97791.2
97976.7
98166.4
98373.1
98584.6
98795.7
99012.9
99221
99442.2
99652.6
99864.4
100089
100304
100542
100790
101026
101268
101523
101805
102075
102355
102651
102922
103190
103445
103698
103949
104207
104453
104688
104914
105141
105367
105574
105780
105988
106163
106304
106423
106557
106675
106759
106836
106873
106908
106914
106835
106724
106633
106542
106441
106333
106215
106099
106025
105959
105875
105822
105808
105805
105789
105788
105880
105995
106137
106298
106505
106739
106987
107274
107617
107985
108334
108734
109332
109741
110084
110611
111030
111385
111690
111918
112111
112233
112319
112340
112191
112048
111920
111747
111535
111294
110955
110435
101592
101593
101599
101605
101613
101622
101630
101638
101644
101648
101647
101643
101633
101618
101597
101569
101535
101495
101448
101395
101335
101269
101196
101117
101032
100940
100842
100737
100626
100509
100387
100260
100129
99993.3
99854.1
99711.3
99565.4
99416.6
99265
99111
98954.4
98795.9
98636.4
98476.3
98315.9
98156
97997.3
97840.7
97686.8
97536
97388.9
97246.1
97107.7
96973.8
96844
96718.4
96597.4
96481.5
96371.2
96266.3
96167.3
96075.1
95989.9
95912.3
95837.6
95772.7
95715.7
95668.2
95630.9
95603.6
95586.5
95579.4
95581.5
95595
95620.8
95662
95723.4
95805.6
95912.4
96035.6
96164.1
96300.4
96449.9
96601.9
96756.4
96918.2
97086.1
97264.2
97448.9
97639.3
97846
98048.9
98262.6
98468.1
98680.6
98897.2
99100.3
99322
99537.6
99759.4
100004
100241
100474
100721
100993
101253
101542
101828
102108
102374
102628
102877
103122
103373
103625
103868
104107
104347
104585
104798
104997
105208
105410
105583
105722
105858
105965
106084
106177
106265
106334
106348
106284
106223
106181
106123
106049
105990
105931
105859
105808
105747
105684
105659
105657
105671
105665
105679
105759
105878
106054
106280
106501
106706
106959
107259
107602
107931
108310
108761
109327
109784
110199
110668
111066
111445
111745
111971
112187
112295
112367
112353
112163
112026
111875
111706
111480
111255
110858
110307
101342
101344
101352
101365
101380
101399
101416
101430
101442
101449
101451
101448
101439
101424
101402
101374
101340
101298
101250
101195
101133
101065
100990
100909
100821
100726
100625
100517
100403
100283
100158
100027
99891.8
99752.1
99607.9
99459.8
99308.2
99153.2
98995
98834.1
98670.4
98504.7
98337.9
98170.3
98002.2
97834.2
97667.8
97503.8
97342.8
97185.4
97032.3
96883.3
96738.5
96597.3
96459.7
96326.2
96197.4
96073.7
95955.6
95843.4
95737.8
95638.8
95546.9
95462.4
95385.4
95311.7
95245.2
95186.2
95136.9
95098.9
95071.2
95055.1
95050.8
95058.2
95079.3
95114.4
95168
95239.4
95331.4
95439.9
95557.1
95679.1
95810.1
95953.2
96098.6
96250.3
96407.7
96572.3
96749.7
96929
97124.6
97322.5
97528.4
97733.8
97933.7
98149.4
98351.7
98565.1
98783.3
98994.1
99226.2
99464.5
99689.2
99927.2
100179
100445
100724
101002
101282
101545
101798
102047
102294
102539
102787
103031
103278
103516
103755
103979
104182
104379
104582
104787
104946
105072
105198
105343
105446
105564
105644
105659
105638
105631
105615
105582
105540
105527
105529
105506
105465
105403
105348
105347
105342
105355
105363
105416
105509
105641
105832
106073
106319
106522
106781
107095
107424
107750
108172
108661
109144
109683
110210
110596
110958
111346
111609
111855
112099
112196
112252
112187
111981
111860
111690
111537
111327
111094
110632
110163
101068
101077
101091
101114
101141
101170
101197
101220
101237
101248
101253
101251
101242
101227
101206
101178
101142
101100
101051
100995
100932
100862
100785
100702
100612
100515
100412
100302
100186
100064
99936.1
99802.9
99664.6
99521.7
99374.3
99222.7
99067.2
98908.1
98745.5
98580
98411.9
98241.5
98069.8
97897.4
97724.2
97551
97379.7
97211.3
97046.4
96885.2
96728.2
96575.3
96425.8
96279.5
96136.9
95997.7
95862.5
95732.1
95606.6
95486.2
95371.9
95264.4
95164.7
95073.4
94990.3
94914.6
94844.8
94783.8
94729.4
94683.7
94647.8
94622.3
94610.6
94611.2
94625.9
94653.6
94698.1
94760
94836.4
94930.1
95035.1
95150.3
95269.9
95398.9
95534.5
95676.7
95828.9
95987.6
96153.2
96323.6
96504.4
96697.8
96893
97097.2
97289.3
97495.5
97699.7
97902.9
98118.6
98326.6
98542.7
98776.7
98996.1
99222.1
99455.4
99720
99979.7
100254
100530
100788
101038
101287
101537
101783
102024
102264
102507
102734
102956
103188
103399
103582
103770
103974
104133
104256
104409
104560
104683
104820
104904
104935
104962
104979
104976
104963
104964
105012
105045
105037
104994
104941
104906
104913
104908
104922
104929
105001
105106
105266
105451
105655
105944
106202
106447
106781
107110
107468
107870
108381
108805
109406
109974
110307
110684
111052
111279
111559
111823
111908
111950
111842
111651
111548
111363
111209
111017
110766
110275
109952
100810
100827
100851
100889
100932
100974
101011
101042
101064
101078
101084
101083
101074
101059
101036
101008
100972
100929
100879
100822
100758
100686
100608
100523
100431
100333
100228
100117
99999.2
99875.4
99745.9
99610.8
99470.6
99325.6
99175.9
99022
98864
98702.2
98536.8
98368.4
98197.5
98024.3
97849.5
97673.5
97496.7
97320.6
97146.5
96975.5
96807.9
96644.1
96484.6
96328.9
96176.3
96026.7
95880.1
95736.5
95596.2
95460.4
95329.1
95202.9
95082.7
94969.1
94861.3
94762.6
94668.3
94587.1
94515.5
94452
94396.8
94350
94311.2
94281.5
94264.4
94258.2
94265
94287
94323.5
94377.4
94445.1
94528.3
94620.6
94721.6
94830.3
94948.1
95075.7
95209.5
95351.9
95504.5
95663.6
95829.1
95997.2
96183.2
96369.8
96568.4
96757.5
96952.2
97153.6
97347.6
97555.9
97763
97965.9
98189.8
98408.3
98620.6
98842.1
99089
99337.1
99599.5
99870.8
100126
100371
100617
100864
101114
101350
101583
101813
102031
102228
102448
102660
102848
103034
103215
103368
103506
103671
103812
103952
104092
104173
104224
104274
104298
104303
104311
104370
104449
104488
104489
104448
104398
104384
104394
104389
104409
104429
104500
104606
104761
104969
105161
105475
105767
105997
106326
106666
107061
107405
107916
108310
108921
109456
109789
110220
110545
110779
111087
111350
111427
111463
111344
111199
111086
110898
110739
110539
110310
109814
109593
100530
100558
100596
100659
100721
100780
100829
100866
100894
100910
100918
100917
100908
100892
100869
100839
100802
100759
100708
100650
100585
100514
100433
100347
100254
100154
100048
99935.1
99815.9
99690.5
99559.6
99423.2
99281.4
99134.7
98983.4
98827.9
98668.2
98504.5
98337.2
98166.9
97994.1
97818.9
97641.8
97463.4
97284.6
97106.9
96930.9
96757.5
96587.8
96422.2
96260.7
96102.7
95947.7
95795.1
95644.8
95497.1
95352.3
95212
95076.1
94945.4
94820.2
94701.8
94589.7
94485.9
94389.1
94298.1
94217.8
94147.7
94088.3
94039.2
93999.5
93968.8
93948.5
93938.9
93940.8
93957.5
93987.5
94032.8
94090.7
94161.5
94242.3
94332.6
94432.8
94542.2
94662.7
94791.1
94927.6
95071.7
95222.2
95381.3
95541.3
95717.1
95897.2
96086.7
96274
96456.6
96651.9
96839.5
97038.1
97242.5
97437.5
97645.3
97864.7
98064.8
98275.8
98499.7
98739.6
98988.6
99249.2
99498.8
99737
99976.3
100217
100463
100694
100918
101133
101344
101526
101720
101919
102113
102303
102470
102627
102774
102936
103063
103216
103343
103416
103489
103545
103574
103595
103630
103741
103805
103835
103846
103814
103771
103766
103771
103756
103783
103828
103899
104018
104176
104419
104615
104913
105208
105416
105725
106070
106484
106794
107267
107657
108244
108723
109097
109559
109837
110110
110431
110675
110765
110788
110687
110600
110460
110292
110144
109959
109720
109226
109047
100214
100277
100333
100435
100519
100596
100657
100700
100731
100750
100758
100757
100747
100729
100706
100675
100637
100593
100541
100483
100417
100344
100263
100176
100081
99980.5
99873
99758.6
99638.1
99511.5
99379.4
99241.7
99098.5
98950.7
98798.3
98641.7
98481
98316
98147.5
97976
97802
97625.4
97446.5
97266.6
97087.3
96908.6
96730.7
96555
96383.8
96216.9
96053.9
95894.4
95737.6
95582.9
95430.1
95279.4
95131.6
94987.7
94847.4
94711.5
94581.8
94458.7
94342.2
94233.3
94132.3
94039.2
93952.2
93876.7
93811.4
93756.8
93713
93679.4
93655.6
93643.4
93642.3
93654.3
93678.6
93716.5
93766.2
93827.4
93899.8
93983.8
94079.8
94183.7
94297.6
94418.4
94547.1
94683.9
94827.9
94979.5
95133.3
95297.3
95471.1
95649.2
95833.4
96005.8
96193.6
96376.7
96564
96762
96953.4
97144.8
97358.8
97554.7
97751.5
97958.5
98183.1
98420.9
98668.3
98907.7
99135
99363.3
99592.9
99825.9
100049
100264
100461
100669
100848
101028
101207
101387
101566
101730
101885
102029
102179
102305
102460
102575
102649
102733
102792
102831
102864
102940
103056
103087
103117
103127
103100
103071
103059
103054
103042
103070
103139
103212
103352
103521
103752
103946
104223
104526
104721
105006
105334
105738
106067
106466
106854
107400
107840
108263
108719
108967
109274
109596
109816
109942
109945
109859
109813
109681
109555
109410
109296
108963
108522
108340
99798.9
99905.9
100027
100205
100333
100425
100498
100548
100580
100599
100607
100604
100591
100572
100547
100515
100477
100432
100380
100321
100254
100180
100099
100011
99915.3
99813.1
99704.3
99588.9
99467.3
99339.8
99206.8
99068.4
98923.4
98775.2
98622.2
98464.9
98303.1
98137.5
97968.6
97796
97621.2
97443.3
97263.3
97083.5
96904.5
96724.6
96544.3
96366.7
96194.3
96026.7
95862.8
95702.1
95543.6
95387
95232
95079.1
94929
94782.3
94639.3
94500.4
94367.7
94240.8
94120.3
94006.6
93900.8
93801.7
93708.7
93631.7
93563.3
93504.7
93456.7
93418.5
93390.8
93375
93369.4
93376.7
93397
93429.1
93473.7
93530.3
93600.4
93679.3
93768.3
93864.8
93971.5
94086.3
94208.3
94337.8
94474.5
94618.3
94766.1
94919.4
95085.8
95253
95431.2
95598.3
95775.9
95955
96131.9
96320.5
96508.7
96689.6
96887.6
97086
97267.5
97461.9
97668.6
97890.8
98125.7
98357
98571.8
98785
98996.2
99210.6
99422.8
99630.3
99815.1
100008
100190
100366
100534
100699
100862
101014
101153
101299
101437
101561
101708
101811
101886
101971
102024
102071
102118
102225
102300
102322
102343
102342
102311
102300
102269
102254
102249
102286
102372
102472
102611
102792
102957
103151
103416
103720
103931
104204
104495
104856
105214
105542
105909
106400
106838
107285
107728
107964
108280
108594
108792
108966
108969
108875
108858
108770
108712
108562
108508
108068
107770
107527
99244.3
99450.2
99691.9
99968.4
100163
100277
100356
100408
100440
100457
100463
100458
100443
100422
100395
100363
100324
100278
100225
100165
100098
100023
99941.4
99852.3
99756
99652.9
99543.1
99426.7
99304.3
99176
99042.1
98902.9
98758.2
98609.2
98455.6
98297.5
98135.1
97969.3
97801
97626.4
97450.6
97272.2
97092.8
96913.9
96734.7
96553.1
96370.9
96191.9
96018.6
95850.5
95685.8
95523.8
95364.4
95206.2
95049.6
94894.7
94742.3
94593.2
94448
94307
94171.4
94041.9
93918.6
93802.6
93694.5
93594.3
93501.2
93413.7
93339.5
93277.4
93225.8
93184.8
93154.3
93134.8
93125.9
93129.4
93146.6
93175.2
93216.8
93268.6
93332
93404.3
93487.5
93579.2
93679.2
93787.5
93902.6
94026
94156.4
94293.3
94434.5
94578.3
94735.9
94895.7
95065.9
95230.6
95395.6
95570.9
95739.3
95917.9
96100.2
96274.8
96452.9
96650.1
96825.6
97004.8
97197.8
97399.6
97618
97843.2
98051
98248.6
98442.6
98632.8
98832
99029.4
99210.2
99384.4
99558
99721.2
99885.3
100038
100187
100322
100451
100595
100716
100837
100969
101054
101124
101204
101248
101304
101374
101468
101507
101513
101518
101503
101457
101460
101416
101392
101393
101443
101529
101678
101769
101958
102070
102242
102510
102798
103035
103317
103569
103869
104237
104522
104852
105280
105743
106170
106606
106841
107148
107453
107611
107820
107855
107753
107769
107753
107756
107649
107579
107082
106991
106603
98589.3
99098
99478.1
99780.4
100007
100146
100228
100278
100309
100323
100327
100319
100303
100280
100251
100218
100178
100132
100079
100018
99949.6
99874
99791.3
99701.3
99604.3
99500.5
99390
99272.9
99149.8
99020.8
98886.4
98746.6
98601.8
98452.3
98298.1
98139.5
97976.8
97810.8
97642
97468.2
97291.4
97112.8
96934.7
96756
96576.5
96393.1
96209.8
96030
95856.2
95687.6
95522.2
95359.5
95199.6
95040.5
94882.7
94726.4
94571.5
94420.1
94272.3
94129.2
93991.2
93859.1
93733.1
93614.5
93503.8
93401.7
93310.2
93222.4
93144.2
93076
93019.4
92974.8
92941.2
92918.4
92906.8
92907.8
92921.3
92945.7
92983.1
93030.4
93089.4
93157.9
93237.4
93324.9
93418.9
93521.3
93629.7
93746.5
93870.2
94000.5
94135.2
94272
94420.7
94574.9
94735.1
94897.2
95051.8
95221.8
95383
95551.3
95725.9
95894.5
96058.8
96244
96422.2
96585.4
96764.4
96949.9
97146.9
97359.7
97564.4
97750.2
97938.2
98105.5
98287.1
98466.8
98646.6
98806.4
98962.5
99108.3
99259.3
99394.9
99527.2
99645.4
99769.1
99905
100011
100126
100236
100302
100371
100443
100475
100546
100627
100673
100681
100670
100655
100620
100567
100557
100508
100479
100485
100543
100667
100801
100826
100971
101072
101222
101504
101781
102035
102329
102554
102803
103147
103423
103721
104080
104552
104940
105370
105604
105908
106200
106284
106497
106581
106516
106566
106640
106657
106680
106510
106027
106129
105562
97684.9
98853.1
99456.6
99706.6
99889.5
100028
100111
100158
100186
100199
100199
100188
100169
100145
100116
100081
100041
99993.5
99939.6
99878.4
99809.5
99733
99649.2
99558.3
99460.6
99356.2
99245.1
99127.5
99004
98874.5
98739.6
98599.5
98454.3
98304.3
98149.7
97990.8
97828.1
97662.3
97493.1
97319.4
97142.3
96964.4
96787.2
96609.2
96429.7
96244.2
96060.2
95880.1
95706.4
95537.1
95370.9
95207.7
95047.1
94887.5
94728.4
94570.8
94414.6
94261.5
94111.6
93966.3
93826.2
93691.8
93563.6
93442.6
93329
93223.4
93126.6
93039.1
92959.4
92891.2
92833.2
92786.5
92749.9
92723.9
92710.1
92708.1
92717.4
92738.2
92772.3
92816.9
92873.2
92939.3
93015.3
93098.9
93188
93284.6
93386.7
93497.1
93614.2
93737.4
93865.9
93997
94137.2
94285.9
94436.7
94594.5
94742.6
94903.5
95059.7
95216.8
95383.6
95546
95703.4
95869.9
96048.1
96203.9
96365.1
96538.3
96715.8
96907.5
97104.6
97282.8
97469.1
97623.5
97787.7
97945.6
98117
98262.8
98405.2
98534.7
98664.4
98783.3
98895.7
98999.6
99118.8
99242.3
99331.2
99434.7
99522.8
99574.1
99641.1
99696.8
99709.9
99808.1
99863.5
99864.9
99837.2
99802.1
99764
99703.9
99641.8
99610.5
99564.1
99524.4
99537.4
99609.5
99728.8
99826.2
99808.3
99869.2
99973.2
100120
100401
100678
100945
101235
101449
101672
101975
102260
102538
102824
103274
103627
104037
104274
104582
104851
104877
105061
105177
105215
105291
105461
105530
105635
105348
104933
105137
104420
97235.6
98722.8
99445.1
99668.6
99806.4
99926.6
100002
100044
100070
100082
100079
100066
100044
100018
99989
99954.1
99912.2
99863.5
99808.2
99745.8
99676.6
99599.8
99515.4
99423.6
99325
99219.9
99108.4
98990.5
98866.5
98736.8
98601.5
98461.1
98315.5
98165.1
98010.3
97851.4
97688.8
97523.2
97353.7
97179.8
97003.1
96826.3
96649.9
96472.2
96292
96107.1
95921.8
95741.3
95567.3
95397.3
95230.3
95066.9
94905.8
94745.4
94585.2
94426.4
94269.1
94114.4
93962.8
93815.7
93674
93537.7
93407.8
93285
93169.6
93061.5
92961.5
92871.2
92786.8
92717.9
92660.6
92613
92574.9
92547.5
92532.3
92527.7
92534
92552.1
92583.8
92626
92679.2
92741.5
92812
92891.1
92976
93069.5
93167.9
93273.2
93384.7
93501.4
93623.9
93749.9
93882.8
94025.4
94168.6
94320
94463.9
94612.7
94765.7
94912.3
95070.6
95227.2
95379.2
95531.2
95698.6
95855.9
96001.9
96159.3
96322.1
96492.3
96673.9
96843.4
97020.5
97170.5
97322
97460.9
97615.2
97743.8
97875.4
97990.9
98100.3
98205.2
98301.6
98393.9
98504.5
98604.9
98672.9
98766.7
98831.6
98868.3
98926.2
98960.3
98970.8
99077.3
99094.8
99054.5
98989.7
98925.4
98855.5
98766.9
98687
98640.5
98588.2
98547.7
98574.6
98637.1
98700.9
98719.3
98696.7
98722.9
98828.7
98978.7
99228.8
99499.3
99773.9
100050
100262
100486
100748
101040
101311
101532
101936
102268
102632
102896
103180
103420
103465
103591
103732
103873
103990
104242
104407
104409
104123
103800
103979
103170
98240.2
98851.4
99338.8
99551.9
99698.2
99828.4
99900.1
99940
99963
99973.8
99970.5
99955.2
99931.7
99904.7
99875.1
99840.4
99798.4
99748.6
99691.6
99627.2
99556.6
99479
99394.3
99302.4
99203.1
99097.3
98985.3
98867
98742.8
98612.8
98477.2
98336.4
98190.6
98040
97885.2
97726.3
97564
97398.4
97228.6
97054.8
96878.7
96702.9
96527.1
96349.7
96168.9
95984
95799
95617.6
95442.2
95271.8
95104.5
94941
94779.4
94618.4
94457.6
94297.6
94139.1
93982.9
93830
93681.5
93538.2
93400.3
93268.7
93143.9
93027
92918.2
92817.8
92725.5
92641.3
92567.2
92507.9
92458.4
92418.9
92390.8
92374.2
92367.4
92372.1
92388.7
92417.3
92457
92506.1
92564.6
92630.7
92706.7
92788.4
92879
92974.8
93076.6
93184.1
93295.4
93412.9
93534.1
93660.7
93796.6
93933.8
94077.3
94217.2
94354.9
94503.9
94644
94791.4
94944.1
95088.8
95232.8
95384
95541
95680.6
95819.2
95967.8
96120.9
96286.2
96444.5
96601.5
96747
96887.4
97013.2
97148
97259.2
97379.4
97482.1
97573.5
97668.8
97752.7
97833.6
97930.9
98003.3
98055.6
98133.1
98171.3
98195
98243.8
98255.4
98282.5
98361.4
98335.3
98256.9
98161.2
98063.2
97954.7
97833.7
97729
97676.8
97616.9
97575.1
97596.5
97616
97600.7
97560.9
97543.7
97578.5
97690.5
97841.1
98044.8
98291.7
98559.6
98820.7
99035.7
99271.6
99505
99790.1
100056
100234
100582
100906
101214
101519
101744
101951
102076
102153
102319
102526
102691
102957
103177
103000
102832
102618
102651
101850
98763.4
98906.2
99270.5
99500.6
99629.5
99739.9
99807.2
99844.6
99864.3
99871.6
99865.8
99848.8
99823.9
99795.7
99764.9
99729.6
99687.6
99637.3
99579.3
99514
99441.8
99362.6
99277
99184.6
99085.2
98979.1
98866.6
98747.9
98623.4
98493.1
98357.3
98216.4
98070.5
97919.9
97765.1
97606.4
97444.4
97278.8
97108.8
96935.3
96760
96585.2
96410.1
96232.7
96051.6
95867
95681.8
95499.9
95323.6
95152.6
94985.2
94821.5
94659.5
94497.7
94336.3
94175.4
94015.8
93858.4
93704.3
93554.6
93410
93270.9
93137.9
93011.3
92892.7
92782.7
92681.3
92588.8
92506.9
92431.4
92365.5
92313.7
92273.6
92244.3
92226.1
92218
92221.5
92236.5
92262.4
92299.4
92345.6
92401.2
92464.8
92537.5
92616.1
92703.8
92797.2
92895.6
92999.7
93106.5
93219.7
93336.4
93457.7
93586.8
93718.5
93853.6
93989.2
94119.3
94261.7
94397.9
94534
94682.5
94820.4
94957
95095
95244.9
95381.2
95506.8
95640.7
95777.1
95924.8
96075.5
96210.2
96347.8
96473.7
96591.7
96705.5
96802.5
96908.7
96995.8
97073.4
97162.1
97233
97302.1
97379
97424.9
97464.5
97519.9
97533.1
97549.2
97581.4
97570.3
97623
97645.7
97577.1
97467.7
97339.2
97202.6
97052.2
96896.8
96772
96710.8
96651.4
96591
96567
96525.6
96466.9
96414.9
96414.5
96454.4
96562.1
96706.1
96861.5
97072.3
97324.1
97571.4
97792.2
98033.1
98253.4
98518.1
98774.4
98926.4
99223.8
99539.2
99797.1
100139
100305
100491
100688
100770
100946
101200
101394
101624
101848
101640
101501
101410
101251
100559
98893.2
98942.3
99258.5
99507.3
99608.4
99672.9
99717.7
99743.7
99759
99762
99752
99732.1
99705.6
99675.9
99643.8
99607.2
99563.5
99512.2
99453.7
99388.3
99315.6
99235.3
99148
99054.5
98954.6
98848.4
98735.9
98617.1
98492.4
98362.1
98226.3
98085.5
97939.8
97789.4
97635
97476.8
97315.2
97149.7
96979.8
96806.8
96632.9
96459.4
96285
96107.4
95926.5
95742.2
95557.1
95375.4
95198.9
95027.2
94859.6
94695.8
94533.4
94370.8
94208.6
94046.9
93886.4
93727.9
93572.9
93422.3
93276.5
93136.1
93002
92874.3
92754.7
92643.1
92540
92446.7
92363.9
92287.6
92219.3
92166.2
92125.3
92094.9
92075.2
92066.2
92068.9
92082.4
92106.2
92141.1
92185.3
92238.1
92299.1
92369.1
92446.2
92531
92621.7
92717.2
92818.1
92921.1
93030.3
93142.7
93258.9
93381
93506.8
93634.2
93765.1
93891.5
94023.4
94156.7
94285
94423.7
94558.1
94685.9
94813.1
94952.7
95081.8
95205.2
95325.1
95444.1
95569.3
95712.4
95829.1
95958
96066.1
96179.2
96270.4
96356.3
96445.4
96513.9
96583.4
96661.9
96715.5
96769
96821.5
96842.4
96869.7
96902.4
96892.3
96903.6
96910.2
96878.5
96956.9
96904.1
96801.7
96662.8
96494.9
96313.3
96119.9
95929.2
95787.9
95731.5
95642.3
95537.5
95460.8
95381
95315.9
95264.7
95287.7
95332.4
95422.5
95551.8
95662.1
95832.1
96064.7
96294
96520.3
96759.1
96973.1
97212.4
97453
97584.3
97837.9
98149.8
98358.1
98724.3
98858.2
99041.1
99276.1
99427.8
99596.2
99881.9
100086
100267
100478
100377
100174
100208
99868.3
99382.2
99012.5
99152.5
99293.2
99412.9
99516.5
99584.6
99613.4
99627.1
99636.5
99636.7
99624.7
99603
99575.5
99544.6
99511.4
99473.5
99427.8
99374.1
99313.8
99247.6
99174.8
99094.5
99006.4
98911.5
98810.8
98704.2
98591.6
98473
98348.5
98218.6
98083.2
97942.7
97797.4
97647.5
97493.8
97336.5
97175.4
97010.2
96840.9
96669.2
96497
96324.7
96150.7
95973.5
95792.8
95608.9
95424.7
95243.6
95066.6
94894.5
94727.2
94563.3
94400.5
94237.4
94074.5
93912.2
93750.9
93591.7
93435.9
93284.6
93137.9
92996.2
92860.9
92732.6
92612.2
92499.4
92395
92300.6
92216.6
92140.6
92071.5
92016.5
91974.3
91942.7
91921.6
91911.9
91913.8
91926.4
91949.2
91982.7
92024.9
92075.7
92135.2
92202.9
92278
92360.1
92448.9
92541.9
92640
92739.7
92845.3
92953.5
93064.5
93179.7
93300.2
93421.7
93547.2
93670.5
93791.3
93921.1
94044.5
94169
94300.4
94421.4
94538.3
94665.3
94785.8
94910.5
95017.3
95122
95227.9
95352.6
95455.2
95571.4
95662.5
95768.1
95839.9
95917.5
95986.3
96039.9
96101.6
96161.7
96193.1
96230.5
96259.8
96258.1
96274.8
96282.8
96259.5
96259.5
96238.2
96187.3
96263.1
96142.7
96015.7
95843.2
95628.5
95398.8
95164.1
94939.2
94789.2
94731.5
94573
94415.2
94320.7
94226.6
94161.5
94115.8
94164.1
94210.3
94272.4
94377.1
94455.3
94590.9
94799.3
95003.5
95231.6
95463.1
95670.6
95885.4
96111.2
96225.4
96425.9
96756.1
96923.4
97282.4
97413.3
97598.1
97856.8
98104.1
98278.7
98584.7
98777.3
98913.6
99062.6
99148
98905.2
98996.8
98570.4
98313.2
99014.6
99068.4
99177.1
99287.1
99397.5
99467.3
99492.9
99500.1
99502.4
99497.8
99483.5
99460.9
99432.6
99400.6
99365.3
99325
99277.2
99222
99160
99091.6
99017.5
98937
98849.1
98754.1
98652.8
98545.8
98433
98314.6
98190.7
98061.5
97926.8
97787
97642.5
97493.6
97341
97184.6
97024.2
96859.6
96691.5
96521.8
96351.5
96180.3
96007
95830.2
95650
95467.1
95283.8
95103.1
94926.1
94754.4
94587.6
94423.7
94260.6
94097.2
93933.9
93770.9
93609.1
93449.4
93293.1
93141.2
92993.8
92851.2
92715.1
92586.1
92464.7
92351
92246
92150.5
92065.2
91990
91925
91865.4
91820.8
91788.3
91766.1
91755.3
91757.1
91769.4
91792.4
91824.9
91866.5
91916.9
91974.8
92040.5
92113.9
92193.6
92280.1
92370.7
92466
92563.5
92665.4
92769.4
92875.4
92985.2
93100.9
93217.5
93336.9
93455.7
93569.2
93692.7
93810.2
93924.5
94048.4
94164.1
94273.5
94386.1
94498.4
94619.3
94716.2
94810
94904
95003.1
95092.3
95188.7
95266.1
95355.4
95415.1
95483.2
95530.2
95573.7
95622.1
95657.7
95669.3
95693.9
95700.1
95679
95685.4
95669.4
95638.7
95619.2
95569.9
95500.9
95537.3
95372.4
95222.3
95008
94743.3
94470.6
94195.5
93935.7
93811
93685.6
93457.8
93277.8
93172.8
93072.8
93011.9
92984
93050.5
93082.8
93112.7
93184.4
93247.9
93362.8
93540.4
93715.1
93940
94157
94359.2
94554.1
94766.3
94871.9
95024.3
95364.5
95518.3
95831.8
96008.8
96177.9
96452.7
96773.1
97008.1
97323.1
97495
97600.3
97667.4
97914.5
97699
97784
97368.5
97286.7
98912.8
98968.6
99149.6
99245.7
99288.9
99324.7
99349
99355.2
99352.7
99343.6
99325.9
99301.3
99272
99238.5
99201.3
99158.8
99108.7
99052
98990
98921.3
98845.8
98763.6
98674.4
98579.1
98477.9
98370.8
98258.3
98140.4
98017.2
97889.1
97755.4
97616.8
97473.8
97326.4
97175.2
97019.8
96860.3
96697
96531.1
96363.9
96195.6
96025.5
95853
95677
95497.7
95316.1
95134
94954.2
94778.1
94606.9
94440.7
94277.2
94114
93950.5
93786.8
93623.3
93461
93301.1
93144.3
92991.7
92843.6
92700.6
92564
92434.3
92311.9
92197.7
92092.3
91996.1
91909.5
91833.7
91768.9
91713.2
91664.3
91631.6
91609.2
91597.8
91600.5
91613.6
91636.3
91668.1
91709.3
91759.2
91817.1
91881.5
91953.4
92031.8
92116.6
92205.4
92297.7
92393.4
92491.3
92591.5
92694
92799.5
92910.9
93022.1
93136
93249.2
93357.9
93472.4
93584
93692.9
93805.6
93915.2
94020.3
94120.4
94223
94331.9
94424
94510.6
94593.7
94670.5
94746.8
94821.6
94885.2
94951.7
95001.1
95054.8
95083
95117
95147.2
95158.7
95158.3
95168.3
95147.9
95112.5
95105.3
95069.3
95028
94984
94909.5
94825.3
94792.7
94598.8
94421.8
94157.1
93848.7
93540.6
93223.6
92942.5
92840.4
92609.5
92339
92165.4
92035.9
91925
91877.5
91882.8
91930.5
91934.5
91938.1
91984.6
92049
92150.6
92293
92440.5
92656.3
92855.7
93054.4
93233.1
93432.4
93541.3
93662.3
93968.9
94137.8
94400.4
94662.4
94811.1
95084.7
95429.5
95760.6
96083.8
96259.5
96346.4
96380.4
96694.4
96555.5
96619.5
96256.4
96262.9
98838.9
98893.8
99055.8
99149.1
99166.7
99173.5
99185.7
99189
99184.4
99173
99152.2
99123.7
99092
99058.1
99020.1
98975.4
98922.7
98864.3
98801.5
98733
98657.6
98575
98485
98388.5
98286.4
98178.8
98066.3
97948.8
97826.5
97699.5
97567.3
97430.5
97289.6
97144.2
96994.8
96841
96683.1
96522.3
96359.5
96195.1
96028.6
95859.5
95687.8
95512.8
95334.9
95155
94974.9
94796.9
94622.1
94452
94286.6
94123.3
93960.2
93796.5
93632.5
93468.6
93306.3
93146.3
92989.1
92836
92687.3
92544.1
92407.2
92276.6
92153.6
92039.1
91933.6
91836.9
91750.2
91673.9
91608.7
91552.9
91508
91474.1
91451.3
91442
91444
91456.8
91478.6
91510.4
91551.7
91601.8
91659.2
91725
91797.4
91875.5
91958.6
92046.1
92135.9
92229.9
92324.3
92421.8
92522.3
92623.6
92730.6
92836.9
92945.3
93052.7
93157.3
93263
93369.1
93473.2
93575.5
93677.2
93778.3
93869.5
93962.6
94052.5
94144
94225.9
94297.7
94358.6
94424.4
94478.2
94527.5
94571.7
94606.9
94642.5
94655.5
94677.8
94687.3
94679.5
94668.6
94656.6
94607.7
94564.9
94541.7
94486.5
94431.4
94357.2
94255.4
94165.2
94045.2
93827.8
93614.6
93296.1
92955.9
92619.1
92259.6
91983
91848.2
91526.9
91254.1
91083.4
90913
90808.8
90770.3
90804.9
90790.5
90753.1
90743.7
90788.2
90862
90954.2
91062.4
91190.2
91389
91574.1
91768.5
91930.7
92119.1
92244.7
92342.7
92589
92798
93028
93343.4
93508.3
93769.4
94103
94497.6
94844.5
95072.5
95161.2
95194.2
95528.5
95475.7
95529.2
95230.5
95250.6
98904.1
98946.5
98965.1
99011.1
99046.4
99048.8
99044
99037.8
99028.5
99014.1
98990.6
98959.4
98925
98888.5
98848.1
98801.7
98747.5
98686.8
98621.9
98552
98475.6
98392.6
98303
98207.1
98105.1
97997.5
97884.8
97767.4
97645.3
97518.8
97387.9
97252.6
97113.5
96970.1
96822.8
96671.4
96515.9
96358
96197.9
96035.6
95870.6
95702.5
95531.5
95357.6
95181.3
95003.6
94825.7
94649.3
94476.1
94307.5
94142.8
93979.5
93816.2
93652.1
93487.7
93323.7
93161.2
93001.1
92843.7
92690.3
92541.3
92397.8
92260.4
92129.4
92006.3
91891.3
91785.2
91688.7
91602.6
91526.4
91460.9
91406
91363.5
91330.6
91310.2
91302.4
91299.4
91310.9
91332.8
91365.1
91407
91458.6
91516.4
91584.4
91657.2
91735.7
91818.3
91904.9
91993
92085
92177.4
92273.4
92371.9
92469.3
92572.1
92674.7
92777.3
92879.8
92980.3
93078.8
93179
93277.2
93372.4
93465.4
93560
93644.7
93730.2
93803.2
93891.4
93965.2
94030.5
94083.4
94138.9
94175.1
94212.8
94234.7
94256.3
94271.8
94272.3
94277
94264.7
94241.8
94215
94173.9
94104.9
94057.9
94013.6
93936
93858.4
93753.1
93619.5
93526.8
93315.7
93079.4
92813.5
92444.4
92084.6
91720.9
91311.8
91059.7
90835.2
90460.9
90220.7
90009.8
89830.4
89733.2
89692.2
89711.7
89613.6
89538.4
89533
89590.6
89668
89749.2
89830.8
89946.1
90120.3
90295.5
90480.5
90625.1
90798.5
90951.2
91047.2
91218.3
91472.3
91684.6
91989.3
92210.6
92472.1
92793.1
93189.6
93561.1
93865.9
93987.2
94044.2
94355.5
94372
94439.7
94232.4
94229.8
98924.9
98923.8
98893.8
98890.1
98909.1
98914.1
98903.6
98891
98876.9
98858.7
98833.3
98801.1
98765.1
98726
98682.2
98632.8
98577.6
98516.7
98450.6
98378.7
98300.8
98216.8
98127
98031.2
97929.6
97822.7
97710.6
97593.7
97472
97346
97215.8
97081.5
96943.7
96802
96656.8
96508.2
96355.6
96200.2
96042.3
95881.6
95718
95551.2
95381.5
95209.4
95035.2
94859.5
94683.6
94509.1
94337.9
94170.9
94006.6
93843
93679.1
93514.6
93349.9
93186
93023.5
92863.1
92705.7
92552.1
92402.9
92258.9
92121.2
91990.3
91867.1
91751.7
91645.1
91548.9
91462.8
91387.3
91322
91268.2
91226.3
91195.2
91175.8
91166.4
91165.7
91175
91197.9
91232.1
91276.6
91328.8
91387.2
91457.2
91530
91608.5
91691.2
91777.6
91865.4
91955.9
92047.5
92142.1
92237.9
92333.8
92432.7
92531.2
92629.8
92727.9
92823.7
92917.5
93010.9
93103.1
93192.5
93278.4
93363.6
93443
93520.8
93585
93661.1
93725
93785.2
93833.4
93877.1
93905.1
93929.9
93933.8
93945.6
93938.8
93926.5
93910.1
93879.4
93839.3
93790.3
93722.2
93645.1
93588.9
93514.3
93410.3
93306.1
93169.5
93004.6
92892.1
92609.8
92350.2
92021.7
91608.1
91240.2
90830.6
90422
90132.4
89816.7
89455.2
89246.1
88971.1
88802.4
88701
88643.7
88578.5
88425.9
88342.6
88355
88413.7
88477.7
88542.6
88608.4
88720.7
88866.1
89038.2
89202.1
89329.2
89493.5
89683.1
89774.2
89886.1
90163.2
90372
90651.2
90922.8
91209.5
91538.5
91928.8
92294.8
92646.9
92827
92953.6
93209.6
93333
93409.7
93291.4
93264.1
98802.6
98799
98778.5
98761.6
98754.4
98750.7
98738.9
98722.3
98702.8
98679
98649.9
98616
98578.4
98536.7
98489.9
98438
98381
98318.8
98251.9
98179.5
98101.2
98016.9
97927
97831.2
97729.8
97623.5
97512.3
97396.5
97275.9
97151.1
97022.3
96889.2
96752.6
96612.7
96469.8
96324.1
96174.6
96021.8
95866.2
95707.4
95545.8
95381.2
95214.1
95044.9
94874.1
94700.7
94527.9
94356.3
94187.7
94022.4
93858.5
93694.8
93530.6
93365.9
93201.2
93037.5
92875.1
92714.8
92557.5
92404
92254.7
92110.6
91972.9
91842.2
91718.8
91603.4
91497.3
91401.3
91315.1
91239.7
91175.5
91123
91081.7
91051.7
91033.8
91026.6
91031.4
91046.4
91072.9
91106.9
91152.4
91203.5
91264.4
91331.5
91404.1
91483.3
91567.2
91654.1
91742.9
91832.6
91924.4
92018.4
92112.1
92208.1
92302.7
92398.1
92494.6
92587.8
92679.4
92769.5
92856.1
92942.7
93025.5
93106.1
93181.3
93254.8
93324.1
93385.5
93445.2
93498.5
93548.5
93589.3
93623.1
93647.4
93657.8
93655.4
93652
93625.1
93599.7
93562.4
93514
93449.8
93378.4
93294.6
93213.3
93136.7
93027.7
92899.1
92765
92595.1
92403.2
92243.1
91917.7
91625.9
91242.1
90803.4
90407.8
89967.9
89551.3
89210.4
88841.8
88500.9
88288.3
87988.1
87825.2
87707
87607
87441.4
87290.6
87231.8
87256.5
87288.8
87322.4
87368.7
87432.3
87539.4
87669.6
87831.6
87965.8
88085.4
88259
88482.6
88533.5
88665.2
88919.7
89132.8
89418.7
89705.6
90021.6
90376.6
90785.1
91142.1
91504.8
91733.8
91941.8
92186.4
92512.7
92527.4
92460.5
92408.1
98673.6
98652.6
98630
98604.3
98584.5
98568.4
98548.9
98525.5
98499.9
98471.1
98438
98400.8
98359.7
98314.9
98265.8
98212.1
98153.7
98090.4
98022.5
97949.2
97870.4
97786.1
97696.6
97601.6
97501.2
97396.2
97286.4
97172.2
97053.6
96930.8
96804.1
96673.1
96538.3
96400.9
96260.6
96117.6
95971.1
95821.5
95668.7
95512.4
95353.3
95191.5
95027.7
94861.8
94694.2
94526.5
94357.7
94189.9
94024.4
93860.8
93697.5
93533.9
93369.7
93205.1
93040.8
92877.3
92715.2
92555.2
92398.2
92244.9
92095.7
91952.2
91814.7
91683.9
91560.6
91445.7
91340.6
91244.7
91159.1
91084.5
91021.3
90969.7
90929.9
90901.4
90885.5
90880.3
90888
90906.4
90934.4
90973.8
91019
91075.6
91138.5
91206
91280
91360.9
91446.8
91534.5
91625.7
91716.3
91809.3
91903.9
91997
92093.1
92185
92279
92372.7
92461.5
92550.4
92635.2
92717.3
92797.3
92874
92948.8
93017.4
93082.5
93144.3
93200.1
93248.7
93291.5
93329.7
93358
93382.2
93395.5
93397.4
93388.5
93365.1
93329.4
93286.9
93228.3
93159.7
93074.3
92988.1
92894.1
92801.4
92692.2
92551.3
92402.5
92233
92031.1
91817.4
91589.4
91237.6
90903.7
90479.9
90017
89594.3
89132.6
88696.5
88305.3
87920.8
87602.8
87330.9
87050.4
86878.2
86736.1
86565.1
86359.6
86242.3
86209.2
86226.6
86214.5
86215.6
86249
86317.7
86409.7
86531.3
86675.2
86791.6
86925.1
87104.2
87316
87370.5
87567.6
87752.5
87977.4
88280.8
88578
88914.4
89299
89728.8
90093.2
90459.8
90723.6
90993.2
91253.8
91719
91720.4
91702
91660
98507.7
98471.3
98440.8
98410.1
98380
98351.6
98323.2
98293.7
98262.1
98227.8
98190.3
98149.7
98105.7
98058.1
98006.5
97950.8
97891.1
97827
97758.2
97684.3
97605.3
97521.3
97432.2
97338.3
97239.5
97136.6
97029.3
96917.6
96801.8
96681.9
96558.2
96430.2
96298.7
96164.8
96027.9
95888.1
95744.9
95598.5
95448.9
95296.5
95141.5
94984
94824.8
94663.8
94500.7
94336.7
94172.4
94009
93846.8
93684.8
93522.2
93358.9
93195
93031.1
92867.4
92704.4
92542.9
92383.6
92227
92074
91925.4
91782.5
91645.3
91514.7
91392.1
91278.2
91173.9
91078.8
90994.5
90921.4
90859.5
90809.5
90771.6
90745.3
90731.7
90729.3
90739.6
90761.1
90792.3
90833.8
90883.5
90943
91009.9
91081.6
91161.5
91242.8
91330.6
91420.8
91514.6
91608.1
91704.5
91799.9
91894.5
91990.7
92082.6
92175.9
92265.9
92352.4
92438
92517.6
92596.6
92670.6
92742.4
92809.9
92873.6
92930.7
92985
93031.6
93074.3
93107.4
93136.1
93151.7
93164.1
93161.5
93155.1
93130.4
93095.4
93048.5
92984.4
92911.4
92823.2
92726
92623.8
92511.9
92392.6
92244.8
92081.3
91911.8
91707.7
91477.5
91242.8
90943.9
90566.4
90188.1
89741.1
89247.7
88798
88323.9
87863.7
87448.1
87061.1
86752.8
86406.6
86159
85959.3
85780.8
85555.3
85367.3
85271.8
85249.4
85238.9
85187.3
85172.2
85197.4
85261.3
85334.3
85456
85576.2
85707.8
85852.3
86010.7
86174.9
86318.6
86537.2
86660.3
86899.8
87221.6
87546.5
87896.3
88301.7
88746.5
89131.1
89512.6
89815.3
90120.2
90387.7
90832.5
90930.4
90984.2
90992.6
98292.4
98247.6
98207.4
98169.3
98132.2
98095.5
98059.1
98022.3
97984.4
97944.6
97902.6
97858
97810.6
97760.2
97706.7
97649.5
97588.3
97523
97453.5
97379.4
97300.8
97217.9
97130.4
97038.5
96942.3
96841.9
96737.6
96629.2
96517.1
96401
96281.3
96157.7
96030.8
95901.3
95768.9
95633.4
95494.7
95352.6
95207.5
95060
94909.9
94757.6
94603.1
94446.8
94289.2
94130.4
93971.3
93812.5
93653.1
93492.8
93331.4
93169.1
93006.2
92843.4
92680.6
92518.5
92358
92199.4
92043.4
91891.2
91743.4
91601
91464.1
91334.5
91213.1
91100
90996.5
90903
90820.5
90749.2
90689.3
90642
90606.8
90583.6
90573
90574.4
90588.1
90612.8
90648.3
90693.7
90748.9
90812.4
90883.3
90960.5
91044
91131
91220.3
91314.8
91411.9
91510.5
91610.6
91708.4
91807.1
91904.8
91997.8
92090.4
92178.1
92263.6
92345.1
92423.3
92497.7
92567.8
92633.3
92695.7
92752.6
92804.1
92849.6
92890.3
92924.2
92949.3
92967.7
92974.1
92973.1
92958.1
92937.2
92896.4
92850.8
92782.4
92706.3
92620.2
92511.9
92399.7
92270.8
92132
91979
91803.5
91627.4
91427.4
91191.6
90934.6
90671.9
90309.4
89906.5
89486.5
89027.7
88507.7
88024.3
87549.9
87076.1
86661.3
86266.6
85922.1
85560.1
85314.1
85073.3
84854
84621.1
84455.6
84366.7
84332.8
84281
84209.6
84192
84208.3
84255
84322.3
84434.1
84547.8
84699
84823.7
84949.1
85091.7
85308
85507.6
85629
85897.2
86248
86606.4
86967.9
87390.6
87838.7
88251.8
88659.4
88999.1
89317.8
89589.2
89938.3
90161.8
90307.8
90383.5
98017.1
97966.2
97919.2
97874.9
97831.1
97787.8
97744.8
97701.7
97658.2
97613.6
97567.5
97519.4
97469.2
97416.5
97361.1
97302.5
97240.3
97174.7
97105.4
97032.2
96954.8
96873.5
96788.2
96699
96606
96509.3
96408.9
96304.8
96197.2
96086.1
95971.3
95853.3
95732.3
95608.4
95481.6
95351.9
95218.8
95082.5
94943.2
94801.4
94657.2
94510.7
94362.3
94212.3
94061
93908.4
93754.5
93599.1
93442.1
93283.9
93124.6
92964.2
92803.3
92641.8
92480.3
92319.6
92160.1
92002.3
91847.4
91696.2
91549.1
91407.3
91271.6
91143.3
91022.7
90910.8
90808.7
90717.1
90636.5
90567.3
90510.2
90465.8
90433.7
90414.5
90408.1
90414.1
90432.3
90462
90503.1
90554
90615.2
90684.1
90760.7
90843.3
90931.3
91023.7
91118.1
91218.7
91320.5
91425.2
91529.7
91633.5
91737.2
91837.3
91933.4
92027.4
92115
92199.6
92279.7
92356.4
92426
92492.5
92553.3
92611
92660.2
92706.4
92743.7
92779.1
92801.7
92820.7
92825.9
92824.7
92809.8
92785
92746.1
92693.9
92629.7
92543.7
92459.1
92347.3
92220.9
92084.4
91925.2
91763.9
91584.8
91393
91192.3
90952.4
90688.3
90403.2
90099.3
89688.7
89259.1
88805.9
88328.8
87807.3
87293.6
86831.1
86344.5
85928
85511.5
85117.5
84776.5
84489.7
84226.6
83976
83754.9
83602.1
83509
83448.7
83361.8
83290.5
83270.6
83275.5
83301.1
83368.2
83458.3
83584.4
83708.4
83807.8
83920.7
84081.1
84324.4
84497.7
84663.5
84977.4
85356.9
85744.5
86122.5
86567.9
87013.4
87454.6
87889.9
88260.7
88592.8
88874.6
89177.9
89469.6
89689.8
89814.1
97672.9
97617.6
97565.6
97515.9
97467.2
97419.2
97371.6
97324.2
97276.6
97228.2
97178.9
97128.2
97075.8
97021.4
96964.7
96905.5
96843.5
96778.4
96710.2
96638.6
96563.6
96485.3
96403.5
96318.2
96229.6
96137.6
96042.2
95943.6
95841.8
95736.6
95628.5
95517.3
95403.1
95286
95166.2
95043.2
94917.3
94788.4
94656.6
94521.8
94384.7
94245.7
94104.6
93961.4
93816.1
93668.9
93519.6
93368.3
93215.1
93060.1
92903.4
92745.6
92586.7
92427
92267.1
92107.9
91949.5
91792.9
91639.3
91488.9
91342.8
91202.1
91067.8
90940.5
90821.1
90711
90610.9
90521.3
90443.1
90376.9
90323.2
90282.3
90254.4
90239.9
90238.6
90250.4
90274.6
90310.6
90358.4
90416.5
90484.1
90559.6
90642.3
90731.5
90826.2
90925.2
91029.5
91135.3
91244.2
91355.8
91467.3
91579.2
91688
91793.3
91894.6
91991.6
92080.9
92166.2
92246.7
92320.2
92387.3
92450.5
92507.2
92557.7
92601.9
92640.5
92673
92699.4
92712.4
92722.3
92715.3
92706.3
92678.3
92641
92585.5
92520.9
92434.6
92339.3
92233.9
92095.6
91955.2
91787.2
91607.2
91425.5
91219.2
91003.9
90764.5
90488.9
90198
89880
89527.8
89081.1
88626.9
88151.7
87649.7
87136.2
86620.2
86157.8
85647.1
85213.6
84776.3
84359.4
84025.7
83699
83422
83160.4
82945.8
82788.7
82681.7
82590.8
82488.8
82423.9
82395.3
82384.5
82391.1
82455.8
82530.3
82649
82715.6
82804.6
82944.2
83122.8
83422.8
83559
83766.4
84108.4
84518.5
84943.9
85360.9
85827
86272
86737.1
87196.8
87599.5
87957.5
88252.1
88540.5
88866.9
89124.7
89289.7
97233.2
97180.1
97129.2
97079.9
97030.3
96979.5
96929.1
96879.3
96829.6
96779.6
96728.9
96677.2
96624.3
96569.9
96513.5
96455.2
96394.5
96331.4
96265.7
96197.3
96126
96051.9
95974.9
95895
95812.1
95726.4
95637.6
95545.9
95451.2
95353.8
95253.6
95150.4
95044.4
94935.5
94823.9
94709.5
94592.2
94471.8
94348.6
94222.8
94094.3
93963.3
93829.8
93693.6
93554.8
93413.4
93269.4
93122.9
92974.1
92823
92669.7
92514.6
92358.1
92200.7
92042.8
91884.9
91728
91573
91420.3
91270.8
91126.1
90986.6
90853.2
90727
90609.4
90501.2
90402.8
90315.6
90240.3
90177.5
90127.6
90090.9
90068.2
90059.7
90064.8
90083.5
90115.1
90159.2
90214.9
90281.1
90356.4
90440.3
90530.8
90627.9
90730.7
90838.3
90951.7
91066.6
91186.4
91307.4
91429
91549.5
91666.4
91779.6
91887.3
91988.6
92081
92168.4
92248.6
92320.1
92386.4
92446
92498.5
92544
92582.9
92615
92642
92655.1
92663.8
92661.3
92645.1
92625.9
92585.5
92531.8
92462
92381.5
92275.9
92169.1
92035.6
91882.1
91715.5
91514.5
91321.5
91108.9
90872.1
90626
90347.4
90040.8
89716.3
89363
88964.4
88490.3
88016.1
87524.5
86995.2
86477.8
85967.2
85504.8
84991.9
84519.7
84068.8
83650.9
83285.9
82956.3
82664.9
82402.7
82183.3
82015.6
81886.7
81771.4
81666.7
81601.1
81561.4
81533.9
81532.9
81590.7
81646.7
81714.7
81764
81873.9
82041.9
82232.4
82544.6
82707.6
82956.2
83317.9
83747.8
84217.1
84691.2
85167
85611.3
86103.9
86585.5
87009.7
87396.9
87706.9
88004.3
88337.9
88613.9
88831.9
96707.5
96652.7
96600
96548.9
96499.4
96452.2
96405
96358
96311.3
96264.1
96215
96163.8
96112
96059.1
96005.2
95949.9
95892.9
95834.1
95773.2
95709.8
95644.1
95575.9
95505.5
95432.4
95356.8
95278.7
95198.1
95115
95029.5
94941.4
94850.5
94756.9
94660.5
94561.5
94459.7
94354.9
94247.2
94136.8
94023.6
93907.5
93788.3
93666.3
93541.2
93412.9
93281.3
93146.5
93008.6
92867.6
92723.4
92576.6
92427
92275.1
92121.3
91966.2
91810.2
91654.1
91498.7
91344.6
91192.9
91044.8
90901
90762.2
90630.1
90505.8
90389.9
90283.4
90187.6
90103.6
90031.3
89972
89926.4
89895
89878.3
89876.3
89888.8
89915.5
89956.1
90009.7
90074.7
90150.5
90235.5
90328.9
90429.5
90536.6
90649.6
90768.2
90891.9
91019.4
91151.7
91284.7
91419
91550.7
91678.5
91800.9
91916.3
92023.1
92120.1
92210.5
92291.4
92363.2
92427.9
92484.9
92533.8
92574.1
92607.9
92635.1
92651.3
92657.9
92660.7
92644.1
92621.5
92588.1
92533
92464.3
92382.5
92280.2
92160.2
92033.7
91872.3
91697.9
91495.5
91277.2
91060.5
90809
90544.7
90263.7
89945.4
89604.7
89244.4
88858.8
88418.1
87923.9
87435.8
86930
86382.5
85853.4
85340.6
84875.3
84350.7
83855.9
83407.5
82986.1
82600.9
82266.4
81964.5
81697.7
81467.8
81289.7
81136.9
81004.8
80902.7
80827.6
80776
80736.4
80727.7
80761.9
80800.7
80834.6
80918.8
81069.2
81245.4
81442.2
81723.3
81959.8
82258.8
82655
83072.5
83563.6
84083.4
84567.2
85024.2
85548.9
86050.1
86486.4
86897.6
87233.6
87556.9
87887.2
88187.9
88449.6
96127.7
96078.7
96031.1
95984.6
95938.6
95893.2
95848.2
95803
95757.5
95711.8
95666.9
95622.6
95577.3
95530.6
95482.7
95433.6
95382.7
95329.6
95274.4
95217.3
95158.3
95097.4
95034.9
94970.4
94903.4
94834.3
94762.9
94689.5
94613.3
94534.8
94454.1
94371.1
94285.6
94197.1
94106
94011.7
93914.7
93814.5
93711.1
93604.7
93494.9
93381.8
93265
93144.5
93020.2
92892.2
92760.2
92624.5
92485.3
92342.4
92196.3
92047.7
91896.4
91743.2
91589.1
91434.3
91279.8
91126.7
90976
90828.3
90685
90547.4
90416.3
90292.7
90178.1
90073.6
89980
89898.1
89829.3
89774.2
89733.1
89707.3
89696.9
89702
89722.7
89758.8
89809.7
89873.1
89948.4
90034.6
90130.3
90234.9
90347.1
90465.9
90591.3
90722.7
90859.4
90999.2
91147.2
91295.6
91443
91586.5
91726
91857.9
91981.1
92095.2
92197.7
92291.7
92374.4
92446.6
92510.6
92565.3
92610.2
92647.1
92676.9
92696.5
92704.9
92708.8
92699.9
92673
92641.5
92593.6
92525.1
92442.9
92343.6
92220.8
92087.5
91931.1
91744.2
91544.7
91313.7
91076.7
90823
90537.6
90244.8
89922.4
89565.5
89194.7
88802.8
88380.9
87903.9
87398.7
86899.3
86377.1
85825.3
85316.9
84756.5
84294.9
83736.8
83237.7
82798.9
82374.4
81980.2
81631.6
81320.2
81041.5
80800.2
80608.5
80436.4
80289
80186.5
80098.5
80032
79991.4
79970.5
79971.6
80001.6
80050.6
80166.6
80339.1
80526.6
80736
81012.4
81284.8
81628
82053.8
82466.4
82953.2
83498.3
84001.1
84488.8
85040.7
85550.4
86009.3
86442.6
86811.8
87160.9
87495.8
87824.8
88116
95587.6
95546
95505.3
95465.5
95426.1
95387
95347.9
95308.6
95269.3
95229.7
95189.9
95149.7
95108.9
95067.2
95024.2
94979.8
94934.1
94887.4
94839.2
94789.8
94738.8
94685.8
94630.9
94573.9
94515.6
94454.9
94393.1
94327.9
94260.7
94191.5
94119.5
94045.5
93968.8
93890.1
93809.1
93724.4
93636.7
93545.3
93450.9
93353.2
93251.8
93146.3
93036.8
92923.2
92805.3
92683
92556.3
92425.1
92289.9
92150.4
92007.3
91860.9
91711.5
91560.1
91406.9
91252.8
91099.2
90946.4
90795.6
90648.5
90505.5
90367.9
90237.3
90114.5
90000.9
89897.7
89805.6
89725.9
89659.7
89607.4
89570.4
89549.9
89546.7
89559.3
89586.2
89629.9
89690.8
89764
89848.7
89944.8
90051.4
90167.3
90291.2
90422.9
90561.6
90706.9
90858.7
91015.3
91173.4
91332.8
91491.6
91646
91794.8
91934.7
92066
92185.3
92292.2
92390.2
92474.8
92548.3
92612.7
92665.8
92709.1
92744.1
92769.7
92783.2
92788.5
92786.3
92766
92733
92692.7
92632.8
92552.9
92457.6
92339.7
92202.7
92049.2
91866.2
91662.1
91437.3
91182.5
90920.5
90632.3
90320.2
89996.4
89636.9
89253.5
88857.6
88433.7
87977.2
87477.6
86964.2
86455.5
85925.9
85380.8
84842.7
84302.6
83800
83251.2
82761.3
82313
81876.2
81471.5
81106.9
80787.8
80494.9
80240.5
80031.4
79853.2
79695.5
79584
79486.9
79404.8
79369.5
79334.4
79314.9
79345.1
79410.9
79529.8
79709.3
79917.4
80152.6
80433.7
80719.6
81100.1
81547.4
81981.6
82459.4
83012.4
83537.4
84064.3
84620.4
85123.3
85609.6
86064.8
86463.5
86833.3
87187.1
87534.8
87853.5
95133.5
95099.1
95065.5
95032.7
95000
94967.2
94934.4
94901.4
94868.2
94834.5
94800.5
94765.9
94730.6
94694.4
94657.2
94619
94579.6
94539
94497
94453.3
94408
94361.2
94312.6
94262.3
94210.2
94156.4
94100
94042.9
93983.8
93922.7
93858.7
93792.6
93723.7
93652
93577.6
93500.7
93420.6
93337.8
93251
93160.5
93065.8
92966.5
92863
92754.8
92641.7
92523.9
92401.1
92273.5
92141.3
92004.4
91863.5
91718.8
91570.7
91420.2
91267.8
91114.2
90960.7
90808
90657.4
90510.1
90366.9
90229.6
90099.3
89976.7
89863.8
89761.6
89670.4
89592.3
89527.6
89476.9
89442.7
89425.8
89427.6
89448.9
89488.8
89541.6
89605.3
89683.7
89775.3
89879.2
89994.9
90121.2
90256.7
90399.9
90550.6
90708.2
90872.1
91042.1
91209.5
91377.8
91545.3
91707.8
91863.6
92009.9
92147
92270.7
92382.6
92483.4
92569.7
92645.5
92710.8
92763.7
92806.3
92840.2
92862.7
92872.7
92874.9
92866.5
92839.9
92801.9
92753.4
92684.4
92595.6
92487.7
92357
92207
92034.7
91835.5
91613.8
91366.4
91093.8
90808.7
90493.3
90160
89809.6
89423.2
89020.8
88599.8
88148.8
87670.5
87155
86632
86114.9
85585.2
85040.9
84474.2
83962.8
83425.3
82913
82427.2
81952.8
81506.7
81092.6
80718.7
80386.6
80084
79816.1
79593.7
79412
79250
79124.1
79026.7
78938.4
78900.4
78850.7
78819.5
78856.5
78939.3
79072.7
79254.3
79465.2
79702.7
79985.1
80298.8
80697.9
81168.4
81618.5
82106.2
82664.5
83205.2
83762.7
84309.8
84806.5
85306.8
85780
86202.2
86586.9
86962.6
87324.6
87670.8
94763.7
94736.1
94709.1
94682.2
94655.4
94628.5
94601.4
94574.2
94546.7
94518.4
94489.5
94460.2
94430.1
94399.1
94367.1
94334
94299.7
94264.2
94227.4
94189.3
94149.5
94108
94065.1
94020.6
93974.5
93926.5
93876.6
93824.7
93770.5
93714.5
93657.4
93597.6
93535.9
93470.5
93402.5
93331.5
93257.3
93180.3
93099.1
93013.7
92924.5
92830.3
92731.5
92627.4
92518.2
92403.9
92284.1
92159.2
92029.2
91894.2
91755
91611.4
91464.3
91314.5
91162.3
91009
90855.7
90702.8
90552
90404.5
90261.2
90123.7
89993.2
89871
89758.9
89657.5
89567
89489
89425.1
89374.9
89341.3
89329
89336.6
89362.3
89404.7
89462.2
89533.1
89619.5
89718.6
89830.6
89954.9
90090.3
90235.2
90388.4
90548.9
90716.3
90888.9
91065.6
91242.6
91419.5
91594.4
91762.7
91924
92076.1
92217.4
92344.9
92461.1
92564.3
92653.1
92730.9
92797.1
92850.4
92893.4
92926.3
92946.1
92954.3
92954.3
92941.2
92910.6
92868.4
92813.2
92737.2
92640.7
92523
92382.9
92221.1
92035.3
91822.4
91584.8
91320.7
91033.5
90728.1
90392.2
90042.4
89668.9
89261.8
88844.7
88402.9
87932.3
87436.7
86909
86381.6
85861.3
85329.5
84778.8
84208.6
83714.1
83167
82664.3
82168.3
81681.2
81231.8
80810.7
80429.5
80088.4
79779.3
79500.1
79263.1
79076.7
78913.8
78777.6
78682.7
78598.2
78553.7
78505.8
78464
78500.7
78594.1
78731.7
78918.9
79133.6
79373.9
79659.6
79982.3
80393.4
80883.4
81342.3
81851.8
82412.9
82967.1
83536.9
84070.7
84571.3
85080.8
85570.7
86013.9
86408.7
86800.5
87172.5
87536.1
94471.1
94448.8
94427
94405.4
94383.7
94361.9
94339.9
94317.8
94295
94271.2
94246.8
94221.9
94196.2
94169.6
94142
94113.3
94083.2
94052
94019.4
93985.5
93950.3
93913.5
93875.1
93835.1
93793.6
93750.4
93705.5
93658.7
93610
93559
93505.9
93450.6
93393
93333.1
93269.9
93204.3
93135.1
93062
92985.3
92904.3
92818.6
92728.3
92632.7
92531.9
92425.8
92314
92196.6
92073.8
91945.4
91812
91673.8
91531
91384.7
91235.1
91083.2
90929.9
90776.4
90623.7
90472.5
90324.6
90181.3
90043.6
89913.1
89790.8
89679
89579.2
89489.8
89411.3
89345.6
89294.6
89262
89249.7
89260.9
89293
89341.7
89404.9
89482.4
89572.2
89676.8
89794.7
89925.6
90068.3
90221.2
90382.7
90551.2
90726.1
90905.7
91089.1
91272.9
91455.6
91635.3
91808.4
91974.4
92130.7
92275.1
92406.2
92525.6
92630.7
92722
92802
92869
92922.9
92966.5
92998.2
93016.7
93024.4
93022.2
93005.5
92972.6
92927.1
92866.3
92784.7
92681.9
92557
92409.5
92238.2
92041.5
91817.8
91567.5
91290.7
90990.9
90668.7
90318.6
89954.1
89560.6
89141.6
88713.4
88252
87764.9
87258.3
86728
86198.8
85674.1
85135.2
84585.6
84035.3
83523.8
82974.8
82479.1
81963.6
81479.5
81028.6
80601.1
80214.5
79867.1
79553.1
79268.2
79020.5
78823.9
78659.2
78521.3
78427
78350.4
78298.3
78262.3
78208.4
78236.4
78338.2
78478.4
78676.9
78893.5
79134.1
79432.3
79781.5
80181.6
80671.5
81140
81666.7
82225.8
82791.3
83362.8
83885.2
84394.1
84911.9
85416.5
85879.8
86286.3
86685.1
87064.7
87435.6
94245
94227.2
94209.8
94192.5
94174.9
94157.1
94139.1
94120.7
94101.8
94082.1
94061.4
94040.1
94018
93994.9
93970.7
93945.4
93918.8
93891
93861.8
93831.4
93799.7
93766.6
93731.6
93695.1
93657.2
93617.7
93576.7
93533.7
93488.7
93441.8
93392.6
93341.2
93287.5
93231.3
93172.1
93109.8
93044.1
92974.5
92900.9
92823
92740.3
92652.7
92559.7
92461.3
92357.4
92247.5
92131.9
92010.6
91883.4
91751.1
91613.6
91471.6
91325.6
91176.2
91024.4
90871.1
90717.5
90564.7
90413.3
90265.1
90121.1
89983.1
89853.1
89730.4
89618.3
89521.1
89431.5
89352.4
89286.6
89234.4
89200.6
89191.5
89207.6
89243.1
89294.4
89360
89439.9
89535
89645
89768.6
89904.8
90053.1
90211.8
90379.2
90554
90734.9
90920
91108.1
91296.9
91484.2
91667.8
91844.7
92014.1
92173.3
92320.7
92454.9
92576.4
92683.3
92777.1
92858.8
92926.5
92981.4
93025.2
93056.1
93074.1
93081.4
93077.2
93058.1
93023.8
92975.7
92910.3
92824.1
92716.8
92586.7
92433
92254.2
92049.3
91816.7
91556.4
91270.5
90959.7
90624.9
90264.6
89886.7
89480.3
89055
88613.4
88134.8
87638.3
87127.4
86596.1
86065.8
85534.8
84991.7
84446.9
83906.2
83371.5
82835.4
82336
81809.1
81332.2
80879.2
80447.7
80057.7
79705.1
79386.5
79099.1
78846.8
78640.4
78471.9
78334.4
78237.7
78168.5
78113.7
78082.6
78025.5
78047.1
78160.3
78318.9
78502.8
78720.2
78962.3
79267.6
79620
80029.3
80523.9
80990.2
81526.8
82086.9
82657.1
83231.3
83750.5
84264.5
84786.5
85299.8
85778.7
86200.1
86602.7
86988.2
87361.2
94074.9
94060.7
94046.7
94032.7
94018.4
94003.8
93988.9
93973.4
93957.1
93940.3
93922.7
93904.4
93885.2
93864.9
93843.3
93820.5
93796.6
93771.4
93745
93717.2
93687.9
93657.4
93625.4
93591.6
93556.2
93519.6
93481.3
93441.5
93399.7
93355.6
93309.3
93260.8
93209.9
93156.5
93100.1
93040.5
92977.3
92910.3
92839.3
92763.5
92683.1
92597.5
92506.4
92409.9
92307.4
92199
92084.8
91964.3
91838.2
91706.6
91569.5
91428.3
91282.3
91133
90981.7
90827.7
90673.9
90521.5
90369.2
90221.8
90077.4
89935.7
89804.9
89686.6
89578.4
89474.7
89384.3
89307.3
89244.1
89195.9
89163.1
89153
89174.2
89209.6
89260.8
89327
89409.2
89507.8
89622.1
89750
89890.4
90042.6
90205.6
90377.5
90556.7
90741.7
90931
91123.2
91315.5
91505.8
91692.1
91872.1
92044
92206
92355.5
92491.9
92615.1
92723.9
92819.8
92902.5
92971
93026.9
93070.6
93101.2
93119.1
93125.8
93120.1
93099.5
93064.1
93013.7
92945.1
92855.8
92744.8
92610.6
92451.9
92267.4
92056.1
91816.4
91549.4
91256
90936.6
90593.4
90225.2
89837.3
89423.1
88990.9
88535.4
88046.4
87546.9
87033
86500.8
85969.6
85433.6
84886.1
84342.3
83804.7
83259
82737.7
82221.8
81701.4
81225.9
80771
80337.7
79945.2
79588.8
79266.2
78977.5
78723.3
78510.9
78338.3
78201.2
78100.8
78033
77982.6
77954.3
77900.9
77924.3
78043.8
78189
78376
78594.4
78841.2
79149.2
79508
79919.2
80415.8
80883.5
81418.8
81984
82556.6
83133.7
83655.8
84174.1
84699
85214.9
85703.5
86140.3
86544.1
86933.2
87303.5
93950.6
93939
93927.5
93916
93904.2
93892
93879.3
93866
93852
93837.3
93821.9
93805.7
93788.5
93770.2
93750.6
93729.9
93707.9
93684.7
93660.3
93634.4
93607
93578.3
93548.3
93516.7
93483.4
93448.8
93412.8
93374.8
93335.1
93293.1
93249.1
93202.8
93154
93102.6
93048.2
92990.6
92929.3
92864.2
92794.8
92720.8
92641.9
92557.8
92468.3
92373
92271.7
92164.4
92050.8
91931.2
91805.7
91674.5
91538.2
91396.9
91251.2
91102.1
90950.4
90797.2
90642.4
90489.4
90337.5
90187.6
90044.3
89905.8
89773.7
89652.2
89542.5
89440
89350.7
89275.6
89214.7
89169.2
89142
89135.3
89152.5
89187.5
89238
89304.6
89388.5
89489.5
89606.3
89737.2
89880.8
90035.9
90201.6
90376.6
90559
90747.1
90939.1
91133.7
91328.4
91521.4
91710
91892.1
92066.2
92230.1
92381.3
92519.3
92643.9
92754.4
92851.7
92935.1
93004.4
93060.9
93104.7
93135.1
93152.9
93159.1
93152.5
93131
93094.4
93042.2
92971.6
92879.8
92766.1
92628.6
92466.3
92277.4
92061.1
91816.7
91544.3
91245.5
90920.4
90571.1
90197
89801.9
89382.1
88941.6
88475.6
87983.4
87483.2
86966.8
86435.1
85901.6
85360.2
84808.2
84266.2
83729.5
83187
82665.4
82133
81626.1
81150.8
80694.1
80260.3
79866.6
79507.4
79181.2
78891
78636.2
78421.1
78245.2
78107.8
78005.7
77935.3
77887.7
77861.4
77819.9
77841.5
77952.1
78098.5
78286.2
78505.9
78757
79066.9
79427.7
79839.2
80336.5
80811.4
81340.6
81909
82485.6
83063
83587.9
84111.1
84639.3
85156
85653.6
86099.8
86502.9
86894
87264.6
93862.5
93852.8
93843.2
93833.6
93823.5
93813.1
93802.1
93790.4
93777.9
93764.8
93750.9
93736.1
93720.2
93703.3
93685.3
93666.1
93645.6
93623.7
93600.6
93576.2
93550.3
93522.9
93494.1
93464.1
93432.6
93399.5
93364.5
93328
93289.6
93249.2
93206.7
93162
93114.8
93064.8
93011.8
92955.5
92895.6
92831.7
92763.6
92690.8
92613
92530
92441.4
92347.1
92246.7
92140
92027.1
91908
91782.9
91652
91516
91375.1
91229.4
91080
90927.3
90774
90623.3
90469.4
90315.9
90165.8
90020
89880.8
89750.2
89628.9
89517.4
89415.9
89327.7
89253.2
89194.2
89151.2
89126.4
89121.6
89137.8
89171.6
89221.9
89289.5
89374.8
89477
89595.5
89728.6
89874.4
90031.7
90199.5
90376.6
90561.1
90751.2
90945
91141.3
91337.7
91532.7
91723
91906.6
92082.1
92247.1
92399.6
92539
92664.6
92776.2
92874.5
92958.5
93028.6
93085.5
93129.3
93159.7
93177.6
93183.3
93175.9
93153.9
93116.5
93062.8
92990.5
92897.1
92781.3
92641.5
92476.4
92284.4
92064.7
91816.7
91540.9
91238.3
90909.2
90555.6
90176.9
89776.1
89352
88904.8
88433.2
87940.9
87440.2
86923.4
86392.1
85853.8
85305.6
84754.6
84214.5
83677.6
83137.9
82611.1
82073.3
81575.4
81099.2
80641.1
80208
79813.5
79452.1
79122.8
78831
78575.9
78360.3
78182.4
78043.9
77941.2
77869.3
77821.5
77795.4
77764.3
77785.1
77892.4
78039.9
78224.8
78445.5
78700.2
79011.3
79375.2
79786.6
80282.2
80762.7
81288.1
81856.5
82437.2
83014.2
83540.1
84066.6
84596
85114
85620.9
86070.8
86473.3
86866.1
87236.8
93802.7
93794.4
93786.2
93777.8
93769
93759.7
93749.8
93739.2
93727.8
93715.8
93702.9
93689
93674.2
93658.2
93641.1
93622.8
93603.3
93582.4
93560.2
93536.7
93511.8
93485.3
93457.6
93428.5
93397.9
93365.8
93331.9
93296.2
93258.8
93219.4
93178
93134.2
93088.1
93039.1
92987.1
92931.8
92872.8
92809.8
92742.5
92670.5
92593.5
92511.1
92423.2
92329.5
92229.8
92123.6
92011
91892.1
91767.5
91637
91501
91360.1
91214.8
91065.4
90913.2
90759.9
90607
90453.2
90300.3
90150.2
90004.8
89865.7
89734.3
89612.4
89500.3
89399.2
89310.4
89237.7
89180.2
89138.4
89115
89111.1
89126.8
89160.2
89210.8
89279.3
89365.7
89469.3
89589.2
89723.5
89870.7
90029.3
90198.5
90377
90562.9
90754.2
90949.3
91146.7
91344.2
91540.4
91731.8
91916.8
92092.9
92258.6
92412.1
92552.5
92678.8
92791.4
92890.2
92974.7
93045.3
93102.5
93146.3
93176.8
93194.7
93200
93192
93169.6
93131.6
93076.8
93003.3
92908.6
92791.6
92650.2
92483.1
92289
92067
91816.6
91538.4
91233.2
90901.4
90544.4
90162.5
89758
89330.8
88879.5
88405.2
87913.6
87412.5
86896.5
86364.1
85819.6
85267
84720.1
84180.7
83643
83104.2
82571.8
82039
81543.1
81065
80606.4
80174.4
79779.2
79416
79084.7
78791.5
78536
78320.2
78141.9
78002.1
77898.7
77826.4
77778.3
77751.3
77726.7
77748.1
77852.3
77998.7
78184.6
78406.2
78663.4
78975
79339.6
79751
80241.8
80730.3
81254.8
81820.6
82404
82982
83508.3
84036.4
84565.5
85085.8
85600.7
86049.2
86453.3
86847.1
87217.8
93764.8
93757.4
93750.1
93742.4
93734.3
93725.7
93716.6
93706.7
93696.1
93684.7
93672.4
93659.2
93645
93629.6
93613.1
93595.4
93576.4
93556.1
93534.5
93511.5
93487.2
93461.4
93434.4
93405.8
93375.7
93344.1
93310.9
93276
93239.2
93200.5
93159.6
93116.4
93070.8
93022.4
92971.2
92916.5
92858
92795.6
92728.8
92657.6
92581.1
92499.1
92411.6
92318.2
92218.6
92113
92000.8
91882.2
91757.4
91627.1
91491.4
91350.6
91205.2
91056
90904.1
90750.9
90597.1
90443.1
90290.2
90140.2
89994.6
89855.5
89724.4
89602.2
89489.9
89389.2
89301
89227.7
89169.5
89129.1
89106
89103.2
89118.9
89152.4
89203.6
89272.9
89360.3
89464.7
89585.5
89720.7
89868.6
90028
90198
90377.3
90563.9
90756.1
90952
91150.2
91348.8
91545.5
91737.5
91923.3
92099.8
92265.9
92420.1
92561.1
92688.2
92801.2
92900.3
92985.2
93056.2
93113.5
93157.3
93187.8
93205.6
93210.6
93202.2
93179.5
93141.1
93085.5
93011.3
92915.9
92797.9
92655.4
92487
92291.5
92068.1
91816.2
91536.4
91229.5
90895.8
90536.9
90153
89746.3
89316.9
88863.5
88388.3
87897
87395.6
86879.5
86345.5
85796.6
85243.9
84699.8
84159.7
83621.2
83083.2
82547.1
82019.3
81523.5
81043.6
80585.2
80154.3
79758.4
79394
79061.8
78767.8
78511.6
78295.4
78117
77976.5
77872.5
77799.8
77751.7
77724.3
77703.1
77725.2
77827.9
77974.2
78160.2
78382.4
78641.1
78952.8
79318.2
79730.1
80215.5
80709.2
81235
81798
82381.6
82961.1
83488.5
84017.3
84546.6
85069.1
85589.1
86034.1
86440.2
86834.6
87205.7
93743.3
93736.5
93729.6
93722.4
93714.7
93706.6
93697.8
93688.3
93678.1
93667.1
93655.2
93642.3
93628.4
93613.4
93597.2
93579.8
93561.1
93541.2
93519.9
93497.3
93473.2
93447.9
93421.1
93392.9
93363.1
93331.8
93298.8
93264.3
93227.9
93189.5
93149.2
93106.3
93060.8
93013
92961.7
92907.3
92849.7
92787.6
92721
92649.8
92573.5
92492
92404.9
92311.8
92212.4
92106.6
91994.7
91876.5
91752
91621.8
91486.1
91345.3
91199.9
91050.7
90898.8
90745.5
90591.4
90437.4
90284.6
90134.7
89989.4
89850.2
89718.9
89596.6
89484.3
89383.6
89295.9
89222.7
89164.9
89124.2
89101.7
89098.6
89114.5
89148.1
89199.6
89269.5
89357.3
89462.3
89583.4
89719
89867.4
90027.2
90197.7
90377.4
90564.5
90757.1
90953.6
91152.3
91351.1
91548.4
91740.8
91927
92103.7
92270
92424.6
92566.1
92693.5
92806.9
92906.1
92991.2
93062.3
93119.7
93163.6
93194
93211.7
93216.5
93208
93185
93146.3
93090.3
93015.5
92919.7
92801.1
92658
92488.9
92292.5
92068.2
91815.5
91534.9
91227
90892.3
90532.4
90147.3
89739.5
89308.9
88854.4
88379
87887.8
87385.9
86869.1
86334.3
85784.2
85232.3
84688.9
84147.9
83609.1
83071.7
82533
82008.8
81513
81031.5
80573.7
80143.4
79747
79382
79049.7
78755.2
78498.5
78281.9
78103.5
77962.7
77858.2
77785.3
77737.1
77709.6
77690.2
77712.6
77814.2
77960.8
78147
78369.6
78629.1
78940.6
79306.5
79718.8
80201
80696.9
81224
81785.9
82368.4
82948.5
83477.3
84006.4
84536
85060.4
85581.7
86024.7
86431.6
86827.6
87198.7
93734.2
93727.6
93720.9
93713.8
93706.4
93698.3
93689.8
93680.5
93670.4
93659.6
93647.8
93635.1
93621.3
93606.4
93590.4
93573.1
93554.6
93534.8
93513.7
93491.1
93467.3
93442
93415.4
93387.3
93357.7
93326.5
93293.7
93259.3
93223.1
93184.9
93144.6
93102
93057
93008.8
92957.8
92903.2
92846.1
92784
92717.6
92646.7
92570.6
92489.1
92402.1
92309
92209.7
92104
91992.1
91873.9
91749.6
91619.4
91483.8
91343
91197.6
91048.7
90896.8
90743.2
90589
90435
90282.2
90132.3
89987
89848
89716.6
89594.3
89482.1
89381.4
89293.8
89220.7
89163.1
89122.5
89099.9
89096.6
89112.7
89146.3
89198.1
89268.2
89356.2
89461.3
89582.5
89718.3
89866.9
90027
90197.6
90377.4
90564.7
90757.6
90954.2
91153.2
91352.2
91549.6
91742.2
91928.6
92105.4
92271.9
92426.5
92568.2
92695.8
92809.3
92908.6
92993.8
93065
93122.4
93166.2
93196.6
93214.1
93219
93210.4
93187.2
93148.3
93092.1
93017
92920.9
92802.1
92658.7
92489.2
92292.5
92067.8
91814.7
91533.7
91225.4
90890.4
90530
90144.5
89736.2
89305.1
88850.3
88374.9
87883.7
87381.4
86864.1
86329.1
85779.3
85227.7
84684.2
84142.7
83603.6
83065.8
82527.8
82004.2
81508.9
81025.8
80568.6
80138.7
79742.1
79377
79044.7
78750.2
78493.3
78276.5
78098
77957.1
77852.5
77779.4
77731.2
77703.6
77684.8
77707.3
77807.5
77955.5
78141.6
78364.2
78624
78935.3
79301.4
79713.9
80194.9
80691.5
81219.2
81780.9
82362.6
82942.6
83472.2
84001.6
84531.1
85056.2
85577
86019.6
86427.6
86824.4
87195.5
107149
106557
105849
105049
104157
103225
102285
101319
100402
99549.7
98759.4
98033.1
97386
96859.1
96507.4
96360.4
96406.5
96605.2
96911.8
97307.1
97799
98394.1
99129.5
100034
101014
107161
106548
105836
105050
104160
103205
102254
101285
100369
99517.8
98728.3
98004.8
97360.5
96837.3
96489.8
96348.4
96399.3
96601.2
96909.5
97305.9
97798.9
98396
99134.6
100042
101017
107230
106604
105889
105113
104219
103237
102262
101281
100358
99503.9
98709.6
97984.7
97340.7
96817.4
96471.8
96333.8
96387.8
96592
96901.8
97298.5
97792.5
98391.9
99134.6
100047
101021
107350
106719
106006
105225
104321
103308
102300
101298
100361
99501.6
98697.6
97965.9
97321.2
96797
96450.8
96313.7
96369.7
96575.6
96886.9
97283.9
97778.8
98381.1
99128.4
100048
101022
107507
106889
106170
105366
104445
103422
102360
101329
100379
99508.1
98691.9
97947.5
97299.1
96774.5
96426.5
96288.4
96344.8
96551.7
96864.2
97262
97758
98364
99116.6
100045
101023
107709
107115
106383
105546
104597
103563
102433
101371
100407
99514.5
98682.8
97925.3
97271.6
96748
96398.2
96258
96313.5
96520.4
96834.1
97233
97730.6
98341
99099.5
100039
101022
107974
107372
106624
105764
104780
103698
102533
101429
100439
99520
98669.8
97899.4
97238.5
96716.4
96365.1
96222.1
96276.2
96482.3
96796.8
97197.3
97697
98312.3
99077.5
100029
101019
108276
107648
106876
106001
104972
103838
102638
101483
100469
99526.5
98657.7
97871.4
97200.7
96678.3
96326.9
96180.2
96233.1
96438.4
96753.2
97155.4
97657.6
98278.4
99051.1
100015
101015
108582
107936
107147
106245
105160
103974
102711
101532
100494
99524.5
98634.9
97835.3
97155.5
96631.6
96282.6
96132.2
96183.9
96389.1
96703.7
97107.8
97613.2
98239.9
99020.8
99998.3
101009
108879
108212
107421
106467
105334
104079
102777
101590
100514
99505.5
98589.4
97784.7
97096.6
96576.1
96230.3
96078.7
96128.9
96334.6
96649.1
97055.1
97564.2
98197.5
98987.1
99978.6
101003
109176
108475
107687
106667
105480
104175
102846
101638
100511
99461.6
98532.3
97724.3
97025.3
96511.8
96169.7
96018.5
96069.3
96276.7
96590.9
96998.1
97511.1
98151.5
98950.9
99956.5
100995
109443
108762
107930
106826
105600
104271
102898
101655
100477
99390.3
98475.6
97652.2
96947
96434.1
96100.4
95949
96003.6
96215.2
96529.5
96937.7
97454.6
98102.5
98912.4
99932.5
100986
109654
109032
108092
106927
105718
104342
102920
101635
100426
99316.5
98412.6
97562.2
96856.4
96341.8
96019.9
95869.3
95929.1
96147.2
96463.9
96873.7
97394.7
98050.6
98872.2
99907.2
100976
109831
109209
108150
107028
105819
104364
102896
101580
100349
99246
98320.8
97450.9
96742.9
96242.5
95926.8
95781.2
95843.8
96070
96392.5
96805.8
97331.4
97996.1
98830.4
99880.9
100967
109980
109274
108138
107111
105839
104298
102811
101489
100224
99131.7
98160.8
97296.1
96598.5
96135.7
95824.2
95687.9
95751.2
95984.1
96314.7
96733.6
97264.7
97939
98787
99853.8
100957
110051
109232
108106
107107
105747
104149
102665
101299
100006
98918
97937.4
97094.2
96430.7
96009.5
95713
95588.5
95658.3
95894.4
96231.6
96657.2
97194.8
97879.6
98742.2
99826.3
100947
110006
109067
108041
106980
105540
103916
102416
101003
99723.5
98649.6
97693
96882.6
96255.3
95857.7
95586
95475.3
95562.2
95802.7
96145.1
96577.5
97122.2
97818.1
98696.2
99798.4
100937
109834
108783
107850
106705
105198
103575
102053
100668
99455.9
98395.5
97466.7
96677.2
96076.1
95688.4
95435.5
95342.4
95453.6
95704.9
96055.1
96495
97047.5
97754.9
98649
99770.2
100927
109507
108396
107483
106289
104760
103169
101666
100342
99185.1
98124.3
97234.2
96447.8
95877.8
95500.8
95259.7
95188.5
95322
95592.1
95954.7
96404.6
96966.3
97686.3
98598.1
99740.9
100918
108993
107905
106997
105756
104268
102728
101287
100014
98869.8
97814.7
96949.8
96166.1
95654.2
95290.8
95064.3
95019
95169.1
95462.5
95841.5
96304.6
96877.8
97610.8
98541.2
99707.4
100908
108323
107301
106411
105137
103713
102239
100858
99639.8
98492
97466.8
96604.8
95863
95401.8
95055.2
94855.1
94842.4
95010.1
95323.9
95721.5
96201.1
96788
97534.5
98483.6
99674.1
100899
107549
106586
105715
104441
103090
101688
100362
99190.3
98072
97083.8
96241.4
95550.8
95128.5
94800.1
94635.4
94659.5
94849.9
95178.2
95595
96093.4
96696.5
97457.2
98425.3
99640.8
100890
106684
105767
104903
103686
102391
101068
99824.3
98683.9
97640.8
96684.8
95883.8
95239.9
94846.4
94554.6
94413.1
94475.3
94689.2
95027
95462.5
95981.6
96603.5
97379.1
98366.5
99607.9
100883
105714
104865
104011
102870
101656
100425
99256.3
98164.6
97185.2
96274.2
95517.1
94933.5
94573.2
94321.9
94182.3
94292.9
94528.8
94872.9
95324.3
95866.2
96508.9
97300.2
98307.3
99575.5
100876
104659
103900
103057
102009
100896
99771.1
98660.1
97644.7
96701.1
95842.1
95139.5
94627.9
94296.4
94086.1
93941.9
94106.4
94369.4
94719.6
95181.6
95747.1
96412.5
97220.7
98248.1
99543.7
100871
103550
102879
102062
101103
100096
99084.1
98037.6
97097.9
96207.4
95398.9
94762.9
94308.8
94002.4
93846.5
93715.3
93910.4
94210.7
94568.7
95036.6
95625.7
96314.8
97141.1
98189.1
99512.8
100868
102398
101809
101050
100171
99265.4
98363.6
97401.6
96519.2
95703.1
94955.4
94384.7
93973.4
93718.4
93615.6
93513.2
93709.8
94049.7
94420
94890.3
95503.7
96216.7
97061.7
98130.8
99483.1
100866
101222
100743
100047
99242.2
98429.2
97625.6
96775.4
95945.7
95196.5
94516.9
94009.7
93651.8
93453
93385.8
93324.9
93514.8
93886.5
94275.8
94748.7
95385.2
96121.2
96985.3
98075.3
99455.3
100865
100076
99693.8
99064.4
98334.6
97601.9
96886.8
96156.1
95385.5
94701.2
94090.2
93649.4
93355.4
93180.8
93145.2
93130.9
93327.7
93722.8
94133.5
94613.3
95271.9
96030
96913.4
98023.6
99430.7
100867
98970.9
98676.9
98101
97454
96786.7
96153.1
95531.8
94828.5
94214.1
93672.7
93297.8
93064.5
92893.1
92887.3
92924
93141.7
93553.6
93989.5
94480
95162.3
95940.9
96843.8
97974.2
99408.2
100871
97926
97693.9
97172.6
96606.7
96003.2
95438.1
94911.8
94287.8
93737.2
93266.5
92947.3
92764.3
92611
92627.6
92712.1
92950.4
93379.3
93845
94348.7
95057.5
95854.4
96777
97927.5
99388.1
100877
96939.9
96748.1
96289.5
95797.2
95265.3
94761.1
94308.7
93772.3
93278.2
92876.5
92601.6
92454.7
92346.3
92376.6
92503.4
92760.4
93201.9
93697.3
94219.7
94956.3
95770.4
96713.7
97884
99370.6
100884
96013
95837.1
95452
95029.5
94570.1
94127.3
93734
93282.2
92843.3
92503.7
92270.7
92150.7
92094.6
92139
92297.4
92580.8
93030.7
93550
94099.1
94858.8
95689
96654.3
97844
99356.2
100894
95141.1
94967.7
94667.8
94306.4
93915.5
93533
93194.8
92820.2
92433.8
92149.9
91960.6
91868.3
91852.4
91911.7
92088.9
92406.1
92863.6
93407.2
93989.9
94760.8
95611
96599
97808.3
99344.8
100905
94266.6
94100.1
93893
93590.7
93267.5
92942.2
92662.5
92363.7
92031.3
91798.3
91655.7
91597.7
91609
91685.2
91868.8
92219.6
92694.7
93260.1
93880.7
94663.7
95534
96545.9
97775.4
99334.9
100918
93400.6
93255.9
93125.2
92890.4
92637.8
92365.1
92143.1
91917.7
91643
91453.1
91355.7
91334.8
91367.9
91467.2
91653.3
92028.6
92530.4
93122.9
93772.5
94570.9
95458.4
96496.2
97747.6
99328.9
100933
92605.6
92484.9
92406.7
92242.4
92060.3
91841
91667.7
91507.8
91288.3
91134.6
91073.7
91087.5
91142.4
91268.6
91464.9
91853.9
92373.8
92998.6
93669.1
94482.8
95386.9
96450.1
97724.2
99325.2
100950
91815.7
91814.6
91753.1
91653.8
91533.8
91371.4
91237.9
91135
90967.4
90845.7
90815.1
90857.2
90935
91086.5
91299.6
91699.8
92238.5
92877.9
93572.1
94396.7
95320.4
96407.8
97704.8
99323.6
100969
91089.9
91195.4
91179.5
91125.8
91060.5
90950.5
90851.5
90796.4
90679.6
90587.1
90583.3
90647.9
90746.5
90920
91152.6
91559.1
92123.3
92764.4
93480.3
94314.7
95256.1
96368.3
97689
99323.8
100989
90464.9
90616.3
90670.5
90654.8
90639.2
90573.3
90505.3
90488.5
90420.7
90357.6
90374.2
90458.8
90577.2
90769.6
91024.3
91432.3
92010
92664
93391.1
94238.4
95193.7
96330.4
97676.2
99325.1
101012
89931.2
90094.5
90212.3
90243.6
90265.7
90237.7
90199.3
90211.2
90187.4
90154.7
90186
90287.4
90426.7
90633.4
90909.5
91324.5
91899.4
92570.2
93308.1
94165.5
95137.8
96292.3
97665.2
99326.4
101035
89464.1
89643.9
89798.4
89884.1
89934.8
89941.9
89931.9
89964.8
89978.5
89975.9
90019
90132.8
90293
90510.6
90802.6
91225.9
91804
92476.9
93232.4
94096.2
95084.6
96256.8
97655.2
99326.7
101060
89059
89260.3
89432.4
89565.3
89644
89683.5
89699.9
89747.3
89792.8
89818.7
89873.3
89995.9
90173.2
90401.1
90705.6
91130.9
91717.4
92388.2
93160.3
94031.6
95031.7
96223.7
97645.5
99325.4
101086
88714
88936.7
89118.4
89289.2
89391.7
89458.9
89499.2
89557.3
89628.3
89680
89747.3
89875.2
90064.7
90302.5
90618.8
91046
91635.4
92312.4
93092.7
93970.3
94981.3
96193.5
97634.9
99322
101112
88407.3
88649.2
88840
89042.4
89161.7
89250.9
89314
89381.4
89473
89549.7
89631.3
89761.6
89959.2
90206.4
90532
90966.2
91554.6
92241.3
93026.2
93908
94930.8
96166
97622.1
99316
101142
88157.6
88416.2
88619.1
88830.8
88969.1
89073.8
89155.4
89232.3
89337.4
89437
89533.9
89665.3
89864.6
90120.1
90451.1
90891.9
91479.2
92176.1
92963.5
93850
94881.4
96140.5
97605.5
99303.6
101172
87971.1
88241.9
88454.6
88668.6
88822
88938.6
89033.9
89121
89233.6
89350.1
89460.9
89594.1
89791.3
90051.9
90386.3
90830
91416.1
92121.2
92911.3
93802.9
94840.1
96115
97590.9
99287.2
101198
87837.8
88108.6
88333.5
88546.9
88711.2
88836.1
88941.1
89037.8
89155.1
89282.3
89406.5
89542.5
89736.7
89998.7
90335.2
90779.8
91363.8
92073.5
92867.9
93764.9
94807.1
96092
97576
99268.7
101219
87743.8
88008.4
88242
88457.5
88628.7
88758.6
88870.7
88975.1
89095.7
89229.2
89365.4
89505.4
89696.9
89958.6
90295.2
90740.5
91322.2
92032.8
92831.9
93734.1
94780.6
96071.6
97561
99249.7
101236
87676.8
87934.7
88171.7
88390.4
88566
88699.9
88817.4
88927.8
89050.8
89188.2
89334.5
89478.9
89668.7
89929.3
90265
90710.4
91290.7
92000.4
92803
93708.9
94758.9
96054
97546.4
99231.8
101248
87628.3
87880.8
88119.6
88340.2
88518
88655.8
88777.6
88892.3
89016.9
89157.2
89311.3
89459.8
89648.7
89908.3
90242.9
90687.2
91266.8
91975.9
92780.5
93688.3
94741
96038.9
97533.4
99215.2
101257
87592.3
87842.1
88081.7
88303.2
88481.8
88623.1
88748.1
88865.8
88991.6
89134.4
89294.2
89446
89634.4
89893.2
90227.1
90669.6
91248.2
91957
92762.9
93671.6
94726.1
96025.9
97521.5
99200.8
101261
87564
87815.6
88053.9
88275.4
88454.9
88599.2
88726.4
88846
88973.1
89118
89281.7
89435.9
89624
89882.3
90215.5
90656.3
91233.8
91942.1
92748.7
93658.1
94713.5
96014.4
97510.6
99188.4
101262
87543.3
87796.4
88033.6
88254.9
88435.6
88582
88710.6
88831.4
88959.5
89106.1
89272.5
89428.3
89616.2
89874.4
90207
90646.4
91222.6
91930.4
92737.4
93647.1
94702.8
96004.3
97501.3
99176.9
101262
87528.3
87782.4
88018.8
88240.3
88421.9
88569.8
88699.2
88820.7
88949.7
89097.6
89265.7
89422.6
89610.4
89868.5
90200.7
90639
91213.9
91921.3
92728.5
93638.4
94693.9
95995.4
97493
99166.7
101260
87517.6
87772.4
88008.3
88230
88412.3
88561
88690.8
88812.7
88942.3
89091.1
89260.5
89418.2
89606
89864
90195.8
90633.2
91207.2
91914.1
92721.7
93631.7
94687
95988
97485.8
99157.5
101257
87509.7
87764.5
88000.4
88222.7
88405.5
88554.8
88684.9
88807
88936.7
89085.8
89256
89414.1
89601.9
89859.7
90191.1
90627.8
91201
91907.3
92714.6
93624.1
94678.3
95978.3
97475.5
99146
101254
)
;

boundaryField
{
    inlet
    {
        type            zeroGradient;
    }
    outlet
    {
        type            waveTransmissive;
        phi             phi;
        rho             rho;
        psi             psi;
        gamma           1.3;
        fieldInf        100000;
        lInf            0.3;
        value           nonuniform List<scalar> 
57
(
100960
100955
100956
100953
100951
100947
100941
100934
100926
100917
100908
100898
100887
100877
100866
100855
100844
100833
100823
100812
100801
100790
100781
100773
100766
100761
100758
100756
100756
100759
100764
100771
100781
100793
100807
100823
100842
100862
100884
100907
100931
100956
100981
101004
101029
101055
101078
101096
101111
101123
101131
101137
101139
101142
101147
101153
101153
)
;
    }
    upperWall
    {
        type            zeroGradient;
    }
    lowerWall
    {
        type            zeroGradient;
    }
    frontAndBack
    {
        type            empty;
    }
}


// ************************************************************************* //
