/*--------------------------------*- C++ -*----------------------------------*\
| =========                 |                                                 |
| \\      /  F ield         | OpenFOAM: The Open Source CFD Toolbox           |
|  \\    /   O peration     | Version:  dev                                   |
|   \\  /    A nd           | Web:      http://www.openfoam.org               |
|    \\/     M anipulation  |                                                 |
\*---------------------------------------------------------------------------*/
FoamFile
{
    version     2.0;
    format      ascii;
    class       volScalarField;
    object      pMean;
    location    "9.14";
}
// * * * * * * * * * * * * * * * * * * * * * * * * * * * * * * * * * * * * * //

dimensions      [1 -1 -2 0 0 0 0];

internalField   nonuniform List<scalar> 
12225
(
98312.2
98292.4
98278.6
98271.6
98257.4
98247.9
98229.5
98219.9
98198.4
98189.6
98164.9
98158.1
98127.1
98120.8
98080
98040.3
97951.1
97585
98307.7
98291.3
98278.1
98271.1
98256.8
98247.4
98228.8
98219.4
98197.7
98189.2
98164.2
98157.6
98126.7
98118.9
98078.3
98044.3
97952
97790.9
98303.9
98289.7
98277.1
98269.7
98255.3
98245.9
98227.3
98218
98196.3
98187.8
98163.4
98155.5
98127.3
98115.5
98080.5
98045.3
97977.9
97889
98298.8
98286.8
98275
98267.3
98252.9
98243.2
98225.2
98215.3
98194.5
98185.1
98162
98152.4
98126.2
98113.3
98081.5
98053.7
98005.2
97936.3
98292.2
98282.4
98271.4
98263.2
98249.4
98239.1
98222.2
98211.2
98192.1
98180.8
98160.5
98147.9
98126.4
98110
98083.4
98059.2
98019.3
97986.6
98283.9
98276.3
98265.5
98257.2
98243.7
98233.1
98217
98205.4
98187.7
98175.5
98157.3
98143.7
98125.3
98108.4
98087
98061.7
98039.5
98019.1
98273.7
98267.3
98257
98248.5
98235.9
98224.7
98209.9
98197.4
98181.6
98168.1
98152.7
98137.6
98123.1
98105.5
98091.2
98070.2
98059.9
98044.9
98262.9
98257.3
98247.6
98238.9
98227.2
98215.7
98202.1
98188.9
98174.9
98160.5
98147.4
98131.8
98120.2
98102.9
98094.2
98076.3
98074.6
98059.7
98252.1
98246.7
98237.8
98228.9
98218.1
98206.3
98193.7
98180.3
98167.7
98153
98141.6
98126.1
98116.4
98100.4
98094.1
98079.9
98079.6
98067.7
98238.5
98233
98225.3
98216.3
98206.4
98194.6
98183.1
98169.6
98158.3
98143.7
98133.8
98118.8
98110.6
98096.2
98091.3
98079.5
98078.7
98070.4
98221.6
98216.1
98209.5
98200.7
98191.6
98180.1
98169.3
98156.4
98145.9
98132.3
98122.9
98109.8
98101.7
98090.2
98084.6
98076
98073.3
98068.2
98201
98195.3
98190
98181.6
98173.2
98162.2
98152.3
98140
98130.4
98117.8
98109.2
98097.7
98090.1
98080.8
98075.1
98068.7
98065.1
98061.5
98176.2
98170.9
98166.4
98158.8
98150.9
98140.9
98131.5
98120.6
98111.4
98100.7
98092.3
98083
98075.7
98068.5
98063
98058.2
98054.6
98051.8
98148
98143.2
98139.2
98132.6
98125.4
98116.5
98107.8
98098.3
98089.8
98080.8
98073.1
98065.5
98059.1
98053.4
98048.7
98044.9
98041.9
98039.8
98117.8
98114.1
98110.3
98104.9
98098.4
98090.8
98083
98074.9
98067.3
98059.8
98053.1
98047
98041.7
98037.1
98033.4
98030.5
98028.3
98026.8
98090.1
98087.3
98084
98079.5
98073.8
98067.3
98060.5
98053.7
98047.1
98040.9
98035.3
98030.3
98026
98022.5
98019.6
98017.4
98015.9
98014.9
98071.5
98069.6
98066.8
98062.9
98057.9
98052.2
98046.3
98040.4
98034.7
98029.4
98024.7
98020.5
98016.9
98014
98011.7
98010
98008.8
98008.2
98071.7
98070.1
98067.5
98063.8
98059.1
98053.7
98048.1
98042.6
98037.2
98032.3
98027.8
98023.9
98020.5
98017.7
98015.4
98013.8
98012.5
98011.8
98091.5
98089.6
98086.8
98082.8
98077.9
98072.3
98066.5
98060.7
98055.2
98049.9
98045.1
98040.9
98037.1
98033.9
98031.3
98029.1
98027.4
98026.2
98122.2
98120.1
98116.7
98112.2
98106.7
98100.7
98094.4
98088
98081.9
98076
98070.6
98065.7
98061.3
98057.4
98054.1
98051.2
98048.8
98046.9
98157.1
98154.5
98150.4
98145.2
98139.2
98132.5
98125.5
98118.5
98111.7
98105.2
98099
98093.4
98088.2
98083.6
98079.5
98075.9
98072.7
98070
98191
98187.9
98183.1
98177.2
98170.5
98163.3
98155.7
98148.1
98140.7
98133.5
98126.6
98120.3
98114.4
98109
98104.2
98099.9
98096
98092.6
98221.2
98217.5
98212
98205.5
98198.2
98190.5
98182.5
98174.3
98166.3
98158.5
98151.1
98144.2
98137.7
98131.7
98126.2
98121.3
98116.8
98112.8
98246.5
98242.2
98235.9
98228.7
98221
98212.9
98204.5
98196
98187.6
98179.3
98171.4
98164
98157
98150.5
98144.5
98139.1
98134.1
98129.6
98266.8
98261.6
98254.4
98246.7
98238.7
98230.4
98221.7
98212.9
98204.2
98195.6
98187.3
98179.5
98172.1
98165.3
98158.9
98153
98147.7
98142.7
98282.4
98276.1
98268
98259.9
98251.7
98243.2
98234.4
98225.4
98216.4
98207.6
98199.1
98191
98183.4
98176.2
98169.5
98163.4
98157.7
98152.5
98294.2
98286.4
98277.3
98268.8
98260.5
98252
98243.1
98234.1
98225
98216
98207.3
98199
98191.2
98183.8
98177
98170.6
98164.8
98159.4
98302.9
98293.1
98283
98274.4
98266.1
98257.6
98248.8
98239.6
98230.5
98221.4
98212.6
98204.2
98196.2
98188.8
98181.8
98175.3
98169.3
98163.8
98309
98296.9
98285.8
98277.2
98269.1
98260.7
98252
98242.8
98233.6
98224.5
98215.7
98207.2
98199.1
98191.6
98184.5
98178
98171.9
98166.3
98315
98299.4
98287.4
98278.5
98270.3
98262
98253.2
98244.1
98234.9
98225.8
98216.9
98208.4
98200.3
98192.8
98185.7
98179.1
98173.1
98167.5
98311.9
98311.6
98310.8
98309.6
98308.1
98306.3
98304.1
98301.5
98298.4
98295
98291.1
98286.8
98282.2
98277.3
98272.1
98266.6
98260.9
98255
98248.9
98242.6
98236.2
98229.6
98222.9
98216.1
98209.2
98202.2
98195.2
98188.2
98181.1
98174
98166.9
98159.8
98152.8
98145.8
98139
98132.2
98125.6
98119.1
98112.8
98106.6
98100.7
98095
98089.6
98084.5
98079.7
98075.2
98071.1
98067.4
98064.1
98061.2
98058.8
98056.9
98055.6
98054.7
98054.4
98054.8
98055.8
98057.4
98059.7
98062.6
98066.3
98070.7
98075.8
98081.6
98088.1
98095.4
98103.4
98112
98121.4
98131.3
98141.9
98153.1
98164.9
98177.2
98190
98203.2
98216.8
98230.8
98245.1
98259.7
98274.5
98289.6
98304.7
98319.9
98335.2
98350.5
98365.7
98380.7
98395.7
98410.4
98424.8
98438.9
98452.7
98466.1
98479
98491.4
98503.3
98514.6
98525.4
98535.5
98545
98553.9
98562.1
98569.7
98576.6
98583
98588.7
98593.8
98598.4
98602.5
98606.2
98609.3
98612.2
98614.7
98616.9
98618.7
98620.4
98621.8
98623.1
98624.2
98625.3
98626.3
98627.5
98628.8
98630.4
98632.4
98635.1
98638.5
98642.9
98648.5
98655.6
98664.3
98675
98687.9
98703.3
98721.3
98742.1
98765.9
98792.7
98822.5
98855.5
98891.4
98930.3
98971.8
99016.1
99062.7
99111.6
99162.3
99214.9
99269.1
99324.6
99380.9
99437.9
99495.2
99552.5
99609
99664.4
99718.1
99769.1
99816.9
99860.4
99898.7
99930.7
99955.7
99972.4
99979.9
99977.2
99964.2
99940.1
99905.4
99860
99805.2
99741.3
99670.6
99593.6
99513.1
99428.5
99343.9
99257.1
99174
98305
98304.6
98303.8
98302.7
98301.1
98299.3
98297
98294.4
98291.4
98288
98284.2
98280.1
98275.6
98270.8
98265.7
98260.4
98254.9
98249.1
98243.2
98237.1
98230.9
98224.5
98218
98211.4
98204.6
98197.8
98191
98184.1
98177.1
98170.2
98163.2
98156.3
98149.5
98142.7
98135.9
98129.3
98122.8
98116.5
98110.3
98104.3
98098.5
98092.9
98087.6
98082.5
98077.8
98073.4
98069.4
98065.7
98062.5
98059.6
98057.2
98055.3
98053.9
98053.1
98052.8
98053.1
98054
98055.5
98057.7
98060.6
98064.2
98068.5
98073.5
98079.2
98085.6
98092.7
98100.5
98109
98118.2
98128
98138.4
98149.4
98160.9
98173
98185.6
98198.6
98212
98225.7
98239.8
98254.2
98268.8
98283.5
98298.4
98313.4
98328.4
98343.4
98358.3
98373.1
98387.7
98402.1
98416.3
98430.1
98443.6
98456.7
98469.3
98481.4
98493
98504.1
98514.6
98524.5
98533.8
98542.4
98550.4
98557.8
98564.6
98570.7
98576.3
98581.3
98585.8
98589.8
98593.3
98596.4
98599.2
98601.6
98603.8
98605.6
98607.2
98608.5
98609.7
98610.8
98611.7
98612.7
98613.7
98614.9
98616.4
98618.2
98620.6
98623.8
98627.9
98633.2
98639.9
98648.1
98658.3
98670.7
98685.4
98702.8
98722.9
98745.9
98771.8
98800.8
98832.8
98867.7
98905.5
98945.9
98989.1
99034.6
99082.3
99131.9
99183.3
99236.3
99290.6
99345.8
99401.7
99458
99514.2
99569.8
99624.2
99677.2
99727.4
99774.6
99817.7
99855.7
99887.6
99912.7
99929.8
99937.9
99936
99924.1
99901.3
99868.1
99824.3
99771.2
99709
99640.2
99564.9
99486.1
99403.2
99320.1
99234.3
99149.4
98292.3
98291.9
98291.1
98289.9
98288.3
98286.4
98284.1
98281.4
98278.4
98275
98271.3
98267.2
98262.9
98258.3
98253.5
98248.4
98243.2
98237.8
98232.2
98226.5
98220.6
98214.6
98208.5
98202.3
98195.9
98189.4
98182.9
98176.3
98169.7
98163
98156.3
98149.7
98143.1
98136.6
98130.1
98123.7
98117.5
98111.3
98105.4
98099.6
98094
98088.6
98083.4
98078.6
98074
98069.7
98065.7
98062.2
98059
98056.2
98053.8
98051.9
98050.4
98049.5
98049.1
98049.3
98050.1
98051.6
98053.6
98056.4
98059.8
98063.8
98068.6
98074
98080.2
98087
98094.5
98102.7
98111.6
98121
98131.1
98141.8
98152.9
98164.6
98176.8
98189.4
98202.4
98215.7
98229.3
98243.2
98257.3
98271.6
98286
98300.5
98315
98329.5
98343.9
98358.1
98372.2
98386.1
98399.7
98413
98425.9
98438.4
98450.4
98462
98473.1
98483.6
98493.6
98503.1
98511.9
98520.1
98527.7
98534.7
98541.1
98547
98552.2
98557
98561.3
98565
98568.4
98571.3
98574
98576.2
98578.2
98579.9
98581.4
98582.6
98583.6
98584.5
98585.4
98586.1
98586.9
98587.7
98588.8
98590.3
98592.2
98594.8
98598.2
98602.8
98608.7
98616
98625.3
98636.5
98650
98665.9
98684.6
98706
98730.3
98757.4
98787.5
98820.4
98856.1
98894.4
98935.3
98978.5
99023.9
99071.1
99120.2
99170.8
99222.7
99275.7
99329.3
99383.4
99437.5
99491
99543.6
99594.8
99643.5
99689.3
99731.2
99768.5
99799.9
99824.9
99842.3
99851.2
99850.7
99840.5
99820
99789.5
99748.8
99699.1
99640.5
99575.3
99503.7
99428.4
99348.9
99269
99186
99102.2
98274.8
98274.5
98273.7
98272.5
98270.9
98268.9
98266.6
98263.9
98260.9
98257.6
98254
98250.1
98246
98241.6
98237
98232.3
98227.4
98222.4
98217.3
98212
98206.5
98201
98195.3
98189.6
98183.7
98177.7
98171.6
98165.5
98159.4
98153.2
98147
98140.8
98134.6
98128.5
98122.4
98116.4
98110.4
98104.7
98099
98093.5
98088.1
98083
98078
98073.3
98068.9
98064.7
98060.9
98057.4
98054.3
98051.6
98049.3
98047.3
98045.9
98044.9
98044.4
98044.5
98045.2
98046.4
98048.3
98050.8
98053.9
98057.7
98062.1
98067.2
98073
98079.4
98086.5
98094.3
98102.7
98111.7
98121.2
98131.4
98142.1
98153.2
98164.8
98176.8
98189.2
98201.9
98214.9
98228.1
98241.6
98255.2
98268.9
98282.7
98296.5
98310.2
98323.9
98337.4
98350.7
98363.8
98376.7
98389.2
98401.4
98413.1
98424.4
98435.2
98445.6
98455.4
98464.7
98473.4
98481.6
98489.2
98496.2
98502.7
98508.6
98514
98518.9
98523.3
98527.2
98530.7
98533.8
98536.5
98538.9
98541
98542.7
98544.3
98545.5
98546.6
98547.4
98548.1
98548.6
98549
98549.4
98549.8
98550.4
98551.2
98552.5
98554.3
98556.8
98560.3
98565.1
98571.1
98578.9
98588.5
98600.3
98614.4
98631
98650.2
98672.1
98696.8
98724.2
98754.3
98787.1
98822.4
98860.3
98900.4
98942.6
98986.6
99032.5
99079.9
99128.7
99178.5
99229.2
99280.3
99331.5
99382.3
99432.2
99481
99527.6
99571.5
99611.8
99647.8
99678.3
99703
99720.7
99730.3
99731.2
99723
99705.3
99678.1
99641.2
99595.8
99541.9
99481.5
99414.7
99344.3
99269.5
99194
99115.3
99035.3
98253.6
98253.4
98252.6
98251.5
98249.9
98248
98245.8
98243.1
98240.2
98237
98233.5
98229.8
98225.9
98221.8
98217.5
98213.1
98208.6
98203.9
98199.2
98194.4
98189.4
98184.4
98179.2
98174
98168.6
98163.2
98157.7
98152.1
98146.6
98140.9
98135.3
98129.7
98124
98118.4
98112.8
98107.3
98101.9
98096.5
98091.3
98086.2
98081.2
98076.3
98071.7
98067.2
98063
98059.1
98055.4
98052.1
98049
98046.4
98044
98042.1
98040.6
98039.6
98039
98038.9
98039.4
98040.5
98042.1
98044.2
98047
98050.4
98054.4
98059.1
98064.4
98070.4
98076.9
98084.1
98091.9
98100.3
98109.3
98118.8
98128.8
98139.3
98150.1
98161.4
98173
98184.9
98197.1
98209.6
98222.2
98234.9
98247.7
98260.6
98273.5
98286.3
98299
98311.6
98324
98336.2
98348.1
98359.7
98370.9
98381.8
98392.1
98402.1
98411.5
98420.4
98428.8
98436.8
98444.1
98451
98457.3
98463.1
98468.5
98473.3
98477.6
98481.5
98485
98488.1
98490.8
98493.2
98495.4
98497.2
98498.7
98500
98501
98501.7
98502.3
98502.6
98502.8
98502.8
98502.7
98502.6
98502.5
98502.6
98503
98503.8
98505.2
98507.5
98510.8
98515.3
98521.3
98529
98538.7
98550.5
98564.6
98581.2
98600.2
98621.8
98646.1
98672.9
98702.2
98733.9
98768.1
98804.4
98842.8
98883.1
98925.1
98968.7
99013.8
99059.8
99106.8
99154.4
99202
99249.5
99296.3
99342.1
99386
99427.6
99465.8
99500.2
99529.6
99553.6
99571.3
99581.5
99583.8
99577.9
99563.1
99539.7
99507.2
99466.8
99418.2
99363.6
99302.5
99238.1
99169.1
99099.2
99026
98951.4
98230.2
98230
98229.3
98228.3
98226.9
98225.1
98222.9
98220.5
98217.7
98214.7
98211.4
98207.9
98204.2
98200.4
98196.4
98192.3
98188.1
98183.8
98179.5
98175.1
98170.6
98166
98161.3
98156.6
98151.8
98146.9
98142
98137.1
98132.1
98127.1
98122.1
98117
98112
98106.9
98101.9
98097
98092.1
98087.3
98082.5
98077.9
98073.3
98068.8
98064.6
98060.4
98056.5
98052.8
98049.4
98046.2
98043.3
98040.7
98038.4
98036.5
98035
98033.9
98033.2
98032.9
98033.2
98034
98035.3
98037.1
98039.6
98042.5
98046.1
98050.2
98055
98060.4
98066.3
98072.9
98080
98087.7
98095.9
98104.6
98113.9
98123.5
98133.5
98144
98154.7
98165.7
98177
98188.4
98200
98211.8
98223.6
98235.4
98247.2
98259
98270.6
98282.2
98293.5
98304.6
98315.4
98325.9
98336.1
98345.8
98355.2
98364
98372.5
98380.4
98387.9
98394.9
98401.4
98407.4
98412.9
98418
98422.6
98426.7
98430.5
98433.8
98436.8
98439.5
98441.8
98443.8
98445.6
98447
98448.2
98449.2
98449.8
98450.2
98450.4
98450.3
98450
98449.5
98448.9
98448.1
98447.3
98446.6
98446
98445.7
98445.8
98446.6
98448.3
98451.1
98455.1
98460.6
98467.9
98477.1
98488.5
98502
98517.9
98536.1
98556.9
98579.9
98605.4
98633.1
98663.2
98695.4
98729.6
98765.7
98803.5
98842.9
98883.8
98925.8
98968.7
99012.2
99056
99099.8
99143.1
99185.5
99226.3
99265.2
99301
99333.4
99361.3
99384.5
99401.8
99412.5
99416
99412.3
99400.5
99381
99353.1
99317.9
99275.1
99226.6
99171.9
99114.1
99051.6
98988.3
98921.4
98853.4
98205.7
98205.6
98205.1
98204.1
98202.9
98201.2
98199.3
98197.1
98194.5
98191.7
98188.7
98185.5
98182.1
98178.5
98174.9
98171.1
98167.2
98163.3
98159.4
98155.3
98151.2
98147.1
98142.9
98138.6
98134.4
98130
98125.7
98121.3
98116.9
98112.5
98108.1
98103.6
98099.2
98094.7
98090.3
98085.9
98081.6
98077.3
98073.1
98068.9
98064.7
98060.7
98056.8
98053
98049.4
98046
98042.8
98039.8
98037.1
98034.6
98032.4
98030.5
98028.9
98027.7
98026.9
98026.5
98026.6
98027.1
98028.1
98029.6
98031.6
98034.1
98037.2
98040.8
98044.9
98049.7
98054.9
98060.8
98067.2
98074.1
98081.5
98089.4
98097.7
98106.5
98115.6
98125
98134.8
98144.8
98155
98165.4
98175.9
98186.6
98197.3
98207.9
98218.6
98229.2
98239.7
98250
98260.2
98270.1
98279.7
98289
98298
98306.6
98314.8
98322.6
98329.9
98336.8
98343.3
98349.3
98354.9
98360
98364.7
98368.9
98372.7
98376.2
98379.3
98382
98384.4
98386.6
98388.4
98390
98391.3
98392.3
98393.1
98393.7
98393.9
98393.9
98393.6
98393.1
98392.3
98391.3
98390
98388.5
98386.8
98385.1
98383.5
98381.9
98380.6
98379.9
98379.9
98380.8
98382.6
98385.9
98390.6
98397.1
98405.5
98415.9
98428.4
98443
98460
98479.2
98500.6
98524.2
98550
98577.9
98607.7
98639.4
98672.8
98707.9
98744.3
98782.1
98820.6
98859.9
98899.6
98939.5
98979.1
99017.8
99055.2
99090.9
99124.2
99154.3
99180.3
99202.2
99218.9
99229.8
99234.4
99232.7
99223.7
99207.9
99184.4
99154.5
99117.5
99075.3
99027.3
98976.5
98921
98864.8
98804.8
98744.1
98181.6
98181.5
98181.1
98180.3
98179.2
98177.8
98176.1
98174.1
98171.9
98169.4
98166.6
98163.7
98160.6
98157.4
98154.1
98150.6
98147.1
98143.6
98139.9
98136.3
98132.6
98128.8
98125.1
98121.3
98117.5
98113.7
98109.8
98106
98102.1
98098.2
98094.3
98090.4
98086.5
98082.6
98078.8
98074.9
98071.1
98067.3
98063.5
98059.8
98056.1
98052.4
98048.9
98045.5
98042.2
98039
98036
98033.2
98030.6
98028.2
98026.1
98024.2
98022.6
98021.3
98020.4
98019.8
98019.7
98019.9
98020.6
98021.7
98023.3
98025.4
98027.9
98031
98034.5
98038.6
98043.2
98048.4
98054
98060.1
98066.6
98073.6
98081.1
98088.9
98097
98105.5
98114.2
98123.1
98132.3
98141.6
98151
98160.5
98170
98179.5
98188.9
98198.3
98207.5
98216.6
98225.5
98234.1
98242.5
98250.6
98258.4
98265.8
98272.8
98279.4
98285.6
98291.5
98296.9
98301.9
98306.5
98310.7
98314.5
98317.9
98320.9
98323.6
98326
98328.1
98329.9
98331.4
98332.8
98333.8
98334.6
98335.2
98335.5
98335.5
98335.3
98334.9
98334.1
98333.1
98331.7
98330
98328
98325.6
98323.1
98320.3
98317.5
98314.7
98312
98309.7
98307.9
98306.8
98306.5
98307.3
98309.5
98313.2
98318.6
98325.8
98334.9
98346
98359.1
98374.4
98391.9
98411.3
98432.8
98456.3
98481.6
98509.1
98538.1
98568.7
98600.7
98634.1
98668.2
98703.3
98738.9
98774.8
98810.5
98845.4
98879.2
98911.6
98941.8
98969.4
98993.1
99013.4
99029.1
99039.9
99045.2
99045.1
99038.6
99026.2
99006.7
98981.8
98950.3
98914.4
98873.1
98829.4
98780.9
98732.1
98679.4
98626.2
98158.7
98158.7
98158.4
98157.8
98156.9
98155.7
98154.2
98152.5
98150.5
98148.3
98145.9
98143.3
98140.6
98137.7
98134.7
98131.7
98128.5
98125.3
98122.1
98118.8
98115.5
98112.1
98108.8
98105.4
98102.1
98098.7
98095.3
98091.9
98088.5
98085.1
98081.6
98078.2
98074.8
98071.4
98068
98064.6
98061.2
98057.8
98054.5
98051.1
98047.8
98044.5
98041.3
98038.1
98035.1
98032.2
98029.4
98026.7
98024.2
98021.9
98019.8
98017.9
98016.3
98015
98013.9
98013.2
98012.8
98012.8
98013.1
98013.9
98015.1
98016.7
98018.7
98021.2
98024.2
98027.7
98031.6
98036
98040.9
98046.2
98051.9
98058
98064.5
98071.4
98078.6
98086
98093.7
98101.6
98109.6
98117.8
98126.1
98134.4
98142.7
98151
98159.2
98167.3
98175.3
98183.1
98190.8
98198.1
98205.3
98212.1
98218.6
98224.8
98230.6
98236.1
98241.2
98245.8
98250.2
98254.1
98257.7
98261
98263.9
98266.4
98268.7
98270.6
98272.3
98273.7
98274.8
98275.8
98276.5
98277
98277.3
98277.3
98277.1
98276.6
98275.9
98274.8
98273.5
98271.8
98269.8
98267.4
98264.6
98261.4
98257.9
98254.1
98250.1
98246
98242
98238.1
98234.5
98231.4
98229
98227.5
98227.1
98228.1
98230.5
98234.5
98240.2
98247.9
98257.3
98268.9
98282.4
98297.9
98315.2
98334.4
98355.6
98378.8
98403.5
98429.8
98457.5
98486.5
98516.4
98547.3
98578.8
98610.7
98642.3
98673.4
98703.5
98732.3
98759.3
98784.1
98805.4
98823.6
98837.9
98848.1
98853.7
98854.7
98850.1
98840.4
98824.7
98804.3
98777.9
98748
98713.2
98676.3
98634.8
98593.4
98548
98502.7
98138.1
98138.1
98137.9
98137.4
98136.7
98135.7
98134.5
98133.1
98131.4
98129.6
98127.5
98125.3
98122.9
98120.4
98117.7
98115
98112.2
98109.4
98106.5
98103.6
98100.7
98097.8
98094.8
98091.8
98088.9
98085.9
98082.9
98079.9
98076.9
98073.9
98070.8
98067.8
98064.8
98061.7
98058.7
98055.7
98052.7
98049.6
98046.6
98043.5
98040.5
98037.5
98034.5
98031.6
98028.7
98026
98023.3
98020.8
98018.4
98016.1
98014
98012.1
98010.4
98008.9
98007.8
98006.8
98006.2
98006
98006
98006.5
98007.3
98008.4
98010
98012
98014.5
98017.3
98020.6
98024.3
98028.4
98033
98037.9
98043.2
98048.8
98054.7
98061
98067.5
98074.2
98081
98088
98095.1
98102.2
98109.4
98116.5
98123.6
98130.7
98137.6
98144.3
98150.9
98157.3
98163.4
98169.3
98174.9
98180.2
98185.1
98189.7
98194
98197.9
98201.5
98204.8
98207.7
98210.3
98212.6
98214.6
98216.3
98217.7
98218.9
98219.8
98220.5
98220.9
98221.2
98221.3
98221.2
98220.9
98220.3
98219.5
98218.4
98217.1
98215.4
98213.4
98211.1
98208.3
98205.1
98201.5
98197.4
98193
98188.1
98183
98177.7
98172.3
98166.9
98161.6
98156.6
98152.2
98148.5
98145.7
98144
98143.6
98144.7
98147.2
98151.5
98157.5
98165.4
98175.2
98186.9
98200.4
98215.8
98232.9
98252.1
98272.8
98295
98318.5
98343.4
98369.2
98396.1
98423.5
98451.4
98479
98506.3
98532.7
98557.8
98581.4
98603.2
98621.9
98637.7
98650.1
98659.3
98664.4
98665.9
98662.6
98655.1
98642.5
98626
98604.2
98579.8
98551.1
98520.6
98485.9
98451.6
98413.4
98375.9
98120.2
98120.4
98120.3
98119.9
98119.3
98118.5
98117.6
98116.4
98115
98113.5
98111.7
98109.8
98107.8
98105.7
98103.4
98101.1
98098.7
98096.3
98093.8
98091.2
98088.7
98086.1
98083.5
98081
98078.3
98075.7
98073.1
98070.4
98067.7
98065
98062.3
98059.6
98056.9
98054.2
98051.4
98048.7
98045.9
98043.1
98040.3
98037.4
98034.6
98031.8
98029
98026.2
98023.5
98020.8
98018.2
98015.7
98013.4
98011.1
98009
98007
98005.2
98003.7
98002.3
98001.2
98000.4
97999.9
97999.7
97999.8
98000.2
98001
98002.2
98003.8
98005.7
98008
98010.7
98013.7
98017.2
98021
98025.2
98029.7
98034.5
98039.6
98045
98050.5
98056.3
98062.1
98068.1
98074.2
98080.2
98086.3
98092.4
98098.3
98104.2
98109.9
98115.5
98120.9
98126.1
98131
98135.6
98140
98144.1
98147.9
98151.4
98154.5
98157.3
98159.8
98161.9
98163.8
98165.4
98166.7
98167.8
98168.6
98169.2
98169.5
98169.7
98169.6
98169.4
98169
98168.3
98167.5
98166.5
98165.4
98163.9
98162.2
98160.2
98157.8
98155.1
98152
98148.4
98144.5
98140
98135
98129.6
98123.7
98117.6
98111
98104.4
98097.5
98090.7
98084.1
98077.8
98072
98067
98062.9
98059.9
98058.2
98057.8
98059
98061.9
98066.5
98072.8
98081.1
98091.1
98102.9
98116.4
98131.9
98148.8
98167.4
98187
98208
98230
98252.9
98276.6
98300.5
98324.2
98347.7
98370.3
98391.7
98411.9
98430.3
98446.2
98459.3
98469.5
98476.9
98481
98482.2
98479.6
98473.7
98463.6
98450.4
98432.7
98413.2
98389.9
98365.3
98336.8
98309.4
98278
98248
98105.6
98105.7
98105.7
98105.4
98105
98104.5
98103.7
98102.8
98101.7
98100.5
98099.1
98097.5
98095.9
98094.1
98092.2
98090.3
98088.3
98086.2
98084.1
98082
98079.8
98077.6
98075.4
98073.2
98070.9
98068.6
98066.2
98063.8
98061.4
98059
98056.5
98054.1
98051.5
98049
98046.5
98043.9
98041.3
98038.6
98035.9
98033.2
98030.5
98027.8
98025
98022.3
98019.7
98017
98014.5
98011.9
98009.5
98007.2
98005
98003
98001.1
97999.4
97997.9
97996.6
97995.6
97994.8
97994.4
97994.2
97994.4
97994.8
97995.6
97996.7
97998.2
98000
98002.2
98004.7
98007.6
98010.8
98014.3
98018.1
98022.1
98026.5
98031
98035.7
98040.6
98045.6
98050.6
98055.7
98060.8
98065.9
98070.9
98075.8
98080.6
98085.2
98089.7
98094
98098
98101.7
98105.3
98108.5
98111.4
98114.1
98116.4
98118.5
98120.2
98121.6
98122.7
98123.5
98124.1
98124.5
98124.6
98124.6
98124.2
98123.7
98123.1
98122.2
98121.2
98120
98118.6
98117.1
98115.4
98113.5
98111.3
98108.9
98106.1
98103
98099.5
98095.6
98091.3
98086.5
98081.2
98075.3
98069
98062.2
98055
98047.4
98039.5
98031.4
98023.1
98015
98007
97999.5
97992.5
97986.2
97980.8
97976.6
97973.7
97972.2
97972.2
97973.9
97977.3
97982.5
97989.3
97998
98008.3
98020.4
98034
98049.2
98065.4
98082.9
98101.3
98120.5
98140.5
98160.7
98180.6
98200.5
98219.2
98236.8
98253.3
98268.2
98281.1
98291.3
98298.9
98304.1
98306.5
98306.7
98304.1
98299.2
98290.9
98280.3
98266.1
98250.7
98232.1
98212.9
98190.2
98169
98144
98121.2
98094.1
98094.4
98094.4
98094.2
98094
98093.6
98093
98092.4
98091.5
98090.6
98089.5
98088.3
98087
98085.6
98084.2
98082.7
98081.1
98079.4
98077.7
98076
98074.2
98072.3
98070.5
98068.5
98066.6
98064.5
98062.4
98060.3
98058.1
98055.9
98053.6
98051.3
98048.9
98046.5
98044
98041.5
98039
98036.4
98033.8
98031.1
98028.4
98025.6
98022.9
98020.2
98017.5
98014.8
98012.2
98009.6
98007.1
98004.7
98002.4
98000.2
97998.2
97996.3
97994.7
97993.2
97992
97991.1
97990.4
97989.9
97989.8
97990
97990.5
97991.2
97992.3
97993.7
97995.5
97997.5
97999.8
98002.5
98005.4
98008.6
98012
98015.7
98019.5
98023.4
98027.5
98031.7
98035.9
98040.2
98044.4
98048.6
98052.6
98056.6
98060.4
98064
98067.4
98070.6
98073.6
98076.3
98078.7
98080.9
98082.7
98084.3
98085.6
98086.5
98087.2
98087.6
98087.7
98087.5
98087.1
98086.5
98085.7
98084.7
98083.5
98082.2
98080.6
98079
98077.1
98075.1
98073
98070.6
98068.2
98065.4
98062.5
98059.2
98055.7
98051.8
98047.5
98042.8
98037.7
98032.1
98025.9
98019.3
98012.1
98004.4
97996.2
97987.6
97978.6
97969.4
97959.9
97950.5
97941
97931.9
97923.1
97915
97907.6
97901.2
97896.1
97892.3
97889.9
97889
97889.8
97892.4
97896.5
97902.4
97909.9
97919.1
97929.7
97941.8
97954.9
97969.2
97984.3
98000.2
98016.7
98033.4
98049.8
98066
98080.9
98094.7
98107.4
98118.7
98128.2
98135.4
98140.1
98143
98143.2
98141.8
98138.6
98133.9
98126.6
98118.1
98106.7
98094.6
98080
98065.5
98047.9
98032.5
98013.3
97997.3
98085.7
98086
98086.1
98086
98085.9
98085.7
98085.4
98085
98084.4
98083.8
98083
98082.2
98081.3
98080.4
98079.3
98078.2
98077
98075.8
98074.5
98073.2
98071.8
98070.3
98068.7
98067.1
98065.4
98063.6
98061.7
98059.8
98057.8
98055.7
98053.5
98051.2
98048.9
98046.6
98044.1
98041.6
98039.1
98036.4
98033.8
98031
98028.3
98025.4
98022.6
98019.8
98017
98014.2
98011.4
98008.7
98006.1
98003.6
98001.1
97998.8
97996.6
97994.6
97992.8
97991.2
97989.8
97988.7
97987.8
97987.2
97986.8
97986.7
97986.9
97987.4
97988.2
97989.3
97990.6
97992.3
97994.2
97996.4
97998.8
98001.5
98004.3
98007.4
98010.6
98013.9
98017.3
98020.8
98024.3
98027.8
98031.2
98034.6
98037.8
98040.9
98043.8
98046.5
98049
98051.2
98053.2
98054.9
98056.3
98057.5
98058.3
98058.9
98059.2
98059.1
98058.8
98058.2
98057.3
98056.1
98054.8
98053.2
98051.5
98049.6
98047.5
98045.2
98042.9
98040.3
98037.6
98034.8
98031.8
98028.6
98025.3
98021.7
98017.9
98013.8
98009.4
98004.7
97999.6
97994.1
97988.2
97981.7
97974.8
97967.3
97959.3
97950.9
97941.8
97932.3
97922.5
97912.3
97901.9
97891.2
97880.6
97870.1
97859.8
97850.1
97841.1
97833
97825.9
97820.1
97815.7
97812.7
97811.3
97811.6
97813.5
97817
97821.9
97828.5
97836.5
97845.7
97856.1
97867.6
97879.7
97892.6
97905.8
97919.1
97932.1
97944.6
97955.9
97966
97974.9
97982.5
97988.5
97992.4
97994.1
97994.5
97992.3
97989
97984.5
97979.3
97972.6
97965.3
97956
97946.7
97935.3
97925
97911.8
97901.5
97887.5
97877.7
98079.7
98080
98080.2
98080.3
98080.3
98080.2
98080.1
98080
98079.7
98079.5
98079.1
98078.8
98078.3
98077.8
98077.2
98076.6
98075.9
98075.1
98074.3
98073.3
98072.3
98071.2
98069.9
98068.6
98067.1
98065.5
98063.8
98062
98060.1
98058.1
98056
98053.8
98051.4
98049
98046.6
98044
98041.3
98038.6
98035.8
98032.9
98030
98027.1
98024.1
98021.1
98018.2
98015.2
98012.3
98009.4
98006.6
98003.9
98001.3
97998.8
97996.5
97994.4
97992.4
97990.6
97989.1
97987.8
97986.7
97985.9
97985.3
97985.1
97985
97985.3
97985.8
97986.6
97987.7
97989
97990.6
97992.4
97994.5
97996.7
97999.2
98001.7
98004.4
98007.2
98010.1
98012.9
98015.8
98018.6
98021.4
98024
98026.5
98028.8
98030.9
98032.8
98034.4
98035.8
98036.9
98037.7
98038.2
98038.4
98038.3
98038
98037.3
98036.3
98035
98033.5
98031.6
98029.5
98027.2
98024.7
98022.1
98019.3
98016.3
98013.2
98009.9
98006.5
98002.9
97999.2
97995.3
97991.3
97987
97982.6
97977.9
97973
97967.7
97962.2
97956.2
97949.9
97943.2
97935.9
97928.2
97920
97911.3
97902.1
97892.4
97882.2
97871.6
97860.6
97849.3
97837.8
97826.2
97814.6
97803.1
97792.1
97781.7
97772.2
97763.7
97756.2
97750.1
97745.4
97742.2
97740.6
97740.4
97741.8
97744.6
97748.9
97754.5
97761.3
97769.2
97778.2
97787.7
97797.7
97807.8
97817.8
97827.5
97836.6
97844.3
97850.8
97855.9
97859.8
97862.1
97862.6
97861.3
97859
97854.4
97848.9
97842.8
97836.6
97829.8
97823.2
97815.2
97808
97799.3
97792.4
97783
97777.2
97767.8
97763.6
98075.4
98075.7
98075.9
98076.1
98076.2
98076.4
98076.6
98076.8
98077
98077.2
98077.4
98077.5
98077.7
98077.7
98077.7
98077.6
98077.3
98077
98076.6
98076
98075.3
98074.5
98073.6
98072.5
98071.2
98069.8
98068.2
98066.5
98064.7
98062.7
98060.6
98058.3
98055.9
98053.5
98050.9
98048.2
98045.4
98042.5
98039.6
98036.5
98033.4
98030.3
98027.2
98024
98020.8
98017.7
98014.6
98011.5
98008.5
98005.6
98002.9
98000.3
97997.8
97995.5
97993.4
97991.5
97989.8
97988.4
97987.1
97986.2
97985.5
97985
97984.9
97984.9
97985.3
97985.9
97986.7
97987.8
97989.2
97990.7
97992.4
97994.4
97996.4
97998.6
98000.9
98003.2
98005.6
98008
98010.3
98012.5
98014.7
98016.7
98018.5
98020.1
98021.5
98022.7
98023.6
98024.2
98024.5
98024.5
98024.1
98023.5
98022.6
98021.3
98019.8
98017.9
98015.7
98013.3
98010.6
98007.6
98004.4
98001
97997.4
97993.7
97989.9
97985.9
97981.7
97977.4
97973
97968.3
97963.6
97958.7
97953.5
97948.2
97942.6
97936.8
97930.7
97924.3
97917.6
97910.5
97903
97895
97886.6
97877.7
97868.4
97858.6
97848.3
97837.5
97826.3
97814.7
97802.7
97790.5
97778.1
97765.6
97753.3
97741.3
97729.9
97719.3
97709.5
97700.8
97693.3
97687.2
97682.4
97679.1
97677.2
97676.8
97677.8
97680.2
97683.7
97688.4
97694.1
97700.9
97708
97715.1
97722.2
97729.1
97735.7
97741.4
97745.8
97748.9
97750.2
97750.4
97748.9
97746
97741.5
97736.3
97729.3
97721.7
97713.7
97706.2
97698.8
97692.4
97685.2
97679.6
97672.8
97668.7
97662.4
97660.7
97655.3
97655.9
98071.6
98071.8
98072
98072.2
98072.5
98073
98073.6
98074.4
98075.2
98076.1
98077
98077.9
98078.7
98079.4
98079.9
98080.4
98080.7
98080.8
98080.8
98080.6
98080.2
98079.7
98079
98078.1
98077
98075.7
98074.2
98072.6
98070.7
98068.7
98066.6
98064.3
98061.8
98059.3
98056.5
98053.7
98050.8
98047.7
98044.6
98041.4
98038.1
98034.8
98031.4
98028
98024.7
98021.3
98018
98014.8
98011.6
98008.6
98005.7
98002.9
98000.3
97997.9
97995.7
97993.6
97991.8
97990.3
97989
97987.9
97987.1
97986.5
97986.2
97986.2
97986.4
97986.9
97987.5
97988.5
97989.6
97991
97992.5
97994.1
97995.9
97997.8
97999.7
98001.7
98003.6
98005.6
98007.4
98009.2
98010.8
98012.3
98013.5
98014.5
98015.3
98015.8
98016
98015.9
98015.5
98014.8
98013.7
98012.3
98010.6
98008.5
98006.2
98003.5
98000.5
97997.3
97993.7
97989.9
97985.8
97981.6
97977.2
97972.6
97967.9
97963.1
97958.1
97952.9
97947.6
97942.1
97936.5
97930.7
97924.6
97918.4
97912
97905.3
97898.4
97891.3
97883.8
97875.9
97867.7
97859
97850
97840.6
97830.7
97820.3
97809.5
97798.3
97786.6
97774.6
97762.1
97749.2
97736.2
97723.2
97710.3
97697.7
97685.5
97674
97663.2
97653.4
97644.8
97637.4
97631.3
97626.6
97623.3
97621.4
97620.9
97621.6
97623.3
97626
97629.8
97634.4
97639.3
97643.9
97648.3
97652.2
97655.7
97658.3
97659.5
97659.2
97656.9
97653.3
97648.2
97641.9
97634.2
97626
97616.6
97606.7
97596.9
97588.1
97579.8
97573.1
97566.3
97561.7
97556.5
97554.5
97550.7
97552.5
97550.7
97555.6
98066.7
98066.8
98066.8
98067.1
98067.9
98069.2
98070.6
98072.3
98074.1
98075.9
98077.7
98079.4
98080.9
98082.3
98083.5
98084.5
98085.3
98085.8
98086.2
98086.3
98086.2
98085.9
98085.4
98084.6
98083.7
98082.5
98081.1
98079.5
98077.6
98075.6
98073.4
98071
98068.5
98065.8
98063
98060
98056.9
98053.7
98050.4
98047
98043.5
98040
98036.5
98032.9
98029.4
98025.9
98022.4
98019
98015.7
98012.5
98009.5
98006.6
98003.9
98001.3
97999
97996.9
97995
97993.4
97992
97990.9
97990
97989.4
97989
97988.8
97989
97989.3
97989.9
97990.7
97991.7
97992.9
97994.2
97995.7
97997.2
97998.8
98000.5
98002.1
98003.7
98005.3
98006.7
98008
98009.2
98010.2
98010.9
98011.4
98011.6
98011.5
98011.1
98010.4
98009.3
98007.9
98006.2
98004.1
98001.6
97998.8
97995.7
97992.3
97988.6
97984.6
97980.3
97975.7
97970.8
97965.8
97960.6
97955.2
97949.7
97944.1
97938.2
97932.3
97926.1
97919.8
97913.4
97906.7
97899.9
97892.8
97885.6
97878.2
97870.5
97862.6
97854.4
97845.8
97836.9
97827.7
97818.2
97808.3
97797.9
97787.2
97776
97764.4
97752.4
97740
97727.1
97713.9
97700.4
97687
97673.7
97660.7
97648
97635.8
97624.2
97613.6
97604
97595.5
97588.2
97582.4
97577.9
97574.8
97572.9
97572.2
97572.3
97573.4
97575.5
97578
97580.9
97583.2
97585
97586.1
97586.6
97586.3
97584.5
97581
97575.1
97567.9
97559.3
97549.6
97538.7
97527.4
97515.6
97503.7
97492
97481.9
97472.4
97465.3
97458.6
97454.8
97450.5
97450.2
97448.6
97453.2
97454.5
97463.2
98059.6
98059.5
98059.2
98060.1
98061.7
98064.5
98067
98070.2
98073
98075.9
98078.5
98081
98083.2
98085.2
98086.9
98088.3
98089.5
98090.4
98091
98091.3
98091.4
98091.3
98090.9
98090.2
98089.4
98088.2
98086.9
98085.3
98083.5
98081.4
98079.2
98076.8
98074.2
98071.5
98068.5
98065.5
98062.3
98058.9
98055.5
98052
98048.4
98044.8
98041.1
98037.5
98033.8
98030.2
98026.6
98023.2
98019.8
98016.5
98013.4
98010.5
98007.7
98005.1
98002.7
98000.6
97998.7
97997
97995.6
97994.4
97993.5
97992.8
97992.4
97992.3
97992.3
97992.6
97993.2
97993.9
97994.8
97995.9
97997.1
97998.4
97999.7
98001.1
98002.6
98003.9
98005.3
98006.5
98007.6
98008.6
98009.4
98010
98010.3
98010.4
98010.1
98009.5
98008.7
98007.4
98005.8
98003.9
98001.5
97998.9
97995.8
97992.4
97988.7
97984.6
97980.3
97975.6
97970.7
97965.5
97960
97954.4
97948.5
97942.4
97936.2
97929.9
97923.3
97916.6
97909.8
97902.8
97895.7
97888.3
97880.8
97873.1
97865.2
97857.1
97848.8
97840.2
97831.4
97822.3
97812.9
97803.3
97793.3
97783
97772.3
97761.3
97749.9
97738
97725.7
97713
97699.8
97686.4
97672.8
97659.1
97645.5
97632.2
97619.1
97606.4
97594.3
97583
97572.6
97563.3
97555.1
97548.3
97542.9
97538.7
97535.7
97533.6
97532.5
97532.1
97532.5
97533.3
97534.2
97534.4
97533.9
97532.5
97530.2
97527.1
97522.5
97515.7
97506.4
97495.7
97483.8
97470.8
97456.6
97442.3
97428
97414.1
97400.3
97388.6
97377.9
97370
97363.2
97359.6
97355.8
97356.8
97356.7
97363.7
97367.4
97379.2
98049.8
98049.3
98049.2
98051.7
98055
98059.6
98063.8
98068.3
98072.2
98076
98079.4
98082.5
98085.2
98087.6
98089.6
98091.3
98092.7
98093.8
98094.6
98095.1
98095.3
98095.3
98095
98094.4
98093.6
98092.5
98091.2
98089.6
98087.8
98085.8
98083.6
98081.1
98078.5
98075.7
98072.8
98069.7
98066.4
98063
98059.5
98056
98052.3
98048.7
98044.9
98041.2
98037.5
98033.9
98030.3
98026.7
98023.3
98020.1
98016.9
98013.9
98011.2
98008.6
98006.2
98004
98002.1
98000.5
97999
97997.9
97996.9
97996.3
97995.9
97995.7
97995.8
97996
97996.5
97997.2
97998
97999
98000.1
98001.3
98002.6
98003.8
98005
98006.2
98007.3
98008.4
98009.2
98009.9
98010.4
98010.7
98010.6
98010.4
98009.7
98008.8
98007.5
98005.8
98003.8
98001.4
97998.6
97995.5
97992
97988.1
97983.9
97979.3
97974.5
97969.3
97963.9
97958.2
97952.2
97946
97939.6
97933
97926.3
97919.4
97912.3
97905
97897.6
97890.1
97882.4
97874.5
97866.4
97858.2
97849.8
97841.1
97832.3
97823.3
97814
97804.5
97794.7
97784.7
97774.4
97763.8
97752.9
97741.7
97730.1
97718.1
97705.5
97692.6
97679.3
97665.8
97652
97638.2
97624.4
97610.8
97597.3
97584.3
97571.7
97559.9
97548.9
97538.8
97530
97522.4
97516.2
97511
97507
97503.9
97501.5
97499.9
97498.8
97497.9
97497
97495.2
97492.7
97489.1
97484.3
97478.6
97471.1
97461.2
97448.8
97434.9
97419.7
97403.5
97386.4
97369.3
97352.5
97336.5
97320.7
97307.4
97295.4
97286.7
97279.5
97276.1
97272.6
97274.3
97275.4
97284.5
97290
97304.5
98031.2
98032.4
98033
98039.1
98045.7
98053.5
98060
98066.3
98071.5
98076.2
98080.3
98083.9
98087.1
98089.8
98092.1
98094
98095.6
98096.8
98097.7
98098.3
98098.7
98098.7
98098.5
98098
98097.2
98096.1
98094.8
98093.3
98091.5
98089.5
98087.3
98084.9
98082.2
98079.4
98076.5
98073.3
98070.1
98066.7
98063.1
98059.6
98055.9
98052.2
98048.5
98044.7
98041
98037.3
98033.7
98030.2
98026.8
98023.5
98020.4
98017.4
98014.7
98012.1
98009.7
98007.6
98005.7
98004
98002.6
98001.5
98000.6
97999.9
97999.5
97999.4
97999.4
97999.7
98000.2
98000.8
98001.6
98002.5
98003.5
98004.6
98005.7
98006.8
98007.9
98008.9
98009.8
98010.6
98011.2
98011.7
98011.9
98011.8
98011.5
98010.9
98009.9
98008.6
98007
98005
98002.6
97999.8
97996.6
97993.1
97989.1
97984.8
97980.2
97975.2
97969.9
97964.3
97958.5
97952.3
97946
97939.3
97932.5
97925.5
97918.3
97910.9
97903.3
97895.6
97887.8
97879.8
97871.6
97863.3
97854.8
97846.1
97837.3
97828.3
97819
97809.6
97800
97790.2
97780.1
97769.9
97759.4
97748.6
97737.5
97726.2
97714.5
97702.3
97689.6
97676.6
97663.3
97649.7
97635.9
97622
97608.1
97594.2
97580.4
97567
97554.1
97541.9
97530.3
97519.7
97510.4
97502.2
97495.3
97489.3
97484.2
97480.2
97476.7
97473.9
97471.4
97469
97466.4
97463
97458.6
97453
97446.1
97437.7
97427.6
97414.8
97399.5
97382.7
97364.4
97345.3
97325.5
97306
97286.7
97268.8
97251.2
97236.6
97223.5
97214
97206.4
97203.2
97200
97202.7
97204.8
97215.5
97222.7
97239.5
98002.6
98002.2
98008.7
98022.1
98035.1
98047.3
98056.5
98064.7
98071
98076.6
98081.3
98085.3
98088.7
98091.7
98094.2
98096.3
98098
98099.3
98100.3
98101
98101.4
98101.5
98101.3
98100.8
98100
98099
98097.8
98096.2
98094.5
98092.5
98090.3
98087.9
98085.3
98082.5
98079.5
98076.4
98073.1
98069.8
98066.3
98062.7
98059
98055.4
98051.6
98047.9
98044.2
98040.6
98037
98033.5
98030.1
98026.9
98023.8
98020.9
98018.1
98015.6
98013.2
98011.2
98009.3
98007.7
98006.3
98005.2
98004.3
98003.7
98003.3
98003.2
98003.2
98003.5
98003.9
98004.5
98005.2
98006.1
98007
98008
98009
98010
98010.9
98011.7
98012.4
98013
98013.4
98013.6
98013.5
98013.2
98012.6
98011.7
98010.4
98008.8
98006.8
98004.4
98001.7
97998.5
97995
97991.1
97986.8
97982.2
97977.1
97971.8
97966.1
97960.2
97953.9
97947.4
97940.7
97933.8
97926.6
97919.2
97911.7
97903.9
97896
97887.9
97879.7
97871.4
97862.9
97854.2
97845.4
97836.4
97827.3
97818
97808.5
97798.9
97789
97779
97768.8
97758.4
97747.8
97736.9
97725.7
97714.3
97702.5
97690.3
97677.6
97664.7
97651.4
97637.9
97624.1
97610.1
97596
97582
97568
97554.4
97541.2
97528.5
97516.5
97505.6
97495.9
97487.2
97479.6
97472.8
97466.8
97461.9
97457.6
97453.6
97449.8
97446
97442
97437.1
97431.1
97423.7
97414.7
97403.9
97391.2
97375.7
97357.9
97338.6
97317.5
97295.7
97273.5
97251.7
97230.2
97210.6
97191.5
97175.9
97161.8
97151.7
97143.7
97140.7
97138
97141.7
97144.7
97157
97165.5
97184.4
97941.4
97954
97969.3
98000
98023.3
98041.5
98053.5
98063.4
98070.6
98076.9
98082
98086.4
98090
98093.2
98095.8
98098
98099.7
98101.1
98102.2
98102.9
98103.4
98103.5
98103.4
98102.9
98102.2
98101.2
98100
98098.5
98096.8
98094.8
98092.7
98090.3
98087.7
98085
98082
98078.9
98075.7
98072.4
98068.9
98065.4
98061.8
98058.1
98054.5
98050.8
98047.2
98043.6
98040
98036.6
98033.3
98030.1
98027
98024.1
98021.5
98019
98016.7
98014.7
98012.9
98011.3
98010
98008.9
98008.1
98007.5
98007.1
98007
98007
98007.3
98007.7
98008.3
98008.9
98009.7
98010.5
98011.4
98012.3
98013.1
98013.8
98014.5
98015
98015.4
98015.6
98015.5
98015.2
98014.6
98013.7
98012.5
98011
98009
98006.7
98004
98001
97997.5
97993.6
97989.4
97984.8
97979.8
97974.4
97968.8
97962.8
97956.5
97949.9
97943.2
97936.1
97928.9
97921.5
97913.8
97906
97898
97889.9
97881.6
97873.1
97864.5
97855.8
97846.9
97837.9
97828.7
97819.4
97810
97800.3
97790.5
97780.6
97770.4
97760.2
97749.8
97739.1
97728.2
97717.1
97705.7
97693.9
97681.7
97669.2
97656.3
97643.1
97629.6
97615.9
97601.9
97587.8
97573.5
97559.4
97545.6
97532.1
97519.2
97506.9
97495.6
97485.6
97476.5
97468.2
97460.7
97453.9
97448.2
97443
97438
97433
97428
97422.7
97416.4
97408.9
97400
97389
97376
97360.9
97343
97323
97301.4
97277.8
97253.7
97229.5
97205.7
97182.4
97161.4
97141.2
97124.7
97109.9
97099.3
97091
97088.4
97086.3
97091.2
97095.2
97108.9
97118.5
97139.3
97867.3
97879.4
97924.5
97976.5
98013.6
98037.7
98051.9
98062.6
98070.6
98077.3
98082.6
98087.2
98091
98094.2
98096.9
98099.2
98101
98102.4
98103.5
98104.3
98104.8
98105
98104.8
98104.4
98103.7
98102.8
98101.6
98100.1
98098.5
98096.6
98094.4
98092.1
98089.6
98086.9
98084
98081
98077.8
98074.5
98071.1
98067.7
98064.1
98060.6
98057
98053.4
98049.8
98046.3
98042.8
98039.4
98036.2
98033.1
98030.1
98027.3
98024.7
98022.3
98020.1
98018.1
98016.4
98014.9
98013.6
98012.6
98011.8
98011.2
98010.9
98010.8
98010.8
98011.1
98011.5
98012
98012.6
98013.3
98014
98014.7
98015.5
98016.1
98016.7
98017.2
98017.6
98017.7
98017.6
98017.3
98016.8
98015.9
98014.8
98013.3
98011.5
98009.2
98006.6
98003.6
98000.2
97996.4
97992.3
97987.7
97982.8
97977.5
97971.9
97966
97959.7
97953.1
97946.3
97939.3
97932
97924.6
97916.9
97909.1
97901.1
97892.9
97884.6
97876.2
97867.6
97858.9
97850
97841
97831.9
97822.7
97813.3
97803.8
97794.1
97784.3
97774.3
97764.2
97754
97743.7
97733.1
97722.3
97711.3
97699.9
97688.2
97676.2
97663.8
97651
97637.9
97624.6
97610.8
97596.9
97582.7
97568.4
97554.3
97540.2
97526.5
97513.2
97500.7
97489.2
97478.9
97469.2
97460.4
97452.2
97444.7
97438.2
97432.2
97426.3
97420.2
97414
97407.5
97400
97391.1
97380.7
97368
97352.9
97335.6
97315.8
97293.9
97270.2
97244.6
97218.6
97192.6
97167.2
97142.6
97120.5
97099.6
97082.5
97067.2
97056.5
97048.3
97046
97044.8
97050.9
97056.1
97071.3
97082
97104.4
97758.2
97819.8
97899.3
97963.8
98007.3
98034.8
98050.9
98062.1
98070.4
98077.3
98083
98087.7
98091.6
98094.9
98097.6
98099.9
98101.8
98103.2
98104.4
98105.2
98105.6
98105.8
98105.7
98105.3
98104.7
98103.8
98102.6
98101.2
98099.6
98097.8
98095.7
98093.4
98091
98088.3
98085.5
98082.6
98079.5
98076.3
98073
98069.6
98066.2
98062.7
98059.2
98055.6
98052.2
98048.7
98045.4
98042.1
98038.9
98035.9
98033
98030.3
98027.8
98025.5
98023.4
98021.5
98019.8
98018.4
98017.2
98016.2
98015.4
98014.9
98014.6
98014.5
98014.5
98014.8
98015.1
98015.6
98016.1
98016.7
98017.3
98018
98018.6
98019.1
98019.5
98019.8
98020
98019.9
98019.6
98019.1
98018.2
98017.1
98015.7
98013.9
98011.8
98009.3
98006.4
98003.1
97999.4
97995.3
97990.9
97986
97980.8
97975.3
97969.4
97963.2
97956.7
97950
97942.9
97935.7
97928.2
97920.6
97912.8
97904.8
97896.7
97888.4
97880.1
97871.6
97862.9
97854.2
97845.3
97836.3
97827.2
97818
97808.7
97799.2
97789.6
97779.9
97770
97760
97750
97739.8
97729.4
97718.8
97707.9
97696.7
97685.1
97673.3
97661.1
97648.5
97635.6
97622.3
97608.6
97594.7
97580.6
97566.2
97552
97537.8
97523.8
97510.4
97497.6
97485.9
97475.1
97465
97455.6
97446.8
97438.7
97431.4
97424.6
97417.8
97410.6
97403.3
97395.6
97387
97376.9
97365.1
97350.8
97334
97314.8
97293.3
97269.7
97244.4
97217.2
97189.6
97162.2
97135.7
97110.1
97087.3
97066.2
97048.8
97033.5
97023
97015.1
97013.6
97013.4
97020.9
97027.3
97044.1
97056
97079.9
97623.2
97805.2
97911.8
97973
98008.8
98033.9
98050.8
98062.1
98070.4
98077.4
98083.2
98088
98091.9
98095.2
98098
98100.2
98102.1
98103.6
98104.7
98105.5
98106
98106.2
98106.2
98105.8
98105.2
98104.3
98103.2
98101.9
98100.3
98098.5
98096.6
98094.4
98092
98089.4
98086.7
98083.8
98080.8
98077.7
98074.5
98071.2
98067.9
98064.5
98061.1
98057.7
98054.3
98051
98047.7
98044.5
98041.5
98038.6
98035.8
98033.2
98030.8
98028.5
98026.5
98024.7
98023.1
98021.8
98020.6
98019.7
98019
98018.5
98018.2
98018.1
98018.1
98018.3
98018.6
98019
98019.5
98020
98020.5
98021
98021.5
98021.9
98022.1
98022.2
98022.2
98021.9
98021.4
98020.6
98019.5
98018.1
98016.4
98014.4
98012
98009.2
98006
98002.4
97998.4
97994.1
97989.3
97984.2
97978.8
97973
97966.9
97960.5
97953.8
97946.8
97939.6
97932.2
97924.6
97916.9
97909
97900.9
97892.7
97884.5
97876.1
97867.6
97859
97850.3
97841.6
97832.7
97823.7
97814.6
97805.3
97796
97786.6
97777.1
97767.4
97757.6
97747.8
97737.8
97727.6
97717.3
97706.7
97695.7
97684.4
97672.8
97660.8
97648.5
97635.7
97622.5
97608.9
97595
97580.9
97566.6
97552.3
97538
97523.8
97510.2
97497.3
97485.2
97474
97463.4
97453.5
97444.1
97435.4
97427.3
97419.7
97412
97403.9
97395.5
97386.7
97377
97365.8
97352.6
97336.9
97318.7
97298
97275.1
97250.1
97223.5
97195.1
97166.3
97138
97110.7
97084.5
97061.5
97040.4
97023.2
97008.2
96998.4
96991.4
96990.9
96992
97001
97008.8
97027.3
97040.6
97065.9
97508.3
97821.6
97938.5
97985.1
98011
98032.8
98050.2
98061.9
98070.3
98077.3
98083.1
98087.9
98091.9
98095.2
98097.9
98100.2
98102.1
98103.5
98104.7
98105.5
98106
98106.2
98106.2
98105.9
98105.3
98104.5
98103.4
98102.2
98100.7
98099
98097
98094.9
98092.6
98090.2
98087.5
98084.8
98081.9
98078.9
98075.8
98072.6
98069.3
98066.1
98062.8
98059.5
98056.2
98053
98049.9
98046.8
98043.9
98041.1
98038.4
98035.9
98033.6
98031.5
98029.6
98027.8
98026.3
98025.1
98024
98023.1
98022.5
98022
98021.7
98021.6
98021.6
98021.8
98022
98022.4
98022.8
98023.2
98023.6
98024
98024.3
98024.5
98024.6
98024.5
98024.2
98023.7
98022.9
98021.9
98020.6
98019
98017
98014.6
98012
98008.9
98005.4
98001.6
97997.3
97992.7
97987.7
97982.3
97976.6
97970.6
97964.2
97957.6
97950.8
97943.7
97936.3
97928.8
97921.1
97913.3
97905.4
97897.3
97889.1
97880.9
97872.6
97864.2
97855.7
97847.2
97838.5
97829.8
97821
97812.1
97803.1
97794
97784.9
97775.6
97766.3
97756.8
97747.3
97737.6
97727.8
97717.8
97707.5
97696.8
97685.8
97674.5
97662.8
97650.7
97638.2
97625
97611.5
97597.7
97583.6
97569.4
97555.1
97540.7
97526.4
97512.7
97499.6
97487.3
97475.6
97464.6
97454.1
97444.2
97435
97426.1
97417.6
97409
97400
97390.6
97380.6
97369.9
97357.6
97343.3
97326.4
97307
97285.1
97261.2
97235.1
97207.5
97178.2
97148.7
97119.8
97092.2
97065.8
97042.8
97022.2
97005.7
96991.6
96982.8
96977
96977.9
96980.5
96991.2
97000.8
97021.2
97035.8
97062.9
97679
97878.6
97957.6
97994.7
98013.2
98033.1
98050.4
98062.2
98070.5
98077.3
98083
98087.7
98091.7
98094.9
98097.6
98099.9
98101.7
98103.2
98104.3
98105.2
98105.7
98105.9
98105.9
98105.6
98105.1
98104.4
98103.4
98102.1
98100.7
98099.1
98097.2
98095.2
98093
98090.6
98088.1
98085.4
98082.6
98079.7
98076.7
98073.7
98070.5
98067.4
98064.2
98061.1
98057.9
98054.8
98051.8
98048.9
98046.1
98043.4
98040.8
98038.4
98036.2
98034.2
98032.4
98030.8
98029.3
98028.1
98027.1
98026.3
98025.7
98025.2
98025
98024.9
98024.9
98025
98025.2
98025.5
98025.8
98026.1
98026.4
98026.7
98026.8
98026.9
98026.8
98026.5
98026
98025.3
98024.3
98023.1
98021.5
98019.6
98017.3
98014.8
98011.8
98008.4
98004.7
98000.6
97996.1
97991.2
97985.9
97980.3
97974.4
97968.2
97961.6
97954.9
97947.9
97940.6
97933.2
97925.6
97917.9
97910
97902
97894
97885.9
97877.7
97869.5
97861.3
97853
97844.6
97836.2
97827.8
97819.3
97810.7
97802
97793.2
97784.5
97775.5
97766.6
97757.5
97748.4
97739.1
97729.6
97720.1
97710.2
97699.9
97689.2
97678.2
97666.9
97655.1
97642.7
97629.7
97616.3
97602.6
97588.7
97574.5
97560.2
97545.8
97531.5
97517.7
97504.5
97491.9
97479.8
97468.3
97457.3
97446.9
97437.2
97427.6
97418.3
97408.8
97398.9
97388.6
97377.5
97365.8
97352.5
97337
97319.2
97298.9
97276.1
97251.5
97224.8
97196.5
97166.7
97137
97107.8
97080.2
97054.1
97031.5
97011.7
96996.2
96983.5
96976.3
96972
96974.7
96979.1
96991.8
97003.4
97025.7
97042
97070.9
97831.6
97923.9
97953.7
98000.2
98017
98034.1
98050.2
98062.1
98070.4
98077.1
98082.6
98087.3
98091.2
98094.5
98097.1
98099.4
98101.2
98102.7
98103.8
98104.6
98105.2
98105.4
98105.4
98105.2
98104.7
98104
98103.1
98101.9
98100.5
98099
98097.2
98095.3
98093.1
98090.9
98088.4
98085.9
98083.2
98080.4
98077.5
98074.6
98071.6
98068.6
98065.5
98062.5
98059.5
98056.5
98053.6
98050.8
98048.1
98045.6
98043.1
98040.9
98038.8
98036.9
98035.1
98033.6
98032.3
98031.1
98030.2
98029.4
98028.9
98028.4
98028.2
98028.1
98028.1
98028.2
98028.3
98028.5
98028.8
98029
98029.2
98029.3
98029.3
98029.2
98028.9
98028.4
98027.7
98026.8
98025.6
98024.1
98022.3
98020.1
98017.6
98014.7
98011.5
98007.9
98003.9
97999.5
97994.7
97989.6
97984.1
97978.3
97972.1
97965.7
97959
97952.1
97944.9
97937.6
97930.1
97922.5
97914.7
97906.9
97899
97891
97883
97874.9
97866.9
97858.9
97850.8
97842.7
97834.6
97826.5
97818.3
97810
97801.7
97793.4
97785.1
97776.6
97768.1
97759.5
97750.8
97742
97733.1
97723.9
97714.4
97704.6
97694.4
97683.8
97672.8
97661.3
97649.1
97636.3
97623.1
97609.6
97595.7
97581.7
97567.4
97553
97538.7
97524.8
97511.4
97498.6
97486
97474
97462.6
97451.7
97441.4
97431.1
97421
97410.7
97400
97388.7
97376.7
97363.9
97349.6
97333.3
97314.7
97293.7
97270.2
97245.2
97218.1
97189.6
97159.7
97130.2
97101.2
97074.1
97048.6
97026.9
97008.3
96994.4
96983.4
96978.3
96976
96980.8
96987.3
97002.3
97016.1
97040.4
97058.6
97089.4
97901.3
97931.2
97954.7
98003.8
98021.4
98037.3
98051.6
98062.5
98070.5
98076.9
98082.3
98086.8
98090.6
98093.8
98096.4
98098.6
98100.4
98101.8
98103
98103.8
98104.3
98104.6
98104.7
98104.5
98104.1
98103.4
98102.5
98101.4
98100.2
98098.7
98097
98095.2
98093.2
98091
98088.7
98086.3
98083.7
98081.1
98078.3
98075.5
98072.7
98069.8
98066.9
98064
98061.1
98058.3
98055.6
98052.9
98050.4
98048
98045.7
98043.6
98041.6
98039.8
98038.2
98036.7
98035.5
98034.4
98033.6
98032.8
98032.3
98031.9
98031.7
98031.6
98031.5
98031.6
98031.7
98031.8
98031.9
98032.1
98032.1
98032.1
98031.9
98031.6
98031.1
98030.4
98029.5
98028.3
98026.9
98025.1
98023
98020.6
98017.8
98014.6
98011.1
98007.2
98002.9
97998.2
97993.2
97987.8
97982.1
97976
97969.7
97963
97956.2
97949.1
97941.9
97934.4
97926.9
97919.2
97911.5
97903.7
97895.9
97888.1
97880.2
97872.4
97864.6
97856.8
97849.1
97841.3
97833.6
97825.9
97818.1
97810.3
97802.6
97794.8
97787
97779.1
97771.1
97763.1
97755
97746.7
97738.3
97729.7
97720.7
97711.4
97701.7
97691.5
97680.9
97669.7
97657.8
97645.3
97632.3
97619
97605.2
97591.2
97577
97562.7
97548.5
97534.5
97521
97507.8
97494.8
97482.3
97470.4
97459
97448.1
97437.1
97426.2
97415
97403.5
97391.4
97378.4
97364.6
97349.5
97332.4
97313.2
97291.6
97267.7
97242.5
97215.4
97187
97157.5
97128.5
97100.1
97073.8
97049.5
97029.2
97012.2
97000.3
96991.6
96988.8
96989.1
96996.4
97005.4
97023
97039.1
97065.5
97085.9
97118.4
97921.9
97937.7
97988.1
98014.3
98027.7
98041.5
98053.4
98063
98070.3
98076.4
98081.6
98085.9
98089.6
98092.7
98095.2
98097.4
98099.1
98100.6
98101.7
98102.6
98103.1
98103.5
98103.5
98103.4
98103
98102.5
98101.7
98100.7
98099.5
98098.1
98096.6
98094.8
98093
98090.9
98088.8
98086.5
98084.1
98081.6
98079
98076.4
98073.7
98071
98068.3
98065.6
98062.9
98060.3
98057.7
98055.2
98052.8
98050.6
98048.4
98046.5
98044.6
98043
98041.5
98040.1
98039
98038
98037.2
98036.6
98036.1
98035.7
98035.5
98035.3
98035.2
98035.2
98035.3
98035.3
98035.3
98035.3
98035.2
98035
98034.6
98034.1
98033.4
98032.5
98031.3
98029.8
98028.1
98026
98023.6
98020.9
98017.8
98014.3
98010.4
98006.2
98001.6
97996.7
97991.3
97985.7
97979.7
97973.4
97966.9
97960.1
97953.1
97945.9
97938.5
97931.1
97923.5
97915.9
97908.2
97900.5
97892.9
97885.3
97877.7
97870.1
97862.6
97855.2
97847.8
97840.5
97833.3
97826.1
97818.8
97811.6
97804.5
97797.3
97790.2
97782.9
97775.6
97768.3
97760.9
97753.3
97745.6
97737.6
97729.2
97720.5
97711.3
97701.6
97691.4
97680.5
97669
97656.8
97644.1
97631.1
97617.5
97603.6
97589.4
97575.3
97561.1
97547.1
97533.4
97519.9
97506.5
97493.6
97481.1
97469.2
97457.6
97446
97434.2
97422.2
97409.9
97397
97383.2
97368.5
97352.6
97334.9
97315.2
97293.3
97269.3
97244.1
97217.3
97189.3
97160.5
97132.5
97105
97080
97057.4
97038.9
97024
97014.5
97008.2
97008.2
97011.4
97021.6
97033.5
97053.7
97072.4
97101
97123.6
97157.9
97948.3
97929.9
97980.1
98004.1
98027.5
98042.5
98053.9
98062.8
98069.6
98075.4
98080.3
98084.6
98088.1
98091.1
98093.6
98095.7
98097.4
98098.9
98100
98100.9
98101.5
98101.9
98102
98101.9
98101.6
98101.1
98100.5
98099.6
98098.5
98097.3
98095.9
98094.3
98092.5
98090.7
98088.7
98086.6
98084.4
98082.1
98079.7
98077.2
98074.8
98072.2
98069.7
98067.2
98064.8
98062.3
98060
98057.7
98055.5
98053.4
98051.4
98049.6
98048
98046.4
98045.1
98043.9
98042.8
98041.9
98041.2
98040.6
98040.1
98039.8
98039.5
98039.4
98039.3
98039.2
98039.1
98039
98038.9
98038.7
98038.4
98038
98037.5
98036.7
98035.7
98034.5
98033.1
98031.3
98029.3
98026.9
98024.2
98021.1
98017.6
98013.8
98009.6
98005.1
98000.1
97994.9
97989.3
97983.3
97977.1
97970.6
97963.8
97956.9
97949.7
97942.4
97935
97927.5
97920
97912.4
97904.8
97897.3
97889.9
97882.5
97875.3
97868.1
97861
97854
97847.1
97840.3
97833.6
97827
97820.5
97814
97807.5
97801.2
97794.7
97788.3
97781.8
97775.3
97768.7
97761.9
97754.9
97747.6
97739.9
97731.8
97723.2
97714.1
97704.4
97693.9
97682.8
97671
97658.7
97646
97632.5
97618.7
97604.8
97590.8
97576.6
97562.6
97548.8
97535
97521.3
97507.8
97494.9
97482.5
97470.2
97457.8
97445.3
97432.6
97419.6
97406
97391.3
97375.8
97359.3
97341.2
97321.2
97299.1
97275.2
97250.3
97224
97196.8
97169.3
97142.5
97116.5
97093.2
97072.6
97056.5
97044
97037.4
97033.9
97037.1
97043.3
97056.7
97071.6
97094.7
97115.9
97146.8
97171.8
97207.8
97983.2
97951.9
97995
98015.4
98037.3
98048.9
98057.4
98064.2
98069.8
98074.7
98079.1
98082.9
98086.2
98089
98091.3
98093.4
98095.1
98096.5
98097.7
98098.6
98099.3
98099.7
98099.9
98099.9
98099.8
98099.4
98098.8
98098.1
98097.1
98096.1
98094.8
98093.4
98091.9
98090.2
98088.4
98086.5
98084.5
98082.4
98080.2
98078
98075.8
98073.5
98071.2
98069
98066.7
98064.5
98062.4
98060.3
98058.4
98056.5
98054.7
98053.1
98051.6
98050.2
98049
98047.9
98047
98046.2
98045.5
98045
98044.6
98044.2
98044
98043.7
98043.6
98043.4
98043.2
98043
98042.7
98042.4
98041.9
98041.2
98040.4
98039.4
98038.2
98036.7
98034.9
98032.8
98030.4
98027.7
98024.6
98021.2
98017.3
98013.2
98008.6
98003.7
97998.4
97992.8
97986.9
97980.7
97974.2
97967.5
97960.5
97953.4
97946.1
97938.7
97931.3
97923.8
97916.3
97908.9
97901.5
97894.2
97887.1
97880
97873.2
97866.4
97859.8
97853.4
97847.1
97840.9
97834.9
97829
97823.2
97817.5
97812
97806.5
97800.9
97795.4
97789.8
97784.2
97778.5
97772.6
97766.5
97760
97753
97745.6
97737.7
97729.2
97720
97710.1
97699.5
97688.2
97676.3
97663.8
97650.7
97637.1
97623.3
97609.4
97595.3
97581.4
97567.4
97553.4
97539.4
97525.5
97512.2
97499.2
97486.2
97473.2
97459.9
97446.6
97432.9
97418.7
97403.3
97387.2
97370.1
97351.8
97331.6
97309.7
97286.2
97261.9
97236.4
97210.4
97184.4
97159.4
97135.3
97114.3
97096.2
97082.9
97073.3
97069.7
97069.5
97076
97085.5
97102.3
97120.4
97146.3
97170.2
97203.4
97230.8
97268.1
98043
98011.5
98021.2
98030.7
98045.2
98053.4
98059.1
98064
98068.6
98072.8
98076.7
98080.2
98083.3
98085.9
98088.2
98090.2
98091.9
98093.4
98094.6
98095.6
98096.3
98096.9
98097.2
98097.3
98097.3
98097.1
98096.7
98096.1
98095.3
98094.4
98093.4
98092.2
98090.9
98089.4
98087.9
98086.2
98084.5
98082.6
98080.8
98078.8
98076.8
98074.8
98072.8
98070.8
98068.9
98066.9
98065
98063.2
98061.5
98059.9
98058.3
98056.9
98055.6
98054.4
98053.4
98052.4
98051.6
98050.9
98050.3
98049.8
98049.4
98049
98048.7
98048.5
98048.2
98048
98047.7
98047.3
98046.8
98046.3
98045.5
98044.7
98043.6
98042.3
98040.7
98038.9
98036.8
98034.3
98031.5
98028.4
98025
98021.1
98016.9
98012.4
98007.4
98002.1
97996.5
97990.6
97984.4
97977.9
97971.1
97964.2
97957
97949.8
97942.4
97934.9
97927.5
97920.1
97912.7
97905.4
97898.3
97891.3
97884.5
97877.9
97871.5
97865.3
97859.3
97853.5
97847.9
97842.5
97837.3
97832.2
97827.3
97822.6
97818
97813.5
97809
97804.5
97800
97795.4
97790.7
97785.8
97780.6
97775
97768.9
97762.3
97755.1
97747.4
97738.8
97729.5
97719.5
97708.7
97697.3
97685.2
97672.4
97659.1
97645.5
97631.8
97617.8
97603.9
97589.9
97575.6
97561.4
97547.3
97533.5
97520
97506.4
97492.7
97478.8
97464.8
97450.6
97435.7
97419.8
97403.1
97385.7
97367.2
97347.1
97325.5
97302.6
97279
97254.6
97230.1
97206
97183.2
97161.5
97143.2
97128
97117.9
97111.5
97111.2
97114.6
97124.8
97137.7
97158.1
97179.5
97208.2
97234.8
97270.3
97300
97338.5
98073.4
98050.6
98043.3
98043.6
98051.6
98057.1
98060.6
98064
98067.7
98071.3
98074.6
98077.6
98080.4
98082.8
98085
98086.9
98088.6
98090.1
98091.3
98092.3
98093.1
98093.8
98094.2
98094.5
98094.6
98094.5
98094.3
98093.9
98093.3
98092.6
98091.8
98090.8
98089.7
98088.5
98087.2
98085.8
98084.3
98082.8
98081.1
98079.5
98077.8
98076
98074.3
98072.6
98070.9
98069.2
98067.6
98066
98064.6
98063.2
98061.8
98060.6
98059.5
98058.5
98057.6
98056.8
98056.1
98055.5
98054.9
98054.5
98054.1
98053.7
98053.4
98053.1
98052.8
98052.4
98052
98051.5
98050.8
98050.1
98049.1
98048
98046.6
98045
98043.2
98041
98038.6
98035.8
98032.7
98029.2
98025.3
98021.1
98016.6
98011.6
98006.3
98000.7
97994.7
97988.5
97982
97975.2
97968.2
97961
97953.7
97946.3
97938.9
97931.4
97924
97916.7
97909.5
97902.5
97895.6
97889
97882.6
97876.4
97870.6
97864.9
97859.6
97854.5
97849.7
97845.1
97840.8
97836.7
97832.8
97829.1
97825.6
97822.2
97818.8
97815.5
97812.1
97808.7
97805.2
97801.4
97797.2
97792.6
97787.4
97781.7
97775.4
97768.5
97760.7
97752.2
97742.9
97732.8
97721.9
97710.2
97697.9
97685.1
97671.8
97658.3
97644.6
97630.8
97616.8
97602.5
97588.1
97573.8
97559.8
97545.8
97531.6
97517.3
97502.9
97488.4
97473.6
97458.2
97441.8
97424.8
97407.3
97388.8
97369
97347.9
97325.9
97303.2
97280.3
97257.6
97235.9
97215.7
97197.2
97182
97170.4
97164
97161.3
97165
97172.3
97186.7
97203.6
97227.8
97252.9
97284.8
97314.6
97352.5
97384.4
97424.3
98079.3
98068.5
98057.6
98052.7
98055.3
98058.5
98060.9
98063.3
98066.3
98069.3
98072.1
98074.7
98077.2
98079.4
98081.5
98083.3
98085
98086.5
98087.8
98088.8
98089.8
98090.5
98091.1
98091.5
98091.7
98091.8
98091.8
98091.5
98091.2
98090.7
98090.1
98089.3
98088.5
98087.5
98086.5
98085.3
98084.1
98082.8
98081.4
98080.1
98078.6
98077.2
98075.7
98074.3
98072.9
98071.5
98070.1
98068.8
98067.5
98066.4
98065.3
98064.3
98063.3
98062.5
98061.8
98061.1
98060.5
98060
98059.5
98059.1
98058.7
98058.4
98058
98057.7
98057.3
98056.8
98056.3
98055.6
98054.8
98053.8
98052.7
98051.3
98049.7
98047.8
98045.7
98043.2
98040.4
98037.3
98033.8
98030
98025.8
98021.3
98016.3
98011.1
98005.4
97999.5
97993.2
97986.7
97979.9
97972.8
97965.6
97958.3
97950.8
97943.3
97935.9
97928.4
97921.1
97913.9
97906.9
97900.1
97893.6
97887.4
97881.4
97875.8
97870.5
97865.5
97860.9
97856.6
97852.7
97849
97845.7
97842.6
97839.8
97837.3
97834.9
97832.7
97830.5
97828.5
97826.4
97824.3
97821.9
97819.3
97816.3
97812.8
97808.7
97804
97798.7
97792.7
97785.9
97778.4
97769.8
97760.5
97750.3
97739.2
97727.6
97715.4
97702.7
97689.6
97676.3
97662.7
97648.8
97634.6
97620.2
97606
97591.8
97577.4
97562.9
97548.2
97533.5
97518.7
97503.6
97487.8
97471.3
97454.3
97436.8
97418.6
97399.3
97379.2
97358.4
97337.2
97316
97295.7
97276.7
97259.8
97244.9
97233.7
97226.1
97224
97225.8
97233.9
97245.8
97264.7
97286.1
97314.3
97343.4
97378.8
97412
97452.4
97486.6
97527.6
98073.2
98069.1
98063
98058
98057.2
98058.5
98060.1
98061.9
98064.1
98066.5
98068.8
98071
98073.2
98075.3
98077.2
98079
98080.6
98082.1
98083.4
98084.6
98085.6
98086.5
98087.2
98087.8
98088.2
98088.5
98088.7
98088.7
98088.6
98088.3
98088
98087.5
98086.9
98086.3
98085.5
98084.7
98083.8
98082.8
98081.7
98080.7
98079.6
98078.5
98077.3
98076.2
98075.1
98074
98072.9
98071.9
98071
98070
98069.2
98068.4
98067.7
98067
98066.5
98065.9
98065.5
98065.1
98064.7
98064.3
98064
98063.6
98063.2
98062.8
98062.3
98061.7
98061.1
98060.2
98059.2
98058.1
98056.7
98055.1
98053.2
98051
98048.5
98045.8
98042.6
98039.2
98035.3
98031.1
98026.6
98021.7
98016.4
98010.7
98004.8
97998.5
97991.9
97985.1
97978
97970.8
97963.4
97955.9
97948.3
97940.8
97933.3
97926
97918.8
97911.8
97905
97898.6
97892.5
97886.7
97881.3
97876.3
97871.7
97867.5
97863.7
97860.4
97857.4
97854.8
97852.5
97850.6
97849.1
97847.8
97846.7
97845.8
97845
97844.4
97843.7
97843
97842
97840.7
97839
97836.7
97833.8
97830.4
97826.3
97821.4
97815.7
97809.1
97801.5
97793.1
97783.7
97773.4
97762.6
97751.2
97739.2
97726.7
97713.8
97700.7
97687.1
97673.1
97658.9
97644.8
97630.4
97615.9
97601.2
97586.4
97571.6
97556.6
97541.3
97525.4
97509
97492.3
97474.9
97457.1
97438.7
97419.8
97400.4
97381
97361.9
97344.3
97328.4
97314.9
97303.9
97297
97293.9
97296.2
97302.7
97315.4
97332.1
97355.4
97381.3
97413.4
97446.3
97485.3
97521.7
97564.1
97600.2
97641.7
98066.2
98064.1
98061.5
98058.3
98056.5
98056.6
98057.6
98058.9
98060.5
98062.3
98064.2
98066.1
98068
98069.9
98071.7
98073.4
98075.1
98076.6
98078
98079.3
98080.5
98081.5
98082.4
98083.2
98083.9
98084.4
98084.9
98085.2
98085.4
98085.4
98085.4
98085.3
98085
98084.7
98084.3
98083.8
98083.3
98082.7
98082
98081.4
98080.6
98079.9
98079.1
98078.4
98077.6
98076.9
98076.2
98075.5
98074.8
98074.2
98073.6
98073.1
98072.6
98072.2
98071.8
98071.4
98071.1
98070.8
98070.5
98070.2
98069.9
98069.5
98069.1
98068.6
98068
98067.3
98066.4
98065.4
98064.2
98062.8
98061.2
98059.3
98057.1
98054.7
98051.9
98048.8
98045.3
98041.5
98037.3
98032.7
98027.8
98022.5
98016.9
98010.9
98004.6
97998
97991.2
97984.1
97976.8
97969.3
97961.8
97954.2
97946.6
97939.1
97931.6
97924.4
97917.4
97910.7
97904.3
97898.3
97892.7
97887.5
97882.7
97878.4
97874.6
97871.3
97868.5
97866.2
97864.3
97862.9
97861.9
97861.3
97861
97861.1
97861.5
97862.1
97862.8
97863.7
97864.5
97865.3
97865.8
97866
97865.7
97864.8
97863.4
97861.4
97858.6
97855.1
97850.6
97845.1
97838.6
97831.3
97823
97813.8
97803.9
97793.4
97782.3
97770.6
97758.4
97745.8
97732.6
97719
97705.2
97691.4
97677.1
97662.7
97648.1
97633.4
97618.6
97603.5
97588.3
97572.5
97556.6
97540.2
97523.2
97506.1
97488.7
97471.1
97453.5
97436.2
97419.6
97405
97392.3
97382.3
97375.6
97373.2
97374.7
97381.6
97392.9
97410.4
97431.9
97459.7
97489.8
97525.7
97562.2
97604.4
97643.7
97687.5
97724.7
97766.1
98058.8
98057
98055.5
98053.9
98052.5
98052.1
98052.6
98053.6
98054.8
98056.3
98057.9
98059.6
98061.4
98063.2
98065
98066.7
98068.4
98070
98071.6
98073
98074.4
98075.6
98076.8
98077.9
98078.8
98079.7
98080.4
98081
98081.6
98082
98082.4
98082.6
98082.8
98082.9
98082.9
98082.9
98082.8
98082.6
98082.4
98082.1
98081.8
98081.5
98081.2
98080.9
98080.5
98080.2
98079.9
98079.5
98079.2
98079
98078.7
98078.5
98078.2
98078
98077.8
98077.6
98077.5
98077.3
98077
98076.8
98076.5
98076.1
98075.6
98075.1
98074.4
98073.5
98072.5
98071.4
98070
98068.3
98066.4
98064.3
98061.8
98059
98055.9
98052.5
98048.7
98044.5
98040
98035.1
98029.8
98024.2
98018.2
98011.9
98005.3
97998.5
97991.4
97984.1
97976.6
97969
97961.4
97953.7
97946.1
97938.7
97931.4
97924.4
97917.7
97911.3
97905.3
97899.8
97894.8
97890.2
97886.3
97882.8
97879.9
97877.6
97875.9
97874.7
97874.1
97873.9
97874.3
97875.1
97876.4
97878
97879.9
97882.1
97884.5
97887
97889.5
97892
97894.1
97895.9
97897.2
97898
97898.2
97897.8
97896.6
97894.6
97891.6
97887.4
97882.3
97876.2
97869.2
97861.4
97852.8
97843.4
97833.3
97822.6
97811.4
97799.7
97787.1
97774.1
97760.9
97747.5
97733.6
97719.6
97705.4
97691
97676.4
97661.5
97646.5
97631.2
97616
97600.2
97583.9
97567.8
97551.7
97535.6
97520
97505.1
97491.3
97479.8
97470.6
97464.4
97462
97464.1
97470.3
97481.9
97498
97520
97546.3
97578.3
97612.4
97651.7
97691.3
97736
97777.5
97821.9
97859.8
97900.4
98049.7
98048
98046.9
98046.2
98045.5
98045.3
98045.6
98046.4
98047.4
98048.7
98050.2
98051.8
98053.5
98055.2
98057
98058.8
98060.5
98062.3
98063.9
98065.6
98067.2
98068.7
98070.1
98071.5
98072.8
98074
98075.1
98076.2
98077.1
98078
98078.8
98079.5
98080.2
98080.8
98081.3
98081.7
98082.1
98082.5
98082.8
98083
98083.2
98083.4
98083.6
98083.7
98083.8
98084
98084.1
98084.2
98084.3
98084.4
98084.4
98084.5
98084.6
98084.6
98084.7
98084.7
98084.6
98084.6
98084.4
98084.2
98084
98083.6
98083.1
98082.5
98081.7
98080.7
98079.6
98078.2
98076.6
98074.7
98072.6
98070.2
98067.4
98064.4
98061
98057.2
98053.1
98048.7
98043.8
98038.6
98033.1
98027.2
98020.9
98014.4
98007.5
98000.5
97993.2
97985.7
97978.1
97970.5
97962.8
97955.2
97947.8
97940.5
97933.4
97926.7
97920.4
97914.5
97909
97904.1
97899.8
97896
97892.9
97890.4
97888.6
97887.4
97886.9
97886.9
97887.6
97888.9
97890.7
97893.1
97896
97899.3
97902.9
97906.8
97911
97915.3
97919.6
97923.9
97927.8
97931.5
97934.6
97937.2
97939.4
97940.8
97941.4
97941.2
97939.7
97937.2
97933.7
97929.2
97923.8
97917.6
97910.5
97902.5
97893.8
97884.5
97874.4
97863.8
97852.2
97840.2
97827.9
97815.2
97802.1
97788.7
97775.2
97761.4
97747.2
97732.8
97718.4
97703.8
97689.4
97674.6
97659.5
97644.7
97629.9
97615.7
97602.4
97589.9
97579.2
97571
97565.4
97563
97564.8
97571.3
97581.9
97598.1
97618.6
97645.1
97675.5
97711.3
97748.8
97791
97833.1
97879.5
97922.3
97966.6
98004.6
98043.5
98038.3
98037
98036.3
98035.9
98035.8
98035.9
98036.3
98037.1
98038.1
98039.4
98040.8
98042.4
98044.1
98045.9
98047.7
98049.6
98051.6
98053.5
98055.4
98057.3
98059.2
98061
98062.8
98064.6
98066.3
98067.9
98069.5
98071
98072.4
98073.8
98075.1
98076.3
98077.5
98078.6
98079.7
98080.7
98081.6
98082.6
98083.4
98084.2
98085
98085.7
98086.4
98087.1
98087.8
98088.4
98089
98089.5
98090
98090.5
98091
98091.4
98091.8
98092.1
98092.4
98092.6
98092.8
98092.9
98092.9
98092.7
98092.5
98092.1
98091.6
98090.9
98090.1
98089
98087.7
98086.2
98084.4
98082.4
98080.1
98077.4
98074.5
98071.2
98067.6
98063.6
98059.2
98054.5
98049.5
98044.1
98038.3
98032.2
98025.8
98019.1
98012.1
98004.9
97997.5
97990
97982.5
97974.9
97967.3
97959.9
97952.7
97945.7
97939
97932.7
97926.9
97921.5
97916.7
97912.5
97909
97906.1
97904
97902.5
97901.8
97901.8
97902.6
97904
97906.1
97908.9
97912.4
97916.4
97921
97926.1
97931.6
97937.4
97943.4
97949.7
97956
97962.2
97968.3
97974
97979.2
97984
97988.2
97991.7
97994.4
97996
97996.6
97996.1
97994.4
97991.9
97988.4
97984.1
97978.8
97972.7
97965.7
97958
97949.4
97940.2
97930.1
97919.5
97908.4
97896.8
97884.8
97872.5
97859.9
97847.1
97833.7
97820.1
97806.5
97793
97779.7
97766
97752.4
97739.1
97726.1
97713.9
97702.9
97693.1
97685.5
97680.6
97678.5
97679.9
97685.5
97696.1
97710.8
97730.9
97755.6
97786
97819.7
97858.7
97898.8
97943.1
97987
98034.1
98077.1
98120.5
98157.7
98194.2
98025.8
98025
98024.6
98024.7
98024.9
98025.4
98026
98026.9
98028
98029.4
98030.9
98032.6
98034.4
98036.3
98038.3
98040.4
98042.5
98044.7
98046.8
98049
98051.2
98053.3
98055.5
98057.6
98059.7
98061.8
98063.8
98065.8
98067.7
98069.6
98071.4
98073.2
98075
98076.7
98078.3
98079.9
98081.5
98083
98084.5
98085.9
98087.3
98088.6
98089.9
98091.2
98092.4
98093.5
98094.6
98095.7
98096.7
98097.6
98098.5
98099.3
98100
98100.6
98101.2
98101.7
98102
98102.3
98102.4
98102.4
98102.2
98101.9
98101.4
98100.7
98099.8
98098.7
98097.4
98095.8
98093.9
98091.8
98089.3
98086.6
98083.5
98080.1
98076.3
98072.2
98067.8
98063
98057.8
98052.3
98046.5
98040.4
98033.9
98027.2
98020.3
98013.1
98005.9
97998.5
97991.1
97983.7
97976.5
97969.4
97962.5
97955.9
97949.8
97944
97938.8
97934.2
97930.1
97926.8
97924.1
97922.2
97921.1
97920.8
97921.3
97922.6
97924.7
97927.5
97931.2
97935.6
97940.8
97946.6
97953
97959.9
97967.4
97975.2
97983.3
97991.7
98000.1
98008.6
98016.9
98024.9
98032.5
98039.7
98046.3
98052.1
98057.1
98061.1
98063.9
98065.7
98066.4
98066.2
98064.9
98062.7
98059.7
98055.7
98050.9
98045.2
98038.6
98031.3
98023.3
98014.5
98005.2
97995.1
97984.8
97973.9
97962.7
97951
97938.9
97926.5
97914.2
97901.9
97889.9
97877.7
97865.7
97854
97842.8
97832.9
97824.3
97817.2
97812.6
97810.8
97812.1
97817
97826
97840.1
97858.2
97881.6
97909.6
97943
97979.2
98020.3
98062.2
98107.6
98152.2
98198.8
98241.1
98282.4
98317.7
98350.5
98014.4
98014
98013.9
98014.3
98014.9
98015.6
98016.5
98017.6
98018.9
98020.3
98022
98023.8
98025.7
98027.7
98029.9
98032.1
98034.4
98036.7
98039.1
98041.6
98044
98046.5
98049
98051.5
98054
98056.5
98059
98061.4
98063.9
98066.3
98068.7
98071
98073.3
98075.6
98077.9
98080.1
98082.3
98084.4
98086.5
98088.6
98090.6
98092.5
98094.4
98096.3
98098
98099.7
98101.4
98102.9
98104.4
98105.8
98107.1
98108.3
98109.4
98110.4
98111.2
98112
98112.6
98113
98113.3
98113.5
98113.5
98113.2
98112.8
98112.2
98111.4
98110.3
98109
98107.4
98105.6
98103.5
98101.1
98098.3
98095.3
98092
98088.3
98084.3
98079.9
98075.2
98070.2
98064.9
98059.2
98053.2
98047
98040.5
98033.9
98027
98020.1
98013
98006
97999.1
97992.3
97985.7
97979.4
97973.5
97968
97962.9
97958.5
97954.6
97951.5
97949
97947.3
97946.5
97946.5
97947.3
97949.1
97951.7
97955.1
97959.5
97964.8
97970.8
97977.6
97985.2
97993.5
98002.4
98011.9
98021.8
98032.2
98042.8
98053.7
98064.6
98075.4
98086
98096.3
98106.1
98115.4
98123.9
98131.5
98138.1
98143.6
98148.2
98151.6
98153.9
98155.2
98155.7
98155.2
98153.9
98151.7
98148.5
98144.5
98139.8
98134.3
98128
98121
98113.2
98104.9
98095.8
98086.3
98076.2
98065.7
98055
98044.1
98033.3
98022.8
98012.2
98001.9
97992
97982.8
97975
97968.9
97964.4
97962.4
97963.3
97967.5
97975.4
97987.3
98004
98024.6
98050.4
98080.7
98115.8
98153.4
98195.3
98237.7
98283.1
98326.9
98371.7
98412.1
98450.2
98482.2
98510.1
98008
98007.8
98008
98008.5
98009.2
98010.1
98011.1
98012.3
98013.7
98015.2
98016.9
98018.7
98020.7
98022.7
98024.9
98027.2
98029.6
98032.1
98034.6
98037.2
98039.9
98042.6
98045.3
98048.1
98050.9
98053.7
98056.5
98059.4
98062.2
98065.1
98067.9
98070.8
98073.6
98076.4
98079.2
98082
98084.7
98087.4
98090.1
98092.8
98095.3
98097.9
98100.3
98102.7
98105.1
98107.3
98109.4
98111.5
98113.4
98115.3
98117
98118.6
98120.1
98121.4
98122.6
98123.7
98124.5
98125.3
98125.8
98126.2
98126.4
98126.3
98126.1
98125.7
98125.1
98124.2
98123.1
98121.7
98120.1
98118.2
98116.1
98113.6
98110.9
98107.9
98104.6
98100.9
98097
98092.7
98088.1
98083.3
98078.1
98072.7
98067
98061.1
98055
98048.7
98042.4
98036
98029.7
98023.4
98017.4
98011.5
98006
98000.9
97996.2
97992
97988.4
97985.5
97983.2
97981.8
97981.2
97981.4
97982.5
97984.5
97987.5
97991.4
97996.2
98002.1
98008.8
98016.4
98025
98034.4
98044.5
98055.4
98067
98079.2
98092
98105
98118.4
98132
98145.6
98159.1
98172.2
98185
98197.3
98208.7
98219.3
98228.9
98237.5
98245.2
98251.6
98257
98261.4
98265
98267.5
98269.2
98270.1
98270.1
98269.3
98267.8
98265.4
98262.1
98258
98253
98247.2
98240.4
98233
98224.9
98216.4
98207.7
98198.4
98189.1
98180.1
98171.3
98162.7
98154.8
98147.6
98141.8
98137.7
98135.5
98135.7
98138.5
98144.7
98154.5
98168.3
98186.5
98208.8
98235.8
98266.9
98302.1
98339.7
98380.9
98422.3
98466.1
98507.7
98549.4
98586.4
98620.2
98647.7
98669.6
98011.5
98011.3
98011.4
98011.8
98012.4
98013.2
98014.1
98015.1
98016.3
98017.7
98019.2
98020.8
98022.6
98024.5
98026.6
98028.7
98031
98033.4
98035.8
98038.4
98041
98043.7
98046.5
98049.3
98052.2
98055.1
98058.1
98061.1
98064.2
98067.3
98070.4
98073.6
98076.7
98079.9
98083.1
98086.3
98089.4
98092.6
98095.7
98098.8
98101.8
98104.8
98107.7
98110.6
98113.4
98116
98118.6
98121.1
98123.5
98125.7
98127.8
98129.8
98131.6
98133.3
98134.8
98136.2
98137.4
98138.4
98139.3
98139.9
98140.4
98140.7
98140.9
98140.8
98140.5
98140
98139.3
98138.4
98137.3
98135.9
98134.3
98132.4
98130.4
98128
98125.4
98122.5
98119.3
98115.9
98112.1
98108.1
98103.8
98099.3
98094.6
98089.6
98084.4
98079.2
98073.8
98068.4
98063.1
98057.8
98052.7
98047.8
98043.3
98039.1
98035.3
98032.1
98029.5
98027.6
98026.3
98025.9
98026.3
98027.5
98029.7
98032.9
98036.9
98042
98048.2
98055.3
98063.4
98072.6
98082.8
98093.9
98105.9
98118.8
98132.6
98147.1
98162.3
98177.9
98194
98210.4
98226.9
98243.3
98259.7
98275.8
98291.3
98305.9
98319.8
98332.8
98344.9
98355.9
98366
98375.1
98383.1
98390.2
98396.4
98401.8
98406.4
98410.2
98413.3
98415.6
98417
98417.4
98416.9
98415.3
98412.7
98409.1
98404.6
98399.2
98393.2
98386.8
98379.7
98372.4
98365.3
98358.5
98352
98346
98341
98337.1
98334.7
98334.4
98336.3
98340.5
98348
98358.9
98373.7
98392.7
98415.6
98442.8
98473.4
98507.7
98543.9
98583.1
98622.2
98662.8
98701
98738.5
98770.9
98799.5
98821.5
98836.6
98025.4
98025
98024.8
98024.9
98025.1
98025.5
98026
98026.7
98027.5
98028.4
98029.5
98030.8
98032.2
98033.7
98035.4
98037.2
98039.1
98041.1
98043.3
98045.5
98047.9
98050.4
98052.9
98055.6
98058.3
98061.2
98064.1
98067
98070.1
98073.2
98076.3
98079.5
98082.8
98086.1
98089.4
98092.7
98096.1
98099.4
98102.7
98106.1
98109.3
98112.6
98115.8
98118.9
98121.9
98124.9
98127.8
98130.5
98133.2
98135.7
98138.1
98140.4
98142.5
98144.5
98146.3
98147.9
98149.4
98150.8
98152
98153
98153.8
98154.5
98155.1
98155.5
98155.7
98155.7
98155.6
98155.3
98154.8
98154.2
98153.3
98152.3
98151
98149.6
98147.9
98146
98143.9
98141.5
98138.9
98136
98132.9
98129.5
98126
98122.2
98118.2
98114.2
98110
98105.8
98101.5
98097.4
98093.4
98089.6
98086
98082.9
98080.1
98077.9
98076.2
98075.2
98074.8
98075.3
98076.5
98078.7
98081.8
98085.8
98090.8
98096.9
98104
98112.2
98121.6
98132.1
98143.7
98156.4
98170
98184.8
98200.5
98217.1
98234.4
98252.5
98271.1
98290
98309.3
98328.7
98348.1
98367.3
98385.9
98403.9
98421.1
98437.4
98452.9
98467.4
98481.1
98493.9
98505.7
98516.6
98526.7
98535.9
98544.5
98552.4
98559.7
98566.2
98571.7
98576.3
98579.7
98581.9
98582.9
98582.8
98581.7
98579.5
98576.4
98572.6
98568.2
98563.4
98558.7
98554.1
98549.7
98545.7
98542.5
98540.5
98539.8
98540.8
98544
98549.2
98557.2
98568.5
98583.4
98602.4
98624.8
98651.2
98680.3
98712.6
98746.5
98782.7
98818.5
98855.1
98889.1
98921.8
98949.1
98972.2
98988.5
98996.6
98045.6
98044.7
98044.1
98043.7
98043.4
98043.2
98043.2
98043.4
98043.7
98044.1
98044.7
98045.4
98046.3
98047.3
98048.5
98049.8
98051.2
98052.8
98054.5
98056.3
98058.3
98060.4
98062.6
98064.9
98067.4
98069.9
98072.5
98075.3
98078.1
98081
98084.1
98087.1
98090.3
98093.5
98096.8
98100.1
98103.4
98106.8
98110.1
98113.5
98116.9
98120.2
98123.5
98126.7
98129.9
98133
98136
98138.9
98141.7
98144.4
98147
98149.5
98151.8
98154
98156
98158
98159.7
98161.4
98162.9
98164.2
98165.5
98166.6
98167.6
98168.4
98169.1
98169.7
98170.2
98170.6
98170.9
98171
98171
98170.8
98170.5
98170
98169.3
98168.5
98167.4
98166.2
98164.7
98163
98161.1
98158.9
98156.5
98154
98151.2
98148.3
98145.4
98142.3
98139.2
98136.1
98133.1
98130.3
98127.7
98125.4
98123.6
98122.1
98121.3
98121
98121.4
98122.5
98124.5
98127.4
98131.1
98135.8
98141.5
98148.3
98156.2
98165.3
98175.7
98187.2
98199.9
98213.8
98228.8
98245
98262.3
98280.6
98299.8
98319.7
98340.4
98361.6
98383.2
98405.1
98427.1
98448.9
98470.2
98491
98511
98530.3
98548.8
98566.4
98583.2
98599.2
98614.3
98628.7
98642.2
98655
98667.3
98679
98690.1
98700.4
98709.8
98718.2
98725.4
98731.2
98735.7
98738.9
98740.7
98741.4
98741.1
98739.9
98738
98735.6
98733.1
98730.5
98727.8
98725.6
98723.9
98723.3
98723.7
98725.7
98729.3
98734.9
98742.9
98753.9
98768.3
98786.4
98807.7
98832.4
98859.4
98889.1
98920
98952.8
98985.1
99017.4
99047.2
99075.2
99097.9
99115.9
99127
99128.8
98068.1
98066.8
98065.6
98064.7
98063.9
98063.1
98062.6
98062.1
98061.9
98061.7
98061.8
98061.9
98062.3
98062.7
98063.3
98064.1
98065
98066.1
98067.3
98068.7
98070.2
98071.8
98073.6
98075.5
98077.5
98079.7
98082
98084.4
98087
98089.6
98092.4
98095.2
98098.2
98101.2
98104.3
98107.5
98110.7
98114
98117.3
98120.6
98123.9
98127.2
98130.5
98133.7
98136.9
98140.1
98143.1
98146.1
98149
98151.8
98154.5
98157.1
98159.6
98161.9
98164.2
98166.3
98168.3
98170.2
98172
98173.7
98175.3
98176.8
98178.2
98179.5
98180.8
98181.9
98183
98184
98185
98185.9
98186.6
98187.3
98187.9
98188.3
98188.6
98188.8
98188.8
98188.6
98188.2
98187.6
98186.7
98185.7
98184.5
98183
98181.4
98179.6
98177.7
98175.6
98173.5
98171.4
98169.4
98167.4
98165.7
98164.2
98163.1
98162.3
98162.1
98162.4
98163.4
98165.1
98167.7
98171
98175.3
98180.5
98186.8
98194.1
98202.7
98212.5
98223.5
98235.8
98249.4
98264.2
98280.4
98297.7
98316.3
98335.9
98356.6
98378.2
98400.6
98423.7
98447.2
98471.1
98495.1
98519.1
98542.7
98565.9
98588.3
98610.1
98631.1
98651.3
98670.8
98689.5
98707.4
98724.7
98741.3
98757.3
98772.9
98788
98802.4
98816.1
98829
98840.8
98851.4
98860.4
98868
98874.2
98878.8
98882.1
98884.3
98885.5
98885.9
98885.6
98885
98884.1
98883
98882.2
98881.7
98882
98883.3
98885.8
98889.6
98895.2
98902.8
98913.3
98926.8
98943.6
98963.3
98986
99010.6
99037.6
99065.3
99094.7
99123.2
99151.7
99177.5
99201.2
99219.7
99233.2
99239.7
99236.3
98090.1
98088.3
98086.7
98085.2
98083.9
98082.6
98081.5
98080.5
98079.7
98079.1
98078.5
98078.2
98078
98077.9
98078
98078.2
98078.6
98079.2
98079.9
98080.8
98081.8
98083
98084.3
98085.8
98087.5
98089.3
98091.2
98093.3
98095.5
98097.9
98100.3
98102.9
98105.6
98108.5
98111.4
98114.3
98117.4
98120.5
98123.7
98126.9
98130.1
98133.3
98136.5
98139.7
98142.9
98146
98149.1
98152.1
98155
98157.9
98160.6
98163.3
98165.9
98168.4
98170.8
98173.1
98175.3
98177.4
98179.5
98181.5
98183.4
98185.2
98187
98188.7
98190.5
98192.1
98193.8
98195.4
98197
98198.5
98200
98201.4
98202.8
98204.1
98205.2
98206.3
98207.2
98207.9
98208.4
98208.8
98209
98208.9
98208.6
98208.2
98207.5
98206.6
98205.6
98204.4
98203.2
98201.9
98200.6
98199.4
98198.4
98197.6
98197.1
98196.9
98197.2
98198
98199.5
98201.6
98204.6
98208.3
98213
98218.6
98225.3
98233.2
98242.2
98252.6
98264.1
98277
98291.3
98306.9
98323.9
98342.2
98361.7
98382.5
98404.4
98427.3
98451.2
98475.7
98500.7
98526.2
98551.9
98577.7
98603.1
98628.1
98652.5
98676.3
98699.4
98721.7
98743.3
98764.2
98784.5
98804.1
98823.3
98842.1
98860.6
98878.5
98895.9
98912.5
98928.2
98942.9
98956.4
98968.2
98978.5
98987.2
98994.4
99000.1
99004.4
99007.7
99010
99011.5
99012.4
99013
99013.2
99013.6
99014
99015
99016.8
99019.6
99023.4
99028.8
99035.9
99045.8
99058.1
99073.4
99091.4
99112.1
99134.3
99158.6
99183.5
99209.7
99234.8
99259.9
99282.1
99302.1
99316.9
99326.6
99329.3
99321.6
98109.7
98107.5
98105.5
98103.5
98101.7
98100
98098.4
98097
98095.7
98094.6
98093.6
98092.7
98092
98091.5
98091.1
98090.9
98090.9
98091
98091.2
98091.7
98092.3
98093.1
98094
98095.1
98096.4
98097.8
98099.4
98101.2
98103.1
98105.2
98107.4
98109.7
98112.2
98114.7
98117.4
98120.2
98123.1
98126.1
98129.1
98132.1
98135.3
98138.4
98141.5
98144.6
98147.7
98150.8
98153.9
98156.9
98159.8
98162.7
98165.5
98168.3
98170.9
98173.5
98176
98178.5
98180.9
98183.2
98185.4
98187.7
98189.8
98192
98194.1
98196.3
98198.4
98200.5
98202.6
98204.8
98206.9
98209
98211.1
98213.2
98215.2
98217.2
98219.1
98220.9
98222.5
98224
98225.3
98226.5
98227.4
98228.2
98228.7
98229
98229.1
98229
98228.7
98228.3
98227.7
98227.1
98226.5
98225.9
98225.4
98225.1
98225.1
98225.4
98226.1
98227.3
98229.1
98231.6
98234.9
98239
98244
98250
98257
98265.2
98274.7
98285.4
98297.4
98310.7
98325.5
98341.7
98359.4
98378.4
98398.7
98420.4
98443.3
98467.3
98492.2
98517.8
98544
98570.8
98597.8
98624.9
98651.7
98678.2
98704.1
98729.4
98754.1
98778.1
98801.5
98824.2
98846.3
98867.9
98889.3
98910.4
98931.1
98951.4
98971.2
98990.1
99008.3
99025.2
99041.1
99055.3
99067.7
99078.7
99088
99095.6
99101.8
99106.8
99110.6
99113.4
99115.7
99117.5
99118.8
99119.9
99121.1
99122.6
99124.7
99127.7
99131.3
99136.5
99143.1
99152.2
99163.4
99177.4
99193.7
99212.5
99232.6
99254.6
99276.9
99300.5
99322.7
99344.9
99364
99380.9
99392.8
99399.5
99399
99387.8
98126.1
98123.5
98121.1
98118.8
98116.6
98114.6
98112.6
98110.8
98109.1
98107.5
98106.1
98104.9
98103.8
98102.9
98102.1
98101.5
98101.1
98100.8
98100.7
98100.8
98101
98101.5
98102.1
98102.8
98103.8
98104.9
98106.2
98107.7
98109.4
98111.2
98113.1
98115.2
98117.5
98119.9
98122.4
98125
98127.7
98130.5
98133.4
98136.4
98139.4
98142.4
98145.4
98148.5
98151.5
98154.6
98157.6
98160.6
98163.5
98166.4
98169.3
98172.1
98174.8
98177.5
98180.1
98182.7
98185.2
98187.7
98190.1
98192.5
98195
98197.4
98199.8
98202.3
98204.8
98207.3
98209.8
98212.3
98214.9
98217.5
98220.1
98222.7
98225.3
98227.8
98230.2
98232.6
98234.8
98236.9
98238.9
98240.6
98242.2
98243.6
98244.7
98245.6
98246.3
98246.8
98247.1
98247.2
98247.2
98247.1
98246.9
98246.8
98246.8
98246.9
98247.2
98247.9
98248.9
98250.5
98252.6
98255.3
98258.9
98263.2
98268.5
98274.7
98282.1
98290.6
98300.3
98311.3
98323.6
98337.4
98352.6
98369.3
98387.4
98407
98428
98450.3
98473.9
98498.7
98524.4
98550.9
98578.1
98605.7
98633.7
98661.8
98689.8
98717.3
98744.4
98770.9
98796.8
98822
98846.7
98870.8
98894.4
98917.7
98940.8
98963.6
98986.1
99008.2
99029.9
99050.7
99070.7
99089.5
99107.2
99123.4
99137.6
99150.2
99161.1
99170.4
99177.9
99184.3
99189.3
99193.3
99196.6
99199.2
99201.3
99203.1
99204.8
99206.7
99209
99212
99215.5
99220.3
99226.5
99234.9
99245.2
99258.1
99272.9
99290.1
99308.4
99328.5
99348.8
99370.1
99390.1
99409.9
99426.5
99441
99450.4
99454.8
99451.8
99438.1
98139
98136.1
98133.4
98130.9
98128.4
98126
98123.7
98121.6
98119.6
98117.8
98116
98114.5
98113.1
98111.8
98110.8
98109.8
98109.1
98108.5
98108.1
98107.9
98107.9
98108
98108.4
98108.9
98109.6
98110.5
98111.6
98112.8
98114.3
98115.9
98117.6
98119.6
98121.6
98123.9
98126.2
98128.7
98131.3
98134
98136.7
98139.6
98142.5
98145.4
98148.4
98151.4
98154.4
98157.4
98160.4
98163.4
98166.3
98169.2
98172.1
98175
98177.8
98180.5
98183.2
98185.9
98188.6
98191.2
98193.8
98196.4
98199.1
98201.7
98204.4
98207.1
98209.8
98212.6
98215.5
98218.4
98221.3
98224.2
98227.2
98230.2
98233.1
98236.1
98238.9
98241.7
98244.4
98247
98249.3
98251.6
98253.6
98255.4
98257
98258.3
98259.5
98260.4
98261.1
98261.6
98262
98262.3
98262.5
98262.7
98263
98263.5
98264.1
98265
98266.3
98268.1
98270.4
98273.4
98277.2
98281.7
98287.2
98293.7
98301.2
98309.9
98319.9
98331.1
98343.7
98357.7
98373.2
98390.3
98408.8
98428.8
98450.3
98473.1
98497.2
98522.6
98548.9
98576.1
98603.9
98632.2
98660.9
98689.8
98718.5
98746.8
98774.7
98802.1
98828.9
98855.1
98880.8
98905.9
98930.7
98955.2
98979.6
99003.7
99027.6
99051.1
99074.2
99096.5
99117.9
99138.1
99157.2
99174.8
99190.4
99204.3
99216.4
99226.8
99235.5
99242.9
99248.9
99253.7
99257.8
99261.1
99263.7
99266
99268.1
99270.2
99272.6
99275.6
99278.9
99283.5
99289.4
99297.2
99306.7
99318.6
99332.3
99348.2
99365.2
99383.8
99402.4
99422.1
99440.2
99458.3
99473
99485.6
99493.1
99495.8
99490.8
99475.2
98148.5
98145.5
98142.6
98139.8
98137.1
98134.5
98132
98129.7
98127.4
98125.4
98123.4
98121.6
98120
98118.5
98117.2
98116.1
98115.1
98114.3
98113.7
98113.2
98113
98112.9
98113.1
98113.4
98113.9
98114.6
98115.5
98116.6
98117.9
98119.3
98121
98122.8
98124.7
98126.8
98129
98131.4
98133.9
98136.5
98139.2
98141.9
98144.8
98147.7
98150.6
98153.6
98156.5
98159.5
98162.5
98165.5
98168.5
98171.4
98174.3
98177.2
98180.1
98182.9
98185.7
98188.5
98191.2
98194
98196.7
98199.5
98202.3
98205.1
98208
98210.9
98213.8
98216.8
98219.9
98223
98226.2
98229.4
98232.6
98235.8
98239.1
98242.3
98245.5
98248.5
98251.5
98254.4
98257.1
98259.6
98262
98264.1
98266
98267.7
98269.1
98270.4
98271.4
98272.2
98272.9
98273.4
98273.9
98274.4
98274.9
98275.6
98276.5
98277.6
98279.1
98281
98283.6
98286.7
98290.6
98295.3
98301
98307.6
98315.3
98324.2
98334.3
98345.7
98358.5
98372.7
98388.5
98405.7
98424.6
98444.9
98466.7
98489.8
98514.3
98540.1
98566.8
98594.5
98622.8
98651.6
98680.8
98710.2
98739.4
98768.3
98796.8
98824.8
98852.2
98879.1
98905.5
98931.5
98957.1
98982.4
99007.7
99032.8
99057.6
99082.2
99106.3
99129.7
99152.2
99173.5
99193.6
99212.2
99228.8
99243.6
99256.6
99267.9
99277.4
99285.5
99292.2
99297.7
99302.3
99306.1
99309.1
99311.7
99314.1
99316.4
99318.8
99321.8
99324.9
99329.4
99334.9
99342.3
99351.2
99362.4
99375.2
99390.2
99406.1
99423.6
99441.1
99459.5
99476.3
99493
99506.3
99517.6
99523.7
99525
99518.6
99501.7
98155.2
98152
98149
98146.1
98143.2
98140.4
98137.8
98135.3
98132.9
98130.7
98128.5
98126.6
98124.8
98123.2
98121.7
98120.4
98119.2
98118.3
98117.5
98116.9
98116.5
98116.3
98116.3
98116.5
98116.9
98117.5
98118.3
98119.2
98120.4
98121.7
98123.3
98125
98126.8
98128.8
98131
98133.3
98135.7
98138.2
98140.9
98143.6
98146.4
98149.3
98152.2
98155.1
98158.1
98161.1
98164.1
98167
98170
98173
98175.9
98178.9
98181.8
98184.7
98187.5
98190.4
98193.2
98196.1
98198.9
98201.8
98204.7
98207.6
98210.6
98213.6
98216.7
98219.9
98223.1
98226.3
98229.7
98233
98236.4
98239.9
98243.3
98246.7
98250
98253.3
98256.5
98259.6
98262.5
98265.2
98267.8
98270.2
98272.3
98274.2
98275.8
98277.3
98278.5
98279.5
98280.4
98281.2
98281.8
98282.5
98283.2
98284.1
98285.1
98286.3
98288
98290.1
98292.7
98296
98300
98304.8
98310.6
98317.3
98325.1
98334.1
98344.3
98355.9
98368.8
98383.2
98399.1
98416.5
98435.5
98456
98478
98501.5
98526.2
98552.2
98579.3
98607.2
98635.9
98665
98694.6
98724.2
98753.8
98783.1
98812
98840.4
98868.3
98895.6
98922.6
98949
98975.3
99001.2
99027.1
99052.8
99078.4
99103.7
99128.5
99152.7
99175.9
99197.9
99218.8
99238.1
99255.4
99270.9
99284.4
99296.2
99306.4
99315
99322.2
99328.1
99333.1
99337.2
99340.5
99343.4
99345.9
99348.3
99350.8
99353.7
99356.8
99361.1
99366.4
99373.5
99382
99392.6
99404.8
99419.1
99434.3
99451
99467.6
99485.2
99501
99516.8
99529.1
99539.3
99544.5
99544.9
99537.4
99519.6
98159.5
98156.2
98153.1
98150.1
98147.1
98144.3
98141.5
98138.9
98136.4
98134.1
98131.8
98129.8
98127.9
98126.1
98124.5
98123.1
98121.9
98120.8
98120
98119.3
98118.8
98118.5
98118.4
98118.5
98118.8
98119.3
98120
98120.9
98122
98123.3
98124.7
98126.4
98128.2
98130.1
98132.3
98134.5
98136.9
98139.4
98142
98144.7
98147.5
98150.3
98153.2
98156.2
98159.1
98162.1
98165.1
98168.1
98171.1
98174.1
98177.1
98180
98183
98185.9
98188.8
98191.7
98194.6
98197.5
98200.4
98203.4
98206.3
98209.3
98212.4
98215.5
98218.7
98221.9
98225.2
98228.6
98232
98235.4
98239
98242.5
98246
98249.5
98253
98256.4
98259.7
98262.9
98266
98268.9
98271.6
98274.1
98276.3
98278.4
98280.2
98281.7
98283.1
98284.3
98285.3
98286.1
98286.9
98287.7
98288.6
98289.5
98290.6
98292
98293.7
98295.9
98298.6
98301.9
98306
98310.9
98316.7
98323.5
98331.4
98340.5
98350.8
98362.4
98375.4
98389.9
98405.9
98423.4
98442.5
98463.2
98485.3
98508.9
98533.8
98559.9
98587.2
98615.3
98644.2
98673.5
98703.3
98733.1
98762.9
98792.4
98821.6
98850.3
98878.5
98906.1
98933.4
98960.2
98986.8
99013.1
99039.4
99065.6
99091.7
99117.4
99142.7
99167.4
99191.1
99213.6
99234.9
99254.6
99272.4
99288.3
99302.3
99314.5
99324.9
99334
99341.4
99347.7
99352.9
99357.2
99360.7
99363.7
99366.3
99368.8
99371.3
99374.1
99377.1
99381.3
99386.4
99393.3
99401.5
99411.7
99423.5
99437.4
99452.1
99468.3
99484.3
99501.3
99516.5
99531.7
99543.3
99553
99557.5
99557.2
99549
99530.7
98161.9
98158.7
98155.5
98152.4
98149.4
98146.4
98143.6
98140.9
98138.4
98135.9
98133.7
98131.5
98129.6
98127.8
98126.1
98124.7
98123.4
98122.3
98121.3
98120.6
98120.1
98119.7
98119.6
98119.6
98119.9
98120.3
98121
98121.8
98122.9
98124.1
98125.6
98127.2
98128.9
98130.9
98133
98135.2
98137.6
98140
98142.6
98145.3
98148.1
98150.9
98153.8
98156.8
98159.7
98162.7
98165.7
98168.7
98171.7
98174.7
98177.7
98180.7
98183.7
98186.6
98189.5
98192.5
98195.4
98198.3
98201.3
98204.3
98207.3
98210.3
98213.4
98216.5
98219.7
98223
98226.4
98229.8
98233.3
98236.8
98240.4
98244
98247.5
98251.1
98254.7
98258.2
98261.5
98264.8
98267.9
98270.9
98273.7
98276.2
98278.6
98280.7
98282.5
98284.2
98285.6
98286.9
98287.9
98288.9
98289.7
98290.6
98291.5
98292.5
98293.6
98295
98296.8
98299
98301.8
98305.2
98309.3
98314.2
98320.1
98326.9
98334.8
98343.9
98354.3
98365.9
98379
98393.5
98409.6
98427.2
98446.3
98467
98489.3
98512.9
98537.9
98564.1
98591.5
98619.7
98648.7
98678.2
98708
98738
98767.9
98797.5
98826.8
98855.7
98884
98911.8
98939.3
98966.3
98993.1
99019.6
99046.2
99072.6
99098.9
99124.9
99150.5
99175.4
99199.4
99222.1
99243.7
99263.7
99281.8
99297.9
99312.1
99324.6
99335.2
99344.5
99352.1
99358.5
99363.9
99368.3
99371.9
99374.9
99377.6
99380.1
99382.5
99385.4
99388.3
99392.4
99397.3
99404
99412.1
99422.1
99433.6
99447.2
99461.6
99477.5
99493.3
99509.9
99524.8
99539.7
99551
99560.3
99564.4
99563.8
99555.2
99536.9
98163
98159.7
98156.5
98153.3
98150.3
98147.3
98144.5
98141.8
98139.2
98136.7
98134.4
98132.3
98130.3
98128.4
98126.8
98125.3
98124
98122.8
98121.9
98121.1
98120.6
98120.2
98120
98120.1
98120.3
98120.8
98121.4
98122.2
98123.3
98124.5
98125.9
98127.5
98129.3
98131.2
98133.3
98135.5
98137.8
98140.3
98142.9
98145.6
98148.3
98151.2
98154.1
98157
98160
98163
98166
98169
98172
98175
98178
98180.9
98183.9
98186.9
98189.8
98192.7
98195.7
98198.6
98201.6
98204.6
98207.6
98210.6
98213.8
98216.9
98220.2
98223.5
98226.8
98230.3
98233.8
98237.3
98240.9
98244.5
98248.1
98251.7
98255.3
98258.8
98262.2
98265.5
98268.7
98271.7
98274.5
98277.1
98279.4
98281.6
98283.5
98285.2
98286.6
98287.9
98289
98290
98290.8
98291.7
98292.6
98293.6
98294.8
98296.3
98298.1
98300.3
98303.1
98306.5
98310.6
98315.6
98321.4
98328.3
98336.2
98345.3
98355.7
98367.4
98380.5
98395
98411.1
98428.7
98447.9
98468.6
98490.9
98514.5
98539.6
98565.8
98593.2
98621.5
98650.5
98680
98709.9
98739.9
98769.8
98799.5
98828.9
98857.8
98886.2
98914
98941.6
98968.7
98995.5
99022.2
99048.8
99075.3
99101.7
99127.8
99153.5
99178.5
99202.6
99225.5
99247.1
99267.3
99285.4
99301.7
99316
99328.5
99339.3
99348.6
99356.3
99362.8
99368.2
99372.7
99376.3
99379.4
99382
99384.5
99386.9
99389.8
99392.6
99396.7
99401.6
99408.2
99416.2
99426.1
99437.5
99451
99465.3
99481.1
99496.7
99513.2
99528
99542.7
99553.9
99563.1
99567.1
99566.4
99557.7
99539.5
99082.5
98982.2
98882
98786.4
98694.9
98609.3
98531.4
98462.4
98403.3
98354.8
98316.1
98287.3
98264.8
98249.4
98232.4
98216.6
98190.9
98160.1
98117.8
98073.8
98027.9
97989.8
97961.8
97944.3
97955.6
99056.9
98958.4
98859.9
98766.1
98676.3
98592.6
98516.5
98449.4
98392.1
98345.2
98308.1
98280.7
98259.4
98245
98228.8
98213.6
98188.3
98157.8
98115.8
98072.2
98026.6
97988.8
97961.1
97943.8
97955.6
99013.1
98916.6
98821.1
98730.3
98643.6
98563.1
98490.2
98426.2
98371.9
98327.9
98293.3
98268.4
98249.2
98236.5
98221.9
98208
98183.8
98154.2
98113
98070.1
98025.2
97987.9
97960.7
97943.4
97955.8
98951.6
98858.2
98766.8
98680.2
98597.8
98521.7
98453.1
98393.4
98343.3
98303.1
98272.2
98250.6
98234.3
98224.2
98211.9
98199.7
98177.2
98148.9
98108.9
98067
98022.8
97986.3
97959.5
97942.6
97955.2
98873.7
98784.4
98698.1
98616.9
98539.9
98469.2
98406.2
98351.8
98306.8
98271.6
98245.2
98227.7
98215.2
98208.2
98198.8
98189
98168.6
98142
98103.5
98062.8
98019.7
97984.1
97957.9
97941.4
97954.8
98782.4
98698.3
98618
98543.1
98472.4
98408.1
98351.3
98303.1
98264.1
98234.5
98213.4
98200.7
98192.5
98189.3
98183.3
98176.3
98158.4
98133.8
98097.1
98057.9
98016.1
97981.5
97956
97940
97954.3
98680.2
98602.1
98528.9
98460.9
98397.3
98340.1
98290.2
98248.7
98216.3
98192.9
98177.7
98170.3
98166.8
98167.8
98165.6
98161.7
98146.8
98124.5
98089.8
98052.3
98011.9
97978.5
97953.9
97938.5
97953.8
98570
98498.7
98432.9
98372.5
98316.5
98266.7
98224.3
98190
98164.7
98147.9
98138.8
98137
98138.8
98144.2
98146.1
98145.7
98133.9
98114.2
98081.8
98046.1
98007.2
97975.3
97951.6
97936.8
97953.3
98454.3
98390.1
98332.3
98279.7
98231.7
98189.5
98155
98128.3
98110.3
98100.2
98097.5
98101.6
98108.8
98118.9
98125
98128.4
98119.9
98103
98073
98039.4
98002.2
97971.7
97949.1
97935.1
97952.7
98335.3
98278.6
98229
98184.4
98144.4
98110.2
98083.6
98064.6
98053.9
98050.9
98054.7
98064.8
98077.4
98092.3
98102.9
98110
98105
98091.1
98063.7
98032.3
97996.8
97968
97946.4
97933.2
97952.2
98215.1
98166.1
98124.8
98088.1
98056.3
98030
98011.5
98000.1
97996.7
98000.6
98011
98027.1
98045.1
98064.8
98079.8
98090.9
98089.5
98078.7
98053.9
98024.8
97991.2
97964
97943.7
97931.4
97951.6
98095.8
98054.4
98021.4
97992.4
97968.6
97950.2
97939.7
97935.7
97939.5
97950.2
97967.1
97989
98012.3
98036.8
98056.2
98071.3
98073.4
98065.8
98043.8
98017.1
97985.4
97960
97940.9
97929.5
97951.1
97979.1
97944.9
97920.1
97898.7
97882.8
97872
97869.2
97872.3
97883.2
97900.3
97923.4
97951
97979.4
98008.5
98032.3
98051.3
98057
98052.6
98033.4
98009.2
97979.4
97955.8
97938
97927.6
97950.5
97866.1
97839
97822.1
97807.9
97799.7
97796.1
97800.8
97810.7
97828.3
97851.6
97880.6
97913.5
97946.8
97980.4
98008.4
98031.2
98040.5
98039.2
98022.8
98001.2
97973.4
97951.6
97935.2
97925.7
97949.9
97758
97737.7
97728.3
97720.9
97720.1
97723.4
97735
97751.4
97775.4
97804.7
97839
97876.8
97914.8
97952.7
97984.7
98011.1
98023.9
98025.8
98012.2
97993.1
97967.2
97947.4
97932.3
97923.9
97949.4
97655.8
97641.9
97639.6
97638.6
97644.6
97654.4
97672.4
97695.1
97725
97759.7
97799.1
97841.5
97883.7
97925.6
97961.3
97991.3
98007.4
98012.5
98001.6
97985
97961.1
97943.3
97929.5
97922.1
97948.8
97560.4
97552.4
97556.6
97561.5
97573.9
97589.7
97613.5
97642.1
97677.3
97717.1
97761.1
97807.8
97853.8
97899.4
97938.6
97971.8
97991.2
97999.3
97991.1
97977
97955.1
97939.1
97926.8
97920.3
97948.2
97472.3
97469.8
97480.1
97490.4
97508.6
97529.7
97558.9
97592.9
97632.8
97677.3
97725.4
97776
97825.4
97874.4
97916.7
97953.1
97975.5
97986.5
97980.9
97969.2
97949.2
97935.1
97924
97918.6
97947.7
97392.1
97394.4
97410
97425
97448.2
97474.3
97508.3
97546.9
97591.1
97639.7
97691.4
97745.4
97797.9
97849.8
97895
97934.2
97959.5
97973.3
97970.3
97961.1
97942.9
97930.9
97921.2
97916.8
97947.1
97320.4
97326.8
97347.1
97366.1
97393.7
97424.2
97462.3
97504.9
97552.7
97604.8
97659.5
97716.4
97771.5
97826
97873.8
97915.5
97943.5
97960
97959.6
97952.8
97936.6
97926.6
97918.3
97915.1
97946.7
97258.1
97267.8
97292.2
97314.7
97346.2
97380.5
97422.1
97468.1
97519
97573.8
97631.1
97690.3
97747.6
97804.1
97854.1
97898
97928.5
97947.3
97949.3
97944.9
97930.6
97922.6
97915.6
97913.6
97946.2
97205.2
97217.8
97245.5
97271
97306
97343.5
97388.1
97436.9
97490.1
97547
97606.3
97667.2
97726.1
97784.3
97836.1
97881.9
97914.4
97935.5
97939.7
97937.4
97925
97918.8
97913.1
97912.2
97945.7
97162.1
97177.1
97207.7
97235.5
97273.4
97313.4
97360.6
97411.4
97466.4
97524.8
97585.4
97647.3
97707.4
97766.8
97819.9
97867.2
97901.5
97924.5
97930.8
97930.5
97919.7
97915.4
97910.8
97910.9
97945.4
97129.1
97146
97179.1
97208.7
97249.1
97290.9
97340
97391.9
97448
97507.3
97568.6
97631
97691.6
97751.6
97805.6
97854.1
97889.8
97914.4
97922.6
97924.1
97915
97912.3
97908.8
97909.9
97945.1
97106.3
97124.9
97160.2
97191.2
97233.1
97276.1
97326.3
97378.7
97435.4
97494.8
97556
97618.3
97678.7
97738.9
97793.4
97842.7
97879.5
97905.4
97915.2
97918.3
97910.7
97909.6
97907
97909.1
97944.9
97094
97114
97151
97183
97225.9
97269.3
97319.7
97372
97428.6
97487.4
97547.8
97609.3
97669.1
97728.9
97783.4
97833
97870.5
97897.5
97908.7
97913.2
97907
97907.3
97905.5
97908.5
97944.8
97092.4
97113.4
97151.8
97184.4
97227.5
97270.7
97320.6
97372
97427.6
97485.1
97544
97604
97662.7
97721.6
97775.5
97825
97862.9
97890.6
97903.1
97908.8
97903.8
97905.4
97904.3
97908.1
97944.8
97101.5
97123.2
97162.4
97195.1
97237.9
97280.2
97328.8
97378.7
97432.6
97488
97544.8
97602.8
97659.7
97717.2
97770.1
97819
97856.9
97885
97898.5
97905.2
97901.3
97904
97903.4
97908
97944.9
97120.9
97143.1
97182.5
97214.8
97256.6
97297.4
97344.1
97391.7
97443.2
97495.9
97550
97605.4
97660.1
97715.6
97767
97815
97852.5
97880.7
97894.8
97902.4
97899.4
97903
97902.9
97908.1
97945.1
97150.8
97173.1
97212.1
97243.4
97283.7
97322.5
97366.5
97411.3
97459.4
97508.9
97559.5
97611.8
97663.7
97716.6
97766
97812.6
97849.4
97877.4
97892
97900.2
97898
97902.4
97902.6
97908.4
97945.4
97190.8
97213
97251
97280.9
97319.1
97355.3
97395.9
97437.2
97481.3
97526.7
97573.3
97621.9
97670.4
97720.2
97767.2
97811.9
97847.7
97875.2
97890
97898.6
97897.1
97902.1
97902.6
97908.9
97945.8
97241.1
97262.6
97299.2
97327.3
97362.7
97395.7
97432.3
97469.3
97508.7
97549.3
97591.4
97635.6
97680.1
97726.3
97770.4
97812.9
97847.2
97874
97888.8
97897.7
97896.8
97902.3
97902.8
97909.7
97946.3
97301.6
97322
97356.5
97382.5
97414.5
97443.6
97475.5
97507.6
97541.6
97576.9
97613.8
97652.9
97692.8
97734.9
97775.7
97815.6
97848.1
97873.8
97888.4
97897.3
97896.9
97902.7
97903.4
97910.7
97946.9
97371.9
97390.7
97422.5
97446
97474.1
97498.6
97525.2
97551.7
97579.7
97609.1
97640
97673.5
97708.3
97746
97782.9
97819.8
97850.1
97874.6
97888.7
97897.6
97897.4
97903.5
97904.2
97911.8
97947.7
97457
97473.5
97501.9
97522
97545.2
97564
97584.4
97604.2
97625.2
97647.6
97671.6
97698.6
97727.5
97759.9
97792.5
97825.8
97853.6
97876.5
97889.8
97898.4
97898.5
97904.7
97905.3
97913.2
97948.5
97559.2
97572.4
97596.2
97611.8
97628.9
97641
97654.2
97666.1
97678.9
97693.1
97709.1
97728.6
97750.8
97777.1
97804.6
97833.7
97858.5
97879.4
97891.8
97900
97900.1
97906.3
97906.7
97914.8
97949.5
97671.7
97681.2
97699.7
97710
97720.5
97725.3
97730.6
97733.9
97737.9
97743.1
97750.6
97762
97776.8
97796.6
97818.6
97843.1
97864.6
97883.2
97894.5
97902
97902.2
97908.2
97908.4
97916.6
97950.6
97794.1
97799.6
97812
97816.3
97819.6
97816.8
97813.3
97807.3
97801.6
97797.4
97795.8
97798.5
97805.5
97818.2
97834.2
97853.8
97871.7
97887.8
97897.7
97904.5
97904.6
97910.3
97910.3
97918.6
97951.7
97925.7
97926.8
97932.5
97930.1
97925.6
97914.6
97901.6
97885.7
97869.8
97855.6
97844.3
97837.9
97836.5
97841.7
97851.3
97865.8
97879.7
97893.2
97901.6
97907.5
97907.3
97912.8
97912.5
97920.8
97953
98065.5
98061.6
98059.9
98050.2
98037.5
98017.6
97994.6
97968.3
97941.7
97917.1
97895.8
97879.7
97869.4
97866.7
97869.8
97878.7
97888.5
97899.1
97905.8
97910.8
97910.4
97915.4
97914.9
97923.1
97954.4
98212.1
98202.6
98193
98175.7
98154.2
98124.9
98091.5
98054.5
98016.8
97981.3
97949.4
97923.3
97903.9
97893.1
97889.2
97892.4
97897.9
97905.5
97910.5
97914.4
97913.7
97918.3
97917.5
97925.6
97955.9
98363.6
98348.4
98330.8
98305.4
98274.8
98235.5
98191.4
98143.3
98094.3
98047.5
98004.6
97968.3
97939.4
97920.3
97909.3
97906.6
97907.8
97912.3
97915.5
97918.2
97917.1
97921.3
97920.3
97928.2
97957.4
98517.9
98497
98471.1
98437.6
98397.5
98348
98293
98233.7
98173.2
98114.8
98060.8
98014
97975.6
97948
97929.8
97921.3
97918
97919.3
97920.7
97922.3
97920.7
97924.4
97923.2
97930.8
97959
98671.5
98644.9
98611.1
98569.3
98519.8
98460.2
98394.3
98323.7
98251.7
98181.7
98116.5
98059.3
98011.5
97975.4
97950.2
97935.8
97928.2
97926.5
97925.9
97926.4
97924.4
97927.5
97926.2
97933.5
97960.5
98832.1
98799.3
98757.7
98707.3
98648
98577.9
98500.7
98418.2
98334.1
98252
98175.1
98106.8
98049
98004.2
97971.5
97951.2
97939.1
97934.2
97931.6
97930.9
97928.4
97931
97929.5
97936.4
97962.3
98985.9
98947.2
98898.4
98839.9
98771.2
98691.2
98603.2
98509.4
98413.6
98319.8
98231.4
98152.5
98085.1
98031.7
97992
97966
97949.6
97941.7
97937.1
97935.3
97932.4
97934.6
97932.9
97939.4
97963.9
99112.8
99069.6
99015
98949.7
98873.3
98785.1
98688.1
98584.9
98479.3
98375.8
98278
98190
98114.7
98054.3
98008.8
97978.1
97958.3
97947.9
97941.8
97939
97935.8
97937.5
97935.8
97941.9
97965.3
99215.9
99169
99109.8
99039.2
98956.6
98861.6
98757.2
98646.3
98532.9
98421.4
98315.8
98220.5
98138.6
98072.6
98022.4
97988
97965.4
97953
97945.6
97942.1
97938.5
97940
97938.3
97943.9
97966.3
99297.6
99248.1
99185.4
99110.5
99022.9
98922.5
98812.3
98695.3
98575.5
98457.6
98345.8
98244.7
98157.7
98087.2
98033.2
97995.9
97971
97957.1
97948.6
97944.5
97940.8
97942
97940.2
97945.4
97967.1
99360.9
99309.5
99244.3
99166.1
99074.7
98970.1
98855.4
98733.5
98608.7
98485.8
98369.2
98263.6
98172.5
98098.5
98041.6
98002
97975.4
97960.3
97951
97946.4
97942.5
97943.5
97941.7
97946.7
97967.7
99408.9
99356.1
99289.1
99208.5
99114.2
99006.4
98888.2
98762.6
98634
98507.4
98387.1
98278.1
98183.9
98107.2
98048.1
98006.7
97978.7
97962.7
97952.8
97947.8
97943.7
97944.6
97942.9
97947.5
97968.1
99444.4
99390.7
99322.5
99240
99143.5
99033.3
98912.5
98784.2
98652.8
98523.4
98400.5
98289
98192.4
98113.7
98052.9
98010.1
97981.2
97964.4
97954
97948.8
97944.6
97945.4
97943.6
97948.1
97968.4
99469.7
99415.4
99346.3
99262.5
99164.4
99052.6
98929.9
98799.7
98666.3
98535
98410.1
98296.8
98198.6
98118.4
98056.3
98012.6
97982.9
97965.6
97954.9
97949.5
97945.2
97945.9
97944.1
97948.5
97968.5
99486.9
99432.3
99362.6
99277.9
99178.8
99065.8
98941.9
98810.4
98675.7
98543
98416.8
98302.2
98202.8
98121.6
98058.7
98014.2
97984
97966.3
97955.4
97949.9
97945.5
97946.2
97944.4
97948.7
97968.5
99497.7
99442.9
99372.8
99287.6
99188
99074.4
98949.8
98817.5
98681.9
98548.3
98421.3
98305.8
98205.6
98123.7
98060.2
98015.2
97984.7
97966.8
97955.7
97950.1
97945.7
97946.4
97944.5
97948.7
97968.4
99504
99449
99378.9
99293.5
99193.6
99079.7
98954.7
98822
98685.9
98551.7
98424.1
98308.1
98207.4
98124.9
98061
98015.8
97985
97967
97955.8
97950.2
97945.7
97946.3
97944.5
97948.7
97968.2
99507.3
99452.4
99382.5
99297.2
99197.3
99083.3
98958.3
98825.3
98689
98554.5
98426.5
98310.1
98209
98126.2
98061.9
98016.4
97985.4
97967.2
97956
97950.3
97945.7
97946.4
97944.5
97948.7
97968.2
)
;

boundaryField
{
    inlet
    {
        type            zeroGradient;
    }
    outlet
    {
        type            waveTransmissive;
        phi             phi;
        rho             rho;
        psi             psi;
        gamma           1.3;
        fieldInf        100000;
        lInf            0.3;
        value           uniform 100000;
    }
    upperWall
    {
        type            zeroGradient;
    }
    lowerWall
    {
        type            zeroGradient;
    }
    frontAndBack
    {
        type            empty;
    }
}


// ************************************************************************* //
