/*--------------------------------*- C++ -*----------------------------------*\
| =========                 |                                                 |
| \\      /  F ield         | OpenFOAM: The Open Source CFD Toolbox           |
|  \\    /   O peration     | Version:  dev                                   |
|   \\  /    A nd           | Web:      http://www.openfoam.org               |
|    \\/     M anipulation  |                                                 |
\*---------------------------------------------------------------------------*/
FoamFile
{
    version     2.0;
    format      ascii;
    class       volScalarField;
    object      T;
    location    "9.167";
}
// * * * * * * * * * * * * * * * * * * * * * * * * * * * * * * * * * * * * * //

dimensions      [0 0 0 1 0 0 0];

internalField   nonuniform List<scalar> 
12225
(
303.237
303.296
303.023
302.847
302.728
302.663
302.608
302.53
302.467
302.245
302.258
301.776
301.923
301.164
301.501
300.627
300.1
299.239
303.66
303.027
302.431
301.866
301.62
301.188
301.206
300.776
301.021
300.28
300.917
299.686
300.659
299.245
300.101
299.155
299.287
299.661
303.737
302.946
302.5
301.825
301.532
301.055
300.823
300.537
300.317
300.108
299.936
299.689
299.574
299.311
299.125
298.62
298.785
298.579
303.732
303.062
302.383
302.203
301.425
301.586
300.661
301.138
300.102
300.72
299.72
300.207
299.299
299.623
298.859
299.067
298.321
298.467
303.412
303.427
302.185
302.548
301.37
301.894
300.77
301.39
300.338
300.859
299.972
300.261
299.448
299.542
298.903
298.858
298.263
298.367
303.072
303.646
302.073
302.786
301.372
302.043
300.803
301.487
300.441
301.011
300.045
300.419
299.507
299.761
299.016
299.171
298.396
298.386
302.993
303.562
302.088
302.63
301.461
301.862
300.941
301.385
300.671
301.004
300.271
300.371
299.762
299.79
299.322
299.296
298.696
298.53
302.988
303.407
302.107
302.57
301.484
301.87
300.96
301.456
300.752
301.08
300.39
300.456
299.908
299.976
299.598
299.498
298.969
298.752
302.969
303.398
302.091
302.597
301.555
301.946
301.097
301.526
300.944
301.164
300.64
300.596
300.194
300.148
299.899
299.667
299.306
298.993
302.84
303.357
302.139
302.636
301.679
302.034
301.308
301.655
301.199
301.301
300.891
300.824
300.512
300.398
300.221
299.983
299.729
299.422
302.798
303.283
302.22
302.661
301.868
302.16
301.603
301.833
301.524
301.495
301.249
301.138
300.94
300.785
300.663
300.422
300.195
299.936
302.773
303.077
302.332
302.692
302.148
302.331
302.006
302.124
301.94
301.853
301.762
301.603
301.537
301.374
301.279
301.026
300.848
300.631
302.784
302.873
302.468
302.667
302.439
302.55
302.492
302.559
302.504
302.395
302.385
302.244
302.254
302.08
302.014
301.808
301.695
301.486
302.668
302.586
302.515
302.709
302.735
302.836
302.937
303.023
303.048
303.004
303.047
302.977
303.01
302.899
302.886
302.739
302.667
302.522
302.405
302.259
302.433
302.71
302.885
303.062
303.256
303.41
303.538
303.591
303.662
303.673
303.726
303.699
303.687
303.597
303.598
303.522
302.011
301.801
302.144
302.539
302.845
303.112
303.357
303.581
303.788
303.929
304.048
304.132
304.205
304.24
304.282
304.294
304.301
304.269
301.429
301.108
301.51
301.947
302.363
302.72
303.033
303.342
303.576
303.798
303.979
304.121
304.259
304.35
304.462
304.529
304.597
304.653
300.702
300.116
300.46
300.848
301.323
301.683
301.988
302.38
302.559
302.842
303.052
303.185
303.434
303.515
303.69
303.79
303.899
304.024
299.943
299.051
299.258
299.485
299.957
300.187
300.372
300.814
300.86
301.174
301.404
301.518
301.862
301.886
302.172
302.258
302.37
302.538
299.238
298.067
298.005
298.089
298.521
298.596
298.727
299.125
299.086
299.414
299.569
299.689
300.009
300.025
300.321
300.367
300.545
300.679
298.676
297.115
296.87
296.88
297.094
297.119
297.235
297.44
297.456
297.663
297.764
297.96
298.116
298.284
298.477
298.595
298.759
298.848
298.25
296.187
295.973
295.968
295.83
295.875
295.966
295.94
296.113
296.152
296.24
296.465
296.44
296.781
296.759
297.016
297.105
297.2
297.901
295.573
295.256
295.137
294.913
294.865
294.899
294.758
294.908
294.918
294.957
295.188
295.141
295.439
295.414
295.661
295.694
295.846
297.577
295.215
294.722
294.368
294.207
293.993
293.976
293.94
293.966
294.006
294.015
294.119
294.154
294.31
294.376
294.567
294.633
294.817
297.333
294.818
294.265
293.939
293.692
293.426
293.339
293.248
293.243
293.276
293.3
293.377
293.441
293.55
293.643
293.789
293.886
294.05
297.145
294.551
293.967
293.576
293.246
293.046
292.922
292.839
292.833
292.819
292.841
292.885
292.922
293.016
293.077
293.201
293.294
293.426
297.14
294.403
293.777
293.356
293.018
292.77
292.598
292.503
292.446
292.445
292.452
292.502
292.552
292.62
292.69
292.766
292.846
292.926
297.008
294.264
293.63
293.205
292.848
292.581
292.378
292.249
292.164
292.138
292.133
292.171
292.203
292.258
292.296
292.351
292.391
292.448
297.017
294.179
293.521
293.079
292.721
292.463
292.289
292.191
292.146
292.145
292.167
292.219
292.261
292.335
292.385
292.48
292.532
292.654
297.679
295.286
294.846
294.542
294.323
294.206
294.17
294.189
294.25
294.334
294.432
294.539
294.649
294.769
294.885
295.013
295.137
295.276
281.355
279.988
281.395
280.723
281.714
281.874
282.467
282.978
283.493
284.004
284.353
284.697
285.061
285.258
285.434
285.588
285.688
285.849
286.309
286.542
286.572
286.67
286.733
286.834
287.073
287.261
287.219
287.593
287.514
287.53
287.448
287.203
288.872
290.849
291.1
290.292
289.558
289.066
289.041
289.044
288.675
288.843
288.912
287.25
286.33
288.118
289.06
288.108
287.341
288.918
291.908
293.842
294.671
296.898
299.646
300.316
299.832
299.421
299.191
299.068
299.001
298.959
298.926
298.89
298.845
298.789
298.726
298.662
298.599
298.538
298.475
298.397
298.299
298.179
298.04
297.889
297.729
297.533
297.283
297.014
296.764
296.556
296.432
296.099
295.633
295.387
295.145
294.663
294.309
294.005
293.589
293.214
292.862
292.505
292.168
291.815
291.432
291.054
290.625
290.115
289.574
288.981
288.298
287.609
286.899
286.132
285.333
284.525
283.613
282.779
282.066
281.333
280.653
279.823
279.033
278.109
277.424
277.044
276.832
276.931
276.989
277.462
278.664
280.155
281.168
281.752
282.072
281.88
281.664
281.966
282.148
281.815
281.43
281.247
281.169
281.109
281.281
282.141
283.165
284.509
286.095
287.069
286.337
286.045
286.112
285.333
284.87
284.909
285.109
283.281
280.305
279.668
279.324
278.433
275.943
275.193
273.434
271.971
270.706
269.26
268.477
268.698
265.737
264.778
265.488
265.225
263.865
261.634
260.257
258.43
257.349
257.337
252.962
254.87
256.738
257.9
255.454
248.648
246.517
262.907
283.229
276.909
277.474
278.765
279.537
280.372
281.766
283.348
284.528
286.155
287.006
287.096
288.246
288.62
288.722
289.019
288.893
288.543
289.252
289.704
289.107
290.282
289.234
289.352
289.938
288.428
290.174
289.411
288.497
290.055
288.721
287.826
288.479
287.678
286.192
287.189
289.039
285.663
282.004
280.901
279.676
279.387
281.32
280.782
277.099
276.055
281.462
283.212
277.156
279.063
289.992
296.692
298.045
298.333
298.309
298.012
297.818
297.75
297.763
297.828
297.938
298.058
298.171
298.26
298.316
298.35
298.374
298.423
298.488
298.58
298.656
298.683
298.642
298.552
298.431
298.325
298.271
298.153
297.858
297.552
297.275
296.956
297.236
296.666
295.728
295.491
295.359
294.27
293.345
293.106
292.084
291.069
290.315
289.566
288.722
288.165
287.539
286.976
286.653
286.243
285.705
285.183
284.338
282.95
281.442
279.805
278.014
276.408
274.757
272.754
270.748
268.764
267.371
266.087
265.58
265.079
264.577
264.975
265.732
266.656
267.396
267.534
268.026
271.691
276.078
278.713
281.338
281.671
279.933
281.007
283.758
284.484
282.038
276.234
270.446
266.55
263.728
263.891
267.149
271.898
279.187
283.022
279.822
280.601
281.338
277.086
278.716
283.046
284.321
277.669
271.357
269.237
271.57
277.012
271.772
263.08
264.077
260.561
256.431
263.077
265.425
256.819
249.084
243.233
243.747
245.018
244.487
242.299
239.562
232.497
230.055
230.843
224.801
225.642
224.107
234.622
235.247
234.844
214.462
238.829
286.449
279.375
276.254
274.953
275.913
278.665
281.822
285.288
286.826
288.256
290.678
289.525
290.393
290.836
290.492
290.892
289.723
290.837
290.752
289.839
290.411
289.776
290.356
290.425
290.006
290.729
290.501
290.315
291.462
290.182
289.203
292.479
289.821
289.783
290.032
288.112
287.496
285.316
284.959
286.69
286.666
282.32
281.999
284.935
286.086
285.677
287.826
291.181
293.797
295.938
297.804
297.984
297.678
297.527
297.49
297.564
297.76
298.014
298.344
298.76
299.239
299.738
300.168
300.507
300.727
300.881
300.967
301.063
301.18
301.32
301.467
301.583
301.624
301.628
301.568
301.501
301.529
301.602
301.611
301.738
301.579
300.99
301.453
301.175
300.929
300.557
300.528
300.07
298.972
298.972
298.143
296.723
295.772
294.995
293.246
292.081
291.135
289.87
288.648
287.719
286.998
286.606
286.805
286.006
284.818
283.134
281.935
279.816
277.896
275.677
272.792
269.878
267.438
265.245
262.507
260.452
259.288
260.122
263.222
267.777
272.783
275.689
274.63
274.623
277.755
282.07
287.69
290.582
289.576
293.171
299.567
303.62
304.73
298.084
286.878
275.442
264.597
259.942
261.667
269.803
280.702
280.631
277.942
280.243
277.057
275.094
284.609
289.653
287.005
276.54
276.301
269.55
278.026
289.299
283.313
264.279
275.959
268.361
258.733
290.028
299.723
268.824
255.971
246.027
235.969
235.876
237.165
237.456
233.784
223.473
226.649
225.346
216.874
216.244
208.204
222.128
223.773
236.477
206.712
224.065
288.107
281.849
277.645
277.915
281.465
285.482
288.303
290.093
291.937
291.158
292.271
290.663
291.292
292.216
289.988
290.605
289.652
289.57
289.037
287.714
289.151
287.956
288.217
289.203
287.724
289.294
289.675
288.425
290.95
291.525
291.224
289.609
288.929
290.286
288.317
291.136
288.829
288.517
286.008
286.42
288.046
285.068
285.383
292.239
295.083
295.062
295.535
296.28
296.679
296.775
296.869
296.949
297.207
297.624
298.157
298.686
299.197
299.659
300.145
300.653
301.144
301.526
301.782
301.951
302.053
302.112
302.203
302.229
302.263
302.293
302.273
302.26
302.292
302.358
302.425
302.477
302.441
302.279
302.219
302.473
302.532
302.201
302.2
301.626
302.317
301.617
301.466
301.404
300.925
300.739
300.664
300.09
299.186
299.359
298.433
297.102
295.916
295.278
294.706
293.505
291.604
288.815
288.909
288.967
288.385
285.976
284.714
283.363
282.127
280.624
278.766
276.971
273.711
270.437
268.35
267.933
265.99
263.495
262.133
262.589
266.333
272.211
277.204
281.582
282.245
281.282
282.322
285.018
285.622
289.647
297.89
303.438
307.661
306.583
300.128
286.95
273.024
264.631
263.046
272.476
281.26
278.775
278.744
276.84
271.712
272.098
277.974
280.75
284.387
278.377
281.473
272.667
278.564
285.048
287.075
268.42
284.995
274.817
265.367
304.579
303.277
278.403
269.193
274.375
244.792
233.762
234.195
236.392
228.816
218.886
234.963
235.139
219.74
214.964
198.449
210.949
215.903
244.613
207.009
212.592
289.668
285.623
283.98
286.348
289.12
290.539
292.053
290.953
290.935
290.59
289.731
289.712
290.508
290.956
288.669
289.009
286.616
285.887
287.507
285.211
286.097
286.641
285.322
286.799
286.479
286.239
288.467
288.66
287.734
287.267
288.956
294.009
298.342
294.314
293.825
290.866
291.407
288.399
289.226
290.486
280.213
286.165
295.411
296.636
296.553
296.17
296.042
296.282
296.528
297.035
297.66
298.442
299.227
300.047
300.836
301.529
302.003
302.347
302.561
302.663
302.557
302.324
302.013
301.683
301.474
301.305
301.252
301.302
301.333
301.395
301.468
301.557
301.73
301.943
302.214
302.519
302.882
303.024
303.48
303.611
303.71
304.292
304.411
303.847
304.782
304.311
304.253
303.865
303.183
302.744
301.776
301.79
300.931
300.413
300.211
300.504
299.547
298.244
297.358
298.008
298.29
294.939
292.832
292.537
293.016
291.044
289.154
287.257
286.013
285.427
283.517
282.575
281.133
278.478
274.023
274.022
275.624
275.167
274.165
273.875
273.072
273.343
271.881
274.616
279.127
280.664
281.772
283.635
284.349
283.671
291.442
299.761
307.44
309.647
305.354
291.491
276.224
267.611
265.358
273.649
283.028
279.61
283.523
281.24
275.253
278.588
276.249
273.405
281.002
284.129
284.347
279.856
272.617
283.242
286.323
270.084
286.808
280.131
267.787
281.804
277.945
273.084
276.98
307.186
272.233
239.971
233.536
242.129
230.796
218.329
239.016
243.951
224.932
216.872
193.833
203.426
210.253
241.78
241.603
198.145
291.125
289.271
289.683
291.064
291.786
291.467
290.919
290.819
289.996
290.515
290.148
291.695
293.434
291.313
286.839
285.102
285.243
286.268
286.208
283.195
285.028
286.221
284.872
287.895
288.539
286.278
285.649
286.513
289.625
290.296
288.087
286.937
286.157
290.025
292.645
291.419
294.186
288.75
291.361
285.151
284.411
293.985
297.337
296.679
296.496
296.322
296.722
297.255
297.937
298.694
299.247
299.897
300.551
301.251
301.735
301.926
301.735
301.383
300.9
300.276
299.637
299.036
298.597
298.252
298.01
297.961
297.895
297.928
297.971
298.061
298.199
298.405
298.672
298.991
299.404
299.549
299.875
300.188
300.913
300.978
301.565
302.279
303.074
303.397
304.07
304.938
305.459
305.755
305.257
305.552
304.722
303.543
302.679
302.386
301.148
301.209
300.912
301.998
299.803
298.994
299.869
300.077
298.439
296.694
297.068
295.534
294.145
292.154
289.942
289.432
288.796
288.398
287.623
288.158
283.164
279.519
281.814
282.918
281.135
282.305
283.724
287.506
284.946
280.006
280.799
280.593
285.217
288.313
291.208
286.925
286.244
292.533
302.262
312.885
312.107
299.295
279.682
269.811
268.339
273.994
283.338
281.923
283.312
289.132
284.269
283.159
282.257
283.412
286.489
282.895
280.512
285.87
268.012
281.83
281.987
268.032
284.224
287.335
278.598
265.038
275.435
269.236
274.228
298.066
303.25
254.98
234.105
251.391
242.65
221.681
235.833
246.137
228.057
218.967
192.631
198.918
205.864
239.031
261.854
202.182
292.203
291.644
292.274
292.149
291.749
292.085
291.182
290.84
291.086
291.556
293.277
293.96
292.896
286.98
282.145
284.111
287.7
286.141
282.25
281.207
283.544
285.565
286.914
288.7
288.643
288.781
286.789
284.147
286.203
288.371
288.902
289.526
292.3
295.473
292.905
294.818
291.541
289.487
289.409
282.732
288.855
296.859
296.361
296.093
296.273
296.813
297.661
298.373
298.999
299.421
299.875
300.545
301.292
301.834
301.885
301.343
300.557
299.687
298.852
298.115
297.642
297.357
297.24
297.34
297.4
297.562
297.749
297.926
298.085
298.309
298.466
298.676
298.887
298.92
299.31
299.521
299.683
300.09
300.317
299.864
300.298
300.516
300.617
302.353
302.289
303.663
304.258
305.361
305.769
305.946
306.833
306.912
304.6
303.52
301.648
302.86
300.969
302.796
302.18
302.215
300.816
301.384
301.244
299.364
299.977
299.191
298.316
298.118
296.57
294.131
293.341
293.407
291.447
294.144
293.548
289.161
289.174
290.602
287.474
284.863
284.838
288.094
293.354
291.05
291.377
285.43
284.063
287.912
293.284
295.563
289.588
288.899
291.858
305.728
312.825
305.165
284.348
272.983
269.462
275.67
282.35
283.373
281.215
290.282
288.496
285.491
286.187
283.037
282.189
281.376
274.833
280.036
272.293
275.36
280.417
268.711
272.989
284.043
290.729
265.14
278.828
279.392
266.642
266.096
307.57
268.985
235.604
257.235
263.909
229.659
231.839
245.454
231.054
221.291
192.43
198.741
202.014
237.248
238.21
240.388
292.979
293.018
292.784
292.281
292.311
291.83
291.592
291.011
292.514
294.027
294.871
293.36
289.666
285.71
284.998
288.224
287.877
282.082
277.249
277.644
280.196
283.35
288.401
292.946
292.987
289.54
284.576
282.446
284.766
288.641
291.764
292.394
292.447
291.373
292.073
293.945
289.818
291.837
286.226
284.146
293.607
297.058
295.392
296.498
297.069
298.273
298.994
299.502
299.785
300.075
300.717
301.456
301.966
301.746
300.816
299.48
298.287
297.358
296.9
296.831
297.054
297.487
297.894
298.294
298.591
298.783
298.858
298.929
298.933
298.941
298.917
298.897
299.1
299.03
299.059
299.579
299.903
300.524
301.181
301.027
300.066
300.695
298.555
300.578
300.321
302.257
302.311
303.643
304.672
304.961
305.674
308.112
307.358
306.85
303.418
302.758
300.597
301.952
301.382
303.085
302.137
302.999
304.261
302.942
302.119
301.474
300.145
300.23
301.855
298.855
297.258
298.667
295.483
296.294
299.398
297.674
296.056
296.881
297.673
292.773
291.297
288.384
292.561
294.004
298.353
298.374
290.559
288.572
290.53
298.239
296.599
288.813
286.95
297.861
312.375
311.009
289.527
276.58
270.222
276.45
281.869
283.891
280.826
285.668
289.663
286.593
288.213
291.399
284.515
286.169
280.34
282.594
283.824
272.093
283.183
277.893
265.633
278.625
292.556
268.821
275.841
289.022
262.667
255.575
296.379
277.193
238.007
251.75
284.711
242.651
231.14
244.776
234.924
223.209
192.57
201.777
199.535
238.749
236.778
239.96
293.538
293.653
292.926
292.364
292.587
292.067
291.868
292.948
294.359
295.508
294.599
292.982
292.316
290.715
287.592
285.083
281.909
278.647
276.698
277.676
281.186
285.38
289.918
292.902
292.023
288.833
285.724
284.022
283.827
285.337
286.175
285.656
286.3
288.864
293.143
293.369
292.763
290.697
283.565
288.041
296.823
296.561
296.335
298.24
298.816
299.89
299.806
299.931
299.92
300.455
301.215
301.687
301.52
300.373
298.884
297.591
296.923
296.934
297.502
298.323
299.029
299.579
299.951
300.121
300.134
300.137
300.071
299.91
299.635
299.439
299.154
298.735
298.471
298.66
298.225
298.555
299.186
299.513
300.936
302.483
302.165
303.158
300.679
300.758
298.977
301.022
300.813
302.098
303.151
303.499
302.841
304.786
307.24
306.896
306.631
305.216
302.709
301.923
301.442
303.08
302.812
301.851
303.056
303.911
304.302
303.969
302.52
300.246
303.926
303.635
300.883
303.418
300.095
298.567
301.876
302.558
301.587
299.36
302.713
298.139
299.182
299.007
300.249
299.053
299.462
306.12
304.658
297.731
292.538
294.23
301.721
295.581
287.424
291.828
307.715
314.399
296.451
280.716
272.019
276.26
282.049
283.573
282.382
280.909
286.891
283.681
289.321
297.747
290.596
293.273
285.776
291.776
303.572
276.209
283.506
290.958
266.369
275.659
286.805
268.738
279.918
287.828
259.308
261.266
292.536
285.101
243.8
242.092
292.577
256.357
232.942
244.63
239.283
225.233
193.098
206.439
197.573
245.634
249.637
225.474
293.999
294.008
293.118
292.547
292.534
292.445
292.541
293.675
295.284
295.838
296.157
296.043
294.321
290.295
288.304
289.096
289.051
287.68
285.435
282.503
281.313
283.526
288.931
294.794
296.981
295.537
292.761
290.061
288.098
287.664
287.056
287.297
289.847
293.602
295.966
294.94
292.906
286.168
283.959
292.795
298.051
296.308
298.033
299.554
299.713
300.035
299.423
299.543
299.811
300.797
301.562
301.639
300.799
299.288
297.972
297.197
297.281
297.939
298.673
299.306
299.724
299.952
299.992
299.978
299.922
299.797
299.612
299.611
299.216
298.949
298.527
298.184
297.374
297.668
297.49
297.543
297.862
297.587
297.895
299.133
301.367
302.61
302.914
303.146
301.57
301.001
301.447
301.811
302.961
303.472
303.492
302.286
304.744
304.087
305.328
305.45
305.055
302.932
300.749
301.394
303.437
302.746
303.881
303.836
304.499
304.894
305.294
302.005
302.54
304.31
302.369
305.749
303.536
301.65
304.022
304.45
305.202
301.684
304.938
300.564
299.98
303.769
308.589
310.042
304.11
305.147
311.336
309.558
301.488
296.443
303.233
305.156
292.327
288.707
302.212
314.268
302.704
285.192
274.539
275.927
281.138
283.648
284.821
280.881
284.448
277.659
281.075
292.832
293.361
300.888
293.944
292.766
316.473
286.422
285.738
300.827
271.344
277.327
280.705
268.398
287.029
281.09
257.901
271.283
290.636
291.983
249.789
236.666
290.051
265.979
235.472
245.702
243.926
226.745
193.914
210.62
199.16
246.326
230.86
227.478
294.44
294.328
293.274
292.656
292.594
292.269
293.388
294.67
296.534
297.356
297.177
297.508
298.087
297.833
298.22
298.215
296.379
293.788
291.464
287.598
282.87
280.022
281.089
285.827
290.497
293.919
295.242
295.121
294.52
294.045
293.689
294.64
296.285
297.187
296.463
293.493
287.835
283.058
287.692
296.943
298.177
297.193
299.794
300.149
299.982
299.51
298.946
299.428
300.261
301.43
301.921
301.453
300.1
298.441
297.38
297.038
297.548
298.347
299.174
299.961
300.49
300.781
300.824
300.686
300.5
300.397
299.883
299.994
299.659
299.673
299.495
299.497
298.882
298.855
299.046
299.369
300.054
299.965
299.902
298.739
299.37
299.132
301.133
300.77
302.831
301.218
301.942
300.861
301.628
302.643
303.476
303.817
304.826
304.089
303.729
303.603
303.686
304.797
302.732
301.431
302.746
301.642
303.38
303.193
304.518
304.608
304.636
304.935
304.442
304.025
303.079
305.668
304.327
303.466
305.923
305.231
306.996
304.08
307.179
305.186
301.631
300.924
304.132
310.808
308.111
303.331
307.764
312.293
308.561
301.399
304.186
311.848
301.624
289.935
299.708
313.524
310.832
291.695
277.669
276.721
279.958
282.242
285.559
284.584
283.924
276.494
276.762
287.212
287.979
294.356
296.932
293.175
314.249
297.239
292.411
306.366
276.358
283.272
278.125
271.27
291.006
272.476
263.594
284.137
288.111
290.402
251.123
237.256
281.604
273.536
239.848
248.383
248.903
228.331
195.611
213.806
205.046
251.409
227.783
220.741
294.837
294.482
293.473
292.951
292.7
292.719
294.33
296.336
297.206
297.882
299.609
301.105
300.002
297.407
296.27
296.637
296.482
295.832
295.18
292.939
289.281
285.513
283.14
283.324
285.321
288.48
291.399
293.637
294.964
295.954
296.649
297.191
297.116
295.866
292.931
287.959
283.124
284.244
292.88
299.04
297.788
298.486
300.574
299.805
299.406
298.781
298.895
299.772
300.932
301.792
301.758
300.79
299.248
297.788
297.114
297.35
298.272
299.397
300.442
301.128
301.242
300.848
300.252
299.692
299.098
299.134
298.226
298.003
297.645
297.547
297.652
297.787
297.947
297.599
298.024
297.827
299.11
299.605
301.023
301.481
302.277
300.979
301.511
300.743
301.425
300.936
301.765
302.355
300.718
301.302
300.889
301.494
303.154
303.643
303.759
305.196
302.581
302.739
301.835
301.494
301.888
301.58
304.08
302.511
303.93
305.295
303.225
304.444
306.111
305
304.121
305.237
304.275
303.254
304.301
304.413
307.337
305.62
307.133
306.964
306.08
302.294
300.868
305.266
308.061
303.682
303.799
309.106
311.481
303.984
302.82
310.075
309.709
292.32
297.64
309.102
315.552
298.6
281.94
278.009
279.778
280.765
284.322
283.3
284.983
284.648
277.886
289.264
291.083
293.995
297.257
290.405
304.677
299.171
295.728
307.921
279.829
288.593
278.352
276.15
293.321
265.885
275.999
294.071
283.348
276.565
249.175
245.073
272.24
280.321
245.014
251.798
253.323
229.949
197.271
216.665
216.436
250.872
229.196
215.742
295.211
294.606
293.676
293.296
292.885
294.071
296.258
297.358
297.984
297.606
297.143
296.154
296.407
297.54
297.637
297.047
295.883
295.072
294.85
294.129
292.742
290.689
288.188
286.111
285.207
285.497
286.868
288.901
290.609
292.292
293.217
292.804
291.543
289.604
286.243
282.51
282.676
289.027
297.294
299.251
297.793
299.682
300.476
299.307
298.991
298.665
299.39
300.487
301.437
301.834
301.426
300.064
298.462
297.415
297.251
297.954
298.976
300.161
301.032
300.982
300.248
299.31
298.754
299.004
298.727
299.397
298.858
298.694
298.373
297.894
298.453
297.772
298.363
298.449
298.744
298.646
298.865
298.698
298.606
298.871
298.871
300.619
299.763
301.135
300.777
301.268
300.173
301.388
301.532
302.441
303.265
300.835
301.553
302.334
301.315
303.754
304.704
303.71
301.743
302.745
301.551
300.004
302.813
301.998
302.088
304.68
303.393
303.07
303.549
304.988
304.819
305.04
305.565
303.726
300.341
302.691
307.224
306.679
305.956
303.346
304.907
305.209
303.348
302.814
305.668
305.349
301.37
303.853
311.992
306.32
303.026
304.946
314.019
297.083
295.264
304.581
317.045
306.465
287.769
279.934
280.684
280.61
284.555
280.819
281.681
291.951
284.905
296.053
294.868
291.965
298.9
296.347
305.615
299.91
296.338
306.264
282.792
292.878
278.852
281.289
294.014
264.289
289.131
295.87
272.855
259.99
251.675
257.665
266.251
280.146
246.031
254.566
257.416
230.596
199.067
220.226
225.542
252.963
227.235
217.389
295.563
294.677
293.816
293.775
293.62
294.853
296.588
296.839
296.564
295.994
296.161
295.254
294.325
294.175
294.62
295.187
295.623
295.631
294.711
293.667
292.723
291.539
289.871
287.794
286.068
284.991
284.724
285.125
285.66
286.067
286.251
285.488
283.865
281.866
280.44
281.398
286.568
294.285
299.256
298.819
298.657
300.612
300.121
299.089
298.996
299.136
300.22
301.19
301.818
301.615
300.553
299.049
297.958
297.497
297.554
298.43
299.666
300.647
300.854
300.43
299.952
299.497
298.978
299.911
299.977
300.78
299.801
298.812
299.08
297.765
298.886
298.504
298.718
299.611
299.309
300.133
300.081
301.154
300.946
302.001
300.191
300.64
300.093
299.9
299.876
300.321
299.665
300.188
299.567
297.544
301.063
301.167
301.227
302.899
301.257
300.45
302.795
303.534
301.191
301.98
302.822
300.26
301.129
301.719
300.803
302.576
303.751
303.244
299.892
303.122
304.336
303.366
305.361
303.948
297.44
300.742
305.796
306.984
306.253
300.514
300.201
304.021
308.214
302.044
302.671
304.588
301.716
299.967
308.959
307.246
302.681
300.633
312.591
303.227
295.914
299.264
313.664
314.813
294.524
284.007
281.367
280.801
285.748
282.06
278.553
290.758
289.287
298.604
298.727
289.434
294.554
296.194
305.941
298.074
293.687
302.557
283.038
295.936
279.76
285.742
293.798
267.282
298.094
292.75
260.326
254.528
261.593
267.425
263.235
266.509
240.996
257.168
261.313
231.071
201.849
224.033
226.725
253.29
225.991
218.018
295.882
294.71
293.955
293.865
293.197
294.371
296.569
297.018
296.726
295.48
294.967
295.771
297.577
298.658
298.221
297.107
296.747
296.177
295.639
295.038
293.772
292.2
290.818
289.141
287.225
285.271
283.788
282.826
282.209
281.559
280.988
280.823
280.798
280.768
282.035
286.208
292.283
297.584
299.356
298.697
299.706
300.786
299.713
299.163
299.374
300.007
301.08
301.682
301.678
300.96
299.752
298.848
297.862
297.379
297.843
298.784
299.741
300.537
300.859
300.555
299.99
299.828
298.7
299.166
298.824
299.318
299.456
297.244
297.338
296.034
296.829
297.258
297.313
298.675
297.944
299.029
298.382
298.197
298.859
298.561
300.504
299.861
300.326
300.173
299.425
300.295
299.89
299.88
301.83
299.652
300.144
299.344
298.13
301.149
301.046
300.02
301.614
302.686
301.803
301.208
302.612
301.828
299.888
300.107
300.662
300.183
303.051
303.413
297.265
301.184
303.456
301.677
304.054
302.753
297.333
301.251
301.912
303.804
305.273
299.979
297.662
301.316
311.28
301.388
300.033
301.632
302.965
300.416
303.24
307.683
302.099
298.117
308.149
304.988
300.312
295.931
306.502
319.947
301.191
290.017
283.354
281.199
285.677
285.237
279.487
287.612
289.35
298.388
302.209
289.127
292.075
290.719
304.868
298.404
293.773
302.877
284.5
298.248
280.272
289.385
293.836
272.785
303.192
287.611
254.214
261.229
271.28
271.558
267.384
247.669
235.344
261.225
265.54
231.781
204.173
227.603
223.857
255.834
226.816
219.128
296.173
294.714
293.855
293.226
292.317
293.967
296.7
297.894
299.124
298.507
298.958
299.044
298.393
296.789
295.8
296.172
297.564
297.836
296.833
295.717
295.037
293.804
292.436
291.091
289.61
287.825
285.979
284.306
283.164
282.484
282.017
282.162
283.351
285.488
288.66
293.037
297.165
299.542
299.794
299.711
300.798
300.758
299.573
299.389
299.795
300.591
301.425
301.644
301.366
300.431
299.252
298.311
297.58
297.719
298.265
298.987
299.943
300.556
300.784
300.712
300.176
300.428
298.54
297.984
298.888
299.213
299.942
298.72
298.618
298.183
298.113
298.798
297.981
298.618
298.045
298.118
300.018
298.722
300.559
298.148
298.469
298.674
298.441
299.69
298.735
298.839
298.53
297.684
298.871
298.053
299.575
301.099
298.714
300.228
299.82
298.291
299.783
300.204
299.94
300.631
300.129
302.047
300.65
298.457
300.733
299.097
301.791
301.845
295.726
300.323
302.003
300.286
301.652
298.859
297.339
302.838
297.454
298.522
301.657
300.973
296.16
302.075
306.278
300.372
296.368
297.926
301.527
303.16
297.816
304.902
302.649
296.825
303.585
304.82
305.624
296.337
300.43
319.85
308.209
296.548
287.264
283.163
284.325
288.36
282.236
288.392
289.801
296.325
305.487
294.336
295.35
287.997
303.315
299.875
294.011
301.998
287.033
301.31
281.56
292.698
293.79
278.403
306.297
281.845
259.098
271.947
276.787
275.563
280.276
236.458
235.343
268.36
271.374
232.871
206.231
230.033
223.27
259.167
228.376
220.683
296.396
294.634
293.631
292.871
293.004
294.192
295.222
296.808
298.861
297.305
296.926
296.416
296.816
297.564
297.908
296.98
296.803
297.671
297.836
297.278
297.15
296.166
294.751
293.721
292.398
291.317
290.512
289.267
288.279
287.804
287.831
288.527
289.481
291.097
293.749
296.602
298.728
299.981
300.216
300.719
301.37
300.8
300.027
300.077
300.596
301.162
301.615
301.472
300.791
299.752
299.233
298.34
298.015
298.234
298.343
299.101
300.196
300.433
300.432
300.94
300.297
300.261
299.176
297.676
298.161
299.204
299.657
298.926
298.058
297.868
297.771
297.338
296.819
295.357
295.242
294.163
295.501
295.501
297.814
298.13
299.06
298.267
297.529
298.929
298.115
299.09
299.264
298.692
299.477
298.734
296.856
298.171
296.865
298.624
299.627
298.596
299.101
298.895
298.146
299.31
297.785
300.264
300.415
297.321
298.71
298.381
300.807
298.206
295.565
299.234
299.018
299.239
298.558
295.568
298.652
302.054
294.186
295.094
297.992
300.741
295.152
302.678
298.264
298.493
293.572
296.357
298.052
302.838
296.99
301.319
302.71
296.195
296.295
301.504
306.033
297.357
295.716
313.646
314.829
304.611
292.532
287.212
282.868
288.948
283.872
291.229
292.749
292.769
302.528
297.81
300.563
290.047
304.476
303.027
295.909
300.423
287.616
302.253
282.91
295.938
294.184
283.672
307.894
277.577
274.083
281.133
281.895
282.746
293.891
241.884
246.759
278.639
278.125
235.565
208.956
229.204
229.227
261.893
229.678
220.973
296.555
294.576
293.895
293.407
293.439
293.384
294.185
295.116
297.133
297.954
298.262
297.567
297.815
297.568
297.689
297.862
297.717
297.568
297.427
297.36
297.531
297.804
297.403
296.982
296.136
294.922
293.911
293.548
293.288
293.299
293.307
294.153
295.323
296.577
297.875
299.176
299.841
300.13
300.223
300.51
300.583
299.839
299.416
299.698
300.459
300.984
301.299
301.166
300.334
299.554
298.719
298.112
298.273
298.382
298.975
299.402
299.743
300.457
300.24
300.041
300.256
300.511
299.273
297.978
297.26
297.628
298.584
298.552
299.152
298.094
298.393
297.309
296.752
295.744
295.431
295.948
297.236
297.279
298.621
298.033
299.002
299.914
298.829
299.207
297.475
297.987
297.876
296.786
297.654
298.429
297.905
299.005
296.875
296.482
297.071
297.098
297.079
297.631
297.818
296.444
295.964
298.038
297.266
296.851
296.43
296.948
299.148
294.609
295.258
296.737
296.092
296.365
294.342
294.804
297.433
295.472
292.514
294.131
295.48
297.324
296.358
299.444
294.27
296.146
293.493
298.164
296.882
299.132
297.748
298.194
298.228
293.536
288.573
294.352
299.427
295.352
291.795
303.666
315.909
312.873
299.496
293.387
283.887
288.271
284.711
291.87
295.009
290.656
296.648
294.602
302.086
292.359
304.585
304.476
297.128
299.687
289.277
303.22
284.2
298.377
294.225
287.751
308.099
276.076
289.896
287.369
288.035
290.174
296.903
259.953
266.297
289.491
283.144
238.166
210.967
224.303
242.601
263.657
231.074
220.669
296.647
294.691
294.1
293.192
292.941
292.386
293.094
293.977
295.881
297.567
298.194
297.988
297.965
298.051
297.316
296.804
297.385
298.49
298.403
297.953
297.747
297.981
297.973
297.682
297.867
297.698
297.207
296.537
296.289
296.344
296.549
296.929
297.594
298.732
299.657
300.372
301.059
301.301
301.402
301.394
301.2
300.454
299.911
299.991
300.276
300.504
300.664
300.257
299.736
299.3
298.52
298.049
298.054
298.042
298.639
299.083
299.403
299.833
299.759
299.559
298.958
299.448
299.008
298.099
297.602
297.348
298.084
297.987
298.707
298.713
299.134
298.465
297.83
296.391
295.105
294.169
294.915
296.068
297.65
298.279
297.986
298.347
298.054
299.695
298.423
298.621
298.933
297.858
298.103
296.891
295.767
296.776
296.335
296.234
296.673
296.61
295.565
296.608
297.738
294.33
295.517
297.239
294.728
295.401
295.092
295.184
296.191
293.371
294.235
294.834
294.7
292.605
292.574
296.296
294.228
289.799
292.231
293.812
293.641
294.852
297.426
293.939
292.693
293.679
295.12
300.511
296.307
295.615
295.127
291.9
291.287
291.088
284.433
286.268
291.095
290.642
288.445
294.019
309.872
318.144
306.378
300.833
288.219
288.297
286.019
291.453
295.434
289.952
293.504
290.425
300.755
292.448
303.604
303.852
296.95
297.527
289.503
303.32
285.724
300.79
294.755
291.586
307.441
277.707
300.07
290.867
294.073
293.111
291.581
278.428
281.876
296.474
284.609
238.001
213.777
223.731
258.199
263.434
231.693
220.585
296.305
294.225
294.51
294.335
294.201
293.261
293.096
292.72
293.572
295.55
297.523
298.339
297.815
298.021
298.553
298.142
297.147
297.214
298.589
298.381
297.953
297.933
298.523
298.554
298.484
298.361
298.419
298.313
298.257
298.124
298.396
298.698
298.896
299.411
300.211
300.665
301.058
301.574
301.806
301.81
301.428
300.658
300.272
300.493
300.672
300.94
301.001
300.611
299.903
299.429
298.862
298.143
298.352
298.023
298.31
298.816
298.803
299.375
299.578
299.234
298.258
298.558
298.594
298.354
297.88
297.124
297.659
297.712
298.123
297.357
298.128
298.287
298.274
297.077
295.035
294.201
293.925
295.184
296.185
297.42
298.217
299.052
297.155
297.569
296.987
297.03
297.038
296.423
297.244
297.445
296.985
297.321
295.868
295.09
295.68
295.727
293.926
295.503
296.795
293.583
295.299
295.578
293.424
293.885
294.384
294.204
293.992
292.057
292.989
293.875
291.949
289.827
292.995
294.72
291.187
289.126
291.518
292.741
293.112
294.79
295.44
291.3
292.227
293.403
297.385
299.817
293.406
293.466
291.611
285.626
286.331
290.718
284.554
282.64
286.064
287.125
287.512
287.303
300.208
318.946
310.472
308.647
296.579
292.153
288.507
290.593
295.624
291.102
293.598
288.604
300.07
292.425
303.755
302.966
297.133
296.66
291.086
303.713
287.152
302.507
294.72
294.674
306.454
282.059
304.997
293.756
299.835
290.256
282.945
286.665
286.874
297.218
285.71
235.368
217.134
231.788
266.204
262.314
232.288
219.627
296.458
294.537
294.897
294.469
294.409
293.804
293.709
293.183
292.677
293.571
295.478
297.65
298.664
297.945
298.037
298.235
298.063
297.403
297.823
298.823
298.693
298.16
298.052
298.415
298.848
299.117
299.188
299.241
299.331
299.188
299.195
299.523
299.816
299.962
300.432
300.966
301.043
301.146
301.131
301.344
301.179
300.572
300.209
300.177
300.178
300.242
300.153
299.887
299.267
298.829
298.36
297.715
297.876
297.667
297.993
298.41
298.181
298.851
299.338
299.091
297.835
297.642
297.909
298.374
298.695
297.659
298.094
297.58
297.274
296.416
296.982
298.249
298.439
297.316
294.536
293.662
293.579
295.765
297.002
298.236
297.963
298.968
298.947
299.773
298.457
298.284
298.333
297.379
297.242
296.382
295.208
296.697
296.563
295.54
295.551
296.151
293.886
295.26
295.331
292.498
295.224
294.261
292.925
292.897
293.234
293.074
292.622
290.33
293.012
293.045
289.074
289.235
294.264
292.178
288.78
289.69
291.346
292.012
292.779
293.697
292.577
290.265
292.376
294.3
298.508
297.422
290.788
291.81
288.92
283.712
285.889
291.404
285.636
283.566
285.199
286.46
289.619
285.051
291.702
314.755
309.479
314.202
306.835
298.092
292.832
291.011
297.575
293.806
295.5
289.408
300.447
292.873
305.43
302.274
296.188
295.27
292.757
304.328
289.278
304.477
295.187
297.58
305.485
288.153
307.753
298.359
302.707
283.762
273.203
282.901
282.547
292.005
289.109
233.547
219.713
243.677
266.632
261.364
232.055
216.89
296.285
294.591
295.568
295.592
295.787
295.195
294.439
293.906
293.156
293.015
293.53
295.143
297.589
298.453
298.245
298.366
298.408
298.122
297.638
298.232
298.852
298.937
298.599
298.414
298.421
298.729
299.009
299.381
299.801
300.094
300.247
300.181
300.411
300.445
300.408
300.662
301.308
301.72
301.447
301.104
300.619
299.756
299.305
299.288
299.27
299.526
299.512
299.234
299.037
298.436
298.145
297.609
297.62
297.299
297.949
298.368
297.436
298.196
298.748
298.775
297.56
296.8
297.45
298.349
298.624
297.72
298.268
298.514
298.406
296.486
296.001
296.77
296.91
296.376
294.042
293.46
293.155
295.107
296.034
298.07
298.307
298.969
297.859
297.956
297.472
297.544
297.699
296.809
297.277
297.538
296.414
296.381
295.725
295.142
295.101
295.653
293.083
295.089
294.936
292.345
294.712
293.222
292.53
292.052
292.596
292.304
291.711
289.441
293.007
291.262
288.17
289.3
293.893
290.612
287.825
289.765
291.842
291.669
292.507
293.889
290.942
289.191
292.889
296.349
299.733
295.298
289.914
289.311
285.986
284.608
288.207
290.846
286.237
287.186
287.471
289.411
294.163
285.357
286.621
307.254
303.315
315.86
312.907
302.238
298.19
293.359
300.633
294.647
296.455
290.955
300.932
294.813
308.032
300.684
295.512
295.221
296.169
305.56
291.404
306.177
295.632
300.159
305.272
295.378
309.981
305.271
300.472
272.038
263.193
272.658
274.103
282.811
286.223
236.309
221.924
249.87
263.729
261.219
230.889
213.319
296.788
295.284
296.656
296.14
296.073
295.81
295.384
294.572
294.02
293.193
293.29
293.431
295.026
297.544
298.645
298.38
298.173
298.228
297.911
297.983
298.517
299.066
299.216
299.255
299.195
299.203
299.109
299.12
299.219
299.503
299.95
300.318
300.765
301.36
301.545
301.12
300.775
300.915
301.177
301.344
301.213
300.405
299.747
299.292
298.801
298.719
298.65
298.325
298.598
298.304
298.228
298.304
298.205
297.906
298.661
298.677
297.248
297.394
298.024
298.692
297.34
296.323
297.501
298.602
298.629
297.355
298.234
298.76
298.635
297.154
295.974
296.329
296.306
295.95
293.366
293.068
292.593
295.291
296.247
297.945
297.821
298.508
298.749
299.165
298.489
297.989
297.842
297.36
297.062
296.498
295.62
296.111
296.001
295.446
294.99
295.707
293.298
295.019
294.099
292.304
294.18
292.792
292.522
291.484
292.078
291.755
290.511
288.807
293.118
289.667
288.201
289.413
293.606
288.989
287.599
290.48
291.937
290.788
293.107
294.207
288.822
289.003
294.937
298.995
298.468
292.383
290.089
288.352
286.95
287.985
289.066
289.332
286.403
290.299
289.483
292.466
297.927
286.595
286.364
299.172
296.379
315.633
311.628
305.772
299.807
293.446
302.034
294.719
298.915
292.451
301.94
298.071
309.653
297.88
295.355
296.868
300.771
307.426
294.823
307.897
296.532
302.511
305.175
301.717
312.339
311.008
292.12
259.604
253.639
261.301
265.645
272.583
270.939
241.239
223.399
248.059
260.648
262.924
231.87
214.772
296.623
295.958
297.124
296.184
296.387
296.542
296.168
295.373
294.634
294.019
293.76
293.423
293.287
294.507
297.288
299.072
298.889
298.483
298.011
297.669
297.677
298.028
298.324
298.651
298.921
299.258
299.443
299.736
299.842
299.967
299.978
300.008
299.835
300.098
300.913
301.998
302.362
302.014
301.429
301.028
300.781
300.258
299.765
299.607
299.331
299.276
299.22
298.546
298.989
298.405
298.405
298.372
298.013
297.842
298.303
298.214
296.218
296.337
297.617
298.785
297.511
296.273
297.893
299.227
298.402
297.193
298.415
299.321
299.22
297.6
296.094
296.124
295.366
294.817
292.217
292.505
292.682
295.095
296.249
298.245
298.712
298.762
297.877
297.821
297.744
297.74
297.71
297.194
297.201
297.304
296.75
295.916
295.442
295.138
294.552
295.533
293.108
294.71
293.657
292.44
293.437
292.472
292.037
291.058
291.973
291.672
289.819
289.048
292.897
288.424
288.038
289.522
293.221
286.761
288.257
291.116
291.182
291.039
294.097
292.44
287.796
291.269
296.895
298.304
295.503
290.891
289.86
288.372
288.766
288.966
287.213
288.502
288.105
291.307
290.343
294.009
299.879
292.393
290.552
291.37
291.289
311.421
308.65
308.374
298.296
297.548
303.271
296.32
301.28
293.244
304.941
302.327
308.651
294.592
297.844
300.115
305.757
309.232
298.315
309.535
297.708
304.83
306.084
307.541
314.356
310.384
278.72
246.799
245.138
250.579
257.342
263.984
253.047
234.418
220.502
241.698
257.292
265.742
236.219
229.138
297.542
295.898
296.295
295.45
296.093
296.472
296.238
295.674
295.094
294.636
294.399
294.142
293.755
293.528
294.405
297.139
299.126
299.463
299.027
298.661
298.433
298.512
298.636
298.778
298.79
298.894
298.865
299.026
299.213
299.449
299.889
300.377
300.766
300.702
300.339
300.303
301.068
301.981
302.275
302.216
301.876
301.115
300.149
299.568
298.903
298.78
298.877
298.431
298.796
298.321
298.619
298.415
297.966
297.39
298.039
297.704
295.434
296.037
297.999
299.268
297.414
296.977
298.971
299.435
298.41
297.231
298.367
298.975
298.407
297.757
297.265
296.883
295.23
293.842
291.528
292.461
293.343
296.213
297.049
298.541
298.784
299.374
299.407
298.964
298.668
298.021
297.553
297.313
296.881
296.393
296.446
295.877
295.988
295.527
294.546
295.676
293.118
294.659
293.609
292.421
292.997
292.747
291.767
291.015
291.678
291.164
289.437
289.246
292.258
288.082
288.219
290.209
291.957
286.01
289.78
290.393
291.162
292.261
293.664
290.762
288.923
293.067
296.209
296.522
294.558
290.727
288.342
288.279
289.873
288.156
286.555
288.195
289.378
291.251
291.142
294.83
298.174
295.116
290.446
288.413
292.032
307.59
309.902
307.901
300.195
305.543
303.063
298.907
301.228
295.819
310.109
304.37
305.089
293.094
302.973
304.264
309.275
310.261
302.51
311.361
299.251
307.002
306.8
312.18
315.398
302.745
264.383
236.244
238.368
241.214
250.441
256.507
243.577
220.315
217.853
236.861
255.046
268.417
241.058
256.576
297.066
295.034
296.61
295.992
296.655
296.181
296.293
296.214
295.654
295.157
294.903
294.874
294.756
294.291
293.639
294.623
297.292
299.358
299.726
299.549
299.306
299.259
299.228
299.357
299.406
299.614
299.761
299.773
299.883
299.735
299.654
299.401
299.63
300.097
300.978
301.121
300.858
300.941
301.238
301.69
302.14
302.093
301.803
301.218
300.142
299.254
299.038
298.32
298.191
297.504
297.63
297.625
296.835
296.446
297.501
297.154
295.418
296.526
298.663
299.059
297.351
298.082
299.926
299.616
297.979
297.252
298.407
298.415
297.811
297.731
297.896
297.592
295.127
293.916
291.862
292.98
293.55
296.289
297.234
298.557
299
298.956
298.943
298.48
298.449
298.333
298.136
297.786
297.34
296.905
297.131
295.902
295.848
295.043
294.352
295.618
293.084
294.702
293.605
292.466
292.797
292.604
291.328
291.324
291.709
291.114
289.327
289.483
291.88
287.539
288.459
290.772
290.466
286.652
289.902
290.146
292.659
292.271
292.823
291.099
290.06
293.503
295.219
296.633
294.522
290.719
287.912
289.824
291.983
288.143
285.638
286.335
287.547
290.93
290.939
292.568
290.909
290.25
289.111
289.401
292.292
304.606
307.27
305.878
307.354
307.87
302.265
302.021
301.134
301.864
313.055
302.694
301.623
294.886
309.943
307.4
310.647
310.85
306.164
312.228
300.553
308.958
307.424
316.484
314.652
291.683
250.938
228.267
234.142
234.091
242.321
244.474
240.234
218.028
221.151
233.981
254.241
270.774
245.311
283.625
297.352
296.149
297.924
297.417
297.848
296.714
295.804
295.981
295.847
295.667
295.516
295.348
295.171
295.234
294.571
293.971
295.43
298.043
299.221
299.444
299.259
299.124
298.975
298.723
298.346
298.226
298.275
298.229
298.652
299.101
299.825
300.263
300.427
299.893
299.757
300.463
300.958
301.301
301.443
301.221
301.32
301.368
301.766
301.506
301.325
300.856
300.603
299.831
299.682
298.801
298.68
298.735
297.626
297.454
298.434
298.162
297.042
298.233
299.235
298.843
297.912
299.516
300.541
299.018
297.646
297.96
298.743
297.728
296.756
297.486
298.322
298.053
295.841
294.317
292.529
293.781
294.799
297.42
298.487
299.414
299.499
299.357
299.506
299
298.743
298.081
297.778
297.676
297.348
296.563
297.01
295.909
296.596
295.492
294.804
295.73
293.219
294.696
293.542
292.517
292.901
292.747
291.251
291.529
291.438
291.235
289.066
290.109
291.523
287.44
289.312
290.864
290.055
287.479
289.616
291.523
293.154
291.97
293.309
291.628
290.48
294.518
295.493
297.169
294.66
291.046
288.597
290.966
291.84
286.634
283.504
284.562
286.844
290.525
290.866
292.604
290.408
290.343
288.894
286.721
290.179
301.051
303.228
308.846
311.682
305.521
303.347
303.594
303.663
308.734
311.638
299.766
300.466
300.197
316.476
308.794
310.2
310.451
309.521
314.033
302.2
310.64
308.388
319.929
312.185
281.037
242.019
223.466
231.275
229.295
234.654
231.242
237.156
234.176
229.687
232.937
255.578
272.514
248.981
290.002
297.099
297.392
297.748
298.016
298.197
296.99
296.028
296.042
296.073
296.107
295.962
295.953
295.706
295.61
295.629
294.512
294.27
296.605
298.609
299.141
299.053
298.722
298.164
297.736
297.299
297.039
297.01
296.819
296.902
297.141
297.485
298.222
299.332
300.367
300.224
300.046
300.136
300.499
301.302
301.532
301.554
301.515
301.215
300.987
301.257
300.868
300.78
300.193
300.472
299.473
299.412
299.582
298.691
298.921
299.336
299.109
298.331
298.886
298.934
298.705
298.971
300.578
300.01
298.378
297.95
298.894
298.759
296.709
296.096
297.005
298.305
298.255
296.049
294.894
293.656
295.109
295.926
298.151
298.835
299.699
300.008
299.61
299.559
298.943
298.853
298.569
298.305
297.98
297.825
296.94
297.39
295.941
296.744
295.283
294.919
295.676
293.473
294.755
293.859
292.734
293.015
292.594
291.308
291.572
291.584
291.498
289.028
290.858
291.143
287.869
289.833
290.929
290.414
287.947
290.077
292.992
293.179
293.128
293.92
291.392
291.964
295.19
295.796
297.612
295.229
291.434
289.141
291.292
290.954
285.662
282.823
283.75
287.191
290.319
291.207
293.265
291.971
290.929
286.034
285.08
291.211
298.073
302.854
309.948
306.998
304.364
305.853
305.374
308.256
311.779
306.691
297.82
302.772
308.126
320.639
307.758
308.921
310.81
312.633
313.566
303.061
312.061
309.202
321.724
308.744
271.763
234.431
221.067
233.101
230.086
235.514
227.569
227.878
243.847
237.223
234.512
259.834
272.653
252.462
276.701
297.455
297.383
296.87
297.179
297.363
296.722
296.403
296.466
296.361
296.474
296.302
296.185
296.226
295.87
296.055
295.457
294.292
295.401
297.732
298.657
298.443
298.058
297.51
296.972
296.472
296.178
296.098
295.942
295.909
296.211
296.456
296.832
297.269
298.509
299.767
300.29
300.436
300.154
300.298
300.795
301.414
301.676
301.428
301.714
301.483
301.137
300.904
300.392
300.81
299.669
299.849
299.556
298.861
298.781
299.173
299.449
298.691
299.023
299.255
299.936
300.257
300.543
299.288
298.262
298.772
299.256
298.093
295.673
295.019
296.508
297.975
298.183
296.515
295.641
294.966
296.639
297.358
298.942
299.352
299.617
299.841
299.621
299.903
299.36
299.18
298.553
298.317
297.975
297.96
297.139
297.654
296.14
297.266
295.709
295.402
295.826
293.977
294.824
294.026
292.873
293.388
292.8
291.745
291.669
291.881
291.516
289.383
291.377
291.169
288.457
290.381
291.279
291.037
288.727
290.759
294.016
293.87
294.396
293.891
292.08
293.563
294.902
296.628
298.953
295.404
291.749
289.736
292.844
292.571
286.009
281.929
282.92
286.86
290.222
291.271
292.285
290.305
289.13
286.099
287.982
290.965
295.541
302.255
304.763
303.168
307.31
307.508
307.791
311.448
309.757
301.131
298.96
308.544
315.761
320.796
304.701
307.467
311.608
314.195
314.524
303.547
311.952
310.084
321.669
305.329
266.142
231.183
220.119
237.78
238.016
246.917
234.79
215.331
223.487
237.902
239.307
267.175
270.651
256.022
262.475
297.634
297.229
297.115
296.93
297.121
297.178
296.957
296.81
296.657
296.71
296.591
296.189
296.376
295.983
295.893
296.26
295.189
294.787
296.505
297.968
298.098
297.636
296.869
296.213
295.815
295.637
295.778
295.922
295.914
295.941
295.838
296.148
296.217
296.566
297.428
298.612
299.889
300.399
300.52
300.522
300.714
300.838
301.236
301.409
301.204
301.664
301.567
301.102
301.389
300.672
301.011
301.039
300.372
300.029
300.606
300.766
300.17
300.6
300.975
300.999
300.031
299.403
298.307
298.545
299.345
299.063
296.773
294.102
294.327
296.249
297.955
297.912
296.708
296.513
296.403
297.814
298.457
299.688
299.813
299.987
300.148
299.554
299.566
299.046
299.229
298.811
298.649
298.244
298.262
297.411
297.958
296.242
297.445
295.948
295.81
295.979
294.369
294.91
294.474
293.242
293.708
292.841
292.051
291.794
292.326
291.818
289.928
291.803
291.575
289.126
290.953
291.735
292.067
289.505
291.617
295.318
294.719
295.613
294.446
293.25
293.959
295.295
298.313
299.672
294.864
292.377
291.575
295.427
296.194
287.754
280.998
282.105
286.718
290.323
292.579
294.25
292.902
292.005
289.085
288.665
289.206
295.906
299.857
301.126
305.603
309.272
306.887
309.781
310.977
304.444
298.04
304.851
315.671
319.361
316.396
301.377
308.052
312.701
316.8
314.545
303.495
312.489
311.395
319.727
302.883
262.781
230.952
221.853
244.792
247.414
261.374
244.84
210.053
197.516
239.987
249.489
277.426
266.465
259.661
254.261
298.546
297.872
297.044
296.75
297.002
297.356
297.107
296.828
296.605
296.442
296.378
295.991
296.072
295.868
295.556
296.264
295.836
294.865
295.787
297.247
297.413
297.144
296.599
296.006
295.822
295.805
295.814
295.75
295.643
295.925
295.785
296.033
296.028
296.225
296.359
296.775
297.76
298.965
299.986
300.451
300.704
300.824
301.071
300.787
300.986
301.131
301.021
301.004
301.235
300.65
301.112
301.196
300.602
300.626
301.014
300.674
299.946
300.434
300.14
299.269
298.213
298.063
298.261
299.283
299.692
298.047
295.252
293.413
294.285
296.258
297.5
297.604
297.357
297.634
297.866
299.269
299.566
300.47
300.676
300.774
300.703
300.177
300.359
299.575
299.572
298.903
298.722
298.317
298.436
297.687
298.508
296.698
297.731
296.307
296.219
296.309
295.127
295.314
294.864
293.547
294.2
293.337
292.743
292.159
292.896
292.068
290.58
292.313
292.29
290.108
291.501
292.486
293.388
290.48
292.99
296.256
295.779
297.171
295.285
293.918
294.394
296.455
299.982
299.532
294.936
294.281
293.265
297.017
301.385
293.215
281.765
280.233
285.069
289.013
292.238
294.532
293.877
292.075
288.736
289.645
292.092
296.765
297.627
303.297
307.748
306.711
306.751
310.605
307.15
299.144
300.572
313.723
319.531
317.342
309.716
299.25
310.574
315.069
315.405
309.893
303.364
312.465
311.703
316.268
301.969
262.564
231.462
224.134
254.652
255.116
268.665
251.826
220.297
190.394
250.827
262.77
286.752
260.859
263.995
248.722
298.754
297.695
297.201
297.083
297.196
297.338
297.23
297.07
296.858
296.697
296.521
296.265
296.194
296.007
295.497
296.144
296.48
295.121
294.9
296.483
297.277
296.924
296.225
295.708
295.657
295.649
295.66
295.874
295.746
296.057
296.122
296.183
296.023
296.091
296.172
296.261
296.619
297.303
298.051
298.985
299.868
300.467
300.697
300.913
301.376
300.798
301.047
301.14
300.891
300.575
301.191
300.813
300.227
300.574
300.756
299.933
299.51
300.031
299.523
298.817
298.703
299.345
299.222
299.616
298.989
296.805
294.44
293.658
295.272
296.885
297.794
297.899
297.769
298.46
299.105
300.13
300.382
300.868
300.876
300.794
301.068
300.407
300.581
299.681
299.839
299.447
299.268
298.77
298.87
297.866
298.769
297.196
298.106
296.871
296.734
296.588
295.429
295.5
295.385
294.163
294.681
293.718
293.163
292.623
293.575
292.676
291.422
292.796
293.258
291.27
292.042
293.46
294.731
291.79
294.405
297.029
297.34
298.635
296.554
294.689
294.88
297.943
301.139
299.346
295.889
296.196
294
299.188
307.472
300.305
284.119
278.395
282.498
286.444
289.505
292.801
294.284
293.959
292.373
293.424
293.736
296.233
299.842
306.095
305.145
304.838
308.163
308.683
301.089
297.983
309.219
320.078
318.203
311.99
305.097
300.954
312.192
311.725
315.64
309.595
303.806
311.314
311.349
312.107
303.235
264.403
235.032
228.08
263.664
258.704
266.315
260.016
242.119
202.804
262.281
273.649
288.621
254.106
269.156
244.506
298.595
298.054
297.673
297.524
297.582
297.596
297.409
297.245
297.16
296.913
296.764
296.649
296.363
296.328
295.914
295.723
296.435
296.08
295.01
295.341
296.535
296.937
296.524
295.921
295.674
295.756
295.513
295.781
296.008
295.959
295.887
295.97
295.988
296.088
296.152
296.174
296.445
296.696
296.781
297.526
298.193
298.852
299.36
300.028
300.473
300.126
301.028
300.983
300.789
300.73
301.002
300.252
300.509
301.055
300.681
299.996
300.144
300.537
299.468
299.009
298.986
298.495
297.643
297.769
297.499
296.228
295.29
295.689
296.956
297.835
298.224
298.246
298.93
299.563
300.124
301.158
301.348
301.266
301.444
301.199
301.433
300.717
300.821
300.15
300.181
299.626
299.443
298.837
299.014
298.172
299.233
297.865
298.436
297.292
297.119
297.371
296.505
296.357
296.076
294.741
295.262
294.601
294.018
293.397
294.241
293.476
292.217
293.53
294.323
292.691
292.836
294.567
296.143
293.496
296.004
298.058
298.892
300.307
298.062
295.199
295.605
299.966
301.501
300.038
297.645
296.627
296.24
303.441
310.277
302.608
285.646
277.595
280.2
283.822
287.285
292.271
296.727
297.47
295.697
295.395
295.778
299.673
303.157
304.258
302.72
306.477
308.097
303.703
296.687
303.94
318.318
320.138
313.189
306.405
302.12
303.054
310.923
309.288
312.833
302.104
309.555
312.745
311.854
307.573
304.257
268.787
240.017
229.406
266.898
258.224
256.729
268.693
262.55
228.651
263.337
278.161
281.211
248.337
273.608
240.794
298.533
298.208
297.979
297.796
297.749
297.667
297.554
297.344
297.289
297.136
296.906
296.82
296.619
296.402
296.313
295.853
295.861
296.188
295.843
295.309
295.63
296.278
296.441
296.251
295.974
295.972
295.854
295.978
296.041
296.027
296.046
296.15
296.185
296.172
296.254
296.281
296.439
296.632
296.314
296.987
297.206
297.478
297.976
298.451
299.018
298.881
299.486
299.336
299.958
300.113
299.94
299.443
299.794
299.543
299.171
299.231
299.747
299.252
298.764
298.462
297.275
296.098
295.749
296.866
297.561
297.753
297.673
297.951
298.617
298.557
299.008
299.478
300.036
300.619
301.206
301.606
301.846
301.986
302.129
301.411
301.32
300.808
300.88
300.068
300.147
299.925
300.143
299.756
299.806
298.651
299.471
298.401
298.986
298.295
297.763
297.776
296.808
296.692
296.694
295.617
295.947
295.381
294.706
294.2
295.148
294.604
293.286
294.398
295.489
294.354
293.819
295.916
297.557
295.637
297.64
299.146
300.304
302.338
299.37
295.779
296.978
301.417
301.179
302.294
299.134
296.092
301.022
308.761
308.575
298.73
283.714
275.983
277.929
279.892
281.956
286.415
292.211
295.377
296.933
298.443
299.914
301.94
302.121
301.862
304.16
307.523
304.495
297.64
298.543
314.118
321.42
315.885
308.896
304.084
300.543
303.399
306.326
303.151
305.862
300.054
319.008
315.425
314.563
302.929
304.099
271.358
247.418
226.808
258.762
255.238
248.238
270.563
269.619
251.69
259.582
277.449
271.56
246.321
276.268
238.13
298.753
298.485
298.254
298.05
298
297.966
297.862
297.668
297.563
297.45
297.277
297.061
296.994
296.756
296.583
296.361
296.043
295.984
296.058
295.838
295.589
295.86
296.037
296.234
296.099
295.953
295.903
296.061
296.064
296.036
296.112
296.146
296.17
296.283
296.235
296.394
296.509
296.643
296.223
296.832
297.008
297.055
297.098
297.271
298.026
298.141
298.226
297.949
298.497
298.541
298.994
298.821
298.767
298.059
298.025
298.04
297.917
297.908
298.34
297.983
296.761
296.24
296.667
297.814
298.574
298.793
298.648
298.754
298.877
299.09
299.846
300.286
301.256
301.685
302.024
302.452
302.457
302.117
302.18
301.814
301.797
301.079
301.074
300.764
300.79
300.115
299.946
299.554
300.026
299.093
299.759
299.077
299.359
298.847
298.227
298.533
297.722
297.516
297.486
296.461
296.676
296.458
295.7
295.202
296.125
295.652
294.525
295.354
296.828
296.166
295.136
297.317
298.9
298.293
299.062
300.364
301.736
304.05
300.55
296.848
298.215
301.715
301.743
304.728
299.537
296.839
307.166
313.176
304.315
291.075
279.571
273.786
273.845
272.909
275.566
283.375
292.222
296.875
298.912
299.82
300.223
300.346
300.803
303.262
306.076
304.651
298.304
295.633
307.872
321.903
318.67
310.234
304.388
302.262
300.954
301.668
302.437
303.471
315.742
307.704
314.92
319.724
316.05
297.18
302.363
275.52
260.854
226
246.96
250.767
242.9
266.926
267.71
256.178
256.62
271.18
267.223
248.897
276.015
235.727
298.945
298.8
298.593
298.388
298.304
298.303
298.142
297.924
297.86
297.722
297.565
297.34
297.237
297.094
296.873
296.696
296.466
296.224
296.005
296.05
295.785
295.829
295.79
295.985
296.07
296.065
295.928
296.002
296.121
296.069
296.132
296.187
296.149
296.486
296.419
296.57
296.621
296.866
296.424
296.794
297.077
297.146
296.88
296.66
297.309
297.666
297.759
297.401
297.558
297.556
298.013
298.093
298.126
297.834
297.917
297.394
297.383
297.635
298.18
297.768
297.231
297.158
297.559
298.419
298.441
298.711
298.679
298.827
299.469
299.895
300.836
301.488
302.026
302.434
302.707
302.791
302.69
302.576
302.598
302.046
301.829
301.511
301.371
300.753
300.696
300.42
300.613
300.16
300.575
299.87
300.179
299.612
299.69
299.671
299.016
299.369
298.459
298.167
298.254
297.376
297.482
297.553
296.724
296.314
297.188
296.792
295.932
296.303
298.225
298.048
296.858
298.723
300.259
301.042
300.534
301.995
302.984
305.264
301.883
298.069
299.14
301.19
303.931
305.512
299.262
300.348
312.423
313.426
298.477
283.307
275.092
271.311
269.087
266.397
270.691
280.618
289.586
294.766
297.452
298.221
298.853
300.513
303.09
304.705
302.799
298.155
294.176
302.183
318.922
321.81
313.62
305.969
301.121
299.9
302.616
306.271
310.851
312.736
309.612
307.821
298.257
317.753
314.018
290.886
298.076
276.666
272.87
226.805
236.178
245.279
237.464
259.241
263.316
250.085
253.454
261.453
265.191
254.769
273.078
234.464
299.295
299.218
299.052
298.841
298.703
298.718
298.543
298.251
298.254
298.208
297.984
297.747
297.705
297.618
297.374
297.218
296.969
296.865
296.507
296.396
296.092
296.01
295.88
295.897
295.992
296.089
295.811
295.781
296.097
296.125
296.078
296.244
296.212
296.618
296.801
297.019
296.893
297.173
296.991
297.21
297.286
297.356
297.138
296.976
297.164
297.441
297.499
297.251
297.32
297.331
297.634
297.46
297.808
297.856
297.778
297.423
297.731
297.725
298.29
298.251
297.746
297.622
298.118
298.85
299.149
299.48
299.812
300.393
300.934
301.635
302.08
302.461
302.953
303.098
303.149
303.292
303.084
302.714
302.574
302.281
302.1
301.666
301.601
301.524
301.454
300.871
300.811
300.168
300.75
300.403
300.682
300.402
300.141
300.437
299.551
300.156
299.422
299.091
299.107
298.374
298.437
298.765
297.906
297.564
298.23
298.208
297.688
297.65
299.757
300.107
298.914
300.204
301.815
303.872
302.304
303.901
303.794
306.451
303.125
299.023
300.367
300.191
306.873
305.824
299.098
306.532
315.839
308.49
291.55
277.361
271.532
269.914
266.924
262.858
264.536
271.923
282.781
291.503
296.102
298.603
300.724
301.685
301.663
299.527
296.102
293.82
298.234
314.428
323.233
317.43
312.172
308.719
305.07
306.529
310.243
311.758
305.909
298.666
284.409
302.495
286.223
310.829
308.182
283.87
295.645
282.092
289.212
235.401
237.73
243.424
233.906
253.077
261.967
248.037
251.546
253.402
257.476
261.466
267.332
234.915
299.742
299.686
299.59
299.368
299.206
299.259
299.151
298.845
298.782
298.896
298.7
298.355
298.355
298.39
298.151
297.924
297.6
297.565
297.42
297.287
296.858
296.602
296.412
296.219
296.019
296.023
295.948
296.117
296.481
296.463
296.259
296.468
296.639
297.084
297.379
297.762
297.613
297.736
297.673
298.016
297.883
297.815
297.704
297.689
297.766
297.821
297.659
297.524
297.636
297.624
297.627
297.785
298.068
297.944
298.028
297.694
298.077
298.297
298.891
298.785
298.421
298.369
299.15
299.748
300.138
300.817
301.228
302.025
302.404
302.982
303.486
303.678
303.718
303.733
303.626
303.64
303.453
303.171
302.955
302.546
302.306
302.211
301.89
301.488
301.335
301.053
301.556
300.98
301.311
300.878
301.17
301.269
300.661
301.171
300.159
301.074
300.476
300.165
300.198
299.621
299.625
299.975
299.301
299.056
299.401
299.729
299.593
299.279
301.164
302.128
301.196
301.817
303.532
306.474
304.509
305.863
304.283
307.835
303.272
300.437
301.091
299.406
309.289
305.414
300.765
313.918
315.702
298.448
282.15
273.305
270.875
271.167
268.223
261.766
259.513
266.363
279.036
289.989
294.619
294.074
294.051
294.259
293.429
292.388
293.073
297.483
310.479
322.622
320.678
312.87
305.533
301.659
300.924
306.816
304.777
293.359
282.244
277.799
271.77
291.68
280.489
301.811
294.122
279.287
292.22
281.885
296.04
239.955
243.629
242.994
235.775
251.775
262.819
249.025
252.043
251.103
249.536
266.809
260.593
237.044
300.415
300.375
300.292
300.128
299.961
299.97
299.942
299.67
299.541
299.693
299.559
299.221
299.161
299.312
299.162
298.885
298.517
298.434
298.493
298.458
298.06
297.629
297.273
296.926
296.694
296.892
297.037
297.336
297.363
297.2
297.109
297.317
297.665
298.103
298.447
298.81
298.742
298.796
298.751
299.143
298.927
298.832
298.665
298.82
298.849
298.823
298.706
298.486
298.499
298.6
298.625
298.876
299.09
299.029
298.811
298.62
299.144
299.648
300.123
299.545
299.798
300.015
300.52
301.141
301.55
302.181
302.734
303.221
303.552
304.276
304.228
304.215
304.375
304.524
304.268
304.104
303.782
303.429
303.093
302.843
302.44
301.946
301.761
301.784
301.902
301.557
301.821
301.198
301.73
301.488
301.735
302.092
301.411
302.053
301.076
302.022
301.49
301.298
301.337
300.99
301.058
301.069
300.742
300.748
300.89
301.302
301.485
301.162
302.46
304.119
303.682
303.698
305.426
308.694
307.183
307.134
304.791
308.777
301.775
302.94
299.064
302.333
309.436
303.178
306.947
318.195
307.597
285.752
273.342
272.145
274.421
275.202
270.952
263.668
261.562
269.606
278.501
280.394
282.085
285.172
287.426
288.768
291.586
294.773
299.173
308.744
322.265
322.557
316.446
312.092
307.442
303.005
302.245
299.429
284.383
270.865
268.763
269.043
266.854
279.499
280.97
295.664
277.112
276.312
288.031
279.408
303.148
248.341
251.166
241.652
240.483
250.821
258.774
243.802
249.744
251.374
248.321
270.66
256.093
238.515
301.335
301.275
301.198
301.137
300.983
300.944
300.934
300.75
300.644
300.699
300.65
300.433
300.328
300.437
300.397
300.218
299.87
299.77
299.793
299.818
299.545
299.142
298.736
298.425
298.393
298.613
298.758
298.871
298.777
298.714
298.752
299.012
299.34
299.707
299.971
300.34
300.362
300.277
300.361
300.619
300.535
300.416
300.186
300.447
300.357
300.45
300.281
300.174
300.039
300.167
300.464
300.643
300.65
300.646
300.31
300.436
300.952
301.357
301.515
301.218
301.792
301.934
302.464
302.851
303.424
303.892
304.173
304.673
304.794
304.87
304.745
305.072
304.975
304.944
304.649
304.3
303.839
303.726
303.231
302.66
302.682
302.525
302.251
302.072
301.91
301.557
302.121
301.9
302.354
302.051
302.071
302.488
302.291
303.126
302.223
302.945
302.491
302.559
302.669
302.536
302.626
302.422
302.466
302.668
302.556
302.872
303.67
303.594
304.252
306.196
306.262
306.004
307.384
310.338
309.543
307.163
305.854
307.22
300.257
303.387
295.923
308.529
305.542
303.322
316.775
315.074
293.44
275.108
271.298
277.396
281.931
281.15
275.34
270.725
271.428
271.848
276.219
283.907
290.342
294.829
297.649
298.433
301.325
304.898
310.033
320.325
324.83
319.113
315.035
312.911
309.678
299.74
292.239
280.466
263.542
261.495
266.821
264.128
262.744
275.128
283.179
286.329
264.085
276.222
280.065
273.324
299.721
260.073
250.93
238.96
246.156
250.448
249.561
238.348
245.339
252.997
251.028
269.696
253.51
237.92
302.437
302.366
302.318
302.261
302.205
302.134
302.105
301.998
301.918
301.918
301.892
301.77
301.699
301.714
301.704
301.651
301.448
301.379
301.326
301.352
301.198
300.953
300.728
300.579
300.55
300.735
300.785
300.82
300.868
300.901
301.011
301.248
301.489
301.697
301.911
302.149
302.226
302.227
302.194
302.397
302.474
302.374
302.321
302.423
302.474
302.499
302.377
302.329
302.134
302.344
302.442
302.744
302.538
302.47
302.474
302.741
302.94
303.176
303.343
303.488
303.907
304.097
304.57
304.826
305.35
305.404
305.712
305.815
305.64
305.844
305.628
305.74
305.501
305.116
304.612
304.447
303.689
303.339
303.166
302.934
302.829
302.457
302.144
302.196
302.302
302.165
302.287
301.948
302.504
302.495
302.777
303.103
302.863
303.783
303.397
303.829
303.637
303.932
303.708
303.962
304.118
303.848
304.13
304.524
304.295
304.583
305.915
306.026
306.375
307.852
308.625
308.531
309.699
311.105
310.459
306.34
306.223
302.984
300.568
298.859
298.623
309.365
300.95
310.55
319.834
300.549
278.484
271.435
278.79
287.713
289.651
287.689
284.212
280.974
284.849
294.535
302.694
309.924
313.426
310.91
308.451
306.637
309.498
313.438
319.472
325.928
321.503
316.374
315.538
313.49
306.268
293.499
278.622
265.411
258.077
263.889
265.931
258.557
259.479
273.21
279.986
275.384
256.41
271.938
271.023
266.544
293.332
279.708
248.921
237.122
247.766
250.771
244.381
241.333
238.82
253.45
254.269
262.65
246.546
234.22
303.488
303.437
303.405
303.36
303.362
303.325
303.318
303.256
303.255
303.211
303.232
303.168
303.14
303.166
303.118
303.136
303.054
302.985
302.991
302.968
302.934
302.884
302.773
302.78
302.786
302.884
303.004
303.082
303.156
303.324
303.447
303.61
303.782
303.927
304.06
304.16
304.308
304.332
304.278
304.38
304.492
304.443
304.521
304.53
304.658
304.641
304.615
304.56
304.505
304.66
304.649
304.838
304.745
304.758
304.891
305.156
305
305.441
305.525
305.733
305.982
306.081
306.476
306.436
306.605
306.712
306.613
306.418
306.549
306.272
306.001
305.853
305.265
304.863
304.413
304.167
303.531
303.507
303.318
302.942
302.606
302.565
302.571
302.375
302.034
302.098
302.202
302.053
302.579
302.7
303.243
303.396
303.697
304.377
304.38
304.832
304.803
305.458
305.285
305.768
305.699
305.522
305.861
306.518
306.121
306.574
307.982
308.298
308.646
309.233
310.47
310.852
311.351
310.338
309.043
304.785
304.239
297.96
301.098
294.447
306.589
304.141
306.118
317.801
303.428
279.389
270.91
278.806
291.475
295.582
294.944
295.173
298.181
308.062
312.341
309.726
308.368
311.272
317.588
321.018
319.524
316.738
317.626
321.212
325.147
323.622
317.946
315.523
316.075
314.805
305.598
288.917
274.02
260.364
261.294
266.544
261.894
254.878
260.2
271.967
273.913
271.379
253.825
265.802
265.331
258.793
278.961
282.962
244.071
236.205
244.162
245.656
246.236
247.663
229.737
249.095
265.627
266.088
240.295
227.571
304.286
304.283
304.289
304.285
304.314
304.306
304.317
304.304
304.337
304.354
304.395
304.405
304.465
304.484
304.538
304.55
304.576
304.574
304.62
304.634
304.675
304.716
304.716
304.778
304.842
304.928
305.056
305.19
305.281
305.472
305.614
305.749
305.884
306.039
306.1
306.221
306.346
306.351
306.465
306.445
306.524
306.527
306.587
306.531
306.685
306.566
306.702
306.607
306.67
306.73
306.771
306.786
306.887
306.918
306.889
307.139
307.074
307.208
307.326
307.447
307.339
307.613
307.431
307.429
307.387
307.151
307.094
306.685
306.582
306.25
305.83
305.303
304.957
304.586
304.044
304.042
303.751
303.441
302.884
303.09
302.791
302.316
302.167
302.169
302.047
301.974
301.686
301.552
301.899
302.117
302.942
303.674
304.223
304.749
305.463
305.147
306.097
306.182
305.808
306.87
307.314
307.122
307.506
308.275
307.865
308.768
309.689
310.37
310.566
310.606
311.853
312.656
311.248
307.4
305.68
301.791
298.894
295.322
299.097
294.968
311.604
301.959
313.797
300.313
274.362
268.656
280.129
293.418
298.531
298.885
303.794
311.11
310.896
306.367
293.482
283.366
289.38
304.373
316.169
319.667
317.418
318.297
323.161
326.741
325.748
320.66
316.972
318.144
319.199
315.98
302.425
284.506
269.937
264.143
269.499
269.708
261.056
253.854
257.314
265.761
270.349
267.037
250.819
260.409
263.258
254.884
262.491
269.547
239.631
232.471
237.939
238.683
249.162
259.709
233.841
237.95
273.043
275.044
240.011
221.156
304.666
304.712
304.714
304.763
304.781
304.832
304.859
304.902
304.956
305.008
305.087
305.142
305.242
305.297
305.413
305.443
305.578
305.608
305.731
305.814
305.893
306.017
306.096
306.182
306.298
306.417
306.476
306.716
306.736
306.963
307.064
307.226
307.31
307.485
307.565
307.666
307.775
307.876
307.898
307.922
308.082
307.902
308.13
308.028
308.143
308.063
308.206
308.052
308.205
308.052
308.207
308.065
308.184
308.097
308.13
308.114
308.124
308.068
308.049
308.068
307.904
307.882
307.667
307.633
307.188
307.073
306.747
306.392
305.924
305.556
305.253
304.692
304.437
304.251
303.967
303.596
303.454
303.405
302.886
302.657
302.198
302.162
301.758
301.278
300.982
300.239
299.8
300.118
299.948
300.682
301.625
302.954
304.144
304.908
305.639
306.544
307.25
307.558
308.158
308.319
308.512
308.682
309.649
309.467
309.848
310.51
310.941
311.988
311.558
311.705
312.112
310.964
306.546
302.431
299.711
296.12
293.807
293.802
296.739
301.022
306.528
308.707
289.628
263.952
262.87
282.406
296.658
299.579
300.23
303.264
305.674
304.272
299.837
289.826
271.806
268.056
283.174
299.917
314.129
327.718
326.777
322.067
323.924
327.399
323.446
317.575
315.729
316.702
318.493
317.247
307.274
290.219
279.713
280.895
280.973
276.002
263.675
253.167
257.14
257.913
264.514
270.515
252.176
255.176
258.725
253.782
252.947
260.221
242.713
233.546
236.66
234.209
238.497
258.279
245.325
227.339
260.071
270.625
238.138
218.238
304.045
304.133
304.136
304.249
304.246
304.363
304.383
304.502
304.546
304.631
304.735
304.789
304.951
304.973
305.174
305.196
305.389
305.43
305.599
305.668
305.821
305.932
306.058
306.257
306.3
306.597
306.597
306.914
306.932
307.237
307.198
307.567
307.441
307.76
307.676
307.844
307.822
307.869
307.958
307.892
308.043
308.023
308.147
308.031
308.334
308.04
308.303
308.113
308.21
308.006
308.138
307.843
307.983
307.743
307.811
307.615
307.738
307.489
307.591
307.391
307.372
307.141
306.996
306.773
306.4
306.2
305.669
305.555
304.97
304.687
304.381
304.333
304.211
303.902
303.797
303.474
303.038
302.524
302.359
302.158
302.343
301.954
301.108
300.257
298.671
297.742
297.359
296.317
297.271
297.986
299.428
301.468
303.199
304.939
306.489
307.951
307.933
308.719
308.594
309.712
309.953
310.496
309.948
310.462
311.465
311.356
312.247
311.899
311.266
310.378
307.142
303.03
298.459
294.982
292.247
290.06
290.58
292.284
295.707
301.086
302.916
310.299
256.69
262.694
284.955
300.893
302.259
304.728
293.541
288.076
299.441
301.678
284.468
264.857
260.966
282.169
310.813
327.187
325.421
329.401
331.04
326.456
322.248
319.982
318.911
315.635
315.394
317.707
318.266
315.695
307.345
294.396
288.919
286.545
276.086
267.461
256.663
249.798
254.42
250.433
254.904
270.208
250.996
253.919
254.586
251.353
248.155
251.202
248.783
242.501
243.867
237.038
228.672
240.037
244.382
228.533
246.458
256.757
229.48
217.343
302.528
302.65
302.625
302.783
302.742
302.888
302.887
303.037
303.09
303.181
303.326
303.378
303.594
303.578
303.837
303.783
304.052
304.007
304.243
304.262
304.421
304.539
304.641
304.86
304.911
305.222
305.239
305.668
305.601
306.098
305.945
306.41
306.227
306.583
306.351
306.633
306.378
306.563
306.41
306.503
306.499
306.52
306.707
306.618
306.873
306.779
306.971
306.781
306.989
306.643
306.822
306.523
306.57
306.363
306.423
306.136
306.374
306.021
306.267
305.923
306.123
305.714
305.764
305.388
305.278
305.001
304.69
304.672
304.236
304.543
304.413
304.502
304.216
303.68
302.935
302.21
301.962
302.369
302.909
303.284
302.87
301.989
301.044
299.296
298.122
296.923
295.454
295.712
295.548
296.678
298.886
300.168
302.705
303.894
305.783
306.808
308.575
309.073
310.006
310.518
310.198
310.263
310.57
311.717
311.424
312.004
310.728
309.152
306.571
302.086
297.376
293.521
290.25
287.838
286.498
286.308
287.828
289.451
294.478
298.665
299.63
282.112
256.714
279.947
294.985
303.53
298.371
290.083
274.717
272.792
282.697
279.392
266.324
269.197
281.349
278.43
280.263
310.896
323.802
312.211
314.353
316.422
307.933
300.951
310.535
318.775
312.757
314.062
310.469
308.585
309.959
300.836
292.407
282.698
268.896
262.114
257.242
252.5
254.564
251.687
248.436
255.197
244.853
245.308
247.928
248.435
245.51
242.243
246.464
243.875
243.665
233.349
230.75
236.341
234.689
235.255
248.993
240.293
217.441
218.202
300.682
300.792
300.768
300.934
300.887
301.046
301.042
301.206
301.258
301.366
301.51
301.584
301.799
301.812
302.061
302.035
302.271
302.267
302.459
302.499
302.613
302.714
302.814
302.994
303.087
303.327
303.442
303.742
303.857
304.137
304.224
304.491
304.45
304.718
304.492
304.739
304.433
304.645
304.343
304.614
304.41
304.681
304.681
304.826
304.97
304.983
305.187
305.057
305.175
305.022
304.955
304.892
304.714
304.718
304.613
304.601
304.638
304.529
304.796
304.349
304.935
304.241
304.908
304.206
304.701
304.356
304.419
304.648
304.36
305.367
304.76
304.506
302.463
301.094
302.25
303.086
303.071
302.82
303.12
303.011
302.707
302.593
301.657
300.895
299.378
298.313
297.238
296.627
297.502
298.388
299.773
302.158
303.42
304.323
306.6
307.211
309.36
309.082
310.027
309.464
310.516
310.559
311.352
311.064
309.884
308.393
305.705
302.454
297.39
293.452
289.348
286.47
284.061
283.061
282.41
283.149
284.641
287.245
291.878
293.982
290.299
264.154
263.51
282.787
295.044
295.391
289.694
277.189
258.64
260.312
273.005
271.853
271.019
276.635
270.898
260.491
273.877
313.384
341.591
320.7
310.214
311.199
301.772
288.527
298.665
319.181
309.457
315.465
318.047
313.113
305.524
304.351
297.183
282.948
268.167
260.641
258.207
256.011
254.205
254.194
251.149
250.347
248.117
245.974
243.808
243.512
242.188
239.353
238.943
240.67
244.236
228.274
231.076
239.161
229.701
240.547
251.468
226.361
216.928
226.012
298.948
298.971
299.053
299.096
299.166
299.198
299.277
299.356
299.44
299.538
299.636
299.779
299.872
300.029
300.109
300.279
300.321
300.521
300.527
300.73
300.693
300.859
300.877
301.015
301.141
301.21
301.506
301.51
301.95
301.874
302.338
302.245
302.577
302.528
302.602
302.706
302.464
302.798
302.347
302.818
302.471
302.874
302.771
302.981
303.119
303.03
303.376
303.049
303.37
303.113
303.171
303.219
302.948
303.415
302.828
303.642
302.951
303.657
303.343
303.458
303.859
303.2
304.41
303.116
304.777
303.613
304.707
304.698
305.594
305.405
301.128
301.378
302.515
303.254
302.89
301.658
300.84
301.173
301.638
302.447
303.148
303.646
303.724
302.791
302.349
301.276
300.866
300.303
300.509
301.455
302.266
303.282
304.11
306.146
306.83
307.971
308.973
309.176
309.678
310.209
310.645
310.44
309.476
307.438
305.045
302.218
297.993
293.456
289.268
285.528
283.119
281.146
279.321
279.159
278.154
278.85
280.327
282.423
286.869
289.726
280.549
255.678
270.419
292.097
296.613
296.679
283.512
267.329
253.028
252.209
259.863
264.985
268.635
271.688
270.404
264.052
260.898
281.351
326.923
333.901
303.554
282.545
278.292
278.703
295.023
321.701
307.89
303.215
296.43
276.682
307.911
299.231
293.594
280.73
269.843
263.457
255.205
254.143
254.814
253.947
253.967
249.951
247.357
245.832
246.162
243.487
241.373
239.379
233.337
236.644
241.368
228.956
235.713
242.037
233.485
247.243
241.493
214.258
221.607
230.049
297.347
297.313
297.481
297.42
297.616
297.525
297.729
297.685
297.862
297.881
298
298.123
298.165
298.368
298.341
298.604
298.535
298.819
298.729
298.988
298.894
299.103
299.083
299.251
299.366
299.43
299.742
299.678
300.171
299.98
300.55
300.297
300.779
300.59
300.785
300.859
300.681
301.086
300.625
301.273
300.721
301.388
301.054
301.359
301.53
301.272
301.869
301.24
302.022
301.298
302.066
301.585
301.955
302.164
301.801
302.75
301.853
303.062
302.238
303.098
302.995
303.004
304.058
303.022
305.356
302.942
306.562
305.878
302.282
303.745
302.954
302.856
302.79
301.359
300.149
299.548
299.499
299.618
299.815
300.448
301.89
303.319
304.401
304.393
303.76
303.69
303.126
303.17
303.216
303.723
304.35
305.275
306.268
307.225
307.342
309.054
308.113
309.791
309.373
309.876
308.67
307.491
304.741
301.668
297.882
293.93
289.411
285.931
282.814
280.998
278.852
276.957
275.477
273.051
272.437
273.072
273.117
277.744
284.768
285.841
272.259
254.361
274.182
288.318
294.377
293.063
278.94
265.123
251.475
248.041
251.854
259.632
268.887
273.382
267.274
257.987
251.87
257.863
282.836
301.261
280.045
261.232
271.287
285.715
297.797
318.98
298.012
281.989
274.842
231.252
293.321
298.566
295.401
285.36
275.484
275.358
266.057
258.76
263.869
256.011
259.358
256.312
253.802
245.704
244.675
245.65
246.371
244.004
237.985
239.683
240.314
236.407
239.864
237.403
235.13
244.666
224.989
210.459
225.321
221.046
295.929
295.954
296.058
296.062
296.203
296.173
296.331
296.314
296.491
296.486
296.642
296.679
296.819
296.892
296.997
297.102
297.188
297.318
297.368
297.507
297.513
297.651
297.664
297.813
297.871
298.011
298.153
298.278
298.499
298.571
298.822
298.86
299.059
299.129
299.172
299.357
299.221
299.571
299.296
299.76
299.507
299.871
299.878
299.966
300.241
300.103
300.495
300.264
300.711
300.461
300.981
300.683
301.3
301.074
301.445
301.838
301.471
302.605
302.118
302.847
303.532
302.914
305.092
303.534
305.225
306.345
304.897
302.832
302.319
303.268
302.934
302.876
302.27
301.052
299.928
298.656
297.788
297.24
296.956
297.342
298.662
301.111
303.3
304.537
304.809
304.982
304.989
304.862
305.18
305.441
305.844
306.456
306.98
307.391
307.92
308.811
308.229
309.485
308.08
306.738
304.32
301.771
297.725
293.656
289.851
286.166
283.248
281.096
279.03
277.252
274.728
272.209
269.287
267.659
266.989
267.237
271.144
277.568
283.342
281.942
265.977
252.919
270.781
280.127
290.44
294.785
283.053
268.142
258.926
257.874
260.115
266.68
274.604
273.695
263.844
254.75
247.279
244.992
252.718
264.575
264.608
266.337
282.817
297.607
301.311
314.644
293.822
264.677
280.948
260.845
289.064
300.022
298.474
293.067
287.098
288.356
279.289
264.694
277.09
269.068
269.563
264.816
266.405
258.538
251.032
250.966
253.045
251.503
251.135
250.938
249.11
246.479
243.732
240.045
238.178
235.203
215.306
209.843
214.867
204.577
294.855
294.95
294.978
295.07
295.117
295.184
295.249
295.299
295.407
295.437
295.57
295.587
295.757
295.771
295.962
295.971
296.174
296.185
296.378
296.39
296.537
296.569
296.666
296.762
296.806
296.98
296.992
297.236
297.23
297.498
297.483
297.741
297.727
297.961
297.922
298.179
298.097
298.397
298.331
298.56
298.694
298.667
299.167
298.774
299.59
299.009
299.778
299.541
299.718
300.294
299.78
300.85
300.462
300.973
301.648
301.316
302.411
302.755
302.714
304
304.183
304.639
305.271
304.653
305.318
304.058
302.63
301.726
301.936
302.149
301.809
301.536
300.847
299.802
299.11
298.857
298.849
298.361
297.151
295.96
296.082
297.802
300.684
302.662
303.863
304.769
305.378
305.468
305.831
306.18
306.495
307.028
307.656
308.074
308.091
308.019
308.072
306.447
304.06
299.934
296.699
293.414
289.515
286.21
283.651
281.431
279.744
277.898
275.911
273.451
270.69
267.882
265.374
264.302
265.123
269.457
275.756
280.131
281.74
277.586
260.975
253.823
269.179
274.697
287.254
292.52
290.274
275.788
269.37
271.839
274.917
278.571
278.652
269.386
258.382
252.287
244.81
240.722
241.854
247.993
256.049
272.015
291.712
307.476
307.121
302.484
288.659
263.249
284.928
283.556
287.568
300.165
299.988
295.944
295.191
299.198
291.009
272.798
280.48
277.317
279.761
275.399
275.432
269.457
262.256
260.92
260.973
261.887
261.688
258.445
256.674
247.806
242.189
241.175
237.443
229.448
214.286
206.318
201.612
196.219
294.121
294.215
294.268
294.357
294.415
294.486
294.545
294.597
294.673
294.704
294.798
294.812
294.934
294.948
295.093
295.119
295.274
295.325
295.478
295.555
295.683
295.79
295.876
296.016
296.059
296.239
296.235
296.455
296.423
296.65
296.647
296.814
296.91
296.965
297.187
297.163
297.45
297.458
297.673
297.837
297.902
298.215
298.249
298.477
298.775
298.656
299.397
299.003
299.902
299.824
300.146
301.172
300.404
302.534
301.774
302.626
304.513
303.105
304.926
306.143
303.891
301.823
301.395
301.674
302.449
301.733
301.28
301.137
301.603
301.511
301.348
301.033
300.621
300.162
300.023
300.327
300.651
300.511
299.271
296.739
294.654
294.527
296.337
299.002
301.036
303.011
304.475
305.164
305.804
306.444
306.693
306.792
306.691
306.16
305.164
303.946
302.77
298.895
296.099
291.159
288.585
286.018
283.649
281.848
280.42
278.936
277.397
275.535
273.495
271.22
268.9
266.399
264.665
264.564
266.944
271.255
276.04
280.644
280.559
272.526
257.764
255.744
264.602
267.897
279.609
286.78
295.91
286.956
278.521
277.817
278.273
280.019
277.744
267.07
257.624
252.544
245.041
241.4
240.948
246.319
255.957
276.56
297.584
313.811
317.018
312.369
297.392
299.467
281.507
283.553
285.526
299.414
305.451
295.227
297.762
305.101
297.8
282.526
283.735
282.494
284.441
282.806
280.655
275.322
270.378
269.151
270.033
271.639
267.566
262.873
256.209
246.067
244.787
243.474
236.546
226.844
215
205.705
202.102
201.825
293.518
293.599
293.68
293.761
293.843
293.918
293.994
294.062
294.134
294.19
294.259
294.3
294.38
294.408
294.507
294.528
294.649
294.676
294.814
294.862
295.005
295.086
295.201
295.329
295.399
295.579
295.589
295.815
295.776
296.034
295.982
296.234
296.238
296.429
296.575
296.637
296.991
296.884
297.434
297.234
297.837
297.766
298.175
298.51
298.521
299.406
299.074
300.317
300.067
301.078
301.676
301.658
303.768
303.143
303.986
305.837
304.695
302.888
302.042
301.063
300.108
299.779
299.893
300.286
300.808
300.589
300.567
300.691
301.324
301.313
301.21
301.007
300.815
300.548
300.279
300.603
301.272
301.694
302.274
300.919
297.542
294.38
293.002
293.557
295.126
296.98
299.073
300.226
300.969
301.833
301.963
301.241
299.851
298.253
297.07
295.693
293.31
289.684
288.07
284.62
283.515
282.175
281.104
280.184
279.234
278.118
276.824
275.313
273.82
272.284
270.698
268.793
267.463
267.501
268.495
269.162
270.778
275.199
277.353
268.478
258.145
260.25
263.328
266.796
274.721
278.256
289.825
293.248
288.163
283.218
278.162
276.754
274.714
268.146
262.263
256.083
247.3
243.914
244.568
250.94
260.884
280.043
299.589
315.132
313.624
302.459
279.197
311.505
280.651
281.908
281.628
290.1
303.895
292.584
297.956
302.972
297.627
288.753
285.771
286.065
285.69
283.842
280.167
276.171
272.982
272.44
274.74
273.957
267.581
261.957
253.775
248.585
249.424
245.874
238.539
228.862
218.814
213.046
213.281
215.074
292.996
293.049
293.11
293.167
293.228
293.284
293.342
293.399
293.452
293.505
293.553
293.607
293.657
293.712
293.77
293.833
293.904
293.979
294.068
294.161
294.268
294.373
294.49
294.609
294.733
294.868
294.991
295.145
295.271
295.452
295.596
295.804
295.985
296.201
296.45
296.649
296.991
297.175
297.606
297.835
298.27
298.676
298.985
299.674
299.856
300.762
301.139
301.751
302.865
302.789
304.04
305.134
304.238
303.896
304.428
303.337
301.326
300.214
299.579
298.921
298.675
298.944
299.228
299.503
299.94
300.163
300.271
300.291
300.745
301.042
301.194
301.156
301.203
301.162
300.378
300.518
302.39
302.332
301.842
302.822
302.417
299.486
295.899
293.204
291.956
291.728
292.185
292.633
292.726
293.08
293.154
292.165
290.553
289.196
288.824
288.086
285.942
284.668
284.139
282.845
282.704
282.209
281.839
281.399
280.834
280.187
279.457
278.495
277.646
276.853
275.949
274.714
273.794
273.578
273.668
272.615
270.14
268.736
270.404
267
263.341
266.634
265.755
269.174
274.453
274.615
279.1
284.717
286.038
282.552
277.579
275.846
275.53
273.71
269.676
262.614
254.52
251.333
252.816
258.507
265.916
279.478
296.317
315.056
320.797
294.817
276.794
295.814
282.497
279.854
282.482
284.759
297.563
292.062
294.887
294.202
291.883
288.333
285.863
285.695
283.416
280.806
277.707
275.516
274.183
274.472
274.376
270.089
264.345
260.178
255.213
254.084
254.09
249.74
243.893
235.018
227.645
226.44
228.073
230.24
292.49
292.524
292.559
292.596
292.634
292.672
292.71
292.75
292.792
292.836
292.889
292.947
293.02
293.106
293.201
293.308
293.427
293.559
293.699
293.849
294.012
294.183
294.364
294.548
294.759
294.973
295.202
295.444
295.705
295.981
296.273
296.576
296.893
297.22
297.58
297.949
298.351
298.763
299.21
299.671
300.14
300.617
301.141
301.742
302.294
302.895
303.512
303.828
303.853
304.104
304.568
304.212
303.228
302.704
302.58
302.09
301.299
300.334
299.52
298.995
298.863
299.007
299.171
299.416
299.708
300.036
300.277
300.264
300.309
300.478
300.652
300.577
300.887
301.485
301.333
301.4
303.379
304.021
302.453
302.292
303.648
303.794
301.93
299.095
296.288
294.183
292.682
291.618
290.788
290.181
289.721
288.934
288.021
287.525
287.493
287.085
286.256
286.591
286.314
286.474
286.59
286.518
286.443
286.252
285.972
285.641
285.306
284.76
284.269
283.832
283.293
282.555
281.906
281.51
281.306
280.63
278.168
273.641
271.138
271.113
272.602
275.264
273.432
275.718
278.832
278.713
278.785
278.999
280.576
280.538
279.823
279.962
280.385
280.216
278.035
273.883
268.848
265.803
265.732
268.646
272.135
278.677
288.542
303.734
322.773
317.434
309.294
293.738
284.138
280.725
277.319
283.106
289.76
288.029
287.913
286.929
287.021
286.109
285.424
283.74
281.885
279.801
278.315
277.449
276.914
276.352
273.622
269.182
266.234
264.436
261.974
261.931
260.969
257.292
253.407
246.345
241.747
242.393
243.769
245.495
292.691
292.727
292.772
292.826
292.888
292.964
293.051
293.151
293.258
293.378
293.518
293.66
293.823
293.974
294.144
294.333
294.533
294.738
294.949
295.179
295.417
295.65
295.901
296.152
296.436
296.715
297.004
297.3
297.61
297.941
298.271
298.594
298.936
299.289
299.658
300.023
300.395
300.766
301.143
301.515
301.886
302.254
302.61
302.953
303.264
303.535
303.715
303.789
303.885
304.052
304.063
303.806
303.485
303.178
303.022
303.002
302.795
302.388
301.978
301.747
301.74
301.826
301.869
302.086
302.324
302.575
302.725
302.71
302.659
302.587
302.462
302.353
302.755
303.334
303.939
304.949
305.849
305.394
304.199
303.926
304.61
305.061
304.814
303.921
302.467
300.787
299.238
297.885
296.732
295.865
295.157
294.509
293.999
293.777
293.663
293.351
293.16
293.606
293.463
293.8
293.841
293.832
293.78
293.63
293.422
293.168
292.919
292.584
292.216
291.832
291.441
290.956
290.452
290.038
289.674
289.272
288.191
285.424
282.571
282.213
283.939
285.43
284.321
285.253
286.464
286.471
286.21
285.309
285.683
286.224
286.915
287.375
287.582
287.659
286.877
285.404
283.284
281.419
280.469
281.122
282.191
284.451
288.056
293.276
304.157
314.948
310.844
292.556
287.643
285.864
276.239
282.674
284.894
285.576
286.367
286.914
287.481
287.391
286.983
285.157
284.423
283.089
282.477
281.926
281.209
279.997
277.474
274.831
273.469
272.537
271.325
271.415
270.416
268.211
266.152
261.816
259.143
259.372
259.952
260.464
295.201
295.253
295.336
295.44
295.559
295.688
295.825
295.969
296.117
296.273
296.433
296.589
296.757
296.92
297.098
297.277
297.46
297.646
297.837
298.035
298.232
298.43
298.637
298.838
299.062
299.279
299.49
299.712
299.935
300.17
300.396
300.622
300.857
301.091
301.327
301.564
301.797
302.03
302.262
302.491
302.716
302.937
303.151
303.356
303.547
303.719
303.865
304.002
304.153
304.292
304.369
304.408
304.459
304.503
304.57
304.687
304.746
304.762
304.765
304.82
304.938
305.09
305.233
305.434
305.609
305.77
305.882
305.957
306
305.997
306.03
306.205
306.568
306.967
307.31
307.585
307.664
307.458
307.205
307.191
307.373
307.448
307.306
307.026
306.673
306.231
305.689
305.105
304.491
303.954
303.485
303.073
302.706
302.443
302.244
301.988
301.772
301.759
301.583
301.518
301.334
301.14
300.92
300.657
300.364
300.052
299.739
299.407
299.046
298.664
298.308
297.92
297.531
297.171
296.836
296.53
296.081
295.142
294.06
293.711
294.039
294.268
293.773
293.874
294.069
293.941
293.696
293.187
293.043
293.034
293.158
293.225
293.224
293.167
292.85
292.366
291.711
291.128
290.792
290.934
291.211
291.826
292.88
294.155
296.394
299.768
298.093
292.714
291.966
292.12
288.145
289.216
289.303
289.229
289.369
289.389
289.349
289.068
288.88
287.926
287.484
286.629
285.991
285.367
284.575
283.632
282.292
280.97
280.141
279.625
279.188
279.261
278.858
277.945
276.986
275.1
273.645
272.978
272.503
272.003
252.766
254.227
255.858
262.963
273.665
279.733
280.627
282.902
288.162
291.175
293.3
293.211
294.429
294.979
296.687
298.657
298.405
299.513
298.962
298.616
298.094
297.356
295.563
296.084
290.845
220.422
217.191
215.506
212.283
223.022
239.92
243.606
244.478
257.934
268.13
275.705
274.414
276.207
275.878
278.362
284.463
283.521
286.956
286.801
287.957
289.65
291.057
288.187
292.177
278.562
220.485
222.79
221.523
212.195
206.087
217.09
223.172
215.439
226.742
243.823
260.697
259.263
260.92
259.503
259.198
271.71
271.298
275.363
273.856
274.47
278.797
283.836
279.645
287.329
268.303
230.9
243.977
238.192
228.688
212.015
208.695
216.338
207.142
208.091
220.56
243.931
245.543
246.709
246.983
240.473
258.543
261.074
264.665
260.956
258.571
264.815
274.937
270.099
279.603
260.936
216.13
238.789
244.191
238.426
222.328
207.185
212.303
210.086
205.8
207.523
229.126
234.474
234.105
239.182
227.559
246.219
253.078
256.282
252.154
247.265
251.784
265.406
261.312
270.045
255.193
211.696
227.474
238.931
239.262
229.479
208.925
209.799
215.231
213.673
206.042
219.185
226.734
224.111
233.984
221.549
236.011
246.701
250.547
248.775
244.687
244.436
257.484
254.43
261.081
250.069
240.794
239.948
241.829
238.886
229.588
209.669
208.284
215.096
220.652
212.817
215.754
222.994
217.724
231.064
221.396
228.857
241.35
246.963
248.714
246.654
242.228
252.332
249.924
254.245
246.079
233.592
235.006
240.98
234.305
223.638
208.8
210.149
212.294
218.971
219.638
216.602
221.503
214.211
231.713
226.731
225.244
236.913
244.687
249.424
248.298
241.809
249.262
247.333
249.569
242.943
217.127
228.981
236.226
227.681
220.442
212.737
218.643
217.229
217.213
222.89
218.182
219.929
213.081
237.331
238.166
225.391
233.539
242.91
249.3
248.08
241.042
247.031
245.918
246.421
240.493
223.417
234.378
229.831
225.631
221.451
220.451
220.422
216.322
214.281
224.279
220.075
217.683
214.853
245.76
254.167
229.629
231.62
241.163
247.69
246.193
239.46
244.95
245.21
244.173
238.643
223.331
234.031
222.324
225.185
222.206
220.747
216.076
213.066
207.666
221.61
217.824
214.171
220.766
249.348
266.271
237.242
231.666
239.45
244.622
243.126
237.338
242.791
244.977
242.373
237.416
224.821
228.76
215.933
222.394
220.868
215.955
220.136
222.224
206.233
217.287
210.248
212.175
230.49
241.991
264.661
245.242
233.898
238.174
240.515
239.38
235.203
240.656
245.061
240.752
236.879
226.824
222.815
211.299
219.628
223.851
220.294
225.06
227.525
206.952
214.569
204.365
216.11
242.723
230.568
252.502
250.305
238.147
237.82
235.996
235.451
233.483
238.816
245.368
239.229
237.052
229.035
223.978
213.64
227.958
231.818
228.81
225.441
224.747
206.328
215.035
205.496
226.087
251.5
225.128
243.003
251.748
243.636
238.805
231.857
231.96
232.566
237.507
245.783
237.779
237.873
234.157
232.904
227.849
238.573
230.543
227.177
224.509
223.074
207.223
219.733
213.626
237.436
249.717
228.656
243.798
252.651
249.452
241.297
228.862
229.621
232.722
236.933
246.274
236.501
239.107
238.208
244.154
245.97
236.006
225.495
222.481
223.261
222.727
210.473
225.539
223.532
242.749
242.88
235.025
245.012
252.808
255.173
245.98
228.383
229.37
234.131
237.2
246.768
235.5
240.582
238.298
254.472
254.674
232.979
221.532
216.96
218.957
220.694
214.482
229.914
230.218
239.804
239.891
237.537
239.649
248.25
259.452
252.872
231.12
231.573
236.655
238.33
247.243
234.8
242.162
237.199
261.672
251.781
228.576
217.594
212.495
215.515
218.378
217.887
232.53
232.638
233.907
239.679
241.391
240.41
242.04
261.423
261.37
237.124
236.183
240.115
240.137
247.612
234.406
243.611
237.452
263.383
244.499
220.957
215.089
212.687
215.148
217.388
220.524
233.211
231.278
229.151
239.19
251.325
249.408
239.454
261.259
270.192
246.679
243.087
244.117
242.65
247.576
234.429
244.982
241.583
261.726
237.139
215.268
211.242
213.36
214.554
216.432
222.112
232.067
227.42
226.184
237.927
259.645
254.703
240.358
258.755
273.086
254.999
249.283
247.195
245.533
246.748
235.432
246.036
251.184
256.641
225.084
209.485
207.512
214.406
215.521
216.605
223.615
230.179
223.777
223.332
237.939
260.74
252.249
241.321
256.208
268.396
256.763
251.868
248.621
248.273
245.443
237.425
246.897
263.36
244.912
211.696
205.768
208.643
217.072
217.558
218.334
225.529
227.682
221.933
220.179
242.588
259.342
249.17
241.616
255.75
262.896
254.611
252.167
249.292
250.846
244.196
240.065
247.735
272.386
229.489
204.958
206.544
212.604
222.029
220.484
221.555
227.109
224.988
221.398
220.049
249.327
259.012
249.155
243.22
256.355
260.958
253.98
252.983
250.248
253.333
243.398
242.998
248.46
269.276
217.468
203.881
213.584
219.237
228.949
225.024
226.193
227.491
223.134
221.295
225.148
256.546
258.211
247.94
245.82
256.577
260.746
256.16
255.221
251.715
255.53
243.138
245.615
249.148
254.551
209.819
207.464
221.103
227.946
236.591
230.283
231.027
226.697
223.292
222.345
234.76
267.156
256.073
244.533
247.773
256.34
259.601
259.153
257.837
253.273
257.042
243.215
247.59
249.424
238.875
206.242
212.595
225.623
236.42
244.686
235.577
234.487
225.58
225.695
224.179
249.492
275.223
252.626
242.424
249.029
255.713
257.094
261.231
259.694
254.449
257.755
243.369
248.91
249.505
225.586
206.513
216.315
230.266
244.81
252.517
240.171
236.177
224.691
229.532
227.204
267.089
274.916
247.668
241.939
250.108
254.643
254.152
262.392
260.539
254.998
257.747
243.406
249.942
249.539
215.672
209.543
216.558
232.065
253.205
259.298
243.518
236.694
224.649
232.903
232.648
277.937
269.406
242.219
241.257
250.588
253.459
252.053
263.417
260.643
255.006
257.218
243.328
250.884
249.434
212.129
212.447
213.912
229.583
260.966
265.39
246.12
236.931
225.782
234.131
242.107
281.484
260.481
238.186
241.83
251.041
252.913
251.475
264.663
260.286
254.736
256.223
243.17
251.702
249.326
213.079
214.393
212.081
225.715
266.657
270.673
248.675
237.274
227.833
234.856
260.903
279.316
250.044
237.335
244.593
252.047
253.476
252.312
265.879
259.5
254.619
254.753
242.968
252.271
249.177
215.891
217.156
211.157
219.557
268.488
274.823
251.709
237.932
229.695
237.391
286.78
270.97
240.508
239.439
247.842
253.328
254.889
254.152
267.003
258.15
255.261
252.927
242.787
252.445
249.083
219.304
221.547
212.009
212.745
263.421
276.258
255.43
239.111
229.67
239.862
285.446
259.365
234.286
244.98
251.302
254.808
256.601
256.068
267.493
255.929
257.204
250.96
242.691
252.231
249.056
223.704
227.875
215.815
209.63
252.473
272.757
259.3
241.286
228.105
241.218
251.756
253.144
234.682
251.756
253.689
256.238
258.073
257.37
266.207
252.93
260.625
249.186
242.84
251.768
249.22
228.64
234.901
220.848
209.787
241.872
264.566
262.314
245.049
226.757
241.136
233.225
255.581
238.422
254.635
253.59
257.123
259.108
258.899
261.821
251.071
265.282
248.689
243.169
251.2
249.566
233.039
242.937
227.17
212.633
237.145
255.282
264.531
250.355
227.157
241.558
231.398
257.064
242.19
255.184
252.222
257.696
259.728
260.346
255.737
252.465
269.52
251.327
243.439
250.746
250.05
237.732
250.816
233.881
215.701
239.048
249.97
265.734
255.234
228.91
240.926
228.48
254.566
245.482
255.674
251.239
258.094
259.623
260.787
253.891
255.091
270.478
256.607
244.007
250.743
250.618
241.541
257.813
239.866
216.257
240.786
250.872
267.431
258.46
231.919
240.323
229.922
252.854
248.663
257.076
251.893
259.354
259.268
259.866
259.504
255.17
267.502
261.07
245.642
251.29
251.189
244.979
263.914
245.549
216.764
237.62
254.655
269.445
259.346
233.97
240.304
235.699
251.708
251.207
257.597
253.599
260.664
257.117
256.812
266.766
254.202
262.937
262.028
248.563
252.058
251.662
246.594
267.965
248.778
217.681
234.405
258.337
268.984
257.463
234.673
240.061
245.754
251.54
251.664
256.787
255.734
259.789
253.327
251.747
266.607
254.891
259.193
259.724
252.102
252.504
251.938
247.562
270.109
248.314
217.391
234.831
260.296
264.838
253.771
235.798
240.719
254.181
253.429
251.744
256.62
257.445
262.066
256.902
249.013
259.903
255.86
257.32
256.196
255.065
252.286
252.014
249.123
269.124
244.349
215.68
235.415
261.552
259.151
249.319
235.835
242.076
252
254.195
253.591
256.639
256.935
266.122
265.149
254.855
253.882
255.698
257.069
253.147
256.989
251.489
251.935
248.892
263.521
237.242
214.396
234.343
262.539
253.053
244.293
234.305
241.721
249.977
254.608
254.681
256.868
256.199
263.621
262.527
254.432
251.366
253.286
255.308
250.11
258.109
250.238
251.756
243.754
253.342
228.638
213.02
234.275
263.557
248.408
241.034
233.885
242.482
254.455
256.771
255.237
257.833
256.6
264.04
259.594
243.805
248.877
246.504
248.827
245.379
258.597
248.658
251.534
237.089
241.691
220.729
212.443
235.819
265.12
244.814
240.828
234.083
242.466
255.533
257.681
256.41
259.174
255.896
265.772
256.315
243.751
246.699
239.641
241.391
239.272
258.241
246.524
251.292
232.263
230.426
213.795
213.512
239.115
265.631
240.802
239.921
234.393
242.378
256.923
259.455
257.79
261.146
255.367
268.991
247.297
250.735
246.048
240.099
240.808
237.249
258.162
243.423
251.174
229.207
219.654
209.133
215.985
243.524
265.219
237.657
236.369
235.073
243.942
260.688
261.989
258.829
263.524
253.907
273.153
247.408
254.713
248.749
244.091
245.556
239.714
258.569
239.834
251.463
224.363
211.096
208.456
219.156
247.879
265.645
239.704
243.642
237.835
243.076
263.163
264.2
259.795
266.112
253.863
263.084
253.514
256.013
249.666
243.17
246.443
240.726
257.972
236.217
252.175
214.304
205.006
210.183
221.605
249.562
269.194
249.392
257.335
241.543
242.934
266.398
266.883
261.081
268.474
257.15
247.7
259.126
257.241
249.782
240.49
242.692
238.731
254.117
232.747
253.438
202.019
202.999
214.287
224.411
248.54
273.053
261.084
265.009
245.049
243.309
269.068
269.005
262.62
270.994
262.489
239.756
265.453
261.965
253.134
240.564
237.776
234.184
247.071
230.281
255.451
195.002
206.738
220.044
227.306
245.962
272.805
271.399
265.871
249.519
248.72
272.048
271.292
264.719
273.616
269.377
241.115
269.933
270.265
260.351
244.637
235
228.602
238.615
229.101
258.376
197.495
214.966
226.213
230.754
243.421
266.604
278.577
264.743
255.927
254.553
274.634
273.734
267.865
276.475
276.78
250.084
271.751
278.913
270.009
253.407
238.33
226.261
228.304
228.713
262.342
208.712
225.264
232.531
235.038
242.879
258.176
272.679
265.976
261.41
257.652
277.274
276.644
272.419
279.977
283.329
263.068
274.83
285.497
279.443
264.972
248.636
231.086
217.528
231.03
267.543
223.107
235.408
239.629
241.49
246.522
255.774
262.962
270.53
267.901
265.662
280.555
280.2
278.3
284.369
288.482
275.275
280.588
290.308
286.932
275.978
261.864
242.64
214.784
240.591
274.109
237.222
245.354
248.13
250.346
254.113
260.271
263.212
276.451
274.908
273.526
284.256
284.535
284.626
289.146
292.577
284.661
287.049
294.108
292.387
284.894
274.271
257.538
227.058
257.164
281.329
250.546
255.7
258.078
260.704
263.852
268.457
270.261
281.702
281.103
280.408
288.243
289.008
290.066
293.176
295.669
291.245
292.43
296.984
296.15
291.473
284.426
272.395
249.179
273.997
287.858
263.26
266.247
268.293
270.569
273.014
276.233
277.582
284.426
285.059
285.588
290.102
291.068
292.396
294.564
296.431
294.585
295.463
298.234
298.098
295.636
291.739
284.789
271.387
286.333
293.027
272.552
273.646
275.054
276.737
278.71
280.753
282.36
285.372
286.597
288.718
291.009
291.897
293.237
294.677
295.887
295.894
296.711
297.985
298.298
297.765
296.664
294.449
290.162
295.02
297.109
)
;

boundaryField
{
    inlet
    {
        type            fixedValue;
        value           uniform 300;
    }
    outlet
    {
        type            inletOutlet;
        inletValue      uniform 300;
        value           nonuniform List<scalar> 
57
(
300
300
300
300
300
300
300
300
300
300
300
300
300
300
300
300
300
300
300
300
300
300
300
300
300
300
300
300
300
300
300
300
249.237
249.578
250.059
250.626
251.197
251.672
251.95
252.028
251.951
251.774
251.552
251.311
251.193
251.48
252.191
253.452
255.463
258.386
262.349
267.548
274.115
281.34
287.875
293.051
300
)
;
    }
    upperWall
    {
        type            fixedValue;
        value           uniform 300;
    }
    lowerWall
    {
        type            fixedValue;
        value           uniform 300;
    }
    frontAndBack
    {
        type            empty;
    }
}


// ************************************************************************* //
