/*--------------------------------*- C++ -*----------------------------------*\
| =========                 |                                                 |
| \\      /  F ield         | OpenFOAM: The Open Source CFD Toolbox           |
|  \\    /   O peration     | Version:  dev                                   |
|   \\  /    A nd           | Web:      http://www.openfoam.org               |
|    \\/     M anipulation  |                                                 |
\*---------------------------------------------------------------------------*/
FoamFile
{
    version     2.0;
    format      ascii;
    class       volScalarField;
    object      p_0;
    location    "9.161";
}
// * * * * * * * * * * * * * * * * * * * * * * * * * * * * * * * * * * * * * //

dimensions      [1 -1 -2 0 0 0 0];

internalField   nonuniform List<scalar> 
12225
(
97524
97520.9
97527.6
97545.2
97563
97592.1
97616.8
97665.4
97703.7
97773
97822.3
97911.4
97976.3
98077.2
98150.7
98233.3
98199.5
97777.5
97517.3
97516.1
97523.4
97541.3
97558.9
97588.9
97612.7
97663.7
97698.7
97773.4
97816.8
97911.8
97971.2
98073.2
98149
98246.5
98275.1
98199.4
97505.4
97506.1
97513.9
97531.9
97549.7
97579.4
97603.6
97657.7
97686.3
97770.9
97804.2
97907
97957.4
98063.8
98141.3
98237.6
98316.3
98403.5
97486.6
97488.7
97497.1
97515.3
97533.1
97562.9
97588.6
97640.8
97673.5
97752.2
97790
97891
97941.6
98052.5
98127.5
98233.9
98325.2
98426
97457
97462
97471.1
97489.6
97507.6
97537.8
97565
97615.5
97652.8
97723.9
97772.2
97860.3
97920.9
98026.8
98110.6
98200.2
98304.5
98405.5
97416
97423.3
97432.7
97452.3
97470.6
97501.4
97530
97579.6
97619.9
97686.3
97741.9
97822.4
97894.1
97985.1
98094.1
98149.6
98274.5
98361.8
97362.1
97369.3
97379.4
97399.3
97419.4
97450.2
97480.9
97525.6
97573.1
97634.8
97697.6
97772.7
97852.7
97926.7
98069.5
98124
98259.8
98290.5
97298.2
97308.3
97319.3
97339.9
97361.4
97392.2
97425.3
97469.3
97519.8
97580.1
97647.1
97720.7
97804.3
97875.5
98018
98066.1
98217.6
98238.4
97229.1
97241.7
97254.6
97275.1
97298.9
97329.2
97365.2
97409.4
97462.2
97522.2
97591.9
97664.8
97750.3
97825.8
97952
98008.6
98151.2
98199.9
97140.5
97154
97169.3
97190.2
97216.2
97247.2
97285.8
97330.4
97385.6
97445.7
97517.6
97590.9
97677
97758.1
97868.3
97942.6
98060.9
98136.6
97029.4
97040.2
97057
97079
97107.1
97139.8
97180.4
97226.4
97283.4
97345
97417.9
97493.3
97579
97665.2
97764.3
97852.3
97955.5
98044.7
96879.3
96890.3
96909.7
96932.9
96963.4
96997.4
97040.6
97088.6
97147.8
97211.3
97285.8
97363.4
97450.2
97539.2
97634.9
97728.9
97827.6
97922.9
96691.1
96697.2
96716.8
96742
96774.3
96811.1
96856.5
96907.9
96969
97036
97112.2
97193.3
97281.5
97373.2
97469.6
97567.2
97666.6
97765.8
96436.1
96444.9
96466.5
96494
96528.7
96568.7
96616.9
96672.1
96736
96807.1
96886.2
96971.3
97062.5
97158
97257.2
97358.5
97461.3
97564.8
96107.4
96122.9
96146.3
96176.5
96213.6
96257.4
96309.2
96368.7
96436.8
96512.6
96596
96685.9
96781.5
96881.7
96985.5
97091.9
97199.9
97308.8
95705.9
95721.2
95744.7
95776.7
95816.7
95864.7
95920.9
95985.6
96058.8
96140.2
96229.3
96325
96426.5
96532.8
96642.9
96755.9
96870.6
96986.6
95226
95230.1
95252.6
95286.5
95329.7
95381.9
95443.4
95514
95593.5
95681.5
95777.3
95880.1
95988.8
96102.6
96220.4
96341.3
96464.3
96589
94666.6
94682.7
94709.7
94747.1
94794.3
94851.3
94918.2
94994.9
95081.1
95176
95279.1
95389.2
95505.8
95627.7
95753.8
95883.3
96015.1
96148.6
94147.4
94175.1
94207.5
94249.2
94300.6
94362.2
94434.2
94516.5
94608.5
94709.7
94819.3
94936.2
95059.6
95188.5
95322.1
95459.2
95598.9
95740.5
93724.5
93753.9
93790.1
93835.5
93890.7
93956.2
94032.3
94119
94215.7
94321.8
94436.6
94559
94688
94822.6
94962.1
95105.5
95251.6
95399.6
93391.1
93417
93454.5
93502.4
93560.3
93628.9
93708.4
93798.5
93898.9
94008.9
94127.7
94254.4
94387.9
94527.2
94671.3
94819.4
94970.5
95123.6
93119.4
93150.5
93190.4
93240.3
93300.7
93371.8
93453.9
93546.8
93650
93763
93884.8
94014.7
94151.7
94294.6
94442.5
94594.2
94749.1
94906.2
92918.2
92947.4
92988.3
93039.5
93101.4
93174.4
93258.5
93353.5
93458.9
93574.1
93698.3
93830.6
93970.1
94115.8
94266.4
94421.1
94578.9
94738.9
92762.7
92794.9
92836.5
92888.6
92951.6
93026.3
93111.9
93208.6
93315.7
93432.5
93558.4
93692.5
93833.9
93981.6
94134.3
94291.2
94451.1
94613.3
92651.6
92684.1
92725.6
92778.3
92842.7
92918
93004.8
93102.8
93211.1
93329.1
93456.2
93591.6
93734.3
93883.4
94037.7
94196.1
94357.7
94521.4
92577.1
92606.1
92646.9
92700
92765
92841.5
92929.4
93027.9
93137
93255.8
93383.8
93520.1
93663.8
93813.8
93969.1
94128.7
94291.4
94456.3
92526.9
92553.2
92593.3
92646.6
92712.2
92789.4
92877.8
92977
93086.9
93206.1
93334.7
93471.6
93616
93766.6
93922.6
94082.9
94246.4
94412.2
92498.4
92519.7
92558.9
92612.4
92678.5
92756.2
92845
92944.5
93054.1
93174.3
93303.4
93440.8
93585.6
93736.7
93893.1
94053.8
94217.8
94384.2
92481.7
92500.6
92538.8
92592.8
92659.3
92737.4
92826.4
92926.2
93036.3
93156.5
93285.8
93423.4
93568.4
93719.8
93876.5
94037.5
94201.8
94368.5
92475.6
92492.9
92530.6
92584.5
92651.2
92729.3
92818.5
92918.3
93028.6
93148.9
93278.3
93416.1
93561.2
93712.7
93869.5
94030.6
94195.1
94362
98936.4
98935.4
98933.5
98930.7
98926.7
98921.8
98915.5
98907.8
98898.6
98887.9
98876.2
98863
98848.5
98832.8
98815.8
98797.5
98777.9
98757
98734.7
98710.9
98685.7
98659.1
98631.1
98601.5
98570.5
98537.9
98503.9
98468.5
98431.7
98393.8
98354.4
98313.6
98273.1
98231.3
98187.4
98142.8
98098
98052.1
98006.8
97963
97919.2
97873.7
97826.4
97777.8
97728.6
97678.8
97628.8
97578.7
97528.6
97478.4
97428.1
97377.8
97327
97275.7
97223.4
97169.5
97113.8
97055.8
96995.4
96931.5
96863.7
96791.6
96714.5
96632.1
96543.9
96449.6
96348.7
96241
96125.3
96002.2
95871.7
95734
95589.2
95437.4
95279
95114.5
94944.1
94768.4
94588.2
94403.9
94216.2
94025.6
93833.1
93636.4
93440.8
93244.6
93049.1
92854.6
92662
92471.4
92282.9
92096.1
91910.9
91727.4
91545.8
91366.2
91188.7
91013.4
90840.9
90671.7
90506.1
90344.8
90188.5
90038.2
89895
89759.4
89632.4
89515.5
89410.5
89319.3
89242.4
89179.3
89128.6
89090.8
89067.5
89057.8
89059.9
89072.4
89093.6
89121.1
89151.6
89179.9
89198.2
89209.9
89210.7
89196.8
89169.7
89118.7
89017.9
88919
88777.3
88601.1
88390.4
88148.3
87878.5
87583.5
87266.8
86933.6
86594.4
86260.3
85930.2
85611.3
85308.6
85027.6
84769.6
84536.6
84328.3
84139.9
83964.4
83802
83641.4
83475.5
83296.5
83090.6
82846.8
82567.9
82254.9
81905.1
81506.1
81056.7
80542.2
79934.6
79332
78715.1
78084.4
77444
76815.5
76205.5
75641.2
75207.3
74841.6
74526.5
74243.8
74020.3
73882.8
73832.1
73845.8
73925.9
74069.8
74283.8
98937.5
98936.5
98934.6
98931.7
98928
98923
98916.7
98909.1
98900.1
98889.7
98877.8
98864.6
98850.3
98834.8
98818
98800
98780.7
98760.1
98738.1
98714.7
98689.8
98663.6
98636
98606.9
98576.2
98544.1
98510.7
98475.5
98438.8
98401.7
98363
98321.9
98279.8
98237.5
98195.3
98153.4
98108.8
98060.5
98012.3
97966.3
97921.7
97876.1
97828.7
97780
97730.9
97681
97630.8
97580.6
97530.2
97479.9
97429.4
97378.8
97327.8
97276.2
97223.5
97169.3
97113.4
97055.1
96994.2
96930
96861.8
96789.4
96712
96629.1
96540.1
96444.8
96343.9
96237.6
96121.1
95997.7
95866.8
95728.8
95583.8
95431.7
95273.1
95108.4
94937.9
94762.2
94581.9
94397.7
94210.1
94019.5
93826.6
93631.5
93435.4
93238.4
93042.9
92848
92655.2
92464.8
92276.4
92089.8
91904.4
91720.7
91538.9
91359.3
91181.9
91006.7
90834.2
90665.1
90499.9
90338.8
90182.5
90032.5
89890
89755.3
89628.9
89512.3
89407.8
89316.7
89240.3
89178.1
89128.4
89090.7
89068.2
89059.7
89063
89076.7
89098.7
89126
89155.3
89182
89201.2
89214.4
89216.7
89203.4
89177.4
89129.1
89029.3
88928
88787.6
88613.2
88404.4
88163.9
87894.9
87600.9
87285.1
86951.6
86612.3
86277
85947.7
85630.5
85328.7
85046
84786.5
84552.2
84342.3
84153.9
83981.4
83815.3
83654.6
83486.8
83306.5
83102.4
82856.7
82577.7
82264.9
81916.9
81524.6
81066.9
80549.4
79950.4
79338
78719.6
78092.7
77448.8
76814.5
76198.3
75625
75200
74834.5
74520.9
74253.4
74029.6
73895.3
73850.8
73865.1
73949.6
74101.6
74316.5
98939.9
98938.8
98936.8
98933.9
98930.1
98925.1
98918.8
98911.2
98902.2
98891.9
98880.3
98867.5
98853.6
98838.6
98822.4
98804.9
98786.3
98766.3
98744.9
98722.2
98698.1
98672.6
98645.8
98617.7
98588.1
98557
98524.6
98490.8
98455.5
98417.9
98378.5
98339.9
98300.1
98255.2
98209.6
98166
98121.8
98075.1
98027.2
97979.6
97932.3
97884.5
97835.9
97786.6
97736.8
97686.6
97636.1
97585.4
97534.7
97483.8
97432.9
97381.6
97329.9
97277.6
97224.2
97169.3
97112.7
97053.8
96992.1
96927.1
96858
96784.7
96706.6
96623.3
96533.7
96438.4
96338.2
96228.9
96112.1
95988.1
95856.9
95718.4
95573
95420.7
95261.9
95097
94926.3
94750.4
94570
94385.5
94197.9
94007.6
93814.5
93619.8
93423.7
93227.3
93031.4
92835.9
92642.6
92452
92263.7
92076.9
91891.4
91707.4
91525.1
91345.4
91168.3
90993.1
90820.5
90651.8
90487.1
90326.3
90170.9
90022
89880.5
89747.3
89622.4
89507
89403.4
89313
89237.3
89176.6
89128.5
89092.5
89071.3
89064.3
89068.8
89083.6
89107.3
89134.9
89163.5
89188.9
89210.3
89226
89230.5
89217.8
89192
89144.3
89055.7
88948.4
88808.2
88635.9
88429.8
88192.4
87925.9
87634.2
87321.7
86990.9
86651.9
86314.6
85984.8
85668.1
85366
85083.3
84821.7
84585.3
84373.1
84182.4
84006.5
83837.7
83678.2
83508.7
83326.6
83124.3
82877
82594.5
82282.8
81936.9
81540
81083.2
80559.1
79963.1
79343.4
78730
78101
77452.2
76814.1
76194.4
75612
75192.6
74830.8
74513.9
74263.5
74048.1
73920.1
73877
73903.6
73993.3
74148.9
74381.8
98944.2
98943
98941
98938
98934
98928.7
98922.3
98914.5
98905.7
98895.5
98884.4
98872.4
98859.2
98844.9
98829.3
98812.7
98794.9
98775.7
98755.3
98733.6
98710.7
98686.4
98661
98634.4
98606
98576.3
98545.4
98512
98478.2
98443.1
98403.2
98361.6
98321
98277.9
98232.7
98187.6
98141.2
98093.9
98045.8
97997.2
97948.3
97899
97849.2
97798.9
97748.3
97697.3
97646
97594.6
97543
97491.2
97439.3
97387
97334.2
97280.8
97226.2
97170.3
97112.6
97052.6
96989.8
96923.6
96853.8
96779.4
96699.5
96616.5
96526.6
96429.7
96326.9
96216.6
96099.1
95974.3
95842.4
95703.4
95557.5
95404.8
95245.7
95080.5
94909.6
94733.5
94552.9
94368.2
94180.2
93989.5
93797.1
93602.3
93406.4
93210.2
93014.6
92820.1
92624.6
92433.4
92245.4
92058
91872.1
91687.7
91505
91325.4
91148.7
90973.8
90801.2
90633
90469.1
90309.5
90155
90007.2
89867.4
89736.7
89614.7
89501.9
89399.9
89310.6
89236.4
89177.6
89131.5
89098.2
89078.6
89072.8
89078.6
89094.2
89118.8
89148
89177.1
89203.5
89228.3
89247.1
89254.4
89242.6
89214.2
89173.5
89088.9
88980.5
88841.2
88670.7
88467.8
88234.2
87971.3
87682.5
87373.6
87050.8
86714.8
86372.2
86039.3
85722.2
85424
85139.7
84875.1
84635
84419.1
84225.7
84047.4
83876.2
83713.9
83543.3
83359.5
83157.2
82905.7
82616.7
82306.6
81965.5
81570
81108.8
80575
79971.6
79355.7
78745.7
78110.7
77456.8
76818.1
76198.9
75608.4
75185.8
74835.6
74521.1
74276.7
74080.3
73977.3
73940.7
73974.3
74077.2
74247
74482.2
98950.6
98949.4
98947.2
98944
98939.6
98934
98927.2
98919.6
98911.1
98901.9
98891.7
98880.6
98868.4
98854.9
98840.2
98824.6
98807.6
98789.3
98769.7
98749.2
98727.3
98704.1
98679.9
98654.9
98628.4
98601
98572
98539.5
98504.6
98469.2
98431
98390
98348.1
98304.5
98259.6
98213.5
98166.4
98118.4
98069.8
98020.6
97970.7
97920.3
97869.4
97818.1
97766.2
97714.1
97661.6
97608.9
97556
97502.8
97449.4
97395.6
97341.3
97286.3
97230.3
97172.8
97113.4
97051.9
96987.7
96919.7
96848.5
96774.1
96693
96607
96515.2
96417
96312.7
96201.1
96082.4
95956.6
95823.9
95684
95537.3
95384.1
95224.7
95059.2
94888.2
94712
94531.2
94346.5
94158.4
93967.6
93774.4
93580.2
93384.6
93188.4
92992.5
92797.7
92604.1
92411
92221.2
92034.1
91848.3
91663.8
91480.9
91301
91124.6
90950
90777.8
90610.3
90447.9
90289.5
90136.4
89990.2
89852.5
89724.4
89605.5
89496.2
89397.3
89310.4
89238.3
89181.8
89137.7
89106.6
89089.8
89086
89093.8
89110.5
89135.3
89165.8
89196.6
89225.2
89253.3
89276.6
89287
89277.4
89251.6
89207
89129.1
89023.7
88886.5
88719.1
88520.2
88290.8
88031.1
87745.4
87440.4
87119.6
86785.6
86444.7
86112.2
85792
85489.6
85208.3
84943.2
84699.4
84479.8
84283.2
84102.4
83930.6
83762
83585.4
83397.6
83196.7
82944.7
82649.9
82335.6
81998.9
81609.6
81143.7
80600.3
79995.2
79376.6
78761.6
78121.4
77464.3
76825.5
76212.7
75602.1
75187.2
74845.8
74543.8
74302.3
74128
74034.7
74016.1
74064.5
74179.3
74367.7
74616.5
98959.5
98958.2
98955.9
98952.3
98947.6
98942
98935.8
98928.9
98921.4
98913.1
98903.9
98893.7
98882.4
98869.6
98855.6
98840.7
98824.4
98806.5
98787.5
98768.2
98748.1
98726.7
98704.3
98680.8
98655.4
98628.4
98599.8
98568.9
98535.5
98500
98462.1
98422
98380.1
98336.7
98292
98246
98198.8
98150.6
98101.5
98051.5
98000.8
97949.4
97897.3
97844.6
97791.4
97737.6
97683.4
97628.9
97574.1
97519.1
97463.7
97407.9
97351.7
97294.7
97236.9
97177.5
97116.1
97052.6
96987.7
96917.8
96844.1
96766.5
96684
96596
96502.2
96402.3
96296
96182.8
96062.7
95935.7
95801.8
95660.9
95513.5
95359.7
95199.7
95033.9
94862.8
94686.5
94505.8
94321.3
94133.2
93942.7
93749.8
93555.2
93359.8
93163.8
92967.9
92772.7
92578.8
92386.3
92195.7
92008
91821.8
91637.5
91454.9
91274.8
91098.1
90923.8
90752.2
90585.7
90424.6
90267.8
90116.4
89972.4
89837
89711.2
89595.6
89490.2
89394.6
89311.5
89242.8
89189
89147.5
89119.5
89105.5
89104.7
89115.8
89135
89160.4
89190.9
89222.3
89252.5
89284
89311
89326.5
89320.6
89297.7
89252.8
89179.5
89078.3
88944.5
88781
88586.9
88362.6
88107.4
87823.3
87521.1
87204.7
86875.9
86539.4
86205.4
85883.4
85575.3
85290.6
85026.6
84781.3
84555.2
84353.2
84171.6
84006.9
83827.8
83645.6
83452.2
83236.6
82987
82693.2
82373.8
82036.1
81649.6
81183.7
80632.3
80025.6
79406.2
78779.9
78133.5
77484.6
76852.1
76241.8
75666.5
75207.6
74868.9
74573.9
74343.5
74184.3
74106.9
74102.3
74172.1
74300.7
74503.5
74766.1
98971.2
98969.8
98967.4
98964
98959.7
98954.8
98949.4
98943.4
98936.8
98929.4
98921.1
98911.6
98900.9
98888.9
98875.9
98861.9
98846.7
98830
98812.4
98794.4
98775.6
98755.6
98734.6
98712.3
98688.2
98662.3
98634.6
98604.4
98571.7
98536.7
98499.6
98460.5
98419.5
98376.8
98332.5
98286.7
98239.6
98191.1
98141.4
98090.7
98039
97986.4
97932.9
97878.5
97823.4
97767.7
97711.4
97654.6
97597.5
97540.1
97482.3
97424.2
97365.8
97306.5
97246.7
97186
97122.2
97056.1
96987.9
96915.7
96839.7
96759.4
96674.4
96584.1
96488
96385.9
96277.5
96162.4
96040.7
95912.2
95777
95635.1
95486.8
95332.2
95171.7
95005.6
94834.4
94658.2
94477.6
94293.4
94105.5
93915.1
93723.1
93528.6
93333.1
93137.5
92942.1
92746.8
92552.8
92360.4
92167.7
91980.4
91794
91609.8
91428
91247.9
91070.8
90896.6
90725.8
90560.1
90400.6
90246.2
90097.1
89955.3
89822.3
89699.3
89586.6
89484
89393
89314
89248.9
89197.8
89160.2
89136.7
89126.2
89128.8
89143.3
89166.5
89194.3
89224.7
89255.1
89287
89323.4
89354.9
89374.2
89375.1
89354.5
89311.9
89242.4
89145.1
89016.2
88856.9
88667.3
88447.8
88200.5
87922
87621.3
87306.2
86980.7
86651.5
86316.4
85992
85680.7
85388.4
85126.5
84880
84648.8
84438.4
84249.2
84075.8
83899.3
83715.5
83503.5
83285.8
83032.2
82738.8
82420.9
82081
81692.6
81226.3
80670.1
80060
79440.5
78800
78149.9
77522.2
76912.5
76277.2
75682.3
75240.6
74916.2
74624.3
74403.2
74252.5
74195.5
74204
74288.5
74443
74661.7
74938.1
98986.2
98984.8
98982.7
98979.6
98976.1
98972
98967.5
98962.5
98956.8
98950.3
98942.9
98934.5
98925
98914.4
98902.7
98890.2
98876.7
98861.9
98846.2
98829.5
98811.9
98793.6
98773.8
98752.5
98729.4
98704.3
98677.1
98647.6
98615.8
98581.8
98545.7
98507.5
98467.3
98425.2
98381.3
98335.6
98288.4
98239.6
98189.3
98137.7
98084.8
98030.7
97975.6
97919.3
97862.1
97804
97745.3
97686
97626.2
97566
97505.5
97445
97385.1
97323.4
97260.4
97196.6
97130.5
97061.9
96990.3
96915.1
96836.2
96753
96665.1
96572
96473.3
96368.7
96257.9
96140.8
96017.3
95887.1
95750.5
95607.4
95458
95302.6
95141.6
94975.4
94804.3
94628.2
94447.8
94263.9
94076.6
93886.2
93692.8
93499.8
93305.3
93110.3
92915.6
92720.9
92526.8
92333.6
92142.2
91954.2
91767.9
91583.4
91401.6
91222
91044.9
90871
90701.2
90536.8
90378.7
90226.5
90080.2
89941.3
89810.8
89690.1
89580.5
89481.9
89394.9
89320.4
89259.2
89212.3
89179.2
89160.1
89153.4
89159.4
89176.9
89203.5
89235.1
89268.5
89301.5
89338.8
89380.1
89415.6
89435.5
89440.9
89423.5
89382.9
89317.5
89224.7
89102.1
88947.3
88762.8
88546.6
88305.6
88035
87741.3
87429.8
87101.3
86764.4
86437.9
86118
85808.2
85512.8
85243.8
84995.9
84760.7
84542.1
84341.5
84157.7
83978.9
83786.9
83580.2
83354.9
83093.4
82801
82478.4
82135.3
81744.6
81273
80719.3
80096
79478.1
78825.8
78174.1
77553.8
76959.8
76347.6
75709
75293
74977.3
74697.1
74480.8
74341.8
74301.6
74325
74425.5
74598.9
74839.1
75135.2
99004.9
99003.6
99001.7
98999.2
98996.2
98993
98989.4
98985.5
98980.9
98975.7
98969.7
98962.9
98955.2
98946.4
98936.5
98925.9
98914.4
98901.9
98888.2
98873.4
98857.4
98840.1
98821.3
98800.8
98778.5
98754.1
98727.7
98699.1
98668.3
98635.3
98600.1
98562.7
98523.3
98481.7
98438.1
98392.7
98345.3
98296.1
98245.1
98192.4
98138.3
98082.7
98025.9
97967.4
97907.7
97847.1
97785.5
97723.5
97661
97597.9
97534.9
97471.4
97407.7
97343.4
97277.7
97210.8
97141.9
97069.7
96994.9
96916.5
96834.4
96748
96656.9
96560.7
96459.1
96351.7
96238.4
96119.1
95993.7
95861.9
95723.6
95579.1
95428.7
95272.4
95110.9
94944.5
94773.5
94598.1
94418.2
94234.7
94048.1
93859.3
93667.3
93473.8
93279.6
93084.9
92890.6
92696.7
92503.3
92310.2
92119
91930.6
91744.8
91560.3
91379
91200
91023.2
90850
90681.4
90518.5
90361.9
90211.7
90068.3
89932.6
89805.3
89687.8
89581.6
89486.4
89403
89333
89276.2
89233.7
89205.6
89191.1
89188.7
89198.7
89219.8
89249.6
89285.6
89324.1
89364.2
89408
89452.3
89489
89512.4
89517.6
89503.8
89466.9
89405.5
89318.1
89201.3
89051.6
88873.3
88663.4
88427.1
88163.3
87875.6
87569.5
87246.3
86911.8
86587.2
86266
85956.5
85660.8
85380.8
85132.2
84891.6
84665.3
84454.7
84260.2
84069.9
83871.7
83653.7
83423.5
83185
82877.5
82547.7
82197.1
81807.6
81327.3
80780.3
80132
79517.8
78857.9
78210
77584.7
76993.8
76431
75873.2
75365.4
75058.1
74784.7
74576.7
74456
74427.6
74467.5
74589.2
74787.3
75045.6
75364.7
99027.3
99026.3
99024.6
99022.6
99020.3
99017.8
99015.3
99012.4
99009.2
99005.5
99001.2
98996.3
98990.5
98983.7
98976.2
98967.7
98958.4
98947.9
98936.2
98923.2
98908.9
98893
98875.3
98855.9
98834.6
98811.3
98786
98758.5
98728.8
98696.8
98662.5
98626
98587.2
98546.2
98503.1
98457.9
98410.5
98360.9
98309.2
98255.5
98200
98142.6
98083.6
98022.9
97960.7
97897.3
97832.8
97767.8
97702.1
97636
97569.5
97502.9
97435.9
97368.2
97299.2
97228.7
97155.6
97080.5
97002.1
96920.4
96834.8
96745.1
96650.5
96550.9
96446.2
96336
96220.2
96098.5
95970.9
95837.6
95697.5
95551.5
95400.1
95242.8
95081.1
94914.8
94744.1
94569.2
94390.2
94207.6
94021.4
93831.7
93641.6
93449.7
93257
93063.4
92869.7
92676.4
92484
92291.5
92101
91912.8
91726.9
91543.2
91362.4
91184.2
91008.5
90836.1
90668.7
90507.5
90352.4
90204.3
90063.7
89931.4
89807.6
89693.7
89591.1
89499
89419.6
89354
89302.2
89264.4
89241.4
89231.8
89233.9
89248.9
89274.5
89308.7
89349.3
89393.8
89441.5
89489.9
89535.3
89570.9
89593.8
89605.5
89596.5
89564.9
89508
89426.2
89316
89172.5
88997.7
88795.7
88567.8
88311.9
88029
87726.7
87409.1
87084.2
86760
86437
86125
85829.8
85544.8
85292.4
85043.4
84807.5
84586.4
84381.3
84179
83968.5
83739.8
83500.7
83263.6
82957.5
82625.7
82266.6
81871.3
81387.5
80838.2
80188.5
79566.2
78905.5
78267.5
77640
77064.2
76493.3
75976.1
75459.2
75164.4
74896.5
74695.3
74596.2
74578
74636
74778.5
75000.8
75292.4
75641
99052.9
99052
99050.8
99049.3
99047.6
99046
99044.5
99042.8
99041
99039
99036.5
99033.5
99029.8
99025.4
99020.1
99014
99006.8
98998.5
98988.9
98977.8
98965.1
98950.8
98934.7
98916.7
98896.8
98874.9
98850.9
98824.8
98796.4
98765.4
98732.4
98697
98659.2
98619.1
98576.6
98531.7
98484.2
98434.2
98381.7
98326.9
98269.9
98210.7
98149.6
98086.5
98021.7
97955.5
97888.1
97819.9
97751
97681.5
97611.7
97541.6
97471
97399.7
97327.2
97252.6
97176
97096.8
97014.2
96928.3
96838.8
96745.3
96647.1
96543.9
96435.8
96322.6
96204.1
96080.1
95950.5
95815.3
95673.5
95526
95372.9
95215.6
95053.7
94887.9
94717.7
94543.6
94365.7
94183.8
93999.6
93812.4
93622.7
93431.5
93239.8
93047.6
92855
92662.6
92471.3
92280.4
92090.6
91902.7
91717.7
91534.1
91354.5
91177.7
91003.1
90831.5
90665.1
90505.4
90352.2
90206.5
90069.1
89939.9
89820
89709
89609.1
89521.7
89446.6
89385.9
89339.5
89307.1
89289
89284.8
89291.5
89311.8
89342.7
89381.9
89427.5
89477.5
89530.1
89582.1
89629.3
89667.3
89694.2
89708.4
89702.5
89676.3
89624.5
89547.9
89444.9
89309.9
89141.5
88946.4
88727
88479.1
88205.5
87905.2
87595.6
87277
86952.4
86633.8
86319.5
86022.4
85730.6
85461.4
85216.6
84972.5
84739.6
84522.2
84307.9
84081.8
83835.5
83591.3
83347.1
83037.9
82711.4
82347.4
81937
81457.1
80899
80265.1
79626.8
78975.3
78346.5
77715.8
77173.9
76568.6
76063.4
75601.9
75288.5
75033.6
74842.3
74758.6
74757.5
74834.7
74997.2
75247.2
75574.8
75956.7
99080.2
99079.6
99078.7
99077.8
99077
99076.4
99075.9
99075.5
99075.2
99074.7
99074.1
99073.1
99071.8
99069.8
99066.9
99063.2
99058.4
99052.3
99044.8
99035.8
99025.2
99012.9
98998.5
98982.5
98964.5
98944.5
98922
98897.7
98871
98841.8
98810.2
98776.1
98739.5
98700.4
98658.6
98614
98566.5
98516.2
98463.1
98407.4
98349
98288.2
98225.2
98159.9
98092.7
98023.8
97953.5
97882.1
97809.8
97736.8
97663.3
97589.3
97514.8
97439.5
97362.9
97284.2
97203.3
97119.8
97032.9
96942.2
96848
96750.3
96648.2
96541.4
96429.7
96313
96191.5
96065.1
95933.6
95796.1
95653.9
95505.5
95351.9
95193.7
95031.6
94866.2
94696.7
94523.5
94347
94166.5
93983.5
93798.1
93610.4
93420.9
93230.8
93040.5
92849.4
92658
92467.9
92279.3
92090.8
91903.6
91718.8
91537
91359.1
91183.2
91009.8
90839.6
90674.9
90516.9
90365.9
90222.6
90088.1
89961.5
89845.5
89737.9
89640.7
89557.1
89486.5
89430.9
89390.2
89363.3
89350.8
89351.7
89364.1
89389.7
89425.2
89469.3
89520.2
89575.1
89631
89685.8
89735.1
89776.2
89807.2
89820.8
89821.7
89802.6
89757.6
89686.9
89590.4
89463.1
89303.9
89117
88906.9
88667.5
88404.2
88110.9
87807.3
87498.3
87177.5
86858.5
86547.7
86245
85946.2
85664.1
85414.4
85161.5
84915.8
84683.9
84455.4
84214.6
83947.8
83698.9
83447.3
83132.6
82805.6
82444.3
82040.2
81549.7
80977.1
80356.2
79704.1
79064.6
78444
77808.3
77324.6
76726.1
76193.3
75749.1
75436.3
75189.9
75014.3
74948.1
74966.6
75065.7
75250.1
75531.7
75894.1
76310.9
99107.8
99107.4
99107
99106.7
99106.8
99107.2
99107.9
99108.9
99110.1
99111.4
99112.7
99113.9
99114.8
99115.3
99115
99113.9
99111.7
99108.2
99103.3
99096.9
99089
99079.5
99066
99052.8
99037.3
99019.6
98999.6
98977.2
98952.6
98925.3
98895.4
98862.9
98827.7
98789.7
98748.8
98704.9
98657.8
98607.4
98553.9
98497.3
98437.9
98375.8
98311.1
98243.9
98174.6
98103.2
98030.2
97955.6
97879.6
97802.7
97725.1
97646.7
97567.7
97488.1
97407.3
97324.1
97238.5
97150.3
97058.6
96963
96864
96761.7
96655.5
96544.8
96429.7
96309.7
96184.9
96055.8
95922.3
95783.8
95640.3
95490.9
95336.6
95178.2
95016
94851.1
94683
94511.3
94336.2
94157.8
93976.5
93792.9
93607.4
93420.2
93232.2
93044
92855.3
92665.6
92477
92290.3
92103.9
91918.2
91734.6
91554.5
91377.9
91203.8
91032.1
90863.5
90700.8
90545.1
90396.3
90255.3
90123.7
90000.7
89886.9
89782.8
89688.8
89608.8
89542.8
89491.9
89456.7
89435.6
89428.8
89435.2
89453
89483.7
89523.9
89572.9
89628.4
89687.2
89746.2
89802.1
89853.3
89895.1
89929.3
89951.4
89957
89945
89907.4
89843.1
89754.8
89637
89486.5
89308.2
89107.5
88878.1
88621.1
88339.7
88040.5
87741.9
87432
87110.8
86799.9
86482.1
86192.4
85902.4
85639.2
85375.9
85116.5
84870.2
84627
84373.1
84094.8
83826.6
83562
83247
82915.1
82557
82150.1
81661.1
81079.5
80466.8
79804.4
79161.9
78555.7
77923.2
77461.7
76901.9
76349.4
75922.6
75611.5
75373.2
75211.2
75166.4
75206.1
75329.6
75542.3
75857.8
76251.7
76704.2
99134.1
99134.3
99134.2
99134.6
99135.4
99136.9
99138.8
99141.3
99144.3
99147.6
99151.1
99154.6
99158.1
99161.1
99163.6
99165.3
99166
99165.3
99163.4
99159.9
99154.7
99147.7
99138.7
99127.9
99115
99099.8
99082.4
99062.5
99040.1
99015.1
98987.2
98956.6
98923.1
98886.5
98846.9
98804
98757.5
98707.5
98653.8
98596.7
98536.6
98473.4
98407.4
98338.7
98267.4
98193.9
98118.1
98040.2
97960.7
97879.9
97798.1
97715.4
97631.9
97547.3
97461.8
97374.2
97283.4
97189.9
97093
96992.1
96888
96781
96670.5
96555.9
96437.1
96314
96186.4
96054.6
95918.7
95778.8
95634.1
95484.3
95329.4
95171
95009.7
94845.7
94678.9
94508.9
94335.7
94159.7
93980.9
93799.7
93616.9
93432.5
93246.7
93061.1
92875.4
92688.2
92501.7
92317.2
92133.3
91949.5
91767.7
91589.3
91415.2
91242.4
91072.5
90906.3
90745.7
90592.3
90447
90306.9
90179.1
90059.4
89948
89847
89756.2
89679.8
89618.9
89572.1
89541.9
89526.8
89525.8
89537.9
89560.7
89596.1
89641.1
89694.5
89754
89816.4
89878.4
89935.7
89987.9
90033.2
90070.4
90098.7
90110.9
90105.3
90075.5
90019
89938.1
89830.4
89690.2
89520.9
89329.2
89111.6
88862.2
88588.7
88300.6
88008
87707
87386.8
87051.9
86741.5
86452.4
86168.5
85893.4
85616.8
85342.9
85080.4
84820.8
84555.3
84267
83977.7
83698.3
83384.7
83045.2
82680.2
82249.4
81782.4
81199.1
80595.6
79934.4
79274.6
78675.2
78076.7
77586.1
77051.8
76531.3
76122.9
75811.5
75580.9
75437.7
75416.4
75475
75628
75875
76226.1
76652.6
77142.4
99157.9
99158.2
99158.6
99159.6
99161.3
99163.8
99167.2
99171.4
99176.2
99181.7
99187.6
99193.8
99200.1
99206.2
99211.7
99216.6
99220.6
99223.4
99224.9
99224.8
99223
99219.3
99213.8
99206.2
99196.4
99184.3
99169.7
99152.7
99132.9
99110.3
99085
99056.6
99025.1
98990.5
98952.5
98910.8
98865.5
98816.3
98763.1
98706.2
98645.6
98581.7
98514.7
98444.8
98371.9
98296.3
98217.8
98137.1
98054.4
97969.5
97883.2
97796.1
97707.9
97618.3
97527.7
97435.1
97339.1
97240.1
97137.6
97031.3
96921.9
96809.8
96694.8
96576.2
96453.9
96327.7
96197.3
96063.2
95925.4
95783.9
95638.1
95487.1
95332.6
95174.6
95014.2
94851.6
94686.9
94519.3
94347.7
94174.1
93998.6
93820.8
93641.4
93460.4
93277.4
93094.4
92911.7
92728.1
92544.4
92362.3
92181.3
92000.3
91820.9
91644.7
91472.7
91302.8
91135.8
90971.7
90812.8
90661.7
90519
90383.9
90257.9
90140.9
90032.4
89933.7
89847
89773.7
89717.3
89674.9
89649.6
89640.1
89644.2
89662.4
89690.3
89730.1
89779.2
89836.8
89899.6
89965.6
90030.7
90091.2
90146.5
90193.7
90233.2
90266.5
90288.1
90287.6
90265.2
90217.1
90143.9
90045.6
89916.5
89757.7
89576
89370.4
89133.6
88869.1
88591.1
88305.1
88008.5
87696.3
87374.2
87056.8
86758.8
86467.4
86181.4
85889.5
85600.2
85319.7
85040.5
84761.9
84464.8
84140.5
83859.8
83546
83202.9
82821.9
82393.8
81933.6
81336.7
80730.3
80090.5
79425.6
78806
78258.5
77731.1
77227.3
76740.9
76349.3
76041.9
75819
75698.5
75698
75772.5
75959.9
76247.2
76636.6
77102.6
77639.3
99176
99176.7
99177.4
99179.2
99182
99185.8
99190.9
99197
99204.2
99212.2
99221.1
99230.4
99239.9
99249.3
99258.5
99267.1
99274.8
99281.5
99286.7
99290.4
99292.5
99292.7
99290.9
99286.9
99280.6
99271.9
99260.7
99246.8
99230.1
99210.5
99187.8
99161.9
99132.9
99100.6
99064.6
99024.9
98981.2
98933.5
98881.5
98825.3
98765.1
98701.2
98633.6
98562.6
98488.3
98410.8
98330.1
98246.3
98160.1
98071.6
97981.1
97889.5
97796.7
97702.1
97606.1
97508.6
97407.4
97302.4
97193.7
97081.6
96966.7
96849.9
96730.7
96608.3
96482.4
96353.2
96220
96083.3
95943.5
95800.5
95653.5
95502.8
95348.7
95191.5
95032.2
94871.2
94708.8
94543.5
94375.9
94205.4
94032.6
93858.2
93682.2
93505.3
93326.4
93146.8
92967.7
92788.1
92607.8
92428.6
92251.1
92073.9
91897.5
91723.7
91554.3
91388.3
91225.3
91061.8
90906
90757.8
90618.2
90486.9
90363.7
90248.8
90142.3
90046.2
89963.9
89894
89841.4
89803.9
89783.2
89778.5
89788.1
89811.8
89845.2
89889.1
89942.2
90003.2
90070
90138.7
90207.4
90271.9
90332
90385.1
90429
90464.3
90489.4
90493.9
90478.1
90438.1
90373.1
90284
90166.4
90019.2
89850.7
89658.8
89435.8
89184.7
88914.2
88634.3
88343.8
88038.9
87734.7
87407.3
87100
86799.9
86503.2
86193.6
85889.5
85592.5
85294.4
84999.3
84692.6
84355.7
84051.5
83725.1
83347.3
82974.8
82568.1
82116.9
81517.2
80889.6
80259.2
79617.8
78952.6
78461
77912.2
77440.7
76969.6
76596.9
76305.3
76093.7
75999.4
76010.9
76102.3
76328
76659.4
77091.7
77603.6
78200.7
99186
99187
99188.5
99191.1
99195
99200.3
99207.3
99215.8
99225.7
99236.9
99249.3
99262.2
99275.5
99289
99302.2
99315
99327
99338
99347.6
99355.6
99361.9
99366.3
99368.6
99368.6
99366.2
99361.4
99354
99343.9
99330.7
99314.3
99294.7
99271.9
99245.6
99215.7
99182.1
99144.5
99102.9
99057
99006.8
98952
98892.7
98829.4
98762
98690.5
98615.1
98535.9
98453.1
98366.7
98277.7
98186.5
98092
97995.9
97898.8
97799.6
97698.7
97595.7
97489
97378.2
97263.5
97145.3
97025.1
96903.5
96779.8
96653.6
96524.3
96392.2
96256.7
96117.7
95976
95831.5
95684.5
95533.9
95380.6
95225.6
95068.6
94910
94748.6
94585.6
94420.9
94253.9
94085.2
93914.9
93742.9
93570.1
93396.1
93220.8
93045.8
92870.8
92695
92519.4
92345.8
92173
92000.5
91830.1
91663.8
91501.3
91341.3
91181.7
91030.6
90883.1
90747.4
90619.5
90499.6
90387.1
90282.8
90189.8
90111.1
90045.5
89996.2
89963.2
89945.8
89945.6
89961.1
89989.6
90029
90077.1
90134.5
90198.5
90269
90340.7
90412.5
90481.4
90546.8
90606.1
90654.6
90692.4
90719.8
90730.1
90719.1
90686.9
90630.7
90549.7
90443
90307.7
90150.9
89974
89768.9
89533.2
89272
88995.6
88713
88416.7
88115.6
87785.4
87459.9
87158.1
86853.4
86528.6
86210.4
85898.4
85582.7
85267.4
84948.7
84600.5
84272.7
83928.3
83519.3
83148.5
82754.2
82318.8
81735.5
81089.4
80453.9
79818.8
79131.6
78689.7
78128.9
77705.3
77225.8
76873.3
76598.9
76404.2
76334.5
76356.1
76470.6
76740.7
77115.1
77591.6
78152.3
78814
99183.7
99185.7
99188.4
99192.2
99197.4
99204.2
99213.6
99225.2
99238.7
99253.8
99270.1
99287.3
99305.2
99323.4
99341.5
99359.1
99375.9
99391.6
99405.9
99418.8
99429.8
99438.8
99445.6
99450.1
99452.2
99451.8
99448.6
99442.4
99433.1
99420.6
99404.8
99385.4
99362.4
99335.5
99304.5
99269.4
99230
99186.3
99137.9
99084.6
99027
98965.2
98898
98826.4
98750.6
98670.5
98586.7
98498.6
98407.1
98313.3
98216
98116.6
98015.7
97912
97805.5
97697
97585.4
97469.3
97348.5
97224.2
97098.9
96972.9
96845.1
96715.1
96582.4
96447.1
96309.2
96168.4
96025
95879.4
95732
95582.3
95430.1
95276.9
95122.3
94966.2
94808
94648
94486.6
94323.3
94158.5
93992.9
93825.9
93657.9
93489.2
93319.2
93149.2
92979.4
92808.9
92637.9
92468.7
92300.7
92132.9
91966.7
91804.1
91645
91488.9
91334.8
91186.3
91043.2
90910.6
90785.9
90669.3
90559.3
90458.1
90368
90293
90231.5
90185.8
90156.2
90141
90145.8
90166.3
90199.8
90244.9
90298
90359
90426.7
90500.4
90576.1
90650.9
90723.7
90793.4
90858.3
90911
90952.7
90982
90995.1
90989.8
90964
90915.5
90845.4
90750.1
90629.4
90483.3
90316.3
90129.3
89911.1
89661
89392.3
89115.8
88825.7
88515.9
88200.9
87878.6
87550
87206.4
86893.3
86565.5
86239.5
85906.1
85569.9
85236.8
84877.3
84532.8
84164.3
83745.9
83359.6
82970.3
82547.9
81973.1
81315.2
80678.7
80037.4
79369.7
78901.7
78382.5
78000.1
77515.3
77187.6
76922.9
76749.7
76708.8
76737.2
76885.1
77206.7
77617.8
78137.1
78742.2
79463.5
99169.3
99172
99175.5
99179.7
99186.1
99194.8
99206.6
99222
99239.3
99258.9
99279.8
99301.5
99323.8
99346.4
99368.9
99391
99412.4
99432.6
99451.6
99468.9
99484.3
99497.7
99508.8
99517.6
99523.9
99527.6
99528.4
99526.2
99520.9
99512.3
99500.3
99484.5
99464.8
99441.2
99413.1
99380.8
99343.9
99302.2
99255.9
99204.5
99148.7
99087.9
99021.3
98950.7
98875.6
98795.1
98710.9
98622.2
98529.6
98434.3
98335.2
98233.4
98129.4
98021.9
97911.4
97798.6
97682.6
97561.9
97436.5
97308.1
97178.3
97048.5
96917.4
96784.7
96649.8
96512.4
96372.4
96230
96085.4
95938.8
95791.6
95642.6
95491.9
95340.1
95187
95033.1
94878
94721.4
94563.8
94404.9
94244.7
94083.6
93921.4
93758.4
93595.3
93430.8
93265.8
93101.3
92936.3
92770.5
92606
92443
92280.2
92118.6
91960.1
91805.5
91654.6
91502.5
91358.3
91220.1
91090.7
90969.4
90855.9
90748.9
90650.6
90563.7
90492.2
90433.8
90392.1
90365.4
90353.1
90362.6
90387.1
90426
90475.7
90534.1
90598.8
90670.2
90747
90825.6
90903.5
90979.2
91052.9
91121.7
91177.7
91220.9
91255.1
91272.4
91272
91254.4
91214.1
91154.2
91069
90959.9
90827
90672.5
90499.9
90295.8
90056.7
89799.3
89533.6
89250.4
88936.1
88635.9
88326.1
87987
87621
87283.3
86939.4
86601.4
86251.9
85897.4
85548.1
85171.5
84770.8
84423.8
84006.8
83612.6
83207.8
82805.2
82225
81565.2
80929.9
80281.8
79643.7
79173.9
78677.3
78285.8
77833.6
77538.9
77278.2
77127
77118.8
77159.2
77355.8
77727.9
78171.2
78734.8
79385.6
80148.9
99147.4
99150.9
99155.4
99160
99168
99179
99193.1
99212.5
99233
99256.6
99281.4
99307.5
99334
99360.5
99386.8
99412.7
99437.7
99461.8
99484.4
99505.4
99524.5
99541.5
99556.3
99568.7
99578.6
99585.8
99590.2
99591.6
99590
99584.8
99576.1
99563.5
99547
99526.4
99501.1
99471.6
99437.1
99397.7
99353.8
99304.2
99249.7
99190.4
99125.2
99055.6
98981
98900.9
98816.9
98728.6
98635.9
98539.3
98438.7
98335.5
98229.7
98119.4
98005.5
97889.3
97770.6
97647.1
97518.5
97387.1
97254.9
97121.5
96987.6
96852.8
96716.1
96577.2
96436.2
96293.2
96148.1
96001.8
95854.3
95705.7
95556
95405.4
95254.2
95102.3
94950.1
94796.7
94642.6
94487.8
94331.7
94175.3
94017.9
93859.5
93701.7
93542.6
93382.6
93223.3
93063.7
92903
92743.4
92585.3
92427.6
92270.7
92116.5
91966.6
91820.6
91671.7
91532.1
91397.7
91272.1
91154.2
91044
90940
90844.7
90761.4
90692.4
90637.4
90599.6
90575.6
90567.9
90581.2
90609.7
90653.4
90707.5
90770.3
90840.2
90914.2
90993.6
91074.6
91155.7
91234.8
91311.9
91382.9
91441.7
91487
91527.1
91551.2
91557
91545.8
91514
91460.5
91386.5
91288
91166.3
91025.4
90866.8
90679.4
90452.1
90205.1
89952.3
89685.1
89388.8
89082.5
88762.6
88430.9
88057.5
87693.3
87329.6
86976.2
86613.2
86243.7
85876
85486.2
85065.5
84702.6
84283.7
83875
83456.4
83061.1
82491.9
81850.8
81215.7
80557.9
79945.8
79481
78996.4
78581.4
78178.2
77923
77672.9
77542.5
77566.4
77623.3
77878.1
78300.1
78776.3
79392.2
80094.7
80879.9
99108.8
99112.4
99117.6
99124.8
99136.7
99153.4
99173.2
99197.1
99221.4
99248.9
99277.5
99307.7
99338.3
99369
99399.3
99429
99457.8
99485.4
99511.6
99536.1
99558.8
99579.5
99597.9
99613.8
99627.3
99638
99646
99651
99652.7
99650.8
99645.5
99636.2
99623.1
99605.6
99583.2
99556.8
99525
99488
99446.6
99399
99346.4
99288.9
99225.2
99156.7
99083.2
99004.2
98920.6
98832.5
98739.5
98642
98541
98437.1
98329.1
98216.3
98100.3
97982
97860.8
97734.8
97604
97469.9
97334.4
97198.5
97063
96926.8
96788.7
96648.4
96506.1
96362.3
96217.6
96071.6
95924
95776.3
95627.9
95479
95329.7
95180.1
95030.7
94880.7
94730.3
94579.6
94427.9
94275.9
94123.7
93970.3
93817.6
93664.2
93509.8
93355.9
93201.9
93046.9
92892.5
92739.7
92587.4
92435.7
92286.1
92140.8
91999.3
91856.2
91720.5
91590.3
91469.2
91354.6
91247.9
91147.2
91055.3
90975.5
90908.3
90857.6
90823.1
90803.2
90800.7
90817
90849.8
90897.5
90955.9
91023.1
91098.2
91175.2
91256.2
91340.5
91424
91506.4
91586.2
91659.6
91721.8
91771.3
91817.2
91847.7
91858
91854
91830
91783.3
91718
91630.4
91519.4
91391.5
91245.5
91074.6
90862.2
90627.5
90391.9
90143.5
89859.7
89552.9
89217.5
88870.1
88513.3
88136.3
87759.3
87385.8
87008.5
86622.9
86234.4
85834.7
85402.9
85014.1
84586.2
84139.5
83728.6
83272.6
82754.6
82164.2
81540
80868.1
80285.5
79815.8
79325.9
78915.5
78566.3
78344.1
78111.4
78012.8
78072.4
78143
78462.5
78920.9
79437.7
80112.5
80864.9
81673.4
99054.7
99057.2
99060.7
99071.5
99091.5
99117.9
99146.5
99174.2
99205
99237.1
99270.1
99304.2
99338.5
99373
99407.3
99440.8
99473.2
99504.1
99533.7
99561.6
99587.8
99611.8
99633.7
99653.2
99670.3
99684.5
99696
99704.3
99709.3
99711
99709.1
99703.1
99693.4
99678.8
99659.6
99636.2
99607.2
99572.8
99533.8
99488.6
99438.1
99382.5
99320.7
99253.5
99181.4
99103.6
99020.5
98932.9
98840.4
98742.7
98641.1
98536.3
98427.2
98312.9
98195
98074.7
97951.9
97824.6
97691.9
97555.4
97417.9
97280.7
97143.5
97005.8
96866.3
96725
96581.9
96437.4
96292
96146.1
95999.5
95852.8
95706.2
95559.2
95412.2
95265.2
95118.7
94972.2
94825.6
94679.1
94532
94384.7
94237.7
94089.6
93942
93794.6
93646
93497.7
93349.7
93200.7
93051.8
92904.6
92758
92611.9
92467.4
92326.9
92190.7
92053.3
91922.2
91796.2
91680.2
91569.1
91466.1
91369
91281
91204.5
91139.9
91093.2
91061.7
91047.2
91050.2
91069.6
91107.2
91158.1
91220.3
91291.8
91370.7
91451.8
91535.6
91623
91708.7
91794.3
91876.7
91951.7
92017.4
92073.7
92126.6
92161.8
92176.1
92178.9
92163.5
92124.7
92067.3
91989.4
91889.6
91775.3
91642
91484.1
91289.2
91070.9
90852.4
90623.7
90345.8
90042.5
89707.6
89355.4
88993.6
88610.7
88227.1
87836.6
87443.6
87039.7
86630.9
86220.3
85777.1
85354.8
84916.4
84459.9
84044.7
83543.8
83046.4
82506.6
81901.8
81206.8
80673.8
80184.2
79682.9
79304.1
79012.9
78810.6
78598
78544.4
78633.1
78716.9
79112.6
79598.5
80161.2
80897.6
81694
82533.2
98974.8
98981.3
98984.1
99002.5
99037.4
99078.6
99115.5
99146.3
99183.9
99221
99258.9
99297.4
99335.4
99373.4
99411.2
99448.2
99484.1
99518.6
99551.5
99582.6
99612
99639.2
99664.4
99687.3
99707.6
99725.3
99740
99751.8
99760.1
99765.3
99766.7
99764
99757.4
99746.1
99730.1
99709.7
99683.6
99652
99615.6
99572.9
99524.6
99471.2
99411.3
99345.8
99275.1
99198.5
99116.6
99029.9
98938
98840.2
98738.6
98633.7
98523.7
98408.1
98289
98167.7
98043.8
97915.2
97781.2
97643.7
97504.7
97365.7
97227.3
97088.5
96948.2
96806.1
96662.7
96517.7
96371.9
96226.8
96081
95935.1
95789.9
95644.9
95500.3
95356.3
95212.7
95069.8
94927.2
94785
94642.8
94500.4
94358.7
94216.3
94074.1
93932.6
93790
93647.6
93505.7
93363
93220.1
93078.7
92938.1
92798
92658.8
92523.7
92392.6
92262.1
92135.8
92015.1
91902.8
91796.5
91697.4
91604.4
91520.7
91447.3
91386.3
91342.6
91314.8
91306.9
91315.6
91338.3
91381.2
91435
91500.5
91575.5
91658.1
91743.4
91831.9
91922.4
92010.3
92098.6
92183.2
92259.7
92329.8
92394.8
92454
92492.7
92511.6
92521.1
92514.4
92483.3
92434
92368
92281.9
92180.4
92055.3
91907.7
91732
91533.5
91331.2
91109.9
90844.9
90550.9
90218.1
89868.4
89505.3
89121.4
88730
88322.5
87917.1
87493.2
87067.2
86644.9
86186.9
85733.1
85287.6
84827.9
84403.4
83901.6
83431.8
82904.5
82304.7
81573.8
81123.5
80591.2
80090.7
79769.6
79518.6
79321.3
79125.1
79130
79224.1
79375.7
79821.9
80339.7
80949.9
81744.3
82572.5
83447.6
98916.6
98892.7
98908.5
98933.3
98984.1
99042.6
99084.5
99115.5
99159.5
99202.4
99245.2
99287.7
99329.4
99370.6
99411.4
99451.6
99490.8
99528.6
99564.9
99599.3
99631.7
99662.1
99690.5
99716.6
99740.1
99760.9
99778.8
99793.8
99805.5
99814
99818.5
99819.1
99815.9
99807.9
99794.9
99777.5
99754.4
99725.8
99691.9
99651.8
99605.9
99554.6
99497.1
99433.5
99364.4
99289.4
99208.8
99123.1
99031.8
98934.7
98833.7
98728.6
98618.2
98502.4
98382.8
98260.5
98135.5
98006.1
97871.4
97733.1
97593.1
97453.4
97313.9
97174.2
97033.3
96890.8
96747
96602.1
96459
96313
96167.5
96022.8
95878.9
95735.8
95593.5
95452.3
95312
95172.7
95034.2
94896.4
94759.2
94622
94485.5
94349.1
94212.5
94076.9
93940.6
93804.3
93668.7
93532.7
93396.1
93260.9
93126.5
92992.7
92859.3
92730.2
92604.5
92480.4
92359.6
92244.4
92136.7
92035.4
91940.7
91852.9
91773.2
91702.7
91646
91605.4
91582.3
91580.9
91595.5
91621.7
91669.6
91727.6
91796
91874
91960.2
92049.8
92144.5
92238.8
92328.7
92419.5
92506.9
92585.6
92657.5
92734.3
92798.4
92839.6
92864
92881.2
92882.8
92860
92820.1
92767.6
92696
92604.8
92486.2
92348.6
92191.8
92018.1
91836
91598.4
91362.9
91082.6
90756.8
90411.2
90048.6
89665.9
89264.3
88841.8
88424.9
87982.4
87546
87108.9
86636
86158.9
85707.6
85231.4
84775.4
84298.3
83889.6
83352.6
82741
82000.3
81631.1
81037
80570.4
80301.3
80062.6
79861.7
79703.1
79746.8
79868.8
80101.6
80597.7
81140.4
81815.9
82647.2
83499.8
84413.9
98795.3
98814
98820.2
98854.8
98933.1
99006.6
99045.7
99090.3
99136.6
99183
99229.5
99275.7
99320.9
99365.5
99409.4
99452.4
99494.4
99535.1
99574.4
99611.9
99647.4
99680.9
99712.4
99741.5
99768.1
99792
99813.2
99831.1
99846
99857.4
99865
99868.9
99869
99864.1
99854.2
99839.8
99819.9
99794.2
99763
99725.6
99682.2
99633.2
99577.9
99516.5
99449.3
99376.1
99297
99212.5
99122.3
99026.3
98925.9
98821
98710.7
98595.2
98475.4
98352.6
98226.6
98096.2
97961.6
97823.6
97683.1
97542.4
97402.3
97262.1
97120.7
96978
96834.3
96691.3
96546.5
96401.9
96257.7
96114.6
95972.2
95831.2
95691.3
95553
95416
95280.4
95146
95012.7
94880.5
94748.5
94617.5
94487
94356.4
94226.8
94096.9
93966.9
93837.8
93708.5
93578.6
93449.9
93322.1
93194.9
93068
92945.3
92824.7
92707.3
92592.5
92483.1
92380.9
92284.7
92195.1
92113
92036.1
91970.8
91917.9
91881.7
91864.2
91868.6
91888.6
91919.4
91972
92033.8
92105.3
92187.4
92276.1
92371.3
92472.3
92570.4
92663.7
92757.3
92848.2
92930.2
93008.8
93091.6
93158.5
93202.4
93232.9
93258.6
93269.2
93254.5
93225.3
93187.3
93132.4
93051
92939.4
92814.1
92676.5
92522.4
92333.9
92118.2
91901.4
91636.7
91320.7
90981.6
90622.7
90240.5
89825.6
89393
88965.8
88510
88066
87613.9
87128.6
86632.9
86167.1
85679.6
85199.7
84728.7
84382.9
83845.7
83175.9
82522.6
82166.8
81517.3
81134.7
80853.3
80619.9
80415.1
80326.2
80410.6
80576
80896
81429.7
82015.9
82759.9
83608.1
84492.1
85455.6
98586
98663.8
98722.5
98802.4
98890.9
98965.9
99015.4
99063.5
99113.6
99162.7
99211.6
99260.9
99309.3
99357.5
99404.8
99450.9
99495.8
99539
99580.9
99621.1
99659.4
99695.9
99730.3
99762.4
99791.8
99818.9
99842.9
99863.8
99881.7
99896.1
99907
99914
99917.1
99915.4
99908.9
99897.6
99880.5
99857.6
99829.3
99794.6
99753.9
99707.2
99654.2
99595
99530
99458.6
99381.3
99298.2
99209.3
99114.7
99015.2
98910.7
98800.9
98686
98566.6
98443.3
98316.6
98186.2
98051.9
97913.8
97773.3
97632.6
97492.3
97351.6
97210
97067.4
96923
96780.5
96636.6
96492.9
96350.2
96209
96068.6
95930.1
95793
95657.7
95524.1
95392.1
95261.9
95133.1
95005.8
94879.3
94753.7
94629.3
94504.7
94381.3
94258.2
94134.6
94012.1
93889.7
93766.7
93644.7
93523.8
93403.5
93283.5
93167.6
93052.7
92942
92833.6
92730.5
92634
92543.9
92459.8
92382.1
92310.5
92251.2
92201.5
92170.3
92158.8
92168.5
92193.3
92230.2
92286.5
92351.6
92426.9
92513.5
92605.2
92707.2
92812.9
92915.6
93014.4
93111.9
93206.4
93292.8
93381.8
93466.9
93533.7
93579.3
93618.7
93654
93673
93667.3
93651.1
93629.1
93589.4
93516.5
93416.8
93309.8
93195.3
93060.4
92868.8
92682.5
92473.7
92217.6
91913.7
91581
91225.8
90842.5
90415.9
89981
89544.7
89082.4
88627.9
88161.3
87667.8
87163.3
86680
86177.6
85706.2
85201.4
84851.5
84339.5
83645.1
83108.9
82691.6
82082.6
81734.4
81405.6
81187.4
81002.3
80983.2
81132.5
81351.2
81752.1
82312.5
82948
83770.5
84638.8
85570.6
86590.6
98282.8
98555
98668.1
98769.7
98860.5
98934.4
98985
99034.8
99088.9
99141.5
99193.2
99244.6
99295.9
99346.9
99397.1
99446.4
99494.3
99540.6
99585.1
99627.9
99668.8
99707.9
99745.1
99779.8
99812.3
99842.1
99868.9
99892.9
99913.8
99931.3
99945.3
99955.3
99961.1
99962.7
99959.3
99950.9
99936.5
99916.5
99890.9
99859.1
99821
99776.6
99726.1
99669.4
99606.4
99537.1
99461.8
99380.3
99292.9
99199.8
99101.4
98997.7
98888.7
98774.7
98655.8
98532.6
98405.8
98275.3
98141
98003.7
97864.1
97723.5
97582.7
97442
97300.5
97158.5
97016.6
96872.4
96729.1
96586.4
96445
96305.5
96167.2
96031.3
95897.2
95765.1
95635
95507
95381
95256.7
95134.4
95013.5
94893.4
94774.9
94656.7
94539.6
94423.2
94306.5
94190.6
94075.4
93959.6
93844.6
93730.9
93617.7
93504.7
93395
93287.9
93183.9
93082.1
92985.4
92895.2
92811.1
92733.3
92660.1
92595.2
92541.8
92497.2
92470.6
92464.8
92479.3
92508.4
92552.2
92612
92680.9
92760
92850.8
92947.4
93054.9
93164.7
93274
93379.2
93482.2
93580.3
93672.7
93770.3
93858.2
93923.5
93971.2
94021.1
94066.4
94093.8
94098.4
94098.5
94093.8
94065.3
94001.8
93920
93837.3
93748.7
93638
93462.7
93292.3
93087.8
92837
92541
92214.4
91861.5
91475.1
91044.4
90611.3
90168.4
89702.9
89236.4
88756.8
88259.6
87750.9
87251.3
86730.8
86270.6
85716.4
85312.1
84829.4
84185.4
83733.5
83246.4
82714.3
82342.3
81990
81795.4
81656.2
81705.7
81913.2
82192.7
82667.5
83262
83956.5
84843.2
85756.4
86738.8
87809.6
98166.8
98626.1
98672.6
98758.5
98835
98904.6
98958.2
99011.2
99066.9
99121.6
99176.4
99229.4
99282.4
99335.5
99388.1
99439.9
99490.4
99539.4
99586.6
99632
99675.5
99717.2
99756.7
99794
99829.1
99861.2
99890.7
99917.6
99941.2
99961.4
99978.1
99990.4
99998.8
100003
100003
99997
99985.4
99968.3
99945.4
99916.4
99880.9
99839.1
99791.2
99736.8
99675.9
99608.9
99535.6
99455.8
99370
99278.5
99181.6
99079
98970.8
98857.7
98739.7
98617.2
98490.5
98360.1
98226.6
98090.2
97951.3
97810.9
97670.6
97530
97388.6
97246.2
97104.4
96961.6
96819.6
96678.6
96538.8
96401
96264.7
96131.3
96000.1
95871.2
95744.8
95620.6
95498.9
95379.3
95261.8
95146.3
95031.8
94919.3
94807.3
94696.4
94586.8
94476.9
94367.8
94259.7
94151.1
94043.2
93936.6
93830.9
93725.1
93621.8
93522.6
93425.6
93330.7
93240.6
93157
93079.6
93008
92941.7
92882.7
92833.9
92796
92774.4
92774
92792.7
92826.2
92877.3
92940.8
93013.8
93097.6
93193
93294.2
93405.3
93520.9
93638.1
93750.3
93859.2
93961.6
94061.8
94168.4
94256.3
94320.5
94373.1
94432.7
94488.2
94524.1
94541.4
94558.5
94571.4
94550.5
94498.2
94441.5
94388.4
94328.4
94241.7
94088.8
93927.6
93727.8
93482.6
93196.5
92875.9
92524.2
92135.1
91706.7
91278.9
90829.1
90362.8
89884.3
89398.2
88899.3
88382.5
87869.1
87340.9
86865.4
86287.1
85835.8
85358.9
84762.7
84400.8
83879.9
83380.9
83010.3
82644.4
82477.1
82410.6
82527.7
82775.9
83126.2
83662.4
84302.6
85061.4
85979.6
86950.1
87990.5
89093.3
98447.8
98691.7
98708.8
98759.1
98811.3
98871.4
98929.8
98988.1
99045.3
99102.4
99159.5
99214.8
99269.4
99323.8
99377.8
99431.7
99484.7
99536.3
99586.1
99634
99680.1
99724.3
99766.3
99806.2
99843.6
99878.3
99910.6
99939.9
99966
99988.7
100008
100022
100033
100041
100043
100040
100032
100017
99997.4
99971
99938.2
99899.3
99854
99801.8
99743.1
99678.6
99607.5
99529.6
99445.4
99355.7
99260.6
99159.3
99052.1
98940.1
98823.3
98701.6
98575.4
98445.4
98312.7
98177.1
98039.1
97899.5
97759.6
97619.3
97478.2
97336.6
97194.9
97053.1
96912.4
96772.9
96634.9
96499.2
96365.3
96234.3
96106
95980.4
95857.9
95737.6
95620.4
95505.5
95392.8
95282.9
95174.3
95067.7
94962.2
94857.7
94754.8
94652.1
94550
94449.1
94348.1
94247.5
94148.3
94050.2
93952
93856
93764.1
93674.8
93587.5
93504.2
93427.5
93357.6
93293.4
93234.1
93180.4
93137.8
93105.7
93089.6
93094.3
93116.9
93155.6
93213.6
93280.9
93358.4
93447.9
93547.3
93653.4
93768.6
93891.7
94017.1
94135.6
94250.8
94358.8
94468.9
94578.7
94669.3
94734.5
94794.7
94865.3
94929
94972.5
95006.1
95043.2
95069.2
95053.9
95018.6
94994.1
94974.9
94944
94879.9
94752.2
94600.2
94404.2
94163
93886.5
93573.8
93224.7
92834.2
92415
91992.3
91535.7
91069.8
90582.5
90094.4
89593.7
89064.6
88544.4
88022.3
87491.7
86901.1
86399.6
85932.6
85443.5
85152.1
84632
84162.1
83765.9
83392.5
83261.3
83283.8
83468.6
83768.6
84194.6
84773.3
85452.5
86265.5
87201.4
88217.8
89308.2
90451.1
98732.3
98687.4
98703.8
98736.8
98779.6
98840.9
98903.1
98963.2
99023.2
99082.3
99140.8
99198.1
99254.5
99310.6
99366.5
99422.1
99476.9
99530.7
99583.4
99634.2
99683.2
99730.1
99774.9
99817.6
99857.8
99895.5
99930.4
99962.6
99991.4
100017
100038
100055
100070
100080
100086
100087
100082
100071
100053
100030
100000
99964.5
99921.9
99872.3
99816.4
99754.4
99685.8
99610.1
99528
99440.4
99347.3
99247.7
99141.7
99030.7
98915.4
98795.3
98669.7
98540.1
98408.3
98274.2
98137.2
97998.3
97859
97719.3
97579.2
97438.3
97297.3
97156.5
97016.8
96879.1
96743.2
96609.7
96478.5
96350.3
96225.2
96103.3
95984.8
95868.9
95756.4
95646.8
95539.6
95435.6
95333.3
95233.1
95134.6
95037.1
94941.5
94846.5
94752.1
94659.1
94566.3
94473.8
94382.6
94292.7
94202.9
94115
94031
93949.8
93871.1
93795.2
93726.2
93664.5
93608.9
93556.8
93509.4
93473.2
93448.3
93438
93448
93473.3
93516.1
93580.9
93653.6
93736.6
93830.6
93933.7
94047.7
94167.2
94299.6
94430.9
94555.9
94678.5
94795
94916
95025.9
95117.7
95186.3
95257.8
95340.8
95410.5
95461.7
95515
95574.9
95607.3
95599.1
95592.8
95607.5
95625.3
95621.9
95572.3
95476.4
95335.1
95143.1
94910.4
94642.1
94335.3
93989.1
93602.4
93194.1
92771.9
92310.9
91848.5
91355.8
90869.1
90363.6
89825.9
89300.9
88784.6
88219.9
87655.5
87137.6
86679.4
86264.7
85946.5
85449.3
85007.9
84575.5
84264.9
84186.8
84302.9
84555.3
84920.5
85423.1
86026.7
86735.8
87589.9
88545.3
89585.7
90707.4
91895.2
98685.3
98624.1
98659
98700.8
98765.2
98830.4
98885.1
98941.4
99001.6
99061.1
99119.5
99177.8
99236.5
99295.4
99353.7
99411
99467.6
99523.6
99578.7
99632.3
99684.3
99734.2
99782.2
99827.9
99871.3
99912.2
99950.2
99985.5
100017
100045
100069
100090
100108
100123
100133
100137
100135
100127
100114
100094
100068
100035
99995.4
99949.1
99896.2
99836.9
99770.9
99697.9
99618.4
99533.4
99442.6
99344.8
99240.2
99130.6
99017.1
98898.9
98774.5
98645.9
98515.4
98382.7
98246.8
98109
97970.5
97831.5
97692
97552.1
97412.4
97273.1
97135.1
96999.2
96865.4
96734.4
96606.2
96481.3
96359.7
96241.6
96127.5
96016.6
95909.3
95805.4
95704.2
95606.5
95511
95417.9
95326.9
95237.3
95149.4
95063
94977
94892.4
94808.6
94725
94642.6
94561.6
94480.9
94402.2
94326.6
94254.4
94185
94117.2
94056.6
94004.4
93957.4
93913
93873.5
93845.5
93828.5
93823.5
93838.3
93865.3
93913.4
93985.3
94064.2
94152
94249.2
94359.2
94480.2
94606
94747.5
94882.2
95016.8
95147.9
95275.4
95405.7
95514.6
95605.3
95681.9
95768.2
95863.1
95938.2
95999.9
96077.5
96156.6
96190.4
96198.8
96233.6
96293.3
96348.2
96370.9
96332.6
96268.2
96136.1
95948.2
95722.7
95467.1
95170.1
94828.8
94447.7
94047.2
93621.6
93162.7
92706.3
92211.7
91728.1
91214.6
90678.5
90156.4
89629.9
89044.7
88538.6
88013.7
87543
87142.7
86711.9
86311.2
85902.7
85510.4
85287.8
85281.4
85482.4
85799.1
86234.7
86826.5
87432.8
88167
89028.9
89999.6
91082.6
92224.2
93454.2
98570.3
98545.2
98595.5
98665.9
98747.5
98803.6
98854.3
98910.9
98972
99032.4
99091.5
99151.5
99212.4
99273.6
99334.6
99395.1
99454.9
99513.7
99571.5
99628.4
99683.5
99736.6
99787.9
99837.3
99884.3
99928.6
99970.1
100009
100043
100075
100102
100127
100149
100168
100182
100190
100192
100189
100179
100163
100140
100111
100075
100033
99983.2
99926.9
99863.9
99794.3
99717.9
99635.4
99546.8
99451.2
99349
99241.4
99130.1
99013.8
98891.1
98764.2
98635.5
98504.4
98369.9
98233.2
98095.8
97957.9
97819.4
97680.6
97542.3
97404.8
97269
97135.3
97004
96875.9
96750.9
96629.5
96511.8
96398.1
96288.7
96183.1
96081.4
95983.7
95889.3
95798.3
95710.4
95624.9
95542.1
95461.1
95381.7
95304.5
95227.7
95152.3
95078.3
95004.4
94931.6
94860.4
94790.1
94721
94654.5
94592.6
94533.2
94474.3
94423.3
94381
94342.2
94306.6
94276.5
94256.8
94247.5
94249.6
94269.2
94301.1
94356.5
94432.2
94518.9
94610
94711.2
94829.9
94953.9
95091.8
95238.8
95379.3
95525.6
95664.2
95804
95938.9
96041.6
96136.1
96227.4
96331.1
96436.6
96517.9
96596.8
96700.3
96790.2
96827.2
96867.6
96953.5
97060.1
97149.8
97199.1
97187.9
97133.3
97006.3
96827.7
96613.7
96367.8
96078.2
95745.5
95375.9
94982
94554.6
94105.8
93655.7
93162.7
92677.6
92159
91634.6
91103.2
90566.3
89964.4
89476.3
88940.3
88444.6
88054.6
87623.1
87281.5
86951.5
86633.7
86507.8
86574.4
86845.9
87220.7
87722.5
88300
88998.1
89769
90628.3
91573.4
92738.1
93896.1
95152.7
98478.3
98503.2
98548.9
98622.5
98702.5
98758.5
98813.9
98873.3
98935.3
98997
99058.3
99120.3
99183.2
99246.5
99310.1
99373.7
99436.7
99499.1
99560.6
99620.8
99679.4
99736.5
99791.9
99845.2
99895.9
99943.8
99988.7
100031
100069
100104
100136
100166
100193
100217
100235
100247
100254
100254
100249
100237
100219
100194
100162
100123
100078
100026
99966.5
99900.2
99826.9
99747.1
99661.1
99568.8
99469.9
99365.1
99256
99141.7
99021.3
98897
98770.5
98641
98507.9
98372.9
98237.1
98100.4
97963.3
97826.1
97689.5
97554.2
97420.7
97289.5
97161.1
97036.3
96915
96797.7
96684.4
96575.5
96471.3
96371.6
96276.1
96185
96097.9
96014.2
95934.5
95857.4
95783.4
95711.9
95641.9
95574.5
95508
95442.6
95379.1
95315.9
95253.7
95193
95134.2
95075.8
95019.6
94968.8
94919.8
94871.4
94831.2
94798.1
94767.6
94742
94722
94711
94709.6
94722.9
94749.3
94788.9
94850.4
94930.3
95026.2
95115.7
95222.9
95348.7
95476.2
95631.1
95781.7
95932.3
96087.9
96234.2
96386
96517
96613.8
96720.1
96830
96952.3
97066.7
97156.5
97259.9
97387.9
97479.5
97531.9
97620.4
97762.4
97912.7
98033.7
98108.7
98119.9
98071.8
97950.8
97782.6
97588
97355.5
97076.8
96751.6
96392.6
96006.1
95584.9
95153.8
94705.9
94216
93728.5
93209.9
92700.2
92152.3
91588
91009
90492.8
89959.8
89501.5
89173.3
88775.6
88450
88222.3
87980.2
87951.1
88084.1
88406.2
88834.8
89397.6
89890.2
90726.7
91566.8
92482
93350.1
94551.7
95713.6
96990
98425.4
98473.3
98521.8
98591.2
98654.8
98711
98768.3
98828.6
98890.9
98954.8
99019.5
99084
99148.7
99214.5
99281
99347.6
99413.7
99479.5
99544.7
99608.8
99671.6
99732.7
99792.1
99849.5
99904.3
99956.2
100005
100052
100095
100136
100174
100209
100241
100269
100291
100308
100320
100325
100324
100317
100304
100284
100256
100222
100182
100134
100079
100016
99946.5
99870.2
99787.8
99699.4
99604.4
99503
99396.6
99284.9
99167.7
99046.4
98922.1
98794.3
98663.4
98530.6
98396.6
98261.7
98126.3
97991.1
97856.7
97723.9
97593.1
97465
97340
97218.7
97101.5
96988.7
96880.5
96777.1
96678.6
96585.2
96496.5
96412.6
96333.4
96258
96187.1
96119.3
96054.7
95993.5
95933.8
95877
95822
95767.5
95715.4
95664.1
95613.3
95564.4
95518
95471.2
95426.6
95387.5
95349.8
95313.8
95285.3
95261.2
95238.5
95224.1
95214.8
95217.3
95229.4
95253.1
95286.9
95334
95402.1
95489.1
95587.7
95673.1
95791.4
95922.4
96057.8
96230.4
96385.8
96548.2
96709.2
96864.9
97022.1
97144.5
97253.8
97370.3
97498.8
97638.9
97758.8
97862.9
97997.3
98143.5
98237.6
98324.3
98469.7
98664.8
98854
99001.2
99103
99129.4
99086.3
98976.4
98826.7
98648.8
98433.1
98167.6
97854.8
97508.5
97132.5
96725.8
96309.8
95855.4
95377.5
94894.7
94383.6
93906
93337
92736.2
92174
91659.6
91202.1
90842.7
90571.9
90186.5
89864.8
89687.7
89519.4
89605.9
89795.5
90149.7
90604.9
91190.7
91802.4
92689.7
93588.2
94548.5
95347.1
96499
97703.6
98980.3
98367.1
98428.1
98473
98535.6
98599
98657.9
98716.9
98778.5
98842.8
98909.5
98976.4
99043
99110.3
99179.1
99248.6
99318.3
99387.7
99456.7
99525.3
99592.9
99659.4
99724.4
99788
99849.6
99908.7
99965
100019
100070
100119
100165
100208
100248
100284
100316
100343
100364
100381
100391
100395
100393
100384
100369
100347
100318
100281
100238
100187
100129
100064
99991.7
99913.4
99829
99737.7
99639.9
99536.8
99428.2
99314.3
99196.3
99074.6
98949.3
98821.1
98690.7
98558.9
98426.2
98293.2
98160.7
98028.9
97899
97771.3
97646.6
97525.3
97407.8
97295
97186.8
97083.9
96986.3
96893.9
96807.3
96725.8
96649.5
96578.5
96511.7
96449.8
96391.7
96337.1
96286.3
96237.7
96191.8
96148.8
96106.1
96065.8
96027.1
95988.5
95952.3
95918.4
95884.9
95852.6
95825.9
95800.7
95778
95761.4
95747.2
95734.5
95730.4
95734.9
95752.2
95779.7
95813.9
95856.4
95911.9
95990.2
96081.5
96175.6
96273.6
96401.5
96536.5
96683.6
96871.2
97037
97208.6
97373.1
97536.4
97690.7
97809.1
97938.6
98074.2
98223.6
98378.3
98504.9
98633.7
98801.3
98958.1
99067.9
99205.4
99411
99651.5
99872.3
100045
100173
100212
100177
100091
99972.8
99817.5
99616.5
99364.3
99070.5
98743.6
98387.4
98002.5
97599.9
97153.4
96701.6
96225
95737.3
95289.2
94705.7
94094.1
93607
93096.9
92734.9
92496.3
92282.2
91860.8
91559.4
91393.7
91373.8
91541.2
91739.8
92056.3
92575.3
93239.8
94056.1
94952.8
95909.6
96847.5
97618.2
98727
99975.3
101247
98295.4
98361.7
98415.6
98476.1
98540.3
98602.6
98664.4
98728.4
98795
98863.2
98931.6
99000.6
99070.8
99142.2
99214.4
99286.8
99359
99431.2
99502.9
99574
99644.2
99713.3
99781
99846.8
99910.3
99971.3
100030
100086
100140
100190
100238
100282
100323
100359
100391
100417
100438
100454
100463
100466
100462
100451
100434
100410
100378
100340
100293
100240
100179
100112
100038
99957.8
99870.2
99776.1
99676.4
99571.4
99461.5
99347.2
99228.7
99106.4
98981.1
98853.6
98724.5
98594.4
98464.2
98334.6
98206
98079.4
97955.3
97834.2
97716.9
97603.8
97495.6
97392.4
97295
97203.3
97117.4
97037.7
96963.6
96895.5
96833
96775.3
96722.8
96675
96630.9
96590.9
96553.9
96519.5
96488.7
96458.7
96430.7
96405.1
96379.9
96356.5
96336.6
96317.2
96298.1
96284.5
96273.2
96264.4
96259.7
96260
96263.9
96270.3
96290
96320.3
96357.4
96402.7
96457.1
96526.4
96615.4
96709.2
96806.2
96919
97051.8
97195.8
97364.5
97558.9
97735
97909.7
98076.8
98244.1
98394.9
98524.1
98677.9
98835.1
99006.3
99174
99313
99475.2
99673.3
99840
99984.3
100180
100443
100723
100967
101161
101306
101371
101359
101305
101219
101095
100915
100684
100410
100106
99777.7
99421.8
99043.6
98628.3
98213.4
97746.1
97283.8
96831.4
96258
95680.1
95329.3
94884.7
94578.3
94445.3
94244.7
93838.8
93552.9
93470.6
93555.9
93737.7
93951.9
94290.9
94886.7
95615.7
96580.1
97423.6
98413.2
99285.9
100153
101265
102532
103808
98217.3
98282.9
98343.3
98404.3
98468.9
98534.5
98600
98666.6
98735
98805
98876.1
98948.1
99021.3
99095.7
99170.7
99246.1
99321.8
99397.6
99473.3
99548.5
99622.9
99696.5
99768.8
99839.5
99908.2
99974.7
100039
100100
100159
100215
100268
100318
100364
100406
100443
100475
100502
100522
100537
100546
100548
100544
100532
100514
100488
100455
100414
100366
100311
100249
100180
100104
100021
99931.7
99836.3
99735.9
99630.6
99520.4
99405.8
99287.1
99165.3
99041.1
98915.4
98788.8
98661.9
98535.7
98411
98288.2
98168.1
98051.3
97938.5
97830.4
97727.7
97630.1
97538.7
97453.6
97374.8
97302.7
97236.9
97177.7
97124.5
97076.8
97034.8
96998
96965.6
96937.4
96913.2
96891.8
96873.7
96858
96843.6
96831.8
96821.5
96811.6
96808.6
96803.5
96799.6
96799.6
96803.9
96810.3
96818.3
96836
96857.7
96880.3
96915
96956.3
97003.4
97063.8
97132.3
97213.6
97309.3
97409.7
97520.8
97647.7
97786.9
97946.4
98132.1
98320.9
98503.9
98677.1
98847.6
99017
99166.4
99321.3
99503.2
99682
99874.5
100050
100211
100413
100635
100820
101011
101267
101580
101889
102150
102362
102512
102618
102644
102636
102585
102490
102336
102129
101878
101606
101309
100986
100638
100259
99880.9
99429.3
98989.1
98505.5
97991.5
97523.2
97234.6
96909.4
96692.6
96623
96394.1
96109.3
95858
95827.7
96002.4
96228.1
96470.8
96940
97552.1
98290
99304.9
100239
101297
101910
102922
104032
105231
106499
98122.9
98187.2
98250.9
98314.3
98380.1
98447.8
98516.5
98586.2
98657.5
98730.5
98804.6
98880
98956.6
99034.5
99113.2
99192.6
99272.5
99352.8
99433.1
99513.1
99592.5
99671.2
99748.9
99825.3
99899.9
99972.4
100043
100111
100176
100239
100298
100354
100407
100455
100498
100537
100571
100598
100620
100636
100645
100647
100642
100631
100612
100585
100552
100510
100461
100406
100343
100272
100195
100111
100021
99926.2
99825.7
99720.3
99610.1
99495.8
99378.3
99258.6
99137.2
99014.9
98892.3
98770.3
98649.8
98531.5
98416.1
98304.2
98196.6
98094
97997.1
97906.2
97821.7
97744.1
97673.3
97609.6
97552.9
97503.2
97460.4
97423.8
97393.4
97368.8
97349.1
97334
97323.7
97316.7
97312.9
97312.6
97313.4
97316.8
97322.6
97328.4
97342.5
97353.7
97366.9
97381.5
97403
97426
97449
97484
97522.7
97564.9
97616
97668.6
97728.4
97804.1
97889.4
97980.6
98083.2
98198.3
98328.2
98468
98620.9
98795.3
98983.7
99166.8
99347.7
99520
99697.1
99870.6
100030
100215
100419
100623
100835
101018
101212
101458
101702
101917
102161
102476
102833
103151
103426
103658
103828
103974
104056
104090
104082
104016
103890
103708
103500
103265
103006
102717
102410
102070
101712
101291
100860
100381
99996.8
99717.7
99497.2
99218.9
99084.6
99042.2
98857.8
98635.4
98457.1
98497.7
98766.9
99016.9
99405.1
99955.9
100594
101360
102241
103345
104401
104914
106004
107120
108137
109282
98002.4
98066.6
98132.3
98199.1
98267.4
98337.7
98409.6
98483.1
98558.1
98634.5
98712.5
98792
98873
98955.1
99038.5
99122.7
99207.7
99293.1
99378.7
99464.4
99549.7
99634.5
99718.6
99801.5
99883
99962.8
100041
100116
100189
100259
100326
100390
100450
100506
100557
100604
100645
100681
100711
100735
100752
100763
100767
100763
100752
100734
100708
100675
100633
100585
100529
100466
100396
100319
100236
100147
100052
99951.8
99847.3
99739
99627.3
99512.8
99396.5
99279.3
99161.9
99045.1
98929.8
98816.7
98706.5
98600.3
98498.7
98402.4
98312.1
98228.5
98151.9
98082.7
98020.8
97966.6
97920.2
97881.2
97849.7
97825.3
97807.6
97796.4
97790.8
97790.3
97795.4
97804.2
97816.3
97832.5
97850.5
97871
97894.2
97919.4
97948.3
97979.1
98011.1
98043.2
98082.6
98122.9
98164.5
98215.4
98272.1
98336.3
98403.3
98470.4
98545.4
98633.5
98734.6
98839
98951.2
99081.4
99229.8
99383.2
99550.7
99734.8
99917.7
100096
100273
100453
100640
100822
101008
101230
101451
101671
101896
102098
102337
102623
102891
103145
103449
103820
104216
104521
104809
105077
105294
105474
105612
105694
105724
105690
105602
105462
105287
105091
104879
104639
104388
104096
103764
103379
102974
102556
102354
102310
102231
101931
101803
101799
101640
101430
101346
101499
101884
102181
102706
103315
104010
104810
105618
106634
107541
108251
109380
110498
111355
112197
97848.1
97914.1
97982.2
98052.2
98124
98197.7
98273.3
98350.7
98430
98511.1
98594
98678.5
98764.5
98852
98940.9
99030.9
99121.8
99213.4
99305.6
99397.9
99490.2
99582.2
99673.8
99764.6
99854
99942.1
100028
100112
100194
100273
100350
100422
100492
100557
100618
100674
100725
100771
100811
100845
100872
100893
100906
100912
100911
100903
100887
100863
100831
100791
100744
100690
100628
100560
100484
100403
100315
100223
100126
100024
99918.8
99811
99701
99590
99478.7
99368
99258.7
99151.7
99047.9
98948.3
98853.7
98764.7
98682.1
98606.7
98538.8
98478.9
98427
98383.5
98348.5
98321.5
98302.7
98291.7
98288.1
98291.6
98301.6
98317.3
98339.1
98365.2
98395.2
98429.9
98466.8
98506.2
98548.7
98594.4
98641.9
98693
98745.2
98798.4
98855.4
98915.1
98978.1
99043.8
99120
99207.1
99290.2
99372.6
99466.7
99569.3
99682
99803.1
99927.4
100069
100229
100393
100570
100756
100936
101118
101307
101499
101694
101891
102112
102364
102596
102838
103076
103310
103603
103925
104220
104522
104892
105314
105747
106032
106331
106647
106927
107151
107328
107457
107527
107537
107484
107393
107259
107112
106947
106765
106568
106334
106064
105749
105413
105129
105100
105227
105225
105004
104949
104976
104710
104531
104584
104864
105322
105768
106370
107031
107803
108644
109411
110241
110969
111935
113068
114084
114855
115532
97651.1
97720
97791.2
97865
97940.9
98019
98099.3
98181.7
98266.2
98352.8
98441.3
98531.8
98624
98717.9
98813.5
98910.4
99008.5
99107.5
99207.3
99307.6
99408.2
99509
99609.5
99709.2
99808.1
99905.9
100002
100096
100189
100278
100365
100449
100530
100607
100679
100747
100810
100867
100919
100964
101004
101036
101062
101080
101091
101094
101090
101077
101057
101029
100993
100949
100898
100839
100774
100702
100624
100540
100451
100358
100261
100162
100059
99956
99852
99748.5
99646.3
99546.6
99450.3
99358.4
99271.6
99191
99117.3
99051.2
98993.4
98943.9
98903.1
98871.5
98849.1
98835.6
98830.9
98834.8
98846.8
98866.5
98893.7
98927.2
98967.4
99012.9
99063
99117.7
99175.4
99236
99299.4
99367.7
99437.2
99509.7
99584.3
99660.5
99736.5
99817.8
99903.1
99985.8
100080
100187
100292
100397
100510
100625
100747
100884
101025
101175
101339
101512
101695
101882
102069
102267
102465
102667
102877
103104
103359
103628
103871
104137
104394
104680
105030
105383
105710
106072
106509
106980
107434
107730
108046
108409
108737
109001
109225
109394
109497
109537
109517
109466
109403
109311
109187
109056
108913
108764
108613
108426
108218
108127
108224
108338
108277
108362
108501
108491
108106
108023
108235
108649
109157
109741
110430
111157
111984
112822
113524
114285
114955
115985
116989
117822
118503
119052
97400
97473
97548.7
97627.1
97708.1
97791.6
97877.6
97966
98056.8
98149.9
98245.4
98343
98442.7
98544.4
98647.9
98753.1
98859.7
98967.6
99076.7
99186.6
99297.2
99408
99518.7
99629.3
99739.4
99848.6
99956.5
100063
100168
100270
100370
100467
100561
100651
100737
100819
100896
100968
101034
101094
101147
101194
101235
101267
101293
101310
101320
101322
101315
101301
101278
101248
101209
101163
101110
101050
100983
100911
100833
100751
100664
100574
100481
100387
100291
100197
100103
100012
99924.2
99841.1
99763.5
99692.4
99628.6
99573.3
99526.7
99489.1
99461.1
99442.9
99434.5
99435.7
99446.6
99466.9
99496.1
99533.8
99579.7
99633.2
99693.7
99760.3
99832.4
99909
99989.8
100074
100160
100254
100348
100444
100543
100644
100742
100846
100952
101057
101171
101294
101421
101555
101688
101817
101951
102098
102249
102408
102578
102758
102949
103142
103342
103548
103757
103981
104223
104481
104759
105025
105294
105590
105881
106232
106633
107015
107383
107815
108317
108836
109265
109620
109991
110374
110742
111037
111307
111513
111647
111710
111735
111734
111714
111656
111584
111494
111412
111386
111400
111393
111372
111472
111679
111694
111584
112013
112321
112193
111828
111946
112346
112887
113447
114131
114921
115682
116523
117325
117996
118725
119410
120279
121059
121674
122172
122544
97084
97162.4
97243.6
97327.9
97415.1
97505.1
97598
97693.7
97792.1
97893.1
97996.7
98102.9
98211.4
98322.3
98435.3
98550.4
98667.2
98785.7
98905.6
99026.8
99148.8
99271.6
99394.9
99518.3
99641.4
99764
99885.9
100007
100126
100243
100359
100471
100581
100687
100790
100888
100982
101070
101154
101231
101302
101366
101424
101474
101517
101552
101579
101598
101608
101611
101604
101590
101567
101537
101499
101453
101401
101342
101278
101208
101133
101055
100974
100891
100806
100722
100638
100557
100480
100407
100339
100279
100227
100183
100149
100125
100111
100108
100116
100133
100161
100200
100248
100305
100372
100447
100529
100619
100715
100816
100922
101032
101145
101266
101386
101509
101634
101760
101885
102012
102140
102269
102405
102543
102690
102847
102999
103153
103311
103464
103623
103793
103966
104150
104352
104557
104766
104987
105221
105473
105738
106012
106297
106578
106877
107206
107559
107982
108425
108832
109261
109774
110336
110879
111263
111723
112180
112584
112952
113291
113586
113816
113993
114100
114164
114226
114252
114250
114229
114211
114210
114283
114443
114626
114786
115090
115404
115484
115566
115995
116244
115982
115944
116327
116914
117577
118220
118955
119793
120574
121404
122127
122756
123418
124045
124751
125287
125610
125828
125986
96694.2
96779.2
96867.2
96958.6
97053.2
97151.1
97252.2
97356.4
97463.7
97574
97687.3
97803.5
97922.4
98044
98168.2
98294.8
98423.6
98554.3
98686.9
98821.2
98956.8
99093.5
99231.1
99369.2
99507.6
99646
99784
99921.4
100058
100192
100325
100456
100584
100710
100831
100949
101063
101171
101275
101372
101464
101549
101628
101699
101762
101818
101866
101905
101936
101959
101972
101977
101974
101962
101942
101915
101879
101837
101789
101735
101676
101612
101545
101475
101403
101331
101260
101190
101123
101062
101006
100957
100918
100888
100868
100859
100861
100875
100900
100936
100982
101040
101108
101187
101276
101374
101481
101596
101718
101846
101979
102117
102260
102409
102558
102710
102864
103018
103171
103323
103474
103630
103786
103941
104107
104275
104445
104624
104800
104972
105152
105333
105513
105711
105926
106138
106363
106604
106854
107119
107392
107679
107978
108282
108637
109016
109447
109934
110400
110845
111367
111962
112563
113088
113523
114093
114580
115004
115363
115719
116038
116302
116512
116669
116762
116881
117008
117127
117222
117303
117420
117579
117818
118148
118513
118935
119336
119649
119970
120208
120297
120240
120591
121184
121898
122676
123382
124163
125017
125817
126592
127194
127713
128262
128814
129326
129622
129633
129555
129398
96261.8
96353.8
96449.3
96548.5
96651.2
96757.5
96867.4
96980.7
97097.4
97217.5
97340.9
97467.6
97597.4
97730.4
97866.3
98004.9
98146.2
98289.8
98435.8
98583.7
98733.5
98884.9
99037.5
99191.3
99345.7
99500.7
99655.7
99810.5
99964.7
100118
100270
100420
100568
100713
100855
100994
101129
101259
101384
101504
101618
101726
101827
101921
102008
102086
102157
102219
102272
102317
102353
102380
102398
102407
102408
102400
102385
102362
102332
102296
102254
102207
102155
102101
102043
101984
101925
101868
101813
101763
101719
101684
101657
101641
101637
101645
101664
101696
101739
101794
101861
101939
102028
102129
102241
102363
102495
102635
102784
102940
103102
103270
103443
103623
103802
103985
104168
104351
104533
104713
104891
105071
105247
105425
105607
105786
105972
106162
106350
106546
106742
106936
107139
107355
107575
107802
108049
108300
108562
108840
109129
109436
109756
110118
110535
110984
111496
112020
112511
113045
113660
114308
114915
115430
116009
116613
117092
117542
117909
118281
118616
118912
119160
119358
119505
119691
119943
120216
120482
120726
120990
121277
121604
122022
122495
122939
123488
123968
124377
124695
124916
125251
125794
126547
127371
128242
129002
129861
130732
131509
132196
132678
133053
133470
133883
134182
134210
133943
133594
132981
95860.9
95959.3
96061.3
96167.4
96277.3
96391.1
96508.7
96630
96755
96883.7
97016.1
97152.1
97291.5
97434.3
97580.5
97729.8
97882.1
98037.3
98195
98355.2
98517.6
98682
98848.2
99015.9
99184.7
99354.5
99524.7
99695.2
99865.5
100035
100204
100372
100538
100701
100862
101020
101174
101324
101469
101610
101744
101873
101995
102110
102218
102318
102410
102493
102568
102634
102691
102738
102777
102806
102826
102838
102841
102837
102825
102807
102782
102752
102716
102675
102631
102584
102537
102491
102447
102407
102375
102351
102336
102334
102344
102367
102403
102452
102512
102585
102669
102765
102874
102994
103127
103271
103425
103589
103762
103943
104131
104325
104533
104737
104945
105156
105366
105577
105786
105991
106195
106396
106593
106792
106988
107180
107379
107575
107775
107981
108185
108396
108616
108839
109072
109316
109585
109845
110134
110435
110749
111087
111464
111892
112360
112876
113440
113985
114532
115156
115829
116491
117091
117656
118291
118848
119366
119827
120228
120620
120979
121327
121636
121909
122156
122449
122805
123195
123577
123991
124431
124871
125314
125781
126288
126765
127403
127944
128472
129166
129711
130214
130913
131805
132770
133677
134533
135495
136357
137084
137681
138036
138326
138627
138807
138930
138662
138138
137458
136485
95525.8
95629.4
95736.9
95848.6
95964.3
96084
96207.7
96335.5
96467.4
96603.1
96742.7
96886.1
97033.3
97184.2
97338.6
97496.6
97657.7
97822.1
97989.4
98159.5
98332.2
98507.2
98684.4
98863.3
99043.8
99225.6
99408.3
99591.6
99775.1
99958.5
100141
100323
100504
100682
100859
101032
101202
101368
101530
101687
101839
101985
102125
102258
102383
102501
102611
102713
102805
102889
102963
103028
103084
103130
103168
103196
103215
103227
103231
103229
103219
103203
103181
103153
103120
103083
103045
103008
102974
102944
102920
102905
102902
102910
102932
102967
103017
103079
103154
103240
103339
103450
103574
103710
103860
104021
104194
104377
104571
104773
104982
105201
105432
105658
105891
106123
106358
106592
106822
107049
107275
107492
107708
107922
108128
108335
108544
108748
108956
109166
109378
109599
109826
110057
110307
110569
110837
111131
111448
111768
112114
112500
112933
113407
113924
114498
115071
115642
116257
116936
117632
118292
118897
119527
120135
120673
121226
121678
122112
122530
122938
123375
123739
124106
124480
124892
125319
125784
126238
126737
127307
127856
128378
128906
129484
130102
130747
131362
132108
132954
133698
134319
135214
136278
137399
138376
139287
140289
141130
141829
142348
142586
142939
143104
143044
142933
142379
141613
140582
139409
95254.5
95362.2
95474
95590.2
95710.5
95834.9
95963.6
96096.5
96233.5
96374.7
96520.1
96669.5
96822.8
96980
97141
97305.8
97474
97645.6
97820.4
97998.4
98179.2
98362.6
98548.4
98736.3
98926.1
99117.5
99310.1
99503.6
99697.6
99891.7
100086
100279
100471
100662
100850
101036
101219
101399
101574
101745
101910
102070
102224
102371
102512
102644
102769
102885
102992
103091
103179
103259
103329
103388
103439
103480
103513
103539
103557
103568
103572
103568
103557
103540
103518
103491
103462
103433
103406
103384
103368
103361
103365
103381
103412
103457
103516
103588
103673
103770
103880
104002
104138
104287
104450
104625
104813
105012
105222
105441
105669
105908
106154
106401
106651
106903
107158
107409
107658
107903
108143
108377
108607
108831
109049
109270
109484
109696
109913
110127
110346
110572
110802
111046
111308
111575
111855
112188
112515
112856
113241
113671
114145
114659
115218
115800
116393
117001
117669
118379
119084
119746
120383
121032
121635
122185
122730
123185
123658
124102
124553
124996
125467
125944
126448
126978
127467
127973
128496
129043
129683
130297
130884
131474
132140
132857
133533
134225
135086
135915
136708
137578
138721
139994
141190
142224
143208
144201
145041
145741
146185
146348
146689
146801
146544
146171
145398
144394
143098
141642
95040.5
95151.5
95266.6
95386.1
95510
95638.2
95770.7
95907.6
96048.7
96194.2
96343.9
96497.9
96656
96818.2
96984.3
97154.3
97327.9
97505.2
97685.9
97869.9
98056.9
98246.8
98439.4
98634.3
98831.3
99030.1
99230.4
99431.8
99633.9
99836.5
100039
100241
100443
100642
100841
101036
101229
101419
101605
101786
101963
102134
102299
102458
102609
102753
102890
103017
103137
103247
103347
103438
103519
103589
103650
103701
103745
103781
103810
103833
103848
103855
103855
103847
103832
103813
103790
103768
103748
103733
103724
103724
103735
103758
103795
103847
103912
103991
104083
104188
104306
104437
104582
104741
104914
105100
105299
105511
105733
105966
106209
106466
106723
106985
107250
107518
107787
108053
108316
108574
108827
109073
109313
109547
109777
110006
110226
110447
110669
110887
111112
111340
111578
111832
112096
112377
112679
113018
113358
113730
114149
114611
115113
115656
116236
116830
117442
118087
118790
119518
120227
120897
121545
122203
122808
123377
123904
124376
124862
125329
125788
126265
126840
127414
128014
128632
129199
129736
130313
130942
131604
132249
132916
133586
134317
135085
135798
136515
137405
138268
139106
140189
141555
143001
144219
145296
146338
147338
148152
148859
149230
149389
149694
149687
149299
148781
147851
146609
145089
143364
94876
94989.3
95106.9
95229.1
95355.7
95486.7
95622.2
95762
95906.3
96055
96208.1
96365.5
96527.2
96693.1
96863.2
97037.2
97214.9
97396.5
97581.6
97770.2
97962
98156.8
98354.5
98554.7
98757.2
98961.6
99167.8
99375.2
99583.6
99792.5
100002
100211
100419
100626
100831
101035
101236
101433
101627
101817
102002
102181
102355
102522
102682
102835
102981
103118
103246
103366
103475
103575
103664
103742
103811
103869
103920
103965
104002
104034
104059
104074
104081
104079
104071
104058
104042
104026
104012
104002
104000
104006
104022
104051
104093
104149
104219
104303
104400
104510
104633
104771
104923
105089
105270
105465
105673
105894
106127
106372
106627
106893
107161
107435
107712
107992
108271
108549
108822
109089
109353
109608
109856
110100
110338
110571
110798
111025
111250
111474
111703
111936
112180
112437
112708
113003
113318
113655
114016
114414
114859
115344
115865
116423
117014
117624
118255
118931
119657
120393
121102
121776
122437
123093
123697
124269
124797
125284
125762
126252
126754
127318
127914
128530
129186
129862
130511
131101
131714
132414
133085
133744
134474
135247
136001
136836
137576
138344
139211
140109
141017
142286
143806
145373
146624
147714
148777
149805
150575
151274
151592
151779
152017
151873
151405
150749
149762
148334
146618
144685
94752.3
94867.5
94987.1
95111.2
95239.8
95372.9
95510.5
95652.6
95799.2
95950.4
96105.9
96265.9
96430.3
96599
96771.9
96948.9
97129.8
97314.5
97503
97695
97890.4
98088.9
98290.3
98494.4
98701
98909.6
99120.1
99332
99545
99758.7
99972.8
100187
100400
100613
100824
101033
101239
101443
101642
101838
102029
102215
102395
102569
102736
102896
103048
103192
103328
103454
103571
103677
103773
103859
103933
103997
104053
104102
104147
104184
104213
104234
104246
104250
104247
104239
104230
104219
104211
104207
104208
104218
104239
104272
104317
104376
104450
104536
104637
104751
104879
105022
105179
105350
105537
105738
105954
106182
106424
106677
106942
107213
107491
107773
108060
108348
108635
108921
109201
109477
109747
110010
110265
110515
110758
110995
111227
111458
111685
111915
112148
112385
112633
112896
113175
113477
113798
114141
114515
114938
115400
115898
116433
116999
117599
118219
118876
119583
120322
121045
121752
122431
123103
123757
124367
124940
125475
125971
126466
126983
127538
128138
128720
129359
130049
130747
131441
132094
132744
133475
134165
134861
135615
136418
137218
138115
138907
139677
140562
141497
142513
143988
145573
147206
148487
149596
150643
151679
152439
153097
153395
153602
153750
153489
152975
152204
151150
149631
147767
145681
94661.9
94778.4
94899.4
95024.9
95155
95289.6
95428.8
95572.5
95720.8
95873.7
96031.2
96193.1
96359.4
96530.1
96705.1
96884.2
97067.4
97254.5
97445.4
97639.9
97837.8
98038.9
98243.1
98450.1
98659.6
98871.3
99084.8
99300
99516.4
99733.6
99951.2
100169
100386
100602
100817
101030
101241
101449
101653
101854
102049
102240
102424
102603
102775
102940
103097
103246
103386
103518
103641
103753
103854
103945
104023
104092
104153
104206
104254
104294
104326
104348
104363
104371
104373
104371
104367
104361
104357
104356
104361
104375
104398
104433
104481
104543
104618
104707
104810
104927
105059
105204
105365
105541
105732
105938
106160
106394
106642
106902
107172
107449
107733
108022
108315
108609
108902
109193
109479
109760
110035
110303
110563
110817
111064
111305
111541
111774
112005
112238
112475
112716
112969
113237
113520
113825
114152
114504
114892
115327
115799
116307
116847
117420
118026
118660
119339
120062
120794
121521
122223
122910
123587
124241
124857
125437
125976
126490
127018
127568
128142
128730
129317
129968
130667
131370
132071
132766
133453
134185
134922
135665
136443
137238
138080
138997
139817
140633
141546
142533
143703
145282
146951
148569
149881
151018
152029
153047
153826
154417
154732
154992
155001
154650
154090
153254
152129
150554
148598
146423
94597.9
94715.3
94837.2
94963.7
95094.8
95230.5
95370.8
95515.8
95665.3
95819.5
95978.2
96141.4
96309.2
96481.3
96657.7
96838.4
97023.2
97211.9
97404.5
97600.8
97800.5
98003.6
98209.7
98418.7
98630.2
98844
99059.8
99277.2
99495.9
99715.6
99935.8
100156
100376
100595
100813
101029
101242
101453
101661
101864
102063
102257
102445
102627
102802
102971
103131
103284
103428
103564
103690
103805
103910
104005
104088
104162
104227
104284
104333
104374
104406
104429
104445
104455
104461
104464
104464
104462
104461
104463
104471
104486
104511
104548
104598
104661
104738
104828
104933
105052
105185
105333
105496
105676
105870
106080
106307
106545
106798
107062
107335
107617
107906
108199
108495
108793
109090
109385
109675
109960
110238
110510
110774
111031
111281
111525
111763
111998
112232
112468
112707
112953
113210
113481
113767
114075
114408
114768
115167
115606
116082
116595
117137
117716
118329
118979
119672
120394
121124
121850
122555
123246
123927
124581
125202
125783
126329
126869
127424
127996
128560
129144
129746
130392
131096
131806
132504
133214
133927
134668
135445
136218
137002
137813
138677
139593
140441
141301
142246
143294
144598
146227
147953
149530
150883
152040
153029
153991
154789
155327
155688
155933
155865
155461
154879
153996
152796
151181
149169
146949
94554.5
94672.5
94795
94922.2
95054.1
95190.5
95331.6
95477.3
95627.7
95782.7
95942.3
96106.5
96275.1
96448.2
96625.7
96807.4
96993.2
97183.1
97376.9
97574.3
97775.2
97979.6
98187
98397.3
98610.2
98825.4
99042.7
99261.7
99482
99703.4
99925.2
100147
100369
100590
100809
101027
101243
101456
101666
101871
102072
102268
102459
102643
102821
102991
103154
103310
103457
103595
103723
103841
103949
104046
104132
104209
104277
104337
104388
104429
104461
104484
104501
104513
104521
104528
104531
104531
104532
104536
104545
104561
104588
104626
104676
104740
104818
104910
105015
105135
105270
105420
105586
105768
105965
106178
106407
106649
106904
107170
107446
107731
108022
108318
108618
108918
109218
109514
109807
110095
110376
110650
110917
111176
111428
111673
111914
112151
112386
112624
112866
113115
113375
113647
113936
114247
114584
114951
115355
115794
116272
116785
117331
117915
118537
119198
119894
120614
121344
122071
122779
123475
124156
124809
125433
126018
126568
127123
127688
128261
128825
129421
130031
130679
131393
132106
132801
133514
134247
135001
135800
136591
137371
138203
139078
139993
140860
141751
142732
143851
145246
146896
148627
150182
151559
152736
153726
154646
155419
155943
156345
156553
156429
156017
155414
154498
153232
151584
149539
147289
94527
94645.4
94768.4
94896
95028.3
95165.2
95306.7
95452.9
95603.8
95759.4
95919.6
96084.3
96253.6
96427.3
96605.4
96787.8
96974.3
97164.9
97359.3
97557.5
97759.3
97964.4
98172.6
98383.8
98597.5
98813.7
99031.9
99251.9
99473.2
99695.6
99918.5
100142
100364
100586
100807
101026
101243
101458
101669
101876
102078
102275
102467
102653
102833
103005
103170
103327
103475
103615
103744
103863
103973
104072
104160
104239
104309
104370
104422
104464
104497
104521
104538
104551
104562
104569
104573
104576
104578
104583
104592
104610
104636
104675
104726
104791
104869
104961
105068
105189
105325
105476
105644
105827
106026
106241
106471
106714
106970
107239
107516
107803
108096
108393
108694
108996
109297
109596
109890
110179
110462
110738
111006
111267
111520
111767
112008
112247
112484
112723
112966
113217
113478
113752
114043
114356
114696
115065
115472
115911
116389
116903
117454
118041
118668
119333
120030
120749
121481
122209
122919
123617
124298
124952
125578
126167
126724
127278
127845
128419
128992
129595
130211
130870
131589
132300
132998
133713
134461
135225
136025
136825
137605
138453
139333
140244
141125
142042
143055
144234
145664
147324
149039
150593
151974
153162
154179
155076
155832
156353
156766
156928
156774
156371
155747
154809
153496
151827
149764
147491
94511.6
94630.3
94753.5
94881.4
95013.8
95150.9
95292.8
95439.3
95590.5
95746.4
95906.8
96071.9
96241.5
96415.6
96594.1
96776.8
96963.7
97154.7
97349.5
97548.1
97750.3
97955.8
98164.5
98376.2
98590.4
98807.1
99025.9
99246.4
99468.3
99691.2
99914.7
100138
100362
100585
100806
101026
101244
101459
101670
101878
102081
102280
102473
102659
102840
103013
103178
103336
103486
103625
103756
103876
103986
104086
104176
104256
104327
104389
104441
104484
104517
104541
104559
104573
104583
104591
104596
104600
104603
104609
104619
104637
104664
104703
104754
104819
104898
104991
105098
105219
105356
105508
105676
105860
106060
106275
106506
106750
107007
107276
107555
107842
108136
108435
108737
109039
109341
109641
109936
110226
110510
110786
111055
111317
111571
111819
112061
112300
112538
112778
113022
113274
113536
113810
114103
114417
114757
115129
115535
115975
116453
116969
117521
118112
118740
119407
120103
120824
121556
122285
122999
123697
124378
125033
125659
126249
126813
127367
127934
128508
129087
129692
130321
130984
131701
132409
133113
133831
134587
135354
136150
136954
137743
138596
139478
140386
141283
142220
143250
144448
145885
147546
149251
150809
152191
153385
154418
155308
156079
156585
156987
157124
156961
156556
155922
154971
153637
151952
149884
147600
94505.3
94624
94747.2
94875.1
95007.7
95144.9
95286.9
95433.5
95584.8
95740.8
95901.4
96066.6
96236.4
96410.6
96589.2
96772.1
96959.2
97150.3
97345.3
97544.1
97746.5
97952.2
98161.1
98372.9
98587.4
98804.3
99023.3
99244
99466.2
99689.3
99913.1
100137
100361
100584
100806
101026
101244
101459
101671
101879
102083
102281
102475
102662
102842
103016
103182
103340
103490
103630
103760
103881
103991
104092
104182
104262
104334
104396
104449
104492
104525
104550
104568
104581
104592
104600
104605
104608
104613
104620
104631
104649
104676
104715
104766
104831
104910
105003
105110
105232
105369
105521
105689
105873
106074
106290
106520
106765
107023
107292
107571
107859
108153
108452
108754
109057
109359
109659
109955
110245
110529
110806
111076
111338
111592
111840
112083
112322
112560
112800
113045
113297
113559
113835
114127
114442
114783
115154
115562
116002
116480
116996
117549
118140
118770
119437
120133
120855
121587
122316
123031
123730
124411
125067
125693
126283
126849
127405
127972
128547
129127
129732
130364
131030
131747
132454
133160
133880
134636
135403
136201
137005
137800
138651
139536
140446
141347
142290
143324
144527
145964
147626
149328
150887
152270
153467
154502
155395
156174
156677
157071
157201
157035
156628
155989
155034
153694
152001
149931
147645
74543.7
74867.3
75266.5
75743.8
76284.3
76876.9
77490.2
78140.5
78831.7
79601.8
80463.6
81451.9
82586.7
83864.2
85234.7
86632.8
88053.5
89419.8
90648.3
91674
92450.4
92914
93077.3
93048.6
92662.6
74590.4
74920.2
75331.1
75815.5
76356.6
76950.4
77562.1
78215.4
78908.3
79682.1
80542.9
81531.6
82664.9
83936.8
85304.8
86699.1
88115.1
89479.9
90709.2
91721.5
92484.5
92938.5
93095.3
93064
92669.7
74668.3
75016.8
75432.3
75920.7
76473.9
77065.9
77680.3
78326.6
79016.2
79793.7
80658.9
81655.9
82787.2
84053.6
85415.6
86808.6
88211.7
89558.8
90771.5
91765.2
92507.1
92948.8
93106.4
93067.6
92681.7
74775.2
75134.9
75566.5
76067.3
76629.8
77229.3
77837.8
78483.9
79170
79947
80810.4
81807.2
82941.6
84204.4
85561
86946.1
88335.3
89663.1
90853.6
91824.4
92553.3
92982.1
93132.1
93094
92703.1
74929.7
75293.2
75741.6
76254.3
76824.5
77432
78044.6
78692.9
79375.7
80150.3
81009
82004.4
83137.4
84399.2
85748.2
87121.9
88491.3
89795.2
90956.6
91899.7
92612.6
93024.8
93168.5
93131.5
92735.9
75098.4
75505.8
75960.6
76487.5
77067.7
77683.8
78305.2
78956.1
79634.1
80405.2
81254.4
82250.3
83381.2
84640.8
85978.2
87330.6
88679.8
89954.8
91080.2
91992.1
92683.8
93076.6
93215.2
93179.2
92783.5
75289.6
75722.8
76215.8
76761.9
77357.1
77981.9
78616.2
79268.8
79940.6
80689.2
81552.6
82546.4
83674.3
84930.5
86251.4
87581.4
88901.9
90144.2
91223.8
92099.9
92764.3
93136.8
93270.3
93236.1
92849
75509
75968.6
76505.4
77073.4
77688.8
78322.7
78972.4
79626
80294.6
81040.5
81907.4
82893.8
84017.9
85267
86568.1
87871.9
89156.9
90355.9
91386.2
92224.1
92852.7
93205.2
93332.1
93300.4
92935.1
75764.8
76251.8
76816.3
77421.5
78059.9
78704.5
79373.2
80024.6
80700.6
81460.7
82316
83291.3
84413.9
85647.4
86927.1
88199.6
89442.5
90588
91566.1
92363.9
92948.9
93280.6
93400.5
93371
93042.4
76065.6
76585.2
77149.4
77805.1
78469.2
79125.8
79815.3
80466.4
81162.3
81921.3
82773.5
83739.3
84861.9
86065.5
87323.8
88561.6
89756
90838.8
91762.4
92515.8
93053.3
93363.3
93476.7
93448.8
93170.2
76413.3
76969.6
77564.9
78228.3
78918.3
79588
80300.2
80956.6
81675.1
82404.2
83290.6
84244.4
85369
86522.4
87754.6
88953.2
90094.4
91109
91974.8
92678.2
93166.3
93453
93561
93534.5
93317.2
76809.8
77415.8
78044
78704.6
79409.3
80100.1
80830
81489
82188.8
82960.6
83867.6
84804.9
85891.1
87019.4
88222
89379.6
90457.7
91400.7
92204.3
92852.9
93286.7
93549.8
93652.7
93627.7
93481.5
77260.7
77917.6
78573.5
79250.4
79959.3
80669.8
81405.7
82063.1
82767.7
83599.5
84497.5
85416.6
86451.8
87561
88726.9
89839
90850.3
91715.4
92450.9
93037.8
93415.8
93653.6
93750.7
93727.8
93661.2
77769.8
78462.6
79140.2
79828.1
80546.7
81292.7
82029.9
82688.5
83422.9
84296.9
85170.1
86074.6
87064.9
88150.6
89277
90325.9
91266.9
92051.7
92715.9
93232.4
93553.8
93764.5
93854.8
93833.8
93856.4
78334.4
79044.6
79738.1
80449.1
81175.3
81970.5
82707.7
83374
84137.8
85036.9
85887
86782.7
87738.3
88785
89858.7
90837.9
91697.8
92409.1
93014.3
93438.2
93702.1
93882.9
93964.5
93945.3
94065.6
78936.3
79653.7
80357.7
81092.4
81849.8
82704.6
83436.5
84112.7
84908
85812.6
86671.8
87563.9
88459.8
89457
90471.2
91375.3
92148
92789.3
93306
93650.7
93860.1
94007.9
94079.2
94062.2
94285.6
79564.3
80285.7
81012.5
81780.4
82606.2
83498.4
84212.5
84901.5
85731.2
86637
87514.7
88426.1
89213.2
90162.4
91112
91938
92628.4
93187.4
93587.8
93865.3
94025.2
94137.9
94199.4
94183.5
94513.1
80213.4
80946.7
81728.6
82567.9
83461.2
84350.9
85034.7
85740.4
86605.1
87512
88411.2
89300.7
89990.9
90902.1
91779.5
92522.4
93158.6
93591.6
93882.8
94088.8
94195.3
94271.5
94325.6
94307.9
94743.4
80899
81657.1
82503.1
83432.5
84384.8
85257.2
85913.7
86646.8
87546.9
88455.3
89372.5
90103.1
90820.2
91703.7
92498.1
93157.4
93726.4
94030.5
94206.7
94342.1
94383
94414.3
94470.4
94446.7
94996.1
81645.3
82453.3
83358.1
84339.4
85348.4
86189.3
86850
87626.3
88558.4
89465
90376.3
90940.5
91725.1
92567
93266.9
93857.9
94280.2
94512.3
94557.7
94615.1
94588.8
94584.3
94631.2
94608.9
95268
82473
83350.6
84320.4
85329.9
86344
87134.8
87834.4
88660.9
89620.1
90514.2
91332.5
91920
92691.3
93462
94068.1
94585.2
94853.3
95002.5
94916.6
94880.9
94796.6
94758.2
94797.1
94781.5
95526.4
83393.2
84349.7
85385.4
86409.8
87383.9
88160.7
88876.5
89750.4
90730.4
91607.1
92354
92967.1
93698.2
94385.6
94908.2
95269
95459.9
95487.3
95278.9
95148
95005.6
94933.6
94967.5
94961.4
95768.1
84384.3
85420.1
86510.2
87536.9
88483.5
89259.4
89981.5
90898.7
91888.1
92743
93456.1
94063.5
94742.1
95339.6
95779.6
96026.9
96083.2
95973.4
95650.9
95418.6
95216
95110.1
95140
95147.2
95992.7
85421.9
86511
87642.6
88678.6
89608.5
90402.7
91154.2
92104.6
93087.5
93914.3
94604.2
95203.3
95822.1
96335.1
96683.9
96819.9
96717.2
96463.9
96029.7
95690.7
95427.4
95286.5
95315.3
95336.8
96203.1
86499.2
87591
88731.1
89801.3
90743.4
91599.8
92386.1
93359.8
94327.6
95124.7
95795
96378.5
96931.3
97365.9
97621.9
97588.3
97343.3
96951.5
96408.6
95963.6
95640.5
95462.9
95493.2
95528.6
96404
87637.8
88712.3
89844.2
90937.3
91905.4
92822.7
93664.2
94659.3
95608.7
96378.3
97024.3
97598
98059.2
98418.4
98554.9
98350.9
97958
97431.1
96783.1
96235.6
95853.8
95639.1
95671.7
95722.3
96602.4
88853.6
89927
91047.8
92148
93112.3
94023.1
94973.2
95993
96930.5
97664.5
98279.2
98837.3
99191.8
99426
99432.2
99122.2
98571.9
97906.5
97151.7
96504.3
96065.9
95815.8
95847.3
95918.8
96785.6
90148
91213.4
92341.2
93414.5
94377
95249.5
96289.5
97331.2
98259.4
98948.6
99526
100043
100301
100372
100255
99873.6
99171.9
98366
97502.2
96762.3
96269.7
95988.4
96011.4
96110.8
96951.8
91541.7
92588.9
93698.7
94733.1
95714
96535.4
97638.4
98686.9
99563.9
100239
100751
101219
101388
101282
101055
100595
99752.6
98807.6
97834.4
97008.9
96464.6
96156.3
96164.4
96296.2
97106
93037.5
94066
95145.3
96141.9
97089.3
97957.7
99060
100092
100868
101546
101964
102370
102466
102206
101849
101289
100323
99240.3
98157.7
97251
96656.3
96324.3
96316.2
96476.1
97256.5
94617.8
95657.7
96670.6
97646.1
98523.5
99473.9
100568
101550
102219
102807
103139
103502
103522
103136
102636
101959
100878
99661.6
98471.8
97488
96843.8
96490.9
96467.1
96648.4
97404.5
96304.2
97361.5
98293.2
99171.2
100034
101030
102156
103054
103630
104062
104371
104628
104559
104057
103417
102609
101417
100071
98776.7
97719.1
97026.1
96654.7
96615.9
96812.5
97549.4
98109.6
99159.2
100041
100865
101604
102657
103775
104587
105179
105557
105689
105769
105581
104967
104187
103239
101937
100467
99072.7
97944
97202.9
96814.3
96762.3
96968.8
97694.2
100040
101052
101881
102788
103451
104408
105380
106139
106856
107036
107007
106934
106593
105868
104943
103851
102438
100850
99359.4
98162.2
97374.3
96968.3
96905.7
97119
97838.2
102261
103176
103964
104904
105507
106313
107106
107783
108347
108402
108293
108173
107637
106791
105713
104471
102937
101232
99646.4
98380.5
97544.4
97119.8
97047.8
97265.4
97980.6
104776
105532
106323
106947
107663
108326
108958
109507
109725
109746
109569
109322
108690
107723
106492
105096
103432
101610
99931.1
98595.8
97711.6
97265.7
97186.3
97407
98120.5
107419
108026
108754
109202
109763
110361
110814
111200
111234
111224
110938
110384
109713
108621
107243
105699
103905
101969
100202
98802
97870.8
97402.4
97316.5
97540.8
98254.3
110187
110612
111191
111498
111890
112436
112659
112849
112804
112731
112350
111548
110717
109486
107963
106276
104354
102309
100458
98998.7
98021
97530.1
97437.8
97669.5
98380.1
112949
113266
113655
113752
114026
114454
114491
114468
114372
114148
113657
112785
111701
110322
108652
106824
104779
102629
100698
99184.6
98162.2
97648.9
97551
97795.6
98497.3
115907
116066
116056
115989
116133
116318
116269
116074
115889
115506
114850
113892
112650
111124
109305
107339
105175
102926
100922
99358.7
98294.3
97759.2
97656.8
97914.9
98607.9
119143
118931
118430
118298
118265
118075
117973
117647
117308
116797
115983
114890
113553
111875
109921
107818
105540
103203
101132
99518.9
98417.8
97862.9
97755.1
98024.4
98710.8
122440
121970
121166
120662
120378
119869
119620
119160
118631
117993
117065
115859
114400
112577
110493
108258
105874
103469
101327
99666.8
98532.4
97957.4
97845.2
98120.5
98804.8
125704
124970
123995
123169
122373
121640
121221
120622
119887
119116
118089
116767
115179
113234
111019
108657
106175
103703
101512
99803.8
98638
98044.2
97926.8
98202
98889.2
128829
127750
126703
125747
124393
123399
122783
122008
121084
120176
119055
117609
115884
113846
111499
109016
106446
103914
101677
99928.8
98734.8
98123.3
98000.3
98270.7
98963.6
132023
130653
129429
128132
126624
125255
124379
123375
122296
121225
120005
118442
116566
114444
111965
109362
106708
104116
101833
100051
98830.7
98201.2
98072.5
98335.8
99034.5
135125
133543
131889
130320
128692
127030
125854
124637
123412
122157
120816
119166
117183
114977
112387
109673
106944
104298
101975
100163
98918.6
98271.4
98137
98392
99092.3
137693
135942
133841
132057
130273
128451
127027
125693
124327
122903
121430
119689
117668
115396
112728
109925
107133
104444
102088
100252
98989.3
98326.6
98186.6
98433.9
99130.5
139699
137699
135427
133383
131487
129527
127992
126580
125094
123518
121924
120086
118040
115719
113002
110133
107285
104562
102179
100323
99046.1
98370
98224.1
98464.5
99153.2
141274
139041
136630
134384
132382
130352
128818
127275
125702
124032
122336
120410
118325
115965
113219
110302
107408
104658
102254
100380
99090.8
98404.2
98252.3
98486.3
99164
142472
140093
137559
135157
133055
131003
129421
127796
126157
124451
122670
120677
118543
116149
113387
110438
107509
104736
102315
100426
99125.9
98430.9
98273.2
98501.5
99166.2
143344
140911
138305
135785
133582
131495
129854
128178
126496
124757
122930
120890
118711
116287
113513
110544
107590
104801
102365
100463
99153.5
98452.3
98288.4
98511.8
99165
143998
141523
138927
136299
133998
131859
130177
128456
126746
124976
123123
121052
118838
116391
113607
110627
107655
104853
102406
100493
99175.1
98467.6
98299.3
98518.5
99163.4
144496
141958
139384
136704
134318
132128
130421
128651
126922
125130
123257
121171
118934
116470
113678
110691
107706
104897
102440
100517
99192.1
98478.9
98306.8
98522.6
99161.6
144849
142258
139677
136985
134549
132326
130593
128785
127043
125235
123349
121254
119005
116529
113733
110740
107747
104931
102468
100536
99205.5
98487.3
98311.9
98524.8
99159.4
145072
142460
139861
137164
134703
132465
130705
128874
127123
125306
123411
121312
119057
116573
113774
110779
107780
104959
102490
100552
99216
98493.5
98315
98525.5
99157.1
145209
142591
139978
137276
134800
132552
130777
128931
127174
125351
123443
121348
119093
116603
113800
110805
107804
104981
102507
100565
99224.3
98498.1
98316.8
98525.1
99154.8
145295
142681
140064
137366
134878
132624
130831
128986
127221
125394
123480
121385
119129
116637
113833
110837
107833
105004
102525
100577
99231.3
98501.4
98317.6
98524
99152.7
)
;

boundaryField
{
    inlet
    {
        type            zeroGradient;
    }
    outlet
    {
        type            waveTransmissive;
        phi             phi;
        rho             rho;
        psi             psi;
        gamma           1.3;
        fieldInf        100000;
        lInf            0.3;
        value           nonuniform List<scalar> 
57
(
93272.3
93290.2
93317
93359.1
93418.4
93494.4
93588.8
93700.7
93828.7
93971.5
94127.9
94295.8
94475.8
94660.2
94849.4
95041.4
95234.4
95426.6
95643.8
95864.5
96072.9
96268.3
96451.6
96625.1
96791.2
96965
97119.5
97263.2
97398
97530.7
97661.8
97802
97930.6
98059.4
98189
98317.9
98443.6
98565.2
98681.7
98793.3
98898.8
98996.6
99085.3
99164.4
99240.5
99305
99350.6
99381.2
99392.2
99401.9
99404.5
99405.7
99405.7
99405.2
99404.7
99404.1
99403.7
)
;
    }
    upperWall
    {
        type            zeroGradient;
    }
    lowerWall
    {
        type            zeroGradient;
    }
    frontAndBack
    {
        type            empty;
    }
}


// ************************************************************************* //
