/*--------------------------------*- C++ -*----------------------------------*\
| =========                 |                                                 |
| \\      /  F ield         | OpenFOAM: The Open Source CFD Toolbox           |
|  \\    /   O peration     | Version:  dev                                   |
|   \\  /    A nd           | Web:      http://www.openfoam.org               |
|    \\/     M anipulation  |                                                 |
\*---------------------------------------------------------------------------*/
FoamFile
{
    version     2.0;
    format      ascii;
    class       volScalarField;
    object      pMean;
    location    "9.125";
}
// * * * * * * * * * * * * * * * * * * * * * * * * * * * * * * * * * * * * * //

dimensions      [1 -1 -2 0 0 0 0];

internalField   nonuniform List<scalar> 
12225
(
98313.3
98293.5
98279.8
98272.8
98258.5
98249.1
98230.6
98221.1
98199.6
98190.8
98166.2
98159.3
98128.4
98122
98081.3
98041.6
97952.5
97586.7
98308.8
98292.4
98279.2
98272.3
98257.9
98248.5
98230
98220.5
98198.9
98190.4
98165.4
98158.8
98128
98120.1
98079.5
98045.7
97953.4
97792.4
98305
98290.9
98278.2
98270.9
98256.5
98247
98228.5
98219.2
98197.5
98189
98164.6
98156.7
98128.5
98116.7
98081.8
98046.6
97979.3
97890.5
98300
98287.9
98276.1
98268.4
98254.1
98244.3
98226.4
98216.5
98195.7
98186.3
98163.2
98153.6
98127.4
98114.5
98082.8
98055
98006.5
97937.7
98293.3
98283.5
98272.5
98264.4
98250.5
98240.2
98223.3
98212.3
98193.3
98182
98161.7
98149.1
98127.6
98111.3
98084.7
98060.5
98020.6
97988
98285.1
98277.4
98266.6
98258.3
98244.9
98234.3
98218.2
98206.6
98188.8
98176.7
98158.5
98144.9
98126.5
98109.6
98088.2
98062.9
98040.8
98020.4
98274.8
98268.4
98258.1
98249.6
98237
98225.9
98211.1
98198.5
98182.8
98169.3
98153.9
98138.8
98124.3
98106.7
98092.5
98071.5
98061.1
98046.2
98264
98258.4
98248.7
98240
98228.3
98216.8
98203.2
98190
98176
98161.7
98148.6
98133
98121.4
98104.1
98095.4
98077.6
98075.9
98060.9
98253.2
98247.8
98238.9
98230
98219.2
98207.4
98194.9
98181.4
98168.8
98154.2
98142.8
98127.3
98117.6
98101.6
98095.3
98081.1
98080.9
98068.9
98239.5
98234.1
98226.4
98217.4
98207.5
98195.7
98184.2
98170.7
98159.4
98144.9
98134.9
98120
98111.8
98097.4
98092.5
98080.7
98079.9
98071.6
98222.6
98217.1
98210.6
98201.8
98192.7
98181.2
98170.5
98157.5
98147
98133.4
98124.1
98110.9
98102.9
98091.4
98085.8
98077.2
98074.5
98069.4
98202
98196.3
98191.1
98182.7
98174.3
98163.3
98153.4
98141.1
98131.5
98119
98110.3
98098.8
98091.3
98082
98076.3
98069.9
98066.3
98062.7
98177.2
98172
98167.4
98159.9
98152
98142
98132.6
98121.7
98112.5
98101.8
98093.4
98084.1
98076.9
98069.7
98064.2
98059.4
98055.8
98053
98149
98144.2
98140.2
98133.6
98126.4
98117.5
98108.9
98099.4
98090.8
98081.9
98074.2
98066.6
98060.2
98054.5
98049.9
98046
98043.1
98041
98118.8
98115.1
98111.3
98105.9
98099.4
98091.8
98084
98075.9
98068.3
98060.9
98054.2
98048.1
98042.8
98038.2
98034.5
98031.6
98029.4
98027.9
98091.1
98088.3
98085
98080.5
98074.9
98068.4
98061.6
98054.7
98048.1
98042
98036.4
98031.4
98027.1
98023.5
98020.7
98018.5
98017
98016
98072.5
98070.5
98067.8
98063.9
98058.9
98053.2
98047.3
98041.4
98035.7
98030.5
98025.7
98021.5
98018
98015.1
98012.8
98011.1
98009.9
98009.3
98072.7
98071.1
98068.5
98064.8
98060.1
98054.7
98049.1
98043.6
98038.3
98033.3
98028.8
98024.9
98021.5
98018.8
98016.5
98014.8
98013.6
98012.9
98092.4
98090.6
98087.8
98083.8
98078.9
98073.3
98067.5
98061.8
98056.2
98051
98046.2
98041.9
98038.2
98035
98032.3
98030.2
98028.5
98027.3
98123.2
98121.1
98117.7
98113.2
98107.8
98101.7
98095.4
98089.1
98082.9
98077.1
98071.7
98066.8
98062.4
98058.5
98055.2
98052.3
98050
98048
98158.1
98155.5
98151.4
98146.3
98140.2
98133.5
98126.6
98119.6
98112.8
98106.3
98100.1
98094.5
98089.3
98084.7
98080.6
98077
98073.9
98071.2
98192
98188.9
98184.1
98178.3
98171.6
98164.4
98156.8
98149.2
98141.7
98134.6
98127.7
98121.4
98115.5
98110.2
98105.3
98101
98097.2
98093.8
98222.3
98218.6
98213.1
98206.6
98199.3
98191.6
98183.6
98175.4
98167.4
98159.7
98152.3
98145.3
98138.8
98132.8
98127.4
98122.4
98118
98113.9
98247.6
98243.2
98236.9
98229.8
98222.1
98214
98205.6
98197.1
98188.7
98180.5
98172.6
98165.1
98158.1
98151.7
98145.7
98140.2
98135.3
98130.7
98267.9
98262.7
98255.5
98247.8
98239.8
98231.5
98222.9
98214.1
98205.3
98196.7
98188.5
98180.7
98173.3
98166.4
98160.1
98154.2
98148.8
98143.9
98283.5
98277.2
98269.1
98261
98252.8
98244.3
98235.5
98226.6
98217.6
98208.8
98200.3
98192.2
98184.5
98177.4
98170.7
98164.6
98158.9
98153.7
98295.3
98287.5
98278.4
98269.9
98261.7
98253.1
98244.3
98235.2
98226.1
98217.2
98208.5
98200.2
98192.4
98185
98178.2
98171.8
98166
98160.6
98304
98294.2
98284.1
98275.5
98267.3
98258.8
98249.9
98240.8
98231.6
98222.6
98213.8
98205.4
98197.4
98190
98183
98176.5
98170.5
98165
98310.1
98298
98286.9
98278.3
98270.2
98261.9
98253.1
98244
98234.8
98225.7
98216.8
98208.4
98200.3
98192.8
98185.7
98179.2
98173.1
98167.5
98316.1
98300.6
98288.5
98279.6
98271.5
98263.1
98254.4
98245.3
98236.1
98227
98218.1
98209.6
98201.5
98194
98186.9
98180.3
98174.3
98168.7
98313.1
98312.7
98312
98310.8
98309.3
98307.5
98305.2
98302.6
98299.6
98296.1
98292.3
98288
98283.4
98278.5
98273.3
98267.8
98262.1
98256.2
98250.1
98243.8
98237.4
98230.8
98224.1
98217.3
98210.4
98203.4
98196.4
98189.3
98182.2
98175.2
98168.1
98161
98154
98147
98140.2
98133.4
98126.8
98120.3
98114
98107.8
98101.9
98096.2
98090.8
98085.7
98080.9
98076.4
98072.3
98068.6
98065.3
98062.4
98060
98058.1
98056.8
98055.9
98055.6
98056
98056.9
98058.6
98060.8
98063.8
98067.5
98071.8
98076.9
98082.7
98089.3
98096.5
98104.5
98113.1
98122.4
98132.4
98143
98154.2
98165.9
98178.2
98191
98204.2
98217.8
98231.8
98246.1
98260.7
98275.5
98290.5
98305.6
98320.9
98336.1
98351.4
98366.6
98381.6
98396.5
98411.2
98425.7
98439.8
98453.6
98466.9
98479.8
98492.3
98504.1
98515.5
98526.2
98536.4
98545.9
98554.7
98563
98570.5
98577.5
98583.8
98589.5
98594.7
98599.3
98603.3
98607
98610.2
98613
98615.5
98617.7
98619.6
98621.2
98622.7
98623.9
98625
98626.1
98627.2
98628.4
98629.7
98631.3
98633.3
98635.9
98639.3
98643.8
98649.4
98656.4
98665.1
98675.8
98688.7
98704
98722
98742.8
98766.6
98793.4
98823.2
98856.1
98892
98930.8
98972.3
99016.6
99063.2
99112.1
99162.8
99215.4
99269.6
99325
99381.4
99438.4
99495.8
99553
99609.6
99665
99718.8
99769.8
99817.7
99861.3
99899.6
99931.7
99956.8
99973.6
99981.2
99978.5
99965.6
99941.6
99907
99861.6
99806.9
99743
99672.3
99595.3
99514.8
99430.3
99345.6
99258.8
99175.6
98306.1
98305.8
98305
98303.8
98302.3
98300.4
98298.2
98295.6
98292.6
98289.2
98285.4
98281.3
98276.8
98272
98266.9
98261.6
98256.1
98250.3
98244.4
98238.3
98232.1
98225.7
98219.2
98212.5
98205.8
98199
98192.1
98185.2
98178.3
98171.3
98164.4
98157.5
98150.6
98143.8
98137.1
98130.5
98124
98117.7
98111.5
98105.5
98099.7
98094.1
98088.8
98083.7
98079
98074.6
98070.6
98066.9
98063.7
98060.8
98058.4
98056.5
98055.1
98054.3
98054
98054.3
98055.2
98056.7
98058.9
98061.8
98065.4
98069.7
98074.6
98080.3
98086.7
98093.8
98101.6
98110.1
98119.2
98129
98139.4
98150.4
98162
98174
98186.6
98199.6
98213
98226.7
98240.8
98255.1
98269.7
98284.5
98299.3
98314.3
98329.3
98344.3
98359.2
98374
98388.6
98403
98417.1
98431
98444.5
98457.5
98470.1
98482.3
98493.9
98505
98515.5
98525.3
98534.6
98543.3
98551.3
98558.7
98565.4
98571.6
98577.2
98582.1
98586.6
98590.6
98594.2
98597.3
98600.1
98602.5
98604.6
98606.4
98608
98609.4
98610.6
98611.6
98612.6
98613.6
98614.6
98615.8
98617.3
98619.1
98621.5
98624.6
98628.7
98634
98640.7
98648.9
98659.1
98671.5
98686.2
98703.5
98723.6
98746.6
98772.5
98801.4
98833.4
98868.3
98906.1
98946.5
98989.7
99035.1
99082.8
99132.4
99183.8
99236.8
99291.1
99346.3
99402.2
99458.5
99514.7
99570.4
99624.8
99677.8
99728.1
99775.4
99818.5
99856.6
99888.6
99913.8
99931
99939.1
99937.3
99925.5
99902.8
99869.6
99825.9
99772.9
99710.7
99641.9
99566.6
99487.9
99404.9
99321.8
99236
99151
98293.4
98293.1
98292.3
98291.1
98289.5
98287.5
98285.2
98282.6
98279.5
98276.2
98272.4
98268.4
98264.1
98259.5
98254.6
98249.6
98244.4
98239
98233.4
98227.7
98221.8
98215.8
98209.7
98203.4
98197.1
98190.6
98184.1
98177.5
98170.8
98164.2
98157.5
98150.9
98144.3
98137.7
98131.3
98124.9
98118.6
98112.5
98106.6
98100.8
98095.2
98089.8
98084.6
98079.7
98075.2
98070.9
98066.9
98063.4
98060.2
98057.4
98055
98053.1
98051.6
98050.7
98050.3
98050.5
98051.3
98052.8
98054.8
98057.5
98060.9
98065
98069.7
98075.2
98081.3
98088.1
98095.7
98103.8
98112.7
98122.1
98132.2
98142.8
98154
98165.7
98177.8
98190.4
98203.4
98216.7
98230.3
98244.2
98258.3
98272.6
98287
98301.4
98315.9
98330.4
98344.8
98359
98373.1
98387
98400.5
98413.8
98426.7
98439.2
98451.3
98462.9
98474
98484.5
98494.5
98503.9
98512.7
98520.9
98528.5
98535.5
98542
98547.8
98553.1
98557.8
98562.1
98565.9
98569.2
98572.2
98574.8
98577.1
98579.1
98580.8
98582.2
98583.5
98584.5
98585.4
98586.2
98587
98587.8
98588.6
98589.7
98591.2
98593.1
98595.7
98599.1
98603.7
98609.5
98616.9
98626.1
98637.3
98650.7
98666.7
98685.3
98706.7
98731
98758.1
98788.2
98821
98856.7
98894.9
98935.9
98979
99024.4
99071.6
99120.7
99171.3
99223.3
99276.2
99329.9
99384
99438
99491.6
99544.2
99595.4
99644.2
99690.1
99732.1
99769.4
99800.8
99826
99843.5
99852.4
99851.9
99841.9
99821.5
99791
99750.3
99700.7
99642.1
99577
99505.4
99430.1
99350.6
99270.7
99187.7
99103.8
98275.9
98275.6
98274.9
98273.7
98272.1
98270.1
98267.7
98265.1
98262.1
98258.7
98255.1
98251.2
98247.1
98242.7
98238.2
98233.5
98228.6
98223.6
98218.4
98213.1
98207.7
98202.2
98196.5
98190.7
98184.8
98178.8
98172.8
98166.7
98160.5
98154.3
98148.1
98141.9
98135.8
98129.6
98123.5
98117.5
98111.6
98105.8
98100.2
98094.7
98089.3
98084.2
98079.2
98074.5
98070.1
98065.9
98062.1
98058.6
98055.5
98052.8
98050.5
98048.5
98047.1
98046.1
98045.6
98045.7
98046.3
98047.6
98049.5
98051.9
98055.1
98058.8
98063.2
98068.3
98074.1
98080.5
98087.6
98095.4
98103.8
98112.7
98122.3
98132.4
98143.1
98154.2
98165.8
98177.8
98190.2
98202.9
98215.9
98229.1
98242.6
98256.2
98269.9
98283.6
98297.4
98311.1
98324.8
98338.3
98351.6
98364.7
98377.6
98390.1
98402.2
98414
98425.3
98436.1
98446.4
98456.2
98465.5
98474.3
98482.4
98490
98497.1
98503.6
98509.5
98514.9
98519.8
98524.1
98528.1
98531.5
98534.6
98537.3
98539.7
98541.8
98543.6
98545.1
98546.4
98547.4
98548.3
98549
98549.5
98549.9
98550.3
98550.7
98551.3
98552.2
98553.4
98555.2
98557.7
98561.2
98565.9
98572
98579.8
98589.4
98601.1
98615.2
98631.8
98651
98672.9
98697.5
98724.9
98755
98787.8
98823.1
98860.9
98901
98943.1
98987.2
99033
99080.5
99129.2
99179.1
99229.7
99280.9
99332
99382.9
99432.9
99481.6
99528.3
99572.2
99612.6
99648.7
99679.3
99704.1
99721.8
99731.4
99732.4
99724.4
99706.7
99679.5
99642.7
99597.4
99543.5
99483.2
99416.4
99346
99271.2
99195.7
99117
99036.9
98254.7
98254.5
98253.8
98252.6
98251.1
98249.2
98246.9
98244.3
98241.4
98238.1
98234.7
98230.9
98227
98222.9
98218.6
98214.2
98209.7
98205.1
98200.3
98195.5
98190.6
98185.5
98180.4
98175.1
98169.8
98164.3
98158.8
98153.3
98147.7
98142.1
98136.5
98130.8
98125.2
98119.6
98114
98108.5
98103.1
98097.7
98092.5
98087.3
98082.3
98077.5
98072.9
98068.4
98064.2
98060.3
98056.6
98053.2
98050.2
98047.6
98045.2
98043.3
98041.8
98040.8
98040.2
98040.1
98040.6
98041.6
98043.2
98045.4
98048.2
98051.6
98055.6
98060.2
98065.5
98071.5
98078
98085.2
98093
98101.4
98110.4
98119.9
98129.8
98140.3
98151.2
98162.4
98174
98185.9
98198.1
98210.5
98223.1
98235.9
98248.7
98261.5
98274.4
98287.2
98299.9
98312.5
98324.9
98337.1
98349
98360.6
98371.8
98382.6
98393
98402.9
98412.4
98421.3
98429.7
98437.6
98445
98451.9
98458.2
98464
98469.3
98474.1
98478.5
98482.4
98485.9
98489
98491.7
98494.1
98496.2
98498.1
98499.6
98500.9
98501.9
98502.7
98503.2
98503.6
98503.7
98503.7
98503.6
98503.5
98503.5
98503.6
98503.9
98504.7
98506.2
98508.4
98511.7
98516.2
98522.2
98529.9
98539.6
98551.3
98565.4
98582
98601
98622.6
98646.9
98673.6
98702.9
98734.6
98768.8
98805.1
98843.4
98883.7
98925.7
98969.3
99014.3
99060.4
99107.4
99155
99202.6
99250.1
99297
99342.7
99386.7
99428.3
99466.6
99501.1
99530.5
99554.7
99572.4
99582.7
99585
99579.1
99564.4
99541.1
99508.7
99468.3
99419.8
99365.2
99304.1
99239.7
99170.7
99100.8
99027.6
98952.9
98231.3
98231.1
98230.5
98229.4
98228
98226.2
98224.1
98221.6
98218.9
98215.8
98212.5
98209
98205.3
98201.5
98197.5
98193.4
98189.2
98185
98180.6
98176.2
98171.7
98167.1
98162.5
98157.7
98152.9
98148.1
98143.2
98138.2
98133.2
98128.2
98123.2
98118.2
98113.1
98108.1
98103.1
98098.2
98093.3
98088.4
98083.7
98079
98074.5
98070
98065.7
98061.6
98057.7
98054
98050.6
98047.4
98044.5
98041.9
98039.6
98037.7
98036.2
98035
98034.3
98034.1
98034.4
98035.2
98036.5
98038.3
98040.7
98043.7
98047.2
98051.4
98056.1
98061.5
98067.4
98074
98081.1
98088.8
98097
98105.7
98114.9
98124.5
98134.6
98145
98155.7
98166.7
98177.9
98189.4
98201
98212.7
98224.5
98236.3
98248.1
98259.9
98271.6
98283.1
98294.4
98305.5
98316.3
98326.8
98336.9
98346.7
98356
98364.9
98373.3
98381.3
98388.8
98395.8
98402.3
98408.3
98413.8
98418.8
98423.5
98427.6
98431.4
98434.7
98437.7
98440.3
98442.7
98444.7
98446.5
98447.9
98449.1
98450.1
98450.7
98451.2
98451.4
98451.3
98451
98450.5
98449.9
98449.1
98448.3
98447.6
98447
98446.6
98446.8
98447.6
98449.3
98452
98456
98461.6
98468.8
98478
98489.3
98502.9
98518.7
98537
98557.7
98580.7
98606.1
98633.8
98663.9
98696.1
98730.3
98766.3
98804.1
98843.5
98884.4
98926.4
98969.3
99012.9
99056.6
99100.4
99143.8
99186.1
99227
99265.9
99301.8
99334.3
99362.2
99385.4
99402.8
99413.6
99417.2
99413.5
99401.8
99382.3
99354.5
99319.4
99276.6
99228.1
99173.4
99115.7
99053.2
98989.9
98923
98854.9
98206.8
98206.7
98206.2
98205.2
98204
98202.3
98200.4
98198.2
98195.6
98192.8
98189.8
98186.6
98183.2
98179.6
98176
98172.2
98168.4
98164.4
98160.5
98156.4
98152.3
98148.2
98144
98139.8
98135.5
98131.2
98126.8
98122.5
98118.1
98113.6
98109.2
98104.7
98100.3
98095.9
98091.5
98087.1
98082.8
98078.5
98074.2
98070
98065.9
98061.9
98058
98054.2
98050.6
98047.2
98044
98041
98038.2
98035.8
98033.6
98031.7
98030.1
98028.9
98028.1
98027.7
98027.7
98028.3
98029.2
98030.7
98032.7
98035.2
98038.3
98041.9
98046
98050.8
98056
98061.9
98068.3
98075.2
98082.6
98090.4
98098.8
98107.5
98116.6
98126.1
98135.8
98145.8
98156
98166.4
98176.9
98187.5
98198.2
98208.9
98219.5
98230.1
98240.6
98250.9
98261.1
98271
98280.6
98289.9
98298.9
98307.5
98315.7
98323.5
98330.8
98337.7
98344.2
98350.2
98355.8
98360.9
98365.6
98369.8
98373.6
98377.1
98380.2
98382.9
98385.3
98387.5
98389.3
98390.9
98392.2
98393.3
98394.1
98394.6
98394.9
98394.9
98394.6
98394.1
98393.3
98392.3
98391
98389.5
98387.8
98386.1
98384.5
98382.9
98381.6
98380.9
98380.9
98381.8
98383.6
98386.8
98391.5
98398
98406.4
98416.8
98429.3
98443.9
98460.8
98480
98501.4
98525
98550.7
98578.6
98608.4
98640.1
98673.5
98708.5
98745
98782.7
98821.2
98860.6
98900.3
98940.2
98979.8
99018.5
99055.9
99091.7
99125
99155.1
99181.2
99203.1
99219.9
99230.8
99235.5
99233.8
99224.9
99209.2
99185.7
99155.9
99118.9
99076.8
99028.8
98978
98922.5
98866.3
98806.3
98745.5
98182.6
98182.6
98182.1
98181.4
98180.3
98178.9
98177.2
98175.2
98172.9
98170.4
98167.7
98164.8
98161.7
98158.5
98155.2
98151.7
98148.2
98144.7
98141.1
98137.4
98133.7
98129.9
98126.2
98122.4
98118.6
98114.8
98111
98107.1
98103.2
98099.3
98095.4
98091.5
98087.6
98083.8
98079.9
98076.1
98072.2
98068.4
98064.7
98060.9
98057.2
98053.6
98050.1
98046.6
98043.3
98040.2
98037.2
98034.4
98031.8
98029.4
98027.3
98025.4
98023.8
98022.5
98021.6
98021
98020.8
98021.1
98021.8
98022.9
98024.5
98026.5
98029.1
98032.1
98035.7
98039.7
98044.3
98049.4
98055.1
98061.1
98067.7
98074.7
98082.1
98089.9
98098
98106.5
98115.2
98124.2
98133.3
98142.6
98152
98161.4
98170.9
98180.4
98189.9
98199.2
98208.5
98217.5
98226.4
98235.1
98243.4
98251.5
98259.3
98266.7
98273.7
98280.3
98286.5
98292.4
98297.8
98302.8
98307.4
98311.6
98315.4
98318.8
98321.8
98324.5
98326.9
98329
98330.8
98332.4
98333.7
98334.8
98335.6
98336.1
98336.4
98336.5
98336.3
98335.9
98335.1
98334.1
98332.7
98331
98329
98326.7
98324.1
98321.4
98318.6
98315.7
98313.1
98310.7
98308.9
98307.8
98307.5
98308.4
98310.5
98314.2
98319.5
98326.7
98335.8
98346.9
98360
98375.3
98392.7
98412.2
98433.6
98457
98482.4
98509.8
98538.8
98569.4
98601.4
98634.8
98668.9
98704
98739.6
98775.5
98811.2
98846.1
98879.9
98912.3
98942.6
98970.2
98994
99014.3
99030
99040.9
99046.3
99046.2
99039.8
99027.4
99008
98983.1
98951.7
98915.8
98874.5
98830.8
98782.3
98733.5
98680.8
98627.7
98159.8
98159.8
98159.5
98158.8
98157.9
98156.7
98155.3
98153.6
98151.6
98149.4
98147
98144.4
98141.7
98138.8
98135.8
98132.8
98129.6
98126.4
98123.2
98119.9
98116.6
98113.2
98109.9
98106.5
98103.2
98099.8
98096.4
98093
98089.6
98086.2
98082.8
98079.4
98075.9
98072.5
98069.1
98065.8
98062.4
98059
98055.6
98052.3
98049
98045.7
98042.5
98039.3
98036.3
98033.3
98030.5
98027.9
98025.4
98023.1
98021
98019.1
98017.5
98016.1
98015.1
98014.3
98013.9
98013.9
98014.3
98015
98016.2
98017.8
98019.9
98022.4
98025.3
98028.8
98032.7
98037.1
98041.9
98047.2
98052.9
98059.1
98065.6
98072.4
98079.6
98087
98094.7
98102.6
98110.7
98118.8
98127.1
98135.4
98143.7
98152
98160.2
98168.3
98176.3
98184.1
98191.7
98199.1
98206.2
98213
98219.5
98225.7
98231.5
98237
98242.1
98246.8
98251.1
98255.1
98258.7
98261.9
98264.8
98267.4
98269.6
98271.6
98273.2
98274.6
98275.8
98276.8
98277.5
98278
98278.3
98278.3
98278.1
98277.6
98276.9
98275.9
98274.5
98272.9
98270.9
98268.5
98265.7
98262.5
98259
98255.2
98251.2
98247.1
98243.1
98239.2
98235.6
98232.5
98230.1
98228.6
98228.2
98229.1
98231.5
98235.5
98241.2
98248.9
98258.3
98269.8
98283.3
98298.8
98316.1
98335.3
98356.4
98379.6
98404.3
98430.5
98458.2
98487.2
98517.1
98548
98579.5
98611.4
98643
98674.1
98704.2
98733.1
98760.1
98784.9
98806.3
98824.5
98838.8
98849.1
98854.8
98855.8
98851.3
98841.6
98826
98805.6
98779.2
98749.3
98714.5
98677.7
98636.2
98594.8
98549.4
98504.1
98139.1
98139.2
98139
98138.5
98137.8
98136.8
98135.6
98134.1
98132.5
98130.6
98128.6
98126.3
98123.9
98121.4
98118.8
98116.1
98113.3
98110.5
98107.6
98104.7
98101.8
98098.8
98095.9
98092.9
98090
98087
98084
98081
98078
98075
98072
98068.9
98065.9
98062.9
98059.9
98056.8
98053.8
98050.8
98047.7
98044.7
98041.6
98038.6
98035.7
98032.7
98029.9
98027.1
98024.5
98021.9
98019.5
98017.3
98015.2
98013.3
98011.6
98010.1
98008.9
98008
98007.4
98007.1
98007.2
98007.6
98008.4
98009.6
98011.2
98013.2
98015.6
98018.4
98021.7
98025.4
98029.5
98034
98038.9
98044.2
98049.9
98055.8
98062
98068.5
98075.2
98082
98089
98096.1
98103.2
98110.4
98117.5
98124.6
98131.6
98138.5
98145.3
98151.9
98158.2
98164.3
98170.2
98175.8
98181.1
98186.1
98190.7
98195
98198.9
98202.5
98205.7
98208.6
98211.2
98213.5
98215.5
98217.2
98218.7
98219.8
98220.8
98221.5
98221.9
98222.2
98222.3
98222.2
98221.9
98221.4
98220.6
98219.5
98218.2
98216.5
98214.5
98212.2
98209.4
98206.3
98202.6
98198.6
98194.1
98189.2
98184.1
98178.8
98173.4
98168
98162.7
98157.8
98153.3
98149.6
98146.8
98145.1
98144.7
98145.7
98148.2
98152.5
98158.5
98166.4
98176.2
98187.9
98201.4
98216.7
98233.8
98252.9
98273.6
98295.8
98319.3
98344.1
98370
98396.8
98424.3
98452.1
98479.7
98507
98533.4
98558.6
98582.2
98604
98622.7
98638.6
98651
98660.2
98665.4
98667
98663.7
98656.2
98643.7
98627.2
98605.5
98581.1
98552.4
98522
98487.2
98452.9
98414.7
98377.3
98121.3
98121.4
98121.3
98120.9
98120.3
98119.6
98118.6
98117.4
98116.1
98114.5
98112.8
98110.9
98108.9
98106.7
98104.5
98102.2
98099.8
98097.3
98094.8
98092.3
98089.8
98087.2
98084.6
98082.1
98079.5
98076.8
98074.2
98071.5
98068.8
98066.2
98063.5
98060.8
98058
98055.3
98052.6
98049.8
98047
98044.2
98041.4
98038.6
98035.8
98032.9
98030.1
98027.4
98024.6
98022
98019.4
98016.9
98014.5
98012.2
98010.1
98008.2
98006.4
98004.8
98003.5
98002.4
98001.6
98001
98000.8
98000.9
98001.4
98002.2
98003.3
98004.9
98006.8
98009.1
98011.8
98014.8
98018.3
98022.1
98026.3
98030.8
98035.6
98040.7
98046
98051.6
98057.3
98063.2
98069.2
98075.2
98081.3
98087.3
98093.4
98099.3
98105.2
98110.9
98116.5
98121.9
98127
98131.9
98136.6
98141
98145.1
98148.9
98152.3
98155.5
98158.3
98160.8
98162.9
98164.8
98166.4
98167.7
98168.8
98169.6
98170.2
98170.6
98170.7
98170.7
98170.4
98170
98169.4
98168.6
98167.6
98166.5
98165
98163.3
98161.3
98158.9
98156.2
98153.1
98149.6
98145.6
98141.2
98136.2
98130.8
98124.9
98118.8
98112.2
98105.6
98098.7
98091.9
98085.3
98078.9
98073.2
98068.2
98064
98061
98059.3
98058.9
98060.1
98062.9
98067.6
98073.9
98082.1
98092.1
98103.9
98117.3
98132.8
98149.7
98168.2
98187.9
98208.8
98230.8
98253.7
98277.3
98301.2
98324.9
98348.5
98371
98392.5
98412.7
98431.1
98447
98460.2
98470.4
98477.9
98482
98483.3
98480.7
98474.8
98464.7
98451.6
98433.9
98414.4
98391.2
98366.6
98338.1
98310.7
98279.3
98249.3
98106.6
98106.8
98106.8
98106.5
98106.1
98105.5
98104.8
98103.9
98102.8
98101.5
98100.1
98098.6
98096.9
98095.2
98093.3
98091.4
98089.4
98087.3
98085.2
98083.1
98080.9
98078.7
98076.5
98074.3
98072
98069.7
98067.3
98064.9
98062.5
98060.1
98057.7
98055.2
98052.7
98050.2
98047.6
98045
98042.4
98039.8
98037.1
98034.4
98031.7
98028.9
98026.2
98023.5
98020.8
98018.2
98015.6
98013.1
98010.7
98008.4
98006.2
98004.1
98002.2
98000.5
97999
97997.8
97996.7
97996
97995.5
97995.3
97995.5
97996
97996.7
97997.9
97999.3
98001.2
98003.3
98005.8
98008.7
98011.8
98015.3
98019.1
98023.2
98027.5
98032.1
98036.8
98041.6
98046.6
98051.7
98056.8
98061.9
98066.9
98071.9
98076.8
98081.6
98086.3
98090.7
98095
98099
98102.7
98106.3
98109.5
98112.4
98115.1
98117.4
98119.5
98121.2
98122.6
98123.7
98124.6
98125.2
98125.6
98125.7
98125.6
98125.3
98124.8
98124.1
98123.3
98122.3
98121.1
98119.8
98118.2
98116.5
98114.6
98112.5
98110
98107.3
98104.2
98100.7
98096.8
98092.5
98087.7
98082.4
98076.6
98070.3
98063.4
98056.2
98048.6
98040.7
98032.6
98024.4
98016.2
98008.2
98000.7
97993.7
97987.3
97982
97977.8
97974.8
97973.3
97973.4
97975
97978.4
97983.6
97990.4
97999
98009.3
98021.4
98035
98050.2
98066.3
98083.8
98102.2
98121.3
98141.3
98161.5
98181.4
98201.3
98220
98237.6
98254.2
98269.1
98281.9
98292.2
98299.8
98305.1
98307.5
98307.8
98305.2
98300.3
98292
98281.5
98267.3
98251.9
98233.3
98214.1
98191.4
98170.3
98145.2
98122.4
98095.2
98095.4
98095.5
98095.3
98095
98094.6
98094.1
98093.4
98092.6
98091.6
98090.6
98089.4
98088.1
98086.7
98085.3
98083.7
98082.1
98080.5
98078.8
98077.1
98075.3
98073.4
98071.6
98069.7
98067.7
98065.6
98063.5
98061.4
98059.2
98057
98054.7
98052.4
98050
98047.6
98045.2
98042.7
98040.1
98037.5
98034.9
98032.2
98029.5
98026.8
98024
98021.3
98018.6
98015.9
98013.3
98010.7
98008.2
98005.8
98003.5
98001.3
97999.3
97997.5
97995.8
97994.4
97993.2
97992.2
97991.5
97991.1
97991
97991.1
97991.6
97992.4
97993.5
97994.9
97996.6
97998.6
98000.9
98003.6
98006.5
98009.7
98013.1
98016.7
98020.6
98024.5
98028.6
98032.8
98037
98041.2
98045.4
98049.6
98053.7
98057.6
98061.4
98065
98068.5
98071.7
98074.6
98077.3
98079.7
98081.9
98083.8
98085.3
98086.6
98087.6
98088.3
98088.6
98088.7
98088.6
98088.2
98087.6
98086.8
98085.8
98084.6
98083.3
98081.8
98080.1
98078.3
98076.3
98074.1
98071.8
98069.3
98066.6
98063.7
98060.5
98056.9
98053
98048.7
98044.1
98039
98033.3
98027.2
98020.5
98013.4
98005.6
97997.5
97988.9
97979.9
97970.7
97961.2
97951.7
97942.3
97933.1
97924.4
97916.2
97908.8
97902.5
97897.3
97893.5
97891.1
97890.2
97891
97893.5
97897.7
97903.5
97911
97920.2
97930.8
97942.8
97955.9
97970.2
97985.2
98001.1
98017.6
98034.2
98050.6
98066.8
98081.7
98095.5
98108.3
98119.6
98129.1
98136.3
98141.1
98144
98144.2
98142.9
98139.6
98135
98127.7
98119.2
98107.8
98095.8
98081.1
98066.7
98049.1
98033.7
98014.5
97998.4
98086.8
98087
98087.1
98087.1
98087
98086.8
98086.5
98086
98085.5
98084.9
98084.1
98083.3
98082.4
98081.4
98080.4
98079.3
98078.1
98076.9
98075.6
98074.3
98072.9
98071.4
98069.9
98068.2
98066.5
98064.7
98062.9
98060.9
98058.9
98056.8
98054.6
98052.4
98050.1
98047.7
98045.3
98042.8
98040.2
98037.6
98034.9
98032.2
98029.4
98026.6
98023.8
98020.9
98018.1
98015.3
98012.6
98009.9
98007.2
98004.7
98002.3
97999.9
97997.8
97995.8
97994
97992.3
97991
97989.8
97988.9
97988.3
97987.9
97987.8
97988
97988.5
97989.3
97990.4
97991.7
97993.4
97995.3
97997.5
97999.9
98002.6
98005.4
98008.5
98011.7
98015
98018.4
98021.9
98025.4
98028.9
98032.3
98035.7
98038.9
98042
98044.9
98047.6
98050.1
98052.3
98054.3
98056
98057.4
98058.5
98059.4
98060
98060.2
98060.2
98059.9
98059.3
98058.4
98057.2
98055.9
98054.4
98052.6
98050.7
98048.6
98046.4
98044
98041.5
98038.8
98036
98033
98029.9
98026.5
98023
98019.2
98015.1
98010.7
98006
98000.9
97995.4
97989.5
97983.1
97976.1
97968.6
97960.7
97952.2
97943.2
97933.7
97923.8
97913.6
97903.2
97892.5
97881.9
97871.4
97861.1
97851.4
97842.3
97834.2
97827.2
97821.4
97816.9
97814
97812.6
97812.9
97814.7
97818.1
97823.1
97829.6
97837.6
97846.8
97857.2
97868.6
97880.7
97893.5
97906.7
97920
97933
97945.5
97956.8
97966.9
97975.8
97983.4
97989.4
97993.4
97995.1
97995.5
97993.4
97990
97985.6
97980.4
97973.7
97966.4
97957.1
97947.8
97936.4
97926.1
97913
97902.6
97888.6
97878.8
98080.8
98081.1
98081.3
98081.4
98081.4
98081.3
98081.2
98081
98080.8
98080.5
98080.2
98079.8
98079.4
98078.9
98078.3
98077.7
98077
98076.2
98075.4
98074.4
98073.4
98072.3
98071
98069.7
98068.2
98066.7
98065
98063.2
98061.2
98059.2
98057.1
98054.9
98052.6
98050.2
98047.7
98045.1
98042.5
98039.7
98037
98034.1
98031.2
98028.2
98025.3
98022.3
98019.3
98016.3
98013.4
98010.5
98007.7
98005
98002.4
98000
97997.6
97995.5
97993.5
97991.8
97990.2
97988.9
97987.8
97987
97986.5
97986.2
97986.2
97986.4
97987
97987.8
97988.8
97990.2
97991.7
97993.6
97995.6
97997.8
98000.3
98002.8
98005.5
98008.3
98011.2
98014
98016.9
98019.7
98022.5
98025.1
98027.6
98029.9
98032
98033.9
98035.5
98036.9
98038
98038.8
98039.3
98039.5
98039.4
98039.1
98038.4
98037.4
98036.1
98034.6
98032.7
98030.7
98028.4
98025.9
98023.3
98020.5
98017.5
98014.4
98011.1
98007.7
98004.1
98000.4
97996.6
97992.5
97988.3
97983.9
97979.2
97974.3
97969
97963.5
97957.6
97951.3
97944.6
97937.3
97929.6
97921.4
97912.7
97903.5
97893.8
97883.6
97872.9
97862
97850.7
97839.1
97827.5
97815.9
97804.4
97793.4
97783.1
97773.6
97765
97757.5
97751.4
97746.7
97743.5
97741.8
97741.6
97743
97745.8
97750.1
97755.6
97762.4
97770.3
97779.3
97788.8
97798.7
97808.8
97818.8
97828.5
97837.5
97845.2
97851.8
97856.9
97860.8
97863.1
97863.6
97862.3
97860
97855.4
97850
97843.9
97837.7
97830.9
97824.3
97816.3
97809.1
97800.4
97793.5
97784.1
97778.3
97768.9
97764.6
98076.5
98076.8
98077
98077.2
98077.3
98077.5
98077.7
98077.9
98078.1
98078.3
98078.5
98078.6
98078.8
98078.8
98078.8
98078.7
98078.5
98078.1
98077.7
98077.1
98076.5
98075.6
98074.7
98073.6
98072.3
98070.9
98069.4
98067.7
98065.8
98063.8
98061.7
98059.5
98057.1
98054.6
98052
98049.3
98046.6
98043.7
98040.7
98037.7
98034.6
98031.5
98028.3
98025.1
98022
98018.8
98015.7
98012.6
98009.7
98006.8
98004
98001.4
97998.9
97996.6
97994.5
97992.6
97990.9
97989.5
97988.3
97987.3
97986.6
97986.2
97986
97986.1
97986.4
97987
97987.9
97989
97990.3
97991.8
97993.6
97995.5
97997.5
97999.7
98002
98004.3
98006.7
98009.1
98011.4
98013.7
98015.8
98017.8
98019.6
98021.2
98022.6
98023.8
98024.7
98025.3
98025.6
98025.6
98025.3
98024.6
98023.7
98022.5
98020.9
98019.1
98016.9
98014.5
98011.7
98008.8
98005.6
98002.2
97998.7
97995
97991.1
97987.1
97983
97978.7
97974.3
97969.7
97964.9
97960
97954.9
97949.5
97944
97938.2
97932.1
97925.7
97919
97911.9
97904.4
97896.4
97888
97879.1
97869.8
97860
97849.7
97838.9
97827.7
97816.1
97804.1
97791.8
97779.4
97767
97754.6
97742.7
97731.3
97720.7
97710.9
97702.1
97694.6
97688.5
97683.7
97680.4
97678.5
97678.1
97679.1
97681.5
97684.9
97689.5
97695.2
97702
97709.1
97716.2
97723.3
97730.1
97736.7
97742.5
97746.8
97749.9
97751.2
97751.4
97749.9
97747
97742.6
97737.4
97730.4
97722.7
97714.7
97707.3
97699.9
97693.5
97686.3
97680.7
97673.9
97669.8
97663.4
97661.7
97656.3
97657
98072.8
98072.9
98073.2
98073.3
98073.6
98074.1
98074.7
98075.5
98076.4
98077.3
98078.1
98079
98079.8
98080.5
98081.1
98081.5
98081.8
98081.9
98081.9
98081.7
98081.3
98080.8
98080.1
98079.2
98078.1
98076.8
98075.4
98073.7
98071.9
98069.9
98067.7
98065.4
98063
98060.4
98057.7
98054.9
98051.9
98048.9
98045.7
98042.5
98039.2
98035.9
98032.6
98029.2
98025.8
98022.5
98019.2
98015.9
98012.8
98009.7
98006.8
98004
98001.4
97999
97996.8
97994.8
97993
97991.4
97990.1
97989
97988.2
97987.7
97987.4
97987.3
97987.5
97988
97988.7
97989.6
97990.7
97992.1
97993.6
97995.2
97997
97998.9
98000.8
98002.8
98004.8
98006.7
98008.6
98010.3
98011.9
98013.4
98014.7
98015.7
98016.5
98017
98017.2
98017.1
98016.7
98015.9
98014.9
98013.5
98011.8
98009.7
98007.4
98004.7
98001.7
97998.5
97994.9
97991.1
97987.1
97982.9
97978.5
97973.9
97969.2
97964.4
97959.4
97954.2
97948.9
97943.5
97937.9
97932
97926
97919.8
97913.4
97906.8
97899.9
97892.7
97885.2
97877.4
97869.1
97860.5
97851.4
97842
97832.1
97821.8
97811
97799.7
97788
97776
97763.4
97750.6
97737.6
97724.6
97711.7
97699.1
97686.9
97675.4
97664.6
97654.8
97646.2
97638.8
97632.6
97627.9
97624.6
97622.7
97622.2
97622.9
97624.5
97627.3
97631
97635.6
97640.5
97645.1
97649.4
97653.3
97656.8
97659.4
97660.5
97660.2
97657.9
97654.4
97649.3
97642.9
97635.3
97627
97617.6
97607.8
97598
97589.2
97580.9
97574.2
97567.4
97562.8
97557.5
97555.5
97551.8
97553.5
97551.6
97556.6
98067.9
98067.9
98068
98068.3
98069
98070.3
98071.7
98073.5
98075.3
98077.1
98078.9
98080.6
98082.1
98083.5
98084.7
98085.6
98086.4
98087
98087.3
98087.4
98087.3
98087
98086.5
98085.8
98084.8
98083.6
98082.2
98080.6
98078.8
98076.8
98074.6
98072.2
98069.7
98067
98064.1
98061.2
98058.1
98054.9
98051.5
98048.1
98044.7
98041.2
98037.6
98034.1
98030.5
98027
98023.5
98020.1
98016.8
98013.7
98010.6
98007.7
98005
98002.5
98000.1
97998
97996.2
97994.5
97993.1
97992
97991.1
97990.5
97990.1
97990
97990.1
97990.5
97991
97991.8
97992.8
97994
97995.4
97996.8
97998.4
98000
98001.6
98003.2
98004.9
98006.4
98007.9
98009.2
98010.3
98011.3
98012.1
98012.6
98012.8
98012.7
98012.3
98011.6
98010.5
98009.1
98007.4
98005.3
98002.8
98000.1
97997
97993.5
97989.8
97985.8
97981.5
97976.9
97972.1
97967.1
97961.9
97956.6
97951.1
97945.4
97939.6
97933.7
97927.5
97921.2
97914.8
97908.2
97901.3
97894.3
97887.1
97879.6
97872
97864
97855.9
97847.3
97838.4
97829.2
97819.7
97809.8
97799.4
97788.6
97777.5
97765.9
97753.9
97741.4
97728.5
97715.3
97701.9
97688.4
97675.1
97662.1
97649.4
97637.2
97625.6
97615
97605.4
97596.9
97589.6
97583.8
97579.3
97576.1
97574.3
97573.5
97573.6
97574.7
97576.7
97579.3
97582.1
97584.4
97586.1
97587.2
97587.7
97587.4
97585.6
97582.1
97576.2
97569
97560.4
97550.7
97539.8
97528.5
97516.7
97504.8
97493.1
97482.9
97473.5
97466.4
97459.7
97455.8
97451.5
97451.2
97449.6
97454.2
97455.4
97464.2
98060.8
98060.6
98060.4
98061.3
98062.9
98065.6
98068.2
98071.4
98074.2
98077.1
98079.7
98082.2
98084.4
98086.4
98088.1
98089.5
98090.6
98091.5
98092.1
98092.5
98092.6
98092.4
98092
98091.4
98090.5
98089.4
98088
98086.4
98084.6
98082.6
98080.4
98078
98075.4
98072.6
98069.7
98066.6
98063.4
98060.1
98056.7
98053.2
98049.6
98046
98042.3
98038.6
98035
98031.3
98027.8
98024.3
98020.9
98017.7
98014.5
98011.6
98008.8
98006.2
98003.9
98001.7
97999.8
97998.1
97996.7
97995.5
97994.6
97994
97993.6
97993.4
97993.5
97993.8
97994.3
97995
97995.9
97997
97998.2
97999.5
98000.9
98002.3
98003.7
98005.1
98006.4
98007.7
98008.8
98009.8
98010.6
98011.1
98011.5
98011.5
98011.3
98010.7
98009.8
98008.6
98007
98005.1
98002.8
98000.1
97997.1
97993.7
97989.9
97985.9
97981.6
97976.9
97972
97966.8
97961.4
97955.7
97949.8
97943.8
97937.6
97931.2
97924.7
97918.1
97911.3
97904.3
97897.1
97889.8
97882.3
97874.6
97866.7
97858.6
97850.3
97841.7
97832.9
97823.9
97814.5
97804.8
97794.8
97784.5
97773.9
97762.8
97751.4
97739.5
97727.2
97714.5
97701.3
97687.9
97674.3
97660.6
97647
97633.7
97620.6
97607.8
97595.7
97584.4
97574
97564.7
97556.5
97549.7
97544.3
97540.1
97537
97535
97533.8
97533.4
97533.8
97534.6
97535.5
97535.6
97535.1
97533.7
97531.4
97528.3
97523.6
97516.8
97507.5
97496.8
97484.9
97471.8
97457.7
97443.4
97429.1
97415.2
97401.4
97389.7
97378.9
97371.1
97364.3
97360.6
97356.8
97357.7
97357.7
97364.7
97368.3
97380.2
98051
98050.5
98050.5
98052.9
98056.2
98060.8
98065
98069.5
98073.4
98077.2
98080.6
98083.7
98086.4
98088.7
98090.8
98092.5
98093.9
98095
98095.7
98096.2
98096.5
98096.4
98096.1
98095.5
98094.7
98093.7
98092.3
98090.8
98089
98087
98084.7
98082.3
98079.7
98076.9
98073.9
98070.8
98067.6
98064.2
98060.7
98057.1
98053.5
98049.8
98046.1
98042.4
98038.7
98035
98031.4
98027.9
98024.5
98021.2
98018
98015.1
98012.3
98009.7
98007.3
98005.2
98003.2
98001.6
98000.2
97999
97998.1
97997.4
97997
97996.8
97996.9
97997.2
97997.7
97998.3
97999.2
98000.2
98001.3
98002.5
98003.7
98005
98006.2
98007.4
98008.5
98009.5
98010.4
98011.1
98011.6
98011.8
98011.8
98011.5
98010.9
98010
98008.7
98007.1
98005
98002.6
97999.9
97996.8
97993.3
97989.4
97985.2
97980.6
97975.8
97970.6
97965.2
97959.5
97953.6
97947.4
97941
97934.4
97927.7
97920.8
97913.7
97906.5
97899.1
97891.6
97883.9
97876
97867.9
97859.7
97851.3
97842.7
97833.9
97824.8
97815.6
97806
97796.3
97786.3
97776
97765.4
97754.5
97743.2
97731.6
97719.6
97707
97694.1
97680.8
97667.3
97653.5
97639.7
97625.9
97612.3
97598.8
97585.7
97573.2
97561.4
97550.3
97540.2
97531.4
97523.9
97517.6
97512.4
97508.4
97505.3
97502.9
97501.2
97500.1
97499.2
97498.2
97496.5
97494
97490.3
97485.6
97479.8
97472.3
97462.4
97449.9
97436.1
97420.8
97404.6
97387.5
97370.4
97353.6
97337.6
97321.8
97308.5
97296.4
97287.7
97280.5
97277.1
97273.6
97275.3
97276.4
97285.4
97290.9
97305.4
98032.4
98033.6
98034.3
98040.4
98046.9
98054.8
98061.2
98067.5
98072.7
98077.5
98081.5
98085.1
98088.3
98091
98093.3
98095.2
98096.8
98098
98098.9
98099.5
98099.8
98099.9
98099.6
98099.1
98098.3
98097.3
98096
98094.5
98092.7
98090.7
98088.5
98086
98083.4
98080.6
98077.6
98074.5
98071.2
98067.8
98064.3
98060.7
98057.1
98053.4
98049.6
98045.9
98042.2
98038.5
98034.9
98031.4
98027.9
98024.7
98021.5
98018.6
98015.8
98013.2
98010.8
98008.7
98006.8
98005.2
98003.8
98002.6
98001.7
98001.1
98000.7
98000.5
98000.6
98000.8
98001.3
98001.9
98002.7
98003.6
98004.7
98005.7
98006.9
98008
98009.1
98010.1
98011
98011.8
98012.4
98012.8
98013.1
98013
98012.7
98012.1
98011.2
98009.9
98008.2
98006.2
98003.8
98001
97997.9
97994.3
97990.4
97986.1
97981.5
97976.5
97971.2
97965.7
97959.8
97953.7
97947.3
97940.7
97933.9
97926.9
97919.7
97912.3
97904.8
97897.1
97889.3
97881.3
97873.1
97864.8
97856.3
97847.7
97838.9
97829.8
97820.6
97811.2
97801.6
97791.8
97781.7
97771.5
97760.9
97750.1
97739.1
97727.7
97716
97703.8
97691.1
97678.1
97664.8
97651.2
97637.4
97623.5
97609.6
97595.7
97581.9
97568.5
97555.6
97543.3
97531.8
97521.2
97511.8
97503.7
97496.7
97490.7
97485.6
97481.5
97478.1
97475.2
97472.7
97470.3
97467.7
97464.3
97459.9
97454.3
97447.3
97439
97428.8
97416
97400.7
97383.9
97365.6
97346.5
97326.6
97307.1
97287.8
97269.9
97252.3
97237.7
97224.5
97215
97207.4
97204.2
97201
97203.6
97205.7
97216.4
97223.5
97240.4
98004
98003.5
98010
98023.4
98036.3
98048.5
98057.7
98065.9
98072.3
98077.9
98082.5
98086.5
98090
98092.9
98095.4
98097.5
98099.1
98100.5
98101.5
98102.1
98102.5
98102.6
98102.4
98102
98101.2
98100.2
98098.9
98097.4
98095.7
98093.7
98091.5
98089.1
98086.5
98083.7
98080.7
98077.6
98074.3
98070.9
98067.4
98063.8
98060.2
98056.5
98052.8
98049.1
98045.4
98041.7
98038.1
98034.6
98031.3
98028
98024.9
98022
98019.2
98016.7
98014.4
98012.3
98010.4
98008.8
98007.4
98006.3
98005.5
98004.8
98004.5
98004.3
98004.4
98004.6
98005.1
98005.7
98006.4
98007.2
98008.2
98009.1
98010.1
98011.1
98012
98012.9
98013.6
98014.2
98014.6
98014.8
98014.7
98014.4
98013.8
98012.9
98011.6
98010
98008
98005.7
98002.9
97999.8
97996.3
97992.4
97988.1
97983.5
97978.5
97973.1
97967.5
97961.5
97955.3
97948.8
97942.1
97935.2
97928
97920.7
97913.1
97905.4
97897.5
97889.5
97881.3
97872.9
97864.4
97855.8
97847
97838
97828.9
97819.6
97810.1
97800.5
97790.6
97780.6
97770.4
97760
97749.4
97738.4
97727.3
97715.9
97704.1
97691.9
97679.2
97666.2
97652.9
97639.4
97625.6
97611.6
97597.6
97583.5
97569.5
97555.8
97542.6
97530
97518
97507
97497.3
97488.6
97481.1
97474.2
97468.2
97463.3
97458.9
97455
97451.2
97447.4
97443.3
97438.4
97432.4
97425
97416
97405.2
97392.5
97377
97359.1
97339.8
97318.6
97296.9
97274.6
97252.8
97231.3
97211.7
97192.6
97177
97162.9
97152.7
97144.7
97141.7
97138.9
97142.6
97145.6
97157.9
97166.3
97185.3
97942.8
97955.4
97970.7
98001.4
98024.6
98042.8
98054.8
98064.6
98071.9
98078.2
98083.3
98087.6
98091.3
98094.4
98097
98099.2
98100.9
98102.3
98103.4
98104.1
98104.6
98104.7
98104.5
98104.1
98103.4
98102.4
98101.2
98099.7
98098
98096
98093.8
98091.5
98088.9
98086.1
98083.2
98080.1
98076.9
98073.5
98070.1
98066.5
98062.9
98059.3
98055.6
98051.9
98048.3
98044.7
98041.2
98037.7
98034.4
98031.2
98028.2
98025.3
98022.6
98020.1
98017.8
98015.8
98014
98012.4
98011.1
98010
98009.2
98008.6
98008.3
98008.1
98008.2
98008.4
98008.8
98009.4
98010.1
98010.8
98011.7
98012.5
98013.4
98014.2
98015
98015.7
98016.2
98016.6
98016.7
98016.7
98016.4
98015.8
98015
98013.8
98012.2
98010.3
98008
98005.3
98002.2
97998.8
97994.9
97990.7
97986.1
97981.1
97975.8
97970.1
97964.2
97957.9
97951.3
97944.6
97937.6
97930.4
97922.9
97915.3
97907.5
97899.5
97891.4
97883.1
97874.7
97866.1
97857.3
97848.5
97839.5
97830.3
97821
97811.6
97801.9
97792.1
97782.2
97772.1
97761.8
97751.4
97740.7
97729.8
97718.7
97707.3
97695.5
97683.3
97670.7
97657.8
97644.6
97631.2
97617.4
97603.4
97589.3
97575.1
97560.9
97547.1
97533.6
97520.7
97508.4
97497.1
97487.1
97477.9
97469.7
97462.1
97455.3
97449.6
97444.4
97439.4
97434.4
97429.4
97424
97417.8
97410.3
97401.3
97390.4
97377.3
97362.2
97344.3
97324.3
97302.6
97279
97254.9
97230.6
97206.8
97183.5
97162.5
97142.3
97125.8
97110.9
97100.3
97092
97089.3
97087.1
97092
97096.1
97109.7
97119.3
97140.1
97868.9
97880.9
97926
97977.9
98014.9
98039
98053.2
98063.9
98071.8
98078.5
98083.9
98088.5
98092.2
98095.5
98098.1
98100.4
98102.2
98103.6
98104.7
98105.5
98106
98106.1
98106
98105.6
98104.9
98104
98102.8
98101.3
98099.6
98097.7
98095.6
98093.3
98090.8
98088.1
98085.2
98082.1
98079
98075.7
98072.3
98068.8
98065.3
98061.7
98058.1
98054.5
98050.9
98047.4
98043.9
98040.6
98037.3
98034.2
98031.2
98028.4
98025.8
98023.4
98021.2
98019.3
98017.5
98016
98014.7
98013.7
98012.9
98012.4
98012
98011.9
98012
98012.2
98012.6
98013.1
98013.7
98014.4
98015.1
98015.9
98016.6
98017.3
98017.9
98018.4
98018.7
98018.9
98018.8
98018.5
98018
98017.2
98016
98014.5
98012.7
98010.5
98007.9
98004.9
98001.5
97997.7
97993.6
97989
97984.1
97978.9
97973.3
97967.3
97961.1
97954.5
97947.7
97940.7
97933.5
97926
97918.4
97910.6
97902.6
97894.4
97886.2
97877.7
97869.1
97860.4
97851.6
97842.6
97833.5
97824.3
97814.9
97805.4
97795.7
97785.9
97776
97765.8
97755.6
97745.3
97734.7
97723.9
97712.9
97701.5
97689.8
97677.7
97665.3
97652.6
97639.5
97626.1
97612.4
97598.4
97584.2
97570
97555.8
97541.7
97528
97514.7
97502.2
97490.7
97480.3
97470.7
97461.9
97453.6
97446.1
97439.6
97433.6
97427.7
97421.6
97415.4
97408.8
97401.4
97392.5
97382.1
97369.4
97354.2
97336.9
97317.1
97295.1
97271.4
97245.8
97219.7
97193.7
97168.3
97143.7
97121.6
97100.7
97083.6
97068.2
97057.5
97049.2
97046.9
97045.6
97051.8
97056.9
97072.1
97082.8
97105.2
97759.8
97821.4
97900.8
97965.2
98008.7
98036.1
98052.2
98063.3
98071.6
98078.6
98084.2
98088.9
98092.8
98096.1
98098.8
98101.1
98102.9
98104.4
98105.5
98106.3
98106.8
98107
98106.9
98106.5
98105.9
98105
98103.8
98102.4
98100.8
98098.9
98096.9
98094.6
98092.2
98089.5
98086.7
98083.8
98080.7
98077.5
98074.2
98070.8
98067.3
98063.8
98060.3
98056.8
98053.3
98049.9
98046.5
98043.2
98040.1
98037
98034.2
98031.5
98028.9
98026.6
98024.5
98022.6
98020.9
98019.5
98018.3
98017.3
98016.6
98016.1
98015.7
98015.6
98015.7
98015.9
98016.2
98016.7
98017.2
98017.9
98018.5
98019.1
98019.7
98020.2
98020.7
98021
98021.1
98021.1
98020.8
98020.2
98019.4
98018.3
98016.9
98015.2
98013.1
98010.6
98007.7
98004.4
98000.7
97996.6
97992.2
97987.3
97982.2
97976.6
97970.8
97964.6
97958.1
97951.4
97944.4
97937.1
97929.7
97922.1
97914.3
97906.3
97898.2
97890
97881.6
97873.2
97864.5
97855.8
97846.9
97838
97828.8
97819.7
97810.3
97800.8
97791.2
97781.5
97771.6
97761.7
97751.6
97741.4
97731
97720.4
97709.5
97698.3
97686.7
97674.8
97662.6
97650.1
97637.2
97623.9
97610.2
97596.2
97582.1
97567.8
97553.5
97539.3
97525.4
97511.9
97499.1
97487.4
97476.6
97466.5
97457.1
97448.2
97440.1
97432.8
97426
97419.2
97412
97404.7
97397
97388.4
97378.3
97366.5
97352.2
97335.4
97316.1
97294.6
97271
97245.6
97218.4
97190.8
97163.4
97136.8
97111.2
97088.4
97067.2
97049.9
97034.4
97023.9
97016
97014.5
97014.2
97021.7
97028.1
97044.9
97056.7
97080.6
97625
97806.8
97913.3
97974.4
98010.1
98035.2
98052
98063.4
98071.7
98078.7
98084.4
98089.2
98093.1
98096.4
98099.2
98101.4
98103.3
98104.8
98105.9
98106.7
98107.2
98107.4
98107.3
98107
98106.4
98105.5
98104.4
98103.1
98101.5
98099.7
98097.7
98095.5
98093.1
98090.6
98087.9
98085
98082
98078.9
98075.7
98072.4
98069
98065.6
98062.2
98058.8
98055.4
98052.1
98048.9
98045.7
98042.6
98039.7
98036.9
98034.3
98031.9
98029.7
98027.7
98025.8
98024.3
98022.9
98021.8
98020.8
98020.1
98019.6
98019.3
98019.2
98019.3
98019.5
98019.8
98020.2
98020.7
98021.2
98021.7
98022.2
98022.7
98023
98023.3
98023.4
98023.3
98023.1
98022.5
98021.8
98020.7
98019.3
98017.7
98015.6
98013.2
98010.4
98007.3
98003.7
97999.7
97995.4
97990.7
97985.6
97980.1
97974.3
97968.2
97961.8
97955.2
97948.2
97941.1
97933.7
97926.1
97918.4
97910.5
97902.4
97894.3
97886
97877.7
97869.2
97860.6
97851.9
97843.2
97834.3
97825.3
97816.2
97807
97797.6
97788.2
97778.7
97769
97759.3
97749.4
97739.4
97729.2
97718.9
97708.3
97697.3
97686
97674.3
97662.4
97650
97637.3
97624.1
97610.4
97596.5
97582.4
97568.1
97553.8
97539.5
97525.3
97511.7
97498.8
97486.8
97475.5
97464.9
97455
97445.6
97436.9
97428.8
97421.1
97413.4
97405.3
97396.9
97388.1
97378.4
97367.2
97354
97338.3
97320
97299.3
97276.4
97251.4
97224.7
97196.3
97167.5
97139.1
97111.8
97085.6
97062.6
97041.5
97024.3
97009.2
96999.3
96992.3
96991.7
96992.8
97001.8
97009.6
97028.1
97041.3
97066.7
97510
97823.2
97939.9
97986.5
98012.3
98034.1
98051.5
98063.2
98071.6
98078.5
98084.3
98089.1
98093.1
98096.4
98099.1
98101.4
98103.3
98104.7
98105.9
98106.7
98107.2
98107.4
98107.4
98107
98106.5
98105.7
98104.6
98103.3
98101.8
98100.1
98098.2
98096.1
98093.8
98091.3
98088.7
98085.9
98083
98080
98076.9
98073.7
98070.5
98067.2
98063.9
98060.6
98057.4
98054.2
98051
98048
98045
98042.2
98039.6
98037.1
98034.8
98032.6
98030.7
98029
98027.5
98026.2
98025.1
98024.2
98023.6
98023.1
98022.8
98022.7
98022.8
98022.9
98023.2
98023.5
98023.9
98024.3
98024.8
98025.1
98025.4
98025.7
98025.7
98025.7
98025.4
98024.9
98024.1
98023.1
98021.8
98020.2
98018.2
98015.9
98013.2
98010.1
98006.7
98002.8
97998.6
97994
97989
97983.6
97977.9
97971.9
97965.6
97959
97952.2
97945.1
97937.8
97930.3
97922.6
97914.8
97906.9
97898.8
97890.6
97882.4
97874.1
97865.8
97857.3
97848.8
97840.1
97831.4
97822.7
97813.8
97804.8
97795.7
97786.5
97777.3
97767.9
97758.5
97748.9
97739.2
97729.4
97719.4
97709.1
97698.4
97687.4
97676.1
97664.4
97652.3
97639.7
97626.6
97613
97599.2
97585.2
97570.9
97556.6
97542.2
97527.9
97514.2
97501.1
97488.8
97477.1
97466.1
97455.6
97445.6
97436.4
97427.6
97419.1
97410.5
97401.4
97392
97382.1
97371.3
97359
97344.7
97327.8
97308.3
97286.4
97262.5
97236.5
97208.8
97179.5
97150
97121
97093.3
97066.9
97043.9
97023.3
97006.7
96992.5
96983.7
96977.9
96978.7
96981.3
96992
97001.6
97021.9
97036.6
97063.6
97680.6
97880
97959
97996.1
98014.6
98034.4
98051.7
98063.5
98071.8
98078.5
98084.2
98089
98092.9
98096.2
98098.9
98101.1
98102.9
98104.4
98105.5
98106.4
98106.9
98107.1
98107.1
98106.8
98106.3
98105.5
98104.5
98103.3
98101.9
98100.2
98098.4
98096.4
98094.1
98091.8
98089.2
98086.6
98083.8
98080.9
98077.9
98074.8
98071.7
98068.5
98065.4
98062.2
98059.1
98056
98052.9
98050
98047.2
98044.5
98042
98039.6
98037.4
98035.3
98033.5
98031.9
98030.5
98029.2
98028.2
98027.4
98026.8
98026.4
98026.1
98026
98026
98026.1
98026.4
98026.6
98027
98027.3
98027.6
98027.8
98028
98028.1
98028
98027.7
98027.2
98026.5
98025.5
98024.3
98022.7
98020.8
98018.6
98016
98013
98009.7
98006
98001.9
97997.4
97992.5
97987.3
97981.7
97975.7
97969.5
97963
97956.3
97949.3
97942
97934.6
97927.1
97919.3
97911.5
97903.6
97895.5
97887.4
97879.3
97871.1
97862.9
97854.6
97846.3
97837.9
97829.4
97820.9
97812.3
97803.6
97794.9
97786.1
97777.2
97768.2
97759.1
97750
97740.7
97731.2
97721.7
97711.7
97701.4
97690.8
97679.8
97668.4
97656.6
97644.3
97631.3
97617.8
97604.1
97590.2
97576.1
97561.7
97547.3
97533
97519.2
97506
97493.4
97481.3
97469.8
97458.8
97448.4
97438.7
97429.1
97419.8
97410.3
97400.4
97390
97379
97367.2
97353.9
97338.4
97320.6
97300.3
97277.5
97252.8
97226.1
97197.8
97168
97138.2
97109
97081.4
97055.2
97032.6
97012.8
96997.3
96984.5
96977.2
96972.9
96975.5
96979.9
96992.6
97004.1
97026.4
97042.7
97071.6
97833.1
97925.3
97955.1
98001.5
98018.3
98035.4
98051.5
98063.3
98071.7
98078.3
98083.9
98088.5
98092.4
98095.7
98098.4
98100.6
98102.4
98103.9
98105
98105.8
98106.3
98106.6
98106.6
98106.4
98105.9
98105.2
98104.2
98103.1
98101.7
98100.1
98098.4
98096.4
98094.3
98092
98089.6
98087
98084.4
98081.6
98078.7
98075.8
98072.8
98069.7
98066.7
98063.6
98060.6
98057.7
98054.8
98052
98049.3
98046.7
98044.3
98042
98039.9
98038
98036.3
98034.7
98033.4
98032.3
98031.3
98030.6
98030
98029.6
98029.3
98029.2
98029.2
98029.3
98029.5
98029.7
98029.9
98030.1
98030.3
98030.5
98030.5
98030.4
98030.1
98029.6
98028.9
98028
98026.8
98025.3
98023.5
98021.3
98018.8
98016
98012.7
98009.1
98005.2
98000.8
97996
97990.9
97985.4
97979.6
97973.5
97967.1
97960.4
97953.5
97946.4
97939
97931.5
97923.9
97916.2
97908.4
97900.5
97892.5
97884.5
97876.5
97868.5
97860.4
97852.4
97844.3
97836.2
97828.1
97819.9
97811.7
97803.4
97795.1
97786.7
97778.3
97769.7
97761.1
97752.5
97743.6
97734.7
97725.5
97716
97706.2
97695.9
97685.3
97674.3
97662.8
97650.7
97637.9
97624.6
97611.1
97597.3
97583.2
97568.9
97554.5
97540.2
97526.3
97513
97500.1
97487.5
97475.5
97464.1
97453.2
97442.9
97432.6
97422.5
97412.2
97401.4
97390.2
97378.1
97365.3
97351.1
97334.7
97316.1
97295
97271.6
97246.5
97219.4
97190.9
97161
97131.4
97102.4
97075.2
97049.7
97028
97009.4
96995.4
96984.4
96979.2
96976.9
96981.6
96988.1
97003.1
97016.9
97041.1
97059.3
97090.1
97902.7
97932.6
97956.1
98005.1
98022.7
98038.6
98052.9
98063.8
98071.8
98078.2
98083.5
98088
98091.8
98095
98097.6
98099.8
98101.6
98103
98104.2
98105
98105.5
98105.8
98105.9
98105.7
98105.2
98104.6
98103.7
98102.6
98101.3
98099.9
98098.2
98096.3
98094.3
98092.2
98089.9
98087.4
98084.9
98082.2
98079.5
98076.7
98073.8
98070.9
98068
98065.2
98062.3
98059.5
98056.7
98054.1
98051.5
98049.1
98046.8
98044.7
98042.7
98040.9
98039.3
98037.9
98036.6
98035.6
98034.7
98034
98033.4
98033.1
98032.8
98032.7
98032.7
98032.7
98032.8
98033
98033.1
98033.2
98033.3
98033.2
98033.1
98032.8
98032.3
98031.6
98030.7
98029.5
98028.1
98026.3
98024.2
98021.8
98019
98015.8
98012.3
98008.4
98004.1
97999.5
97994.5
97989.1
97983.4
97977.3
97971
97964.4
97957.6
97950.5
97943.3
97935.8
97928.3
97920.7
97913
97905.2
97897.4
97889.6
97881.8
97874
97866.2
97858.4
97850.6
97842.9
97835.2
97827.5
97819.8
97812
97804.2
97796.4
97788.6
97780.7
97772.7
97764.7
97756.6
97748.3
97739.9
97731.3
97722.3
97713
97703.2
97693.1
97682.4
97671.2
97659.3
97646.8
97633.8
97620.5
97606.8
97592.7
97578.5
97564.2
97550
97536
97522.5
97509.3
97496.3
97483.8
97471.9
97460.5
97449.6
97438.6
97427.7
97416.5
97405
97392.9
97379.9
97366.1
97350.9
97333.8
97314.5
97293
97269.1
97243.9
97216.7
97188.3
97158.7
97129.7
97101.3
97075
97050.6
97030.3
97013.3
97001.3
96992.5
96989.7
96989.9
96997.2
97006.3
97023.8
97039.9
97066.3
97086.6
97119.1
97923.2
97939
97989.4
98015.6
98029
98042.8
98054.7
98064.2
98071.6
98077.7
98082.8
98087.2
98090.8
98093.9
98096.5
98098.6
98100.3
98101.8
98102.9
98103.7
98104.3
98104.6
98104.7
98104.6
98104.2
98103.6
98102.8
98101.9
98100.7
98099.3
98097.7
98096
98094.1
98092.1
98089.9
98087.7
98085.3
98082.8
98080.2
98077.6
98074.9
98072.2
98069.4
98066.7
98064
98061.4
98058.8
98056.4
98054
98051.7
98049.6
98047.6
98045.8
98044.1
98042.6
98041.3
98040.1
98039.1
98038.3
98037.7
98037.2
98036.8
98036.6
98036.4
98036.4
98036.4
98036.4
98036.4
98036.5
98036.4
98036.3
98036.1
98035.8
98035.3
98034.6
98033.6
98032.5
98031
98029.3
98027.2
98024.8
98022.1
98019
98015.5
98011.7
98007.5
98002.9
97997.9
97992.6
97987
97981
97974.8
97968.2
97961.5
97954.5
97947.3
97939.9
97932.5
97924.9
97917.3
97909.7
97902
97894.4
97886.8
97879.2
97871.7
97864.2
97856.8
97849.4
97842.1
97834.9
97827.7
97820.5
97813.2
97806.1
97798.9
97791.8
97784.5
97777.2
97769.9
97762.5
97754.9
97747.2
97739.2
97730.7
97722
97712.8
97703.1
97692.9
97682.1
97670.5
97658.3
97645.6
97632.6
97619
97605.1
97590.9
97576.8
97562.6
97548.6
97534.9
97521.4
97508
97495.1
97482.6
97470.7
97459.1
97447.5
97435.7
97423.7
97411.5
97398.5
97384.7
97370
97354.1
97336.3
97316.6
97294.7
97270.6
97245.4
97218.6
97190.6
97161.8
97133.7
97106.2
97081.2
97058.5
97039.9
97025
97015.5
97009.2
97009.1
97012.3
97022.5
97034.3
97054.5
97073.1
97101.7
97124.3
97158.6
97949.6
97931.2
97981.4
98005.4
98028.8
98043.8
98055.2
98064
98070.9
98076.6
98081.6
98085.8
98089.3
98092.3
98094.8
98096.9
98098.6
98100.1
98101.2
98102.1
98102.7
98103
98103.2
98103.1
98102.8
98102.3
98101.6
98100.8
98099.7
98098.4
98097
98095.4
98093.7
98091.8
98089.9
98087.7
98085.5
98083.2
98080.8
98078.4
98075.9
98073.4
98070.9
98068.4
98065.9
98063.5
98061.1
98058.8
98056.6
98054.5
98052.6
98050.8
98049.1
98047.6
98046.2
98045
98044
98043.1
98042.3
98041.7
98041.3
98040.9
98040.7
98040.5
98040.4
98040.3
98040.2
98040.2
98040.1
98039.9
98039.6
98039.2
98038.6
98037.9
98036.9
98035.7
98034.3
98032.5
98030.5
98028.1
98025.4
98022.3
98018.8
98015
98010.8
98006.3
98001.4
97996.1
97990.5
97984.6
97978.4
97971.9
97965.2
97958.2
97951.1
97943.8
97936.4
97928.9
97921.4
97913.8
97906.3
97898.8
97891.4
97884.1
97876.8
97869.6
97862.5
97855.6
97848.7
97841.9
97835.2
97828.6
97822.1
97815.6
97809.1
97802.8
97796.3
97789.9
97783.4
97776.9
97770.2
97763.5
97756.5
97749.2
97741.4
97733.3
97724.7
97715.6
97705.9
97695.4
97684.3
97672.5
97660.2
97647.5
97634
97620.2
97606.3
97592.3
97578.1
97564.1
97550.3
97536.5
97522.8
97509.4
97496.4
97484
97471.7
97459.3
97446.8
97434.1
97421.1
97407.5
97392.8
97377.3
97360.7
97342.6
97322.5
97300.4
97276.5
97251.6
97225.3
97198.1
97170.5
97143.7
97117.7
97094.4
97073.8
97057.6
97045.1
97038.3
97034.9
97038
97044.2
97057.6
97072.5
97095.5
97116.7
97147.6
97172.6
97208.5
97984.5
97953.2
97996.3
98016.7
98038.6
98050.2
98058.7
98065.5
98071.1
98075.9
98080.3
98084.2
98087.4
98090.2
98092.6
98094.6
98096.3
98097.7
98098.9
98099.8
98100.5
98100.9
98101.1
98101.1
98100.9
98100.6
98100
98099.2
98098.3
98097.2
98096
98094.6
98093
98091.4
98089.6
98087.6
98085.6
98083.6
98081.4
98079.2
98076.9
98074.7
98072.4
98070.1
98067.9
98065.7
98063.5
98061.5
98059.5
98057.6
98055.9
98054.2
98052.7
98051.4
98050.1
98049.1
98048.1
98047.3
98046.7
98046.1
98045.7
98045.3
98045.1
98044.9
98044.7
98044.5
98044.4
98044.2
98043.9
98043.5
98043
98042.4
98041.6
98040.6
98039.3
98037.8
98036.1
98034
98031.6
98028.9
98025.8
98022.4
98018.6
98014.4
98009.8
98004.9
97999.7
97994.1
97988.2
97982
97975.5
97968.8
97961.9
97954.8
97947.5
97940.1
97932.7
97925.2
97917.8
97910.3
97903
97895.7
97888.5
97881.5
97874.7
97868
97861.4
97854.9
97848.6
97842.5
97836.5
97830.6
97824.8
97819.1
97813.5
97808
97802.5
97796.9
97791.4
97785.8
97780
97774.2
97768
97761.5
97754.5
97747.1
97739.2
97730.7
97721.5
97711.6
97701
97689.6
97677.8
97665.3
97652.2
97638.6
97624.8
97610.9
97596.8
97582.9
97568.9
97554.9
97540.9
97527.1
97513.7
97500.7
97487.7
97474.7
97461.4
97448.1
97434.4
97420.2
97404.8
97388.6
97371.6
97353.2
97333
97311
97287.5
97263.2
97237.7
97211.6
97185.6
97160.6
97136.5
97115.4
97097.3
97083.9
97074.3
97070.6
97070.4
97076.9
97086.3
97103.2
97121.3
97147.1
97171
97204.2
97231.5
97268.9
98044.3
98012.8
98022.5
98031.9
98046.4
98054.7
98060.3
98065.3
98069.9
98074.1
98078
98081.4
98084.5
98087.1
98089.4
98091.4
98093.1
98094.6
98095.8
98096.8
98097.5
98098.1
98098.4
98098.5
98098.5
98098.2
98097.8
98097.2
98096.5
98095.6
98094.6
98093.4
98092
98090.6
98089
98087.4
98085.6
98083.8
98081.9
98080
98078
98076
98074
98072
98070
98068.1
98066.2
98064.4
98062.6
98061
98059.5
98058
98056.7
98055.5
98054.5
98053.5
98052.7
98052
98051.4
98050.9
98050.5
98050.2
98049.9
98049.6
98049.4
98049.1
98048.8
98048.4
98048
98047.4
98046.7
98045.8
98044.7
98043.4
98041.9
98040.1
98037.9
98035.5
98032.7
98029.6
98026.2
98022.3
98018.1
98013.6
98008.7
98003.4
97997.8
97991.8
97985.6
97979.1
97972.4
97965.5
97958.3
97951.1
97943.7
97936.3
97928.9
97921.5
97914.1
97906.9
97899.7
97892.8
97886
97879.4
97873
97866.8
97860.8
97855
97849.4
97844
97838.8
97833.8
97828.9
97824.2
97819.6
97815.1
97810.5
97806
97801.5
97796.9
97792.3
97787.4
97782.1
97776.5
97770.4
97763.8
97756.6
97748.8
97740.3
97731
97721
97710.2
97698.8
97686.7
97673.8
97660.6
97647
97633.3
97619.3
97605.4
97591.4
97577.1
97562.9
97548.8
97535.1
97521.6
97507.9
97494.2
97480.3
97466.3
97452.1
97437.2
97421.2
97404.5
97387.1
97368.6
97348.5
97326.8
97303.9
97280.2
97255.8
97231.3
97207.2
97184.4
97162.7
97144.3
97129.1
97119
97112.5
97112.2
97115.5
97125.7
97138.6
97158.9
97180.3
97209
97235.6
97271.1
97300.8
97339.3
98074.6
98051.9
98044.6
98044.9
98052.9
98058.3
98061.8
98065.3
98068.9
98072.5
98075.8
98078.9
98081.6
98084
98086.2
98088.1
98089.8
98091.3
98092.5
98093.5
98094.3
98095
98095.4
98095.7
98095.8
98095.7
98095.4
98095
98094.5
98093.8
98092.9
98092
98090.9
98089.7
98088.4
98087
98085.5
98083.9
98082.3
98080.6
98078.9
98077.2
98075.4
98073.7
98072
98070.4
98068.7
98067.2
98065.7
98064.3
98063
98061.7
98060.6
98059.6
98058.7
98057.9
98057.2
98056.6
98056.1
98055.6
98055.2
98054.9
98054.6
98054.2
98053.9
98053.5
98053.1
98052.6
98052
98051.2
98050.3
98049.1
98047.8
98046.2
98044.4
98042.2
98039.7
98037
98033.8
98030.4
98026.5
98022.3
98017.8
98012.8
98007.6
98001.9
97996
97989.7
97983.2
97976.5
97969.5
97962.3
97955
97947.7
97940.2
97932.8
97925.4
97918.1
97910.9
97903.9
97897
97890.4
97884
97877.9
97872
97866.4
97861.1
97856
97851.2
97846.7
97842.3
97838.2
97834.3
97830.7
97827.2
97823.7
97820.3
97817
97813.6
97810.2
97806.7
97802.9
97798.7
97794
97788.9
97783.2
97776.8
97769.9
97762.2
97753.6
97744.3
97734.2
97723.4
97711.7
97699.3
97686.5
97673.3
97659.8
97646.1
97632.3
97618.3
97604
97589.6
97575.3
97561.3
97547.3
97533.1
97518.8
97504.4
97489.9
97475.1
97459.7
97443.3
97426.3
97408.7
97390.2
97370.3
97349.2
97327.1
97304.5
97281.5
97258.8
97237.1
97216.9
97198.3
97183.1
97171.5
97165
97162.3
97165.9
97173.2
97187.6
97204.5
97228.6
97253.7
97285.6
97315.4
97353.3
97385.3
97425.1
98080.6
98069.7
98058.9
98054
98056.5
98059.7
98062.1
98064.6
98067.5
98070.5
98073.3
98075.9
98078.4
98080.6
98082.7
98084.5
98086.2
98087.7
98088.9
98090
98090.9
98091.7
98092.3
98092.7
98092.9
98093
98092.9
98092.7
98092.4
98091.9
98091.2
98090.5
98089.6
98088.7
98087.6
98086.5
98085.2
98083.9
98082.6
98081.2
98079.8
98078.3
98076.9
98075.4
98074
98072.6
98071.2
98069.9
98068.7
98067.5
98066.4
98065.4
98064.5
98063.6
98062.9
98062.2
98061.6
98061.1
98060.6
98060.2
98059.9
98059.5
98059.2
98058.8
98058.4
98057.9
98057.4
98056.7
98055.9
98055
98053.8
98052.5
98050.9
98049
98046.8
98044.4
98041.6
98038.5
98035
98031.2
98027
98022.4
98017.5
98012.3
98006.6
98000.7
97994.4
97987.9
97981.1
97974.1
97966.9
97959.6
97952.1
97944.7
97937.2
97929.8
97922.4
97915.3
97908.3
97901.5
97895
97888.8
97882.8
97877.2
97872
97867
97862.4
97858.1
97854.2
97850.5
97847.2
97844.1
97841.3
97838.8
97836.4
97834.2
97832
97830
97827.9
97825.7
97823.4
97820.8
97817.8
97814.2
97810.1
97805.4
97800.1
97794.2
97787.4
97779.8
97771.3
97761.9
97751.8
97740.7
97729
97716.8
97704.1
97691.1
97677.7
97664.2
97650.3
97636.1
97621.8
97607.5
97593.3
97579
97564.4
97549.8
97535
97520.2
97505.1
97489.3
97472.7
97455.7
97438.2
97419.9
97400.6
97380.5
97359.6
97338.4
97317.2
97296.9
97277.9
97261
97246
97234.8
97227.2
97225
97226.8
97234.8
97246.7
97265.6
97287
97315.2
97344.2
97379.7
97412.9
97453.3
97487.5
97528.5
98074.4
98070.3
98064.2
98059.2
98058.4
98059.7
98061.3
98063.1
98065.3
98067.7
98070
98072.2
98074.4
98076.5
98078.4
98080.2
98081.8
98083.3
98084.6
98085.8
98086.8
98087.7
98088.4
98089
98089.4
98089.7
98089.8
98089.9
98089.7
98089.5
98089.1
98088.7
98088.1
98087.4
98086.7
98085.8
98084.9
98083.9
98082.9
98081.8
98080.7
98079.6
98078.5
98077.3
98076.2
98075.1
98074.1
98073
98072.1
98071.2
98070.3
98069.5
98068.8
98068.2
98067.6
98067.1
98066.6
98066.2
98065.8
98065.5
98065.1
98064.7
98064.4
98063.9
98063.5
98062.9
98062.2
98061.4
98060.4
98059.2
98057.8
98056.2
98054.3
98052.2
98049.7
98046.9
98043.8
98040.3
98036.5
98032.3
98027.8
98022.8
98017.6
98011.9
98006
97999.7
97993.2
97986.3
97979.3
97972
97964.6
97957.2
97949.6
97942.1
97934.6
97927.3
97920.1
97913.1
97906.4
97900
97893.9
97888.1
97882.7
97877.7
97873.1
97868.9
97865.2
97861.8
97858.9
97856.3
97854
97852.1
97850.5
97849.2
97848.2
97847.3
97846.5
97845.8
97845.1
97844.4
97843.4
97842.1
97840.4
97838.1
97835.2
97831.7
97827.6
97822.8
97817
97810.4
97802.9
97794.5
97785.1
97774.8
97764
97752.6
97740.6
97728.1
97715.3
97702.1
97688.5
97674.6
97660.4
97646.3
97631.9
97617.4
97602.8
97587.9
97573.1
97558
97542.8
97526.8
97510.4
97493.7
97476.2
97458.4
97440
97421
97401.6
97382.2
97363.1
97345.5
97329.6
97316
97305
97298.1
97294.9
97297.2
97303.7
97316.4
97333
97356.4
97382.2
97414.3
97447.3
97486.2
97522.6
97565.1
97601.1
97642.7
98067.4
98065.3
98062.7
98059.5
98057.8
98057.8
98058.8
98060.1
98061.7
98063.5
98065.4
98067.3
98069.2
98071.1
98072.9
98074.6
98076.3
98077.8
98079.2
98080.5
98081.6
98082.7
98083.6
98084.4
98085.1
98085.6
98086
98086.3
98086.5
98086.6
98086.6
98086.4
98086.2
98085.9
98085.5
98085
98084.4
98083.8
98083.2
98082.5
98081.8
98081
98080.3
98079.5
98078.7
98078
98077.3
98076.6
98076
98075.3
98074.8
98074.2
98073.8
98073.3
98072.9
98072.6
98072.2
98071.9
98071.6
98071.3
98071
98070.6
98070.2
98069.7
98069.1
98068.4
98067.6
98066.6
98065.4
98064
98062.3
98060.5
98058.3
98055.8
98053
98049.9
98046.5
98042.6
98038.5
98033.9
98029
98023.7
98018.1
98012.1
98005.8
97999.2
97992.4
97985.3
97978
97970.6
97963
97955.4
97947.8
97940.3
97932.9
97925.7
97918.7
97912
97905.6
97899.6
97894
97888.8
97884.1
97879.8
97876
97872.7
97869.9
97867.6
97865.7
97864.3
97863.3
97862.7
97862.4
97862.6
97862.9
97863.5
97864.2
97865.1
97865.9
97866.7
97867.2
97867.3
97867
97866.2
97864.7
97862.7
97860
97856.4
97851.9
97846.5
97840
97832.6
97824.3
97815.2
97805.3
97794.8
97783.7
97772
97759.8
97747.3
97734.1
97720.6
97706.8
97692.9
97678.6
97664.2
97649.6
97634.9
97620.1
97605
97589.7
97574
97558
97541.6
97524.5
97507.4
97490
97472.4
97454.7
97437.4
97420.7
97406.1
97393.5
97383.5
97376.7
97374.3
97375.8
97382.7
97394
97411.4
97432.9
97460.6
97490.8
97526.7
97563.2
97605.3
97644.7
97688.4
97725.7
97767.1
98060
98058.2
98056.7
98055.1
98053.7
98053.3
98053.8
98054.8
98056
98057.5
98059.1
98060.8
98062.6
98064.4
98066.2
98067.9
98069.6
98071.2
98072.7
98074.2
98075.5
98076.8
98078
98079
98080
98080.8
98081.6
98082.2
98082.7
98083.2
98083.5
98083.8
98083.9
98084
98084.1
98084
98083.9
98083.7
98083.5
98083.3
98083
98082.7
98082.3
98082
98081.6
98081.3
98081
98080.7
98080.4
98080.1
98079.8
98079.6
98079.3
98079.1
98078.9
98078.8
98078.6
98078.4
98078.2
98077.9
98077.6
98077.2
98076.8
98076.2
98075.5
98074.7
98073.7
98072.5
98071.1
98069.5
98067.6
98065.4
98062.9
98060.2
98057.1
98053.6
98049.8
98045.7
98041.1
98036.2
98031
98025.4
98019.4
98013.1
98006.5
97999.7
97992.6
97985.3
97977.8
97970.2
97962.6
97954.9
97947.4
97939.9
97932.6
97925.6
97918.9
97912.6
97906.6
97901.1
97896.1
97891.6
97887.6
97884.1
97881.2
97879
97877.2
97876.1
97875.4
97875.3
97875.7
97876.5
97877.7
97879.4
97881.3
97883.5
97885.8
97888.3
97890.9
97893.3
97895.4
97897.2
97898.5
97899.3
97899.5
97899.1
97897.9
97895.9
97892.9
97888.7
97883.6
97877.6
97870.6
97862.7
97854.1
97844.7
97834.6
97824
97812.8
97801.1
97788.6
97775.7
97762.4
97749.1
97735.2
97721.1
97706.9
97692.6
97677.9
97662.9
97648
97632.7
97617.4
97601.6
97585.2
97569.1
97552.9
97536.9
97521.2
97506.2
97492.5
97481
97471.8
97465.5
97463.1
97465.2
97471.4
97483
97499
97521
97547.3
97579.3
97613.4
97652.8
97692.3
97737
97778.6
97822.9
97860.8
97901.4
98050.9
98049.2
98048.1
98047.4
98046.7
98046.5
98046.8
98047.5
98048.6
98049.9
98051.3
98052.9
98054.6
98056.4
98058.1
98059.9
98061.7
98063.4
98065.1
98066.7
98068.3
98069.8
98071.3
98072.6
98073.9
98075.1
98076.3
98077.3
98078.3
98079.2
98080
98080.7
98081.3
98081.9
98082.4
98082.9
98083.2
98083.6
98083.9
98084.1
98084.3
98084.5
98084.7
98084.8
98085
98085.1
98085.2
98085.3
98085.4
98085.5
98085.5
98085.6
98085.7
98085.7
98085.8
98085.8
98085.8
98085.7
98085.6
98085.4
98085.1
98084.7
98084.2
98083.6
98082.8
98081.8
98080.7
98079.3
98077.7
98075.9
98073.7
98071.3
98068.6
98065.5
98062.1
98058.4
98054.3
98049.8
98045
98039.8
98034.2
98028.3
98022.1
98015.5
98008.7
98001.6
97994.3
97986.9
97979.3
97971.7
97964
97956.4
97949
97941.7
97934.7
97928
97921.6
97915.7
97910.3
97905.4
97901.1
97897.3
97894.2
97891.7
97889.8
97888.7
97888.2
97888.2
97888.9
97890.2
97892.1
97894.4
97897.3
97900.6
97904.2
97908.1
97912.3
97916.6
97920.9
97925.1
97929.1
97932.7
97935.9
97938.5
97940.6
97942
97942.7
97942.4
97941
97938.5
97934.9
97930.5
97925.1
97918.9
97911.8
97903.9
97895.2
97885.9
97875.8
97865.2
97853.7
97841.7
97829.4
97816.7
97803.6
97790.3
97776.7
97762.9
97748.7
97734.3
97719.8
97705.2
97690.8
97675.9
97660.8
97645.9
97631.2
97617
97603.6
97591.1
97580.4
97572.1
97566.5
97564.1
97565.8
97572.4
97583
97599.2
97619.7
97646.1
97676.6
97712.4
97749.9
97792.1
97834.2
97880.6
97923.4
97967.7
98005.7
98044.6
98039.5
98038.2
98037.4
98037.1
98037
98037.1
98037.5
98038.2
98039.3
98040.5
98042
98043.5
98045.3
98047
98048.9
98050.8
98052.7
98054.6
98056.6
98058.5
98060.3
98062.2
98064
98065.7
98067.4
98069
98070.6
98072.1
98073.5
98074.9
98076.2
98077.4
98078.6
98079.7
98080.8
98081.8
98082.8
98083.7
98084.5
98085.3
98086.1
98086.9
98087.6
98088.2
98088.9
98089.5
98090.1
98090.6
98091.1
98091.6
98092.1
98092.5
98092.9
98093.2
98093.5
98093.8
98093.9
98094
98094
98093.9
98093.6
98093.2
98092.7
98092.1
98091.2
98090.1
98088.8
98087.3
98085.6
98083.5
98081.2
98078.6
98075.6
98072.3
98068.7
98064.7
98060.4
98055.7
98050.6
98045.2
98039.4
98033.3
98026.9
98020.2
98013.3
98006.1
97998.7
97991.2
97983.6
97976.1
97968.5
97961.1
97953.9
97946.9
97940.2
97933.9
97928.1
97922.7
97918
97913.8
97910.2
97907.4
97905.2
97903.8
97903.1
97903.1
97903.8
97905.2
97907.4
97910.2
97913.7
97917.7
97922.3
97927.3
97932.8
97938.6
97944.7
97950.9
97957.2
97963.4
97969.4
97975.2
97980.4
97985.1
97989.4
97992.9
97995.6
97997.2
97997.8
97997.3
97995.6
97993.1
97989.6
97985.3
97980
97973.9
97967
97959.3
97950.8
97941.6
97931.6
97920.9
97909.9
97898.3
97886.4
97874.1
97861.4
97848.6
97835.2
97821.6
97808
97794.4
97781
97767.4
97753.7
97740.4
97727.3
97715.2
97704.1
97694.3
97686.7
97681.8
97679.7
97681.1
97686.6
97697.2
97711.9
97732
97756.7
97787.1
97820.8
97859.9
97900
97944.3
97988.2
98035.2
98078.3
98121.7
98158.8
98195.3
98027
98026.1
98025.8
98025.8
98026.1
98026.5
98027.2
98028.1
98029.2
98030.5
98032.1
98033.7
98035.6
98037.5
98039.5
98041.5
98043.6
98045.8
98048
98050.1
98052.3
98054.5
98056.6
98058.7
98060.8
98062.9
98064.9
98066.9
98068.8
98070.7
98072.5
98074.3
98076.1
98077.8
98079.4
98081
98082.6
98084.1
98085.6
98087
98088.4
98089.7
98091
98092.3
98093.5
98094.6
98095.7
98096.8
98097.8
98098.7
98099.6
98100.4
98101.1
98101.8
98102.3
98102.8
98103.2
98103.4
98103.5
98103.5
98103.4
98103
98102.5
98101.8
98101
98099.8
98098.5
98096.9
98095
98092.9
98090.4
98087.7
98084.6
98081.2
98077.5
98073.4
98068.9
98064.1
98059
98053.5
98047.7
98041.5
98035.1
98028.4
98021.4
98014.3
98007
97999.6
97992.2
97984.9
97977.6
97970.5
97963.7
97957.1
97950.9
97945.2
97940
97935.4
97931.3
97928
97925.3
97923.4
97922.3
97922
97922.5
97923.8
97925.9
97928.7
97932.4
97936.8
97942
97947.8
97954.2
97961.1
97968.5
97976.3
97984.5
97992.8
98001.2
98009.7
98018
98026
98033.6
98040.8
98047.4
98053.2
98058.2
98062.2
98065
98066.8
98067.6
98067.3
98066
98063.9
98060.9
98057
98052.2
98046.5
98039.9
98032.7
98024.7
98015.9
98006.6
97996.6
97986.3
97975.4
97964.2
97952.5
97940.4
97928
97915.6
97903.3
97891.2
97879
97867
97855.3
97844.1
97834.1
97825.6
97818.5
97813.8
97812
97813.2
97818.2
97827.1
97841.3
97859.3
97882.7
97910.8
97944.2
97980.4
98021.5
98063.5
98108.8
98153.5
98200
98242.3
98283.6
98318.9
98351.6
98015.5
98015.1
98015.1
98015.4
98016
98016.7
98017.6
98018.7
98020
98021.5
98023.1
98024.9
98026.8
98028.8
98031
98033.2
98035.5
98037.9
98040.2
98042.7
98045.1
98047.6
98050.1
98052.6
98055.1
98057.6
98060.1
98062.5
98065
98067.4
98069.8
98072.1
98074.4
98076.7
98079
98081.2
98083.4
98085.5
98087.6
98089.7
98091.7
98093.6
98095.5
98097.4
98099.1
98100.8
98102.5
98104
98105.5
98106.9
98108.2
98109.4
98110.5
98111.5
98112.3
98113.1
98113.7
98114.1
98114.5
98114.6
98114.6
98114.4
98113.9
98113.3
98112.5
98111.4
98110.1
98108.5
98106.7
98104.6
98102.2
98099.5
98096.4
98093.1
98089.4
98085.4
98081
98076.4
98071.3
98066
98060.3
98054.4
98048.1
98041.7
98035
98028.1
98021.2
98014.2
98007.2
98000.2
97993.4
97986.8
97980.5
97974.6
97969.1
97964.1
97959.6
97955.8
97952.6
97950.2
97948.5
97947.6
97947.6
97948.5
97950.2
97952.8
97956.3
97960.7
97965.9
97971.9
97978.8
97986.3
97994.6
98003.5
98013
98022.9
98033.3
98043.9
98054.7
98065.6
98076.4
98087
98097.3
98107.2
98116.4
98124.9
98132.5
98139.1
98144.7
98149.2
98152.6
98155
98156.3
98156.8
98156.3
98155.1
98152.8
98149.7
98145.7
98141.1
98135.6
98129.3
98122.3
98114.5
98106.3
98097.3
98087.7
98077.6
98067.1
98056.4
98045.5
98034.7
98024.1
98013.5
98003.2
97993.3
97984.1
97976.3
97970.1
97965.7
97963.7
97964.5
97968.7
97976.6
97988.5
98005.1
98025.8
98051.6
98081.9
98117
98154.7
98196.5
98239
98284.4
98328.2
98373
98413.3
98451.5
98483.5
98511.3
98009.1
98008.9
98009.1
98009.6
98010.4
98011.2
98012.2
98013.4
98014.8
98016.3
98018
98019.8
98021.8
98023.9
98026.1
98028.4
98030.7
98033.2
98035.7
98038.3
98041
98043.7
98046.4
98049.2
98052
98054.8
98057.6
98060.5
98063.3
98066.2
98069
98071.9
98074.7
98077.5
98080.3
98083.1
98085.8
98088.5
98091.2
98093.9
98096.4
98099
98101.4
98103.8
98106.1
98108.4
98110.5
98112.6
98114.5
98116.4
98118.1
98119.7
98121.2
98122.5
98123.7
98124.8
98125.7
98126.4
98126.9
98127.3
98127.5
98127.5
98127.2
98126.8
98126.2
98125.3
98124.2
98122.8
98121.2
98119.3
98117.2
98114.7
98112
98109
98105.7
98102
98098.1
98093.8
98089.3
98084.4
98079.2
98073.8
98068.1
98062.2
98056.1
98049.8
98043.5
98037.1
98030.8
98024.6
98018.5
98012.7
98007.1
98002
97997.3
97993.1
97989.5
97986.6
97984.4
97982.9
97982.3
97982.5
97983.6
97985.6
97988.6
97992.5
97997.4
98003.2
98009.9
98017.5
98026.1
98035.4
98045.6
98056.5
98068.1
98080.3
98093
98106.1
98119.4
98133
98146.6
98160
98173.2
98186
98198.3
98209.7
98220.3
98229.8
98238.5
98246.1
98252.6
98258
98262.4
98266
98268.5
98270.3
98271.2
98271.2
98270.4
98268.9
98266.6
98263.3
98259.2
98254.3
98248.5
98241.8
98234.4
98226.3
98217.8
98209.1
98199.8
98190.5
98181.5
98172.6
98164
98156.1
98148.9
98143.1
98139
98136.7
98136.9
98139.7
98145.9
98155.7
98169.5
98187.7
98210
98237.1
98268.1
98303.4
98341
98382.2
98423.6
98467.4
98509
98550.7
98587.7
98621.5
98649
98670.9
98012.6
98012.4
98012.5
98012.9
98013.5
98014.3
98015.2
98016.2
98017.4
98018.8
98020.3
98021.9
98023.7
98025.7
98027.7
98029.9
98032.1
98034.5
98036.9
98039.5
98042.1
98044.8
98047.6
98050.4
98053.3
98056.2
98059.2
98062.2
98065.3
98068.4
98071.5
98074.7
98077.8
98081
98084.2
98087.4
98090.5
98093.7
98096.8
98099.9
98102.9
98105.9
98108.8
98111.7
98114.4
98117.1
98119.7
98122.2
98124.6
98126.8
98128.9
98130.9
98132.7
98134.4
98135.9
98137.3
98138.5
98139.5
98140.4
98141.1
98141.5
98141.8
98142
98141.9
98141.6
98141.1
98140.4
98139.5
98138.4
98137
98135.4
98133.5
98131.5
98129.1
98126.5
98123.6
98120.4
98117
98113.2
98109.2
98105
98100.4
98095.7
98090.7
98085.6
98080.3
98074.9
98069.6
98064.2
98058.9
98053.8
98048.9
98044.4
98040.2
98036.5
98033.2
98030.6
98028.7
98027.4
98027
98027.4
98028.6
98030.8
98033.9
98038
98043.1
98049.2
98056.4
98064.5
98073.7
98083.8
98095
98107
98119.8
98133.6
98148.1
98163.2
98178.9
98195
98211.3
98227.8
98244.3
98260.6
98276.7
98292.2
98306.8
98320.7
98333.7
98345.8
98356.8
98366.8
98376
98384
98391.2
98397.3
98402.7
98407.3
98411.2
98414.3
98416.7
98418.1
98418.5
98418
98416.5
98413.9
98410.3
98405.9
98400.5
98394.6
98388.1
98381.1
98373.8
98366.6
98359.8
98353.3
98347.3
98342.2
98338.4
98336
98335.6
98337.5
98341.8
98349.2
98360.1
98374.9
98394
98416.9
98444.1
98474.7
98509
98545.3
98584.5
98623.6
98664.2
98702.4
98739.9
98772.2
98800.8
98822.9
98837.9
98026.6
98026.1
98025.9
98026
98026.2
98026.6
98027.1
98027.8
98028.6
98029.5
98030.6
98031.9
98033.3
98034.8
98036.5
98038.3
98040.2
98042.2
98044.4
98046.7
98049
98051.5
98054.1
98056.7
98059.4
98062.3
98065.2
98068.1
98071.2
98074.3
98077.4
98080.6
98083.9
98087.2
98090.5
98093.8
98097.2
98100.5
98103.8
98107.2
98110.4
98113.7
98116.9
98120
98123
98126
98128.9
98131.6
98134.3
98136.8
98139.2
98141.5
98143.6
98145.6
98147.4
98149
98150.5
98151.9
98153.1
98154.1
98154.9
98155.6
98156.2
98156.5
98156.8
98156.8
98156.7
98156.4
98155.9
98155.3
98154.4
98153.4
98152.1
98150.7
98149
98147.1
98145
98142.6
98140
98137.1
98134
98130.7
98127.1
98123.3
98119.4
98115.3
98111.1
98106.9
98102.7
98098.5
98094.5
98090.7
98087.1
98084
98081.2
98079
98077.3
98076.3
98075.9
98076.4
98077.6
98079.8
98082.9
98086.9
98091.9
98098
98105.1
98113.3
98122.7
98133.1
98144.7
98157.4
98171
98185.7
98201.4
98218
98235.4
98253.4
98271.9
98290.9
98310.2
98329.6
98349
98368.1
98386.7
98404.7
98421.9
98438.2
98453.7
98468.2
98481.9
98494.7
98506.5
98517.4
98527.5
98536.7
98545.4
98553.3
98560.6
98567.1
98572.7
98577.2
98580.7
98583
98584
98584
98582.9
98580.7
98577.7
98573.9
98569.5
98564.7
98560
98555.4
98551
98547
98543.8
98541.8
98541.1
98542.1
98545.3
98550.5
98558.5
98569.8
98584.7
98603.7
98626.2
98652.6
98681.6
98714
98747.9
98784.1
98820
98856.5
98890.5
98923.2
98950.5
98973.5
98989.9
98997.9
98046.7
98045.9
98045.2
98044.8
98044.5
98044.4
98044.4
98044.5
98044.8
98045.2
98045.8
98046.5
98047.4
98048.4
98049.6
98050.9
98052.4
98053.9
98055.6
98057.5
98059.4
98061.5
98063.7
98066
98068.5
98071
98073.7
98076.4
98079.2
98082.2
98085.2
98088.2
98091.4
98094.6
98097.9
98101.2
98104.5
98107.9
98111.2
98114.6
98118
98121.3
98124.6
98127.8
98131
98134.1
98137.1
98140
98142.8
98145.5
98148.1
98150.6
98152.9
98155.1
98157.1
98159
98160.8
98162.5
98164
98165.3
98166.6
98167.7
98168.6
98169.5
98170.2
98170.8
98171.3
98171.7
98172
98172.1
98172.1
98171.9
98171.6
98171.1
98170.4
98169.6
98168.5
98167.3
98165.8
98164.1
98162.2
98160
98157.7
98155.1
98152.3
98149.5
98146.5
98143.4
98140.3
98137.2
98134.2
98131.4
98128.8
98126.5
98124.7
98123.3
98122.4
98122.1
98122.5
98123.6
98125.6
98128.4
98132.2
98136.8
98142.6
98149.3
98157.2
98166.4
98176.7
98188.2
98200.9
98214.7
98229.7
98245.9
98263.2
98281.5
98300.6
98320.6
98341.2
98362.4
98384
98405.9
98427.8
98449.6
98470.9
98491.7
98511.8
98531
98549.5
98567.2
98583.9
98599.9
98615
98629.4
98642.9
98655.8
98668
98679.8
98690.9
98701.2
98710.6
98719.1
98726.3
98732.2
98736.7
98739.9
98741.8
98742.6
98742.3
98741.1
98739.3
98736.9
98734.4
98731.8
98729.1
98726.9
98725.2
98724.6
98725
98727
98730.6
98736.2
98744.2
98755.3
98769.7
98787.8
98809.1
98833.8
98860.8
98890.6
98921.5
98954.3
98986.5
99018.8
99048.7
99076.7
99099.3
99117.3
99128.4
99130.2
98069.2
98067.9
98066.8
98065.8
98065
98064.3
98063.7
98063.3
98063
98062.9
98062.9
98063.1
98063.4
98063.9
98064.5
98065.3
98066.2
98067.2
98068.4
98069.8
98071.3
98072.9
98074.7
98076.6
98078.7
98080.8
98083.1
98085.6
98088.1
98090.7
98093.5
98096.4
98099.3
98102.3
98105.4
98108.6
98111.8
98115.1
98118.4
98121.7
98125
98128.3
98131.6
98134.8
98138
98141.2
98144.2
98147.2
98150.1
98152.9
98155.6
98158.2
98160.7
98163
98165.3
98167.4
98169.4
98171.3
98173.1
98174.8
98176.4
98177.9
98179.3
98180.6
98181.8
98183
98184.1
98185.1
98186.1
98186.9
98187.7
98188.4
98188.9
98189.4
98189.7
98189.9
98189.9
98189.7
98189.3
98188.7
98187.9
98186.8
98185.6
98184.1
98182.5
98180.7
98178.8
98176.8
98174.7
98172.5
98170.5
98168.5
98166.8
98165.3
98164.2
98163.5
98163.2
98163.5
98164.5
98166.2
98168.8
98172.1
98176.3
98181.5
98187.8
98195.2
98203.7
98213.5
98224.5
98236.8
98250.4
98265.2
98281.3
98298.7
98317.2
98336.8
98357.5
98379
98401.4
98424.5
98448
98471.8
98495.9
98519.8
98543.4
98566.5
98589
98610.7
98631.8
98652
98671.4
98690.1
98708
98725.3
98741.9
98757.9
98773.5
98788.6
98803.1
98816.8
98829.7
98841.6
98852.2
98861.3
98869
98875.2
98879.9
98883.3
98885.5
98886.7
98887.1
98886.9
98886.2
98885.4
98884.3
98883.5
98883
98883.3
98884.6
98887.2
98890.9
98896.5
98904.2
98914.7
98928.2
98945
98964.7
98987.4
99012
99039
99066.7
99096.1
99124.7
99153.1
99178.9
99202.6
99221.1
99234.6
99241.1
99237.6
98091.2
98089.4
98087.8
98086.4
98085
98083.8
98082.7
98081.7
98080.9
98080.2
98079.7
98079.3
98079.1
98079
98079.1
98079.4
98079.8
98080.3
98081.1
98081.9
98083
98084.1
98085.5
98087
98088.6
98090.4
98092.4
98094.4
98096.6
98099
98101.5
98104.1
98106.8
98109.6
98112.5
98115.5
98118.5
98121.6
98124.8
98128
98131.2
98134.4
98137.6
98140.8
98144
98147.1
98150.2
98153.2
98156.1
98159
98161.7
98164.4
98167
98169.5
98171.9
98174.2
98176.4
98178.5
98180.6
98182.5
98184.4
98186.3
98188.1
98189.8
98191.5
98193.2
98194.9
98196.5
98198.1
98199.6
98201.1
98202.5
98203.9
98205.2
98206.3
98207.4
98208.3
98209
98209.6
98209.9
98210.1
98210
98209.7
98209.3
98208.6
98207.7
98206.7
98205.6
98204.3
98203
98201.8
98200.6
98199.5
98198.7
98198.2
98198
98198.3
98199.1
98200.6
98202.7
98205.7
98209.4
98214.1
98219.7
98226.4
98234.2
98243.2
98253.6
98265.1
98278
98292.2
98307.8
98324.8
98343.1
98362.6
98383.3
98405.2
98428.1
98451.9
98476.4
98501.4
98526.9
98552.6
98578.3
98603.7
98628.7
98653.1
98676.9
98699.9
98722.2
98743.9
98764.8
98785
98804.7
98823.9
98842.7
98861.1
98879.1
98896.5
98913.1
98928.9
98943.6
98957.1
98969.1
98979.4
98988.2
98995.4
99001.2
99005.6
99008.9
99011.2
99012.7
99013.6
99014.2
99014.5
99014.9
99015.4
99016.4
99018.1
99021
99024.7
99030.2
99037.3
99047.1
99059.5
99074.9
99092.9
99113.5
99135.7
99160.1
99184.9
99211.2
99236.3
99261.4
99283.5
99303.5
99318.4
99328.1
99330.8
99323
98110.9
98108.7
98106.6
98104.7
98102.9
98101.2
98099.6
98098.2
98096.9
98095.7
98094.8
98093.9
98093.2
98092.7
98092.3
98092.1
98092
98092.1
98092.4
98092.8
98093.4
98094.2
98095.2
98096.3
98097.5
98099
98100.6
98102.3
98104.2
98106.3
98108.5
98110.8
98113.3
98115.9
98118.6
98121.3
98124.2
98127.2
98130.2
98133.3
98136.4
98139.5
98142.6
98145.7
98148.8
98151.9
98155
98158
98160.9
98163.8
98166.6
98169.4
98172
98174.6
98177.1
98179.6
98182
98184.3
98186.5
98188.7
98190.9
98193.1
98195.2
98197.3
98199.5
98201.6
98203.7
98205.8
98208
98210.1
98212.2
98214.3
98216.3
98218.3
98220.2
98221.9
98223.6
98225.1
98226.4
98227.6
98228.5
98229.3
98229.8
98230.1
98230.2
98230.1
98229.8
98229.4
98228.9
98228.2
98227.6
98227
98226.5
98226.2
98226.2
98226.5
98227.2
98228.4
98230.2
98232.7
98236
98240.1
98245
98251
98258.1
98266.2
98275.7
98286.4
98298.4
98311.7
98326.4
98342.7
98360.3
98379.3
98399.6
98421.2
98444.1
98468
98492.9
98518.5
98544.7
98571.4
98598.4
98625.5
98652.4
98678.8
98704.7
98730
98754.7
98778.6
98802
98824.7
98846.8
98868.4
98889.8
98910.9
98931.6
98951.9
98971.7
98990.7
99008.9
99025.9
99041.8
99056.1
99068.6
99079.6
99088.9
99096.7
99102.9
99107.9
99111.7
99114.6
99116.9
99118.7
99120
99121.2
99122.4
99123.9
99126.1
99129
99132.7
99137.9
99144.5
99153.6
99164.8
99178.9
99195.2
99214
99234
99256.1
99278.4
99301.9
99324.2
99346.4
99365.5
99382.4
99394.2
99400.9
99400.5
99389.2
98127.3
98124.7
98122.3
98120
98117.8
98115.7
98113.8
98111.9
98110.3
98108.7
98107.3
98106.1
98105
98104.1
98103.3
98102.7
98102.2
98102
98101.9
98101.9
98102.2
98102.6
98103.2
98104
98105
98106.1
98107.4
98108.9
98110.5
98112.3
98114.3
98116.4
98118.6
98121
98123.5
98126.1
98128.8
98131.6
98134.5
98137.5
98140.5
98143.5
98146.5
98149.6
98152.6
98155.7
98158.7
98161.7
98164.6
98167.5
98170.4
98173.1
98175.9
98178.6
98181.2
98183.7
98186.3
98188.7
98191.2
98193.6
98196.1
98198.5
98200.9
98203.4
98205.8
98208.3
98210.9
98213.4
98216
98218.6
98221.2
98223.8
98226.3
98228.9
98231.3
98233.7
98235.9
98238
98240
98241.7
98243.3
98244.7
98245.8
98246.7
98247.4
98247.9
98248.2
98248.3
98248.3
98248.2
98248.1
98247.9
98247.9
98248
98248.4
98249
98250
98251.6
98253.7
98256.4
98260
98264.3
98269.5
98275.8
98283.1
98291.6
98301.3
98312.3
98324.6
98338.3
98353.5
98370.2
98388.3
98407.9
98428.8
98451.1
98474.7
98499.4
98525.1
98551.6
98578.7
98606.4
98634.3
98662.4
98690.3
98717.9
98744.9
98771.4
98797.3
98822.5
98847.2
98871.3
98894.9
98918.1
98941.2
98964
98986.6
99008.7
99030.4
99051.3
99071.3
99090.1
99107.9
99124.1
99138.4
99151.1
99162.1
99171.4
99179
99185.4
99190.5
99194.5
99197.8
99200.5
99202.6
99204.4
99206.1
99208
99210.4
99213.3
99216.8
99221.7
99228
99236.3
99246.7
99259.5
99274.4
99291.6
99309.9
99330
99350.2
99371.6
99391.6
99411.4
99428
99442.5
99451.9
99456.3
99453.3
99439.5
98140.1
98137.3
98134.6
98132.1
98129.6
98127.2
98124.9
98122.8
98120.8
98118.9
98117.2
98115.7
98114.3
98113
98111.9
98111
98110.3
98109.7
98109.3
98109.1
98109.1
98109.2
98109.6
98110.1
98110.8
98111.7
98112.7
98114
98115.4
98117
98118.8
98120.7
98122.8
98125
98127.3
98129.8
98132.4
98135.1
98137.9
98140.7
98143.6
98146.5
98149.5
98152.5
98155.5
98158.5
98161.5
98164.5
98167.4
98170.3
98173.2
98176.1
98178.9
98181.6
98184.3
98187
98189.7
98192.3
98194.9
98197.5
98200.2
98202.8
98205.5
98208.2
98210.9
98213.7
98216.5
98219.4
98222.4
98225.3
98228.3
98231.3
98234.2
98237.2
98240
98242.8
98245.5
98248.1
98250.5
98252.7
98254.7
98256.5
98258.1
98259.5
98260.6
98261.5
98262.3
98262.8
98263.2
98263.4
98263.7
98263.9
98264.2
98264.6
98265.3
98266.2
98267.5
98269.2
98271.6
98274.5
98278.3
98282.8
98288.3
98294.7
98302.2
98310.9
98320.9
98332.1
98344.7
98358.7
98374.2
98391.2
98409.7
98429.7
98451.1
98473.9
98498
98523.3
98549.6
98576.8
98604.6
98632.9
98661.6
98690.4
98719
98747.4
98775.2
98802.6
98829.4
98855.5
98881.2
98906.4
98931.2
98955.6
98980
99004.1
99028
99051.5
99074.6
99097
99118.5
99138.7
99157.9
99175.5
99191.2
99205.2
99217.4
99227.8
99236.6
99244
99250
99254.9
99259
99262.3
99265
99267.3
99269.4
99271.6
99274
99277
99280.3
99284.9
99290.8
99298.6
99308.2
99320.1
99333.7
99349.7
99366.6
99385.2
99403.9
99423.6
99441.7
99459.8
99474.4
99487.1
99494.6
99497.3
99492.3
99476.6
98149.7
98146.7
98143.8
98141
98138.3
98135.7
98133.2
98130.9
98128.6
98126.5
98124.6
98122.8
98121.2
98119.7
98118.4
98117.2
98116.3
98115.5
98114.9
98114.4
98114.2
98114.1
98114.3
98114.6
98115.1
98115.8
98116.7
98117.8
98119
98120.5
98122.1
98123.9
98125.8
98127.9
98130.2
98132.5
98135
98137.6
98140.3
98143.1
98145.9
98148.8
98151.7
98154.7
98157.6
98160.6
98163.6
98166.6
98169.6
98172.5
98175.4
98178.3
98181.2
98184
98186.8
98189.6
98192.3
98195.1
98197.8
98200.6
98203.4
98206.2
98209
98211.9
98214.9
98217.9
98220.9
98224.1
98227.2
98230.4
98233.7
98236.9
98240.2
98243.4
98246.5
98249.6
98252.6
98255.5
98258.2
98260.7
98263.1
98265.2
98267.1
98268.8
98270.3
98271.5
98272.5
98273.4
98274
98274.6
98275.1
98275.5
98276.1
98276.7
98277.6
98278.7
98280.2
98282.1
98284.7
98287.8
98291.7
98296.4
98302
98308.6
98316.3
98325.2
98335.3
98346.7
98359.5
98373.7
98389.4
98406.6
98425.4
98445.7
98467.5
98490.6
98515.1
98540.8
98567.6
98595.2
98623.4
98652.2
98681.4
98710.7
98739.9
98768.8
98797.3
98825.2
98852.7
98879.5
98905.9
98931.9
98957.5
98982.8
99008.1
99033.1
99058
99082.6
99106.8
99130.2
99152.7
99174
99194.2
99212.9
99229.6
99244.5
99257.5
99268.8
99278.4
99286.6
99293.3
99298.8
99303.5
99307.3
99310.4
99313
99315.4
99317.7
99320.2
99323.2
99326.3
99330.8
99336.3
99343.8
99352.7
99363.9
99376.7
99391.7
99407.6
99425.1
99442.6
99461
99477.8
99494.5
99507.8
99519
99525.2
99526.5
99520.1
99503.1
98156.4
98153.2
98150.2
98147.3
98144.4
98141.7
98139
98136.5
98134.1
98131.9
98129.7
98127.8
98126
98124.3
98122.9
98121.6
98120.4
98119.5
98118.7
98118.1
98117.7
98117.5
98117.5
98117.7
98118.1
98118.7
98119.4
98120.4
98121.6
98122.9
98124.4
98126.1
98128
98130
98132.1
98134.4
98136.8
98139.4
98142
98144.7
98147.5
98150.4
98153.3
98156.2
98159.2
98162.2
98165.2
98168.1
98171.1
98174.1
98177
98180
98182.9
98185.8
98188.6
98191.5
98194.3
98197.2
98200
98202.9
98205.8
98208.7
98211.7
98214.7
98217.8
98220.9
98224.1
98227.4
98230.7
98234.1
98237.5
98240.9
98244.4
98247.8
98251.1
98254.4
98257.6
98260.7
98263.6
98266.4
98268.9
98271.3
98273.4
98275.3
98277
98278.4
98279.7
98280.7
98281.6
98282.3
98283
98283.7
98284.4
98285.2
98286.2
98287.5
98289.1
98291.2
98293.8
98297.1
98301.1
98305.9
98311.6
98318.3
98326.1
98335.1
98345.3
98356.9
98369.8
98384.1
98400
98417.4
98436.4
98456.9
98478.9
98502.3
98527
98552.9
98580
98607.9
98636.5
98665.7
98695.2
98724.8
98754.3
98783.6
98812.5
98840.9
98868.7
98896.1
98923
98949.4
98975.7
99001.6
99027.4
99053.2
99078.8
99104
99129
99153.1
99176.4
99198.5
99219.4
99238.8
99256.2
99271.7
99285.3
99297.2
99307.4
99316.1
99323.3
99329.3
99334.3
99338.4
99341.8
99344.7
99347.2
99349.7
99352.2
99355.1
99358.2
99362.5
99367.8
99374.9
99383.4
99394.1
99406.3
99420.6
99435.8
99452.5
99469.1
99486.7
99502.5
99518.3
99530.5
99540.8
99546
99546.3
99538.8
99521
98160.7
98157.4
98154.3
98151.3
98148.4
98145.5
98142.7
98140.1
98137.6
98135.3
98133
98131
98129.1
98127.3
98125.7
98124.3
98123.1
98122
98121.2
98120.5
98120
98119.7
98119.6
98119.7
98120
98120.5
98121.2
98122.1
98123.2
98124.4
98125.9
98127.5
98129.3
98131.3
98133.4
98135.6
98138
98140.5
98143.1
98145.8
98148.6
98151.4
98154.3
98157.3
98160.2
98163.2
98166.2
98169.2
98172.2
98175.2
98178.2
98181.1
98184.1
98187
98189.9
98192.8
98195.7
98198.6
98201.5
98204.4
98207.4
98210.4
98213.5
98216.6
98219.7
98223
98226.3
98229.6
98233
98236.5
98240
98243.6
98247.1
98250.6
98254.1
98257.5
98260.8
98264
98267.1
98270
98272.7
98275.2
98277.5
98279.5
98281.3
98282.9
98284.2
98285.4
98286.4
98287.3
98288.1
98288.9
98289.7
98290.6
98291.7
98293.1
98294.8
98297
98299.7
98303
98307.1
98312
98317.8
98324.5
98332.4
98341.5
98351.8
98363.4
98376.4
98390.8
98406.8
98424.3
98443.4
98464
98486.1
98509.6
98534.5
98560.7
98587.9
98616
98644.8
98674.2
98703.9
98733.7
98763.4
98792.9
98822.1
98850.8
98878.9
98906.5
98933.8
98960.6
98987.2
99013.5
99039.8
99066
99092
99117.7
99143.1
99167.8
99191.6
99214.1
99235.5
99255.3
99273.2
99289.2
99303.2
99315.4
99326
99335.1
99342.6
99348.8
99354.1
99358.4
99361.9
99365
99367.6
99370.1
99372.6
99375.5
99378.6
99382.8
99387.9
99394.7
99403
99413.2
99425
99438.9
99453.6
99469.7
99485.8
99502.8
99518
99533.2
99544.8
99554.5
99559
99558.7
99550.5
99532.2
98163.1
98159.9
98156.7
98153.6
98150.6
98147.6
98144.8
98142.1
98139.6
98137.2
98134.9
98132.7
98130.8
98129
98127.3
98125.8
98124.6
98123.4
98122.5
98121.8
98121.2
98120.9
98120.7
98120.8
98121
98121.5
98122.2
98123
98124.1
98125.3
98126.7
98128.3
98130.1
98132
98134.1
98136.3
98138.7
98141.2
98143.8
98146.5
98149.2
98152.1
98154.9
98157.9
98160.8
98163.8
98166.8
98169.8
98172.8
98175.8
98178.8
98181.8
98184.7
98187.7
98190.6
98193.6
98196.5
98199.4
98202.4
98205.3
98208.3
98211.4
98214.5
98217.6
98220.8
98224.1
98227.4
98230.9
98234.3
98237.9
98241.4
98245
98248.6
98252.2
98255.8
98259.2
98262.6
98265.9
98269.1
98272
98274.8
98277.4
98279.7
98281.8
98283.7
98285.3
98286.8
98288
98289.1
98290
98290.9
98291.7
98292.6
98293.6
98294.8
98296.2
98297.9
98300.1
98302.9
98306.3
98310.4
98315.3
98321.1
98327.9
98335.9
98344.9
98355.3
98366.9
98380
98394.5
98410.5
98428
98447.2
98467.9
98490.1
98513.7
98538.7
98564.9
98592.2
98620.4
98649.3
98678.8
98708.6
98738.5
98768.4
98798
98827.3
98856.1
98884.4
98912.2
98939.7
98966.7
98993.5
99020
99046.5
99072.9
99099.2
99125.2
99150.9
99175.8
99199.9
99222.7
99244.3
99264.4
99282.5
99298.8
99313
99325.5
99336.3
99345.6
99353.3
99359.7
99365
99369.5
99373.1
99376.2
99378.9
99381.4
99383.9
99386.8
99389.7
99393.8
99398.8
99405.5
99413.5
99423.6
99435.1
99448.7
99463.1
99479
99494.8
99511.4
99526.3
99541.2
99552.5
99561.8
99565.9
99565.3
99556.7
99538.3
98164.2
98160.9
98157.7
98154.5
98151.5
98148.5
98145.7
98143
98140.4
98137.9
98135.6
98133.5
98131.5
98129.6
98128
98126.5
98125.2
98124
98123.1
98122.3
98121.8
98121.4
98121.2
98121.3
98121.5
98121.9
98122.6
98123.4
98124.4
98125.7
98127.1
98128.6
98130.4
98132.3
98134.4
98136.6
98139
98141.4
98144
98146.7
98149.5
98152.3
98155.2
98158.1
98161.1
98164.1
98167.1
98170.1
98173.1
98176.1
98179.1
98182
98185
98188
98190.9
98193.8
98196.8
98199.7
98202.7
98205.6
98208.7
98211.7
98214.8
98218
98221.2
98224.5
98227.9
98231.3
98234.8
98238.4
98242
98245.6
98249.2
98252.8
98256.4
98259.9
98263.3
98266.6
98269.8
98272.8
98275.6
98278.2
98280.6
98282.7
98284.6
98286.3
98287.8
98289
98290.1
98291.1
98292
98292.9
98293.8
98294.8
98296
98297.4
98299.2
98301.4
98304.2
98307.6
98311.7
98316.7
98322.5
98329.3
98337.3
98346.4
98356.7
98368.4
98381.4
98395.9
98412
98429.6
98448.8
98469.5
98491.7
98515.3
98540.3
98566.6
98593.9
98622.2
98651.1
98680.6
98710.5
98740.4
98770.3
98800
98829.4
98858.2
98886.6
98914.5
98942
98969.1
98995.9
99022.5
99049.1
99075.6
99102.1
99128.1
99153.9
99178.9
99203.1
99226
99247.8
99268
99286.2
99302.5
99316.9
99329.5
99340.3
99349.7
99357.5
99364
99369.4
99373.9
99377.5
99380.7
99383.4
99385.9
99388.3
99391.1
99394
99398.1
99403
99409.7
99417.6
99427.6
99439
99452.5
99466.8
99482.6
99498.2
99514.7
99529.5
99544.2
99555.4
99564.6
99568.6
99567.8
99559.1
99541
99084.2
98983.7
98883.5
98787.9
98696.3
98610.7
98532.6
98463.6
98404.5
98355.9
98317.2
98288.4
98265.9
98250.5
98233.5
98217.8
98192
98161.2
98118.9
98075
98029.1
97990.9
97963
97945.4
97956.7
99058.5
98960
98861.4
98767.5
98677.7
98593.9
98517.8
98450.6
98393.3
98346.4
98309.2
98281.8
98260.5
98246.1
98229.9
98214.7
98189.4
98158.9
98116.9
98073.3
98027.7
97989.9
97962.3
97945
97956.7
99014.7
98918.2
98822.6
98731.7
98645
98564.4
98491.4
98427.4
98373.1
98329
98294.4
98269.5
98250.3
98237.6
98223.1
98209.1
98184.9
98155.3
98114.1
98071.2
98026.3
97989.1
97961.8
97944.6
97956.9
98953.2
98859.8
98768.2
98681.6
98599.2
98523
98454.4
98394.6
98344.4
98304.3
98273.3
98251.6
98235.4
98225.3
98213
98200.8
98178.3
98150
98110
98068.1
98023.9
97987.4
97960.6
97943.7
97956.4
98875.2
98785.9
98699.5
98618.2
98541.2
98470.5
98407.4
98353
98307.9
98272.7
98246.3
98228.8
98216.3
98209.3
98199.9
98190.1
98169.7
98143.1
98104.6
98063.9
98020.8
97985.2
97959
97942.5
97955.9
98783.8
98699.7
98619.4
98544.4
98473.7
98409.4
98352.5
98304.2
98265.2
98235.6
98214.4
98201.8
98193.6
98190.4
98184.4
98177.4
98159.5
98134.9
98098.2
98059
98017.2
97982.6
97957.2
97941.2
97955.4
98681.6
98603.5
98530.3
98462.2
98398.6
98341.3
98291.4
98249.8
98217.4
98194
98178.7
98171.3
98167.9
98168.9
98166.7
98162.8
98147.9
98125.6
98090.9
98053.4
98013
97979.7
97955
97939.6
97954.9
98571.4
98500
98434.3
98373.7
98317.7
98267.8
98225.4
98191.1
98165.8
98148.9
98139.8
98138.1
98139.8
98145.3
98147.2
98146.8
98135
98115.3
98082.9
98047.2
98008.3
97976.4
97952.7
97938
97954.4
98455.6
98391.4
98333.6
98280.9
98232.9
98190.7
98156.1
98129.4
98111.3
98101.3
98098.6
98102.7
98109.8
98120
98126.1
98129.5
98121
98104.1
98074.1
98040.5
98003.3
97972.8
97950.2
97936.2
97953.9
98336.6
98279.9
98230.2
98185.5
98145.6
98111.3
98084.7
98065.7
98055
98051.9
98055.7
98065.8
98078.5
98093.4
98103.9
98111.1
98106.1
98092.2
98064.8
98033.4
97997.9
97969.1
97947.5
97934.4
97953.3
98216.4
98167.3
98126
98089.2
98057.4
98031
98012.5
98001.1
97997.7
98001.6
98012
98028.1
98046.1
98065.9
98080.9
98092
98090.6
98079.7
98055
98025.9
97992.3
97965.1
97944.8
97932.5
97952.8
98097
98055.5
98022.5
97993.5
97969.7
97951.2
97940.7
97936.7
97940.5
97951.2
97968
97990
98013.3
98037.8
98057.3
98072.3
98074.5
98066.8
98044.9
98018.2
97986.5
97961.1
97942
97930.6
97952.2
97980.2
97946
97921.2
97899.7
97883.8
97873
97870.2
97873.3
97884.1
97901.3
97924.4
97952
97980.4
98009.6
98033.4
98052.4
98058.1
98053.6
98034.5
98010.3
97980.5
97956.9
97939.2
97928.7
97951.6
97867.1
97840.1
97823.2
97808.9
97800.7
97797
97801.7
97811.6
97829.3
97852.6
97881.5
97914.4
97947.8
97981.5
98009.5
98032.2
98041.5
98040.3
98023.9
98002.2
97974.4
97952.7
97936.3
97926.9
97951.1
97759
97738.7
97729.3
97721.9
97721
97724.3
97735.9
97752.4
97776.4
97805.6
97840
97877.8
97915.8
97953.8
97985.7
98012.2
98024.9
98026.9
98013.3
97994.2
97968.3
97948.5
97933.5
97925
97950.5
97656.8
97642.9
97640.5
97639.5
97645.5
97655.3
97673.4
97696.1
97725.9
97760.7
97800
97842.5
97884.7
97926.7
97962.4
97992.3
98008.5
98013.5
98002.7
97986.1
97962.2
97944.4
97930.6
97923.2
97949.9
97561.3
97553.4
97557.5
97562.4
97574.8
97590.6
97614.5
97643.1
97678.2
97718.1
97762.1
97808.8
97854.8
97900.5
97939.7
97972.9
97992.3
98000.4
97992.2
97978.1
97956.2
97940.2
97927.9
97921.4
97949.4
97473.2
97470.8
97481
97491.3
97509.4
97530.6
97559.8
97593.8
97633.7
97678.3
97726.4
97777
97826.4
97875.5
97917.8
97954.2
97976.6
97987.5
97982
97970.3
97950.2
97936.2
97925.1
97919.7
97948.8
97393
97395.3
97410.9
97425.9
97449.1
97475.2
97509.1
97547.8
97592
97640.6
97692.4
97746.4
97798.9
97850.9
97896.1
97935.3
97960.6
97974.4
97971.4
97962.2
97944
97932
97922.3
97917.9
97948.3
97321.3
97327.6
97347.9
97367
97394.6
97425.1
97463.1
97505.8
97553.6
97605.7
97660.5
97717.4
97772.6
97827.1
97874.9
97916.6
97944.6
97961
97960.6
97953.8
97937.7
97927.7
97919.4
97916.2
97947.8
97258.9
97268.7
97293
97315.5
97347
97381.4
97423
97469
97519.9
97574.7
97632.1
97691.3
97748.6
97805.2
97855.2
97899.1
97929.5
97948.4
97950.4
97945.9
97931.7
97923.7
97916.7
97914.7
97947.3
97206
97218.6
97246.3
97271.8
97306.8
97344.3
97389
97437.7
97491.1
97548
97607.3
97668.2
97727.2
97785.4
97837.2
97883
97915.5
97936.5
97940.8
97938.5
97926
97919.9
97914.2
97913.3
97946.8
97162.9
97177.9
97208.5
97236.3
97274.2
97314.2
97361.5
97412.2
97467.3
97525.7
97586.4
97648.4
97708.5
97767.8
97821
97868.3
97902.6
97925.5
97931.9
97931.5
97920.8
97916.5
97911.9
97912
97946.5
97129.9
97146.7
97179.9
97209.5
97249.8
97291.7
97340.8
97392.8
97449
97508.3
97569.6
97632.1
97692.6
97752.7
97806.7
97855.2
97890.9
97915.5
97923.7
97925.1
97916
97913.4
97909.9
97911
97946.2
97107.1
97125.6
97160.9
97191.9
97233.9
97276.9
97327.1
97379.6
97436.3
97495.8
97557
97619.3
97679.8
97740
97794.5
97843.8
97880.5
97906.5
97916.3
97919.4
97911.8
97910.7
97908.1
97910.2
97946
97094.7
97114.7
97151.7
97183.8
97226.7
97270.1
97320.6
97372.9
97429.5
97488.4
97548.8
97610.3
97670.2
97730
97784.5
97834.1
97871.5
97898.5
97909.8
97914.3
97908.1
97908.4
97906.6
97909.6
97945.9
97093
97114.1
97152.5
97185.1
97228.3
97271.5
97321.5
97372.9
97428.6
97486.1
97545
97605.1
97663.7
97722.7
97776.7
97826.1
97864
97891.7
97904.1
97909.9
97904.9
97906.5
97905.4
97909.2
97945.9
97102.1
97123.9
97163.1
97195.8
97238.7
97281
97329.7
97379.6
97433.6
97489.1
97545.8
97603.9
97660.8
97718.3
97771.3
97820.2
97858
97886.1
97899.5
97906.3
97902.4
97905.1
97904.5
97909.1
97946
97121.6
97143.8
97183.2
97215.5
97257.4
97298.2
97345
97392.7
97444.2
97497
97551
97606.5
97661.2
97716.7
97768.1
97816.1
97853.6
97881.8
97895.9
97903.4
97900.5
97904.1
97903.9
97909.2
97946.2
97151.5
97173.8
97212.9
97244.2
97284.5
97323.3
97367.4
97412.3
97460.4
97509.9
97560.6
97612.9
97664.8
97717.7
97767.2
97813.7
97850.5
97878.5
97893
97901.2
97899.1
97903.5
97903.7
97909.5
97946.5
97191.5
97213.7
97251.8
97281.7
97319.9
97356.2
97396.8
97438.1
97482.3
97527.7
97574.4
97623
97671.5
97721.3
97768.4
97813.1
97848.8
97876.3
97891
97899.7
97898.2
97903.2
97903.6
97910
97946.9
97241.8
97263.3
97299.9
97328.1
97363.6
97396.6
97433.2
97470.3
97509.7
97550.4
97592.5
97636.7
97681.3
97727.5
97771.6
97814.1
97848.3
97875.1
97889.8
97898.7
97897.8
97903.3
97903.9
97910.8
97947.4
97302.4
97322.7
97357.3
97383.4
97415.4
97444.6
97476.5
97508.6
97542.6
97578
97614.9
97654
97694
97736.1
97776.9
97816.7
97849.2
97874.9
97889.4
97898.4
97897.9
97903.8
97904.5
97911.7
97948
97372.7
97391.5
97423.3
97446.9
97475.1
97499.6
97526.2
97552.7
97580.7
97610.2
97641.1
97674.6
97709.5
97747.1
97784.1
97820.9
97851.3
97875.7
97889.8
97898.6
97898.5
97904.6
97905.3
97912.9
97948.8
97457.9
97474.4
97502.8
97522.9
97546.1
97565
97585.4
97605.2
97626.2
97648.8
97672.8
97699.7
97728.7
97761.1
97793.7
97826.9
97854.7
97877.5
97890.9
97899.5
97899.6
97905.8
97906.4
97914.3
97949.6
97560.1
97573.3
97597.1
97612.8
97629.9
97642
97655.2
97667.2
97680
97694.2
97710.3
97729.8
97752
97778.3
97805.8
97834.9
97859.7
97880.5
97892.9
97901
97901.2
97907.4
97907.8
97915.9
97950.6
97672.7
97682.2
97700.7
97711.1
97721.5
97726.4
97731.7
97735
97739
97744.3
97751.7
97763.2
97778
97797.8
97819.8
97844.3
97865.8
97884.3
97895.6
97903.1
97903.2
97909.2
97909.5
97917.7
97951.6
97795.1
97800.7
97813.1
97817.4
97820.6
97817.8
97814.4
97808.4
97802.7
97798.6
97796.9
97799.7
97806.7
97819.4
97835.4
97855
97872.9
97888.9
97898.8
97905.6
97905.6
97911.4
97911.4
97919.7
97952.8
97926.8
97927.9
97933.6
97931.1
97926.7
97915.6
97902.7
97886.8
97870.9
97856.7
97845.6
97839.1
97837.7
97842.9
97852.5
97867
97880.9
97894.3
97902.6
97908.5
97908.4
97913.8
97913.6
97921.9
97954.1
98066.7
98062.7
98061
98051.3
98038.6
98018.7
97995.7
97969.4
97942.8
97918.3
97897
97880.9
97870.6
97868
97871
97879.9
97889.7
97900.2
97906.9
97911.8
97911.4
97916.5
97916
97924.2
97955.5
98213.2
98203.8
98194.2
98176.8
98155.4
98126.1
98092.7
98055.6
98018
97982.5
97950.6
97924.6
97905.1
97894.3
97890.4
97893.6
97899.1
97906.6
97911.6
97915.4
97914.7
97919.3
97918.6
97926.7
97957
98364.8
98349.6
98331.9
98306.6
98275.9
98236.7
98192.6
98144.5
98095.5
98048.7
98005.9
97969.6
97940.7
97921.5
97910.6
97907.9
97909
97913.4
97916.6
97919.3
97918.2
97922.3
97921.3
97929.3
97958.5
98519.1
98498.2
98472.3
98438.8
98398.7
98349.2
98294.2
98234.9
98174.4
98116
98062
98015.3
97976.9
97949.2
97931.1
97922.5
97919.2
97920.5
97921.8
97923.4
97921.8
97925.4
97924.3
97931.9
97960
98672.8
98646.1
98612.3
98570.5
98521
98461.4
98395.5
98324.9
98252.9
98183
98117.8
98060.6
98012.7
97976.7
97951.4
97937.1
97929.4
97927.6
97927
97927.5
97925.5
97928.6
97927.3
97934.6
97961.6
98833.4
98800.6
98758.9
98708.5
98649.2
98579.1
98501.9
98419.5
98335.4
98253.3
98176.3
98108.1
98050.3
98005.4
97972.8
97952.4
97940.3
97935.3
97932.7
97932
97929.5
97932.1
97930.6
97937.5
97963.4
98987.2
98948.5
98899.7
98841.1
98772.4
98692.4
98604.4
98510.7
98414.9
98321.1
98232.7
98153.8
98086.4
98033
97993.2
97967.2
97950.8
97942.8
97938.3
97936.4
97933.5
97935.6
97934
97940.5
97965
99114.2
99070.9
99016.3
98951
98874.6
98786.4
98689.4
98586.2
98480.7
98377.2
98279.3
98191.4
98116
98055.6
98010
97979.4
97959.5
97949.1
97942.9
97940.1
97936.8
97938.6
97936.9
97943
97966.4
99217.2
99170.4
99111.2
99040.5
98957.9
98862.9
98758.5
98647.7
98534.2
98422.7
98317.1
98221.9
98139.9
98073.9
98023.7
97989.3
97966.6
97954.2
97946.7
97943.2
97939.6
97941.1
97939.3
97945
97967.4
99299
99249.4
99186.7
99111.8
99024.2
98923.9
98813.7
98696.7
98576.8
98458.9
98347.1
98246.1
98159
98088.5
98034.5
97997.1
97972.2
97958.3
97949.8
97945.6
97941.8
97943.1
97941.3
97946.5
97968.2
99362.3
99310.8
99245.6
99167.5
99076
98971.5
98856.7
98734.8
98610
98487.2
98370.6
98265
98173.8
98099.8
98042.9
98003.3
97976.6
97961.4
97952.1
97947.5
97943.6
97944.6
97942.8
97947.8
97968.8
99410.4
99357.5
99290.5
99209.9
99115.5
99007.8
98889.5
98763.9
98635.4
98508.7
98388.5
98279.5
98185.2
98108.5
98049.4
98007.9
97979.9
97963.8
97953.9
97948.9
97944.8
97945.7
97944
97948.6
97969.2
99445.8
99392.1
99323.8
99241.3
99144.8
99034.7
98913.8
98785.6
98654.2
98524.8
98401.9
98290.3
98193.7
98115
98054.2
98011.4
97982.4
97965.6
97955.2
97949.9
97945.7
97946.5
97944.7
97949.2
97969.4
99471.1
99416.8
99347.7
99263.9
99165.8
99053.9
98931.3
98801.1
98667.7
98536.3
98411.5
98298.2
98199.9
98119.7
98057.6
98013.8
97984.1
97966.8
97956
97950.6
97946.3
97947
97945.2
97949.6
97969.5
99488.4
99433.7
99364
99279.3
99180.2
99067.2
98943.3
98811.8
98677.1
98544.4
98418.2
98303.6
98204.2
98122.9
98060
98015.5
97985.2
97967.5
97956.6
97951
97946.6
97947.3
97945.5
97949.8
97969.5
99499.1
99444.3
99374.2
99289
99189.3
99075.7
98951.1
98818.9
98683.3
98549.7
98422.7
98307.2
98207
98125
98061.5
98016.5
97985.9
97968
97956.9
97951.2
97946.8
97947.4
97945.6
97949.8
97969.4
99505.4
99450.4
99380.3
99294.8
99194.9
99081
98956.1
98823.3
98687.3
98553.1
98425.5
98309.5
98208.7
98126.3
98062.3
98017
97986.2
97968.1
97957
97951.3
97946.8
97947.4
97945.6
97949.8
97969.3
99508.7
99453.8
99383.9
99298.5
99198.7
99084.7
98959.6
98826.7
98690.4
98555.9
98427.9
98311.5
98210.3
98127.5
98063.2
98017.7
97986.6
97968.4
97957.1
97951.4
97946.8
97947.5
97945.6
97949.8
97969.2
)
;

boundaryField
{
    inlet
    {
        type            zeroGradient;
    }
    outlet
    {
        type            waveTransmissive;
        phi             phi;
        rho             rho;
        psi             psi;
        gamma           1.3;
        fieldInf        100000;
        lInf            0.3;
        value           uniform 100000;
    }
    upperWall
    {
        type            zeroGradient;
    }
    lowerWall
    {
        type            zeroGradient;
    }
    frontAndBack
    {
        type            empty;
    }
}


// ************************************************************************* //
