/*--------------------------------*- C++ -*----------------------------------*\
| =========                 |                                                 |
| \\      /  F ield         | OpenFOAM: The Open Source CFD Toolbox           |
|  \\    /   O peration     | Version:  dev                                   |
|   \\  /    A nd           | Web:      http://www.openfoam.org               |
|    \\/     M anipulation  |                                                 |
\*---------------------------------------------------------------------------*/
FoamFile
{
    version     2.0;
    format      ascii;
    class       volScalarField;
    object      T;
    location    "9.125";
}
// * * * * * * * * * * * * * * * * * * * * * * * * * * * * * * * * * * * * * //

dimensions      [0 0 0 1 0 0 0];

internalField   nonuniform List<scalar> 
12225
(
301.741
302.542
302.242
301.877
301.538
301.211
301.226
300.784
301.158
300.506
301.366
300.257
301.631
300.255
301.084
301.98
299.945
302.431
302.536
303.348
302.403
301.477
300.662
299.75
299.725
298.591
299.388
297.739
299.657
297.111
299.701
297.455
298.41
299.281
298.43
297.977
302.772
303.458
302.53
301.441
300.625
299.565
299.182
298.183
298.141
297.309
297.573
296.994
297.227
297.057
297.256
297.711
296.717
296.699
302.555
303.571
302.345
301.895
300.527
300.355
299.042
299.3
297.886
298.465
297.253
297.94
297.095
297.519
297.126
297.304
297.314
297.511
302.224
303.874
302.071
302.276
300.61
300.761
299.271
299.684
298.284
298.745
297.67
298.114
297.44
297.52
297.378
296.781
297.957
297.768
301.929
303.964
301.788
302.332
300.477
300.742
299.197
299.686
298.255
298.819
297.681
298.276
297.456
297.712
297.383
297.23
298.038
298.072
301.678
303.936
301.567
302.438
300.527
300.862
299.237
299.832
298.301
298.945
297.776
298.262
297.553
297.749
297.447
297.648
297.714
297.684
301.451
303.884
301.444
302.403
300.56
300.893
299.19
299.891
298.336
299.058
297.885
298.398
297.694
297.924
297.565
297.892
297.896
298.241
301.255
303.737
301.498
302.315
300.614
300.775
299.288
299.838
298.563
299.072
298.194
298.448
298.042
298.001
297.945
298.087
298.253
298.47
301.176
303.589
301.438
302.187
300.547
300.757
299.505
299.922
298.958
299.252
298.618
298.744
298.496
298.447
298.5
298.514
298.777
298.868
300.941
303.089
301.513
302.002
300.563
300.736
299.844
299.931
299.454
299.422
299.076
299.167
299.033
298.956
299.174
299.138
299.342
299.479
300.867
302.73
301.643
301.785
300.79
300.837
300.25
300.335
299.932
299.832
299.798
299.742
299.771
299.826
299.885
300.061
300.285
300.398
300.617
302.174
301.637
301.616
301.048
301.065
300.82
300.641
300.539
300.51
300.49
300.482
300.622
300.776
300.867
300.996
301.257
301.415
300.194
301.605
301.438
301.325
301.147
301.175
301.054
301.052
301.095
301.046
301.176
301.329
301.46
301.567
301.854
302.081
302.238
302.419
299.439
300.81
300.95
300.967
301.04
301.15
301.219
301.315
301.437
301.56
301.74
301.861
302.113
302.343
302.562
302.782
303.07
303.273
298.502
299.806
300.132
300.307
300.533
300.755
300.972
301.204
301.428
301.642
301.885
302.107
302.385
302.61
302.887
303.166
303.399
303.63
297.149
298.399
298.908
299.219
299.524
299.83
300.141
300.445
300.729
301.028
301.299
301.562
301.827
302.091
302.353
302.607
302.841
303.065
295.718
296.767
297.274
297.573
297.873
298.209
298.51
298.794
299.054
299.318
299.549
299.808
300.024
300.288
300.513
300.769
300.975
301.168
294.353
295.09
295.49
295.7
295.921
296.167
296.385
296.602
296.791
296.998
297.186
297.397
297.569
297.779
297.918
298.102
298.199
298.353
293.193
293.584
293.803
293.889
293.933
294.052
294.175
294.312
294.408
294.527
294.624
294.766
294.875
295.008
295.093
295.21
295.249
295.37
292.199
292.307
292.398
292.36
292.259
292.251
292.227
292.251
292.259
292.273
292.276
292.351
292.382
292.487
292.524
292.61
292.638
292.698
291.467
291.326
291.281
291.102
290.932
290.77
290.653
290.575
290.475
290.416
290.338
290.333
290.31
290.363
290.37
290.423
290.435
290.46
290.841
290.541
290.396
290.065
289.754
289.502
289.318
289.145
288.993
288.882
288.775
288.723
288.67
288.671
288.67
288.701
288.723
288.744
290.427
289.913
289.66
289.244
288.883
288.607
288.335
288.134
287.927
287.746
287.611
287.498
287.419
287.377
287.352
287.376
287.389
287.424
290.066
289.441
289.166
288.727
288.305
287.939
287.623
287.365
287.134
286.965
286.794
286.69
286.576
286.497
286.445
286.416
286.416
286.415
289.79
289.145
288.821
288.29
287.792
287.4
287.065
286.816
286.596
286.408
286.236
286.092
285.966
285.861
285.787
285.727
285.674
285.63
289.707
288.96
288.597
288.053
287.545
287.145
286.79
286.51
286.215
285.963
285.698
285.493
285.302
285.159
285.036
284.929
284.82
284.714
289.582
288.747
288.352
287.812
287.318
286.877
286.457
286.066
285.668
285.333
285.009
284.785
284.571
284.434
284.284
284.204
284.093
284.069
289.478
288.586
288.212
287.657
287.14
286.652
286.214
285.813
285.513
285.305
285.166
285.101
285.055
285.079
285.121
285.236
285.295
285.548
289.773
288.851
288.723
288.496
288.309
288.203
288.186
288.236
288.361
288.523
288.711
288.912
289.12
289.337
289.569
289.795
290.03
290.294
285.333
278.423
282.066
282.317
285.695
287.488
288.771
289.722
289.938
290.119
290.057
290.16
290.17
290.204
290.259
290.494
290.694
290.963
291.282
291.628
291.947
292.143
292.511
292.939
293.118
293.304
293.644
293.766
294.024
294.416
294.662
294.949
295.214
295.505
295.7
295.882
296.298
296.432
296.472
297.028
297.349
297.165
297.778
299.316
300.401
300.34
299.866
299.369
299.146
299.267
299.335
298.783
297.636
296.435
295.839
295.475
294.883
294.291
295.029
298.674
301.508
300.495
298.213
296.375
295.014
293.612
293.457
296.665
302.371
304.836
301.516
296.628
293.235
290.886
289.082
287.524
286.286
285.211
284.239
283.288
282.394
281.575
280.879
280.177
279.462
278.778
278.137
277.524
276.991
276.505
275.993
275.419
274.916
274.515
274.108
273.917
273.51
273.05
273.027
273.026
272.764
272.858
272.984
273.209
273.492
273.798
274.029
274.185
274.639
275.289
276.262
277.281
278.164
278.453
278.873
279.294
279.892
280.335
281.685
282.435
281.369
280.718
282.729
284.695
286.085
287.354
288.836
290.153
290.607
289.891
289.155
288.043
286.946
285.357
284.515
282.221
283.229
281.475
280.596
282.601
280.313
280.114
279.035
278.525
277.852
277.382
276.569
276.206
275.365
274.843
274.398
273.84
273.509
272.924
272.236
271.544
270.917
270.633
270.209
269.74
268.767
267.995
267.011
266.025
264.703
264.694
263.324
263.541
263.245
265.227
268.043
269.809
269.22
269.434
269.054
268.27
263.042
265.787
269.824
273.73
286.404
273.085
281.242
288.922
293.015
296.102
298.371
299.887
300.471
300.365
300.02
299.751
299.389
299.029
298.614
298.349
298.02
297.773
297.561
297.207
296.813
296.41
296.419
296.458
295.923
295.586
295.805
295.289
295.332
295.717
295.493
296.026
295.998
295.809
296.299
295.983
296.394
296.865
296.299
296.913
297.763
296.789
297.213
298.46
296.978
296.454
299.164
298.581
294.149
291.568
291.843
292.252
291.569
289.339
288.69
290.88
291.919
291.876
290.161
287.27
288.751
293.163
294.424
293.624
292.708
290.131
287.602
286.102
284.723
282.513
280.047
278.302
277.334
276.672
276.259
276.009
276.011
276.007
275.866
275.539
275.181
274.977
275.013
275.008
274.708
274.357
273.825
273.501
272.986
272.642
272.274
270.673
270.009
269.348
267.342
267.804
266.74
265.578
262.844
263.03
261.615
260.614
259.11
258.172
256.845
256.1
255.479
254.961
254.481
254.341
254.571
255.273
256.465
256.919
257.395
258.097
259.684
260.434
260.679
262.699
263.775
260.265
259.645
265.248
272.681
279.463
283.688
285.394
285.482
284.454
284.312
283.261
281.237
278.598
278.049
273.218
274.991
273.148
269.437
276.826
273.504
274.129
273.151
272.661
271.726
271.476
270.404
270.368
269.996
269.105
269.932
269.461
270.972
271.047
271.468
269.324
265.347
261.925
259.507
258.654
258.504
257.05
254.791
253.061
248.935
248.524
245.237
244.976
238.996
242.499
250.807
256.348
263.547
266.201
257.433
252.445
236.665
236.366
241.404
252.503
291.014
272.62
272.597
283.082
292.851
297.081
298.451
300.87
302.174
301.699
301.017
300.283
299.5
298.688
297.816
296.88
295.909
294.969
294.009
293.057
292.557
292.314
292.038
291.801
291.631
291.578
291.784
291.728
292.223
292.604
292.713
293.503
293.512
293.44
294.691
294.073
295.016
295.49
294.724
296.019
296.429
295.018
296.526
297.677
296.81
297.926
299.64
298.228
297.344
298.882
300.672
299.285
295.367
291.557
289.135
290.423
293.997
293.903
292.754
294.458
293.753
288.928
290.207
293.053
288.282
284.507
283.728
283.29
283.058
283.303
284.199
285.471
286.682
287.592
288.353
288.976
289.794
290.588
291.185
291.448
291.52
291.78
292.098
292.518
292.674
292.874
292.987
293.417
293.129
292.696
293.299
292.042
292.118
291.876
290.213
290.309
289.629
290.098
286.495
285.774
284.779
283.787
281.337
279.524
276.041
273.186
270.151
268.114
265.745
264.021
260.79
257.637
254.979
254.312
255.675
255.905
255.681
258.288
256.554
253.011
255.975
256.719
252.077
253.975
265.285
277.273
283.08
284.885
284.501
283.263
280.965
277.616
276.324
271.554
273.134
273.829
274.294
274.488
267.857
269.833
268.249
269.913
270.749
272.528
272.447
272.675
271.721
271.556
271.964
270.427
271.853
270.623
275.359
278.287
284.734
284.368
279.293
271.673
265.641
259.98
254.506
253.841
252.967
252.423
250.442
250.545
248.877
252.662
235.945
233.895
246.769
259.078
267.991
268.511
252.61
242.823
237.899
231.569
227.821
238.462
295.014
278.194
269.555
272.82
280.626
287.162
294.42
301.7
303.554
301.818
299.436
297.309
295.404
293.524
291.848
290.523
289.458
288.908
288.885
289.461
290.26
290.781
291.11
291.665
292.174
292.37
292.594
292.974
293.344
293.574
293.664
294.31
295.009
294.86
296.446
296.501
297.293
297.471
296.843
297.572
297.536
296.57
297.815
296.662
294.261
295.918
297.35
297
298.258
297.815
297.37
298.62
298.429
297.199
296.929
297.901
298.275
294.711
294.583
295.713
287.408
284.288
291.629
290.897
285.699
284.937
285.948
286.849
287.75
288.908
289.945
290.649
290.946
290.869
290.661
290.66
290.673
290.34
289.848
289.411
289.268
289.521
289.472
289.264
289.241
289.206
289.621
290.858
291.969
290.97
291.701
290.695
290.804
290.432
291.163
292.129
291.451
291.399
291.842
291.834
291.615
291.993
292.044
292.324
291.814
291.829
290.18
289.3
287.082
286.549
284.423
280.119
274.483
271.077
269.948
273.304
266.668
259.185
262.256
257.828
252.772
257.065
254.95
250.57
261.709
280.961
285.637
282.075
280.172
278.538
279.409
278.593
270.19
267.728
268.111
269.579
275.09
274.693
274.575
275.553
273.273
274.165
269.875
271.335
269.644
269.334
268.908
267.891
271.202
271.209
275.617
268.886
270.343
272.622
284.986
290.566
289.258
283.319
274.99
272.591
265.711
259.997
259.109
251.945
250.452
253.647
258.442
274.876
249.665
234.74
244.486
259.207
261.687
263.954
258.183
247.454
265.832
256.061
239.109
237.181
297.328
283.469
271.164
267.044
269.568
279.856
296.757
306.923
305.541
300.539
296.209
292.861
290.461
288.729
287.064
287.583
289.954
292.322
293.802
294.354
294.347
294.381
294.299
294.138
293.825
293.529
293.172
292.963
292.749
292.92
292.917
293.211
293.899
294.941
295.911
296.179
296.788
296.417
298.028
299.988
300.046
299.834
300.268
300.182
299.225
296.88
295.021
297.468
297.992
296.094
298.052
299.946
300.102
301.129
301.699
299.709
295.458
292.11
290.815
289.34
288.565
291.215
290.734
285.558
285.341
287.637
289.303
290.716
291.854
292.54
292.439
291.936
290.914
289.832
289.1
289.163
289.657
289.99
290.176
290.828
291.601
292.017
291.888
292.084
292.656
293.07
293.342
294.611
296.761
296.322
296.786
295.213
294.086
292.58
292.007
293.811
293.471
293.139
292.511
290.913
290.227
290.285
289.848
289.966
289.091
290.009
289.624
289.933
290.773
291.123
290.73
292.755
289.869
286.889
283.257
283.045
288.903
285.019
274.168
270.191
260.991
255.699
257.463
255.698
258.597
271.857
284.169
286.096
283.072
281.343
280.742
272.379
270.262
268.267
262.61
268.447
270.762
269.898
268.909
269.416
269.4
275.065
273.618
277.31
277.395
276.454
276.498
268.455
271.892
272.379
286.659
281.894
277.451
269.439
278.067
290.283
291.948
290.586
279.723
275.863
275.711
265.252
269.345
257.746
252.323
253.213
258.199
286.097
270.291
242.281
244.082
257.014
253.604
255.792
266.952
264.132
280.17
274.61
262.08
250.953
298.736
286.15
271.44
262.168
264.738
283.294
302.752
306.784
300.526
293.78
289.008
282.56
278.143
287.621
295.717
295.859
294.28
293.304
293.084
292.615
292.4
292.444
292.659
292.528
291.977
291.063
290.164
290.1
289.799
289.559
289.91
290.403
291.551
292.426
292.375
293.029
293.812
294.168
294.444
294.716
296.272
299.01
300.571
302.024
302.578
299.663
297.261
296.459
296.211
297.9
296.678
294.194
296.877
299.917
297.638
293.272
289.655
288.322
289.872
291.376
291.181
289.326
286.188
286.256
289.348
292.242
294.11
294.556
293.625
292.079
290.558
288.902
287.391
286.868
287.964
289.953
291.949
293.517
294.948
296.704
298.029
298.545
298.671
298.869
299.16
299.531
299.42
300.333
301.784
303.107
303.694
302.986
301.192
298.372
296.397
298.857
300.627
299.524
301.139
297.055
294.772
295.372
294.433
294.83
293.583
293.181
291.971
291.528
290.56
290.88
290.702
290.64
291.927
292.729
292.082
291.775
293.091
295.385
289.647
282.942
282.357
278.015
269.703
255.513
252.082
264.806
282.803
287.972
283.247
273.1
276.565
276.184
269.419
271.954
267.247
268.848
266.253
266.731
264.104
267.295
266.87
272.145
273.007
273.48
275.051
274.669
282.795
278.523
282.091
272.769
282.411
288.029
291.866
278.955
273.015
286.02
290.205
291.771
281.306
274.26
286.37
273.658
283.398
271.629
261.154
254.531
252.45
278.361
283.032
252.279
244.087
253.628
249.688
249.5
264.545
268.186
271.734
268.302
268.408
256.573
299.959
288.067
271.917
262.592
271.428
294.001
306.458
304.215
296.99
287.447
281.026
297.675
300.771
288.296
293.834
292.299
291.053
293.697
293.711
294.238
294.699
295.602
296.342
296.29
295.368
294.08
293.315
293.602
292.906
292.442
292.331
292.899
294.528
295.787
296.218
295.86
295.168
294.478
294.76
295.725
296.692
296.367
297.327
302.025
304.241
301.237
298.68
297.734
297.571
296.162
295.565
299.843
302.141
298.301
291.954
289.288
289.336
288.824
288.601
288.248
287.173
286.664
288.3
292.359
295.569
296.085
294.076
291.012
288.431
286.732
285.709
285.581
287.452
290.76
294.676
297.818
299.759
301.062
302.392
303.388
303.412
303.256
303.327
303.089
302.856
302.651
302.294
302.062
301.571
302.37
302.669
303.984
304.386
304.296
302.602
303.055
305.614
304.217
308.764
303.324
296.965
298.743
296.026
298.396
296.675
295.848
294.195
293.766
293.989
292.326
291.571
291.415
292.062
292.16
290.643
293.041
294.176
294.396
294.962
293.948
291.738
288.463
287.076
283.295
265.231
253.772
265.755
281.537
289.012
287.031
274.357
273.894
266.003
272.241
275.286
280.54
271.966
269.764
267.126
270.2
266.056
266.281
271.272
276.972
284.021
278.782
284.411
280.814
291.766
284.249
283.559
283.669
290.215
289.502
277.674
286.029
289.565
294.358
283.629
270.351
290.512
279.446
288.914
284.359
275.802
263.298
251.881
266.769
289.343
266.012
247.617
250.465
245.489
244.876
260.482
265.9
263.236
267.52
278.94
259.049
301.581
291.92
277.863
271.649
284.449
302.833
307.716
298.445
286.089
291.242
297.49
289.298
291.577
288.931
291.191
297.033
295.455
295.67
295.332
292.71
293.215
293.64
294.697
295.133
294.89
293.945
292.949
293.092
292.403
291.742
291.281
291.482
292.797
294.472
295.22
295.607
295.849
295.782
295.72
296.565
298.102
298.802
299.99
301.977
301.758
299.896
298.431
298.732
297.67
296.132
300.296
303.011
298.645
294.286
289.913
287.161
287.816
288.224
287.921
287.832
288.542
290.481
293.098
294.569
293.381
290.89
288.524
286.848
285.796
286.059
288.241
291.945
295.958
299.17
301.391
302.187
301.827
300.883
300.106
299.049
297.966
297.496
297.265
296.684
296.638
296.677
296.462
296.297
295.598
294.862
294.306
294.451
295.861
298.574
302.837
304.821
306.678
306.588
309.792
312.027
304.733
308.627
303.816
306.83
303.989
303.881
300.048
297.138
295.899
295.411
294.896
294.321
291.473
294.309
293.47
291.818
293.091
295.161
293.567
295.553
295.336
297.77
293.542
293.938
291.196
272.476
261.033
267.458
272.755
287.354
282.451
281.539
279.518
282.495
280.919
282.275
277.153
273.551
265.981
267.701
266.506
266.993
273.628
277.657
287.268
281.745
288.97
284.559
293.998
291.388
291.971
291.297
290.363
297.289
287.436
288.757
285.495
292.589
290.897
270.504
288.911
282.736
284.951
285.554
285.023
274.68
256.66
258.23
290.582
280.304
255.324
250.126
241.516
244.303
249.687
254.554
251.004
256.804
279.051
260.376
303.317
296.824
286.845
284.36
297.605
308.466
303.124
290.907
287.473
292.861
294.844
287.306
294.24
296.67
294.998
299.032
295.282
292.613
291.1
290.403
289.976
290.876
292.309
294.155
295.452
295.382
293.978
293.725
293.64
292.788
291.892
290.912
290.686
291.747
292.749
293.712
294.271
294.121
293.6
294.43
296.977
298.615
298.553
299.357
300.942
300.412
297.892
296.35
296.396
297.161
299.264
299.183
293.855
289.894
289.511
288.137
287.465
287.9
288.567
289.91
292.036
294.168
295.016
294.038
291.629
289.046
287.013
286.275
288.045
291.418
294.769
297.483
298.838
298.65
297.631
296.319
294.884
293.801
293.628
293.64
294.277
295.432
296.536
297.084
297.716
298.363
298.075
298.263
297.483
295.738
293.872
291.583
289.572
286.935
288.314
292.714
295.368
298.035
295.925
301.984
304.821
310.193
306.975
312.033
308.953
315.086
305.32
306.907
303.648
303.032
297.914
299.225
294.905
295.302
293.807
295.038
292.349
294.793
294.165
295.082
293.584
296.075
297.884
295.593
296.838
295.63
278.849
271.451
265.833
272.117
272.981
275.653
280.779
283.15
282.123
281.218
275.163
273.292
265.818
267.855
270.631
270.464
276.865
278.677
290.267
287.529
294.052
290.62
296.584
298.131
298.592
295.275
288.54
299.789
299.468
296.626
284.553
283.81
292.921
270.998
283.676
283.745
282.515
282.027
286.969
285.754
267.022
256.282
286.623
290.984
267.912
253.572
238.051
245.106
239.26
246.704
260.601
262.986
271.339
250.138
304.876
301.595
296.734
298.504
308.408
308.177
296.621
291.259
292.502
293.744
294.502
293.492
296.032
298.114
294.549
294.982
294.216
293.014
293.277
293.15
292.384
291.842
291.438
292.744
295.229
297.801
298.076
297.145
297.145
297.112
296.939
296.339
294.827
294.048
294.222
294.66
295.142
295.497
294.947
293.456
293.183
295.287
297.941
297.26
298.844
299.93
298.489
295.409
293.581
296.148
297.768
294.953
291.776
289.737
289.078
289.234
289.406
290.373
291.879
293.287
294.289
293.979
292.014
289.575
287.654
287.094
287.972
290.628
294.358
297.257
298.661
298.789
296.988
294.571
293.267
293.278
293.556
294.862
297.267
299.811
302.143
303.821
304.847
305.263
305.38
306.08
306.417
306.991
307.337
306.98
304.548
301.759
298.957
296.412
289.283
286.662
288.168
290.886
290.948
290.807
297.061
301.558
303.123
307.702
303.025
316.684
306.195
312.063
308.106
311.023
304.239
308.042
299.886
302.671
297.965
297.654
295.576
295.911
296.287
296.798
295.128
298.542
294.262
301.814
294.518
301.916
293.758
291.149
279.701
272.638
271.737
268.532
269.822
275.18
273.592
271.649
266.94
272.265
270.185
274.334
277.82
275.207
283.202
284.515
294.825
291.302
296.962
295.076
295.671
299.152
301.441
299.38
291.8
301.722
310.314
302.536
288.101
276.039
288.129
276.827
282.122
286.101
285.173
278.32
281.736
289.639
274.959
259.384
279.16
295.852
282.932
258.433
241.871
246.036
231.867
243.733
258.492
264.81
265.494
251.418
306.023
304.824
302.619
304.203
307.994
302.946
292.838
290.509
292.165
291.381
292.364
295.655
296.01
296.976
295.649
295.354
296.422
295.143
293.763
292.029
291.811
290.362
290.601
289.388
289.58
292.12
295.525
295.869
295.51
295.916
296.313
296.695
296.678
295.926
295.359
295.4
295.95
296.489
297.107
296.088
293.689
293.101
297.574
297.992
297.18
299.262
299.669
297.298
294.783
295.959
297.301
294.346
290.522
289.625
289.797
290.569
291.9
293.072
294.017
294.377
293.771
292.035
289.625
287.316
285.853
286.296
289.314
293.301
295.688
296.745
297.106
295.727
292.46
290.972
291.919
294.402
296.744
299.359
302.151
304.129
304.919
304.349
303.094
301.754
300.524
300.078
299.847
300.021
301.705
304.168
305.999
305.221
301.607
300.337
299.302
292.567
288.628
285.972
287.956
287.407
290.426
294.685
299.519
303.212
301.445
309.633
305.327
308.701
306.548
312.209
305.299
310.601
304.168
307.082
303.371
301.589
301.047
297.526
297.735
300.423
290.756
307.208
290.005
304.78
295.855
303.875
296.682
302.756
299.041
284.489
288.361
276.369
272.359
277.555
272.495
274.91
271.748
279.647
276.86
281.408
286.835
284.217
292.26
291.139
300.824
296.711
300.952
298.792
298.501
304.353
304.138
300.895
294.331
300.652
314.204
305.949
295.156
273.169
276.616
281.084
282.954
287.038
287.75
277.043
276.464
290.06
280.645
266.006
274.589
299.797
297.037
264.99
248.681
248.342
227.471
243.003
258.421
257.585
251.11
249.063
306.945
307.434
307.741
310.226
308.423
296.279
287.656
288.482
294.41
293.547
292.835
296.713
296.57
295.261
295.644
295.709
295.095
293.04
292.22
292.17
293.235
292.99
293.734
294.242
293.814
292.999
293.73
294.983
295.267
294.983
295.182
295.256
295.186
295.552
295.61
295.723
296.053
295.2
295.23
295.883
295.601
292.822
293.701
298.827
298.596
297.671
297.725
297.321
297.867
299.5
297.391
293.442
290.521
290.014
291.184
291.835
292.614
293.835
294.276
293.489
291.857
290.129
289.057
289.21
290.491
292.301
294.267
295.482
295.883
295.846
294.869
292.689
291.305
292.569
295.477
299.191
302.081
303.873
304.553
303.7
301.58
299.227
297.721
297.101
297.279
297.994
298.68
297.607
296.734
296.84
298.445
301.876
303.325
301.285
301.154
298.767
294.251
289.602
284.753
284.339
284.497
288.199
294.826
298.428
302.289
304.363
305.379
307.486
304.579
308.848
306.824
308.481
305.895
309.224
306.157
304.786
306.566
300.402
299.02
306.909
288.387
309.581
291.952
303.234
295.777
303.77
296.316
302.431
305.934
292.103
302.081
288.87
286.714
287.634
282.886
286.671
281.794
288.282
287.002
293.83
298.723
292.952
298.183
296.337
303.233
299.77
303.674
302.932
301.41
306.78
303.165
301.973
300.718
298.518
310.411
307.624
299.925
275.64
271.685
280.041
280.358
282.191
284.675
274.257
271.339
286.443
283.762
272.966
272.584
303.118
309.163
271.696
256.845
252.615
225.129
241.919
264.123
262.408
253.015
249.227
307.511
308.905
310.634
314.479
312.434
298.873
291.258
291.805
293.96
292.606
293.804
297.826
296.32
295.613
298.138
296.657
293.938
294.053
296.326
297.366
297.039
295.318
293.212
293.512
295.001
295.948
295.943
295.348
295.252
295.512
296.038
296.896
295.483
294.498
295.19
295.93
297.24
297.967
297.826
297.048
297.474
296.647
292.904
293.187
297.974
298.449
294.894
294.626
297.635
301.361
299.135
293.147
290.581
290.299
291.073
292.932
293.893
294.129
293.674
292.333
290.366
288.585
287.631
288.033
290.856
295.138
297.484
296.245
293.026
290.537
289.376
290.092
293.027
296.516
299.871
303.004
304.414
303.731
301.715
299.29
296.972
296.563
298.416
300.205
300.957
301.387
302.862
303.598
302.526
301.857
299.158
297.53
297.414
298.516
299.82
300.452
297.023
293.813
289.776
284.079
284.09
285.801
289.127
293.764
299.239
301.742
304.172
305.504
303.556
304.523
306.257
305.984
305.938
310.272
306.574
306.081
310.321
304.158
300.488
309.781
292.025
304.897
294.17
301.765
295.665
301.074
296.047
300.857
302.368
296.235
302.752
295.126
297.333
295.941
295.691
295.054
291.756
297.978
294.398
298.913
302.001
299.274
305.282
301.495
303.522
301.515
303.722
302.362
301.998
308.786
301.009
303.578
307.81
297.354
305.597
300.206
292.099
267.3
267.039
277.716
273.97
275.491
280.542
271.032
268.575
282.42
284.781
277.759
271.999
306.831
315.797
275.256
267.448
255.213
227.055
247.688
262.321
254.083
248.99
246.635
307.818
309.528
311.186
310.569
304.112
294.761
288.919
292.249
295.569
295.476
296.238
298.361
296.065
294.84
295.476
293.717
292.258
292.323
293.866
295
294.871
293.286
291.846
291.308
292.095
293.557
295.167
295.687
295.143
295.485
294.691
295.435
296.549
295.635
293.93
292.65
293.706
295.634
297.932
299.442
297.043
294.776
296.868
292.727
291.851
298.24
298.599
295.155
296.03
298.964
299.522
294.758
289.841
290.014
291.549
292.747
294.037
294.431
293.56
291.803
289.943
288.562
287.722
287.367
288.158
290.645
293.09
292.794
290.798
289.455
289.926
292.764
295.89
298.073
300.713
303.672
303.909
301.119
297.911
296.226
295.958
297.685
301.908
306.083
305.956
303.151
301.421
302.045
302.194
302.527
303.511
302.848
301.216
298.027
297.344
297.72
297.666
293.535
290.712
286.525
284.385
285.418
286.946
290.426
296.646
300.372
302.866
305.096
303.824
301.907
303.99
304.278
304.653
308.403
307.073
306.347
310.432
307.772
303.239
310.01
299.088
303.935
297.926
302.315
298.226
299.661
297.496
300.759
300.784
299.518
300.266
299.592
300.442
299.417
302.837
300.337
299.584
301.801
298.839
304.664
302.907
300.372
306.686
301.74
303.357
305.048
302.425
302.491
304.765
307.043
298.943
307.505
309.944
298.047
301.513
287.702
283.049
262.242
264.254
277.121
270.166
270.864
277.769
268.407
267.696
278.904
284.943
278.524
274.699
309.379
314.76
276.808
279.209
254.207
231.914
253.175
268.226
254.923
247.214
243.215
307.907
309.619
311.208
308.175
298.334
293.157
291.233
292.397
292.118
291.446
294.002
295.843
293.205
291.65
290.839
288.429
286.73
287.545
290.48
292.812
294.003
293.367
292.644
293.564
294.881
295.725
295.813
296.003
295.717
297.026
297.426
296.577
295.537
296.138
298.124
298.494
298.066
295.796
293.063
297.345
302.595
296.067
292.627
296.315
291.358
290.556
296.396
298.068
298.928
298.826
295.965
294.54
292.023
289.782
290.815
292.735
293.965
294.214
293.41
291.518
289.375
287.901
287.718
288.837
289.967
289.593
288.646
288.304
288.986
289.775
291.115
292.423
294.139
296.547
299.525
301.566
301.378
300.265
299.001
298.454
298.743
299.071
299.436
301.339
302.439
300.14
296.586
293.695
292.031
292.542
294.733
296.444
298.151
298.689
298.357
297.425
295.456
293.338
288.74
286.056
285.975
285.741
288.624
290.123
293.363
298.676
300.553
303.645
305.327
302.766
301.791
302.356
301.84
303.765
306.238
306.04
308.386
308.14
305.512
308.266
303.416
304.531
301.22
303.348
301.509
300.993
300.669
300.473
301.664
300.866
300.061
301.848
301.157
301.798
304.017
301.603
304.68
302.786
301.673
305.983
301.906
302.791
306.442
299.622
304.014
305.899
299.749
305.888
305.627
303.967
303.036
309.885
305.594
299.125
294.883
270.509
268.698
252.731
265.532
280.514
263.805
265.239
273.504
264.494
266.603
276.081
285.203
277.469
278.918
310.574
307.394
280.709
289.586
247.877
238.594
259.751
266.567
251.074
244.862
242.655
307.866
309.553
311.619
310.188
299.697
290.578
289.921
293.825
295.76
294.038
293.57
295.56
294.997
293.76
293.349
292.713
292.503
293.194
294.436
294.74
293.545
291.912
291.349
292.218
293.359
294.494
295.025
295.344
295.261
295.625
295.386
295.761
296.343
294.284
295.075
297.297
299.014
301.441
298.844
293.906
298.297
303.117
294.621
293.718
294.928
291.2
291.022
293.839
297.388
301.551
297.886
291.669
290.552
290.812
291.034
292.43
294.07
294.555
293.503
291.283
288.617
286.305
285.662
287.62
291.692
293.756
291.957
289.051
287.939
288.362
288.786
288.346
288.973
291.489
296.123
299.755
301.17
300.746
298.256
296.13
297.058
298.322
297.188
296.843
299.585
302.295
303.473
301.414
296.693
294.214
294.499
295.688
295.535
294.991
294.744
293.938
291.546
287.908
285.354
283.667
285.098
286.782
289.971
292.576
296.014
298.577
299.549
302.278
304.972
303.815
302.447
301.897
300.002
300.078
303.066
304.281
306.134
307.153
306.691
307.585
306.493
306.462
304.676
304.206
304.097
303.364
302.935
301.456
302.334
301.585
301.568
302.655
301.244
303.32
303.173
302.099
305.989
301.694
304.928
304.081
300.596
305.173
303.106
298.37
306.213
303.023
299.582
308.152
304.261
303.365
307.423
310.37
305.357
296.108
283.195
258.633
262.787
247.679
265.135
287.907
261.417
267.292
279.557
266.413
266.025
273.934
285.052
275.937
283.596
309.864
300.503
288.319
292.622
241.564
246.195
266.864
263.623
245.707
239.467
245.06
307.506
308.703
310.873
312.627
307.126
295.276
287.576
287.363
290.44
292
292.432
294.224
295.349
295.838
295.892
296.255
296.156
295.438
294.066
291.757
289.634
289.047
291.045
294.075
296.127
297.081
297.77
298.126
298.128
297.996
298.328
295.029
296.637
299.021
298.023
297.55
296.172
295.99
299.609
299.916
296.435
299.535
298.085
292.956
293.706
293.703
291.929
291.739
292.689
297.885
301.162
295.556
289.435
288.658
290.162
291.871
293.803
295.044
294.565
292.455
289.484
286.26
283.59
283.184
286.321
290.604
292.235
290.393
287.86
286.044
284.757
283.749
284.963
289.244
294.577
298.217
300.036
300.2
299.025
295.902
295.553
297.182
295.833
294.764
296.234
299.518
302.492
302.232
299.947
299.133
299.607
298.58
298.069
297.384
296.728
293.32
289.342
284.803
281.97
282.858
285.19
288.889
292.166
294.16
298.397
300.139
301.188
302.446
303.577
303.135
302.214
300.658
299.006
297.557
299.638
301.2
302.904
304.282
305.863
306.955
306.979
306.906
306.081
305.795
305.36
304.759
303.43
302.197
302.625
302.025
302.329
302.93
301.852
304.652
302.028
304.569
304.791
301.264
305.817
300.988
301.426
304.685
299.156
300.688
305.782
300.182
301.111
308.856
303.231
303.702
312.044
310.425
302.556
287.314
270.534
258.665
264.983
253.9
267.56
293.041
264.824
269.701
288.22
275.206
270.603
275.191
285.628
275.119
287.367
307.128
298.319
295.839
288.021
238.086
255.704
269.907
259.577
242.9
236.884
249.266
306.826
307.122
309.194
312.294
313.257
306.88
297.242
290.135
287.054
286.481
286.488
287.13
288.338
289.151
289.938
290.263
289.78
288.838
287.389
287.06
288.923
292.235
295.96
297.648
298.181
297.797
297.262
295.759
295.584
293.75
294.469
296.383
295.63
295.907
298.318
298.97
301.131
299.008
296.402
298.087
297.987
298.77
300.994
296.64
292.323
292.444
293.174
293.099
291.484
292.357
297.789
299.421
294.118
288.947
288.146
289.87
292.146
294.359
295.273
294.099
291.254
287.916
284.677
282.105
281.935
284.158
286.254
286.617
284.937
283.103
281.892
280.956
282.294
285.922
291.514
295.811
297.7
297.412
296.589
294.045
294.384
297.891
298.368
297.101
297.058
297.892
297.563
294.82
292.078
292.005
292.647
292.689
292.941
292.997
292.291
289.097
284.275
282.078
282.057
284.222
288.985
293.764
296.805
298.873
301.091
301.782
303.118
302.907
302.93
302.155
301.339
299.193
297.328
295.231
296.849
298.435
300.379
302.387
305.305
306.476
306.514
306.619
306.19
306.368
305.433
305.149
303.598
303.482
302.813
302.685
303.506
302.916
304.048
304.632
302.204
305.696
302.043
302.143
303.786
298.915
302.939
301.853
297.579
303.802
302.988
298.99
304.043
309.494
301.376
308.169
317.374
306.666
295.034
278.566
262.479
259.271
265.687
257.786
272.456
295.846
268.98
271.376
292.011
284.114
276.009
278.61
286.583
274.9
290.072
303.298
299.847
299.547
276.198
241.661
264.696
267.996
253.199
240.303
237.087
253.604
305.781
304.053
306.12
308.539
310.946
310.65
306.713
300.885
295.911
292.283
289.362
287.557
286.352
285.974
286.513
286.382
286.88
287.673
289.627
292.939
296.272
297.979
298.082
297.226
296.626
295.971
295.833
295.887
295.462
296.857
296.621
296.437
299.019
299.056
299.001
298.116
297.027
299.231
299.111
299.441
300.241
297.722
299.856
300.853
295.599
291.569
291.449
293.536
292.963
290.368
292.273
297.556
297.827
292.651
288.591
288.375
290.209
292.598
294.568
294.77
292.905
289.998
287.012
283.609
281.275
280.69
281.42
281.998
281.386
280.205
279.693
279.777
281.642
284.254
288.76
293.128
295.778
295.173
295.448
293.53
293.298
295.498
296.297
296.793
297.212
298.679
299.174
295.808
292.914
293.785
295.313
294.893
294.433
293.431
289.763
284.562
280.622
279.992
283.277
288.248
293.361
297.479
300.516
302.377
303.273
303.459
303.535
301.896
300.685
299.375
299.565
297.569
296.166
294.138
294.773
295.888
298.393
300.61
303.907
304.938
305.313
305.875
305.266
306.005
304.697
305.395
304.049
304.614
303.302
304.217
304.447
303.877
305.626
303.654
302.824
304.373
299.654
302.551
301.497
298.493
303.643
298.709
298.957
305.26
299.707
300.059
307.6
307.354
301.721
314.024
318.154
301.372
285.658
270.846
260.504
258.423
268.631
265.028
276.646
296.907
272.594
272.408
293.514
291.587
281.336
284.105
287.91
275.731
291.153
300.089
303.872
301.596
265.478
252.209
271.821
263.782
247.784
239.416
239.649
254.036
304.752
301.686
303.587
306.182
309.269
310.341
310.308
308.515
306.018
302.719
299.301
295.924
293.394
292.111
291.319
291.249
292.177
293.592
295.391
296.976
297.006
296.837
296.438
296.83
296.94
296.916
296.67
296.445
297.118
296.171
297.525
298.055
296.112
298.673
297.635
301.239
299.719
300.042
300.087
297.505
300.428
300.064
299.407
302.015
299.994
294.13
290.862
292
293.833
291.113
289.254
292.981
297.359
296.285
291.389
288.414
288.626
290.664
293.071
294.182
293.759
291.904
289.859
286.881
283.449
280.995
279.69
278.989
278.471
277.596
277.515
278.111
280.877
284.224
287.592
291.509
293.935
293.744
296.292
295.528
293.495
294.054
295.183
296.003
296.364
298.089
296.77
292.687
291.674
293.385
293.54
293.57
293.711
291.435
287.091
282.106
279.752
282.108
287.221
292.511
297.804
300.822
302.466
303.41
302.925
302.217
301.717
300.265
298.428
297.07
296.92
295.519
295.35
293.574
293.91
294.703
296.958
298.821
302.218
303.249
304.317
304.923
304.791
305.826
304.714
306.242
304.796
306.04
303.98
305.677
304.336
304.758
305.045
302.332
303.154
302.423
298.924
303.541
299.587
299.778
303.04
296.91
302.12
304.467
297.8
303.957
308.394
304.581
304.527
316.184
315.127
292.398
276.004
267.313
259.739
256.989
269.109
273.391
280.592
296.203
277.176
274.612
293.195
296.844
284.61
289.798
289.986
277.875
290.986
297.494
308.411
299.447
257.594
265.071
273.086
257.876
245.015
239.952
242.34
250.383
303.737
301.622
302.825
304.191
306.913
306.753
307.612
307.244
307.174
306.477
305.078
302.965
301.201
299.185
297.362
296.28
295.566
295.746
296.009
296.734
297.277
297.634
297.999
297.587
297.16
295.768
296.355
296.003
295.985
297.328
295.172
297.851
298.762
301.134
300.431
299.763
299.989
299.543
301.598
301.112
300.436
301.378
298.435
300.551
302.196
297.322
291.813
290.674
293.581
292.611
288.746
288.816
293.675
297.173
294.963
290.167
287.702
288.807
291.538
293.988
294.415
292.906
291.117
289.059
286.339
283.575
281.49
279.595
278.731
278.311
278.311
278.823
281.098
285
287.604
290.694
292.359
292.488
296.701
296.685
295.344
296.536
298.301
298.605
298.266
299.757
298.152
294.354
292.825
292.566
291.814
291.106
290.347
286.899
281.914
279.434
280.932
285.391
291.772
296.421
300.04
301.761
302.048
302.168
300.789
299.31
298.026
296.3
294.946
294.11
293.789
293.497
293.828
292.525
292.658
293.09
294.92
296.863
300.16
301.609
303.391
303.91
304.534
305.591
305.168
306.751
305.362
306.607
304.264
306.047
303.69
305.016
303.543
301.968
303.49
300.796
300.916
303.66
298.31
301.902
301.094
297.288
305.35
302.377
298.1
308.845
307.244
303.171
309.329
315.094
307.031
284.453
271.972
266.027
259.01
258.127
271.799
279.927
281.579
293.574
283.389
280.461
296.733
301.016
286.632
296.297
290.565
280.608
289.196
296.817
314.344
295.802
257.55
277.357
269.705
253.554
244.009
240.529
242.202
246.872
302.841
301.969
305.329
304.848
306.634
303.644
305.966
303.799
303.486
303.583
303.463
302.69
301.3
299.29
297.503
296.363
295.938
296.21
297.062
297.572
298.075
297.495
296.772
296.27
295.662
296.921
296.292
297.659
296.259
296.843
298.587
299.189
300.488
299.529
300.967
300.713
302.282
300.883
300.229
300.175
299.17
302.55
300.743
299.911
302.846
300.637
294.52
290.261
292.038
293.884
290.251
286.992
289.204
294.249
296.012
293.267
289.813
288.361
289.39
291.925
293.686
293.756
292.75
291.379
289.379
286.467
283.927
281.522
280.226
279.749
280.359
280.583
281.613
285.539
287.395
291.084
292.096
291.468
295.054
295.233
295.312
296.546
296.974
295.791
296.414
298.139
294.528
290.699
291.527
292.883
292.55
293.089
292.045
287.145
282.731
281.542
284.636
290.215
296.395
300.368
302.438
301.851
300.068
298.629
295.995
294.425
293.57
292.177
291.259
290.762
290.667
291.299
291.928
291.42
291.449
291.566
292.848
295.057
298.229
300.492
302.678
303.342
304.562
305.23
305.624
306.598
305.612
306.135
304.17
305.438
303.171
304.761
302.308
302.97
303.41
300.67
303.188
301.813
297.933
302.896
298.952
299.938
306.76
299.762
301.293
311.987
304.5
303.733
314.734
311.338
297.596
279.258
268.221
266.165
259.481
259.529
276.007
284.58
283.131
293.675
290.27
285.081
301.269
304.129
288.272
301.323
291.237
284.681
286.103
298.608
319.494
288.955
263.303
282.688
263.497
251.547
242.959
240.132
242.074
245.208
302.135
300.772
303.085
299.496
302.192
298.798
301.281
299.48
298.808
298.66
298.582
298.165
297.669
296.91
296.336
296.184
296.582
297.09
297.497
297.815
297.125
296.94
296.566
297.087
297.175
297.195
297.32
296.245
297.467
297.397
298.385
298.697
299.914
300.355
300.718
299.784
300.908
300.964
302.069
302.773
300.625
301.63
301.708
299.034
301.621
302.07
297.702
291.635
290.283
293.533
292.473
288.173
286.375
290.056
294.847
295.517
292.025
288.686
288.204
290.167
292.931
293.486
293
292.213
291.356
289.092
286.928
284.811
282.843
281.568
282.659
283.501
283.551
287.196
288.117
292.912
293.281
291.819
293.333
294.003
294.715
295.457
294.796
293.543
295.11
295.747
291.066
288.929
290.182
291.152
291.49
290.62
287.122
282.066
279.569
282.109
288.497
295.107
300.179
302.219
301.894
299.444
296.6
294.475
291.317
289.434
288.465
287.491
287.614
287.846
288.137
289.191
289.896
289.867
289.809
290
291.092
293.477
296.573
299.557
301.791
302.66
304.246
304.533
305.899
305.72
305.6
304.889
304.275
304.497
303.399
304.336
302.456
304.487
302.911
301.485
303.49
299.048
298.72
302.727
298.297
303.901
305.58
298.252
306.569
312.564
301.74
307.471
318.204
306.23
290.406
275.318
266.619
266.487
259.811
260.723
278.645
285.303
283.881
293.871
294.898
289.237
304.816
304.291
289.188
305.479
291.389
288.056
281.677
302.48
323.007
283.326
273.638
281.921
258.73
249.721
240.809
241.25
243.5
243.642
301.231
301.327
300.716
299.736
299.445
299.644
298.835
298.94
298.736
298.411
298.094
297.801
297.369
297.083
297.039
297.134
297.062
297.557
297.749
297.529
297.61
296.738
297.314
296.495
297.049
296.209
296.995
297.277
297.796
298.189
299.473
300.052
301.026
300.442
301.892
302.694
302.296
302.844
300.381
301.047
300.534
301.539
303.605
300.605
300.916
302.831
300.1
293.884
289.831
292.046
293.728
290.508
286.646
286.879
291.25
294.746
293.913
290.634
288.242
288.628
291.274
293.094
293.493
292.925
291.975
290.513
288.715
287.245
285.775
284.017
285.321
286.63
286.345
288.996
288.408
293.758
294.05
292.748
293.939
294.897
294.892
294.562
293.94
293.369
295.41
294.273
290.346
291.004
293.732
294.087
292.778
291.037
286.458
281.999
281.834
286.103
293.105
299.411
302.645
302.54
299.776
295.414
291.556
288.9
286.02
285.004
284.79
284.401
284.944
285.327
285.837
287.013
287.812
288.249
288.236
288.457
289.727
292.371
295.52
298.837
301.06
302.02
303.555
303.684
305.766
304.569
305.44
303.675
304.868
303.909
304.43
304.267
303.931
305.291
301.962
301.984
301.623
296.818
300.552
302.168
299.437
306.631
302.93
299.366
310.557
309.703
299.828
312.896
317.958
299.595
285.388
274.27
266.743
265.611
261.868
261.774
281.872
286.446
286.076
293.833
294.972
291.822
306.949
301.674
290.354
306.815
291.159
290.735
278.425
309.023
325.813
279.434
284.058
276.968
255.527
246.814
239.202
244.347
245.52
240.163
302.388
303.303
302.01
302.378
301.563
301.291
300.432
300.137
299.834
299.617
299.048
298.813
298.43
298.059
297.853
297.566
297.748
297.577
298.15
297.609
297.418
296.706
296.559
296.566
296.856
297.393
297.615
297.717
298.71
298.944
299.785
300.163
301.253
302.113
301.205
301.705
300.926
302.279
301.951
302.966
302.051
300.674
302.781
301.605
300.058
302.454
301.484
296.542
290.581
290.328
293.589
292.256
288.669
286.041
288.031
292.291
294.335
292.315
289.42
287.944
289.433
291.988
293.157
293.619
293.139
292.599
290.84
289.622
288.591
286.542
286.917
288.062
288.259
289.944
288.474
293.479
294.478
294.221
295.421
296.523
295.498
295.503
294.45
293.75
295.697
292.786
288.961
290.412
291.625
291.163
290.385
287.907
283.007
280.48
283.264
290.452
298.5
303.405
303.452
300.227
295.58
290.615
287.156
284.882
282.48
281.854
281.802
281.918
282.856
283.252
283.807
284.838
285.479
286.272
286.733
287.315
288.814
291.579
294.676
297.995
300.092
301.164
302.706
303.093
305.43
303.787
305.317
303.192
306.011
303.945
305.879
304.687
305.426
304.629
300.652
301.525
299.096
296.239
302.828
301.955
301.556
307.557
300.026
301.818
312.201
305.131
300.18
318.937
313.826
294.107
283.15
272.901
267.457
265.717
263.183
262.069
284.787
287.836
288.518
293.916
293.724
294.007
306.825
296.049
291.169
306.213
292.695
290.194
277.964
313.559
319.332
278.404
290.383
269.78
252.95
243.261
241.108
247.382
246.242
235.696
302.915
301.017
300.827
300.194
300.136
299.313
298.972
299.131
299.005
298.908
298.906
298.962
298.972
298.679
298.522
297.928
297.911
297.78
297.736
297.487
297.054
296.763
296.878
297.079
297.264
297.398
297.367
297.996
298.778
299.725
300.281
301.638
300.901
301.629
301.988
303.316
303.051
303.017
301.199
301.337
302.828
301.508
303.421
303.57
300.759
302.101
302.541
298.758
292.385
289.276
292.286
293.186
290.723
287.281
286.543
289.003
292.517
293.11
290.928
288.499
288.621
290.272
291.895
292.65
293.079
293.026
292.279
291.187
290.952
289.509
289.284
290.148
291.289
292.368
289.33
293.57
294.175
294.408
296.25
297.078
296.051
295.793
294.082
294.475
295.427
290.734
289.035
291.821
293.249
292.708
290.587
286.496
281.32
280.452
285.365
293.91
301.202
303.458
300.828
295.709
290.473
286.069
283.396
281.856
280.553
280.847
280.892
280.849
281.47
281.468
281.95
282.898
283.564
284.656
285.55
286.716
288.546
291.203
293.91
297.067
299.063
300.271
301.878
302.877
305.168
303.503
305.403
303.733
307.259
304.297
307.397
305.037
305.9
302.711
299.262
300.141
296.959
297.757
304.849
301.6
303.192
305.949
298.421
304.102
309.435
299.926
302.123
322.39
307.342
290.817
282.624
273.309
268.724
265.613
264.15
263.51
287.246
289.415
289.375
292.172
294.179
299.078
306.42
289.383
291.289
304.914
294.683
287.575
280.267
318.563
312.64
281.954
292.508
262.331
251.724
242.764
247.857
253.068
246.125
235.158
298.948
297.665
298.049
299.21
299.486
298.396
297.833
298.279
298.378
297.998
297.465
297.801
297.99
298.16
297.872
297.548
297.486
297.156
297.356
297.094
297.194
297.044
296.829
297.268
297.377
297.962
298.202
299.484
299.817
300.901
301.157
301.219
302.189
302.845
302.795
303
302.166
302.72
303.506
302.461
303.379
301.569
301.907
303.955
301.776
301.16
303.244
300.624
294.921
289.275
290.979
293.283
291.889
288.799
286.499
287.362
290.894
292.934
291.686
289.051
287.772
289.354
291.589
292.463
293.082
292.975
292.985
291.225
291.265
290.541
290.652
290.705
292.927
293.154
289.926
293.113
293.074
294.051
295.962
296.573
295.366
295.351
293.588
294.479
294.314
289.133
289.212
292.764
293.234
291.413
288.472
283.73
280.065
282.732
290.443
299.822
305.35
303.862
298.102
291.61
286.511
283.329
281.917
281.036
280.135
280.325
280.098
279.972
280.292
279.974
280.346
281.192
282.052
283.622
284.948
286.416
288.335
290.781
293.034
296.045
297.989
299.62
301.386
302.981
305.155
303.624
305.895
304.939
308.294
304.963
308.523
304.779
304.652
300.304
297.574
299.157
295.906
300.732
306.496
301.099
305.387
303.598
297.341
305.089
304.587
297.425
307.777
322.897
301.498
289.801
283.257
274.203
269.524
266.46
265.16
264.345
287.133
290.528
290.306
290.74
295.257
303.947
305.41
284.695
293.903
302.927
296.759
284.585
285.135
320.44
301.966
284.346
288.649
257.307
251.455
243.527
255.039
258.456
248.778
237.991
298.028
296.301
296.805
299.243
300.218
298.179
296.984
298.182
298.923
298.729
297.876
297.916
298.11
297.985
297.864
297.286
297.451
297.094
297.338
297.469
297.332
297.244
297.133
297.583
297.804
298.436
298.965
299.705
300.174
300.608
301.182
302.058
302.067
302.559
303.252
303.426
304.01
302.636
303.039
302.038
303.585
303.882
302.416
304.24
303.464
301.131
303.129
302.044
297.645
290.418
289.777
292.996
292.232
290.088
287.753
287.093
288.552
290.89
292.646
290.913
288.44
288.135
289.551
291.415
292.788
293.433
294.113
292.379
292.75
292.033
292.688
291.391
294.503
294.628
292.061
294.01
292.798
293.971
295.169
294.897
294.288
294.349
292.749
294.566
292.598
288.177
290.688
293.423
292.28
289.396
285.963
281.651
279.439
284.227
293.281
301.418
303.845
299.617
292.907
287.274
283.742
281.875
281.221
280.881
280.549
280.583
279.83
279.486
279.446
279.054
279.671
280.578
281.533
283.424
284.995
286.586
288.325
290.149
292.037
295.043
297.192
299.244
301.471
303.574
305.233
304.105
306.834
306.169
308.793
305.542
308.748
303.574
302.247
298.46
295.915
298.229
296.835
303.114
307.396
300.53
305.143
301.122
297.845
305.546
300.668
298.141
315.814
320.466
297.335
290.854
285.122
275.792
271.205
266.952
265.616
265.628
284.85
290.546
289.743
289.852
297.259
306.911
303.872
285.792
298.161
303.592
300.546
279.861
290.372
321.019
294.507
292.578
284.537
252.081
252.663
246.098
263.601
260.665
253.807
242.094
295.337
295.332
296.791
300.437
301.292
298.98
297.026
297.827
298.87
298.806
298.086
298.017
298.363
298.155
298.196
297.561
297.8
297.328
297.585
297.473
297.385
297.443
297.305
297.779
297.848
298.868
299.027
300.203
300.812
301.719
302.205
302.137
303.004
303.599
304.241
303.322
303.714
303.476
304.523
303.392
302.709
303.788
301.804
302.997
304.174
301.482
302.385
303.276
299.814
292.822
288.889
292.187
292.802
290.699
288.759
286.831
287.44
289.803
290.979
290.13
288.923
287.987
289.251
290.263
291.73
292.625
294.051
292.922
293.011
292.367
293.616
291.467
295.307
294.915
293.235
293.648
292.322
293.625
293.81
293.641
293.275
293.299
292.127
294.102
291.121
288.286
291.452
293.259
291.857
288.977
285.167
280.834
280.742
288.473
299.125
305.536
303.901
296.784
289.559
284.714
282.514
281.805
281.549
281.143
280.702
280.323
279.444
279.428
279.45
279.137
279.953
280.861
281.972
283.797
285.194
286.596
287.847
289.269
290.838
294.189
296.785
299.404
301.848
304.328
305.477
304.553
307.819
307.225
308.931
305.971
307.952
301.851
299.362
296.727
295.084
297.951
298.399
306.104
306.281
300.109
306.554
299.116
298.784
305.993
299.743
303.164
322.223
316.494
295.345
293.213
287.733
277.87
272.103
267.896
265.971
266.464
281.267
291.714
289.666
289.035
297.015
305.469
302.988
292.439
306.06
305.091
302.748
277.917
298.701
320.098
291.903
298.231
277.654
247.151
255.215
248.885
272.425
263.261
258.032
248.075
298.172
298.254
298.438
300.258
300.473
299.61
298.401
298.331
298.553
298.71
298.348
298.302
298.299
297.97
298.087
297.637
297.897
297.423
297.58
297.517
297.564
297.709
297.555
298.086
298.369
299.383
299.846
300.683
301.195
301.118
302.086
302.633
303.357
303.241
304.06
303.784
304.509
303.357
303.25
304.293
303.025
304.878
303.799
303.004
305.042
302.786
301.736
303.835
301.612
295.624
289.38
290.381
293.404
291.174
289.303
287.912
286.437
287.544
290.39
291.25
289.307
287.337
287.816
288.748
291.045
291.51
293.573
293.284
292.861
291.913
293.958
291.234
294.595
293.917
293.862
294.616
293.448
294.211
293.427
292.721
292.514
292.336
291.634
293.68
289.462
288.327
292.478
293.352
290.305
285.992
281.905
279.068
281.911
291.724
301.729
304.562
299.597
291.762
285.844
282.971
282.095
281.961
281.823
281.538
281.294
280.822
280.109
280.271
280.364
280.352
281.247
281.964
282.775
284.405
285.37
286.264
287.212
288.073
290.101
293.94
296.998
300.18
302.587
304.891
305.065
305.328
308.673
307.057
308.612
305.705
305.554
299.758
296.077
295.765
293.853
300.045
299.261
306.597
307.629
297.058
305.35
298.175
299.336
308.374
300.256
309.442
325.665
312.344
295.213
296.864
290.987
280.063
273.46
268.858
266.315
266.749
276.409
293.04
290.045
290.205
296.52
302.167
304.285
303.129
315.477
309.283
303.291
276.828
305.906
315.095
289.038
298.216
270.007
251.177
262.81
253.396
272.79
263.194
264.545
251.662
297.133
296.558
297.449
298.581
298.061
298.245
298.636
298.773
298.325
298.378
298.455
298.427
298.325
297.866
298.005
297.772
298.007
297.682
297.865
297.718
297.959
297.973
298.216
298.582
299.362
300.004
300.507
300.889
301.133
302.178
302.95
303.411
304.264
304.4
304.77
303.889
304.126
305.139
304.185
304.827
302.892
303.167
304.027
302.489
304.774
304.232
302.046
303.296
303.233
298.594
291.463
288.877
292.644
292.697
289.364
288.603
288.153
287.128
287.935
289.435
289.432
288.254
287.515
287.539
289.652
289.741
292.476
293.647
292.726
292.506
295.383
291.659
294.088
293.198
294.768
294.726
293.182
293.943
292.467
292.157
292.104
291.462
291.39
292.652
287.914
289.651
293.408
292.313
288.545
284.946
281.791
280.682
286.609
298.055
306.154
303.987
295.65
287.973
283.478
282.257
282.412
282.411
282.219
281.979
281.745
281.551
281.496
282.239
282.225
282.17
282.969
283.155
283.548
284.51
284.908
285.644
286.159
287.265
289.846
294.542
298.208
300.952
303.382
304.886
304.397
305.648
308.395
306.97
307.777
304.95
303.206
297.679
293.332
296.619
293.976
300.743
303.541
304.542
309.385
298.132
300.581
293.275
293.317
308.8
302.563
311.787
324.808
309.352
296.4
301.216
294.547
282.335
274.806
269.87
266.69
266.65
273.355
296.265
290.465
291.492
296.139
299.211
306.354
313.188
320.451
311.652
299.05
278.628
314.725
310.738
291.227
299.079
261.968
246.724
273.283
257.495
267.44
262.007
267.585
258.945
297.788
297.879
298.391
298.749
298.626
298.756
298.887
299.081
298.778
298.623
298.508
298.354
298.472
298.145
298.119
297.796
298.102
297.933
298.043
297.86
298.147
298.651
298.828
299.776
299.865
300.856
300.732
301.454
302.015
302.578
303.291
303.942
304.232
303.838
304.024
304.853
304.19
304.722
303.879
304.659
304.718
303.654
305.635
303.58
304.267
305.879
303.276
302.516
304.139
301.253
294.651
289.329
290.23
293.305
291.148
288.409
288.259
286.865
286.214
288.245
289.233
288.537
287.291
286.681
288.785
287.737
290.644
292.473
290.886
292.284
294.069
290.959
292.614
291.996
293.592
293.043
293.528
294.848
292.786
292.595
291.598
290.577
291.231
291.239
287.342
291.219
293.421
290.942
286.692
283.345
280.54
281.789
290.702
301.908
306.17
299.902
291.135
285.823
283.208
282.804
282.943
282.563
282.711
283.222
283.573
283.783
283.845
284.35
283.962
283.835
283.987
283.776
283.807
284.198
284.329
284.966
285.752
287.413
291.04
296.324
299.657
302.149
303.153
303.491
303.082
305.669
307.401
305.113
305.78
302.79
298.997
295.898
291.539
296.01
296.865
299.727
307.114
305.427
306.508
298.392
299.927
293.275
287.612
305.366
307.023
310.899
319.123
307.504
298.777
305.731
298.543
285.116
276.459
270.776
266.963
265.947
271.418
300.124
292.787
294.62
297.02
297.493
307.547
316.199
320.094
308.575
292.801
286.945
323.712
306.253
297.846
293.097
258.623
253.887
279.153
254.696
261.183
264.206
262.974
256.331
297.991
298.461
298.906
298.81
298.609
298.476
298.129
298.219
298.307
298.149
298.013
297.978
298.293
298.17
298.04
297.793
298.095
298.227
298.297
298.503
298.665
299.612
299.791
300.531
300.548
301.206
301.444
302.416
302.474
303.663
304.013
304.167
304.464
305
304.898
305.072
304.879
305.125
305.259
304.273
304.859
303.31
304.601
304.626
303.205
305.841
304.965
302.043
304.06
303.575
298.472
291.995
289.098
291.516
292.339
289.388
287.535
288.145
287.941
286.321
286.683
288.284
287.388
286.297
287.331
285.642
287.985
290.298
288.525
291.258
292.309
292.08
292.671
292.717
293.229
293.424
294.68
294.267
291.435
291.507
290.372
290.1
291.032
289.76
287.709
292.911
292.968
289.391
284.916
282.493
281.189
286.333
298.273
307.04
304.598
294.604
286.648
283.271
282.33
282.913
283.41
283.289
284.05
284.902
285.336
285.847
285.924
285.859
285.298
285.454
285.528
285.03
284.953
284.915
285.029
285.915
287.12
289.502
293.867
298.975
300.838
301.567
301.938
301.41
301.367
304.853
304.798
303.617
304.854
300.998
295.882
294.927
291.41
296.018
300.667
300.916
305.917
304.438
305.725
297.201
300.563
301.065
287.926
297.672
308.124
309.8
312.136
303.806
300.932
309.725
302.192
287.711
277.772
271.73
267.404
265.318
270.538
300.599
294.441
297.417
299.405
296.98
305.904
311.887
311.755
304.823
290.184
298.033
329.901
303.156
299.428
286.512
256.973
261.852
285.713
263.515
262.123
266.259
256.89
252.101
298.096
298.295
298.074
298.153
298.118
298.054
298.029
298.362
298.322
298.267
298.261
298.434
298.687
298.653
298.567
298.58
298.77
299.11
299.44
299.455
300.071
300.367
300.67
301.225
301.018
302.082
302.05
303.593
303.641
304.193
304.301
304.473
304.916
304.236
305.386
304.957
305.756
304.819
305.167
305.019
305.421
305.768
305.084
306.181
304.758
304.621
306.36
303.126
302.109
304.64
302.858
295.502
290.382
290.352
291.636
290.985
289.112
287.705
285.282
284.86
286.053
287.258
287.208
287.228
288.742
286.527
287.098
289.803
286.923
289.921
289.777
291.638
290.873
292.038
290.943
291.798
292.238
291.575
290.401
291.749
290.137
289.973
290.358
288.544
289.406
294.503
291.51
286.828
283.461
283.035
283.666
292.26
304.034
307.639
300.036
290.388
285.691
283.882
283.167
283.493
284.153
284.835
286.24
287.097
287.357
287.757
287.709
287.962
288.089
288.876
289.185
289.017
288.881
288.72
288.852
289.84
291.034
293.41
297.351
300.931
301.075
300.067
298.509
297.13
299.257
302.795
301.863
301.448
300.454
298.401
292.268
293.351
294.455
296.855
300.686
300.271
305.733
301.025
305.604
302.717
300.055
307.223
293.917
292.856
304.384
303.83
304.895
298.589
300.214
312.517
306.138
290.426
279.104
272.609
267.479
265.018
269.473
295.143
296.575
299.803
303.091
297.824
303.376
303.046
302.242
297.808
291.874
307.738
325.37
293.68
300.042
276.846
256.187
261.2
288.181
281.819
267.99
269.874
255.072
258.352
298.135
297.656
297.704
298.256
298.216
298.324
298.315
298.681
298.735
298.853
298.869
298.968
299.269
299.3
299.499
299.406
299.83
299.866
300.353
300.436
300.575
300.979
301.142
301.886
302.006
302.797
303.287
304.042
304.004
304.306
304.959
304.121
305.68
305.204
306.525
305.569
306.011
306.111
306.064
306.269
304.98
305.504
304.72
304.899
306.123
304.693
305.623
305.966
302.177
302.836
305.491
300.642
292.491
289.7
291.821
291.843
289.162
287.154
287.142
288.307
283.601
284.784
284.732
285.569
287.974
285.933
288.179
290.558
287.866
290.255
289.171
291.738
290.61
292.806
290.381
292.243
291.653
291.398
290.566
290.932
288.329
289.5
289.633
289.076
292.154
294.471
288.796
284.938
283.774
284.765
287.778
299.417
308.232
305.399
294.815
286.933
284.269
283.274
283.493
284.48
286.152
287.134
287.761
287.962
288.924
290.115
290.517
291.887
292.386
293.342
293.682
293.424
293.5
292.998
293.466
293.825
294.481
296.263
299.167
301.006
298.347
296.919
294.788
294.38
296.846
298.875
298.658
297.783
299.842
296.507
288.177
296.418
296.364
292.587
299.072
299.593
307.739
304.691
306.113
311.367
303.789
307.383
299.802
290.584
300.463
298.197
295.179
296.069
304.281
316.856
308.22
291.272
279.558
273.08
268.09
264.69
266.78
284.49
298.543
300.638
307.119
299.76
300.171
295.107
294.565
297.284
298.069
319.871
316.55
292.217
305.253
266.495
256.279
273.095
286.177
283.484
266.794
268.449
254.609
265.217
298.358
298.228
298.416
298.859
298.974
298.923
299.129
299.326
299.549
299.58
299.777
299.752
300.043
300.053
300.358
300.368
300.395
300.778
300.945
301.097
301.4
301.501
302.194
302.747
302.9
303.715
303.562
303.838
304.416
304.578
305.194
305.324
306.526
305.754
306.335
306.1
306.534
306.357
305.346
306.003
305.289
305.871
305.801
304.918
305.47
305.713
304.603
306.18
304.673
302.316
303.957
304.122
298.17
289.721
289.814
291.661
291.901
290.162
286.442
286.021
283.103
286.641
282.481
285.049
285.648
283.509
286.679
288.232
287.368
288.658
289.061
291.692
291.937
292.795
289.32
290.69
287.987
288.592
287.955
289.028
288.105
290.414
289.958
291.122
293.721
292.323
285.913
284.261
285.431
287.355
293.08
305.833
309.003
301.267
291.16
285.799
283.913
283.238
284.277
285.739
287.774
288.153
288.76
289.559
291.737
293.066
293.38
294.006
293.2
293.807
294.312
293.905
294.284
293.865
293.707
294.874
294.362
295.716
298.063
298.563
295.222
291.977
288.933
289.47
294.237
297.087
295.808
296.348
298.259
291.036
290.116
297.837
293.99
295.632
302.994
305.053
309.36
306.423
306.298
309.823
302.467
300.77
298.717
289.105
296.313
295.506
288.551
290.859
303.003
316.145
307.194
290.548
279.924
273.587
268.589
264.979
264.66
276.441
302.237
300.919
310.29
304.054
299.083
292.293
288.943
295.327
303.472
321.578
313.578
294.488
300.41
262.091
263.626
285.945
286.278
277.581
269.062
268.218
251.103
259.29
298.967
298.967
299.144
299.266
299.491
299.587
299.896
299.975
300.136
300.388
300.443
300.683
300.6
300.942
301.014
301.157
301.311
301.47
301.746
302.075
302.283
302.697
302.917
303.159
303.54
303.712
303.856
304.386
304.796
305.4
306.114
306.202
306.606
306.212
306.942
306.376
306.203
306.526
305.872
306.443
305.691
306.006
305.872
305.792
305.598
305.779
305.525
305.484
305.916
304.71
302.816
304.103
303.131
295.761
290.868
287.467
292.655
292.529
287.637
286.737
285.37
283.973
280.934
286.353
284.619
283.469
286.56
288.079
287.467
287.963
288.511
290.265
290.578
288.826
286.552
287.128
285.239
288.21
288.096
289.76
288.705
290.764
290.886
293.265
293.272
288.886
283.725
285.428
288.465
291.673
300.23
310.778
306.255
296.126
287.829
284.534
283.794
284.496
286.222
287.994
289.654
289.319
290.747
291.628
292.935
292.59
291.749
290.551
289.543
291.771
292.972
294.457
294.925
294.204
294.236
292.406
293.835
292.169
294.699
295.135
291.728
289.423
285.47
286.059
288.763
291.938
290.244
295.215
294.233
290.197
291.369
294.408
298.032
304.421
300.731
298.728
299.998
295.441
294.496
296.98
291.395
291.067
296.226
285.175
288.093
294.153
285.059
282.044
298.049
314.319
306.191
290.504
280.371
274.167
269.254
265.157
263.05
273.758
306.451
301.265
312.67
309.798
301.06
291.518
292.787
298.529
310.039
315.599
300.17
294.476
286.007
258.098
271.721
284.876
284.902
275.085
271.296
267.085
253.106
252.372
299.703
299.792
299.906
300.134
300.264
300.56
300.645
300.945
301.032
301.28
301.335
301.544
301.582
301.798
302.018
302.152
302.325
302.403
302.693
302.933
303.328
303.274
303.866
303.811
304.321
304.741
304.921
305.577
305.851
306.335
306.449
306.577
306.781
306.347
306.594
306.505
306.391
306.483
306.09
306.776
305.746
306.241
305.682
305.391
306.27
305.361
306.282
305.532
305.813
306.445
303.668
304.267
303.048
302.369
297.336
288.959
289.825
289.533
292.104
291.589
289.827
282.418
281.934
283.611
281.659
280.914
284.017
285.816
286.643
286.196
285.762
287.215
286.596
284.836
284.549
284.373
284.619
287.399
286.866
288.625
288.832
293.018
293.621
294.097
289.79
284.779
283.815
289.554
292.934
297.001
306.908
311.611
300.833
292.138
286.154
284.105
284.091
285.774
287.18
288.996
290.43
290.388
291.519
290.307
290.396
288.897
286.783
284.997
287.05
290.771
294.473
296.919
299.967
298.941
297.594
296.248
292.29
291.8
291.816
289.052
289.34
284.245
282.82
283.981
287.705
290.616
287.073
295.168
293.075
289.594
289.317
298.6
298.754
292.303
283.39
281.555
286.842
286.91
285.168
289.686
285.565
286.05
295.393
284.105
283.697
296.366
287.281
280.872
298.165
312.753
304.849
290.515
280.534
274.337
269.502
265.882
263.122
272.901
305.816
301.812
313.845
314.414
305.592
298.038
298.442
306.311
317.335
314.719
282.87
296.52
293.766
259.26
272.279
278.744
280.298
272.366
271.382
263.583
248.456
257.7
300.531
300.698
300.955
301.117
301.316
301.46
301.729
301.776
301.967
302.065
302.271
302.596
302.616
302.899
302.941
303.214
303.479
303.453
303.916
303.788
304.288
304.492
304.724
305.136
305.415
305.76
306.037
306.413
306.22
306.51
306.452
306.473
306.446
306.546
306.572
306.413
306.587
306.609
306.253
306.677
305.861
306.436
306.173
305.915
306.585
305.802
306.866
305.616
306.281
306.461
305.038
305.825
303.143
305.413
301.917
296.21
291.186
287.933
288.715
289.228
290.84
287.637
289.281
285.766
282.206
278.696
279.237
279.119
279.216
277.124
277.346
278.132
277.99
279.049
280.5
281.221
283.928
286.464
288.416
291.404
293.435
296.415
292.543
289.211
284.294
283.847
288.011
295.416
297.405
303.123
312.046
307.882
294.694
289.562
284.842
283.826
284.821
287.304
288.931
291.34
291.068
288.606
287.281
285.461
286.868
283.91
280.113
280.139
284.791
289.744
293.64
298.719
301.278
303.283
303.817
301.74
300.931
294.314
293.749
294.378
288.592
287.283
281.227
279.912
286.028
284.609
288.518
294.303
290.003
290.1
291.783
300.319
290.719
281.92
278.68
279.016
285.858
285.521
284.064
288.453
280.763
283.967
294.958
281.874
279.919
301.222
294.829
275.052
285.749
304.584
301.214
289.453
280.253
274.146
270.152
266.919
263.584
269.69
297.241
302.139
311.437
316.86
310.013
308.94
311.379
313.926
319.48
311.938
291.515
304.496
296.338
259.41
268.155
277.117
280.775
276.549
272.832
266.825
249.192
258.356
301.629
301.79
301.976
302.097
302.284
302.49
302.65
302.905
302.981
303.249
303.35
303.497
303.792
303.835
304.115
304.205
304.367
304.634
304.755
304.982
305.24
305.358
305.645
305.786
305.973
306.139
306.422
306.519
306.568
306.829
306.643
307.001
306.745
306.876
306.877
306.681
306.746
306.422
306.497
306.481
306.155
306.371
305.896
306.187
306.019
305.799
306.766
305.671
306.941
306.133
306.004
306.355
305.284
306.157
303.759
301.984
296.672
294.018
289.27
288.4
287.86
289.301
289.66
288.96
286.187
283.471
281.851
281.595
279.135
277.314
277.017
278.087
279.839
283.347
284.341
286.92
290.237
292.312
294.556
294.599
294.514
292.011
285.995
284.953
285.051
289.444
296.159
302.091
302.395
309.387
312.537
300.507
290.407
288.854
283.631
284.033
285.956
288.895
290.79
292.025
287.429
283.089
282.884
282.999
282.705
275.596
272.658
277.342
285.102
291.815
297.243
300.635
300.553
305.02
305.046
306.838
305.378
302.576
298.128
292.251
294.707
287.882
284.518
284.347
283.328
282.849
287.786
290.861
290.048
292.427
293.669
299.344
287.746
280.309
279.336
281.213
285.601
284.275
281.027
282.348
276.981
283.978
292.365
275.488
270.135
288.55
283.094
268.903
283.234
302.613
298.953
288.343
279.692
273.984
270.156
267.516
263.272
264.585
286.311
306.298
306.956
316.924
313.146
310.176
314.632
310.553
308.621
297.704
315.157
318.824
286.975
268.455
262.025
276.779
279.418
277.922
273.843
270.843
251.646
254.856
302.605
302.781
302.984
303.106
303.277
303.459
303.633
303.784
304.002
304.157
304.419
304.514
304.683
304.887
304.996
305.196
305.343
305.518
305.692
305.947
306.027
306.177
306.409
306.398
306.74
306.735
306.876
306.987
306.995
307.186
307
307.2
306.88
306.943
306.638
306.525
306.551
306.127
306.287
305.908
306.083
305.896
305.576
305.952
305.522
305.93
305.864
305.893
306.426
306.121
306.476
306.085
307.123
306.403
305.593
304.123
302.688
301.871
297.582
294.7
290.14
289.297
286.574
287.787
285.7
287.427
285.693
286.495
284.053
285.933
285.193
287.698
288.423
290.27
289.788
293.046
292.845
292.855
291.722
289.623
289.288
285.981
286.003
290.059
292.842
298.136
304.671
305.91
305.651
312.87
307.047
293.324
289.151
288.986
282.117
283.314
286.594
291.402
291.814
288.72
280.924
278.995
279.444
277.692
273.949
269.82
275.601
288.362
298.989
307.963
310.105
311.241
310.084
306.959
305.736
307.922
307.888
310.897
304.46
303.683
296.906
294.022
285.814
281.705
288.509
281.845
291.622
293.138
290.531
290.716
298.882
299.9
283.44
275.627
277.127
281.185
283.823
280.286
278.812
275.645
274.23
283.487
281.13
263.794
268.926
293.468
286.966
270.361
283.962
300.775
295.698
286.511
278.217
273.191
270.426
268.406
263.104
261.224
279.459
313.436
302.982
313.493
309.391
315.335
310.557
303.42
306.812
290.972
314.322
317.648
289.127
278.979
262.948
280.344
280.314
282.582
273.144
272.128
252.333
251.901
303.406
303.613
303.772
303.955
304.145
304.329
304.576
304.71
304.928
305.079
305.271
305.412
305.598
305.708
305.896
306.048
306.153
306.352
306.381
306.484
306.615
306.689
306.777
306.912
306.935
306.987
307.015
306.962
306.944
306.841
306.726
306.697
306.375
306.309
306.033
305.987
305.738
305.482
305.513
305.137
305.485
305.034
305.211
304.97
305.013
305.292
305.054
305.636
305.342
306.097
305.745
306.192
306.718
306.905
306.707
305.38
306.095
305.814
305.108
301.576
298.369
295.145
292.255
290.259
288.453
287.848
285.796
286.12
285.489
286.9
286.462
288.699
287.955
288.535
288.907
289.906
287.287
288.152
287.317
288.988
290.775
290.706
296.167
299.297
300.81
306.182
309.03
305.273
308.15
311.654
297.773
289.296
289.918
287.923
277.981
280.564
289.356
293.991
288.955
283.268
277.066
277.524
275.276
274.237
274.5
281.682
295.547
308.549
312.739
315.253
317.093
318.571
316.454
313.798
311.499
309.171
309.325
308.329
305.65
301.628
297.219
295.256
293.083
291.628
281.285
286.231
294.799
291.145
295.876
285.654
310.226
292.503
275.677
274.176
281.09
282.24
279.225
273.941
270.623
270.785
274.069
279.347
274.561
265.561
276.454
284.703
268.763
263.519
286.128
296.901
289.79
283.073
276.039
271.968
270.318
268.497
262.633
259.606
274.795
309.524
297.264
308.698
303.4
313.599
309.933
303.772
308.373
308.375
302.975
314.264
292.71
278.13
262.726
281.941
279.053
280.725
273.347
274.057
258.66
250.388
303.821
303.988
304.169
304.339
304.498
304.698
304.871
305.04
305.234
305.361
305.562
305.662
305.812
305.915
306.042
306.109
306.239
306.279
306.379
306.44
306.395
306.511
306.414
306.516
306.481
306.508
306.418
306.321
306.142
305.942
305.792
305.543
305.382
305.209
304.947
304.835
304.588
304.413
304.216
303.984
304.119
303.776
304.073
303.542
303.996
303.736
304.281
304.307
304.492
305.008
304.709
305.716
305.251
306.691
306.017
306.751
306.285
307.275
307.359
306.231
304.96
302.892
301.466
298.658
297.248
294.281
293.756
291.018
290.948
289.563
290.373
289.908
290.445
290.882
291.745
289.927
291.54
293.793
295.255
298.78
299.431
301.411
306.509
305.16
307.286
311.171
307.051
304.412
310.367
303.643
288.924
288.705
290.435
284.452
271.26
279.62
294.171
291.589
283.451
276.632
274.064
277.463
279.665
282.129
288.799
300.001
308.874
305.081
302.709
307.243
309.412
312.233
315.517
317.639
316.985
314.584
311.766
309.858
308.932
305.496
302.37
292.512
288.492
282.924
289.898
298.889
290.371
298.455
287.12
285.79
312.242
276.804
269.686
277.4
281.296
276.112
271.617
270.455
274.66
277.977
281.369
283.368
283.773
284.827
284.067
274.801
265.695
273.979
290.544
289.704
283.725
280.203
273.565
269.959
269.466
268.624
262.748
257.575
265.689
292.008
295.368
297.664
308.605
304.428
304.088
301.332
301.208
312.151
293.589
311.193
298.08
280.505
263.229
277.294
276.133
280.23
273.271
270.772
259.838
249.17
303.226
303.373
303.516
303.671
303.827
303.976
304.143
304.289
304.435
304.561
304.691
304.786
304.92
304.954
305.071
305.096
305.146
305.155
305.138
305.139
305.086
305.076
304.988
305.03
304.894
304.889
304.633
304.549
304.291
304.08
303.871
303.639
303.486
303.205
303.097
302.813
302.669
302.433
302.201
301.993
301.843
301.83
301.797
301.712
301.706
301.685
302.054
302.155
302.646
302.611
303.126
303.214
303.64
304.263
304.451
305.403
305.241
306.482
306.44
307.368
306.914
307.19
306.215
306.034
304.679
304.164
302.899
301.624
301.583
299.889
300.696
299.846
300.714
300.247
300.872
300.896
304.679
302.872
306.288
306.718
306.641
308.99
309.303
305.587
310.272
307.518
301.451
304.936
305.507
291.373
284.726
293.234
288.445
275.468
267.161
284.011
296.164
285.952
277.621
274.049
282.505
284.976
285.365
286.81
298.87
307.736
300.453
296.78
305.731
311.272
309.228
310.944
314.379
315.045
312.39
308.91
306.442
304.027
300.886
298.245
298.373
297.069
301.125
299.423
301.891
293.128
297.636
291.315
281.872
323.964
284.858
261.839
273.506
280.385
275.5
272.061
275.798
280.184
284.912
287.796
284.814
280.893
278.963
283.258
285.349
282.789
278.473
281.434
285.31
281.686
279.136
277.275
270.133
266.857
266.612
266.957
262.196
254.953
255.989
275.824
301.915
288.699
299.156
304.634
301.738
298.545
291.201
289.95
291.559
302.106
298.945
282.988
270.777
280.437
276.79
277.3
274.796
270.179
258.881
245.043
301.319
301.409
301.525
301.627
301.755
301.855
301.991
302.094
302.22
302.297
302.4
302.469
302.524
302.569
302.559
302.58
302.523
302.499
302.409
302.35
302.234
302.176
302.094
302.048
301.986
301.896
301.753
301.633
301.435
301.205
300.975
300.742
300.559
300.318
300.207
299.956
299.813
299.545
299.384
299.142
298.933
298.882
298.901
299.006
298.942
299.064
298.986
299.477
299.478
300.082
300.013
300.26
300.651
300.543
301.52
301.553
302.419
302.894
303.645
304.234
305.273
305.364
306.513
306.403
306.738
307.354
306.398
307.706
306.214
307.228
306.833
306.719
306.61
307.387
306.39
308.326
306.439
306.38
308.853
304.72
306.388
306.276
302.913
302.594
305.653
296.445
299.318
300.514
293.762
284.16
286.472
299.741
275.623
268.336
270.018
286.47
295.047
276.122
277.738
284.222
284.295
279.746
286.471
292.895
302.3
302.914
293.049
298.376
312.275
312.853
308.047
311.385
312.036
307.788
305.27
305.835
307.577
307.491
307.923
306.12
304.047
298.232
296.462
295.3
295.999
293.318
296.815
287.758
303.791
305.496
254.284
263.125
279.888
276.143
271.989
275.366
281.37
281.239
277.151
268.175
265.324
270.853
269.229
273.774
279.893
279.488
274.777
277.624
277.411
274.881
277.274
273.27
266.244
263.377
261.891
262.087
260.148
253.888
250.247
256.854
276.598
277.165
290.048
301.848
302.888
300.175
288.175
274.968
281.902
282.108
285.451
290.226
281.734
284.478
277.205
274.806
271.917
267.156
261.531
242.043
298.411
298.457
298.505
298.57
298.659
298.714
298.83
298.9
299.043
299.098
299.225
299.272
299.348
299.357
299.336
299.313
299.204
299.155
298.965
298.903
298.671
298.628
298.47
298.451
298.381
298.319
298.267
298.132
298.074
297.827
297.672
297.414
297.29
297.079
297.028
296.877
296.798
296.659
296.504
296.446
296.147
296.125
295.989
296.037
296.216
296.064
296.334
296.145
296.447
296.76
296.654
297.286
296.973
297.426
297.757
297.816
298.743
299.054
299.464
300.892
300.612
302.257
302.594
302.718
304.617
303.466
304.983
304.97
304.51
305.547
304.452
304.468
305.198
302.962
303.246
303.528
300.363
302.837
299.362
299.058
299.798
297.653
294.995
298.937
292.131
293.28
293.634
291.313
288.274
280.411
294.402
295.24
271.28
266.63
265.387
269.39
277.561
290.549
282.967
276.578
279.447
291.669
291.03
278.74
284.387
286.477
287.576
294.623
301.265
300.296
300.166
309.797
311.202
304.973
306.188
308.084
307.344
305.245
304.587
303.106
303.621
302.779
301.685
298.529
291.384
301.173
292.233
292.918
304.199
260.744
250.543
271.979
280.331
273.158
271.067
274.965
277.911
273.925
271.395
266.416
267.997
271.327
269.167
267.49
272.521
270.477
270.084
274.337
271.291
272.788
277.247
267.457
261.932
260.621
257.913
255.137
255.085
252.209
249.249
244.659
242.929
247.132
277.742
293.106
296.822
298.617
289.162
273.165
277.41
267.588
261.802
272.994
275.998
279.101
278.611
273.692
270.429
264.143
258.835
238.086
295.37
295.394
295.399
295.453
295.496
295.552
295.62
295.699
295.819
295.886
296
296.042
296.131
296.115
296.138
296.066
296.013
295.909
295.762
295.644
295.427
295.373
295.177
295.204
295.059
295.086
294.953
294.934
294.837
294.719
294.602
294.409
294.372
294.196
294.228
294.112
294.142
294.044
293.992
293.963
293.784
293.781
293.464
293.614
293.359
293.672
293.577
293.695
293.935
293.784
294.338
294.052
294.585
294.525
294.855
295.026
295.486
295.607
296.388
296.585
297.044
298.092
297.486
299.237
298.561
299.411
299.718
299.497
299.528
299.615
298.583
298.664
297.613
296.804
297.239
294.303
296.439
293.961
293.407
293.939
292.328
290.328
290.702
289.005
287.678
286.868
288.495
287.77
284.334
278.84
298.732
288.321
278.559
264.378
252.103
258.047
281.216
275.86
279.47
291.703
277.391
287.615
288.842
281.081
285.165
285.049
290.226
291.883
293.795
295.152
296.187
306.359
310.822
302.088
301.555
303.329
301.571
301.07
298.772
297.153
297.428
298.518
301.572
301.246
287.557
301.095
294.972
297.318
279.055
251.081
253.036
277.326
278.597
272.928
270.376
273.636
276.327
268.776
261.82
258.309
266.558
268.246
265.853
267.165
268.546
267.496
269.084
269.538
270.491
276.582
272.736
261.181
258.082
257.328
254.856
249.898
249.353
248.254
247.441
245.569
243.119
243.274
250.635
284.279
288.487
295.02
287.293
256.751
273.628
264.397
259.356
258.381
262.136
275.902
282.807
269.686
265.763
264.399
255.747
240.471
292.7
292.682
292.691
292.694
292.721
292.734
292.76
292.81
292.871
292.942
292.989
293.059
293.093
293.139
293.14
293.142
293.089
293.041
292.939
292.84
292.684
292.59
292.465
292.406
292.309
292.255
292.19
292.134
292.13
292.055
292.07
291.924
291.947
291.843
291.826
291.843
291.744
291.89
291.704
291.883
291.739
291.732
291.667
291.46
291.501
291.387
291.471
291.711
291.728
292.094
292.152
292.06
292.589
291.993
292.69
292.574
292.301
293.54
292.387
293.829
293.655
293.485
294.951
293.712
295.194
294.851
294.494
295.149
294.653
293.222
294.695
292.006
292.843
292.154
290.582
291.925
290.553
289.17
289.893
288.462
285.531
285.083
285.752
282.369
283.962
286.092
284.678
283.511
281.919
284.897
300.538
294.256
272.711
261.361
266.421
255.169
262.284
279.341
288.968
275.97
282.094
295.48
294.041
286.21
281.284
276.658
285.122
292.44
289.282
288.5
292.618
300.291
307.079
301.504
296.136
298.108
297.632
298.271
295.707
295.603
296.908
296.543
290.562
295.105
298.541
287.017
292.223
299.418
269.41
251.824
253.45
279.04
278.923
275.196
268.12
267.217
269.729
261.941
261.748
275.2
282.224
270.127
263.786
268.632
266.012
266.753
265.492
268.847
273.887
275.251
264.136
257.638
256.613
253.894
250.744
246.621
245.159
245.27
244.774
243.405
242.949
252.205
244.726
282.05
283.115
289.545
282.98
231.012
270.168
266.028
265.428
262.63
261.478
281.389
278.983
263.637
264.618
262.45
249.824
244.058
290.44
290.412
290.404
290.382
290.387
290.357
290.37
290.376
290.421
290.451
290.502
290.548
290.587
290.65
290.664
290.717
290.676
290.698
290.617
290.594
290.457
290.395
290.279
290.21
290.124
290.042
290.024
289.964
290.032
289.977
290.096
290.008
290.116
290.018
290.106
290.036
290.025
290.097
289.967
290.16
289.972
290.116
289.961
289.89
289.951
289.696
290.012
289.856
290.202
290.362
290.434
290.711
290.546
290.713
290.618
290.582
290.782
290.513
290.917
290.755
290.868
291.278
290.951
291.506
291.486
291.528
291.678
291.228
291.03
290.819
289.745
289.994
289.041
288.747
288.264
288.364
286.663
286.882
285.392
282.372
281.544
283.164
282.747
281.855
284.586
284.05
282.038
284.343
283.029
289.367
301.08
292.055
271.809
264.164
257.734
259.371
259.586
268.751
278.76
286.08
283.462
275.839
283.57
291.272
287.839
282.123
280.75
289.776
294.439
285.33
284.715
291.431
295.888
296.536
291.766
291.017
293.596
293.435
289.975
288.099
288.99
299.547
296.632
286.484
304.493
288.464
288.974
293.527
273.253
253.513
250.472
276.742
277.455
274.268
268.33
264.205
266.68
264.147
264.724
271.447
267.194
263.453
267.572
268.516
266.318
269.698
262.207
271.252
274.276
266.129
257.773
257.881
256.643
251.734
246.92
243.132
241.552
242.158
240.65
241.42
239.229
247.677
249.03
287.367
281.037
284.372
273.218
238.034
268.942
263.071
272.437
265.487
263.647
286.066
271.788
259.038
263.877
261.859
244.836
244.422
288.716
288.698
288.665
288.652
288.62
288.592
288.562
288.561
288.554
288.565
288.585
288.608
288.645
288.678
288.733
288.756
288.796
288.796
288.821
288.777
288.76
288.676
288.655
288.552
288.538
288.428
288.436
288.372
288.402
288.411
288.426
288.541
288.486
288.66
288.557
288.714
288.587
288.694
288.673
288.674
288.78
288.622
288.753
288.532
288.627
288.573
288.573
288.797
288.729
289.028
289.009
289.02
289.262
288.924
289.206
289.121
288.918
289.345
288.995
289.053
289.292
288.834
289.22
289.232
288.989
289.494
288.916
288.722
288.555
287.732
287.927
286.904
286.367
287.21
285.352
284.455
285.553
283.195
280.064
281.099
282.824
282.181
282.513
286.034
290.055
287.883
283.394
286.374
281.726
290.834
297.697
289.686
279.107
260.651
260.007
267.209
259.475
264.347
276.159
280.492
277.831
278.889
277.271
278.947
285.744
296.85
284.912
283.594
300.899
295.542
285.862
291.387
291.926
290.05
291.769
283.807
277.003
271.896
267.976
268.854
269.445
278.565
294.669
283.233
280.651
305.915
291.031
280.903
271.755
254.354
247.358
272.693
275.673
276.556
271.248
263.337
262.934
263.353
260.383
264.484
268.644
265.01
267.207
267.279
267.535
276.003
270.157
265.926
266.534
257.159
255.949
258.874
254.678
248.795
243.869
239.967
238.082
239.602
236.766
239.13
239.046
250.411
251.072
294.589
283.577
277.668
264.537
265.988
266.686
264.479
279.297
266.494
265.175
285.547
263.87
257.515
264.823
259.808
240.371
241.774
287.413
287.409
287.389
287.388
287.367
287.35
287.325
287.305
287.29
287.274
287.272
287.26
287.276
287.272
287.306
287.3
287.332
287.335
287.351
287.338
287.322
287.309
287.274
287.263
287.214
287.205
287.159
287.154
287.131
287.132
287.15
287.175
287.211
287.236
287.264
287.264
287.264
287.306
287.286
287.328
287.294
287.256
287.211
287.123
287.164
287.157
287.248
287.402
287.41
287.538
287.541
287.458
287.651
287.329
287.686
287.511
287.374
287.843
287.224
287.427
287.712
286.755
287.528
287.59
286.431
287.67
286.986
285.242
286.645
285.962
283.846
285.233
285.024
282.4
283.262
284.653
282.741
280.603
280.264
280.921
282.18
284.319
287.289
288.015
285.138
280.233
276.757
279.639
277.209
286.367
291.431
287.588
280.935
273.602
262.097
267.517
268.153
262.815
269.511
276.869
276.058
273.864
276.03
274.143
277.055
289.121
291.899
280.39
289.423
300.903
287.548
287.518
296.105
287.841
290.427
288.681
272.586
271.144
283.522
299.846
302.154
288.564
287.342
285.618
266.157
285.355
289.651
270.169
266.435
251.621
243.964
267.509
272.775
276.323
273.828
266.077
260.76
261.681
259.362
265.907
273.273
265.864
264.644
265.714
263.652
271.866
280.679
259.122
257.572
254.131
257.644
257.476
251.364
246.326
242.162
238.264
235.908
237.233
235.153
237.564
238.96
252.159
248.595
292.581
288.282
279.902
263.741
270.202
254.147
267.115
279.311
264.786
268.292
280.303
256.773
258.406
266.451
256.819
235.869
235.923
286.416
286.403
286.404
286.401
286.399
286.387
286.372
286.348
286.323
286.301
286.267
286.247
286.208
286.192
286.162
286.145
286.129
286.118
286.107
286.088
286.086
286.078
286.084
286.061
286.064
286.033
286.017
285.997
285.97
285.955
285.921
285.905
285.842
285.805
285.726
285.65
285.561
285.454
285.35
285.242
285.12
285.052
285.016
285.047
285.092
285.17
285.288
285.37
285.405
285.422
285.468
285.467
285.571
285.599
285.558
285.498
285.347
285.241
285.297
285.051
285.147
285.279
284.85
284.878
285.217
284.249
283.448
284.161
284.162
282.764
282.102
283.252
284.573
285.387
286.022
284.057
279.738
277.866
279.754
282.703
284.87
285.801
285.486
282.137
277.673
274.264
274.887
275.581
273.264
278.85
285.275
284.58
280.634
279.431
270.641
268.73
274.773
268.452
267.309
273.532
276.215
270.824
266.946
269.345
273.556
280.582
292.125
290.771
280.634
288.751
291.925
279.592
284.454
283.664
276.524
284.665
275.58
274.078
295.332
311.5
308.633
298.093
301.834
313.44
291.207
257.178
288.799
271.877
263.405
247.663
240.411
262.074
267.285
274.385
276.23
270.362
261.949
260.504
261.691
267.036
270.167
266.139
268.669
269.412
265.859
259.804
275.78
258.405
255.685
256.538
258.211
254.7
249.409
245.737
241.329
237.294
235.228
234.861
236.434
237.206
240.189
253.337
244.904
276.576
291.318
285.939
268.769
275.461
251.184
270.205
276.378
263.703
270.589
268.366
251.214
261.355
267.755
254.36
230.823
229.369
285.58
285.541
285.511
285.484
285.449
285.416
285.377
285.338
285.308
285.276
285.249
285.212
285.179
285.146
285.109
285.073
285.042
285.002
284.976
284.94
284.919
284.9
284.874
284.847
284.809
284.746
284.697
284.625
284.553
284.472
284.361
284.233
284.113
283.944
283.708
283.493
283.251
283.056
282.916
282.789
282.716
282.673
282.69
282.788
282.842
282.955
283.002
283.006
283.027
283.012
282.904
282.905
282.909
282.799
282.778
282.801
282.701
282.72
282.696
282.505
282.578
282.886
282.536
281.488
281.366
282.832
284.643
285.174
284.595
284.347
284.9
285.672
286.157
286.651
286.391
283.961
280.746
278.619
278.041
278.774
280.437
281.53
281.185
278.402
277.158
277.434
280.647
280.518
277.119
275.769
277.059
278.972
279.31
278.601
274.121
272.097
277.896
273.516
267.883
269.796
272.467
271.366
267.92
264.666
268.027
277.53
289.142
297.965
291.036
282.12
283.086
279.035
271.145
272.218
265.793
267.029
275.931
279.085
294.157
306.612
303.484
293.559
288.502
300.75
314.95
291.665
296.43
276.886
263.813
249.221
235.786
254.035
260.244
271.669
276.939
274.538
267.49
262.061
265.951
271.919
271.634
266.364
270.747
272.669
274.126
265.61
265.983
259.785
257.795
257.852
256.274
252.963
249.791
246.947
242.231
238.261
236.264
234.393
240.283
237.821
242.894
256.568
246.365
265.524
295.131
264.532
269.817
277.778
260.527
280.865
274.75
265.319
266.784
253.167
250.451
266.816
269.1
252.94
229.756
228.679
284.625
284.551
284.492
284.423
284.354
284.29
284.234
284.186
284.157
284.126
284.106
284.088
284.072
284.055
284.033
284.011
283.991
283.965
283.937
283.901
283.865
283.819
283.767
283.704
283.609
283.457
283.3
283.199
283.131
283.017
282.872
282.748
282.715
282.799
282.938
282.966
282.884
282.813
282.718
282.605
282.464
282.415
282.377
282.329
282.351
282.348
282.377
282.398
282.422
282.44
282.419
282.471
282.525
282.53
282.58
282.713
282.808
283.151
283.64
284.02
284.138
283.99
283.659
283.764
284.709
285.895
286.435
286.138
285.708
285.951
286.475
286.703
286.924
287.53
287.416
284.707
281.055
278.548
276.934
276.131
276.294
276.775
276.393
275.166
275.599
277.535
280.762
282.973
283.28
279.658
276.558
275.844
275.112
276.123
275.203
275.946
281.233
277.168
271.592
269.265
266.826
268.483
270.158
269.291
271.731
278.939
287.025
295.959
299.909
292.435
283.61
279.436
274.936
270.869
270.128
266.115
270.587
280.523
292.123
303.547
306.75
302.238
286.272
277.508
296.685
319.408
298.929
283.53
271.119
258.458
238.028
247.911
259.068
271.578
278.04
277.688
273.756
268.681
270.916
274.944
272.839
267.979
272.06
272.922
270.249
280.534
263.51
261.278
259.268
258.028
256.585
255.17
253.02
249.838
245.114
241.822
239.968
237.988
246.48
240.398
248.255
261.393
253.863
270.803
302.862
274.505
279.908
279.938
269.016
276.794
268.504
267.486
261.384
249.471
259.424
274.459
271.057
255.171
239.097
240.706
284.016
283.958
283.91
283.865
283.832
283.798
283.776
283.768
283.791
283.817
283.869
283.927
283.993
284.035
284.089
284.119
284.131
284.102
284.085
284.08
284.101
284.143
284.223
284.3
284.384
284.467
284.566
284.736
284.999
285.318
285.688
286.022
286.369
286.65
286.749
286.701
286.621
286.625
286.506
286.39
286.307
286.302
286.173
286.096
286.057
285.99
286.016
285.987
286.021
286.004
285.978
286.063
286.178
286.257
286.497
286.782
286.974
287.256
287.408
287.476
287.486
287.41
287.308
287.606
288.279
288.857
288.846
288.467
288.209
288.488
288.781
288.718
288.949
289.561
289.446
286.798
282.85
279.56
277.597
276.649
275.983
275.938
275.326
275.564
277.242
280.138
282.521
284.239
285.268
283.868
282.451
279.764
277.756
279.904
282.325
283.933
285.725
282.882
276.308
270.869
269.396
273.041
276.847
278.556
281.723
286.046
289.621
293.799
298.247
299.833
296.366
290.13
285.026
281.573
281.476
281.049
279.51
282.692
288.644
296.023
302.048
308.493
308.609
297.585
289.286
293.293
288.859
287.744
280.569
272.46
255.676
257.877
270.306
277.879
281.754
281.697
279.446
276.516
277.214
278.752
276.001
271.611
274.763
278.764
273.488
277.88
266.633
264.868
263.194
262.58
261.933
260.824
258.412
255.272
251.615
249.361
248.287
246.982
255.673
249.027
257.21
268.062
262.747
273.607
301.846
299.823
282.59
282.912
271.104
264.147
267.251
272.528
265.453
261.529
273.794
281.854
275.735
264.418
257.092
260.437
285.538
285.49
285.481
285.488
285.521
285.572
285.673
285.813
285.986
286.154
286.348
286.532
286.729
286.89
287.072
287.22
287.398
287.556
287.739
287.952
288.189
288.442
288.695
288.939
289.18
289.38
289.563
289.786
290.053
290.336
290.621
290.894
291.171
291.366
291.496
291.568
291.565
291.634
291.575
291.555
291.513
291.509
291.432
291.395
291.378
291.348
291.366
291.355
291.391
291.409
291.426
291.508
291.606
291.656
291.796
291.929
291.984
292.105
292.146
292.203
292.219
292.169
292.087
292.234
292.53
292.752
292.698
292.54
292.436
292.513
292.541
292.472
292.574
292.606
292.31
290.739
288.319
285.537
283.724
283.125
282.697
282.858
283.16
284.738
286.689
288.422
289.038
288.943
289.384
289.528
288.834
286.83
287.158
290.1
291.91
291.88
291.571
289.838
284.757
281.804
283.329
286.982
289.21
290.208
292.375
294.329
295.451
297.071
299.355
301.162
301.378
299.525
296.698
293.896
292.683
293.015
292.355
292.353
293.598
296.799
299.826
302.671
307.788
309.29
298.538
286.583
290.383
293.329
289.84
286.1
277.409
276.789
283.742
286.456
287.698
287.36
286.061
284.478
284.362
284.567
282.769
279.33
278.973
281.529
282.571
274.078
273.757
273.545
272.446
271.928
271.057
269.771
267.615
265.434
263.386
262.402
262.541
262.093
268.988
265.407
270.564
278.359
275.906
278.248
292.504
293.388
284.071
289.086
279.807
273.124
280.3
284.247
280.018
280.373
287.98
290.531
285.908
280.1
277.63
280.206
290.12
290.115
290.233
290.398
290.587
290.781
290.982
291.188
291.4
291.603
291.811
292.009
292.211
292.397
292.591
292.767
292.948
293.119
293.288
293.468
293.651
293.837
294.012
294.182
294.344
294.493
294.622
294.758
294.903
295.049
295.183
295.323
295.463
295.574
295.671
295.753
295.806
295.881
295.918
295.955
295.984
296.037
296.06
296.087
296.124
296.157
296.205
296.243
296.295
296.349
296.393
296.455
296.522
296.575
296.646
296.717
296.76
296.828
296.871
296.924
296.957
296.967
296.969
297.029
297.123
297.193
297.212
297.22
297.227
297.26
297.279
297.308
297.353
297.309
297.136
296.598
295.909
295.128
294.851
295.103
295.378
295.744
296.129
296.872
297.542
298.035
298.224
298.342
298.755
298.857
298.683
298.68
299.398
300.309
300.722
300.651
300.486
299.854
298.412
298.166
299.151
300.325
300.944
301.356
302.182
302.814
303.167
303.712
304.474
305.167
305.553
305.395
304.833
304.133
303.675
303.803
303.81
303.785
303.836
304.522
305.504
306.163
307.288
308.839
306.207
300.502
301.065
302.049
300.88
299.68
296.885
295.993
297.581
297.902
297.804
297.334
296.645
295.893
295.578
295.436
294.928
293.883
293.249
292.879
292.828
288.582
289.958
289.657
288.892
288.359
287.63
286.729
285.641
284.842
284.38
284.583
285.422
286.056
289.415
289.201
291.634
295.076
295.087
295.755
300.09
299.57
299.118
301.717
298.765
297.081
300.082
301.277
300.199
300.905
303.371
304.02
302.673
301.173
300.742
301.887
274.013
274.486
274.59
275.554
278.618
277.727
273.383
275.515
275.895
276.534
277.382
270.237
264.309
275.059
283.705
284.04
283.701
286.023
286.593
287.201
290.605
291.097
291.53
292.906
288.199
257.434
260.455
262.107
254.218
261.815
268.839
251.207
251.23
252.461
255.594
257.027
246.597
230.061
241.48
265.682
272.21
269.212
274.383
274.906
274.036
283.459
283.236
281.504
281.007
265.237
252.506
260.429
273.345
258.124
253.88
268.962
244.528
232.257
231.642
237.287
243.415
235.22
235.108
226.555
250.062
263.04
257.294
262.886
262.428
255.923
273.625
274.769
270.798
263.878
244.726
252.113
244.062
248.768
249.643
250.358
270.045
249.678
226.059
222.566
225.779
239.889
206.775
229.249
219.82
239.526
256.524
249.454
252.969
251.402
238.126
262.741
266.74
261.04
243.411
235.082
265.402
245.836
227.177
225.238
234.887
258.766
252.708
226.539
218.543
218.17
240.025
204.114
231.01
218.214
230.78
250.67
245.055
245.135
242.527
227.263
254.642
259.78
252.761
229.734
234.011
264.636
257.226
233.797
222.798
237.888
259.672
259.511
232.766
218.455
216.519
233.545
206.319
233.863
223.58
226.923
246.308
243.029
239.348
235.634
222.148
249.595
254.076
246.576
227.92
232.952
251.126
264.254
263.712
241.806
249.631
265.346
265.444
241.362
219.297
216.523
228.017
207.239
233.693
226.056
223.846
242.426
242.194
235.444
230.62
219.959
246.138
249.422
242.737
229.414
232.434
249.478
264.76
288.401
270.883
270.382
278.418
271.944
251.158
221.663
217.675
225.149
212.195
240.943
232.696
223.209
239.561
241.968
233.117
227.117
219.309
243.445
245.576
240.764
230.415
231.959
252.045
263.949
287.162
281.368
276.038
287.842
278.354
259.867
225.914
219.187
221.773
213.244
236.175
235.674
223.103
237.274
241.813
231.974
224.575
219.53
241.021
242.4
239.908
230.619
231.672
256.715
260.88
271.868
272.611
263.1
287.262
280.391
266.548
230.549
218.441
214.096
214.911
233.968
237.628
223.387
235.602
241.583
231.693
222.541
220.149
238.725
240.022
239.11
230.335
231.621
254.546
255.302
254.889
254.256
246.165
282.753
278.859
272.256
233.693
215.231
209.633
218.416
231.351
237.569
223.402
234.287
241.11
231.952
220.664
220.78
236.585
238.554
236.783
229.825
232.389
249.064
249.783
243.634
236.467
235.433
277.808
276.98
274.513
234.567
211.792
209.474
223.147
227.045
236.548
223.198
233.427
240.436
232.63
218.828
221.168
234.847
237.287
231.927
229.145
233.965
245.404
247.03
241.367
229.232
236.6
275.83
277.006
273.597
231.193
211.332
212.545
227.988
219.104
234.193
222.659
232.981
239.279
233.549
217.395
221.426
233.804
234.789
225.232
228.784
236.148
242.577
244.445
241.336
232.786
247.267
277.981
280.35
271.142
224.672
213.046
218.747
230.915
214.058
231.458
221.774
232.925
237.525
234.539
217.291
222.092
233.558
230.594
218.945
229.122
238.552
242.834
245.93
245.588
246.428
263.524
282.566
286.279
267.222
218.962
215.919
226.517
230.755
217.012
228.654
220.797
233.249
235.021
234.918
219.059
223.753
233.705
225.967
214.912
230.57
240.402
246.449
249.327
251.993
261.031
277.119
287.324
291.396
261.065
215.146
222.478
231.534
230.256
229.749
226.35
219.834
234.344
231.991
234.164
222.476
225.946
233.235
223.031
213.739
232.816
241.257
249.057
250.929
254.659
267.625
281.421
289.551
293.324
253.564
214.161
229.865
234.377
232.825
242.02
223.886
219.356
235.696
228.618
231.666
227.077
227.246
231.5
223.275
214.898
235.278
240.9
249.495
250.92
253.008
265.071
277.993
287.326
289.363
245.814
216.517
234.242
237.194
238.859
244.331
221.038
219.411
236.826
226.131
227.753
232.641
227.259
229.915
227.699
218.03
237.058
239.829
246.19
249.739
251.712
260.077
268.812
282.005
279.19
237.607
221.153
236.529
238.597
245.887
240.929
217.405
219.64
241.047
225.007
223.835
237.904
226.96
231.972
235.216
222
237.452
238.863
241.701
247.51
250.083
255.719
258.7
272.94
265.992
231.517
227.161
237.661
239.305
252.343
239.125
212.359
221.594
243.221
222.327
221.979
237.583
226.639
238.108
240.981
224.82
236.502
239.104
236.938
246.624
248.74
250.913
252.216
261.116
251.17
226.54
232.724
238.866
242.977
256.026
239.42
207.637
224.662
238.363
217.799
222.638
232.367
225.642
243.618
243.064
226.502
236.881
240.739
235.916
244.61
249.516
247.938
246.43
252.134
240.592
224.441
237.691
240.417
248.11
257.28
240.379
207.235
223.952
238.85
216.262
223.852
229.139
224.829
244.349
243.949
229.058
239.041
241.842
236.374
239.665
248.557
245.366
242.771
242.139
233.09
224.269
241.264
242.141
251.626
256.953
241.23
211.427
217.582
244.892
222.398
225.798
231.557
224.91
240.609
245.152
232.245
240.046
241.709
235.49
236.183
248.485
241.637
239.501
235.937
228.938
225.166
244.317
243.946
254.123
255.75
242.494
216.989
215.401
247.524
233.746
227.369
237.401
225.435
236.325
246.621
232.899
239.592
242.106
232.785
235.841
253.151
242.587
233.511
230.618
227.846
227.024
246.457
245.78
255.75
253.143
243.083
222.722
221.659
256.957
243.487
227.805
245.234
228.676
236.335
248.763
230.513
240.198
243.307
231.223
238.141
253.053
244.483
232.752
226.717
228.613
228.936
248.327
247.912
256.674
250.305
242.447
230.316
230.548
275.615
255.49
232.821
252.821
235.638
241.109
251.291
227.967
242.045
244.019
234.082
237.34
250.434
241.099
227.734
226.477
229.746
231.278
250.391
249.612
257.013
247.714
241.425
244.62
249.637
277.328
273.392
246.662
256.09
239.623
244.741
252.239
226.998
244.495
244.313
236.944
237.677
247.228
242.644
224.384
230.345
232.814
232.089
251.083
251.231
256.743
246.346
239.044
256.539
267.53
256.732
280.724
260.791
257.316
237.04
242.424
249.214
227.271
247.262
244.524
242.654
240.929
238.731
245.862
229.931
231.041
236.179
234.921
252.322
252.867
255.607
246.583
236.972
260.226
264.462
242.408
273.059
264.671
260.631
234.892
237.981
243.817
228.173
249.583
244.293
245.345
243.835
230.327
241.466
239.57
236.349
235.559
236.693
251.506
253.456
252.487
247.064
235.689
258.923
257.761
243.163
267.66
262.25
261.537
235.635
236.159
239.42
229.793
251.355
243.579
251.617
242.146
233.887
242.665
242.017
239.337
240.345
237.588
247.854
252.467
247.882
249.248
238.519
255.657
255.71
246.341
266.766
260.177
256.756
235.181
236.791
237.48
232.589
252.914
242.654
264.897
245.775
234.661
251.071
252.563
237.88
243.236
245.076
249.478
251.742
242.526
251.761
246.602
254.884
254.463
247.841
265.38
260.099
252.147
233.183
238.396
237.766
236.592
254.102
241.584
260.214
257.865
235.382
241.236
248.003
242.533
241.315
251.097
251.212
248.702
236.518
254.026
256.439
258.168
254.054
249.641
263.815
259.041
250.42
231.762
240.381
239.828
241.697
254.564
240.316
255.724
263.459
245.498
244.238
238.065
241.611
240.821
255.423
249.104
242.378
232.297
256.669
261.768
263.214
254.537
252.257
264.935
255.841
249.771
231.407
242.507
243.543
247.173
253.922
238.952
260.261
272.916
256.724
260.845
246.35
242.282
236.469
251.811
245.79
240.838
235.237
258.987
259.994
265.33
254.747
254.602
266.715
252.748
250.596
232.612
244.64
247.866
250.408
252.063
237.761
255.659
272.98
267.686
270.511
259.193
252.335
240.071
244.915
242.198
245.604
241.866
256.477
251.16
262.113
253.566
255.577
265.819
249.319
251.905
234.864
246.657
250.718
249.305
249.598
236.99
245.734
255.689
266.957
264.258
262.499
256.016
247.541
246.228
239.791
246.982
242.57
248.617
240.494
255.931
250.871
256.945
265.164
248.036
253.133
237.189
248.753
251.486
245.04
247.428
236.855
244.984
243.089
254.349
250.27
253.678
255.034
248.115
247.769
241.643
248.921
244.228
243.651
234.974
252.24
249.317
259.089
263.901
248.998
254.115
238.774
251.315
250.887
239.862
246.131
237.356
251.192
245.104
247.086
248.384
247.062
254.874
252.715
248.549
241.198
248.989
247.375
242.048
233.538
251.72
249.454
261.211
261.824
250.599
253.964
238.041
253.011
248.257
234.761
245.709
238.359
257.577
252.315
252.46
258.212
257.875
261.131
262.498
256.95
242.192
248.36
251.363
243.355
234.482
252.209
249.254
262.55
260.592
252.818
252.836
233.657
251.105
241.891
230.265
245.981
239.6
263.761
255.197
253.101
257.731
259.69
258.815
256.528
262.194
247.817
249.724
252.799
240.386
235.205
253.304
249.241
263.897
260.202
254.576
249.849
225.714
245.431
232.526
227.661
246.591
240.739
265.017
253.043
250.815
263.873
259.068
255.734
250.428
257.9
241.912
240.827
245.346
235.868
241.729
257.611
250.536
265.487
260.369
255.339
244.85
217.247
239.566
223.391
228.036
247.093
241.528
262.944
258.975
254.76
275.697
266.002
257.821
255.192
255.144
240.986
240.812
248.534
245.123
254.506
262.218
252.031
267.012
260.633
254.745
239.119
212.943
237.194
217.313
231.25
247.222
242.052
256.88
270.784
255.825
269.443
273.635
263.494
264.526
257.552
247.73
255.93
268.763
260.025
261.786
262.073
252.079
268.329
260.547
252.941
234.622
216.227
239.114
215.284
236.364
247.178
242.743
255.616
273.094
257.57
261.532
285.65
267.157
267.196
257.791
255.273
278.582
277.323
254.21
257.703
255.319
251.418
270.482
259.986
250.873
232.927
227.778
243.322
217.417
242.814
247.304
243.641
263.596
268.173
254.325
264.413
295.586
268.957
261.175
254.006
259.004
272.574
246.441
237.445
252.462
247.466
254.786
273.425
257.933
249.522
235.393
243.767
246.465
221.478
248.807
247.999
245.198
264.399
257.825
248.137
270.377
288.24
281.817
264.484
253.934
249.991
238.755
219.701
238.545
249.48
245.009
262.41
274.587
254.968
250.099
239.909
257.84
248.116
224.563
253.828
249.969
247.365
252.914
248.53
246.567
262.048
277.076
288.073
268.619
255.66
237.801
220.715
227.656
248.723
245.72
251.063
269.76
273.168
252.01
252.277
244.768
268.173
251.279
227.161
259.109
253.808
249.993
246.407
244.149
246.122
259.495
284.239
282.182
270.983
258.028
239.898
233.707
247.472
249.241
248.05
262.168
273.026
270.276
250.372
255.694
249.925
274.803
258.141
232.23
265.765
259.856
253.063
243.54
244.202
244.096
263.22
287.94
283.615
274.794
264.772
255.973
254.084
254.215
250.376
260.161
270.353
272.722
267.681
250.879
260.138
256.112
278.734
267.501
241.458
273.65
267.432
256.714
240.618
242.872
244.906
258.484
279.716
290.375
278.877
276.334
275.791
265.031
263.629
262.347
271.182
273.175
272.055
267.329
254.856
266.136
263.958
281.981
276.675
253.748
281.641
275.044
261.298
234.359
241.282
247.533
254.753
275.879
292.236
283.356
283.593
288.516
275.44
277.833
273.533
275.161
274.945
273.862
270.355
262.727
273.747
272.754
286.038
283.932
266.565
288.373
281.26
266.833
231.586
244.389
253.042
258.778
276.915
292.027
287.165
285.257
290.246
282.983
284.043
278.025
278.406
279.176
278.653
276.403
272.721
281.576
280.95
290.344
289.02
277.369
293.043
285.835
272.956
241.25
255.843
263.903
267.292
280.821
293.032
290.764
288.199
290.904
287.224
286.438
282.934
284.264
285.273
284.963
283.631
282.193
288.238
287.689
293.959
292.652
285.47
295.988
289.453
279.291
260.121
271.52
276.785
279.09
287.923
295.873
294.861
292.935
294.326
292.327
291.299
289.906
291.118
291.632
291.249
290.375
289.817
293.372
292.872
296.674
295.506
291.444
297.924
292.852
285.715
280.073
286.936
290.077
292.198
297.269
301.53
301.261
300.376
301.195
300.142
299.23
298.3
298.506
298.245
297.558
296.714
296.182
297.669
297.09
298.877
297.962
295.886
299.32
296.226
292.294
302.489
305.724
307.356
308.274
309.47
310.112
309.037
307.477
306.492
305.134
304.016
303.064
302.556
302.024
301.442
300.886
300.448
300.652
300.236
300.572
300.099
299.308
300.233
299.044
297.934
)
;

boundaryField
{
    inlet
    {
        type            fixedValue;
        value           uniform 300;
    }
    outlet
    {
        type            inletOutlet;
        inletValue      uniform 300;
        value           nonuniform List<scalar> 
57
(
288.227
265.292
244.795
235.134
234.043
232.984
232.473
232.003
231.717
231.666
232.431
234.003
236.181
238.58
240.428
241.282
240.926
239.859
238.894
239.133
240.764
241.867
241.734
242.129
243.329
244.041
244.337
244.55
244.32
243.608
242.683
241.613
240.345
238.979
237.785
237.01
236.872
237.37
238.37
239.608
240.745
241.533
242.056
242.746
243.643
245.199
247.366
249.994
253.065
256.718
261.302
266.836
272.958
279.293
285.716
292.295
297.935
)
;
    }
    upperWall
    {
        type            fixedValue;
        value           uniform 300;
    }
    lowerWall
    {
        type            fixedValue;
        value           uniform 300;
    }
    frontAndBack
    {
        type            empty;
    }
}


// ************************************************************************* //
