/*--------------------------------*- C++ -*----------------------------------*\
| =========                 |                                                 |
| \\      /  F ield         | OpenFOAM: The Open Source CFD Toolbox           |
|  \\    /   O peration     | Version:  dev                                   |
|   \\  /    A nd           | Web:      http://www.openfoam.org               |
|    \\/     M anipulation  |                                                 |
\*---------------------------------------------------------------------------*/
FoamFile
{
    version     2.0;
    format      ascii;
    class       volScalarField;
    object      p;
    location    "9.136";
}
// * * * * * * * * * * * * * * * * * * * * * * * * * * * * * * * * * * * * * //

dimensions      [1 -1 -2 0 0 0 0];

internalField   nonuniform List<scalar> 
12225
(
92836
92793.3
92751.7
92711.6
92656.7
92603.8
92543.3
92480.7
92414.5
92347.2
92273.2
92192.6
92101
92004.7
91875.2
91599.1
91216.6
90437.1
92837.8
92798.6
92757.9
92718.4
92663.3
92610.9
92550.3
92487.9
92421.6
92354.8
92281.1
92200.4
92109.7
92009.3
91875.3
91590.2
91210.9
90694.1
92848.8
92811.9
92772.4
92733.4
92678.5
92626.7
92566
92504.1
92437.6
92372.1
92298.7
92219.2
92130.8
92028.9
91903.4
91650.5
91310
90889.7
92870.1
92835.6
92797.8
92759.2
92704.7
92653.1
92593.4
92531.5
92464.8
92399.9
92329
92253.2
92166
92075
91964.3
91771
91497.9
91075
92907.1
92872.8
92837.6
92799.2
92745.2
92693.8
92636.4
92573.2
92506.2
92442.3
92376.5
92300.2
92216.7
92128.9
92035.6
91898.3
91698.9
91415.3
92960.8
92927.7
92895.8
92858
92804.4
92751.2
92697.7
92635.7
92568.6
92499.4
92443.5
92373
92286.4
92197.8
92131.8
92035
91916.8
91858.3
93032.9
93005.9
92977.3
92939.9
92888.8
92832.9
92777.9
92719.3
92659.3
92590.8
92524.4
92465.3
92393.6
92305.7
92237.2
92191.5
92127
92162.4
93120.7
93098.1
93070.8
93033.2
92984.8
92929.9
92871.3
92813.9
92758.4
92696.2
92626.9
92568.5
92510.5
92441.9
92365.3
92323.5
92273.4
92295.7
93219.1
93199.3
93171.9
93133.8
93085.8
93035.4
92975.8
92917.2
92863.8
92805.6
92738.5
92680.5
92626.8
92574.7
92504
92459
92409
92398.3
93353.2
93333.3
93305.6
93266.9
93219.3
93172.4
93114.9
93056.2
93002.6
92945
92881.3
92827.5
92775.7
92728.6
92670.7
92637.3
92596.3
92556.7
93529.4
93510.3
93484.1
93445.5
93399.8
93353.3
93298.4
93241.8
93186.7
93129.2
93071.1
93019.6
92969.9
92924.6
92877.3
92846.2
92816.8
92773.5
93764.1
93746.7
93722.8
93685.8
93642.7
93594.9
93542.1
93486.7
93432.5
93374.3
93321.6
93271.3
93223.7
93180
93139.6
93105.4
93076.3
93042.1
94081.5
94062.3
94039.7
94005.1
93963.7
93915.7
93864.9
93811.1
93758
93699.3
93649.4
93600.6
93555.4
93512.8
93475.4
93441.1
93413.5
93386.3
94492.8
94478.7
94457.8
94425.6
94386.1
94339.7
94290.3
94237.6
94185.5
94128.5
94079.3
94031.4
93987
93945.5
93909.1
93876.2
93849.9
93826.7
95033.1
95023.9
95005.7
94976.3
94939.2
94894.8
94846.6
94795
94743.1
94688.6
94638.9
94590.8
94546.1
94504.6
94467.9
94435.2
94408
94385.7
95731.5
95731.6
95716
95689.2
95654.5
95612.6
95566
95515.5
95463.4
95410.5
95359.2
95309.8
95263.4
95220.3
95181.3
95146.6
95116.7
95091.8
96637.5
96635.9
96620
96595.2
96562.9
96523.7
96479
96429.5
96377.3
96323.4
96270.1
96218
96168.1
96121
96077.5
96037.8
96002.4
95971.6
97673.1
97668.7
97654.2
97632.2
97602.9
97566.3
97523.2
97474.5
97421.6
97366
97309.4
97253
97197.8
97144.6
97094.2
97047.1
97003.5
96963.9
98653.6
98653.6
98644.1
98626.3
98600.4
98566.2
98524.5
98476.2
98422.4
98365
98302.8
98242
98181.2
98121.4
98063.4
98008
97955.5
97906.2
99500.4
99501.5
99495.8
99481.3
99457.8
99425.3
99384.5
99336
99280.9
99220.8
99156.5
99090.7
99024.4
98958.4
98893.4
98830.2
98769.3
98711.2
100183
100202
100202
100190
100168
100137
100097
100048
99991.8
99929.6
99862.4
99793.2
99722.1
99650.7
99579.7
99509.8
99441.7
99375.9
100746
100767
100769
100759
100738
100708
100668
100619
100562
100498
100428
100356
100282
100206
100130
100054
99980.4
99908.3
101189
101209
101211
101202
101182
101153
101113
101064
101006
100941
100869
100795
100717
100638
100558
100478
100400
100323
101526
101543
101546
101537
101518
101489
101450
101401
101342
101276
101204
101127
101047
100965
100882
100799
100717
100636
101766
101787
101791
101783
101765
101737
101697
101648
101589
101522
101449
101371
101289
101205
101120
101035
100950
100867
101936
101959
101964
101957
101940
101912
101873
101823
101764
101697
101623
101543
101461
101375
101289
101202
101115
101030
102055
102076
102080
102074
102057
102030
101991
101941
101882
101814
101740
101660
101577
101491
101403
101315
101227
101140
102134
102150
102154
102148
102132
102104
102066
102016
101956
101889
101814
101734
101650
101563
101475
101386
101297
101209
102178
102191
102194
102189
102173
102146
102107
102058
101998
101930
101855
101775
101691
101603
101515
101426
101337
101249
102196
102209
102211
102205
102190
102163
102124
102074
102015
101947
101872
101792
101707
101620
101531
101442
101353
101265
90384.1
90386.9
90392.8
90401.5
90413
90426.9
90443.6
90463.1
90485.7
90511.7
90541.3
90574.8
90612.1
90653.6
90699.3
90749.1
90803.1
90861
90922.6
90987.9
91056.8
91128.7
91203.4
91280.5
91359.2
91439.7
91524.6
91613.3
91702.5
91792
91880.9
91970.1
92059.4
92149
92238.9
92328.4
92417
92504.1
92589.3
92672.2
92752.5
92830.1
92904.6
92975.9
93043.7
93107.9
93168.4
93225.2
93278.1
93327.4
93373.1
93415.5
93454.9
93491.6
93526.1
93559.1
93590.9
93622.1
93653.3
93685.2
93718.3
93753.4
93791.2
93832.4
93877.6
93927.8
93983.3
94044.5
94111.7
94185
94264.5
94349.7
94440.4
94536
94635.8
94738.9
94844
94949.2
95052.6
95152.2
95246.1
95332.1
95408.6
95473.3
95524
95559.1
95577.7
95579
95563.1
95529.7
95479.6
95414.2
95334.7
95242.7
95140.5
95029.4
94910.8
94787.1
94661.1
94535.6
94413.7
94297.9
94190.2
94092.5
94004
93924.6
93860
93798
93737.3
93678.8
93623.1
93569.6
93515.5
93457.2
93390.7
93315.2
93235
93158.6
93089.8
93024.9
92961.7
92880.9
92775.9
92662.4
92562.1
92459.9
92361
92270.4
92186.4
92108.9
92036.8
91966.7
91893.7
91814
91723
91618.6
91496.4
91358.9
91207.5
91040.1
90853.7
90646.4
90424.6
90191
89951
89708.8
89457.2
89202.8
88953.6
88702.5
88450.1
88196.6
87935
87668.2
87404.9
87144.8
86873.8
86593
86303.2
85996.5
85693.2
85469.1
85362.8
85357
85418.2
85520
85648.9
85802.8
85988
86215.7
86505.4
86867.2
87293.2
87765.5
88280.1
88843.7
89452
90085.7
90696.3
91294.8
90382.5
90385.1
90390.8
90399.3
90410.5
90424.3
90441
90460.6
90483.3
90509.3
90539
90572.4
90609.8
90651.4
90697.2
90747.1
90801.3
90859.7
90922.1
90988
91057.5
91130
91205.5
91283.9
91363.6
91444.6
91528.7
91616.3
91705.4
91795.5
91886.6
91976.6
92066.2
92156
92246
92335.7
92424.8
92512.5
92598.4
92682
92763.2
92841.5
92917
92989.3
93058.1
93123.4
93185
93243
93297.1
93347.6
93394.4
93438
93478.6
93516.6
93552.5
93586.8
93620
93652.6
93685.2
93718.4
93753
93789.5
93828.6
93870.9
93917.3
93968.6
94025.2
94087.3
94155.4
94229.5
94309.6
94395.6
94486.6
94582.5
94682.6
94785.7
94890.8
94996
95099.1
95198.3
95291.7
95377.2
95453.1
95516.9
95566.9
95601.2
95618.7
95618.5
95600.8
95565.8
95513.7
95445.9
95363.7
95269.3
95165.3
95052.9
94932.2
94805.6
94676.5
94548.4
94424.1
94305.2
94194.1
94095.2
94008.9
93925.7
93854.1
93789.3
93727
93667.1
93610.6
93555.9
93500.5
93440.9
93373.1
93296.8
93217.2
93143.3
93077.6
93017.3
92958
92876.7
92772.2
92663.6
92569.1
92468.3
92372.1
92285.1
92204.5
92130.5
92062.2
91995.3
91925.9
91851
91764.9
91666.6
91550
91417
91272.6
91113
90933.3
90731
90514.6
90285.8
90051.7
89818.2
89571.9
89321.6
89080.8
88835.4
88588.2
88340.3
88081.6
87815.2
87555
87300.1
87030.6
86750.4
86460.8
86144.5
85829.4
85591.7
85484.9
85480.6
85541.2
85640.1
85764.8
85913.2
86093.3
86312.8
86593.3
86951
87373
87839.2
88350.4
88907.9
89507.3
90134.9
90741.7
91335.9
90379.3
90381.8
90387.1
90395.2
90406
90419.6
90436.1
90455.7
90478.5
90504.8
90534.5
90568.1
90605.6
90647.4
90693.4
90743.9
90799.1
90858.8
90922.5
90989.9
91060
91133.6
91210.7
91289.4
91369.7
91453.4
91540.1
91627.3
91714.6
91803.3
91893.6
91984.6
92075.9
92167.4
92258.8
92349.6
92439.6
92528.3
92615.4
92700.5
92783.3
92863.5
92941
93015.3
93086.2
93153.8
93217.7
93277.8
93334.1
93386.7
93436
93482
93525.2
93565.8
93604.2
93641
93676.8
93712.1
93747.5
93783.4
93820.8
93860.2
93902
93947.1
93996
94049.5
94108.3
94172.4
94242.3
94318.1
94399.6
94486.9
94579.3
94675.9
94776
94878.8
94983.7
95088.8
95191.5
95289.9
95382.2
95466.3
95540.5
95602.4
95650.5
95683.1
95699.1
95697.1
95676.5
95637.8
95581.8
95509.4
95422.3
95322.6
95214.2
95098.5
94973.8
94842.2
94707.6
94573.5
94443.9
94321.6
94207.6
94102.1
94006.7
93923.9
93848
93775.9
93709
93646.2
93586.8
93529.5
93471.5
93409.3
93339.9
93263.7
93186.6
93116.4
93053.8
92997.1
92939.1
92860.2
92763.4
92667.3
92581.5
92483.7
92392.9
92313.9
92240.8
92173.6
92111.9
92052.5
91990.9
91925.3
91849.6
91763.5
91658.2
91535.5
91404.6
91262.1
91097.1
90904.8
90699.7
90481.2
90258.3
90043
89808.5
89567.1
89345.7
89113.2
88877.6
88642.9
88389.6
88124
87872.3
87632.6
87369.6
87093.2
86804
86469.8
86129
85881.5
85770.6
85757.8
85805.9
85891.4
86002.4
86137.2
86303.2
86504
86770.5
87121.7
87531
87984.7
88489.9
89035.2
89617.1
90229.5
90829.1
91417.4
90374.5
90376.8
90381.7
90389.4
90400
90413.5
90430.1
90449.9
90472.8
90499.2
90529
90562.5
90599.9
90641.9
90688.4
90739.7
90796.2
90857.6
90922.9
90991.5
91064.3
91141.4
91221.1
91301.5
91381.1
91461.9
91546.8
91634.9
91724.1
91814.3
91905.6
91997.7
92090.3
92183.3
92276.3
92368.9
92460.7
92551.5
92640.8
92728.3
92813.7
92896.7
92977
93054.3
93128.4
93199
93266.1
93329.3
93389.1
93445.5
93498.3
93547.8
93594.5
93638.7
93680.8
93721.3
93760.8
93799.8
93839
93878.9
93920.4
93963.9
94009.9
94059
94111.7
94168.7
94230.9
94298.1
94370.8
94448.8
94532
94621.1
94715.4
94812.9
94913.5
95016.1
95119.8
95224.2
95326.4
95423.6
95514
95595.7
95667.3
95726.6
95771.8
95801.3
95814.2
95809.4
95785.4
95742.8
95683
95606
95513
95405.8
95289.1
95166.3
95035.2
94895.9
94753.4
94612.7
94476.6
94347.5
94227.7
94116.8
94014.4
93922
93836.8
93759.7
93687.5
93619.8
93556
93494.2
93432.3
93367.3
93297.1
93223.3
93149.9
93081.7
93019
92962.5
92905.7
92833.7
92750.3
92675.5
92597.6
92505.8
92424
92357.9
92297.1
92240.3
92187.7
92138
92088.5
92036.7
91976.1
91907.4
91819.7
91713.6
91600.7
91481.5
91339
91163.2
90975.2
90771.7
90563
90372.2
90157.4
89929.6
89736.1
89527.6
89313.8
89103.9
88861.9
88596.5
88353.2
88135.2
87886.7
87621.8
87336.6
86976
86602.7
86341.1
86218.3
86185.9
86209.6
86270.9
86358.1
86472.3
86615.6
86792.2
87042.6
87376.8
87763
88203.6
88695.6
89224.9
89784.6
90371.2
90957.9
91538.1
90368.3
90370.5
90375.4
90383.1
90393.8
90407.4
90424.1
90443.9
90467
90493.2
90523
90556.5
90594.1
90636.3
90683.4
90735.3
90792.6
90855.4
90923.2
90995.3
91071
91148.5
91227.2
91307
91388.4
91471.8
91557.8
91646.2
91736.3
91827.9
91920.9
92014.8
92109.5
92204.6
92299.9
92394.9
92489.4
92582.9
92675.2
92766
92854.8
92941.5
93025.6
93106.9
93185
93259.7
93330.9
93398.7
93462.9
93523.8
93581.3
93635.4
93686.6
93735.5
93782.5
93827.7
93871.9
93915.7
93959.8
94004.7
94051.2
94099.8
94150.8
94204.9
94262.4
94324
94390.5
94462
94538.7
94620
94705
94796
94892.5
94991.2
95092
95195.1
95298.4
95401.1
95501.9
95597.2
95684.8
95763.2
95831.2
95887.2
95929.1
95954.6
95962.3
95952.3
95923.8
95876.6
95812.1
95730.4
95631.7
95517.8
95392.9
95259.6
95118
94969.5
94817.6
94667.3
94523.2
94387
94259.3
94137.7
94025.6
93923.3
93829.6
93743.8
93664.6
93591.1
93521.5
93454.3
93387.9
93320.3
93250.5
93180.5
93111.8
93044.8
92980.5
92922.4
92866.2
92804.6
92734.9
92688.4
92613.2
92532.5
92465.7
92418.2
92374.1
92331.6
92292.6
92256
92221.2
92186.1
92145.7
92099.7
92034.1
91949.3
91859.3
91766.4
91651.3
91498.4
91334.4
91152.4
90961.2
90796.1
90608
90400.6
90238.1
90061.8
89881.1
89711.8
89491.2
89230.5
88997.3
88802.2
88571.5
88326
88051.8
87664.1
87251.5
86961
86815
86754.8
86747
86775.3
86830
86917.6
87031.1
87178
87403.5
87708.3
88075
88499.4
88967.5
89474.3
90005
90562
91130.5
91696.7
90361.4
90363.7
90368.8
90377
90388.1
90402.3
90419.6
90439.9
90463.3
90490.2
90520.3
90554
90592
90634.8
90682.6
90735.5
90793.8
90857.4
90925.7
90997.9
91073.5
91151.7
91231.4
91312.7
91395.9
91481.5
91569.4
91659.5
91751.5
91845.1
91940.2
92036.4
92133.6
92231.3
92329.3
92427.4
92525.1
92622.2
92718.3
92813.1
92906.3
92997.5
93086.3
93172.5
93256.4
93335.9
93412.3
93485.4
93555.2
93621.6
93684.8
93744.8
93801.9
93856.6
93909.3
93960.5
94010.6
94060.2
94110.1
94160.8
94213
94267.6
94324.6
94384.4
94447.5
94514.4
94585.6
94661.3
94742.3
94828.6
94916.6
95009
95108
95209.5
95311.5
95414.6
95518.2
95619.5
95717
95809
95892.7
95967.1
96030.9
96082.4
96120
96141.7
96145
96128.7
96093.4
96039.3
95967.2
95878.1
95772.6
95652.1
95519.6
95376.4
95222.6
95062.3
94900.6
94740.8
94586.7
94439.3
94298
94166
94042.9
93930
93826.5
93732.1
93645.2
93564.1
93487.3
93414
93343
93273.2
93204.2
93138.1
93074.8
93011.1
92947.5
92888
92830.6
92775.5
92720.6
92697.4
92631.3
92569.3
92521.5
92495.5
92471.3
92446.5
92425.6
92406.6
92390.2
92377.1
92363.1
92345.3
92303.2
92242.6
92181
92115.8
92031.6
91909.8
91775.1
91621.2
91449.7
91302.9
91150.5
90977.7
90849.5
90707.2
90569.1
90458
90266.6
90017.2
89801.2
89630.7
89419.4
89198.5
88940.6
88528.8
88071.5
87736.4
87554.9
87461.5
87416.2
87405.5
87418.1
87470.2
87551.9
87666.9
87859.6
88128.6
88474
88868
89308
89781.3
90278.6
90806.9
91348.4
91891.9
90354.3
90356.6
90361.9
90370.2
90381.7
90396.5
90414.5
90435.7
90460.3
90488.3
90519.8
90555
90594.2
90637.8
90686.2
90739.7
90798.5
90862.3
90930.6
91002.8
91078.4
91156.7
91237.2
91320.1
91405.3
91493.1
91583.1
91675.3
91769.5
91865.5
91963
92061.8
92161.7
92262.5
92363.9
92465.6
92567.4
92668.8
92769.6
92869.3
92967.6
93064
93158.2
93249.5
93338.3
93425.4
93508.8
93588.7
93665.4
93738.6
93808.6
93875.6
93939.7
94001.3
94060.9
94118.7
94175.6
94232
94288.6
94346
94404.8
94465.9
94529.5
94595.9
94665.5
94738.7
94815.8
94896.1
94980.6
95071.4
95164.7
95259.3
95359.4
95463.6
95568.4
95672.2
95774
95872.6
95967
96055.6
96135.9
96205.3
96263
96308.2
96340.1
96357.7
96357.5
96336.1
96293.7
96230.5
96148.7
96050.1
95936.2
95808.3
95667.3
95513.5
95347.9
95175.6
95002.4
94831.2
94666.7
94507.3
94353.3
94207.6
94072.2
93947.5
93833.2
93728.2
93631.2
93541.2
93457.1
93377.6
93301.9
93230
93161.3
93097.9
93038.9
92980.7
92921.2
92863.1
92806.8
92759.1
92720.7
92698.7
92666.1
92627.1
92601.8
92596.5
92592.2
92585.7
92585.3
92587.4
92595.1
92613.6
92630.8
92641.6
92624.2
92595.2
92566.1
92527.4
92476
92398.8
92295.8
92173.7
92020.7
91880.9
91772.2
91654.6
91563.1
91456.7
91373.1
91331.2
91178.5
90948
90759.4
90616.3
90424.9
90230.8
89993.1
89561.6
89056.6
88664.8
88436.7
88307.1
88220.8
88167.4
88128.5
88135.6
88191.4
88278.9
88430.1
88652.3
88955.7
89311.3
89719.7
90148.4
90609.8
91104.2
91607.5
92120.8
90347.9
90350.6
90356.4
90365.6
90378
90393.7
90412.9
90435.3
90461.1
90490.3
90523.2
90559.9
90600.7
90645.6
90695
90749
90807.7
90871
90938.9
91010.8
91086.3
91164.8
91246.2
91330.6
91417.7
91507.3
91599.4
91693.8
91790.3
91888.8
91989
92090.7
92194
92298.4
92403.9
92510.1
92616.8
92723.4
92829.7
92935.3
93039.6
93142.5
93243.4
93342.4
93438.2
93531.6
93622.1
93709.6
93794
93875.1
93953
94027.8
94099.9
94169.3
94236.7
94302.3
94366.8
94430.9
94495.1
94559.9
94626.1
94694.3
94764.8
94838
94914.1
94993.8
95077.2
95163.8
95252.9
95346.4
95445.1
95544.2
95645.1
95749.9
95855.8
95960
96060.8
96157.1
96247.8
96333
96410.1
96475.4
96527.1
96564.7
96588.3
96599.1
96593.4
96565.9
96516.6
96446.1
96355.3
96247.3
96124.4
95986.5
95835
95670.4
95493.1
95308.3
95122.2
94939.4
94763.5
94592.3
94425.3
94265
94115.7
93978.4
93851.8
93734.5
93626.4
93527.6
93435.9
93349.8
93270
93195.7
93126
93062.6
93005
92950.6
92896.9
92845.6
92796.6
92756.7
92729.8
92721
92714.5
92702.5
92707.6
92726.1
92744.7
92756.2
92775.9
92801.1
92839.9
92893.6
92942.7
92986.5
93000.2
93012.3
93012.7
92999.9
92983.4
92955.8
92884.5
92799.6
92672.8
92544.2
92482.7
92433
92371.8
92305.3
92284.1
92288.1
92202.9
92014.3
91868
91756.2
91581.8
91411.9
91195.6
90752.3
90198.3
89744
89460
89291.8
89165.4
89065.4
88969.8
88921.5
88946.7
89002.8
89104.8
89279.1
89531.7
89849.8
90213.5
90588.5
91004
91448.3
91908.1
92381.2
90341.3
90343.9
90349.8
90359.3
90372.3
90388.7
90408.7
90432.4
90459.6
90490.4
90524.9
90563.2
90605.4
90651.7
90702.5
90757.7
90817.3
90881.3
90949.4
91021.4
91096.9
91176
91258.7
91344.5
91433.3
91524.8
91618.9
91715.6
91814.7
91915.9
92019.2
92124.5
92231.7
92340.6
92450.9
92562.4
92674.6
92787
92899.2
93010.8
93121.8
93231.7
93340.3
93446.1
93550
93651.4
93750.4
93846.5
93939.7
94029.8
94116.8
94200.8
94282.1
94360.8
94437.2
94511.8
94585.1
94657.7
94730
94802.6
94876.4
94951.6
95029.1
95109.4
95192.5
95278.5
95367.6
95459.8
95555
95652.1
95753.1
95857.2
95960.5
96065
96170.9
96275.1
96375.4
96470.5
96558.7
96639.6
96712.1
96772.4
96819.9
96851.8
96866.4
96867.4
96854.9
96820.4
96762.4
96684.9
96588
96471.6
96338
96188.8
96025.2
95847.9
95657.9
95461
95261.6
95065.7
94877.3
94693.5
94513.2
94338.9
94176.4
94026.1
93886.5
93756.6
93637
93527.7
93427.3
93335.4
93251
93173.3
93102.8
93038.8
92982.1
92930.6
92882.6
92838.5
92801.3
92774
92758.5
92761.9
92777.3
92802.3
92841.8
92880.8
92926.7
92958.4
93000.5
93052
93128.2
93211.8
93295.9
93389.2
93455.9
93502
93516.3
93531.6
93553.7
93564.8
93525.2
93482.8
93406.3
93318.8
93313.4
93330
93291
93265.3
93292.9
93294.6
93303.3
93201.5
93123.9
93047.4
92882.9
92730.9
92530.7
92084.5
91487.8
90969.7
90623.3
90409.4
90244.7
90092.3
89943
89838.8
89812.3
89812
89868.8
90010.2
90225
90501.4
90802.5
91121.1
91470.9
91845.9
92256.7
92676.1
90335.7
90338.3
90344.3
90353.8
90367
90383.8
90404.4
90428.8
90457.1
90489
90524.6
90564.2
90608.2
90656.6
90709.2
90765.6
90826
90890.4
90959.2
91032.2
91109.3
91190
91274.1
91361.5
91452.1
91545.8
91642.3
91741.6
91843.5
91947.9
92054.8
92164.2
92275.9
92389.7
92505.2
92622
92739.6
92857.7
92975.9
93094
93211.6
93328.4
93444.3
93559.5
93672.6
93783.6
93891.7
93997.1
94099.8
94199.5
94296.3
94390.4
94481.9
94570.9
94657.5
94742.1
94825.6
94908.1
94990.1
95071.6
95153.1
95235.9
95320.4
95407.4
95497.5
95590.5
95685.7
95783.3
95883.4
95985.6
96088.9
96195.4
96302.5
96408
96512.5
96615.5
96714.7
96808.4
96894.3
96970.5
97037.9
97092.3
97133.6
97161.6
97169.4
97159.1
97138.6
97101
97036.1
96948.2
96842.4
96717.4
96572.6
96411.4
96236.3
96047
95844
95634.4
95422
95210.9
95008.2
94812.1
94620.2
94434.5
94258.6
94093.9
93940.6
93797.8
93666
93546.3
93437.9
93340
93249.9
93168.9
93097.5
93034.4
92980.5
92933.9
92892.4
92855.4
92828.6
92817
92817
92830.6
92865.1
92927.7
93006.6
93064.6
93136.8
93192.7
93258.2
93340.7
93458.2
93564.3
93698
93831.3
93957.9
94031.8
94061
94108.8
94178.2
94224.4
94233.4
94236.2
94223.9
94208.3
94278.8
94358.9
94343.1
94359.9
94403.4
94391.3
94480.4
94493.1
94519.5
94478.8
94316.1
94177.6
93979.8
93536.1
92911.1
92334.5
91921.9
91650.7
91444.1
91235.4
91039.8
90887.5
90786.9
90713.1
90734.7
90853.5
91038.6
91256.9
91479.7
91729.6
92001.3
92304.1
92648.1
93012.7
90331.9
90334.6
90340.5
90350.2
90363.7
90380.9
90402
90427.1
90456.2
90488.9
90525.8
90567
90612.8
90662.8
90716.2
90773.3
90834.8
90901
90971.7
91046.2
91124.5
91206.6
91292.5
91382
91475
91571.3
91670.6
91772.8
91877.9
91985.7
92096.6
92210.4
92326.9
92445.8
92566.5
92688.6
92811.9
92936.1
93060.9
93186.2
93311.7
93437.1
93561.9
93685.9
93808.3
93928.8
94046.7
94162
94274.7
94384.6
94491.7
94596.1
94698
94797.5
94894.5
94989.5
95083.3
95176.3
95268.8
95360.9
95452.7
95544.4
95637
95731.3
95827.8
95927.2
96028.4
96131.3
96236.3
96342.7
96449.8
96557.5
96666.3
96774.4
96879.3
96980.5
97076.3
97166.3
97249.6
97320.8
97382.9
97433.2
97466.6
97487.6
97490.4
97470
97436.7
97393.9
97325.6
97229.1
97112.4
96977.3
96821.9
96650.3
96464.8
96264.6
96049.9
95827.2
95603.3
95377.6
95160.3
94951.8
94748.7
94550.8
94361
94182
94015.7
93862.1
93719.9
93590.2
93472.6
93367.9
93272.8
93189.5
93116.5
93053
93001.2
92958.7
92925.3
92900.3
92884.2
92882.4
92901
92934.5
92983.2
93063.9
93178.2
93277.9
93375.9
93471.1
93560.7
93673.9
93823.9
93957.9
94136
94283.2
94439.7
94557
94633.9
94723.8
94848.7
94959.3
95057.1
95132.2
95179.7
95223.8
95366
95506.9
95521.3
95594
95642.2
95661.3
95771.5
95890.8
96039.7
96022.2
95859.2
95731.1
95521.1
95081.4
94446.4
93823.2
93347.6
93008.2
92750.9
92487.4
92246.3
92049.4
91866.2
91723.4
91720.3
91814.6
91961.1
92102.7
92243.9
92407.3
92595.5
92820.5
93077.5
93384.8
90331
90333.7
90339.5
90349.1
90362.8
90380.4
90402
90427.6
90457.2
90490.7
90528.3
90570.1
90616.4
90667
90722.2
90781.7
90845.7
90913.7
90985.7
91061.8
91142.3
91227
91315.3
91407.2
91502.9
91602
91704.5
91810
91918.6
92030.5
92145.6
92264.1
92385.6
92509.4
92635.3
92763
92892.4
93023.2
93155.4
93288.6
93422.6
93556.7
93690.4
93823.4
93955.6
94086.1
94214.2
94339.8
94463.1
94583.7
94701.2
94816.4
94929.3
95040
95148.1
95254.1
95358.6
95462.2
95565
95666.8
95768.5
95870.9
95973.6
96076.7
96180.4
96285.3
96392.4
96500.1
96609.1
96719.6
96830.5
96940.9
97050.1
97157.8
97263.1
97364.1
97458.7
97544.1
97623
97690.1
97744.6
97789.7
97817.4
97828.9
97826
97799
97752.1
97697.5
97624.1
97521.7
97396.3
97251.4
97086.5
96905.2
96709.5
96499.4
96274.5
96039.9
95804.6
95566.3
95336.3
95115.2
94899.7
94689.6
94487.3
94296.4
94119.3
93954.1
93799.5
93659.4
93533.6
93423.3
93325.2
93239.3
93163.7
93100.4
93050.4
93008.9
92983.2
92972.2
92972.6
92982
93010.6
93071.3
93137.5
93231.5
93351.9
93496.8
93627.5
93783.7
93908.1
94055.3
94217.2
94392.6
94590.7
94757.3
94928.3
95101.4
95253.8
95403
95580
95791.1
96004.8
96199
96338.7
96403.4
96566
96743.5
96800.2
96937.2
97024
97111.5
97213.1
97415.3
97653.9
97628.8
97476.2
97349.9
97122.7
96692.9
96068.8
95415.8
94890.1
94475.9
94155.2
93844.5
93549.9
93297
93037.1
92846.8
92818.3
92865.4
92954.2
93023.6
93095
93160.9
93251.4
93379.4
93545.5
93777.6
90334.7
90337.3
90342.6
90352.1
90365.8
90383.6
90405.7
90431.8
90461.9
90495.9
90534.2
90576.9
90624.4
90676.7
90733.3
90794.2
90859.1
90928.5
91002.5
91081
91163.9
91251
91342.2
91437.6
91536.7
91639.2
91745.1
91854.4
91967
92083
92202.6
92326
92452.3
92581.3
92712.7
92846.3
92982.2
93120.1
93259.9
93400.9
93542.9
93685.3
93827.9
93970.3
94112.1
94253.1
94391.7
94527.6
94661.6
94793.2
94921.7
95047.5
95171.3
95293.1
95412.7
95530
95646.3
95762
95876.3
95988.4
96099
96210.4
96323.5
96436.4
96549
96661
96773.5
96886.3
96999.6
97113.2
97226
97338
97449.1
97557.3
97661.4
97760.4
97853.5
97936.8
98010.1
98073.5
98121.2
98157.4
98178.7
98181.1
98169.8
98138.2
98082.3
98015.2
97935
97827.2
97694
97540.8
97367
97175.9
96969.7
96750.2
96516.5
96271.7
96022.7
95777.7
95536.1
95301.6
95073.3
94852.3
94639.9
94437.6
94248
94069.2
93904.5
93759
93630.3
93515.9
93413
93320.5
93240.5
93177.8
93131.5
93095.7
93078.9
93075.3
93089.7
93119.4
93156.2
93240.4
93329.9
93449.2
93584.9
93731.4
93892.5
94107.9
94292.6
94478.3
94649
94851.3
95056.5
95263.7
95476.6
95710.7
95945.9
96163.6
96415.2
96729.1
97025
97307.9
97591.4
97731.1
97894.7
98086.2
98198
98375
98527
98683.9
98807.5
99071.5
99296.4
99241.7
99121
98984.7
98743.4
98339.4
97752.7
97091
96534.8
96047.6
95646
95292.3
94946
94619.6
94292
94065.9
93984.9
93954.5
93955.9
93963.9
93973.1
93949.2
93938.3
93971.7
94048.3
94195.2
90345.3
90347.5
90352.5
90362.1
90375.9
90393.6
90415.9
90442.1
90472.6
90507.5
90546.7
90590.2
90638.5
90691.1
90748.4
90810.9
90878.8
90951.4
91027.6
91108
91193.2
91283.1
91377.4
91475.9
91578.4
91684.6
91794.2
91907.2
92023.8
92144.2
92268.8
92397
92528.6
92662.9
92799.7
92939.5
93082.1
93227.1
93374.2
93522.9
93672.6
93823.7
93975.6
94127.7
94279.4
94430.5
94579.8
94726
94869.9
95011.7
95150.8
95287.3
95422
95554.7
95685.4
95814
95940.9
96067.5
96193.8
96318
96440.1
96561.5
96684
96806.8
96929.1
97049.7
97168.1
97285.9
97402.9
97518.8
97634.2
97747.4
97857.4
97964.7
98068.4
98165.6
98255.4
98335.9
98404.2
98462.4
98505.1
98532.3
98545.9
98540.5
98519.2
98481.1
98417
98338
98250.5
98139.7
98000.2
97839.8
97659.3
97459.1
97243.6
97014.6
96773.8
96521.5
96261.8
96006.7
95754.2
95507.5
95267.4
95036.1
94814.1
94601.3
94399.9
94211
94042.3
93892.3
93756.6
93634.2
93526
93430.4
93349.4
93285.4
93240.7
93215.1
93209.4
93213.5
93235.7
93285.2
93338.6
93437.5
93556
93696.5
93884.9
94025.2
94198.7
94441.1
94695.1
94918
95123.1
95336.8
95548.6
95803
96087.9
96393.5
96702.6
97004.7
97379.2
97765
98103.6
98422.3
98803.7
99107.7
99355.7
99581.5
99756.9
99936.7
100143
100350
100516
100801
100914
100843
100760
100604
100351
99988.5
99469.2
98825
98257.1
97710.9
97212
96810
96425
96026.4
95634.9
95352.3
95184.4
95054.2
94936.5
94872.2
94828.4
94743.2
94652.6
94602.3
94582.3
94638.3
90366.9
90368.7
90373.9
90383.5
90396.9
90414.2
90435.9
90461.4
90491.7
90526.4
90565.8
90609.6
90657.7
90711.9
90772.5
90838.2
90907.8
90981.5
91059.9
91143.7
91232.2
91325.3
91422.7
91524.2
91629.8
91739.4
91852.7
91969.7
92090.7
92216
92345.4
92478.6
92615.2
92754.7
92897.4
93043.3
93192.6
93344.7
93499.1
93655.5
93813.3
93973
94134.1
94295.6
94456.8
94617.2
94776.1
94932.4
95085.9
95237.2
95386.3
95533.1
95677.5
95820.5
95962.6
96103.2
96241.2
96377.3
96513.5
96649.7
96784.2
96916.7
97049.2
97182.4
97313.6
97442.9
97569.3
97692.8
97814.1
97932.4
98047.8
98162.1
98272.8
98378
98478.5
98573.2
98659.5
98736.2
98799.6
98850.5
98888
98908
98913.2
98900.8
98869.5
98825
98754.7
98662.4
98563.5
98450.1
98307.9
98142.3
97956.4
97750
97527.1
97289.9
97042.8
96784.6
96517.3
96253.1
95989.8
95732.7
95482.2
95241.1
95010
94788.7
94578.4
94381.3
94203
94040.6
93893.5
93763.5
93654
93561.9
93484.5
93420.1
93376.1
93354.5
93355.7
93378.9
93410.9
93481.7
93549.8
93660.3
93815.3
93965.5
94186.5
94387.3
94575.5
94811.6
95099.3
95356.3
95609.3
95843.8
96077.8
96392.5
96748.4
97131
97501.2
97943.4
98417.3
98860.4
99273.6
99663.2
100071
100508
100867
101157
101421
101627
101866
102098
102290
102527
102527
102456
102384
102203
101936
101622
101186
100588
100019
99442
98839.2
98377.7
97964
97514.5
97060.5
96679.9
96404.4
96157.4
95914.1
95756
95661.1
95539.9
95385.8
95246.5
95134.1
95095.8
90404.4
90406.1
90411.7
90420.4
90432.4
90448.6
90467.3
90490.1
90518.5
90552.1
90591.3
90636.7
90687.8
90745.3
90807.9
90874.9
90946.7
91023.2
91104.6
91191
91282.3
91378.2
91478.7
91583.5
91692.5
91805.7
91922.8
92044.2
92169.7
92299.4
92433.3
92571.3
92713.1
92858.2
93006.7
93159.1
93314.9
93473.5
93634.9
93798.9
93964.9
94132.8
94302.2
94472.5
94642.7
94811.8
94979.2
95144.1
95306
95466
95624.5
95781.6
95936.8
96089.6
96241.1
96392.4
96541.8
96688.4
96834
96980.4
97126.5
97271.3
97413.6
97554.6
97693.8
97830.4
97965.1
98097
98223.9
98346.2
98464.3
98577.8
98687.1
98791
98888.7
98979.2
99061.1
99132.6
99191.8
99235.7
99266.1
99279.3
99275.8
99256.3
99214.4
99161.6
99089.4
98987.8
98874.8
98755.4
98612.7
98445.3
98254.6
98044.9
97815.8
97572.5
97320
97057.1
96784
96511.3
96242.2
95976.8
95717.1
95466.4
95226.6
94997.2
94778.9
94573.2
94382.5
94212
94060.6
93926.9
93813.6
93718.3
93641.6
93581.9
93544.4
93526.1
93530.9
93566.5
93608.8
93699.3
93797.8
93917.2
94099.2
94279.7
94493.4
94756.3
94976.8
95238.4
95533.1
95817.9
96101.7
96360.5
96636.9
97032.3
97439.7
97878
98345.6
98932.3
99450.7
99982.3
100504
101012
101509
102029
102421
102741
103087
103383
103658
103896
104087
104229
104173
104093
103991
103781
103501
103231
102874
102344
101778
101198
100497
99973.1
99519.9
99035.3
98512.6
98024.9
97630.4
97259
96909.9
96642
96472.7
96322.7
96104.3
95886.2
95697
95571.4
90460.2
90461.9
90467.7
90475.9
90486.8
90499.6
90514.3
90534.5
90558.7
90589.8
90629.1
90675.3
90728.5
90788.9
90854.8
90925.6
91001
91080.4
91164.7
91254
91347.8
91446.2
91549.2
91656.8
91768.9
91885.6
92006.6
92131.9
92261.6
92395.8
92534.3
92677.2
92823.9
92974.6
93129
93287
93448.6
93613.3
93781
93952.1
94125.4
94301.4
94479.1
94657.6
94835.9
95012.5
95186.8
95358.8
95528.6
95696.8
95864
96030
96194.4
96357.6
96519.6
96680.5
96840.4
96997.4
97152.1
97307.3
97463.6
97619
97771.3
97919.8
98064.7
98206.5
98345.8
98484
98619.6
98749.2
98871.4
98986.6
99095.6
99197.4
99291.8
99378
99455.3
99521
99574.8
99613.3
99635.8
99642.1
99629.8
99603.9
99553.4
99487.3
99412.7
99308.9
99182.9
99051.9
98907.4
98740.1
98548.8
98338.2
98105.2
97857.6
97601.1
97335.3
97058.2
96778.6
96504.9
96235.5
95968.1
95709.4
95461.3
95223.7
94997.8
94785
94589.3
94416.8
94261.8
94124
94003.5
93899.1
93820.3
93765
93735.7
93729.6
93743.4
93788.2
93840
93934.1
94064.1
94210.9
94401.8
94621.8
94835.9
95124.7
95379.9
95671.8
95999.5
96319.1
96613.6
96914.3
97248
97701.6
98172.9
98656.1
99260.6
99888
100499
101105
101688
102261
102875
103535
103989
104347
104750
105159
105483
105703
105876
105917
105834
105727
105569
105322
105031
104792
104500
104047
103486
102900
102154
101560
101036
100516
99920.2
99364.4
98851.1
98357
97929.8
97551.4
97263.8
97074.9
96805.4
96522
96259
96056
90539.3
90542.1
90547.3
90555.2
90567.1
90573
90585.5
90605.2
90620.9
90651.9
90690.6
90736.8
90791.9
90854.3
90922.6
90996.7
91075
91157.4
91244.2
91335.4
91431.2
91531.7
91636.9
91746.8
91861.6
91981.3
92105.7
92234.8
92368.3
92506.3
92648.8
92796
92947.5
93103.5
93263.3
93426.6
93593.3
93763.8
93937.9
94115.4
94296.3
94478.4
94663.1
94849.1
95034.1
95216.1
95395.2
95572.9
95749.8
95926.2
96102.1
96276.9
96450.6
96623.1
96794.5
96964.7
97133.8
97300.5
97465.5
97629
97792.2
97955
98115.3
98271.9
98424.1
98570.5
98712.8
98853.2
98993.3
99129.9
99259.5
99378.8
99488.4
99589
99681.6
99764.1
99836.3
99896.4
99942.6
99975
99990.8
99990.2
99970
99936.6
99882.7
99803.1
99718.2
99615.2
99484
99340.3
99189.7
99020.2
98830.6
98620.7
98388
98137.9
97879.4
97613.3
97335
97050
96771.2
96501
96227.9
95964.2
95708.2
95463.1
95229.1
95008.1
94806.3
94622.9
94458.2
94316.8
94193.1
94088.9
94013.4
93960.7
93932.9
93935.3
93955.8
94009.6
94094.2
94192.1
94338.6
94514.9
94720.3
94966.9
95199.8
95503.4
95798.9
96098.5
96458.1
96811
97141.4
97513.7
97917.3
98378.2
98934.2
99483
100164
100810
101547
102184
102806
103417
104094
104863
105437
105912
106420
106926
107285
107452
107612
107574
107450
107314
107092
106803
106499
106268
106030
105649
105095
104491
103745
103087
102477
101905
101256
100666
100056
99451.7
98957.4
98481.8
98049.3
97785.5
97471.8
97118.9
96790.8
96520.6
90626.7
90629.5
90635.9
90643.8
90655.4
90660
90670.6
90684.5
90702.7
90732
90769.5
90816.8
90872.8
90934.4
91003.8
91079.2
91158.8
91243
91331.2
91423.2
91519.8
91621.4
91728
91839.5
91956.2
92078
92204.8
92336.4
92472.5
92613.4
92759.3
92910
93065.5
93225.6
93389.2
93556.3
93727.1
93901.7
94079.9
94261.7
94446.8
94635.2
94826.3
95017.1
95205
95390
95573.6
95756.7
95939.9
96122.9
96305.7
96487.6
96668.6
96848.6
97027.6
97205.4
97381.3
97555.4
97728.3
97900
98069.8
98237.1
98401.9
98563.8
98722.9
98876.7
99023.6
99165.4
99306.3
99445
99578
99700.7
99812.8
99914.1
100006
100086
100154
100210
100250
100276
100287
100280
100254
100212
100157
100073
99975.4
99868.3
99736.1
99585.6
99429.6
99258
99069.1
98859.1
98629.8
98379.3
98120.5
97855.9
97579.8
97293.7
97009.6
96735.7
96465.6
96198.4
95936.3
95686.1
95446.4
95218
95007.6
94814
94644.3
94501
94378.1
94276.7
94202.1
94155.1
94131.3
94135.1
94169.2
94217.3
94324.9
94441.6
94600.5
94796.9
95017.2
95288.4
95545.3
95855.5
96191.2
96505.6
96874
97251
97654.5
98087
98535.9
99024.4
99624.1
100244
100921
101658
102404
103086
103782
104486
105205
106026
106713
107311
107949
108490
108856
108989
109150
109083
108905
108744
108475
108146
107826
107594
107402
107069
106520
105888
105171
104464
103787
103160
102494
101877
101202
100508
99939.9
99389.4
98829.2
98443.4
98075.2
97654.7
97283.1
96954.8
90715.4
90706.5
90712.4
90720.6
90731.8
90735.6
90746.3
90759.6
90778.7
90808.3
90846.2
90894.5
90949.9
91011.1
91081.1
91156.3
91237.2
91322.8
91411.5
91503.6
91600.4
91702.8
91810.4
91923
92040.8
92164
92292.5
92425.9
92564.2
92707.5
92855.6
93008.5
93166.6
93329.2
93495.4
93665.3
93839.1
94016.7
94198.1
94383.1
94571.9
94764.6
94959.2
95152.2
95341.6
95529.2
95716.6
95904
96092.2
96280.3
96468.2
96655.6
96842.1
97027.9
97212.2
97395.5
97577.2
97757
97934.7
98111.5
98286.7
98459.4
98628.7
98794.2
98956.7
99115.6
99268.7
99415.3
99557.5
99695.8
99829.4
99954.1
100068
100170
100261
100342
100407
100459
100496
100516
100521
100511
100481
100431
100372
100288
100183
100071
99938.2
99783.6
99622.7
99450.1
99262.3
99053.4
98828.2
98578.9
98320.1
98057.2
97784.2
97500.6
97213.8
96935.7
96666.6
96401.6
96134.4
95882.2
95639.5
95406.7
95191.5
94994.9
94825.5
94682.8
94560.7
94456.9
94377.2
94335.7
94317.4
94321
94379.8
94438.7
94539.5
94672
94839.6
95054
95289.3
95580.1
95856.3
96173.9
96534.7
96878.2
97252.1
97649.6
98124.8
98591.8
99059.1
99610.9
100218
100895
101585
102366
103081
103825
104578
105391
106187
107041
107827
108505
109231
109768
110113
110269
110435
110377
110161
109974
109681
109316
108977
108749
108591
108286
107730
107074
106387
105652
104940
104272
103616
102958
102247
101480
100832
100218
99570.2
99052.2
98618.9
98130.6
97720.9
97341.4
90810.2
90813.6
90797.5
90799
90797.9
90806.6
90817.1
90833.1
90854.8
90885.6
90926
90975.8
91031.8
91095.3
91164.9
91239.5
91322.5
91408
91496.4
91588.3
91685.1
91787.8
91896
92009.4
92128.1
92252.3
92382.1
92517
92657
92801.8
92951.2
93105.8
93266
93430.8
93599.4
93771.4
93947.5
94127.6
94311.3
94498.7
94690.4
94886.5
95083.4
95277.1
95467.5
95657
95847.4
96038.5
96230.7
96423.3
96615.8
96807.8
96999
97189.6
97378.8
97566.6
97752.8
97937.5
98119.8
98300.1
98479.2
98656.2
98830.2
98999.6
99164.2
99325.9
99483.4
99634.8
99780.3
99919.4
100053
100178
100293
100396
100487
100566
100629
100678
100712
100728
100728
100714
100681
100626
100561
100475
100366
100249
100115
99958.7
99791.6
99617.9
99430.2
99224.8
99003.4
98758.1
98499.4
98237.7
97968.2
97688.9
97402.3
97120.5
96850
96588.3
96320.2
96066
95821.4
95587
95368.9
95170.8
95001.3
94856.7
94733.8
94630.4
94551.9
94517.6
94503.1
94495.5
94563.3
94649.3
94748.3
94891.8
95064.1
95299.2
95551.2
95854.4
96144.3
96474.6
96849.9
97222.8
97617.1
98032.9
98555.5
99042.1
99530
100137
100763
101453
102191
102946
103677
104483
105277
106153
107040
107923
108783
109509
110285
110846
111141
111348
111504
111458
111245
111031
110725
110319
109952
109732
109594
109309
108742
108068
107393
106656
105929
105239
104595
103883
103151
102317
101606
100921
100233
99606.5
99089.5
98558.7
98096.5
97683.5
90918.2
90894.5
90883.4
90869
90864.2
90876.4
90885.1
90899
90924.7
90957.7
91000.9
91054.4
91113.8
91180
91250.6
91327.1
91411.7
91496.4
91584.5
91675.9
91772.4
91875.2
91983.7
92097.6
92216.9
92341.9
92472.3
92608.4
92749.6
92895.5
93046.4
93202.9
93364.5
93530.8
93700.8
93874.4
94052.3
94234.1
94419.5
94608.7
94802.9
95001.3
95198.9
95392.2
95583.2
95774.2
95966.8
96161.1
96356.6
96552.7
96749.6
96945.8
97141.5
97336.2
97529.6
97721.5
97911.7
98099.7
98286.2
98470.5
98652.7
98832.1
99008.8
99181.9
99349.5
99512.9
99673
99828.4
99976.6
100117
100249
100374
100489
100594
100684
100762
100824
100869
100900
100914
100910
100891
100855
100798
100727
100639
100527
100404
100268
100111
99939.1
99764.1
99575.3
99373.8
99155.5
98916.5
98658.6
98397.7
98131.5
97857
97573.1
97289.8
97016.2
96756.2
96491.5
96235.3
95989.7
95755.1
95534.1
95333.2
95159.3
95011.2
94890.4
94791.1
94715.7
94685.1
94675.4
94680.7
94730.3
94831.5
94934.8
95097.4
95277.3
95526.7
95800.6
96105.2
96411.6
96749.6
97136.6
97531.1
97947.9
98384.8
98930.4
99440.8
99966.4
100595
101270
101935
102685
103449
104195
105022
105883
106799
107764
108686
109584
110327
111115
111737
112007
112238
112368
112325
112146
111911
111590
111143
110736
110524
110399
110119
109543
108868
108195
107480
106733
106029
105379
104626
103853
103007
102232
101484
100767
100079
99485.4
98924.7
98425.6
97975.8
91010.9
90998.9
90991.3
90949.1
90937.4
90941.3
90949.2
90963.2
90991.5
91027.9
91072.6
91127.5
91190.8
91260.7
91335.2
91416.1
91502
91585.4
91673.7
91764.7
91861.1
91963.8
92072.3
92186.5
92306.2
92431.6
92562.6
92699.6
92842
92989
93141.1
93298.5
93460.9
93628.2
93799.3
93974.6
94153.7
94336.6
94523
94713.3
94909.1
95108.2
95305.3
95498.2
95689.3
95881.6
96075.7
96271.9
96470
96669.4
96870.1
97070.1
97269.6
97468
97664.8
97860
98053.7
98244.9
98434.2
98621.3
98806.3
98988.4
99167.3
99343
99513.7
99679.1
99840.3
99997.6
100148
100289
100421
100546
100661
100766
100857
100933
100993
101036
101063
101075
101068
101045
101006
100946
100870
100780
100665
100538
100400
100243
100068
99889.8
99700.6
99501.2
99286.7
99052.9
98798.2
98538
98274.6
98004
97724.9
97442.8
97166.2
96905.4
96644.7
96390.3
96144.2
95910
95687.2
95482.1
95304.7
95158.8
95041.1
94944.5
94863.4
94826.5
94823
94850.4
94896.6
95008.4
95114.2
95289.9
95485.7
95736.7
96033.5
96332.2
96655.2
96999.2
97396.3
97804.4
98232.5
98685.4
99239.3
99782.8
100345
100981
101700
102343
103098
103885
104627
105449
106363
107323
108341
109300
110221
110959
111708
112367
112689
112908
113019
112989
112852
112600
112257
111782
111337
111115
110992
110698
110124
109452
108795
108106
107335
106618
105945
105183
104358
103519
102710
101914
101166
100443
99797
99213.1
98682.3
98201.7
91095.8
91104.7
91077.6
91031.7
91014.3
91010.9
91015.6
91035.6
91062.7
91101.9
91147.6
91201.4
91265.3
91337.8
91416.3
91501.2
91588
91674.5
91761.7
91853.1
91949.7
92052.3
92160.7
92275.1
92395.3
92520.9
92652.4
92790
92933.1
93080.9
93233.7
93391.9
93555.2
93723.1
93895.2
94071.3
94251
94434.8
94621.5
94812.6
95009.5
95208.6
95404.5
95596.3
95787.4
95979.5
96173.6
96370.8
96571.1
96773.6
96977.9
97181.8
97384.9
97586.6
97786.1
97984
98180
98373.9
98565.6
98755
98942.1
99126.2
99307.2
99484.7
99657.7
99825.2
99987.4
100145
100297
100439
100571
100695
100810
100916
101006
101081
101139
101179
101204
101213
101203
101177
101135
101072
100992
100899
100783
100651
100511
100353
100178
99995.4
99807.5
99607.2
99397.5
99167.8
98918.2
98659.8
98398
98130.6
97856.4
97577.5
97301
97037.4
96780.8
96528.4
96283
96050.9
95829
95621.1
95442.4
95298.9
95181.8
95085.8
95011.4
94964.6
94957.9
94996.7
95048.3
95171.4
95283.1
95463.6
95676.7
95928.9
96240.5
96532.3
96871
97221.7
97622.4
98040.1
98477.9
98942
99492.3
100073
100644
101296
102029
102684
103451
104224
104967
105798
106737
107736
108771
109737
110664
111412
112096
112732
113135
113352
113454
113446
113341
113079
112714
112220
111755
111506
111367
111049
110485
109802
109165
108485
107727
107007
106319
105551
104705
103881
103042
102222
101442
100691
100019
99403.7
98852.6
98354.9
91121.4
91120.1
91102.6
91082.9
91075.6
91078.4
91088.2
91113.5
91142.4
91183.2
91228.3
91279.7
91342
91414.9
91495.6
91581.5
91669.5
91759
91845.7
91939.1
92036.5
92139.3
92247.9
92362.5
92482.9
92608.7
92740.6
92878.7
93022.3
93170.7
93324.2
93483.2
93647
93815.2
93987.9
94164.1
94344.8
94529.1
94715.6
94907.3
95104.3
95302.6
95497
95687.8
95877.9
96068.3
96261.3
96458.7
96660.6
96866.2
97074.2
97282
97488.9
97693.9
97895.7
98096
98293.9
98489.5
98682.9
98874.1
99062.5
99248.2
99430.7
99609.2
99783.4
99952.7
100116
100274
100426
100569
100701
100825
100939
101043
101133
101206
101263
101302
101325
101331
101319
101290
101245
101180
101097
101001
100883
100748
100604
100446
100270
100084
99896.5
99694.2
99488.1
99263.5
99018.2
98763.5
98503.3
98238.4
97967.7
97693.1
97419.4
97153.8
96898.9
96649
96406.1
96174.1
95953.8
95750.6
95570
95420.5
95305.8
95208.5
95146.9
95101.3
95090.4
95131.7
95193.7
95312.9
95436.3
95616.8
95846.4
96101
96418.6
96705.2
97057.7
97416.6
97811.9
98239.4
98682.1
99159
99702.4
100303
100877
101534
102260
102954
103718
104463
105205
106038
106993
108026
109056
110003
110903
111682
112323
112896
113352
113591
113686
113694
113604
113331
112945
112429
111969
111694
111532
111183
110623
109929
109282
108598
107913
107192
106522
105749
104914
104094
103222
102397
101595
100824
100138
99496.7
98939.2
98427.3
91099.8
91112.5
91120.8
91118.5
91116.5
91126.5
91152.3
91186.4
91224.1
91264.9
91307.7
91357.2
91418.9
91491.7
91573.5
91659.7
91747.6
91837.5
91927.6
92022.4
92121.2
92224.5
92333.3
92448
92568.5
92694.4
92826.7
92965.3
93109.5
93258.5
93412.6
93572.1
93735.9
93904.4
94077.3
94253.7
94435
94618.8
94805.3
94997
95193.8
95391.1
95584.1
95773
95960.3
96149.5
96340.5
96537
96739.7
96948
97159.8
97371.6
97581.7
97789.8
97994.1
98196.1
98395.6
98592.8
98787.3
98979.6
99169.2
99356
99539.4
99718.9
99893.7
100064
100229
100387
100538
100682
100814
100938
101050
101153
101241
101312
101368
101406
101428
101432
101418
101386
101338
101271
101185
101086
100967
100828
100682
100522
100347
100157
99967.7
99765.8
99560.4
99342.2
99099.7
98848.2
98591.1
98328.9
98060.5
97789.7
97519.7
97254.3
97000.5
96753.2
96512.5
96281.2
96063.9
95863.8
95682.7
95532.4
95413
95313.2
95256.3
95219.2
95209.6
95256.5
95331.1
95435.3
95571.9
95750.8
95993.5
96252.9
96570
96855.5
97214.5
97577.6
97966.4
98404.8
98839.9
99335.3
99863.2
100462
101051
101697
102394
103123
103887
104594
105345
106168
107137
108184
109188
110098
110948
111743
112355
112879
113359
113635
113722
113734
113649
113356
112950
112410
111957
111674
111489
111112
110535
109855
109170
108503
107867
107185
106526
105768
104948
104129
103246
102430
101615
100844
100140
99495.5
98928.8
98421.7
90981.9
91095.6
91134.6
91147.8
91156.1
91164.9
91202.6
91251.6
91298.1
91339.6
91381.5
91431
91493.3
91567.4
91649.5
91736.2
91824.3
91914.8
92005.9
92102.6
92203.3
92307.5
92416.8
92531.7
92652
92778.1
92910.7
93049.7
93194.5
93343.9
93498.4
93657.8
93821.6
93990.5
94163.1
94339.7
94521
94704.4
94890.8
95082.3
95278.6
95474.8
95666.2
95853.2
96038.1
96224.7
96412.8
96607.7
96810.7
97020.9
97236.2
97452
97665.2
97875.9
98082.4
98285.8
98486.4
98684.5
98880.2
99073.1
99263.5
99451.1
99635.1
99815.4
99990.8
100161
100326
100485
100636
100778
100911
101034
101146
101246
101333
101403
101457
101494
101514
101516
101500
101465
101415
101345
101257
101154
101034
100893
100744
100583
100407
100215
100022
99822.3
99615.9
99403.3
99164.1
98914.5
98661.6
98401.8
98136.4
97868.2
97601.2
97337.5
97085.5
96840.2
96601
96373.4
96157.5
95958.7
95778.4
95630.6
95508.5
95408.6
95347.9
95320.9
95313
95363.2
95448.2
95540.5
95687.4
95867.3
96115.4
96381.6
96695.2
96984.7
97338.6
97705.2
98085.7
98536.1
98955
99471.3
99976.5
100553
101159
101802
102449
103199
103958
104621
105388
106195
107171
108207
109169
110033
110818
111600
112185
112679
113173
113488
113566
113575
113486
113167
112742
112189
111735
111451
111228
110839
110230
109582
108871
108245
107618
106996
106337
105597
104790
103991
103123
102315
101494
100737
100017
99392.5
98815.1
98337.2
90887.2
91112
91196.1
91204.9
91210.6
91221.4
91255.7
91314
91365
91406.9
91450.6
91501.2
91562.8
91638.1
91721.2
91807.9
91895.8
91986.9
92077.6
92176
92277.9
92383.6
92494.1
92609.6
92729.9
92856
92988.7
93128
93272.9
93422.6
93577.3
93736.7
93900.7
94069.6
94242
94418.8
94599.7
94783
94969.2
95160.2
95356
95551.2
95741.1
95926
96108.2
96290
96477.2
96670.5
96873
97084.5
97302.5
97521.7
97738.1
97951.1
98159.2
98363.9
98565.4
98763.9
98960.2
99153.5
99344.2
99532
99716
99896.5
100072
100243
100408
100566
100717
100859
100991
101114
101225
101323
101409
101477
101531
101566
101584
101583
101566
101529
101476
101404
101313
101207
101087
100945
100791
100629
100452
100259
100061
99863.7
99654.8
99445.8
99212.6
98963.2
98713.7
98457.1
98195.3
97928.7
97663.6
97402.6
97151.6
96908.7
96671.2
96447.4
96232.3
96034.4
95855.8
95710.9
95594.3
95494.6
95432.6
95408.3
95401.3
95450.4
95540.7
95626.5
95784.1
95968.4
96212.5
96482.8
96787
97084.3
97426.5
97803.1
98176.5
98633.1
99036.7
99564
100058
100581
101203
101848
102450
103197
103938
104571
105336
106133
107094
108096
109004
109826
110548
111297
111869
112341
112824
113167
113238
113241
113134
112790
112346
111801
111346
111047
110766
110365
109745
109125
108417
107840
107222
106639
105973
105249
104471
103702
102851
102049
101232
100498
99778.8
99182
98608.8
98163.5
91108.2
91295.2
91243.4
91292.2
91289.1
91295.5
91326.9
91383.3
91434.5
91475.3
91520.5
91572.2
91633.4
91708.9
91793.4
91880.3
91966.3
92057.1
92150.1
92248.7
92351.3
92458.2
92570.1
92686.3
92806.8
92933
93065.8
93205.2
93350.1
93499.8
93654.7
93814.1
93978.4
94147.2
94319.3
94496.2
94676.8
94859.9
95045.5
95236
95431.2
95625.2
95813.7
95996.8
96176.5
96355.7
96539.8
96730.6
96931.8
97144.2
97364.6
97586.8
97805.9
98020.8
98230.2
98435.7
98637.9
98836.7
99033.1
99226.5
99417.2
99605.1
99789
99969.4
100145
100316
100480
100638
100789
100930
101062
101183
101294
101391
101475
101542
101593
101626
101643
101640
101622
101582
101527
101453
101360
101251
101129
100987
100829
100664
100486
100294
100091
99893
99681.4
99475.5
99248.1
98999.6
98750.4
98498.7
98241.1
97975.6
97711
97452.9
97202.8
96962.9
96727.5
96506
96292.9
96097.6
95921
95775.4
95667.2
95566.4
95509.7
95482.7
95477.9
95524
95609.9
95694.2
95860.2
96055.7
96292.3
96564.3
96851
97151.9
97485.5
97873.2
98244.8
98693.4
99093.4
99612.3
100112
100568
101199
101841
102393
103125
103831
104458
105189
105989
106920
107867
108711
109483
110156
110869
111434
111888
112342
112689
112754
112748
112617
112253
111795
111267
110813
110487
110150
109713
109108
108496
107848
107264
106694
106115
105444
104742
104007
103257
102430
101644
100844
100131
99445
98871.4
98329.1
97908.3
91374.8
91518.8
91285
91342.6
91365
91386.9
91423
91471.9
91517.5
91556.9
91601.3
91653.3
91716.6
91792.3
91877.2
91965.1
92046.1
92138.3
92232.5
92331.8
92435.4
92543.6
92656.3
92772.7
92893.3
93019.6
93152.5
93291.8
93436.6
93586.3
93741.2
93900.6
94065
94233.3
94405.3
94581.9
94762.2
94944.6
95129.3
95319.3
95513.5
95706.1
95893.2
96074.7
96251.7
96427.9
96608.3
96796.1
96995.6
97207.8
97430
97654.8
97876.4
98092.9
98303.3
98509.1
98711.2
98909.7
99105.9
99298.9
99489.3
99676.9
99860.5
100041
100216
100386
100550
100707
100857
100998
101128
101248
101358
101453
101535
101600
101650
101681
101696
101691
101670
101629
101570
101495
101399
101287
101162
101020
100857
100690
100510
100318
100113
99910.2
99698.4
99491.1
99268.8
99025.3
98774.4
98526.1
98273.6
98010.5
97746.7
97490.4
97240.2
97002.9
96769.8
96550.1
96340.8
96150.1
95974.9
95825.9
95719.6
95622
95572.9
95541
95538.8
95582.7
95660.2
95748.5
95919
96124.1
96355.6
96625.9
96893.2
97192.5
97521.5
97912.6
98285.6
98713.3
99120.3
99612.8
100113
100523
101157
101765
102271
102976
103628
104263
104937
105738
106630
107509
108289
109002
109641
110313
110868
111303
111722
112045
112105
112089
111928
111552
111093
110586
110134
109776
109392
108913
108331
107726
107131
106523
105995
105412
104755
104075
103382
102653
101870
101100
100334
99652.4
99018.8
98472.7
97982.2
97586.7
91002.2
91333.9
91361.3
91423.2
91451.1
91486.5
91526.5
91572.3
91610.9
91649.5
91693.5
91746.4
91813.1
91890.9
91974.8
92060.4
92141.4
92232.8
92327.8
92427.1
92531.4
92640.6
92753.8
92870.3
92991.1
93117.5
93250.5
93389.7
93534
93683.7
93838.3
93997.5
94161.7
94329.5
94501
94677.1
94856.9
95038.3
95222.1
95410.9
95603.5
95794.8
95980.9
96160.7
96335.1
96508.1
96684.8
96869.5
97066.3
97276.7
97499.2
97725.8
97949.2
98166.8
98377.8
98583.5
98785
98982.9
99178.3
99370.6
99560.2
99746.9
99929.8
100109
100283
100452
100615
100772
100920
101060
101189
101307
101415
101508
101588
101652
101699
101729
101741
101734
101709
101667
101604
101527
101428
101314
101185
101042
100878
100704
100524
100330
100123
99916.9
99703.9
99491.3
99272.4
99034.6
98786.4
98538.1
98287.6
98029
97768.4
97513.4
97263
97025.7
96796.5
96575.8
96370.6
96183.5
96010.9
95863.6
95747.8
95654.6
95608.1
95572.3
95574.4
95623.6
95694.2
95789.3
95964
96165.8
96390.9
96656.6
96908.6
97206.5
97534.6
97916.1
98290.2
98690.8
99102.7
99569.7
100053
100443
101072
101609
102088
102747
103332
103965
104595
105372
106223
107027
107744
108403
109016
109642
110183
110592
110971
111244
111299
111270
111084
110705
110261
109776
109319
108921
108494
107985
107437
106842
106249
105637
105118
104532
103919
103264
102619
101927
101184
100427
99716.2
99082.3
98509.2
98006.5
97566.8
97217.9
90848.4
91153.4
91467.6
91558.9
91580
91608.7
91644.3
91682.8
91718.5
91757.3
91801.7
91856.8
91927.8
92006.1
92087.2
92170.7
92252.6
92342.8
92437.9
92537.2
92641.3
92750.2
92863.6
92980.9
93102.1
93228.7
93361.7
93500.3
93644.1
93793.5
93947.6
94106.6
94270.2
94437.1
94607.9
94783.3
94962.2
95142.4
95324.8
95511.9
95702.8
95892.6
96077.5
96256.2
96428.4
96598.1
96771.4
96953
97146
97353.6
97574.7
97801.6
98025.4
98243
98453.5
98658.5
98858.8
99055.5
99249.6
99440.7
99629
99814.2
99995.9
100174
100347
100514
100676
100830
100977
101115
101243
101359
101464
101556
101633
101695
101739
101767
101776
101768
101739
101695
101628
101548
101448
101329
101197
101051
100889
100708
100525
100330
100121
99909.8
99694.2
99477.3
99257.6
99025.1
98781.7
98531.9
98283.3
98028.9
97772
97517.6
97266.6
97028.6
96804.4
96580.6
96379.8
96193.5
96025.5
95884.9
95756.7
95667.8
95618.7
95585
95596.8
95649.3
95710.6
95814.7
95988.8
96180.3
96395.6
96652.4
96894.8
97187.7
97516.5
97879.8
98251.9
98623.5
99027.7
99473.1
99929.7
100312
100925
101373
101840
102447
102959
103563
104173
104899
105700
106427
107086
107704
108288
108869
109385
109764
110095
110303
110353
110309
110101
109733
109305
108846
108390
107949
107468
106945
106422
105825
105204
104614
104094
103508
102949
102336
101749
101106
100392
99670.6
99021.6
98439.4
97938.7
97479.3
97086.7
96788.2
91536.4
91365.6
91668.7
91721.5
91732.7
91747
91779.9
91813.9
91847.1
91884.2
91927.6
91988.4
92061.7
92138.7
92217.8
92299.2
92381.8
92470.5
92565.2
92664.3
92767.8
92876.1
92989.1
93106.4
93227.7
93354.7
93487.7
93625.6
93769
93917.8
94071.1
94229.3
94391.9
94557.8
94727.6
94901.9
95079.4
95258.1
95438.7
95623.4
95812.1
96000.2
96184
96361.9
96532.6
96700.1
96869.6
97049
97238.2
97441.5
97658.9
97883.7
98106.5
98322.5
98531.1
98734.1
98932.2
99126.7
99318.4
99507.5
99693.9
99876.9
100057
100232
100404
100569
100729
100882
101027
101162
101288
101403
101505
101594
101668
101727
101769
101794
101800
101789
101757
101710
101642
101555
101455
101332
101196
101045
100882
100700
100508
100315
100103
99885.4
99668.4
99445.8
99222.1
98994.1
98756.2
98503.2
98257.6
98006.2
97755.1
97502.9
97250.8
97011.4
96787.3
96563.4
96364.6
96179.5
96016.9
95879.8
95749.6
95668.3
95614
95585.8
95610.1
95651
95701.3
95817
95984.8
96165.8
96370.7
96612.5
96849
97132.8
97458.2
97799.7
98162.9
98508.6
98893.3
99310.2
99731.5
100091
100706
101053
101513
102064
102511
103060
103653
104332
105064
105715
106325
106908
107464
107996
108477
108824
109098
109248
109284
109214
108986
108656
108250
107814
107358
106871
106352
105810
105270
104657
104017
103467
102945
102384
101859
101322
100799
100197
99554.7
98896.2
98283.5
97751
97310.8
96892.7
96557.2
96300.8
92216.7
91804.8
91914.7
91903.2
91890.9
91893.2
91931.5
91970.9
92001.3
92036.4
92082.8
92148
92222.1
92296.7
92372.1
92451.2
92534
92620.6
92713.6
92811.7
92914.2
93021.3
93133.3
93249.8
93371.1
93498.6
93631.3
93768.6
93911.3
94058.9
94210.9
94367.9
94529.1
94693.6
94861.8
95034.4
95210.1
95386.9
95564.8
95746.8
95932.6
96118.3
96301.1
96478.4
96648.5
96815.1
96983.2
97159.5
97344.1
97541.6
97753.2
97973
98191.7
98404.3
98609.6
98809.3
99004.1
99195.5
99384
99570
99753.5
99933.8
100111
100284
100453
100616
100774
100924
101066
101199
101322
101434
101534
101620
101691
101747
101786
101808
101810
101796
101762
101710
101640
101548
101443
101319
101178
101023
100856
100673
100476
100278
100067
99841.8
99620.8
99394.7
99165.3
98933.5
98703.9
98448
98204.2
97957.6
97709.8
97461.6
97214.7
96975.1
96747.9
96528.2
96330.2
96144.4
95984.9
95845.7
95722.9
95647.5
95587.9
95565.2
95589.8
95612.7
95658.1
95789.1
95946.5
96114
96310.9
96534.6
96765.5
97039.3
97356.4
97674.3
98015.9
98334.7
98694.7
99080.2
99461
99797.4
100375
100661
101095
101587
101982
102463
103017
103658
104312
104895
105470
106010
106544
107030
107463
107776
107984
108079
108081
107983
107755
107462
107111
106697
106231
105700
105155
104586
103993
103361
102741
102222
101693
101189
100682
100244
99778.9
99247.7
98699.5
98077.5
97497.1
97020
96617.9
96251.2
95970.8
95757.9
92392.8
92068.9
92086
92070.6
92060.7
92069.8
92102.9
92137
92170.6
92209
92259.8
92321.7
92387.5
92455.4
92527
92603.9
92685.6
92771.3
92862.7
92959.4
93060.7
93166.5
93277.3
93392.9
93514.2
93641.5
93773.2
93909.5
94051.5
94198.2
94349.1
94504.9
94664.6
94827.2
94993.6
95164.2
95337.8
95512.3
95687.7
95866.5
96049.1
96232.5
96414.1
96591
96761.6
96928.7
97096.6
97269.8
97450.2
97641.9
97846.6
98059.7
98272.4
98479.6
98679.9
98875
99065.8
99253.4
99438.4
99621
99801.3
99978.5
100153
100323
100489
100649
100804
100951
101090
101221
101341
101450
101547
101630
101699
101752
101787
101806
101806
101788
101751
101694
101621
101526
101416
101290
101145
100986
100813
100629
100430
100222
100014
99781.1
99553.9
99323.7
99091
98852
98616
98373
98126.2
97882.6
97635.9
97387.4
97146.3
96909.7
96682.7
96468.2
96276.5
96088.4
95930.4
95782.9
95670.2
95592.9
95528.6
95503.5
95512.4
95529.1
95587.6
95730.6
95868.7
96025
96213.3
96415.1
96640.4
96906.6
97207
97502
97812.9
98100.7
98429.4
98781.5
99124.6
99449.2
99937.7
100206
100594
101015
101376
101785
102293
102885
103458
103981
104514
105017
105522
105963
106338
106615
106758
106789
106738
106619
106415
106143
105846
105479
105013
104430
103843
103234
102599
101969
101396
100867
100362
99887
99412.6
99058
98664.9
98235.4
97721.8
97114.3
96600.1
96189.2
95833.1
95524
95291
95121.9
92427.1
92268.2
92229.7
92221.7
92245.2
92261.4
92280.6
92307.5
92342
92384
92433.8
92488.1
92547
92611.2
92681.2
92756.7
92836.8
92921.8
93012.1
93107.8
93208
93312.6
93422.2
93536.9
93657.3
93783
93913.4
94049.2
94191.1
94336.7
94486.3
94640.9
94798.8
94959.3
95123.6
95291.7
95463
95635.1
95807.8
95983.6
96162.8
96343.6
96523.4
96699.8
96871.1
97039.1
97209.7
97378.3
97554.6
97740.3
97937.7
98143
98348.3
98549
98743.6
98933.3
99119.3
99302.7
99483.6
99662.3
99838.9
100013
100183
100350
100513
100670
100822
100967
101103
101231
101348
101454
101548
101628
101693
101743
101776
101791
101788
101766
101727
101666
101588
101491
101376
101245
101098
100935
100756
100569
100368
100153
99938.5
99707.4
99473.8
99236.4
98996.9
98755.1
98510.9
98269.2
98022.8
97780.4
97535.6
97289
97050.1
96815.5
96589.8
96378.7
96187.8
96003.2
95847.4
95691
95585
95495
95425.3
95399.7
95402.8
95426.8
95503.6
95638
95749.1
95899.1
96076
96253.5
96471.3
96733.7
97006.6
97276.1
97553.6
97815.1
98099
98413.5
98723.4
99042.6
99412.5
99685.4
100012
100355
100698
101045
101505
102026
102515
102987
103459
103939
104405
104796
105116
105355
105444
105439
105378
105211
105025
104821
104512
104179
103710
103088
102450
101792
101160
100565
100010
99475.8
99000.2
98497.2
98078.2
97783.4
97492.5
97111.6
96580.1
96055.1
95623.4
95284.3
94983.3
94735.7
94545.5
94419.2
92548.5
92481
92442.8
92437.7
92459.2
92471.3
92486.9
92512.1
92544.5
92584.1
92629.8
92680.5
92737.6
92801
92869.9
92943.4
93021.4
93104.1
93191.9
93285.7
93384.2
93487.3
93595.4
93709.1
93827.9
93951.7
94080.7
94215.9
94356.1
94499.3
94647.4
94800.4
94955.8
95113.5
95274.4
95439.3
95607.3
95776
95945.3
96117.1
96292.2
96469.2
96646.2
96821.2
96992.2
97159.8
97327.8
97496.6
97669.5
97849.1
98037.9
98233.3
98429
98620.8
98807.8
98990.9
99170.7
99348.4
99524.3
99698
99869.9
100039
100206
100369
100527
100681
100829
100970
101103
101227
101341
101444
101534
101611
101673
101719
101748
101760
101753
101727
101683
101620
101537
101436
101317
101180
101029
100861
100678
100484
100281
100063
99835.8
99605.2
99369.5
99125.6
98875.3
98631.8
98384.1
98137.5
97884.2
97643.9
97395.9
97154.1
96916.2
96681.5
96456.8
96246.9
96049
95873.7
95717.7
95565
95465.6
95361.9
95295.8
95280.2
95278.7
95302.7
95382.1
95489.7
95577.2
95726.2
95887.8
96043.7
96254.9
96508.5
96748.6
96988
97228.5
97459.4
97695.8
97969.2
98248.7
98540
98816.9
99084.2
99344.3
99619
99941.9
100245
100640
101074
101483
101911
102330
102786
103211
103551
103829
104024
104105
104153
104131
103897
103683
103570
103230
102871
102397
101758
101079
100390
99774.1
99217
98660.4
98135.6
97630
97108.2
96741.5
96506
96266.1
95900
95427.6
95022
94669
94366.1
94100.3
93913.6
93759.9
93679.3
92755
92731.9
92719.1
92716
92715.9
92720.4
92736.3
92758.5
92787.1
92824.3
92867.7
92917.3
92972.9
93034
93099.3
93168.9
93244.2
93324.7
93409.4
93500.8
93597.2
93698.1
93804.2
93915.6
94032.2
94153.8
94280.7
94413.1
94549.9
94691
94837.8
94988.4
95140.1
95293.5
95450.3
95611
95774
95937.9
96102.6
96269.3
96439
96611.1
96783.7
96955.5
97124.5
97290.5
97455.8
97622.6
97792.1
97965.2
98144
98327.7
98512.1
98693.4
98870.7
99045.2
99217.4
99388.2
99557.7
99725.5
99891.6
100055
100217
100374
100528
100677
100821
100958
101086
101207
101317
101416
101502
101575
101633
101675
101700
101708
101697
101667
101618
101550
101462
101357
101233
101091
100934
100762
100574
100373
100164
99942.7
99709.7
99471.2
99229.6
98984.1
98731.2
98479
98224.3
97968.2
97710.8
97464.9
97215.6
96977.1
96738.4
96504.4
96279
96067.1
95861.7
95688.3
95527.8
95389
95290.2
95186.9
95136.6
95111.1
95088.3
95111.7
95193
95272.2
95352.2
95502.5
95645.4
95781.9
95991.3
96227.8
96432.3
96634.5
96829.4
97013.6
97231.8
97446.7
97691.5
97927.4
98133.2
98382.7
98592.2
98814.4
99101.3
99363.4
99687.1
100032
100370
100750
101144
101567
101948
102251
102498
102674
102805
102934
102908
102663
102419
102317
101989
101589
101085
100451
99761.2
99061.5
98475.2
97902.8
97351.6
96788.4
96226.2
95753.9
95414.3
95211.4
94956.3
94638.1
94292.4
93984.7
93681.8
93382.2
93181.8
93036.8
92953
92925.4
93025.3
93015.8
93013.1
93015.9
93018.4
93025.4
93039.3
93059.2
93085.3
93119.6
93161.1
93207.7
93259.5
93315.9
93377.5
93444.3
93516.6
93594.2
93676.7
93764.2
93856.9
93954.6
94057.2
94165
94278
94396.1
94519.2
94647.4
94780.6
94919
95062.2
95207.7
95353.6
95501.7
95653.7
95809.3
95966.5
96124.1
96282.2
96442.6
96606
96771.4
96937.3
97103.2
97267.4
97428.7
97589.8
97752.5
97916.2
98081
98248.9
98420.3
98592.4
98762
98928.5
99093
99256.1
99418.5
99580.1
99740.6
99899.7
100057
100212
100363
100512
100655
100793
100925
101049
101165
101270
101365
101448
101516
101570
101607
101628
101631
101615
101580
101527
101453
101361
101250
101121
100973
100810
100632
100439
100232
100013
99786.8
99550.5
99302.6
99052.2
98802.5
98547.6
98286.7
98017.6
97752.6
97495.1
97242.2
96997.6
96756.2
96517.5
96286.7
96060.8
95850.6
95643.2
95462.7
95298.8
95168.1
95052.2
94957.7
94909.3
94859.4
94837.5
94874
94948.2
94999.8
95081.6
95224.5
95352.6
95461.9
95666
95885.5
96049.6
96215.1
96359.2
96525.7
96693.3
96857.1
97052
97201.7
97364.6
97576.4
97755.7
97942.5
98171.9
98393.3
98645.8
98898.9
99177.1
99516
99903.8
100293
100631
100909
101147
101356
101536
101628
101544
101378
101184
100994
100703
100291
99773.7
99189.5
98487.5
97808.9
97229.2
96628.9
96047.9
95416.6
94852.8
94424.1
94102.6
93874.5
93589.3
93321.6
93078.7
92866.2
92635.8
92394.6
92292.1
92184.1
92163.4
92178.7
93373.1
93368.7
93368.2
93371.7
93378.5
93389.2
93404.2
93424.1
93449.6
93481.2
93519
93559.7
93607.6
93660.8
93719.2
93782.3
93850.4
93923.6
94001.6
94084.4
94172.5
94265.5
94363.4
94466.1
94574.1
94687.1
94805.2
94928.2
95056.1
95188.4
95324.3
95461.9
95600.9
95742.9
95888.8
96037.2
96186.4
96335.8
96486.4
96639.5
96795
96951.9
97109.5
97266.4
97421.2
97574.2
97728.3
97883.2
98037.5
98192.1
98349
98507.7
98666.1
98822.5
98976.7
99130
99282.6
99435.3
99587.5
99738.9
99889.4
100038
100185
100330
100471
100608
100740
100866
100985
101095
101196
101286
101363
101427
101476
101509
101525
101523
101502
101462
101403
101324
101226
101109
100973
100820
100650
100464
100265
100051
99823.2
99587.8
99345.4
99092
98833.4
98571.4
98308.9
98042.5
97772
97501.2
97234.4
96979.2
96729.2
96477.7
96236.6
96001
95773.4
95568.2
95363
95187.5
95028.8
94897.8
94770.1
94688.2
94622.2
94569.5
94568.8
94597.8
94637.5
94669.5
94752.7
94889.9
95005.2
95071.4
95279.4
95446.8
95576.1
95723.7
95846.2
95965.9
96058.6
96192.1
96319.7
96381.4
96542.8
96678.6
96825
96996.8
97160.1
97335.2
97513.3
97681.7
97910.2
98232.2
98612.2
98970.6
99275.8
99541.3
99796.5
100040
100188
100157
100087
99994.2
99892
99658.2
99361.6
98987.3
98498.9
97965.8
97279.4
96633.7
96015.5
95391.6
94744.8
94102.3
93543
93121.2
92793.8
92492.5
92170.2
91924.5
91759.5
91686.3
91579.6
91497.9
91408.6
91381.6
91345.1
91407.2
93815.4
93813.2
93814.4
93818.2
93825
93835.6
93850.5
93869.5
93893.2
93921.7
93955.3
93993.8
94037.3
94086.2
94139.9
94194.8
94258.1
94325.7
94397.9
94474.7
94556.5
94643
94734.3
94830.3
94931.1
95036.7
95147.1
95262.2
95381.6
95504.6
95630.7
95759.2
95890.1
96024
96160.4
96298.3
96437
96576.5
96717.4
96860.3
97005.1
97151.5
97298.2
97441.2
97583.2
97726
97869.4
98012.4
98154.8
98297.8
98442
98585.8
98728.1
98869
99009.6
99150.4
99291.3
99432.5
99573.8
99714.8
99855.1
99994.4
100132
100268
100401
100530
100655
100774
100887
100991
101087
101171
101243
101302
101346
101374
101384
101377
101351
101305
101241
101155
101051
100927
100784
100624
100446
100252
100044
99822.4
99587
99342.5
99091.2
98832.6
98565.8
98293
98020
97749.8
97484
97201.9
96928
96665.8
96400.6
96143.8
95895.7
95650.3
95422.1
95212.9
95003.2
94834.2
94681.5
94552.1
94427.4
94351.4
94272.1
94234.3
94225.5
94227.7
94244.4
94278.2
94354.3
94495.2
94568.8
94640.1
94797.9
94913.6
95018.4
95130.1
95217.8
95281.8
95291.3
95420.5
95501.3
95510.3
95665.7
95679.2
95789.8
95971.1
96060.2
96176.7
96282.3
96393
96594
96911.1
97275.6
97606.2
97900.7
98172.9
98448.8
98671.8
98725.2
98713.1
98700.4
98625.5
98510.4
98312.8
98050.2
97716.8
97261.1
96768.2
96142.5
95503.6
94857.1
94173.2
93492.6
92851.4
92286.4
91842.9
91466.4
91081
90716
90489
90421
90470.9
90518.3
90626.7
90504
90575.4
90521.2
90652
94374.6
94372.3
94372.9
94375.9
94381.8
94391
94403.8
94420.3
94440.8
94465.5
94494.4
94527.4
94564.8
94606.4
94652.4
94702.6
94757.9
94817.6
94881.2
94949.6
95022.6
95100.1
95182.2
95268.7
95359.7
95455
95554.5
95658.1
95765.6
95876.4
95990.4
96107.1
96226.4
96348.2
96471.8
96596.6
96722.2
96848.4
96975.7
97104.4
97234.6
97364.8
97493.3
97622.2
97750.7
97878.6
98005.9
98134.2
98263
98391.1
98518
98643.9
98769.6
98895.1
99021.2
99147.9
99275.3
99403.4
99531.7
99660.5
99789.1
99917.1
100044
100170
100293
100414
100530
100642
100747
100845
100935
101013
101080
101134
101172
101195
101200
101187
101155
101103
101032
100940
100828
100698
100546
100377
100192
99988.8
99771.3
99542.4
99299.1
99044.9
98785.4
98517.8
98242
97962.2
97681
97404.1
97123.9
96837.4
96565
96289.1
96020.3
95763.2
95508.3
95260.8
95029.8
94807.2
94603.6
94421.9
94271.4
94142.6
94000.8
93940.4
93845.3
93802.9
93780.6
93775.1
93799
93842.1
93910
93999
94060
94125.8
94224.7
94299.2
94368.5
94422.3
94455.7
94464.3
94448.1
94571.7
94603.2
94594.5
94712.4
94559.3
94701
94859.1
94859.8
94912.7
94961.7
95048.4
95258.6
95567.1
95909.9
96221.1
96518.5
96805.2
97088.4
97250.8
97294.9
97331.5
97355
97258
97147.5
96983.6
96786.5
96488.7
96090.7
95639.5
95058.8
94407.4
93726.1
93002.3
92300.7
91652.6
91076.1
90592.5
90143.7
89672
89283.9
89097.3
89100.9
89244.2
89434.9
89651.2
89637.2
89738.3
89786.4
89947.1
95078.3
95073.6
95071.4
95071.5
95074
95079.3
95087.5
95098.9
95113.6
95131.7
95153.3
95178.6
95207.7
95240.6
95277.5
95318.5
95363.6
95412.9
95466.2
95523.7
95583.4
95649.2
95718.9
95792.7
95870.2
95951.6
96036.8
96125.4
96217.4
96312.4
96410.2
96510.6
96613.4
96718.4
96824.9
96932.7
97041.2
97150.2
97259.9
97370.3
97480.9
97591.3
97701
97810.4
97919.2
98027.7
98136.4
98245.8
98355
98463.4
98571.1
98678.8
98787
98895.7
99005.4
99116.2
99227.8
99340.8
99454.4
99568.9
99684
99799
99913.7
100027
100140
100250
100357
100461
100558
100649
100732
100805
100866
100914
100947
100965
100964
100945
100907
100849
100770
100671
100551
100412
100253
100075
99880.8
99668.3
99441.5
99202.8
98950
98687.1
98417.9
98138.6
97853.2
97565.6
97276.2
96987.2
96694.3
96409.4
96127.2
95845.9
95578.7
95316.2
95060.4
94816.8
94582.4
94357.7
94152.1
93965.6
93805
93657.6
93534.5
93437.3
93356.5
93302.8
93273.3
93283
93306.5
93340.4
93375.7
93427.6
93479
93516.2
93564
93605.4
93626.5
93640.9
93643.3
93612.8
93583.4
93634.3
93597.6
93576.9
93601
93430.8
93607.2
93622.9
93573.9
93552.4
93595.2
93685.8
93920.4
94216
94540.1
94841.2
95141.1
95456.2
95689.2
95828.3
95922.6
96056.8
96070.2
95971.5
95883
95760.6
95594.2
95343
95014.3
94581.9
94018.1
93351
92625.5
91887.7
91168.4
90498.6
89903.9
89381.1
88863.7
88327.5
87941.3
87801.4
87832.2
88040.6
88337.6
88630.8
88762.6
88922
89080.2
89258.7
95952.4
95942.7
95934.8
95928.8
95924.8
95922.9
95923.5
95926.6
95932.4
95941
95952.6
95967.3
95985.1
96006.3
96030.9
96058.9
96090.4
96125.5
96164.1
96206.3
96252
96301.4
96353.8
96410.4
96470.2
96533.3
96599.6
96668.9
96741.1
96815.7
96892.7
96971.9
97053
97135.9
97220.2
97305.7
97391.8
97478.5
97565.5
97652.8
97740.1
97827
97912.9
97998.3
98083.7
98169.6
98256
98342.3
98428.2
98514.3
98600.8
98687.8
98775.9
98864.9
98955.6
99048.1
99141.9
99237.8
99334.8
99433.2
99532.9
99632.9
99733.9
99834.4
99934.5
100034
100130
100224
100314
100397
100473
100540
100595
100638
100666
100677
100671
100646
100601
100537
100451
100343
100216
100068
99899.9
99713.4
99508.6
99286.4
99049.7
98799
98536.3
98263.8
97982.7
97693.2
97398.2
97100.2
96801.2
96501.8
96204.8
95910.8
95618.9
95336.6
95061.8
94794.9
94539.9
94295.9
94060.1
93838.6
93634.2
93446.6
93271.9
93122.3
92999.3
92890
92816.1
92762.9
92736.8
92730.8
92731.4
92746.6
92763.9
92791.5
92819.2
92822.3
92827
92846.5
92811.8
92767.5
92715.4
92651.2
92606.1
92569.2
92511
92460.8
92447.9
92362.5
92347.5
92274
92198.8
92159.3
92207.6
92338.5
92585.8
92873
93183.1
93478.1
93816.1
94096.5
94298.4
94446
94676.2
94824.3
94871.9
94827.3
94770
94654.9
94509.5
94304.5
94036
93581.1
93004.9
92324.8
91585.9
90827.6
90094.1
89395.8
88782.2
88220.6
87661.5
87106.1
86726
86619.1
86653.5
86883.9
87240.2
87628.7
87868.1
88145.1
88368.5
88589.5
96936.4
96919
96903
96888.3
96875
96863.4
96853.6
96845.8
96840.1
96836.7
96835.6
96837
96840.9
96847.5
96856.9
96869.1
96884.2
96902.3
96923.4
96947.4
96974.6
97004.6
97037.7
97073.7
97112.5
97154.1
97198.3
97245
97294
97345
97398
97452.6
97508.9
97566.4
97625
97684.5
97744.7
97805.3
97866.2
97927.3
97988.5
98048.2
98108.5
98168.8
98229.3
98290
98350.9
98412.3
98474.4
98537.5
98601.6
98666.9
98733.8
98802.6
98873.4
98946.8
99022.3
99100.6
99180.6
99262.4
99345.9
99430
99515.7
99602
99688.7
99775.5
99861.2
99945.6
100027
100103
100173
100234
100284
100322
100344
100351
100339
100308
100257
100185
100092
99977.7
99842.4
99685.5
99508.3
99312.6
99098.1
98866.1
98618.9
98357.2
98083.9
97801.1
97509.2
97209.9
96904.8
96597
96288.3
95980.5
95675.5
95372
95076.1
94787.8
94507.4
94237.6
93980.1
93733.5
93497.8
93278.9
93074.9
92882.4
92708.1
92564.3
92435.4
92329.6
92252.8
92189.3
92149.9
92121.1
92105.1
92106.8
92111
92115.3
92116.1
92096.4
92060.5
92037.5
91955.2
91833.7
91721.5
91616.2
91537.9
91467.7
91405.4
91313.6
91221.5
91092.7
91046.3
90955.3
90826.6
90766.5
90862.7
91045.3
91288.9
91570.2
91873.4
92184.8
92514.2
92783.1
92971.9
93212.1
93506.6
93704.3
93833.6
93833.8
93791.6
93698.7
93575.2
93401.7
93096.2
92607
92015.6
91329.7
90595.6
89813.2
89056.3
88330.4
87690.9
87083.8
86496.4
85963
85616.4
85486.1
85536.3
85770.7
86146.3
86603.5
86955.4
87320.4
87644.3
87930.1
97869.6
97844
97819.1
97795.1
97771.9
97750
97729.3
97710
97692.2
97676.2
97662
97649.7
97639.5
97631.4
97625.5
97621.8
97620.5
97621.6
97625.1
97631.1
97639.7
97650.7
97664.1
97679.9
97698.1
97718.5
97741.2
97765.7
97792.1
97820.2
97849.8
97880.9
97913
97946.3
97980.3
98015.1
98050.3
98085.8
98121.5
98157.1
98192.3
98229.2
98265.8
98302.5
98339.3
98376.6
98414.7
98453.7
98494
98535.5
98578.9
98624.4
98672.5
98723.2
98776.8
98833.7
98893.7
98956.9
99022.5
99090.2
99159.5
99229.7
99301.2
99373.5
99447.3
99522.4
99597.4
99672.4
99745.4
99814.8
99878.5
99934.4
99980.6
100014
100033
100035
100019
99983.2
99926.9
99849.3
99750.4
99629.5
99486.9
99322.6
99138.3
98934.7
98711.4
98470.7
98215
97944.3
97661.1
97369
97068.3
96759.5
96445.4
96128.8
95811.9
95497.2
95183.7
94874.5
94574.9
94281.8
93996.9
93724
93464.4
93214.5
92979.4
92760
92553
92360.6
92192.2
92045.1
91911
91805.7
91714.7
91642.8
91592.6
91552.1
91530.5
91515.8
91504
91489.9
91471
91433.2
91369.2
91283
91155.2
91011.1
90883.3
90743.4
90620.2
90525.1
90418.8
90266.7
90105.6
89949
89899.1
89761.2
89615.2
89589.6
89729.7
89941.8
90179.2
90453.6
90755
91075.7
91403.3
91681.2
91887.4
92221.5
92589.4
92847.4
93018.2
93053.7
93037.6
92964.1
92836.1
92625.9
92273.8
91766.9
91166.8
90482.5
89726.9
88939.1
88158.1
87411.4
86738.4
86075.8
85459.6
84947.5
84647.3
84524
84583.3
84823.2
85204.9
85675.8
86127.6
86552.8
86967.4
87320.9
98666.2
98632.9
98599.9
98567.3
98535.1
98503.6
98472.9
98443.2
98414.6
98387.2
98361.2
98336.6
98313.5
98292.2
98272.6
98254.8
98238.9
98224.8
98212.7
98202.6
98194.6
98188.7
98184.7
98182.8
98182.8
98184.7
98188.4
98193.7
98200.6
98208.8
98218.3
98228.9
98240.4
98252.8
98265.9
98279.5
98293.6
98308.1
98322.7
98337.5
98352.6
98368.1
98384
98400.3
98417.2
98435
98453.7
98474.1
98496.2
98520.2
98546.9
98576
98608.3
98644.2
98683.9
98727.9
98775.6
98827.8
98882.9
98938.5
98995.6
99054.1
99113.4
99174.5
99237.9
99302.5
99369
99436.4
99502
99565.9
99625.1
99676.5
99718.7
99748.5
99764.2
99763.3
99743.7
99704.7
99644.3
99562.7
99459.9
99333.9
99185.9
99016.2
98826.4
98617
98386.8
98139.3
97877
97599.3
97308.3
97008.1
96701.1
96385.3
96062.5
95739.1
95417.8
95096.4
94775.9
94463.9
94160.2
93862.3
93573.6
93299.7
93036.1
92784.4
92549.1
92327.4
92118.8
91928.4
91759.6
91606.8
91470.6
91360.2
91262.3
91188
91127.8
91081.3
91052
91023
91000.7
90973.7
90941.9
90884.2
90802.2
90684.2
90537.9
90388.2
90242.5
90074.7
89924.3
89783.7
89629.5
89439.8
89241.1
89061
88940.4
88792.4
88671
88685.8
88856.3
89082.1
89313
89595.7
89890.2
90218.7
90538.4
90833.7
91133.3
91513.6
91923.4
92230.7
92419.5
92489.9
92491.6
92418.6
92273
92024.4
91630.4
91120.2
90525.8
89837.9
89048.9
88257.2
87466
86706.5
86001.5
85294.5
84659.7
84172.2
83896.6
83789.6
83858.9
84115.8
84497.4
84961.3
85468.6
85946.2
86409.6
86831.5
99323.6
99283.6
99243.5
99203.4
99163.5
99123.9
99084.7
99046
99008
98970.9
98934.7
98899.5
98865.5
98832.8
98801.4
98771.4
98743
98716.1
98690.9
98667.1
98645
98624.7
98606.1
98589.2
98573.8
98560.1
98547.9
98537
98527.8
98519.4
98512
98505.6
98500
98495.1
98490.9
98487.2
98483.9
98481
98478.3
98475.9
98473.9
98472.5
98471.6
98471.4
98472.1
98474
98477.2
98482.5
98489.7
98499.8
98512.6
98528.3
98547.8
98571
98600.4
98635.1
98672
98714.1
98761.2
98808.6
98855.4
98903.4
98953.6
99005.8
99061
99119.2
99178.6
99239.6
99300.8
99359.2
99413.5
99462.2
99501.2
99528
99541.2
99537.3
99515.5
99474
99410.3
99327.8
99220.8
99091.3
98939.6
98765.8
98572
98358.6
98123.3
97870.3
97603.1
97320.4
97023.3
96716.9
96405.2
96083.2
95754
95427.1
95101
94773.5
94449.2
94134.4
93825.8
93524.5
93234.6
92957.7
92690.8
92438.5
92201.4
91977.8
91768.9
91578.8
91407.1
91250.5
91114
90998.3
90898.1
90817.7
90750.6
90701.1
90661.6
90626.9
90596
90560.4
90516.7
90443.8
90354.1
90231.1
90077.7
89912.7
89741.7
89559.7
89379.4
89207.4
89016.8
88800.1
88575.1
88370
88197.5
88039.1
87943.5
87988.8
88177.8
88415.1
88656.1
88932.7
89229.4
89563.5
89889.1
90216.7
90580.9
91007.6
91437.1
91774.7
91979
92072
92077
91998.5
91835.8
91557.5
91137
90636.3
90034.9
89333
88535.6
87733.5
86939.9
86165.5
85427.2
84700.2
84067.4
83600.3
83332.7
83238
83321.2
83594.9
83974.5
84434.6
84965.2
85481.7
85983.4
86457.2
99850
99804.4
99758.5
99712.2
99665.9
99619.5
99573.2
99527.2
99481.5
99436.3
99391.8
99348
99304.9
99262.9
99221.8
99181.9
99143.2
99105.8
99069.7
99034.9
99001.4
98969.3
98938.7
98909.6
98881.8
98855.3
98830.2
98806.3
98783.6
98761.9
98741.1
98721.1
98701.7
98683
98664.9
98647.3
98630.2
98613.4
98596.7
98580.8
98565.3
98550.4
98536.1
98522.7
98510.7
98499.9
98491.2
98484.4
98479.5
98478.6
98480.5
98485.8
98495.1
98506.9
98525.4
98552.5
98584.1
98617.2
98653.8
98694
98736.1
98778.8
98823.4
98870.6
98920.1
98973
99028.5
99084.5
99140.9
99195.5
99245.9
99290.3
99326
99350.9
99361.4
99355.1
99331.9
99288.7
99223.8
99137.8
99029.1
98897.6
98743.5
98567
98370.6
98154
97915.2
97658.2
97387.4
97101.2
96799.3
96488.7
96172.4
95845.6
95513.4
95183.1
94851.9
94520.3
94193.7
93875.4
93563.4
93260.5
92968.8
92689
92420.9
92167.3
91928.4
91703.7
91493.9
91303.4
91129
90970.8
90833
90713.4
90611
90524.5
90455.7
90402.4
90355.3
90316.5
90277.9
90236.8
90179.5
90102
90009.3
89886.7
89735.1
89557.8
89368.2
89170.3
88960.2
88764.9
88547.6
88308.2
88065.9
87837.1
87634.2
87470.1
87389.9
87453.1
87651.1
87899.5
88151.2
88433.5
88732.7
89074
89415.2
89771.7
90179.2
90638.7
91084.8
91439.2
91656.5
91755.2
91763.6
91679.3
91499.3
91192.2
90747.8
90262.4
89644.6
88936.5
88153.8
87342.8
86542.8
85747.2
84973
84260.3
83639.2
83184.4
82917.5
82829.5
82931.8
83215.7
83594.4
84050.8
84594.2
85135.5
85669.3
86180.4
100260
100210
100159
100108
100056
100005
99952.8
99900.9
99849.2
99797.6
99746.4
99695.7
99645.6
99596.2
99547.5
99499.7
99452.8
99407
99362.3
99318.8
99276.3
99235
99195
99156.1
99118.5
99082.1
99046.8
99012.6
98979.4
98947.1
98916
98885.3
98855.1
98825.7
98796.8
98768.4
98740.6
98712.7
98685.7
98659.2
98633.2
98607.9
98583.2
98559.5
98537.5
98516.9
98498.9
98483.1
98469.3
98458.7
98451.4
98448.2
98449.4
98454.8
98464.9
98480.2
98503.4
98532.3
98564.9
98601.3
98640.5
98681.3
98723.2
98767.5
98814.2
98863.3
98915
98968
99020.5
99071.3
99118.4
99159.3
99191.7
99213.7
99221.6
99213.7
99188.6
99143.5
99077.4
98989.7
98879.7
98747
98591.3
98413.1
98214.9
97996.1
97755.1
97495.4
97221.9
96932.7
96627.7
96313.7
95993
95663.4
95329
94995
94659.9
94326.1
93997.6
93676.2
93362.2
93058
92764.7
92483.1
92214
91959.4
91719.6
91493.5
91283.4
91091.9
90915.3
90756.5
90616.9
90495
90389.8
90301
90231.5
90172.9
90121.7
90077
90033.8
89984.7
89921.9
89844.6
89748.2
89626.4
89479.4
89295.3
89089.3
88874
88647.6
88429.8
88189.8
87933.5
87679.1
87433.5
87215.9
87051.8
86975
87044.5
87244.5
87504.5
87768.2
88061.2
88366.5
88713.2
89076.5
89456.2
89891.5
90371.3
90829.3
91190.6
91419.4
91516.6
91526.8
91438.6
91239.7
90904.7
90448.8
89976.6
89340.6
88639.3
87871
87056.9
86243.5
85426.9
84622.6
83948.4
83337.2
82880.6
82616.1
82530.2
82652.1
82942.7
83319.5
83775
84325
84882.9
85442.2
85975.7
100570
100516
100462
100407
100352
100296
100240
100183
100127
100070
100014
99958.2
99902.6
99847.5
99793
99739.2
99686.1
99633.9
99582.6
99532.3
99483
99434.7
99387.4
99341.2
99296.2
99252.1
99209.1
99167
99125.8
99085.2
99046.7
99007.7
98969.3
98931.7
98894.6
98858
98821.7
98786.2
98751.2
98716.5
98682.8
98649.7
98617.1
98585.8
98556
98527.7
98501.4
98479.2
98460.4
98442.3
98427.2
98416.9
98410.6
98410.1
98416.1
98426.6
98442.9
98465.6
98494.4
98528.7
98567.2
98608
98649.7
98692.9
98737.7
98784.7
98833.4
98883.3
98933
98980.7
99024.6
99062.4
99092
99111.1
99116.7
99107.2
99080.2
99033.5
98966.1
98877.4
98766.5
98632.8
98476.1
98297.1
98097.5
97877.2
97634.7
97373.3
97097.5
96805.8
96498.7
96182
95858.1
95526.4
95190.1
94853.1
94515.6
94180.1
93850
93526.8
93211.4
92906
92611.5
92328.7
92058.9
91803.9
91563.2
91336.3
91126.1
90933.3
90755.7
90596.1
90455.3
90331.6
90224.6
90135.8
90063.8
90001
89946.1
89897.6
89850.1
89795.1
89730.2
89651
89554.2
89430.4
89282.6
89102.4
88884.6
88653.5
88418.8
88181.8
87923.7
87656.3
87392.1
87135.8
86913.5
86749.9
86670.1
86739.5
86933.4
87205.9
87479.7
87785.4
88101.7
88451.5
88835.2
89234.9
89689.9
90179.3
90643.3
91006.4
91243.9
91337.6
91349.2
91259.7
91046.6
90688.3
90238.5
89765.1
89119.9
88431.7
87665.2
86849.2
86020.9
85188.5
84372.9
83727.3
83116.6
82660
82395.8
82314
82452.7
82747.2
83121.9
83578.4
84131.4
84702.1
85278.8
85825.4
100797
100741
100684
100627
100568
100509
100450
100390
100330
100270
100210
100150
100091
100032
99972.8
99914.4
99856.8
99799.9
99743.7
99688.4
99634
99580.6
99528
99476.4
99425.8
99376.1
99327.4
99279.5
99232.5
99186.2
99140.9
99096.3
99051.9
99008.4
98965.5
98923.8
98881.1
98839.3
98798.1
98757.5
98717.8
98678.8
98640.5
98604.1
98569.3
98535.3
98502.8
98473.6
98448.1
98426.5
98407.8
98393.7
98383.7
98378.7
98379
98384.8
98397.3
98416.9
98443.2
98476.2
98514.6
98555.9
98598.2
98641.3
98685.2
98730.5
98777.3
98824.7
98871.7
98916.7
98957.8
98993
99020.2
99036.9
99040.6
99029.3
99000.6
98952.4
98884.1
98794.8
98683.2
98548.8
98391.5
98212
98011.5
97789.8
97546.4
97284
97006.2
96712.4
96404
96085.5
95759.3
95425.8
95088.1
94749
94409.6
94072.9
93741.9
93417.6
93101.2
92794.9
92499.6
92216.2
91946.1
91690.5
91449
91222.1
91012
90818
90640.1
90480.1
90338.2
90213.1
90105.7
90016.5
89941.3
89875.7
89818.7
89767.4
89715.7
89657.1
89588.9
89509.3
89412.1
89285.9
89134.8
88961.9
88738.8
88497.7
88253.8
88002.9
87732.3
87457.8
87185.9
86925.1
86702.7
86538.1
86455.3
86519.9
86706.6
86978.3
87265.5
87583.9
87913.8
88268.7
88664.4
89081.9
89549.6
90043.5
90507.2
90870.9
91116.6
91207.7
91219.1
91127.7
90904.2
90535.3
90103.6
89607.8
88973.8
88292
87519.7
86700.4
85860.8
85019.4
84210.2
83566.9
82953.4
82500.8
82237.2
82162.5
82313.3
82609.1
82981.4
83439.6
83993.6
84576.3
85161.9
85718.3
100958
100901
100842
100782
100722
100660
100599
100537
100474
100412
100349
100286
100224
100162
100100
100038
99977.4
99917.1
99857.5
99798.6
99740.6
99683.4
99627.1
99571.7
99517.1
99463.5
99410.7
99358.7
99307.5
99257
99207.3
99158.1
99109.5
99061.6
99014.1
98966.6
98921.6
98875.9
98830.4
98786.4
98742.7
98698.8
98656
98614.9
98575.6
98538.8
98503.8
98471.3
98441.7
98415.6
98393.6
98376.3
98363.4
98355.6
98353.2
98356.3
98366.3
98383.9
98408.8
98440.4
98478.3
98520.2
98563.4
98607
98650.9
98695.4
98740.6
98786
98830.8
98873.4
98912.1
98945.2
98970.3
98985.1
98987.1
98974.2
98944
98895
98826.1
98736.1
98623.9
98489
98331.5
98151.7
97950.3
97727.6
97483.6
97220.6
96941.2
96646
96336.6
96016.8
95688.8
95354.2
95015.3
94674.7
94334.4
93997.1
93665.4
93340.3
93023.4
92716.5
92420.7
92136.9
91866.7
91610.6
91368.9
91142.3
90931.8
90737.2
90559.4
90399
90256.1
90130.8
90023.2
89932.2
89854.9
89788.3
89729.8
89675.6
89620.9
89559.8
89490.6
89410.6
89311.7
89184.4
89028.9
88857.5
88634.2
88389.7
88138.4
87876.1
87598.6
87320.1
87043.4
86782.4
86560.6
86395.3
86313.1
86368.2
86543.1
86812.7
87111.8
87439.3
87781.7
88145.8
88546
88978.8
89453.3
89949.5
90411.1
90773.7
91023.5
91114
91126.2
91032.5
90801.4
90431.9
90015.7
89498.4
88873.1
88193.7
87420.2
86596.8
85750.2
84904.7
84106.9
83448.4
82835.6
82391.1
82127.3
82062.8
82218.3
82511.3
82887.1
83344.9
83898.4
84490.6
85080.9
85645.3
101067
101008
100948
100887
100825
100762
100699
100636
100571
100507
100443
100378
100314
100249
100185
100122
100059
99996
99934.1
99872.8
99812.3
99752.6
99693.7
99635.6
99578.4
99522.1
99466.5
99411.8
99357.7
99304.4
99251.7
99199.7
99148.2
99097.4
99047.4
98997.7
98948.6
98899.3
98850.8
98803.6
98757.6
98712.2
98667.2
98624.1
98583.3
98542
98503.6
98468
98436.1
98408.2
98384.3
98364.9
98350.2
98340.7
98336.3
98337.7
98346.1
98362.5
98386.1
98416.6
98454.1
98496.1
98540
98584.5
98629.2
98673.7
98718
98761.9
98804.8
98845.5
98882.4
98913.8
98937.2
98950.5
98951.1
98937
98905.9
98856.2
98786.9
98696.3
98583.6
98448.5
98290.8
98110.7
97908.8
97685.3
97440.8
97177.2
96896.7
96600.4
96290.4
95969.8
95640.7
95305.3
94965.7
94624.2
94283.5
93945.9
93613.7
93288.1
92971
92663.8
92367.7
92083.9
91813.6
91557.3
91315.7
91089.1
90878.4
90683.9
90505.9
90345
90202.1
90076.6
89968.3
89876.2
89798.2
89730.7
89670.5
89614.5
89558
89496
89426.3
89344.8
89244.5
89116.8
88958.3
88781.2
88560
88315.4
88059.1
87790.6
87511
87230.1
86951.5
86691.3
86469.7
86306.5
86226.2
86270
86432.7
86698
87005.9
87339.2
87690.4
88064.8
88469.3
88911.2
89390.2
89886.7
90345.6
90706.6
90957.5
91051.3
91063.2
90967.1
90732.5
90367.4
89959.4
89427.8
88803.8
88121.1
87354.8
86528.6
85677.9
84830.1
84042.2
83365.8
82755.3
82320.6
82056.8
82000.7
82157.2
82445.7
82825.3
83283.8
83837.3
84434.4
85027.9
85598.3
101136
101076
101015
100953
100890
100827
100762
100698
100632
100567
100501
100436
100370
100304
100239
100174
100109
100045
99982
99919.2
99857.2
99795.9
99735.4
99675.7
99616.8
99558.8
99501.5
99445
99389.2
99334.1
99279.6
99225.7
99172.5
99119.9
99068
99016.8
98966
98915.4
98865.6
98816.6
98768.2
98720.5
98673.5
98628.1
98584.5
98543.3
98504
98467.2
98434
98404.1
98378.5
98357.6
98341.6
98331
98325.9
98326.5
98334.1
98349.6
98372.1
98401.4
98438.1
98479.8
98524
98569.8
98615.8
98661
98705
98748
98789.6
98828.9
98864.5
98894.5
98916.8
98929
98928.7
98913.7
98881.9
98831.8
98762
98671
98558
98422.7
98264.8
98084.4
97882.1
97658.1
97413.3
97149.2
96868.1
96571.4
96261.1
95939.9
95610.3
95274.4
94934.4
94592.7
94251.8
93914.1
93581.6
93255.9
92938.6
92631.3
92335.2
92051.5
91781.2
91524.9
91283.3
91056.8
90846.2
90651.5
90473.5
90312.6
90169.5
90043.7
89935.1
89842.6
89763.9
89695.5
89634.4
89577.5
89520.3
89458.1
89387.7
89304.9
89203.1
89075.2
88915.9
88732
88511
88266.5
88008.8
87738.7
87459
87176.8
86897.7
86637.9
86416.7
86255.9
86177.5
86212.6
86366.3
86625.6
86938.5
87275.3
87631.5
88012.9
88423.1
88869.8
89351.3
89847
90303.4
90663.1
90911.7
91015.5
91023.4
90925.1
90690.2
90330.1
89925.1
89385.7
88757.8
88073.6
87313.9
86487.2
85633.7
84785.3
84003
83313.7
82707.5
82279.1
82015.8
81963.7
82119.3
82405.7
82788
83247.9
83801.5
84400.5
84996.6
85570.8
101174
101114
101053
100990
100926
100862
100797
100732
100666
100600
100534
100467
100401
100335
100269
100203
100138
100073
100009
99945
99882.1
99819.9
99758.5
99697.9
99638.2
99579.2
99521
99463.6
99406.8
99350.7
99295.3
99240.5
99186.3
99132.9
99080.1
99027.8
98975.8
98924.2
98873.4
98823.4
98774.1
98725.6
98678.6
98632.5
98588
98544.7
98504.1
98466.4
98432.2
98401.7
98375.5
98353.9
98337.2
98326.1
98320.4
98320.6
98327.9
98342.9
98364.4
98392.7
98428.6
98469.9
98514.3
98560.8
98607.8
98653.7
98698.1
98740.8
98781.6
98820.1
98854.9
98884
98905.6
98917.1
98916.1
98900.7
98868.4
98818
98747.8
98656.6
98543.5
98408
98250
98069.5
97866.9
97642.7
97397.7
97133.6
96852.2
96555.3
96244.8
95923.5
95593.7
95257.7
94917.6
94575.7
94234.9
93897.2
93564.6
93238.9
92921.7
92614.4
92318.4
92034.7
91764.5
91508.3
91266.7
91040.3
90829.7
90635.1
90457.1
90296.1
90152.8
90027
89918.3
89825.4
89746.3
89677.4
89616.1
89558.8
89501.3
89439
89368.3
89284.6
89182
89053.5
88894.2
88706.8
88485.1
88240
87982.9
87712.8
87432.7
87149.9
86870.8
86611
86390.2
86230.4
86153.6
86185
86333.7
86587.9
86901.8
87240.1
87598.9
87983.4
88397.9
88848
89330.5
89825
90279.5
90638.5
90885.8
90994.5
91002.3
90901.6
90667.5
90310.3
89905.1
89363.1
88732.2
88047.9
87291.3
86465
85610.2
84762.7
83981.9
83286.2
82683.9
82257
81995
81944.6
82097.9
82384.1
82767.8
83230.3
83783.4
84383.3
84980.8
85557.1
101191
101130
101068
101005
100941
100877
100812
100746
100680
100614
100547
100481
100414
100347
100281
100215
100149
100084
100020
99955.6
99892.4
99829.9
99768.2
99707.2
99647.1
99587.8
99529.2
99471.4
99414.2
99357.7
99301.9
99246.7
99192.2
99138.3
99085.1
99032.4
98980
98928.1
98876.9
98826.4
98776.6
98727.6
98679.8
98633.3
98588.3
98545.2
98504.3
98466.3
98431.7
98400.9
98374.3
98352.4
98335.4
98324
98318.3
98318.4
98325.5
98340
98361.2
98389.4
98425
98466
98510.3
98556.6
98603.7
98650.4
98695.3
98738
98778.6
98816.7
98851.1
98879.8
98901.1
98912.2
98910.9
98895.2
98862.7
98812.2
98741.9
98650.6
98537.5
98402
98243.9
98063.4
97860.8
97636.5
97391.6
97127.4
96846
96549
96238.6
95917.3
95587.5
95251.5
94911.4
94569.7
94228.9
93891.2
93558.8
93233.1
92916
92608.8
92312.8
92029.2
91759
91502.9
91261.4
91035.1
90824.4
90629.9
90451.9
90290.9
90147.6
90021.7
89913
89820
89740.6
89671.7
89610.3
89552.8
89495.3
89433.1
89362.2
89278.2
89175
89046.2
88887
88698.5
88476.6
88231.5
87974.7
87704.3
87423.9
87140.9
86861.7
86601.9
86381
86221.5
86145.3
86175.5
86322.6
86574.8
86887.9
87226.7
87586.5
87972.1
88388.3
88840.4
89323.4
89816.6
90269.6
90628.6
90875.8
90986.3
90994.1
90892.2
90657.7
90303
89896.2
89354.2
88722.1
88038.2
87282.3
86456.4
85601.4
84754.6
83973.7
83276
82675.4
82248.2
81987.1
81937.1
82089.6
82375.9
82760.3
83223.9
83777.4
84377.5
84975.6
85552.8
91838.7
92433.6
93061
93680
94314.5
94998.5
95711.7
96486.8
97330.5
98254.4
99267.7
100308
101313
102198
102777
102880
102377
101288
99815.4
98277.8
96889
95790.1
95036.3
94528.4
93824
91901.5
92500.6
93125.8
93741.5
94369.9
95051.4
95760.3
96532.4
97371.3
98290
99297.9
100331
101329
102205
102775
102868
102359
101264
99790.9
98256.7
96870.8
95774.2
95020.4
94512.2
93827.6
91983.8
92580.1
93200.4
93809.5
94428.3
95107.1
95805.9
96573.7
97403.6
98314.4
99312.5
100340
101331
102197
102760
102848
102336
101240
99768
98238.5
96853.4
95756.2
94998.2
94486.4
93855.1
92099.6
92690.8
93297.2
93893.2
94502.4
95177.3
95862
96622.4
97437.8
98335.2
99319.3
100337
101318
102174
102731
102818
102309
101215
99748.4
98224.5
96837.7
95736.2
94968.4
94450.8
93909.8
92256.7
92835.1
93413.7
93990.7
94590.2
95258.9
95930.2
96676.1
97473.9
98353.3
99319.6
100322
101293
102139
102690
102779
102278
101191
99730.2
98213.3
96822.2
95713.2
94930.1
94402.4
93916.3
92447.8
92992.8
93542.8
94103.5
94692.2
95348.9
96008.3
96734.1
97511.5
98370.8
99315.6
100295
101254
102092
102638
102731
102243
101167
99713.8
98203.7
96806.9
95687.2
94883.4
94341.7
93884.1
92656.4
93166
93691.2
94234.1
94811
95446.5
96094.6
96795.2
97548.9
98389.5
99310.6
100260
101202
102030
102576
102676
102204
101144
99700.6
98194.9
96791.3
95657.8
94828.6
94268.8
93817.4
92884.2
93367.5
93864.2
94384.5
94944.3
95550.8
96186.8
96858.6
97586.2
98409.5
99305.1
100220
101142
101956
102504
102615
102163
101123
99691.4
98186.6
96775.6
95625.5
94766.3
94184.2
93715.2
93139.5
93594.7
94058.8
94552.9
95086.8
95661.1
96284.5
96925
97625.2
98429.7
99297.7
100177
101075
101875
102424
102550
102119
101102
99684.7
98180
96759.6
95589.6
94698.6
94090.8
93580.2
93431.4
93849.8
94273.8
94735.6
95239.6
95787
96390.2
96992.7
97667.1
98448.8
99286.1
100134
101003
101789
102340
102482
102074
101082
99679.9
98175.1
96743.3
95550
94626.7
93991.2
93418.9
93753.1
94124.3
94503.9
94935.4
95410.2
95937.7
96499.9
97063
97714.8
98467.7
99269.3
100088
100927
101700
102254
102411
102028
101063
99676
98171.3
96726.6
95506.6
94551
93888.2
93249
94089
94413.6
94753.7
95153.1
95592.7
96092
96609.3
97143.9
97770.3
98485.5
99248.2
100040
100849
101609
102168
102340
101982
101045
99672.9
98167.9
96709
95459.7
94472.2
93783.9
93078.1
94444.9
94721.9
95024.3
95380.5
95786.6
96246.4
96726.7
97236.5
97820.3
98495
99220.7
99987.6
100770
101516
102082
102270
101937
101027
99670.9
98164.7
96689.7
95409.9
94390.7
93679.6
92901.6
94820.7
95043.3
95303.9
95616.8
95998.8
96406.7
96853.1
97328.7
97862.4
98493.7
99184.7
99927.6
100691
101425
101996
102201
101893
101010
99670
98161.7
96668.4
95357.7
94306.7
93576.3
92721.1
95205.4
95373.5
95589.5
95862.8
96197.3
96551.7
96988.3
97412.4
97902.1
98488.7
99147.1
99864
100611
101334
101911
102134
101851
100994
99670.1
98158.9
96645.3
95304.2
94220.3
93474.8
92541
95600.6
95713.4
95875.2
96104
96366.7
96687.4
97114.6
97490.3
97943.9
98489.7
99118.9
99809.4
100533
101242
101827
102068
101809
100979
99671.2
98156.2
96620.3
95249
94133.5
93376.5
92364.8
95998.5
96051.7
96151.7
96333.3
96531.2
96817.4
97213.5
97551.6
97978.5
98492
99095.6
99759.4
100455
101151
101743
102004
101769
100964
99673
98153.2
96593.1
95192.4
94047.1
93282.8
92194.5
96386.9
96375.2
96415.4
96554.6
96701.9
96939.4
97294.2
97601
97997.7
98484.5
99065
99703.6
100377
101062
101663
101943
101731
100949
99675.1
98149.7
96563.4
95135.2
93961.5
93194.6
92031.9
96761.2
96685.1
96662.4
96770.9
96866.2
97075.7
97370.2
97654.6
98015.6
98473.3
99021
99642
100299
100975
101584
101882
101693
100934
99676.1
98143.4
96527.6
95071.4
93868.7
93102.6
91868.4
97102.4
96972.6
96892.1
96961.2
97013.2
97198.6
97438.6
97700.1
98043.4
98459.3
98962.8
99569.9
100218
100891
101505
101821
101656
100919
99677.5
98135.7
96490.1
95002.1
93773.8
93011.4
91713.8
97398
97215.8
97101.9
97116.8
97130.3
97288.6
97494.1
97723.5
98054.9
98429.7
98902.1
99481.5
100131
100811
101429
101764
101620
100905
99677.6
98123.8
96448.7
94932.2
93687.8
92927.8
91585.6
97649.9
97409.8
97279.8
97234.2
97236.2
97351.4
97523.5
97737.2
98025.7
98380.1
98838.8
99397.9
100037
100731
101358
101711
101587
100892
99675.8
98106.3
96403
94863.4
93611.9
92851.5
91479.5
97845.7
97565.9
97412.1
97315.4
97329.8
97387.5
97514.8
97736.8
97978.7
98306.9
98761.4
99320.1
99944.9
100653
101292
101662
101556
100878
99671.2
98083.2
96354.1
94799.9
93542
92782.1
91397.5
97983.8
97680.5
97505.7
97364.3
97394.1
97393.5
97479.7
97707.9
97942.1
98238.7
98665.2
99224.3
99851.9
100574
101230
101618
101527
100865
99662.5
98055.4
96303.1
94741.1
93478.5
92719
91337.8
98049.3
97740.8
97552.7
97385.8
97414.9
97364.3
97444.7
97665.5
97896.6
98179.3
98567.2
99115.7
99756.2
100494
101173
101579
101500
100851
99649.3
98023.3
96251.6
94683.7
93421.4
92663
91297.8
98029.2
97741.2
97523.1
97369.8
97367.4
97299.1
97402.9
97611.9
97820.8
98102.1
98454
98997.3
99657
100414
101118
101543
101473
100837
99631.7
97987.2
96198.5
94627.3
93369.3
92614.7
91274.8
97932.9
97677.2
97412.7
97306.6
97249.9
97212.8
97324
97513.1
97697.7
97983.1
98313.8
98866.5
99550.7
100335
101064
101507
101448
100821
99609.3
97948.1
96143.7
94571
93322.5
92574.4
91266.7
97778.6
97541.2
97269.2
97206.7
97109.4
97116.5
97206.5
97370.5
97547.3
97836.7
98165.5
98730.5
99442.7
100257
101013
101472
101425
100804
99582.8
97908.5
96088.9
94517.4
93282.5
92543.5
91271.3
97575.4
97326.8
97115.7
97068.3
96970.9
96988.6
97069.2
97204.8
97389
97678.2
98025.1
98596.6
99338
100180
100964
101437
101403
100785
99551.9
97867.7
96032.5
94467.3
93246
92520.3
91283.4
97317.3
97049.6
96898.9
96844.9
96783.8
96807.4
96890.8
97007.3
97209.4
97496.5
97882.2
98462.3
99230.6
100104
100916
101401
101380
100763
99516.1
97824.5
95973.4
94419.8
93212.3
92502.2
91302.4
96988.1
96728.7
96639.1
96542.3
96545.5
96583.9
96664.6
96778.8
96999
97283.7
97720.1
98315.2
99118.4
100029
100869
101363
101357
100739
99475.9
97777.6
95914.9
94374.2
93181.7
92486.5
91328.5
96588
96381
96372.6
96240.2
96285.8
96325.2
96400.7
96522.8
96759
97049.6
97536.2
98152.4
99006.3
99949.1
100816
101322
101332
100712
99431.4
97726.2
95859.3
94330.1
93152.8
92472
91360.5
96143.9
96023.3
96005.6
95929.3
95980.6
96015.9
96098.7
96236.1
96488.8
96803.9
97338.6
97990.2
98895.7
99854.7
100753
101278
101305
100681
99383.2
97671.2
95806.6
94287.1
93124.4
92459.6
91395.8
95647.9
95619
95535.9
95576
95608.2
95660.6
95763.2
95925.5
96191.2
96548.5
97124.3
97829.9
98774.8
99757.4
100686
101235
101276
100648
99332
97616.4
95757.3
94243.1
93096.6
92449
91432.7
95061.8
95098.9
95081.1
95143.4
95166.7
95249.3
95378
95575
95858.6
96271.9
96883.6
97651.7
98628.4
99664.5
100617
101190
101244
100611
99278.6
97563
95707.8
94202.1
93075.2
92431.6
91472.6
94393.6
94473.6
94564.6
94599.4
94671
94783.2
94946.4
95183
95498.8
95964.4
96618.4
97455.5
98463.4
99567.9
100545
101140
101210
100571
99223.6
97509.5
95656.5
94162.6
93057.4
92409.4
91512.7
93707.8
93837.6
93925.4
94009.2
94141
94292.6
94498.4
94773.4
95125.8
95630
96331.7
97252.8
98302.5
99456.2
100463
101088
101173
100532
99171.8
97457.9
95605.6
94125.3
93040.1
92388
91550.6
93017.7
93165.6
93271.9
93411
93590
93787.5
94038
94351.1
94742.2
95284.4
96031.2
97039.8
98148.2
99331.5
100370
101036
101133
100493
99122.9
97409.1
95557.2
94088.4
93021
92368.7
91585.3
92281.4
92446.2
92619
92803.7
93031.5
93273.8
93568.1
93924.8
94361.6
94948.6
95742.5
96813.5
97992.5
99207.8
100279
100982
101092
100455
99076.7
97362.2
95512.8
94050.3
93001.6
92352
91616.2
91521.8
91711.1
91959.2
92194.6
92466.2
92754.4
93094.2
93500
93988
94620.7
95462.6
96576.9
97831.3
99087.9
100196
100928
101051
100418
99036
97314.5
95471
94013.6
92982.5
92338
91643.3
90819.2
91014.8
91315.4
91603.8
91909.3
92241.2
92626.9
93081.5
93620.7
94297
95181.6
96337.1
97663
98970.2
100118
100870
101010
100380
98998.2
97270.6
95432.2
93979.8
92964.3
92326.5
91666.6
90144.8
90372
90704.3
91040.8
91374.7
91744.5
92174.1
92675.9
93265.3
93986
94911.8
96107
97489.3
98851
100038
100808
100966
100344
98963
97232.1
95396.9
93949.5
92947.8
92317.8
91686.4
89484.2
89765.8
90122.4
90495.6
90861
91266.2
91737.3
92286.8
92925.2
93690.9
94660.8
95891
97317.7
98731.2
99953.8
100749
100923
100308
98930.9
97199
95365.6
93923.4
92933.4
92311.6
91703.1
88853.4
89186.9
89571.4
89971
90368.5
90809.8
91318.4
91913.7
92599.5
93410.3
94424.6
95688.9
97153.7
98613
99870.4
100692
100882
100275
98902
97171.2
95338.8
93901.5
92921.2
92307.9
91717
88237.4
88619.1
89031.6
89453.7
89883.9
90360
90901.9
91540.2
92273.5
93131.8
94192.1
95492.7
96990.9
98491.3
99782.1
100628
100837
100245
98874.3
97145.8
95314
93882.1
92910.1
92306.1
91729.9
87689
88115.8
88550.4
88993
89453.3
89958
90528.6
91200.7
91975.7
92879.3
93982.6
95318.1
96844.9
98378.1
99697.3
100568
100794
100221
98852.5
97127
95295.8
93868.6
92902.8
92307.4
91740.1
87262.8
87716.9
88167.5
88630.9
89115.6
89641.6
90233.5
90927.6
91734
92673.9
93813.2
95176.9
96727.7
98285.3
99627.3
100521
100760
100203
98840.2
97114.2
95285
93861.4
92899.3
92310.8
91747.2
86933.9
87405.4
87870.9
88352.9
88856.9
89398.8
90003
90711.1
91540.1
92508.8
93676
95062.3
96633.5
98209.3
99569
100482
100733
100187
98836.8
97106.4
95279.9
93859
92898.9
92315
91752.2
86681.2
87168.9
87649.1
88144.1
88661.9
89215.1
89826.3
90542.6
91386.5
92377.5
93565.4
94969.4
96557.9
98147.9
99520.7
100449
100710
100175
98839.2
97103.9
95279.4
93860
92900.7
92319.4
91755.8
86491.1
86994.2
87486.7
87989.7
88516.5
89077.5
89693.4
90413.8
91266.9
92274.1
93477.4
94894.8
96496.5
98098.5
99481.1
100421
100691
100167
98845.1
97105.9
95282.6
93863.3
92903.9
92323.6
91758.1
86352.1
86868.1
87369.8
87877.5
88409.7
88975.7
89595.2
90317.6
91175.4
92193.5
93408.2
94835.6
96446.4
98058.1
99448.8
100397
100676
100161
98852.6
97111.4
95288.8
93868.1
92907.8
92327.6
91759.6
86253.5
86778
87286.7
87797.8
88332.7
88901.6
89523.9
90247.3
91107.2
92131.7
93354.4
94788.7
96405.7
98025
99422.4
100378
100664
100158
98860.7
97119.6
95297
93873.7
92912.1
92331.4
91760.6
86185.1
86714.3
87228.3
87742.5
88278.5
88848.7
89473.1
90197
91057.5
92085.3
93313
94751.7
96372.7
97997.6
99401
100363
100655
100157
98869
97129.2
95306.2
93879.8
92916.3
92334.9
91761.3
86138.4
86670.1
87188
87704.8
88241.2
88812.2
89437.7
90161.6
91021.8
92051.2
93281.5
94722.9
96346.1
97975.1
99383.5
100352
100649
100158
98877.5
97139.2
95315.8
93885.9
92920.3
92338.3
91761.4
86107.7
86640.2
87160.8
87679.4
88216.2
88787.4
89413.6
90137.1
90996.7
92026.3
93257.6
94700.3
96324.7
97956.5
99369
100342
100645
100160
98885.6
97149.2
95325
93891.9
92924.1
92341.4
91761
86088.7
86621.3
87143.4
87663.3
88200.5
88771.6
89397.7
90120.6
90979.2
92008.3
93239.6
94682.8
96307.6
97941.3
99357
100334
100642
100161
98892.9
97158.6
95333.9
93897.7
92927.7
92344.3
91760.4
86077.8
86610.6
87133.6
87654.2
88191.4
88762.3
89387.9
90110
90967.3
91995.6
93226.2
94669.1
96294.3
97929.7
99348.5
100330
100642
100168
98905.1
97172.6
95345.8
93904.9
92931.6
92347.1
91760
)
;

boundaryField
{
    inlet
    {
        type            zeroGradient;
    }
    outlet
    {
        type            waveTransmissive;
        phi             phi;
        rho             rho;
        psi             psi;
        gamma           1.3;
        fieldInf        100000;
        lInf            0.3;
        value           nonuniform List<scalar> 
57
(
93920.9
93897.6
93871.9
93842.5
93781.5
93694.5
93610.3
93484.7
93345.5
93180.2
93028.3
92886.3
92723
92570.6
92421.9
92278.6
92142.1
92017.1
91886.8
91766.5
91670.3
91597.3
91548.8
91524
91520.1
91534.4
91563.4
91602.8
91646.7
91694.8
91745.9
91798.2
91849.7
91899.9
91949.8
91996.5
92039.1
92077.3
92111.3
92141.1
92167.4
92190.3
92210.7
92228.6
92245.4
92260.3
92271.4
92279.7
92285.7
92289.8
92292.5
92294.3
92295.4
92295.7
92295.2
92294.4
92293.8
)
;
    }
    upperWall
    {
        type            zeroGradient;
    }
    lowerWall
    {
        type            zeroGradient;
    }
    frontAndBack
    {
        type            empty;
    }
}


// ************************************************************************* //
