/*--------------------------------*- C++ -*----------------------------------*\
| =========                 |                                                 |
| \\      /  F ield         | OpenFOAM: The Open Source CFD Toolbox           |
|  \\    /   O peration     | Version:  dev                                   |
|   \\  /    A nd           | Web:      http://www.openfoam.org               |
|    \\/     M anipulation  |                                                 |
\*---------------------------------------------------------------------------*/
FoamFile
{
    version     2.0;
    format      ascii;
    class       volScalarField;
    object      T;
    location    "9.136";
}
// * * * * * * * * * * * * * * * * * * * * * * * * * * * * * * * * * * * * * //

dimensions      [0 0 0 1 0 0 0];

internalField   nonuniform List<scalar> 
12225
(
298.736
297.764
297.603
297.537
297.497
297.382
297.406
297.203
297.226
297.038
296.991
296.746
296.796
296.024
295.835
294.414
295.618
294.612
298.344
296.561
296.286
296.011
296.048
295.53
295.859
295.305
295.57
295.31
295.423
295.049
295.605
294.146
293.525
292.464
295.411
294.01
298.303
296.32
296.12
295.596
295.754
294.899
295.249
294.611
294.527
294.51
294.354
294.013
294.207
294.047
294.101
294.007
294.769
294.504
298.342
296.334
296.227
295.541
295.646
294.979
294.832
294.847
294.14
294.313
294.039
294.055
293.463
293.971
293.403
293.637
293.333
293.854
298.369
296.391
296.049
295.787
295.286
295.259
294.622
295.034
293.834
294.502
293.607
293.978
293.068
294.207
293.244
293.078
292.387
294.104
298.31
296.67
295.79
296.079
294.842
295.759
294.79
294.421
294.314
294.787
293.72
293.568
292.997
294.145
293.119
293.038
292.066
293.167
298.124
297.062
295.787
296.118
295.263
295.857
294.622
294.071
295.183
294.31
293.505
294.11
293.045
293.168
292.947
294.031
292.631
292.573
298.241
297.202
295.981
296.159
295.626
295.531
294.405
294.794
294.889
293.976
293.293
294.243
293.353
293.101
292.854
293.771
292.386
292.775
298.149
297.217
296.165
296.739
295.73
295.733
294.65
295.788
295.161
294.722
293.686
294.997
294.243
294.066
293.338
294.014
292.862
293.615
298.153
297.083
296.778
297.385
295.906
296.06
295.507
296.424
295.274
295.411
294.38
295.079
294.954
294.567
293.729
294.242
293.956
294.137
298.303
297.164
297.001
297.164
295.75
296.461
296.08
296.304
295.435
295.802
294.946
294.992
295.112
294.882
294.404
294.614
294.482
294.096
298.514
297.624
297.097
297.037
296.046
296.834
296.179
296.152
295.576
295.999
295.313
295.175
295.374
295.27
294.903
295.087
294.701
294.305
298.842
297.866
297.415
297.316
296.709
297.158
296.382
296.315
295.988
296.348
295.921
295.612
295.828
295.897
295.674
295.592
295.312
295.049
299.537
298.341
297.859
297.665
297.393
297.575
297.05
297.013
296.84
297.003
296.842
296.465
296.582
296.701
296.64
296.498
296.294
296.138
300.242
298.793
298.387
298.33
298.19
298.109
297.909
297.863
297.736
297.858
297.795
297.513
297.631
297.636
297.641
297.585
297.477
297.377
300.976
299.38
299.048
299.12
298.993
298.87
298.85
298.751
298.697
298.818
298.756
298.617
298.728
298.685
298.754
298.76
298.768
298.762
301.883
300.123
299.862
300.022
299.904
299.854
299.854
299.744
299.785
299.843
299.802
299.801
299.88
299.858
299.938
299.976
300.004
299.999
302.908
300.943
300.741
300.895
300.773
300.807
300.75
300.648
300.693
300.664
300.687
300.712
300.728
300.764
300.77
300.78
300.793
300.785
303.659
301.693
301.579
301.587
301.456
301.493
301.391
301.31
301.311
301.264
301.259
301.275
301.231
301.205
301.17
301.104
301.063
301.036
304.338
302.422
302.19
302.11
302.037
301.918
301.844
301.734
301.633
301.605
301.451
301.452
301.334
301.222
301.205
301.051
301.015
300.951
304.905
302.914
302.539
302.523
302.299
302.124
302.119
301.896
301.873
301.758
301.492
301.514
301.232
301.136
301.053
300.838
300.821
300.644
305.397
303.236
302.863
302.851
302.522
302.469
302.3
301.988
302.025
301.694
301.523
301.447
301.035
301.026
300.686
300.583
300.398
300.213
305.749
303.569
303.178
303.067
302.791
302.671
302.384
302.113
302.037
301.61
301.569
301.298
301.004
300.991
300.494
300.573
300.114
300.042
305.971
303.799
303.385
303.209
302.887
302.678
302.362
302.141
301.911
301.604
301.507
301.141
301.005
300.747
300.413
300.313
299.855
299.8
306.274
303.991
303.496
303.243
302.93
302.716
302.466
302.215
302.015
301.731
301.501
301.218
300.993
300.682
300.434
300.158
299.856
299.66
306.331
304.032
303.578
303.362
303.067
302.805
302.54
302.287
302.046
301.743
301.499
301.178
300.956
300.606
300.382
300.073
299.764
299.558
306.406
304.058
303.618
303.405
303.115
302.86
302.609
302.343
302.082
301.759
301.475
301.15
300.837
300.537
300.166
299.887
299.489
299.212
306.498
304.164
303.699
303.474
303.195
302.923
302.622
302.286
301.91
301.52
301.138
300.769
300.396
300.048
299.684
299.378
299.061
298.825
306.587
304.221
303.743
303.522
303.248
302.956
302.627
302.282
301.921
301.588
301.281
301.006
300.785
300.605
300.457
300.362
300.283
300.272
306.917
305.259
304.989
304.869
304.7
304.534
304.367
304.212
304.055
303.907
303.758
303.618
303.498
303.385
303.285
303.201
303.123
302.985
288.214
283.351
281.549
280.38
279.331
278.395
277.612
276.926
276.292
275.675
275.092
274.67
274.238
273.891
273.748
273.686
273.959
274.352
274.981
275.931
276.307
277.202
280.22
283.078
283.179
281.736
280.401
281.086
283.426
285.768
287.735
289.709
291.744
293.473
294.628
295.291
295.689
295.955
296.114
296.187
296.211
296.225
296.248
296.275
296.303
296.328
296.339
296.338
296.327
296.301
296.259
296.208
296.147
296.075
295.989
295.9
295.807
295.711
295.608
295.499
295.385
295.256
295.115
294.987
294.846
294.652
294.432
294.184
293.9
293.604
293.302
293.013
292.766
292.573
292.332
291.986
291.569
291.131
290.736
290.286
289.76
289.108
288.47
287.938
287.418
286.828
286.398
286.22
285.785
284.629
282.534
280.176
278.612
278.101
278.434
278.435
276.444
274.043
272.639
271.667
270.545
269.178
269.198
273.004
279.84
279.584
282.778
290.467
291.809
292.24
291.195
290.683
291.066
290.897
291.221
290.78
290.078
289.954
290.215
291.911
289.084
286.999
287.564
290.349
289.707
286.855
284.652
284.061
283.683
283.024
282.609
282.056
281.192
280.092
279.346
278.482
277.666
276.291
275.288
274.909
274.594
274.044
273.135
272.6
271.983
271.125
271.103
269.688
268.829
268.347
266.706
264.998
263.111
260.651
258.357
257.454
256.15
254.607
255.146
254.465
252.609
252.274
255.683
259.864
263.531
267.417
271.394
274.504
277.2
279.96
282.531
283.584
284.181
286.045
286.213
284.591
286.185
287.306
288.338
289.517
289.223
285.489
283.441
281.296
279.298
277.703
276.776
276.106
275.48
274.866
274.354
273.731
273.256
272.073
271.049
270.924
269.826
268.917
269.171
269.328
268.758
268.429
269.099
271.666
277.213
280.241
272.579
265.281
270.833
281.862
288.707
291.974
293.743
294.454
294.458
294.262
294.144
294.073
294.064
294.07
294.09
294.125
294.1
294.085
294.055
294.007
293.945
293.867
293.797
293.745
293.702
293.664
293.63
293.6
293.568
293.531
293.469
293.353
293.186
292.979
292.727
292.419
292.008
291.547
291.152
290.711
290.147
289.619
289.056
288.369
287.652
286.798
285.927
285.31
284.96
284.793
284.612
284.074
283.12
282.28
281.354
280.568
280.128
279.745
278.756
276.74
274.59
273.433
272.68
271.186
269.115
267.503
267.048
267.468
268.134
267.32
263.916
259.552
258.581
258.751
253.778
248.034
249.153
260.95
281.146
290.337
290.958
291.372
288.229
287.213
285.757
286.63
288.29
289.262
288.214
284.802
282.191
281.471
279.051
280.625
277.066
283.096
281.145
284.41
285.449
283.45
279.518
277.416
278.402
279.363
278.927
276.94
274.211
270.823
267.607
264.901
262.593
259.483
256.704
255.341
254.733
253.854
252.646
251.665
251.003
250.091
250.395
249.225
247.499
247.612
246.937
245.03
242.417
238.386
232.945
229.448
226.932
224.03
226.209
225.642
214.548
205.648
210.254
222.126
234.641
245.424
255.235
263.009
269.411
276.506
278.723
275.074
278.774
282.172
278.936
274.364
278.723
281.183
281.935
283.355
290.839
287.785
283.96
280.143
277.719
276.634
276.792
277.029
277.002
276.976
277.125
277.569
276.952
275.734
275.664
274.86
272.525
271.432
268.721
266.93
272.422
276.049
271.04
265.5
268.319
276.028
282.189
286.644
290.463
293.29
294.512
294.83
294.778
294.469
294.244
294.073
294.018
294.086
294.085
294.127
294.04
293.995
293.988
293.896
293.946
293.945
293.936
294.034
294.174
294.415
294.696
294.974
295.223
295.469
295.659
295.824
295.907
295.854
295.725
295.545
295.31
294.992
294.373
293.567
293.039
292.596
291.925
291.613
291.362
290.713
290.005
288.639
286.723
284.997
284.535
286.059
287.711
287.497
285.507
284.353
283.382
283.735
284.937
285.673
285.84
283.901
279.529
273.605
269.689
267.724
266.78
268.392
271.469
272.849
275.37
275.128
270.472
265.128
260.985
257.663
254.038
256.244
269.592
284.496
291.285
289.608
286.889
284.692
282.663
283.471
283.763
286.895
289.25
287.216
281.529
275.385
271.197
268.819
269.693
279.015
293.642
302.616
287.954
283.268
280.326
277.86
273.701
269.887
271.092
276.208
281.229
282.55
279.464
275.369
270.493
267.205
262.336
257.049
254.844
254.644
253.212
250.488
250.134
249.395
249.925
251.475
249.225
247.298
246.366
243.57
241.792
239.745
236.746
234.346
231.528
226.514
219.584
215.484
217.895
215.868
200.069
190.734
196.722
212.569
229.291
244.004
256.827
265.409
274.248
278.651
270.409
268.096
279.948
281.194
281.932
277.712
272.083
280.03
280.471
282.911
291.188
286.502
280.465
277.231
277.808
279.772
281.583
282.066
282.203
282.564
282.699
282.638
282.243
281.124
280.425
279.044
276.725
275.166
274.432
277.766
275.995
266.933
271.29
283.086
287.804
290.375
292.684
294.275
294.861
294.685
294.03
293.251
292.7
292.511
292.495
292.576
292.714
292.815
292.884
293.005
293.035
293.03
293.184
293.343
293.559
293.914
294.337
294.777
295.309
295.849
296.41
296.925
297.327
297.573
297.694
297.779
297.813
297.752
297.66
297.582
297.531
297.516
297.18
296.506
295.785
294.87
293.658
292.923
293.055
293.035
293.671
293.473
291.983
289.682
287.676
288.179
291.179
292.235
290.77
290.162
289.723
290.383
292.194
291.971
292.24
291.662
290.324
284.972
279.163
275.004
271.277
270.003
268.263
262.728
267.724
276.615
273.623
267.281
264.153
260.464
261.917
271.783
283.661
289.42
287.347
283.7
282.201
281.47
282.373
284.722
285.593
287.457
286.042
281.49
276.142
271.288
267.146
268.269
281.649
301.156
316.89
310.471
294.345
270.868
276.545
275.039
270.732
265.288
264.658
270.297
276.347
279.375
278.86
277.732
273.833
272.234
265.489
258.362
258.15
261.5
260.506
255.44
255.834
254.051
255.131
262.304
257.664
252.908
257.474
251.795
246.295
243.595
237.92
232.343
232.205
231.889
223.055
217.936
219.414
211.864
193.143
189.17
199.452
216.14
231.882
247.225
260.65
267.396
275.671
275.884
266.161
275.633
281.233
275.295
282.616
283.294
271.485
279.442
279.299
275.978
290.748
284.645
279.041
280.775
285.752
288.121
288.46
287.952
287.752
286.968
287.036
286.626
285.661
284.42
282.778
281.19
279.189
276.76
273.664
271.338
271.322
277.524
287.76
293.191
293.536
293.599
293.434
292.782
291.734
290.982
290.463
290.294
290.524
290.936
291.496
292.104
292.489
292.9
293.148
293.229
293.594
293.777
294.003
294.446
294.835
295.224
295.672
296.137
296.526
296.9
297.302
297.518
297.715
297.702
297.559
297.369
297.267
297.197
297.12
297.165
297.304
297.701
298.155
298.676
298.966
298.841
298.3
297.04
296.111
294.422
294.624
295.484
294.338
291.255
289.704
289.661
289.665
290.551
291.546
292.364
292.305
292.419
295.082
295.804
296.156
294.838
293.468
290.786
286.898
281.915
280.117
280.405
275.808
269.071
273.727
277.776
271.548
264.423
262.756
263.932
270.674
281.529
287.304
286.908
282.359
279.574
278.912
278.898
281.564
284.466
284.692
284.78
283.365
282.327
279.552
272.08
264.283
265.762
284.176
304.989
314.93
301.326
291.536
277.244
287.959
284.797
280.348
275.287
272.368
273.124
274.155
275.581
276.704
276.966
273.108
272.633
267.653
261.245
262.226
268.82
269.293
261.573
262.621
258.65
258.291
273.202
267.204
257.152
268.503
263.742
255.265
253.008
245.761
234.609
233.4
237.806
228.551
224.579
227.037
212.198
190.537
191.507
205.891
222.115
236.91
252.17
265.094
271.923
279.066
275.334
268.44
279.24
274.72
273.267
276.772
285.685
277.996
279.783
279.591
279.419
290.214
283.76
279.907
283.703
285.03
282.709
282.863
282.938
281.097
281.42
283.701
282.467
280.622
280.678
279.591
279.008
279.077
278.218
276.675
277.483
282.516
288.784
292.226
292.047
291.163
290.664
290.217
290.136
290.271
290.69
291.381
291.99
292.709
293.383
293.988
294.38
294.653
294.812
295.019
294.982
294.892
294.946
294.937
294.935
295.064
295.094
295.04
295.08
295.096
295.152
295.212
295.242
295.371
295.423
295.615
295.715
295.842
295.873
295.734
295.762
295.732
295.874
296.12
296.558
297.015
297.663
298.832
299.8
300.39
298.829
296.958
298.43
298.481
294.035
289.073
288.129
288.594
290.007
291.448
293.207
293.101
293.896
296.68
297.883
299.805
297.973
293.74
288.907
284.211
280.091
284.742
289.062
281.687
276.37
282.216
276.422
264.916
262.059
264.911
270.925
278.742
285.134
284.898
281.391
276.952
275.316
276.715
280.458
286.738
289.129
287.088
286.994
287.895
288.989
287.091
281.108
272.474
267.162
278.91
296.105
298.165
285.884
299.635
303.433
282.008
279.23
278.446
278.966
279.391
278.539
274.654
273.145
273.12
271.971
267.011
270.28
269.825
262.941
264.316
275.043
277.526
265.456
267.613
262.767
265.573
290.638
280.019
261.135
278.172
274.22
263.024
263.006
256.169
239.433
235.712
244.2
234.039
232.099
237.887
216.292
191.364
194.94
211.912
227.289
241.271
255.099
266.653
275.31
278.573
264.85
258.173
268.837
271.944
277.09
274.238
282.609
275.242
273.913
276.34
285.49
290.114
283.854
279.259
280.672
281.323
282.116
285.976
286.83
286.308
287.857
288.875
288.994
287.194
284.586
282.547
281.67
281.079
281.133
282.782
285.823
288.803
290.242
290.31
289.798
289.762
290.098
290.769
291.381
292.148
292.645
293.152
293.353
293.715
293.922
294.046
293.944
293.737
293.173
292.625
292.386
291.929
291.55
291.384
291.209
291.201
291.303
291.489
291.837
292.112
292.544
292.998
293.521
294.16
294.543
295.206
295.614
295.946
296.254
296.354
296.48
296.525
296.916
297.322
297.76
297.841
297.675
297.288
297.91
298.772
299.873
296.283
296.264
298.975
298.305
294.106
291.752
293.044
295.149
296.624
296.952
294.493
294.993
298.31
300.784
305.063
305.291
300.156
292.163
286.645
285.32
291.758
291.179
281.34
280.498
284.166
274.496
264.242
262.766
265.868
273.791
282.383
284.905
281.388
276.327
272.781
274.27
280.051
285.686
289.014
287.213
286.888
289.451
291.032
293.424
294.733
295.627
292.115
285.638
287.243
292.065
292.425
298.325
308.668
293.872
282.092
274.676
274.011
277.755
279.535
279.175
274.682
272.278
268.506
266.501
264.719
274.525
273.789
261.859
267.276
281.959
285.078
270.569
274.865
271.243
276.515
302.267
290.167
266.427
291.11
283.474
268.989
277.31
268.816
244.878
238.495
250.351
239.345
240.524
250.833
222.994
194.348
198.366
216.862
231.759
244.01
255.74
264.323
275.967
277.534
258.025
251.216
258.83
269.973
271.298
271.466
281.017
275.931
278.238
282.043
288.493
290.104
284.056
279.078
281.737
285.387
284.058
284.567
287.767
288.846
288.037
287.847
289.045
289.777
289.583
289.038
288.124
287.648
288.689
288.655
288.379
288.905
289.559
289.924
290.208
290.849
291.49
291.963
292.36
292.499
292.568
292.829
293.001
293.046
292.738
291.928
290.735
289.361
288.259
287.245
286.431
285.893
285.473
285.214
285.024
284.999
285.105
285.225
285.557
285.936
286.422
286.93
287.611
288.519
289.174
289.946
290.544
290.99
291.486
291.946
292.366
292.998
294.159
295.154
296.276
297.477
298.81
299.238
299.813
299.325
300.738
299.638
297.585
299.354
300.121
299.204
297.821
297.286
297.172
297.378
298.302
297.018
296.511
296.928
297.477
303.226
309.678
308.369
300.984
295.638
291.997
290.723
283.758
277.232
283.684
286.896
274.782
264.847
264.543
268.485
276.915
286.058
286.743
280.551
273.761
271.106
276.699
284.296
288.167
289.081
289.14
292.169
294.006
294.316
296.138
296.38
297.523
299.197
300.322
300.802
299.404
298.6
300.327
298.907
300.441
303.414
277.524
269.675
275.938
275.217
274.03
272.748
270.501
264.194
267.961
271.189
279.853
270.002
257.998
272.969
287.694
289.192
280.74
286.321
283.469
283.145
293.915
285.311
269.623
298.747
286.928
275.937
304.178
287.172
250.937
241.347
255.569
244.252
249.283
265.278
231.865
198.894
201.869
220.706
236.237
246.326
257.347
260.971
271.091
278.127
263.37
254.307
252.394
258.027
255.876
258.822
263.782
266.072
277.857
281.415
293.078
291.088
286.763
280.575
278.611
282.288
282.784
283.012
285.665
287.982
287.79
286.987
288.541
290.42
290.084
290.194
290.652
291.03
290.196
289.096
290.563
291.392
290.945
290.028
290.509
290.835
291.352
291.536
291.758
291.958
292.459
292.58
292.31
291.346
289.748
287.628
285.965
284.663
283.998
283.949
283.912
283.907
283.886
283.831
283.739
283.628
283.563
283.501
283.523
283.507
283.607
283.694
283.843
283.938
284.096
284.349
284.621
285.018
285.519
286.545
287.982
289.899
291.996
293.824
295.152
295.818
296.687
297.685
298.734
299.511
299.47
301.037
300.007
299.743
300.839
301.532
300.958
299.443
298.391
297.118
298.489
298.914
298.529
298.46
295.309
297.985
306.562
308.622
298.769
291.533
287.147
283.354
277.42
279.358
287.839
285.03
272.022
265.282
267.323
272.808
283.153
292.233
289.653
280.336
271.894
271.585
280.676
288.195
289.579
288.279
287.252
288.571
289.138
290.294
290.72
289.366
288.207
288.944
289.757
290.746
288.771
285.591
283.307
289.971
302.736
305.194
287.633
265.445
277.219
275.532
272.634
273.563
270.928
265.41
274.751
273.671
280.813
262.294
260.741
281.592
294.277
294.458
294.63
295.706
293.832
286.151
281.398
274.031
270.645
294.6
281.794
285.346
326.965
309.034
259.076
245.159
260.521
248.564
257.315
280.135
242.666
204.506
205.218
223.511
241.003
250.754
261.536
259.899
263.814
277.149
269.677
256.678
248.281
245.239
243.528
250.348
250.038
255.709
268.72
276.297
286.44
291.3
286.716
280.892
279.008
282.635
282.982
282.758
284.361
286.012
286.035
286.926
286.861
287.502
287.269
288.544
289.363
287.938
288.058
289.294
290.298
289.025
288.929
290.222
291.055
291.269
291.609
291.952
292.475
292.586
292.479
291.734
290.128
287.947
285.879
284.244
283.725
284.045
284.573
285.084
285.246
285.17
285
284.836
284.822
284.854
285.017
285.243
285.591
285.9
286.343
286.791
287.168
287.483
287.62
287.515
287.309
286.853
286.322
285.939
285.824
286.427
288.166
290.259
292.291
294.662
296.178
297.464
297.976
298.736
299.021
298.735
299.78
298.936
298.338
299.107
300.863
301.335
301.664
300.461
301.739
302.571
300.399
301.582
299.508
298.313
305.178
313.18
301.507
289.059
286.82
288.067
284.694
286.955
290.845
283.544
270.884
265.78
269.704
275.371
285.115
293.341
289.384
279.627
272.386
274.435
284.464
289.798
287.436
283.957
283.061
285.27
286.45
287.137
285.868
285.636
285.356
284.279
282.464
284.061
285.568
287.708
289.591
290.466
289.933
300.534
301.565
279.368
277.464
277.665
272.094
273.51
268.834
269.814
279.395
273.262
292.664
279.952
283.683
292.724
302.561
304.144
300.159
287.117
284.853
276.163
268.708
267.41
272.691
286.463
273.532
290.335
312.664
318.604
267.942
251.204
267.934
253.516
264.928
294.762
254.749
210.891
208.678
225.388
244.878
256.731
266.11
261.886
260.784
277.012
268.856
249.583
240.511
236.759
238.126
244.671
248.413
253.512
260.497
276.395
283.909
291.499
287.049
281.361
278.641
281.822
284.204
284.984
286.772
289.872
290.616
289.11
285.81
284.242
286.513
288.087
286.933
287.655
290.361
289.46
287.412
288.713
289.489
290.127
290.044
290.366
290.82
291.354
291.946
292.091
291.662
290.188
287.788
285.521
284.055
283.791
284.197
284.618
284.605
284.106
283.238
282.419
281.849
281.465
281.337
281.368
281.647
282.034
282.543
282.989
283.457
284.191
284.925
285.54
286.317
287.203
288.073
288.677
288.953
288.971
288.17
286.602
284.983
285.132
286.72
289.805
293.123
294.643
296.355
296.78
297.997
297.848
298.526
299.413
299.677
298.528
298.94
299.251
301.706
302.155
301.484
304.062
301.335
300.495
301.671
298.982
301.394
314.149
311.007
296.739
291.28
291.504
289.277
289.277
289.982
281.493
270.646
266.22
270.763
276.684
281.856
286.328
284.576
279.076
275.613
279.665
286.771
288.366
284.401
280.682
280.881
283.927
283.915
282.328
281.864
283.577
285.231
286.744
289.311
290.837
287.942
286.657
287.803
292.572
286.2
293.348
306.869
311.714
285.724
289.41
273.393
270.5
265.644
277.727
278.687
288.519
314.538
309.738
304.789
297.575
304.443
309.592
293.061
268.802
259.868
250.148
248.93
264.748
280.272
282.158
271.068
285.795
285.123
310.302
272.513
259.575
279.306
260.107
274.421
309.682
267.706
217.878
212.36
226.856
247.121
262.052
268.284
264.874
265.391
278.44
261.731
241.522
236.014
235.268
238.056
238.935
241.492
247.216
255.405
270.137
286.884
291.534
286.76
280.962
278.565
281.101
284.534
286.204
286.72
286.211
285.005
282.523
280.108
279.671
282.151
287.35
289.253
287.037
284.166
285.1
286.297
287.945
288.5
289.756
290.64
290.874
290.938
291.363
291.576
291.664
290.654
288.403
285.985
284.209
283.523
283.784
283.962
283.567
282.601
281.695
281.139
281.045
281.306
281.64
281.961
282.161
282.489
283.192
284.109
284.741
285.051
285.724
286.748
287.295
286.691
286.263
285.849
286.089
286.172
287.128
288.792
289.726
288.93
286.459
285.653
286.805
290.559
293.79
295.28
296.235
296.65
297.018
297.145
297.361
298.339
298.767
299.905
298.817
298.504
300.742
299.049
301.369
302.784
301.324
303.369
301.459
297.552
307.702
313.454
301.7
292.911
291.572
289.647
287.862
286.994
279.122
270.402
266.75
269.713
275.837
279.08
280.77
281.678
280.271
278.68
281.096
284.895
285.335
283.266
280.009
280.113
281.111
282.497
283.282
286.691
289.253
288.894
289.046
289.935
290.696
290.139
290.599
285.971
290.836
289.388
289.973
296.554
313.186
310.446
311.312
285.363
273.607
265.857
283.706
282.475
311.894
323.091
312.725
301.36
290.861
293.103
297.617
278.702
259.966
250.584
234.781
231.564
260.722
287.65
277.14
273.584
279.194
272.992
293.366
269
273.198
295.761
269.388
287.469
325.456
280.977
225.209
216.334
228.267
247.647
265.634
268.832
265.93
272.533
278.621
254.297
237.492
238.17
244.031
243.459
238.858
239.553
245.928
255.919
267.286
285.449
291.493
286.666
282.342
281.753
281.594
281.48
281.247
281.546
282.033
283.114
282.573
280.792
283.928
287.652
285.54
281.266
282.727
287.298
288.746
286.84
286.236
286.599
287.106
288.188
289.643
290.795
291.755
292.169
291.933
290.151
287.779
285.391
283.834
283.727
283.794
283.37
282.388
281.526
281.327
281.683
282.302
282.847
283.114
283.35
283.457
283.312
283.678
285.17
286.448
286.764
287.237
289.063
291.119
291.449
290.952
290.96
290.948
290.402
287.478
285.537
285.912
288.166
288.947
286.94
285.982
286.506
289.926
291.971
293.403
294.639
295.634
296.744
297.763
298.143
297.112
297.929
299.371
298.661
300.187
299.906
300.131
303.423
302.916
303.612
305.089
299.214
304.529
312.889
304.134
293.682
291.806
289.242
285.749
284.047
276.537
270.679
267.241
267.986
273.198
277.114
278.824
281.895
282.828
282.356
282.995
285.076
286.21
284.559
279.901
279.804
281.446
285.774
287.874
290.447
292.223
293.756
295.609
292.35
292.084
293.837
297.595
291.04
286.839
290.228
286.511
288.971
289.31
314.181
318.009
305.048
281.902
274.293
285.482
294.974
326.265
323.686
303.639
289.995
280.011
278.883
274.868
262.941
259.556
263.521
245.764
226.286
249.825
277.209
262.006
270.657
275.233
269.582
278.677
265.43
294.811
313.614
280.846
301.95
341.036
294.174
232.838
220.215
230.275
246.774
267.097
270.189
264.932
273.644
274.493
249.306
241.055
247.303
261.982
260.347
253.323
246.413
248.424
253.263
262.981
280.759
292.297
289.636
288.735
290.074
290.392
290.488
289.69
288.714
287.095
285.985
285.227
281.41
278.109
280.204
283.435
284.789
283.166
282.643
284.851
286.704
287.012
287.218
287.092
287.097
287.943
289.064
290.401
290.884
290.189
288.57
286.448
284.733
284.337
284.424
284.322
283.31
282.087
281.575
281.57
281.92
282.288
282.486
282.35
282.462
283.045
283.417
283.499
285.076
287.37
288.467
287.834
289.132
292.032
293.918
291.875
290.687
292.823
296.996
297.459
291.369
286.505
285.064
287.028
286.599
286.232
285.606
286.443
288.544
290.425
292.363
294.325
294.079
293.766
296.437
298.3
298.401
298.995
299.487
300.578
302.035
300.695
303.316
304.455
303.052
305.791
299.883
301.582
314.108
311.496
299.165
294.523
290.35
285.218
281.77
273.984
271.163
268.549
266.922
269.68
275.549
279.814
282.652
283.366
283.466
284.618
286.282
287.112
283.366
278.481
282.498
288.429
294.15
295.663
295.753
296.132
298.215
300.962
298.411
299.994
295.537
296.369
295.502
291.008
292.048
284.877
293.145
287.939
288.702
297.794
313.035
297.539
290.002
290.696
307.22
328.819
317.318
294.766
282.407
273.38
264.442
258.271
258.949
259.766
265.296
259.818
231.045
241.907
261.789
245.877
257.832
267.23
265.65
270.266
271.34
313.476
321.45
290.789
313.251
352.689
306.032
241.002
223.531
233.824
245.814
265.517
271.289
263.582
267.683
264.901
246.67
246.486
256.913
276.7
279.292
270.7
255.209
250.218
252.924
260.63
277.765
293.17
292.155
291.918
291.59
290.846
289.895
288.793
287.906
287.527
287.417
286.955
287.842
286.519
284.612
282.547
281.064
281.564
282.981
283.285
283.521
283.9
284.856
286.158
287.113
288.119
288.735
289.372
289.48
288.484
286.988
285.595
284.868
284.805
284.91
284.532
283.208
282.265
281.754
281.705
281.97
282.352
282.946
283.235
283.332
283.898
285.244
286.453
288.403
290.814
293.28
293.394
292.498
293.94
297.782
298.218
294.189
292.879
295.583
299.762
297.946
292.172
287.449
287.35
289.428
290.242
289.308
286.89
285.513
288.068
289.482
290.012
293.313
294.618
294.288
295.138
296.974
298.489
299.68
300.008
302.867
302.314
303.058
304.527
303.18
307.55
303.829
297.745
307.33
313.189
304.76
297.603
291.826
286.286
279.898
272.245
270.808
270.045
267.539
268.525
274.81
279.859
281.38
281.307
282.569
285.479
287.25
286.651
282.353
282.6
290.25
295.595
300.822
304.758
305.259
303.871
302.3
303.309
303.003
306.382
302.498
298.996
294.796
287.876
292.466
286.148
286.878
304.668
282.756
281.399
300.125
308.098
300.473
299.029
318.784
322.716
304.208
287.696
281.852
269.697
252.424
259.242
260.367
249.257
244.487
246.739
232.668
245.833
262.082
242.414
246.447
257.719
260.62
266.005
283.419
315.187
315.55
296.073
317.385
356.531
314.943
249.702
226.993
238.106
245.927
262.09
270.757
263.803
263.005
257.806
245.659
250.351
264.967
280.886
286.114
284.018
264.626
255.585
255.208
257.531
273.059
293.563
293.028
291.98
290.523
288.586
287.272
286.438
286.527
286.371
286.485
285.51
285.103
285.755
285.479
285.592
284.623
282.237
281.943
282.68
283.225
283.293
283.221
284.114
285.526
287.12
288.26
288.868
288.991
288.738
288.292
287.434
286.61
286.308
285.722
284.595
283.987
283.811
283.956
283.537
282.706
283.069
283.617
283.459
283.688
283.851
285.636
288.119
290.777
292.611
293.829
295.519
296.509
296.519
296.539
298.254
298.592
297.15
298.415
301.173
302.272
296.217
290.313
287.815
290.936
294.774
294.91
293.72
291.119
287.415
287.114
288.216
289.17
289.966
291.481
293.04
294.751
296.959
299.436
299.913
301.443
302.016
302.132
304.156
303.104
305.762
308.385
299.064
302.408
311.828
310.514
301.625
294.903
287.557
279.097
271.387
269.921
270.929
268.659
269.084
275.365
279.746
279.207
278.432
280.8
285.271
287.604
286.656
283.01
286.498
292.043
295.896
300.638
306.591
309.844
309.175
304.758
303.489
300.509
303.441
307.046
302.549
299.789
286.351
283.286
291.976
278.534
304
294.302
284.84
294.016
302.034
295.561
305.478
316.658
305.479
295.827
285.974
284.504
259.912
254.267
263.974
255.196
244.577
242.552
237.008
224.86
240.685
258.804
243.005
240.455
251.707
256.621
262.645
290.061
307.126
305.29
296.3
315.323
352.581
319.394
256.776
230.191
242.193
249.684
259.183
268.4
266.635
264.294
258.421
244.759
253.519
268.793
275.375
278.855
287.795
272.58
262.962
258.873
254.338
266.459
293.57
292.365
290.061
287.3
285.5
287.073
288.118
288.76
289.712
289.658
289.782
288.156
287.14
285.572
285.195
285.845
284.625
282.899
281.797
281.677
282.727
283.582
284.14
284.567
285.289
286.502
287.441
287.93
287.883
287.546
287.241
286.676
285.775
285.117
285.299
285.704
285.728
285.26
284.357
283.308
283.251
283.872
283.297
283.382
284.969
288.476
292.755
296.208
298.881
299.371
298.936
299.262
299.948
300.228
299.706
299.41
297.85
297.76
299.085
302.662
301.523
296.322
293.006
293.192
296.508
301.281
301.53
299.889
296.096
292.013
288.855
288.364
289.714
290.78
291.217
292.129
294.904
297.371
299.728
300.503
301.715
301.891
303.07
303.165
300.789
309.93
303.837
297.557
305.27
313.688
307.589
300.846
289.809
280.462
270.931
269.538
271.465
269.343
269.16
275.378
279.265
277.57
276.76
279.903
285.349
287.788
287.658
285.399
287.213
296.104
303.452
306.237
310.335
311.3
310.615
307.897
308.95
304.043
303.505
308.299
301.079
298.148
294.48
276.652
287.332
282.355
295.361
299.416
285.809
297.163
303.963
289.588
301.786
295.58
281.109
289.444
281.299
275.484
252.68
265.064
258.45
253.922
251.797
254.905
251.261
236.115
243.652
251.894
238.568
234.614
245.952
253.717
260.154
287.725
299.837
297.402
292.655
309.671
344.226
319.915
262.073
234.05
246.491
256.838
258.048
266.289
270.87
270.589
262.883
244.835
253.953
267.11
267.44
265.517
283.35
278.625
266.123
261.719
254.89
263.414
293.141
290.711
288.413
286.951
288.5
290.981
290.158
289.901
290.705
291.459
292.463
291.48
290.023
287.763
285.933
286.363
286.508
285.311
283.433
281.502
281.354
282.685
284.068
284.631
284.651
284.83
285.256
285.954
286.357
286.084
285.779
285.355
284.572
284.547
285.712
286.844
286.189
285.664
284.972
284.563
284.631
283.278
282.432
284.07
288.502
293.615
297.101
298.422
298.281
298.852
299.784
299.839
299.999
299.003
298.673
299.509
301.082
299.609
297.769
297.715
300.288
301.489
298.294
296.581
296.525
298.579
302.233
304.536
303.214
299.136
294.159
290.836
289.488
288.395
288.791
288.876
292.627
294.748
298.931
301.183
301.415
301.792
301.342
305.253
297.582
303.164
308.416
300.582
300.356
310.062
308.953
304.402
292.616
283.955
271.391
269.628
272.358
270.473
269.218
274.119
278.075
278.087
277.485
280.399
285.578
287.372
288.31
287.114
290.644
304.142
312.16
313.83
314.025
310.66
308.498
305.139
306.875
306.1
302.938
310.443
310.443
293.94
296.296
280.992
283.489
283.273
291.002
306.437
286.567
294.114
309.462
294.967
288.185
274.789
267.359
282.672
276.422
268.181
262.096
264.453
260.021
259.424
256.439
254.53
256.172
248.638
251.047
249.433
232.891
232.411
247.203
254.775
260.9
283.743
293.895
291.149
285.384
301.926
335.581
317.814
264.593
237.334
251.056
265.674
259.859
266.201
273.889
278.117
264.511
245.516
252.469
261.722
262.106
255.109
272.425
282.452
273.546
270.051
260.269
263.624
292.91
291.103
289.425
287.275
288.761
289.32
288.1
289.65
290.085
290.5
291.631
291.817
290.935
289.089
286.942
286.434
287.069
287.027
285.702
283.09
281.617
282.256
283.534
284.096
284.229
284.155
284.387
284.843
285.259
285.517
285.194
283.672
283.012
284.499
285.875
285.707
286.028
286.442
285.049
285.171
284.282
281.589
282.267
287.799
294.188
297.423
298.099
298.047
298.508
298.815
298.524
298.658
299.056
299.984
299.429
298.497
299.321
300.536
299.416
297.442
297.139
298.435
300.421
300.285
299.807
298.089
296.849
297.78
301.272
303.112
300.557
295.698
292.612
289.244
289.451
288.362
292.244
294.643
296.945
300.461
301.482
301.797
300.109
307.12
300.516
298.94
307.126
302.702
299.344
307.567
310.351
305.903
294.886
287.05
272.481
269.508
273.072
272.427
270.12
272.575
275.993
278.687
280.121
282.084
285.786
286.702
288.04
287.253
293.061
305.367
310.314
310.342
309.339
307.353
306.682
302.94
301.199
304.639
298.89
300.042
312.211
298.539
295.627
282.385
283.296
289.1
287.314
308.969
295.988
294.347
310.528
300.111
279.18
265.441
264.6
273.876
275.169
269.073
270.365
266.52
277.404
272.426
261.67
251.305
249.63
249.493
249.285
248.044
234.389
239.388
257.552
258.516
264.352
282.595
289.005
286.089
276.77
294.221
328.742
313.828
265.442
241.215
255.757
272.057
263.287
268.816
276.62
283.287
262.685
246.544
252.122
257.178
260.245
251.015
262.111
281.876
280.123
275.215
263.547
264.705
293.079
290.714
289.027
287.962
291.076
293.035
290.097
290.797
290.241
290.032
291.358
291.365
290.936
290.003
288.321
287.351
287.297
287.701
287.462
285.189
282.72
282.302
283.597
284.581
284.273
283.525
283.826
284.253
284.825
285.658
284.87
282.237
282.317
284.261
284.934
285.515
286.61
285.475
285.065
285.494
283.044
281.463
285.774
292.124
296.157
297.435
298.049
297.651
297.575
298.447
299.747
300.715
300.631
301.579
302.433
302.681
301.76
301.553
304.038
304.708
304.162
301.143
299.877
301.146
304.241
304.216
300.657
297.154
297.706
300.616
302.302
298.335
295.312
290.501
289.545
287.336
289.729
294.379
297.037
299.998
302.173
302.84
299.063
304.748
302.986
298.233
306.799
305.494
299.197
304.189
311.847
308.685
298.54
289.86
274.601
269.269
273.223
274.101
271.751
272.003
274.071
278.48
282.438
284.122
286.695
287.014
288.292
287.506
294.137
303.805
308.124
308.85
308.796
305.173
303.507
302.048
298.062
302.909
306.795
300.927
306.769
298.471
295.21
283.435
279.969
292.663
287.31
308.615
300.114
295.234
310.69
300.539
281.458
265.833
262.55
272.772
274.129
273.364
268.57
276.66
288.545
277.775
266.704
256.312
247.547
249.359
249.073
250.406
242.346
248.92
268.699
261.951
268.487
284.329
285.22
281.566
269.217
288.117
323.785
310.063
264.594
243.723
259.251
274.686
268.278
272.434
278.461
283.991
260.143
248.697
255.342
256.376
262.001
254.338
258.626
277.694
283.912
280.045
269.43
270.957
292.767
291.092
290.295
288.693
289.471
292.213
289.834
290.428
290.574
289.406
289.863
290.294
290.077
289.736
288.868
288.806
288.692
288.572
288.292
286.357
283.141
281.261
282.044
283.67
283.99
283.867
283.979
283.832
284.579
285.687
284.171
282.412
283.185
283.46
284.208
285.85
285.867
284.699
286.305
285.328
281.284
281.642
288.434
294.925
297.297
296.209
297.43
296.787
299.219
298.509
299.556
300.329
301.693
301.178
301.386
301.857
303.445
303.724
301.335
300.722
302.578
303.213
301.34
300.742
303.94
306.157
303.95
298.49
297.754
300.083
303.707
301.046
298.375
291.574
289.378
288.708
290.494
295.113
297.285
298.817
301.241
303.671
299.605
302.243
304.801
297.738
304.175
307.616
300.774
301.767
311.175
310.412
302.624
292.948
277.942
269.175
272.861
275.647
273.922
272.405
272.865
277.655
283.777
286.28
287.219
287.269
288.063
287.888
294.08
301.8
306.127
308.738
309.708
304.903
301.784
303.7
297.127
296.22
305.036
309.602
308.838
298.942
292.995
283.534
280.425
298.042
285.564
309.646
304.479
296.658
312.523
298.828
287.584
270.121
260.511
273.162
271.394
276.378
273.575
285.378
289.095
278.384
263.254
255.562
245.142
246.198
248.249
252.051
250.482
253.121
269.102
260.243
271.255
287.269
280.487
275.804
262.058
283.377
320.198
306.043
264.252
247.236
262.538
275.139
271.81
273.775
278.59
281.716
260.211
253.236
262.2
259.298
266.176
261.59
263.161
275.376
283.585
279.172
269.787
274.2
292.848
291.867
291.296
290.136
289.596
290.574
291.879
292.054
291.941
291.081
290.522
290.116
289.47
289.404
289.003
288.318
288.754
289.23
289.616
288.143
284.009
280.92
280.928
281.909
282.383
283.33
283.612
283.807
285.783
286.583
284.257
283.261
283.229
283.215
284.192
285.456
285.701
285.323
286.679
283.844
280.529
283.925
291.882
295.458
297.28
296.07
296.595
294.853
296.788
296.946
298.009
298.986
299.033
301.142
301.281
301.185
300.545
302.567
302.827
301.963
301.947
303.847
303.527
300.921
301.807
304.242
304.478
299.744
297.53
298.53
304.102
302.96
300.267
293.153
289.701
289.917
291.4
296.211
298.725
299.863
301.522
304.037
300.71
301.098
305.671
298.775
302.686
308.877
302.463
300.672
309.419
311.874
305.436
296.204
281.784
269.985
271.818
276.168
275.809
273.957
272.703
276.407
283.552
287.593
288.379
288.377
288.844
288.671
293.57
299.626
303.841
307.318
309.382
304.418
299.202
306.475
303.205
297.068
295.534
306.633
305.001
298.212
290.579
283.525
279.465
301.188
286.599
307.981
309.213
297.734
314.213
298.55
298.091
275.838
260.197
272.853
269.877
274.566
277.596
288.636
291.863
283.63
264.151
252.997
243.729
243.351
246.761
250.865
257.346
257.849
261.746
255.349
272.927
288.213
274.366
269.575
256.62
281.093
318.073
302.331
262.968
249.2
264.834
275.974
273.779
273.086
276.166
278.978
263.861
259.241
270.276
263.916
271.251
267.627
269.672
275.855
282.604
277.294
268.836
275.717
293.474
292.15
292.282
291.685
291.112
290.864
293.452
293.55
292.936
293.302
292.873
292.163
290.924
290.451
289.589
288.671
288.012
288.73
290.527
290.795
287.72
284.465
282.66
281.491
281.746
282.982
282.322
282.855
286.048
286.99
285.605
284.908
284.873
284.732
284.452
285.581
284.685
285.147
287.115
282.397
280.579
285.775
292.932
295.765
296.273
294.916
294.926
294.683
296.362
296.348
297.812
300.255
299.91
301.137
301.77
302.77
302.633
302.594
303.972
304.15
303.415
303.677
304.623
303.408
302.182
303.374
305.318
302.625
300.873
300.24
304.897
304.647
301.981
295.374
290.866
291.721
292.995
297.373
299.723
300.696
301.259
303.797
301.632
300.913
305.524
300.076
301.911
309.93
304.229
300.886
307.008
313.441
307.596
300.258
286.137
272.075
270.904
275.982
276.976
275.803
273.766
276.024
282.492
288.043
288.824
288.784
288.851
288.509
292.23
296.583
300.182
303.433
308.507
303.972
296.071
300.403
301.128
299.999
292.619
307.466
301.903
295.938
290.018
282.779
282.877
304.1
287.677
306.586
311.637
298.272
315.876
297.941
306.83
286.504
261.59
272.972
273.901
273.591
274.358
290.497
291.695
280.659
262.047
248.594
242.548
242.865
246.665
248.367
262.905
268.858
260.068
252.459
275.442
287.597
267.996
264.082
252.663
280.807
316.561
298.647
262.668
251.893
266.807
276.673
275.619
273.818
273.912
277.324
268.935
264.979
274.891
266.355
274.679
270.781
274.567
275.013
279.832
272.817
268.307
277.575
293.392
292.637
293.203
292.391
291.542
292.009
292.809
294.091
294.338
294.428
294.105
294.237
293.435
292.544
290.963
289.69
289.369
288.955
290.334
290.796
289.393
287.88
285.438
282.819
282.923
283.531
281.873
282.73
285.76
286.832
285.7
284.619
285.015
284.226
284.955
285.764
284.14
286.923
286.648
280.854
281.422
287.085
293.603
296.045
295.294
293.959
294.263
294.11
296.365
296.479
298.003
299.076
299.168
301.19
301.44
301.564
303.345
302.498
302.755
303.155
304.038
303.606
303.849
304.012
303.483
303.397
304.959
304.139
303.228
300.991
303.935
304.701
302.795
298.55
294.173
295.72
295.834
298.795
300.509
301.682
301.461
304.481
302.98
300.655
304.807
301.286
300.203
309.44
305.69
301.527
304.888
313.982
309.443
303.724
290.958
275.137
270.506
275.069
277.289
277.261
275.249
275.975
280.861
287.156
289.158
289.41
289.151
288.689
290.74
293.353
295.749
298.333
305.986
305.362
297.535
297.347
293.555
297.446
287.768
304.94
301.785
293.939
288.992
281.916
284.758
306.352
290.016
304.003
313.662
298.869
317.753
295.792
311.719
298.878
264.734
274.047
279.809
267.677
269.414
292.719
291.657
277.67
256.899
242.015
238.289
242.977
249.45
245.708
263.228
278.372
263.01
250.264
275.929
285.336
262.443
260.027
250.952
282.44
315.844
295.203
261.507
252.435
267.369
277.409
279.783
279.004
275.026
277.727
271.324
266.388
272.308
265.838
276.965
271.095
274.31
271.249
277.19
270.17
268.449
277.137
293.187
292.62
293.904
293.037
292.759
292.956
292.152
293.612
295.019
294.067
293.023
293.065
293.093
293.504
292.892
291.764
290.511
289.487
289.816
290.371
289.95
289.082
286.809
284.762
285.239
284.342
281.633
281.85
283.93
285.731
285.195
285.328
285.817
284.576
286.297
284.756
283.694
286.957
284.797
280.773
281.875
287.798
294.748
295.297
294.646
294.168
293.9
293.439
294.287
294.663
297.027
298.945
298.597
300.206
301.467
300.834
302.375
302.719
304.243
303.415
303.796
303.75
304.177
305.131
305.128
304.403
304.488
304.237
305.023
303.801
304.161
304.238
302.315
301.315
298.108
300.041
299.665
301.257
301.742
302.57
301.28
303.88
303.691
301.076
304.428
302.913
299.459
308.283
307.139
302.505
303.146
312.966
311.65
306.136
296.356
278.591
271.337
274.4
276.549
277.831
276.73
276.94
279.951
285.854
288.812
289.186
288.948
288.138
289.446
291.047
292.983
293.23
301.044
303.281
299.014
299.032
290.302
295.899
286.729
301.949
298.757
290.379
287.522
280.582
289.277
306.896
293.18
301.782
313.716
298.068
318.766
293.749
312.461
313.251
269.578
276.513
285.479
266.254
269.59
293.695
289.17
274.482
252.315
239.075
236.189
243.185
254.22
247.041
264.112
284.631
265.991
248.583
275.11
281.309
257.839
258.29
251.595
285.83
315.721
291.528
261.198
254.181
268.014
277.586
283.107
285.094
280.875
280.111
270.18
264.329
268.073
266.568
277.622
269.175
272.023
268.094
274.772
267.945
270.274
279.664
293.206
293.515
294.285
293.1
293.069
292.946
292.333
292.746
294.676
293.273
292.139
292.216
292.068
293.317
291.97
292.96
293.417
291.246
289.185
289.583
291.631
291.146
287.951
285.943
285.773
283.41
280.786
280.677
282.657
284.817
284.667
285.905
285.546
285.061
287.113
284.445
285.003
287.603
284.764
280.789
281.501
288.727
294.384
294.944
294.839
293.402
292.748
292.941
294.783
294.817
296.447
298.318
299.377
300.688
301.607
302.048
303.476
302.166
303.507
304.332
304.322
304.65
304.366
304.543
304.843
304.829
304.524
303.859
304.606
304.557
303.84
304.232
302.493
303.636
301.676
302.834
301.365
302.032
301.926
303.147
301.949
303.746
304.133
301.302
303.587
303.989
299.763
306.99
308.578
303.669
302.272
310.399
313.973
307.463
301.855
282.838
272.182
274.389
275.958
277.283
277.042
277.617
279.243
284.236
288.006
289.302
289.106
288.272
288.852
289.531
291.494
289.221
296.029
297.49
296
298.813
288.696
294.998
288.062
301.034
299.066
286.82
286.873
279.707
292.617
308.477
296.41
300.399
313.109
298.155
317.169
290.542
309.657
324.742
275.436
279.029
290.355
266.698
271.093
294.352
286.7
268.802
244.464
233.759
235.723
244.375
259.715
252.848
270.109
290.727
269.113
247.619
273.555
276.637
253.846
257.952
254.241
289.205
315.597
288.496
259.99
254.873
268.835
278.9
284.569
288.811
289.42
280.893
266.987
261.913
266.27
267.84
274.524
265.737
269.009
266.481
275.176
269.211
274.208
281.67
293.587
293.709
294.185
292.974
293.36
293.061
292.14
292.146
294.246
293.296
292.985
293.049
291.791
292.951
294.276
291.453
293.131
293.66
291.373
289.186
290.759
292.004
290.042
288.151
286.976
283.573
280.736
280.177
282.424
284.568
285.144
286.886
285.767
286.052
286.659
283.453
284.616
286.857
283.977
279.853
281.559
289.226
294.197
295.404
294.288
292.943
293.048
292.528
293.199
293.345
295.142
296.917
297.811
300.269
300.663
300.392
302.633
302.628
302.707
303.834
303.291
304.413
304.446
304.859
304.386
304.307
305.083
305.096
305.361
305.377
303.99
304.814
303.216
304.571
302.776
303.277
301.825
302.321
302.265
303.522
302.855
303.423
305.148
301.998
303.166
304.691
300.435
304.754
309.5
305.11
302.09
307.333
315.275
309.138
305.985
288.438
273.868
274.559
275.695
276.698
276.333
277.732
279.312
283.22
287.096
288.698
289.028
288.231
288.731
288.557
291.215
288.257
293.289
292.985
290.74
297.651
287.719
293.774
290.21
298.847
295.867
283.038
285.311
280.085
296.969
309.037
298.758
299.938
311.135
298.681
313.345
288.116
304.064
329.813
280.732
280.396
292.067
265.298
277.336
293.082
283.843
263.276
239.01
230.89
237.447
247.79
266.295
260.894
277.607
296.049
271.069
247.704
272.629
271.42
250.664
259.17
257.854
292.888
315.888
285.272
259.559
257.361
271.317
281.129
282.718
289.22
295.342
278.591
263.267
259.746
264.352
265.851
267.986
263.379
269.483
269.141
277.608
271.648
278.7
286.253
292.847
292.765
293.947
292.873
292.522
292.428
292.182
292.341
294.346
293.734
293.718
294.25
293.135
290.892
294.297
292.758
291.528
293.617
293.341
291.059
289.252
289.565
290.804
291.318
289.52
284.807
281.319
280.286
282.225
283.529
284.414
286.072
285.101
286.39
286.475
283.971
285.566
287.466
283.989
279.994
282.526
289.316
294.152
294.918
294.02
293.16
292.699
292.175
292.906
292.38
294.014
296.35
297.316
299.813
301.462
301.508
302.681
302.868
302.991
304.715
303.732
305.026
304.445
305.486
305.754
305.307
305.423
305.196
305.247
305.746
304.383
305.361
303.959
304.531
303.096
303.163
302.413
302.864
302.847
303.645
303.716
302.845
305.465
302.36
302.614
304.847
301.41
302.833
309.266
306.79
302.407
304.775
315.019
310.899
308.625
294.587
276.323
274.812
275.983
276.288
275.233
276.641
278.542
282.27
286.3
288.634
289.327
288.868
289.256
287.987
290.654
287.43
292.235
291.187
286.826
296.49
287.556
293.181
291.892
297.099
294.38
280.068
285.409
281.141
300.297
310.683
299.584
300.313
309.302
300.04
308.723
286.098
299.847
328.953
282.009
284.025
291.882
265.135
284.923
292.064
281.909
257.009
233.429
229.764
241.039
254.211
273.359
268.662
282.552
297.622
271.243
248.738
271.963
266.84
248.322
261.02
262.553
295.997
315.759
283.355
258.669
258.563
273.844
285.047
279.604
288.819
293.674
273.946
259.388
257.234
260.759
262.294
263.827
265.711
273.362
274.425
281.086
276.544
283.611
290.792
292.615
294.261
291.964
292.9
292.624
292.101
292.082
292.628
294.014
293.326
293.17
293.708
295.24
292.793
292.812
293.539
291.546
293.014
294.091
292.968
289.8
287.051
288.014
291.376
292.148
288.099
283.299
280.884
282.175
283.039
284.663
285.906
285.111
286.826
285.7
283.225
284.952
286.798
283.345
279.725
282.23
289.198
294.171
295.045
294.615
292.94
293.083
293.124
293.459
292.631
293.098
295.221
296.618
299.233
300.408
301.165
302.604
302.962
302.795
304.311
303.2
305.36
304.57
304.926
305.301
305.241
305.487
305.203
304.878
305.518
304.429
305.213
304.439
304.429
303.876
303.694
303.237
303.491
303.653
303.8
304.82
302.759
305.621
303.042
302.367
304.84
302.773
301.698
308.073
308.297
303.514
302.72
313.16
312.831
310.197
300.504
280.812
274.868
276.466
276.645
274.389
275.434
277.928
281.398
285.551
288.22
289.29
289.453
290.245
288.375
290.392
286.79
292.81
291.543
285.58
295.705
286.769
292.269
293.644
293.865
290.946
277.498
285.14
283.748
303.067
311.403
298.981
299.905
307.251
302.108
304.987
285.233
297.933
321.771
281.145
287.675
292.968
265.465
292.933
292.327
280.251
251.591
229.33
230.439
245.386
262.096
280.842
275.986
285.985
295.908
268.739
249.845
271.971
262.87
246.892
263.032
266.445
298.069
315.929
281.624
258.362
259.96
275.293
285.082
274.268
286.021
286.619
269.796
256.111
255.142
257.823
261.29
264.351
272.145
279.609
281.386
284.256
281.919
288.423
294.309
293.626
294.939
292.051
293.15
292.463
291.934
292.45
293.273
293.497
292.779
292.589
291.975
293.166
292.827
292.411
294.431
292.421
292.136
294.245
294.36
291.42
288.001
287.099
289.916
292.533
291.439
287.449
284.58
283.887
282.769
284.263
284.57
284.89
287.056
285.079
283.591
285.6
287.171
283.419
279.591
282.281
289.167
293.543
294.952
294.073
293.057
293.849
293.704
293.77
292.809
292.764
294.461
295.501
298.741
300.369
301.475
302.82
302.852
303.07
304.878
302.893
304.472
304.336
305.131
305.524
305.352
305.613
305.672
305.129
305.798
304.937
305.252
305.395
304.724
304.839
304.278
304.213
303.957
304.519
303.616
305.617
302.866
305.27
303.796
302.199
304.31
304.166
301.566
305.406
309.56
305.17
301.747
309.979
313.796
312.1
305.614
287.74
276.253
276.13
278.047
274.502
273.587
275.939
280.033
284.686
288.237
289.674
289.824
291.295
288.861
290.016
285.138
292.291
290.859
284.95
294.628
286.129
291.741
293.951
290.529
288.277
275.864
286.108
287.075
304.87
311.915
297.271
299.554
305.817
303.406
301.904
285.75
298.188
313.703
279.175
294.432
292.227
267.189
298.434
293.339
278.944
247.886
227.236
232.797
251.096
270.187
286.541
281.808
287.761
290.854
264.465
251.646
272.28
259.284
246.209
265.532
271.073
300.141
315.329
281.506
258.75
259.215
273.45
280.522
269.943
281.413
277.576
264.517
252.657
252.872
256.7
263.582
269.236
280.743
285.21
286.722
287.05
287.748
293.53
295.346
293.09
292.352
292.565
292.789
292.266
291.561
292.421
293.24
293.557
293.348
293.296
292.499
292.844
292.897
291.206
293.873
293.204
292.281
293.837
295.044
293.482
290.708
288.747
289.244
291.201
291.244
288.468
286.782
285.868
284.855
285.704
284.075
284.94
286.579
283.877
282.742
284.88
286.703
283.164
279.713
282.512
288.797
293.392
295.119
294.832
293.989
294.359
294.702
295.662
294.92
293.259
294.04
295.098
298.404
299.608
300.994
302.948
302.918
302.758
304.371
303.636
304.788
303.87
304.363
305.439
305.757
305.872
306.173
305.571
306.225
305.877
305.366
306.16
305
305.344
304.773
304.808
304.337
305.463
303.816
305.875
303.48
304.235
304.672
302.22
303.739
304.832
302.877
302.418
309.3
307.437
301.744
306.654
312.629
313.806
309.57
295.601
281.06
275.324
278.036
276.388
274.111
274.792
278.023
282.399
287.082
289.71
290.103
291.818
289.69
290.403
284.075
290.729
289.064
284.78
292.777
284.436
291.265
293.998
286.523
285.21
274.816
287.284
291.871
305.368
310.806
294.581
297.852
304.762
304.353
298.879
286.549
298.866
304.731
281.263
300.632
291.571
271.44
301.012
295.634
277.482
244.131
225.175
234.769
257.056
278.357
290.796
285.559
287.069
282.992
258.982
253.811
273.592
256.95
245.685
266.833
273.738
300.919
315.133
280.921
259.568
257.925
268.447
269.623
265.709
275.717
270.113
259.176
250.907
251.064
259.59
268.504
276.077
288.291
289.353
290.643
290.547
293.375
297.58
294.385
293.283
292.106
292.409
292.422
292.258
291.949
293.282
293.424
292.873
293.008
293.288
292.527
293.285
294.878
292.807
293.53
293.385
292.266
293.741
295.121
295.144
293.109
290.215
289.689
292.04
292.473
290.946
289.189
286.312
284.947
285.072
283.627
285.86
287.083
284.043
282.833
285.287
286.699
282.902
279.245
281.204
287.456
292.553
294.568
294.635
293.799
294.684
296.35
297.547
297.025
294.777
294.042
293.576
297.16
299.226
300.492
302.066
302.595
303.174
303.55
303.106
304.786
304.519
304.382
304.707
305.075
305.076
305.775
305.364
305.972
306.215
305.294
306.263
305.296
305.241
305.248
305.327
304.513
305.919
304.261
305.285
304.729
303.288
305.294
302.929
303.107
304.445
304.849
301.416
305.821
309.975
303.359
303.518
310.349
313.71
312.708
303.164
288.848
277.847
277.377
276.93
274.792
274.616
277.251
280.265
284.749
289.052
288.011
288.914
286.961
288.387
282.539
287
284.69
282.643
288.238
282.243
291.314
292.182
282.288
282.932
275.333
289.831
297.43
304.573
307.971
291.503
295.697
304.397
303.877
295.229
286.56
298.786
296.541
288.488
306.249
289.456
277.323
303.171
298.632
277.467
242.864
225.707
237.976
263.724
284.786
292.579
286.963
284.392
273.895
254.726
258.021
274.983
254.267
245.36
268.42
276.954
301.838
314.661
280.707
259.979
254.198
261.705
261.63
265.71
271.108
263.04
253.136
250.454
250.587
268.426
272.498
281.544
293.238
293.103
295.21
295.214
299.767
299.573
294.298
294.983
292.43
293.036
292.605
292.984
292.352
292.369
293.342
293.255
292.457
293.472
293.111
292.001
293.694
293.646
293.522
294.087
292.201
293.311
295.287
295.804
294.768
292.876
291.749
291.931
291.415
292.117
291.539
288.983
287.392
285.143
283.151
284.911
285.092
282.133
281.823
284.97
286.807
283.891
280.146
281.459
287.292
292.009
294.355
295.074
294.62
295.362
297.083
299.369
299.363
296.271
295.075
294.548
297.165
299.151
301.249
302.617
302.543
303.745
304.201
303.693
304.708
304.959
305.284
305.164
305.289
304.914
305.772
305.724
305.895
306.503
305.38
306.113
305.733
305.15
305.443
305.9
304.617
305.886
305.19
304.207
305.548
303.257
304.431
304.109
302.912
303.669
305.685
303.049
302.337
309.087
307.06
302.12
306.821
312.239
314.371
309.459
297.528
283.898
277.83
277.405
276.383
274.896
276.192
277.642
280.133
288.283
286.087
284.734
281.817
283.755
280.63
282.429
279.907
281.067
283.986
281.817
292.066
288.719
278.064
281.669
276.602
292.76
303.336
302.686
303.642
288.214
292.74
304.522
303.12
290.843
283.32
296.206
290.535
298.336
308.817
286.257
286.422
306.443
304.734
277.621
239.823
225.126
240.056
270.191
289.547
292.576
286.235
279.403
266.139
253.241
263.743
276.945
252.849
245.173
268.785
278.633
302.057
313.845
278.645
257.47
251.252
257.445
257.739
265.988
267.668
258.314
252.408
251.849
254.999
279.774
272.322
286.166
298.047
299.757
302.478
302.226
304.814
300.229
294.523
294.372
291.885
293.824
293.43
293.273
293.12
293.063
293.079
293.686
292.91
293.065
293.782
293.184
293.691
292.958
292.422
294.394
293.007
292.276
294.413
296.24
295.451
294.373
293.319
291.399
290.336
292.126
292.199
291.604
290.862
287.256
285.417
287.074
286.339
282.831
282.173
284.731
286.521
283.504
279.393
280.366
285.072
290.146
293.772
294.796
294.592
295.029
296.459
299.199
300.502
297.809
295.108
293.775
296.512
298.506
300.514
302.665
302.854
303.794
304.015
304.062
304.497
304.234
304.484
304.92
305.477
305.502
305.952
306.239
305.673
306.892
305.725
306.008
306.267
305.3
305.682
306.436
304.784
305.466
305.698
303.806
305.317
304.462
303.598
304.794
303.779
302.996
304.747
305.319
301.504
304.845
309.782
304.052
303.496
309.412
313.635
313.3
306.305
293.742
282.295
277.819
276.835
276.077
277.275
277.068
274.285
282.396
280.516
278.139
273.953
275.827
276.771
277.718
275.705
280.274
280.541
282.234
291.27
282.757
274.459
281.821
279.521
297.323
308.656
299.358
297.905
284.984
289.476
304.874
302.396
286.416
277.361
291.313
286.194
305.941
307.146
283.42
294.688
311.921
311.322
277.808
238.423
227.319
244.131
276.881
291.689
290.518
283.448
273.646
260.621
256.629
271.007
276.162
250.304
244.532
269.702
279.528
301.315
315.256
278.98
258.237
251.196
257.006
261.621
269.077
267.621
256.207
255.976
251.84
266.606
282.78
269.156
291.93
302.409
309.461
311.167
308.909
307.178
300.417
293.113
293.55
292.112
292.729
293.24
293.374
293.893
293.986
292.751
293.484
293.302
292.725
293.707
292.702
293.866
293.919
292.441
294.125
294.523
293.122
293.115
295.818
296.332
294.783
292.633
290.393
290.186
292.159
292.212
292.307
291.516
287.512
286.231
287.903
286.987
283.941
283.303
285.925
288.089
285.333
281.142
280.837
283.96
289.167
292.767
294.303
294.968
294.81
296.018
299.249
300.438
297.868
295.273
293.858
295.992
298.624
300.647
302.16
302.36
303.56
303.505
303.526
304.198
304.042
303.823
304.211
304.466
305.152
305.323
306.052
304.959
306.413
305.759
305.686
306.736
305.483
305.73
306.772
304.766
305.048
305.999
304.086
304.658
305.435
303.545
303.831
304.884
303.146
302.91
306.386
303.07
301.724
308.164
307.754
302.837
305.501
311.537
314.89
311.231
303.716
291.96
281.609
277.881
275.829
277.297
279.529
274.035
279.852
278.579
276.248
270.848
271.261
273.831
274.054
272.671
279.686
277.732
282.673
287.941
276.113
273.911
284.51
283.193
302.161
311.575
295.275
292.437
282.879
286.813
305.457
302.38
283.454
270.348
284.65
283.997
307.596
305.194
280.931
301.86
317.146
316.735
275.162
234.07
228.154
248.48
283.269
291.536
286.437
278.831
267.775
259.365
263.84
275.694
274.801
250.526
247.015
272.646
283.085
302.937
314.319
278.333
260.769
257.828
259.447
267.784
270.771
270.616
257.818
263.766
254.771
282.042
274.691
269.297
295.632
299.847
319.499
319.235
312.095
308.055
299.702
294.965
293.952
292.784
292.038
293.316
293.341
293.862
294.439
293.228
293.303
293.208
292.763
294.164
292.953
293.371
294.504
292.771
293.573
294.87
294.154
293.154
294.937
296.136
295.562
294.151
292.151
290.878
290.1
289.426
291.381
292.607
290.007
289.178
290.075
288.559
285.258
283.903
285.922
288.098
285.722
281.528
280.173
282.625
287.43
291.04
293.789
294.662
294.302
294.714
297.356
299.584
297.767
294.861
293.875
296.061
298.714
301.127
302.769
302.752
303.733
303.983
303.785
304.403
304.42
304.555
304.892
304.3
304.952
304.936
305.698
304.801
305.909
305.872
305.324
307.009
305.519
305.806
306.792
304.889
305.173
306.036
304.621
304.193
305.636
304.396
303.121
305.062
304.455
302.052
305.139
305.651
301.673
304.318
309.415
305.449
303.627
306.907
314.286
313.824
309.833
301.684
291.372
283.945
278.563
276.559
279.269
273.081
276.38
275.398
275.688
270.953
271.415
273.365
273.229
272.475
279.965
275.705
281.466
282.709
271.507
277.45
288.216
287.552
308.066
310.555
289.644
287.198
281.427
285.651
305.559
302.02
282.431
264.471
278.854
282.54
303.594
302.712
279.585
304.087
322.193
317.151
267.988
229.799
231.656
256.099
289.531
289.313
280.97
273.29
263.996
261.371
272.744
276.715
274.539
257.109
256.756
277.499
284.23
300.687
317.053
285.11
270.259
267.873
264.299
278.005
281.147
277.315
267.15
268.985
262.477
284.995
263.511
270.346
283.929
288.906
327.419
321.822
312.425
306.758
296.878
291.436
294.205
293.219
292.434
293.509
293.861
293.471
293.572
293.465
293.663
293.923
292.988
293.809
293.809
293.261
294.31
293.337
294.219
295.895
294.235
293.345
296.548
298.147
295.9
293.373
292.33
292.246
291.044
290.593
292.188
291.689
288.273
288.028
290.31
290.135
287.395
285.966
288.023
290.598
288.93
284.47
281.496
282.036
285.416
289.331
292.87
294.558
294.37
293.697
296.175
298.895
297.514
294.25
292.944
295.321
297.987
300.463
302.439
302.743
303.227
303.801
303.495
304.066
303.669
303.778
304.814
304.078
304.867
304.59
305.269
304.953
305.342
305.932
304.799
306.907
305.367
305.5
307.127
304.753
305.5
306.11
304.897
304.272
305.548
304.992
302.95
304.665
305.346
302.426
303.339
306.618
303.803
301.586
307.976
308.901
304.255
302.853
309.383
314.408
314.425
310.341
300.602
290.134
284.343
279.902
282.344
276.452
276.465
274.152
274.964
270.853
272.776
273.241
273.156
272.671
277.836
272.606
280.469
278.899
270.764
285.254
292.821
291.806
313.141
304.864
283.251
284.025
281.493
285.557
305.68
302.759
284.996
261.858
274.74
282.013
298.058
300.931
279.062
303.397
324.79
311.801
258.655
225.866
235.955
265.247
294.025
285.505
275.276
268.364
262.808
266.905
280.027
280.106
285.39
276.77
274.261
292.733
289.422
304.14
316.119
288.3
282.326
274.677
273.154
289.655
287.217
284.119
282.173
269.317
277.952
276.246
259.248
262.092
264.422
283.814
335.061
320.548
308.959
304.769
296.905
294.173
294.104
293.727
293.166
293.589
293.848
293.91
294.056
293.673
293.853
294.239
293.649
294.01
294.604
293.159
294.634
294.982
293.762
295.793
296.529
294.257
293.965
297.027
298.512
296.449
292.773
290.452
290.002
291.589
292.713
291.256
288.992
289.984
292.013
291.79
289.518
287.998
289.277
291.765
291.428
287.655
283.627
282.597
284.178
286.478
289.971
293.305
293.365
291.87
294.708
297.624
295.97
292.924
292.681
296.139
299.15
301.119
302.294
302.844
302.832
303.348
303.079
303.679
303.204
302.419
303.882
302.773
304.221
304.015
304.278
305.127
304.511
305.932
304.274
306.002
305.391
304.853
306.885
304.977
305.073
306.376
304.9
304.318
305.182
305.277
303.384
303.818
305.721
303.257
302.491
305.232
306.364
302.467
303.698
309.161
308.688
303.844
302.575
309.621
315.752
319.299
311.365
300.497
291.852
284.874
285.145
280.464
278.91
276.074
276.469
274.117
276.611
274.831
276.837
274.635
278.539
274.751
283.63
276.723
274.256
295.883
295.512
295.182
316.352
295.413
277.018
281.766
281.44
287.533
304.736
302.544
287.82
262.149
273.389
281.638
293.912
299.411
279.071
302.98
326.477
300.583
245.616
221.593
241.356
273.755
294.743
280.61
270.657
265.785
265.124
273.949
284.423
285.746
298.21
299.896
295.334
308.565
301.643
303.28
314.158
297.252
293.171
281.764
285.218
293.145
289.589
290.112
281.962
268.818
289.637
265.419
252.033
245.398
257.86
289.174
340.617
318.611
305.808
305.534
297.655
291.855
294.315
294.383
294.188
294.082
294.373
294.528
294.536
294.42
294.237
294.535
294.629
293.894
295.005
294.934
294.233
295.329
295.477
295.164
295.907
296.391
295.397
295.175
296.555
297.649
296.755
293.965
290.666
289.491
289.396
289.694
290.924
293.468
294.839
294.118
291.526
289.404
290.605
293.532
292.725
288.026
283.804
282.469
282.042
283.971
290.027
294.098
292.273
291.499
296.53
298.516
295.111
292.088
292.81
296.961
300.275
302.523
303.153
303.537
303.499
303.83
303.438
303.831
304.114
302.732
304.011
302.289
303.312
303.43
302.8
304.895
303.614
305.345
304.21
305.112
305.235
304.354
306.023
305.134
304.861
305.845
305.119
304.24
304.723
305.161
304.204
303.29
304.892
304.351
302.692
303.51
306.723
304.989
302.794
307.415
309.61
307.817
303.715
305.568
311.089
318.954
317.828
309.875
299.98
294.591
292.153
286.492
282.38
277.33
275.69
275.071
275.186
273.398
277.394
274.054
279.49
275.697
282.616
274.533
282.077
305.514
295.991
297.515
315.826
284.023
273.447
282.635
279.911
288.386
302.811
303.35
290.609
264.146
274.198
280.803
289.936
296.349
277.1
305.759
323.975
281.05
231.817
220.735
249.682
281.048
292.62
275.84
267.726
265.615
270.154
282.658
288.557
286.48
287.079
306.967
314.069
287.485
305.241
309.324
318.416
304.05
301.04
290.18
294.81
286.458
286.413
284.008
275.219
276.5
294.247
253.236
239.204
236.265
254.201
275.717
326.936
313.706
302.654
297.229
294.378
291.021
295.029
295.192
295.232
295.104
295.286
295.467
295.338
295.247
295.39
295.263
295.368
295.481
295.545
296.128
295.815
295.64
296.068
296.353
296.405
296.625
296.651
296.425
296.568
296.954
296.942
296.548
294.85
293.236
291.723
290.503
290.286
290.862
290.827
290.696
290.18
290.825
292.8
292.868
290.306
288.292
286.486
282.792
279.543
282.909
289.172
290.412
289.671
293.448
298.245
295.74
290.844
289.897
293.069
297.805
300.615
302.603
302.773
302.796
302.788
303.083
302.836
302.717
303.263
302.309
303.606
302.081
302.581
303.133
301.884
303.985
302.442
303.966
303.948
303.901
304.979
303.767
305.288
304.879
304.654
305.147
304.814
304.239
304.266
304.417
304.881
303.278
303.222
305.33
303.427
301.72
305.908
307.507
304.542
304.306
306.526
311.059
308.776
306.789
303.786
310.111
316.412
311.519
308.56
305.971
304.451
303.485
298.785
291.294
287.829
283.299
278.843
278.715
277.807
275.134
282.051
275.428
283.324
281.552
296.206
311.134
294.595
297.046
312.037
274.228
272.823
282.996
272.631
286.572
300.91
303.454
286.57
264.611
276.112
279.899
290.365
289.598
271.096
314.11
311.761
258.227
219.195
222.465
258.28
284.513
288.617
272.142
266.826
268.081
278.445
289.874
280.93
261.574
251.577
281.904
316.743
251.137
300.739
304.517
310.844
310.116
304.837
297.483
297.114
276.428
276.053
275.167
273.53
283.337
286.067
238.58
230.909
228.343
232.979
245.548
294.686
313.936
306.539
299.557
302.196
301.546
296.128
296.188
296.454
296.406
296.381
296.468
296.52
296.377
296.311
296.514
296.489
296.632
296.781
297.009
297.142
296.824
296.965
297.227
297.375
297.547
297.47
297.481
297.32
297.643
297.589
297.305
296.508
296.009
296.112
295.927
294.811
293.099
290.677
289.58
289.84
290.982
291.677
291.39
291.281
289.774
285.843
282.867
283.7
286.623
285.523
284.357
287.678
291.564
290.685
286.57
287.117
291.415
296.801
300.694
301.95
303.117
302.754
302.716
302.269
302.283
302.301
301.827
302.124
301.175
301.941
301.009
301.325
302.036
301.198
302.974
301.645
302.799
302.894
302.44
304.356
302.758
304.566
304.551
303.426
305.098
304.152
303.547
304.474
303.576
304.2
303.868
302.65
303.697
304.262
301.376
304.738
307.174
304.294
304.008
304.39
308.279
311.427
307.933
301.272
308.9
311.605
309.546
311.962
309.14
309.331
313.522
312.279
309.651
304.66
298.537
290.17
290.993
283.289
285.356
288.481
281.017
294.276
296.424
307.764
307.236
291.749
294.08
305.232
265.876
273.063
283.1
259.719
276.219
297.549
300.079
276.04
262.026
277.669
276.18
307.078
278.849
261.35
326.266
290.835
235.461
210.152
229.125
267.47
285.589
283.901
268.976
267.681
272.929
285.439
284.125
251.248
229.448
237.247
247.443
287.921
235.501
277.263
295.33
313.99
314.408
305.411
306.261
289.565
265.324
267.262
275.358
279.019
284.376
273.879
227.746
223.056
217.785
218.112
227.659
263.529
340.798
298.521
313.077
294.143
297.238
297.445
297.481
297.697
297.629
297.606
297.664
297.686
297.683
297.582
297.733
297.813
297.93
298.014
298.06
298.391
298.175
298.173
298.274
298.465
298.746
298.384
298.66
298.391
298.574
298.734
298.551
298.224
297.546
297.667
298.289
298.214
297.673
295.976
294.755
293.807
293.426
293.74
293.906
293.553
291.779
290.975
292.191
292.067
291.192
290.602
293.157
293.378
290.517
289.488
291.826
297.887
301.218
303.313
303.742
303.045
303.477
302.53
302.956
302.335
301.967
302.053
301.38
301.806
300.818
300.942
300.504
300.043
300.384
299.767
300.9
300.485
301.565
301.402
301.384
303.079
301.439
303.937
303.493
302.235
305.075
302.708
302.964
305.141
302.359
303.14
304.727
302.012
302.185
305.301
301.093
302.775
307.869
303.447
301.894
304.542
307.352
308.402
303.593
304.257
309.499
307.465
308.446
309.934
306.042
304.1
308.122
311.206
310.939
307.33
306.006
296.289
299.975
288.179
298.29
290.741
292.533
309.325
303.92
305.036
297.39
290.296
288.592
296.591
262.173
271.56
278.737
248.17
256.062
278.294
275.447
254.018
255.63
275.198
275.508
328.007
264.139
254.862
330.822
263.317
217.159
208.748
241.734
276.579
285.457
279.021
266.99
270.782
279.621
285.334
257.729
221.67
238.159
256.381
248.174
253.732
243.927
270.899
298.779
310.654
309.085
309.672
302.807
285.017
258.861
265.143
277.294
283.455
280.936
257.308
218.456
218.53
216.86
218.852
221.55
241.805
334.041
275.392
305.086
283.854
293.872
298.832
298.815
298.94
298.89
298.927
298.979
298.99
299.05
298.978
299.092
299.159
299.25
299.394
299.316
299.634
299.521
299.686
299.611
299.662
300.101
299.727
300.159
299.638
299.963
300.013
299.873
300.038
299.377
299.489
299.553
299.498
299.82
299.243
299.234
298.402
298.028
297.771
297.306
297.534
297.017
296.951
297.199
298.062
300.241
299.406
298.192
295.7
296.658
300.206
302.343
304.549
302.875
303.058
302.532
301.99
302.685
301.194
301.993
301.187
300.949
300.985
300.057
300.567
299.77
299.774
299.667
299.278
299.511
298.952
299.162
298.999
299.612
299.474
300.4
301.171
300.277
302.664
301.497
302.002
304.069
301.427
303.702
304.186
301.19
303.764
304.185
301.412
302.878
304.097
302.199
303.323
306.197
302.678
302.274
305.466
305.243
305.176
305.036
303.985
305.68
308.398
305.753
306.637
305.678
302.543
304.667
307.356
306.289
307.988
304.941
301.24
305.589
292.677
309.368
294.711
306.854
309.453
297.905
296.124
289.82
291.534
282.134
286.571
264.199
268.036
265.701
244.091
237.426
247.464
244.395
234.035
252.588
276.548
284.751
313.279
242.037
266.655
303.493
232.071
205.526
213.692
255.434
281.544
283.117
274.289
267.282
275.785
283.027
269.431
230.152
235.655
277.58
266.177
270.321
266.269
266.534
274.572
291.593
309.451
314.307
306.564
291.278
275.005
258.504
260.694
271.429
282.74
274.098
243.779
214.294
219.855
220.302
218.153
216.864
226.313
271.385
265.941
274.017
302.101
298.334
300.072
300.056
300.124
300.1
300.152
300.144
300.203
300.226
300.244
300.338
300.354
300.467
300.552
300.504
300.785
300.601
300.948
300.763
300.902
301.125
300.877
301.397
300.814
301.356
301.039
301.199
301.347
300.896
301.291
300.848
301.075
301.161
300.826
301.329
300.752
301.065
300.596
300.444
300.742
300.31
300.983
301.008
301.205
301.466
300.448
301.841
301.673
302.966
302.648
301.489
302.631
301.449
302.991
302.112
301.423
302.174
300.1
301.296
299.951
299.634
300.191
298.529
299.385
298.551
297.943
298.221
297.114
297.42
297.39
297.092
297.612
297.644
297.711
298.613
298.808
299.132
300.389
300.065
301.09
301.894
300.943
302.572
302.47
300.74
302.375
303.147
301.271
301.569
302.348
302.829
301.542
303.615
303.69
299.656
302.04
304.858
303.992
302.154
298.979
305.608
304.441
300.96
305.182
305.405
299.864
303.559
303.498
300.463
302.806
303.102
306.413
302.309
298.853
313.099
291.694
301.63
296.774
294.049
291.489
284.167
287.416
275.415
277.6
264.128
263.497
244.27
237.898
239.375
246.962
241.966
234.214
262.988
279.545
276.288
262.598
222.109
297.56
259.451
209.257
202.063
223.088
268.869
285.087
281.979
272.437
270.583
279.69
275.713
248.484
228.077
273.837
267.405
241.354
272.708
273.914
267.703
276.457
303.282
322.195
317.969
297.227
282.382
262.187
261.462
257.035
262.686
276.191
270.516
244.84
218.56
224.87
223.457
215.593
213.633
217.679
233.337
252.353
246.112
310.156
275.384
300.8
300.781
300.82
300.792
300.871
300.858
300.937
300.944
301.016
301.066
301.118
301.165
301.217
301.243
301.341
301.273
301.455
301.291
301.521
301.415
301.502
301.636
301.433
301.83
301.499
301.894
301.706
301.834
301.924
301.745
302.036
301.814
302.011
302.049
301.836
302.209
301.817
302.133
301.947
301.948
302.239
301.885
302.208
302.126
302.085
302.495
301.58
302.483
301.607
301.994
301.898
300.67
301.575
299.868
300.67
300.427
299.156
300.474
298.161
298.995
298.496
296.794
298.061
295.678
295.911
295.927
294.453
295.822
294.655
295.215
295.743
295.08
296.492
296.124
296.994
297.711
297.764
299.302
299.282
300.403
300.794
300.65
301.747
300.121
300.892
302.87
299.756
299.487
300.937
300.542
299.274
301.737
301.372
296.971
299.287
300.807
299.936
299.069
295.783
301.017
297.568
298.441
298.646
301.941
294.648
300.594
297.33
293.512
297.376
301.31
299.264
295.408
298.113
298.457
286.566
294.755
290.006
290.377
282.255
277.413
278.805
271.006
270.151
256.82
257.218
227.259
232.104
260.221
273.398
262.053
250.801
271.384
275.659
262.012
248.941
224.08
277.684
222.959
199.184
204.634
233.234
277.075
283.949
281.601
273.733
274.241
279.466
264.887
239.6
238.792
272.261
246.195
257.471
292.767
291.983
278.037
299.898
324.698
318.964
307.761
281.805
270.768
264.554
256.571
252.137
255.16
268.754
257.413
231.855
228.055
230.859
228.252
216.278
214.182
217.836
225.905
242.859
227.832
268.209
240.836
300.988
300.993
300.952
300.967
300.968
300.98
301.014
300.967
301.07
301.018
301.123
301.045
301.098
301.107
301.09
301.151
301.045
301.145
301.104
301.134
301.236
301.114
301.36
301.212
301.433
301.439
301.45
301.677
301.501
301.818
301.661
301.821
301.863
301.775
301.968
301.788
301.876
301.905
301.75
301.897
301.633
301.734
301.662
301.367
301.531
301.152
301.09
301.063
300.308
300.949
299.821
300.306
299.907
299.343
299.924
298.194
298.808
297.991
296.947
297.541
294.885
294.913
294.018
291.588
292.529
290.373
289.895
290.983
289.889
291.669
291.953
292.791
294.217
293.978
296.017
295.661
296.121
297.794
296.905
298.326
298.238
298.782
300.052
298.155
300.666
301.49
297.565
299.512
300.279
297.795
297.323
301.33
299.12
293.649
296.611
298.864
295.483
293.383
294.284
298.581
291.978
293.382
293.188
296.859
289.712
296.113
290.46
287.173
293.084
295.031
288.715
290.072
291.275
287.502
284.858
285.584
283.275
281.686
272.632
273.882
270.316
266.077
261.257
250.545
246.054
225.411
244.423
277.158
272.506
268.824
262.52
272.404
271.982
257.6
250.333
230.203
223.453
204.555
195.772
209.011
240.109
277.91
279.528
282.65
274.916
273.928
275.721
257.665
240.063
251.555
271.739
259.322
267.21
280.761
298.788
285.413
319.021
317.281
293.514
296.549
266.818
264.13
254.057
248.116
247.338
249.501
265.551
249.43
217.525
216.807
230.471
227.775
213.889
215.655
223.947
218.072
237.755
225.246
231.79
227.907
300.848
300.842
300.727
300.737
300.64
300.659
300.593
300.532
300.575
300.481
300.613
300.431
300.566
300.48
300.526
300.581
300.402
300.662
300.341
300.709
300.369
300.612
300.528
300.459
300.818
300.391
301.021
300.524
301.025
300.844
300.919
301.174
300.869
301.277
300.965
301.165
301.115
300.946
301.134
300.803
300.926
300.692
300.551
300.567
300.216
300.204
299.965
299.815
299.681
299.357
299.196
299.165
298.44
298.72
297.7
297.64
297.108
295.449
295.607
292.704
291.49
290.385
286.759
287.061
285.21
282.339
283.93
282.986
282.634
285.625
285.419
288.463
290.573
291.237
294.376
294.458
296.059
297.25
296.841
298.281
297.778
298.372
297.959
297.065
300.671
298.762
294.918
299.438
299.046
294.039
295.345
301.68
296.555
290.232
296.029
297.465
290.178
290.274
294.171
294.195
288.804
291.917
289.241
289.829
288.018
290.075
284.655
283.682
288.14
287.89
282.203
286.303
285.61
281.125
279.365
277.295
280.276
272.023
266.972
271.987
266.074
260.275
252.937
248.456
240.514
233.674
254.457
273.783
254.349
260.837
258.274
279.619
268.713
257.484
242.047
232.944
211.962
204.084
197.615
211.536
242.68
278.262
277.522
284.114
274.945
273.051
274.744
256.965
246.656
258.956
272.865
257.947
246.677
267.186
299.138
283.133
300.958
282.9
258.036
292.976
274.265
262.756
235.506
241.674
243.429
244.005
258.524
250.906
216.19
205.545
222.611
223.66
210.094
218.188
232.164
218.293
233.772
225.399
224.326
233.357
300.546
300.46
300.335
300.264
300.136
300.1
299.992
299.892
299.866
299.762
299.834
299.643
299.768
299.619
299.75
299.677
299.632
299.769
299.49
299.901
299.35
299.926
299.333
299.816
299.574
299.6
299.97
299.411
300.301
299.447
300.394
299.73
300.255
300.087
300.029
300.326
299.859
300.342
299.774
300.096
299.757
299.736
299.693
299.336
299.503
299.156
298.976
299.173
298.399
298.877
298.135
297.888
297.978
296.494
296.462
294.728
293.398
292.748
289.038
287.059
286.265
283.993
283.826
282.999
278.353
279.513
277.953
275.156
280.096
279.072
278.599
283.709
284.028
288.327
291.569
291.729
295.263
295.951
296.309
297.724
297.121
297.823
296.772
296.959
301.019
297.3
292.993
299.79
299.064
291.444
294.365
301.613
294.749
289.508
295.643
295.227
288.146
289.545
291.93
290.278
288.517
289.255
286.235
286.111
285.546
285.111
280.43
280.356
283.652
281.704
277.755
281.832
279.811
276.586
273.234
272.832
275.777
265.054
264.778
265.854
263.578
254.644
248.192
246.806
239.873
238.18
266.992
280.371
247.818
262.006
264.823
284.734
259.746
248.221
236.71
230.689
211.469
199.143
192.336
210.673
238.584
273.33
274.948
286.372
275.656
271.888
274.271
259.066
255.54
263.999
272.381
265.245
258.756
272.397
292.368
274.386
283.342
272.678
255.315
296.582
280.19
254.51
232.026
237.627
239.746
236.956
246.249
255.01
221.808
216.543
218.252
219.289
210.286
223.222
236.155
224.991
233.826
223.755
227.921
236.286
300.138
299.956
299.934
299.7
299.708
299.49
299.49
299.275
299.243
299.135
299.072
298.992
298.901
298.881
298.852
298.808
298.808
298.766
298.758
298.83
298.618
298.947
298.462
299.045
298.486
299
298.769
298.802
299.211
298.607
299.579
298.6
299.655
298.831
299.486
299.106
299.255
299.268
298.978
299.426
298.545
299.61
298.154
299.45
298.326
298.545
298.933
297.64
298.479
297.619
296.756
296.946
294.56
293.408
291.474
289.146
287.231
284.56
284.211
285.523
288.128
287.943
284.137
283.743
280.201
275.52
278.465
278.578
275.616
278.272
282.485
280.257
279.998
285.472
286.994
290.358
293.484
293.506
295.26
296.588
296.562
297.305
295.998
296.72
300.784
296.277
291.777
299.175
298.366
290.522
293.812
298.696
292.466
290.022
293.423
290.972
287.03
288.687
287.571
285.721
287.013
285.934
282.803
282.557
282.144
281.257
276.618
277.063
279.212
275.958
274.587
276.812
274.708
271.755
268.539
270.458
268.302
261.761
262.202
262.604
259.375
248.361
249.627
243.895
240.833
242.851
274.564
282.685
244.043
271.989
279.418
267.199
246.939
237.52
234.1
221.851
202.444
199.755
192.647
209.051
232.36
268.298
270.036
285.693
278.317
270.755
277.397
260.692
258.78
266.594
269.483
259.854
248.462
261.985
292.945
275.121
276.904
259.735
235.801
288.021
266.609
244.577
234.786
234.958
235.699
226.487
222.043
261.616
228.871
222.004
224.676
217.359
212.841
230.638
238.471
231.025
235.715
223.893
233.462
231.831
299.845
299.623
299.613
299.226
299.348
298.884
299.07
298.615
298.71
298.49
298.382
298.447
298.073
298.402
297.952
298.288
297.983
298.075
298.098
297.915
298.122
297.909
297.986
298.06
297.857
298.19
297.948
298.129
298.297
297.965
298.654
297.991
298.673
298.391
298.341
298.867
298.157
298.816
298.563
298.197
299.099
297.982
298.58
299.004
297.015
299.743
296.777
297.127
297.633
294.503
294.35
291.639
287.928
282.452
281.054
283.646
285.654
287.569
289.024
288.909
288.108
287.982
285.723
281.275
279.656
277.616
275.355
275.599
277.35
279.163
279.967
281.244
284.502
286.039
286.779
290.652
292.652
294.014
295.183
296.072
296.563
296.556
295.343
296.191
299.644
295.511
291.398
297.073
296.877
290.743
291.983
293.944
290.573
289.207
289.701
286.982
285.279
286.16
283.753
282.261
283.315
282.534
279.929
279.208
278.582
277.845
273.893
274.384
275.151
272.072
271.884
272.121
270.901
267.333
266
267.445
262.926
259.7
260.191
260.835
253.831
246.887
244.432
244.529
247.874
239.214
261.431
286.871
249.523
278.286
280.416
252.522
240.231
232.694
227.875
214.037
206.057
204.395
190.883
207.77
227.597
262.082
263.991
283.413
282.595
267.509
281.636
264.379
260.405
270.804
268.86
260.432
253.591
257.707
286.164
274.664
262.786
239.877
213.912
266.813
251.13
242.842
236.714
233.512
231.668
215.964
200.365
270.979
240.676
220.392
229.418
211.982
215.691
234.556
241.79
234.637
234.582
227.529
235.378
226.748
299.45
299.327
299.152
298.901
298.874
298.484
298.629
298.13
298.322
297.905
297.989
297.846
297.599
297.873
297.284
297.891
297.147
297.744
297.257
297.438
297.537
297.111
297.782
296.991
297.834
297.177
297.688
297.546
297.539
297.845
297.605
297.937
297.829
298.046
297.829
298.522
297.454
299.11
297.38
298.849
298.497
297.228
300.339
295.558
299.236
297.44
292.371
297.804
291.947
283.198
284.016
285.885
285.319
284.054
284.755
285.974
286.428
286.338
286.688
287.785
288.62
288.965
289.392
287.542
283.41
280.551
279.024
278.08
278.815
280.366
281.56
282.764
283.687
284.998
288.087
291.567
292.611
292.626
293.306
295.741
295.786
295.104
294.739
296.073
298.587
294.473
291.117
294.709
294.148
289.84
289.752
290.065
288.203
286.912
286.236
283.791
282.739
282.894
280.854
279.759
279.702
278.814
277.106
275.988
275.551
273.983
271.758
271.878
271.602
269.253
269.333
268.428
266.757
264.619
264.476
263.238
259.71
258.95
259.691
256.938
250.994
244.561
243.458
248.478
245.426
239.962
256.842
296.707
267.467
281.349
271.64
247.675
237.389
231.044
223.128
215.146
210.901
202.928
190.362
206.8
219.827
252.797
256.711
276.087
287.663
268.067
280.221
270.082
262.312
277.924
269.814
258.88
252.249
251.876
277.643
274.789
258.868
235.287
225.995
266.253
254.951
241.723
238.508
232.492
230.171
214.893
204.194
269.529
243.78
220.361
224.102
206.224
222.39
240.807
243.032
234.544
229.069
232.267
233.92
223.765
299.351
299.24
298.993
298.877
298.658
298.494
298.37
298.118
298.098
297.771
297.841
297.522
297.552
297.394
297.238
297.391
296.947
297.411
296.791
297.324
296.894
297.041
297.261
296.665
297.685
296.513
297.797
296.914
297.406
297.832
296.824
298.662
296.785
298.655
297.716
297.876
298.972
297.272
299.621
297.275
298.937
298.578
295.552
297.395
294.365
288.178
285.156
285.079
283.529
282.976
283.739
284.45
284.441
284.528
285.314
286.172
286.928
287.865
288.825
289.164
289.326
289.405
289.227
288.736
287.116
284.708
282.917
281.78
281.679
282.071
282.933
284.282
285.89
288.257
290.394
291.751
291.475
292.08
294.655
296.438
294.706
294.425
294.677
295.707
296.362
292.841
291.078
292.574
290.997
288.053
287.389
286.706
285.017
283.88
282.636
280.419
279.601
279.399
277.817
276.756
276.151
275.07
273.737
272.895
272.435
270.433
269.806
269.184
268.387
267.114
267.028
265.138
264.674
263.495
262.879
260.794
260.096
260.326
258.212
255.058
249.97
245.221
246.057
248.314
249.33
243.548
245.489
289.288
287.448
284.515
258.353
240.074
234.315
230.811
223.366
218.318
214.485
204.905
195.274
207.472
214.67
242.995
250.989
266.943
284.979
276.571
272.746
278.298
268.624
276.877
266.639
257.766
251.105
247.945
268.13
267.755
258.124
236.609
246.36
261.748
278.88
237.065
240.48
229.646
230.739
218.5
220.042
252.794
229.529
220.965
214.96
210.342
231.515
244.731
244.345
234.759
225.392
234.919
231.254
224.602
299.217
299.115
298.82
298.74
298.448
298.355
298.114
297.968
297.816
297.592
297.557
297.259
297.323
297.013
297.102
296.89
296.898
296.887
296.744
296.958
296.695
297.021
296.83
297.021
297.172
297.012
297.565
297.234
297.745
297.832
297.678
298.567
297.744
298.812
298.63
297.866
299.939
297.806
297.903
299.796
295.656
290.9
289.124
288.506
286.884
285.171
283.974
283.017
282.351
282.535
283.229
283.895
284.205
284.615
285.355
286.067
286.452
286.472
286.45
287.189
288.274
289.163
290.027
290.153
289.399
287.985
286.63
285.661
285.123
285.169
285.751
286.601
287.776
288.947
289.555
290.617
291.14
293.119
295.029
294.725
293.321
293.95
294.205
294.493
293.83
291.167
289.624
289.1
286.909
284.638
283.607
282.378
280.731
279.625
278.369
277.058
276.36
275.732
274.633
273.756
273.103
272.182
271.575
270.636
270.123
269.075
268.791
267.468
267.624
266.743
266.089
265.205
265.715
264.154
263.614
263.1
263.235
261.549
258.347
255.569
251.737
249.012
249.664
251.887
253.029
248.164
239.65
263.169
281.414
275.587
244.041
236.08
235.831
232.99
227.054
225.666
221.462
214.235
207.656
208.224
210.612
231.982
247.301
259.46
273.694
284.479
271.083
276.644
273.901
272.796
265.14
260.324
255.253
247.077
259.245
256.192
244.601
235.116
266.571
244.509
289.903
236.68
243.456
226.494
231.422
218.991
231.075
237.312
213.934
223.616
214.404
221.765
240.602
249.058
247.521
238.415
227.135
235.902
231.334
229.993
298.915
298.711
298.516
298.291
298.152
297.912
297.826
297.604
297.531
297.378
297.274
297.235
297.08
297.145
297.004
297.088
297.075
297.074
297.251
297.174
297.436
297.481
297.582
297.93
297.836
298.247
298.423
298.377
298.937
298.822
298.85
299.462
299.179
298.998
299.353
298.993
298.094
296.625
295.153
293.639
292.199
291.823
291.036
289.205
287.124
285.86
285.036
283.952
283.028
282.777
283.135
283.769
284.285
284.811
285.463
285.731
285.36
285.019
286.366
289.802
291.419
290.626
290.282
290.434
290.421
290.326
289.82
289.277
288.871
288.786
288.942
289.359
290.097
290.769
292.103
292.829
293.997
295.328
295.424
294.382
293.434
293.453
292.592
291.426
289.517
286.961
285.033
283.681
282.061
280.708
279.757
278.927
278.147
277.444
276.817
276.257
275.647
275.118
274.638
273.98
273.706
273.133
272.827
272.183
272.134
271.348
271.156
270.597
270.741
269.927
270.041
269.71
269.548
268.341
268.653
268.01
266.773
263.969
261.794
259.915
257.23
255.781
256.016
256.744
257.92
256.165
244.655
242.413
255.605
252.203
238.557
241.13
242.418
239.92
235.519
234.8
230.774
228.727
223.561
211.573
209.926
220.907
245.198
256.314
262.864
278.127
279.74
276.752
275.871
272.18
266.641
261.305
257.076
250.687
259.253
257.115
245.545
240.193
267.926
237.952
265.751
241.583
248.826
229.402
232.417
220.288
239.372
227.425
211.81
231.014
224.276
236.016
249.098
253.451
252.997
246.035
232.712
239.743
237.317
239.315
298.63
298.497
298.373
298.271
298.185
298.112
298.067
298.022
298.026
298.031
298.059
298.107
298.169
298.272
298.364
298.493
298.62
298.762
298.923
299.076
299.214
299.374
299.526
299.612
299.75
299.918
299.847
299.759
299.949
300.142
300.183
300.329
300.363
299.526
298.26
297.772
298.248
297.775
295.424
292.985
292.366
293.521
294.201
293.073
291.038
289.668
288.931
288.118
287.131
286.01
284.857
283.962
283.552
283.959
284.343
283.551
284.408
288.207
290.188
289.843
289.614
290.72
291.817
291.413
290.433
290.038
290.334
290.677
290.977
291.274
291.641
292.105
292.659
293.126
293.475
293.639
293.111
292.962
291.581
289.985
288.652
287.654
286.472
285.332
284.225
283.426
282.848
282.613
282.521
282.403
282.155
282.102
282.007
281.728
281.561
281.303
280.871
280.559
280.31
279.851
279.747
279.319
279.134
278.674
278.535
278.03
277.923
277.421
277.334
276.94
276.74
276.073
275.734
275.038
274.789
273.519
272.113
270.166
268.943
267.474
265.768
265.022
264.619
264.137
264.549
264.922
257.149
244.588
244.943
243.154
247.372
252.539
252.58
250.61
247.276
246.382
243.401
243.099
239.506
224.148
220.131
221.893
248.506
258.46
260.754
266.466
275.91
274.649
273.309
271.364
269.766
266.206
263.031
257.176
261.24
261.003
258.088
256.693
261.656
242.101
242.01
252.267
257.577
241.037
234.125
231.217
249.258
225.371
226.515
244.111
240.142
249.6
256.952
258.853
259.83
256.267
244.137
249.356
248.902
251.741
300.189
300.156
300.13
300.116
300.119
300.139
300.168
300.217
300.278
300.344
300.412
300.488
300.568
300.651
300.737
300.823
300.905
300.983
301.058
301.129
301.191
301.248
301.286
301.317
301.341
301.345
301.347
301.377
301.41
301.395
301.358
301.259
300.834
299.937
299.253
299.371
299.825
299.402
297.924
296.821
296.952
297.56
297.571
296.774
295.708
294.996
294.59
294.037
293.312
292.37
291.181
289.891
288.604
288.296
288.608
288.657
290.352
294.046
295.369
293.591
292.363
293.225
294.835
294.999
293.652
291.841
290.492
289.724
289.21
288.868
288.734
288.785
288.821
288.608
288.252
288.551
287.794
287.792
287.362
287.256
287.468
287.65
288.085
288.519
288.998
289.578
289.856
290.107
290.23
290.249
290.126
290.051
289.895
289.618
289.397
289.098
288.663
288.341
288.03
287.607
287.326
286.893
286.585
286.13
285.833
285.38
285.082
284.601
284.327
283.893
283.471
282.91
282.539
281.959
281.481
280.529
279.62
278.498
277.712
276.738
275.754
275.235
274.606
273.85
273.531
273.974
270.701
262.203
257.968
256.867
263.054
265.398
264.746
263.57
261.325
260.372
258.28
258.084
257.697
248.019
244.578
242.611
260.017
266.046
267.372
267.844
270.65
272.081
273.192
275.069
276.048
273.573
271.595
267.665
268.413
266.01
264.23
266.941
268.774
256.533
246.261
265.929
268.303
258.718
249.317
252.794
261.828
241.175
250.217
259.002
255.967
261.281
264.639
265.586
266.916
266.067
259.625
262.614
263.075
265.507
302.808
302.822
302.794
302.781
302.768
302.757
302.745
302.738
302.73
302.724
302.714
302.706
302.697
302.688
302.678
302.667
302.655
302.64
302.625
302.606
302.584
302.559
302.53
302.499
302.464
302.427
302.392
302.354
302.304
302.24
302.155
302.01
301.77
301.49
301.358
301.381
301.334
301.034
300.623
300.442
300.496
300.512
300.327
299.997
299.681
299.466
299.268
298.97
298.605
298.164
297.666
297.183
296.73
296.75
297.376
298.263
299.005
299.272
298.838
298.138
297.924
298.191
298.686
299.547
300.419
300.125
298.902
297.737
296.873
296.15
295.555
295.198
294.985
294.656
294.693
294.845
295.054
295.385
295.739
296.184
296.588
296.826
297.075
297.205
297.285
297.323
297.212
297.073
296.864
296.616
296.309
295.99
295.633
295.229
294.834
294.396
293.915
293.473
293.016
292.532
292.076
291.588
291.135
290.648
290.208
289.731
289.305
288.839
288.444
288.006
287.588
287.149
286.779
286.356
285.965
285.456
284.991
284.478
284.07
283.591
283.136
282.823
282.444
282.036
281.73
281.661
280.697
278.243
276.601
275.752
277.294
277.431
276.711
275.925
274.732
273.932
272.871
272.487
272.671
270.229
269.804
269.302
274.992
277.451
278.225
278.535
278.948
280.355
281.912
283.569
283.609
281.979
281.087
279.458
279.497
278.572
277.445
279.369
281.087
276.561
271.999
279.385
279.391
275.737
271.723
272.116
273.926
266.441
269.2
270.845
269.328
270.961
272.092
272.838
273.898
274.323
273.406
275.483
276.74
278.528
290.129
291.37
292.638
292.98
293.504
293.369
293.568
293.338
293.758
293.318
294.558
296.331
296.419
297.014
297.818
297.771
297.543
297.033
297.649
298.254
297.905
297.581
296.526
297.879
289.747
283.509
286.275
290.217
287.868
285.848
283.385
281.9
279.506
279.343
276.248
277.002
280.765
280.198
280.69
283.192
283.462
283.097
281.541
284.284
288.733
290.239
291.121
288.916
295.084
276.62
284.75
280.067
290.403
297.518
292.366
283.815
276.727
271.077
269.665
265.452
263.674
266.937
269.667
270.909
272.738
272.924
273.589
270.479
271.411
278.753
282.251
284.214
279.233
291.84
268.57
273.506
262.833
266.359
288.234
299.663
293.601
280.192
271.033
267.936
262.366
256.112
258.483
273.523
278.99
272.704
266.208
267.571
269.208
266.611
271.541
275.022
278.072
268.28
286.214
265.764
260.089
272.279
274.402
276.283
294.004
300.877
287.56
276.325
275.649
267.139
252.674
256.178
278.556
289.797
282.349
266.143
261.769
269.289
270.482
271.807
270.827
274.557
258.957
278.254
264.308
264.169
287.285
298.636
285.181
292.422
305.535
295.071
281.712
283.853
277.297
256.337
257.019
268.253
278.126
283.875
270.4
258.333
264.513
271.843
275.772
270.345
274.51
253.428
269.846
262.3
276.389
281.007
291.146
284.398
292.88
308.784
301.195
288.835
286.13
282.439
267.916
261.592
259.291
264.763
274.587
273.133
258.799
260.233
269.49
277.487
272.045
277.337
252.606
262.75
260.43
286.167
282.344
290.215
281.89
294.726
311
306.5
298.415
282.863
280.476
284.484
266.934
261.438
271.242
270.171
274.372
262.445
258.785
266.315
274.633
273.584
280.958
256.046
258.111
258.822
286.58
281.718
287.352
279.108
294.9
307.092
305.84
305.506
276.415
273.198
298.801
273.197
268.658
286.955
272.514
275.385
268.306
259.867
264.32
269.7
273.259
282.91
261.51
256.232
257.547
283.166
281.522
288.532
275.495
288.58
292.59
302.414
306.582
272.827
264.579
302.664
281.902
275.379
298.199
277.8
275.831
274.699
262.304
264.951
268.108
271.766
282.362
266.48
256.475
256.938
290.821
287.465
293.218
276.672
282.592
284.157
307.745
300.321
271.607
258.867
294.606
290.251
279.132
300.507
283.111
275.984
279.264
263.738
267.183
272.136
271.625
280.665
269.105
257.851
257.038
294.169
288.652
289.08
280.226
280.415
287.949
308.224
294.823
276.521
261.689
285.598
295.722
282.164
299.33
286.882
277.326
281.16
262.704
269.275
278.485
274.477
279.982
268.502
259.226
257.397
289.476
289.353
289.492
285.682
278.067
286.913
294.138
298.75
295.078
274.257
281.241
300.413
288.186
299.269
288.563
280.929
281.764
260.329
271.198
282.815
278.944
280.914
264.767
259.504
257.502
287.434
290.164
293.677
289.778
284.14
295.799
285.735
302.381
312.139
290.241
278.564
300.572
293.169
300.144
288.104
285.649
282.714
258.743
273.544
284.427
283.119
282.306
259.684
258.027
257.288
283.086
287.765
296.264
292.799
305.188
314.267
286.124
298.636
311.742
301.073
279.982
291.444
291.046
300.857
286.722
289.089
284.5
259.126
275.744
284.525
286.084
282.281
256.048
255.433
256.616
277.689
284.607
297.732
294.42
314.605
319.869
297.914
303.273
309.61
304.656
286.536
283.722
289.761
301.211
285.841
291.24
286.938
260.789
277.484
284.857
287.363
279.584
254.667
253.011
255.773
274.267
281.704
296.608
294.712
307.263
316.722
312.888
309.252
311.851
310.449
299.318
288.893
296.292
301.439
284.813
292.508
288.344
262.597
280.015
285.564
286.832
275.532
252.89
251.527
255.084
271.62
278.943
293.829
294.657
299.902
305.084
310.933
302.301
306.597
313.664
315.546
302.035
306.042
303.473
284.044
292.551
287.292
265.066
284.153
284.517
284.656
272.68
247.874
250.223
254.718
269.536
277.486
289.098
295.344
297.563
299.309
302.667
295.807
299.086
309.065
322.561
314.525
316.335
308.35
286.081
292.073
284.687
268.93
289.31
280.166
278.941
271.578
240.965
247.67
254.236
269.969
279.076
284.113
295.302
296.628
304.514
299.421
293.456
300.637
312.691
309.855
316.255
328.167
315.274
291.74
291.032
282.069
274.125
293.379
271.804
268.978
271.176
238.605
243.701
253.455
270.599
279.877
282.292
296.653
288.912
306.757
303.265
283.093
304.3
323.945
284.938
282.493
325.47
317.451
297.117
288.721
279.815
280.292
293.658
262.812
260.075
270.318
243.815
240.734
252.568
273.9
278.439
281.41
300.601
278.909
306.643
317.832
266.635
289.547
315.645
278.535
237.62
291.467
302.338
295.785
283.724
277.698
287.21
290.034
257.795
256.154
269.195
249.741
239.537
251.712
277.802
278.469
280.856
301.422
275.3
311.482
327.18
258.494
256.811
276.663
276.33
219.558
255.41
277.875
287.968
276.705
277.721
293.341
287.019
256.202
255.396
266.564
252.8
239.281
250.837
279.308
278.062
282.492
295.479
276.934
319.527
314.218
254.209
237.956
242.317
255.159
217.419
234.007
259.084
279.154
269.217
281.411
298.183
286.302
254.959
253.544
264.904
252.206
239.978
250.41
284.166
278.029
289.661
286.283
287.92
325.54
293.862
243.514
236.842
231.258
241.338
220.618
222.434
247.182
270.529
263.089
288.818
302.808
283.947
253.806
250.704
264.696
244.955
239.616
250.331
285.561
277.406
296.532
277.893
308.099
317.9
278.892
236.23
236.937
231.326
242.658
228.724
219.544
241.53
263.973
262.286
299.587
305.722
278.471
253.266
249.278
257.135
240.607
237.671
249.74
286.186
280.894
297.006
278.125
318.867
298.454
263.676
235.287
235.974
232.052
242.477
233.326
220.336
240.101
260.361
267.798
309.75
303.862
272.512
252.607
247.581
247.885
242.362
237.101
249.049
283.892
287.959
289.059
285.881
309.98
280.665
247.267
233.265
233.14
233.205
236.772
232.025
221.136
240.502
258.011
275.726
314.309
298.272
268.923
250.679
243.151
242.307
242.372
236.82
248.86
282.415
296.531
281.73
301.452
298.383
264.109
237.418
232.181
231.029
238.171
232.334
231.108
221.549
240.984
254.812
282.236
314.521
291.444
267.826
247.329
237.944
236.608
244.821
236.293
248.766
283.79
299.046
278.945
317.989
286.215
248.571
234.262
233.867
231.822
245.555
231.408
234.886
222.5
239.357
249.448
288.025
313.167
284.595
267.971
243.733
237.455
234.52
249.32
236.834
248.67
287.334
297.233
279.701
310.574
264.879
236.961
232.442
235.5
234.864
250.088
229.879
241.738
221.501
236.058
245.504
297.096
311.804
278.436
267.758
241.201
241.949
235.976
250.503
237.914
248.551
290.442
294.204
290.656
279.764
245.871
230.872
232.347
238.214
238.707
248.637
226.731
247.385
218.827
235.058
249.619
307.242
308.542
272.549
266.378
242.405
242.878
235.665
250.428
238.683
248.718
292.845
287.937
322.179
260.627
235.863
228.988
233.67
239.726
241.813
245.279
224.344
249.953
221.739
241.203
260.14
310.698
302.524
267.249
264.745
247.101
238.252
234.969
250.614
240.021
248.833
296.177
291.129
312.686
246.826
230.806
228.387
234.549
239.315
242.427
242.507
224.658
251.921
234.649
245.896
264.984
305.916
293.304
262.687
264.37
252.436
237.607
236.576
251.176
241.2
248.926
295.65
284.84
257.124
238.025
228.643
229.245
236.1
239.607
241.306
242.123
227.326
254.147
257.255
239.639
258.612
297.711
282.338
259.689
265.778
257.466
244.454
238.893
252.186
241.239
249.538
290.536
253.273
245.195
237.045
227.596
230.277
236.089
239.281
242.201
245.412
232.331
252.122
279.303
231.479
254.986
292.798
270.986
258.138
268.131
260.735
252.127
240.75
252.8
242.633
249.751
282.731
226.51
252.544
236.005
227.529
230.338
235.593
240.326
246.422
249.275
237.729
241.71
284.597
240.331
270.163
282.806
263.279
257.427
268.742
259.355
254.522
241.649
252.919
243.513
250.413
275.156
221.852
237.891
231.226
225.556
229.34
235.515
242.204
250.329
250.483
238.404
231.73
279.126
266.3
293.726
267.615
261.265
254.377
264.917
253.835
253.207
241.512
252.866
243.324
251.098
285.905
229.198
239.901
231.977
223.812
228.522
234.685
242.618
252.981
252.021
235.345
230.23
272.515
284.925
298.675
252.717
259.806
250.228
259.544
248.617
252.121
242.09
252.538
245.258
251.392
277.978
233.766
239.356
230.045
223.459
228.531
233.575
242.831
254.834
254.289
236.505
234.269
261.445
280.446
277.562
241.926
258.717
249.282
256.97
246.3
251.407
243.724
252.832
245.334
251.843
255.053
235.413
238.182
228.31
222.266
228.073
231.968
242.008
254.756
256.08
241.039
235.549
248.298
264.081
254.636
244.944
262.257
249.355
257.192
246.243
249.594
245.478
255.498
245.443
252.089
249.111
235.72
236.57
225.168
222.065
228.894
231.248
241.475
254.132
255.509
243.098
234.459
240.041
251.713
250.714
262.59
269.932
247.753
257.474
247.131
247.278
247.396
258.954
247.541
252.932
241.152
235.428
233.237
223.375
222.614
229.278
230.6
240.584
253.808
254.905
245.569
238.449
238.63
250.357
258.087
269.243
267.219
249.934
256.572
248.482
245.189
249.404
259.485
246.753
253.666
233.372
235.762
228.663
218.452
221.217
228.342
229.374
239.539
253.847
254.932
248.389
246.031
243.106
254.981
261.524
264.448
261.228
256.145
257.483
249.889
243.34
250.903
257.437
248.435
254.34
233.077
233.351
221.725
213.748
219.391
227.6
228.937
238.119
252.827
254.562
250.619
252.775
251.725
260.802
265.734
269.656
264.703
260.796
260.444
250.005
242.166
251.825
254.342
250.593
255.318
235.6
227.832
214.931
211.183
219.533
230.491
230.312
236.616
251.324
254.452
252.298
256.256
259.139
262.574
269.483
274.134
268.29
258.602
256.095
249.649
241.839
252.366
251.114
250.605
257.095
232.623
220.485
213.308
213.726
224.285
234.762
232.488
235.901
249.762
254.396
253.846
256.841
263.57
262.133
270.533
271.612
264.28
250.162
248.266
250.423
242.43
253.552
249.39
258.645
257.892
225.38
219.1
218.12
218.178
227.858
237.717
236.155
236.005
247.924
254.393
255.55
255.984
265.461
265.688
272.826
267.021
254.176
244.358
243.887
249.938
245.119
256.563
247.927
264.616
256.216
221.027
223.253
224.623
222.632
231.438
241.704
240.558
237.722
246.697
254.776
258.047
256.123
265.002
271.506
276.665
264.464
247.826
247.477
241.674
246.152
250.553
261.446
247.771
255.732
256.601
221.743
229.564
232.105
228.907
236.273
246.245
245.815
241.651
247.272
256
260.903
258.869
266.307
276.879
281.034
267.76
250.894
257.358
241.413
241.75
257.613
266.818
250.987
246.276
258.539
225.849
236.72
240.391
237.441
242.437
251.151
251.713
247.782
250.86
258.947
264.108
261.672
268.533
281.954
286.217
275.52
260.958
269.373
246.736
242.287
264.524
271.876
256.044
243.983
258.661
232.236
243.781
248.628
247.47
250.035
256.72
258.106
255.502
257.275
263.952
269.195
265.939
269.798
285.482
292.033
283.976
273.397
280.35
258.478
250.484
270.634
276.934
262.242
245.681
258.79
239.565
250.645
256.235
257.012
258.222
262.91
264.829
263.819
265.207
270.214
275.3
273.202
274.187
287.679
296.124
291.259
284.221
288.776
272.139
263.538
276.696
281.954
269.679
253.027
259.778
248.177
257.812
263.205
265.171
266.284
269.556
271.59
271.807
273.257
276.887
281.198
280.738
280.998
290.566
298.507
296.426
292.002
294.59
283.388
276.233
282.973
286.563
277.114
263.574
264.097
258.541
265.913
270.265
272.375
273.672
276.021
277.831
278.672
280.134
282.8
286.195
286.83
287.359
293.685
299.939
299.624
297.087
298.419
291.348
286.064
288.758
290.492
283.83
274.438
272.712
270.005
274.557
277.161
278.466
279.351
280.77
281.993
282.872
284.167
286.165
288.75
290.085
291.262
295.493
300.011
300.843
299.897
300.65
296.517
292.955
293.469
293.8
289.755
284.247
282.655
280.314
281.616
282.304
282.803
283.569
284.767
285.945
287.062
288.342
289.819
291.467
292.781
294.137
296.427
298.764
299.918
300.375
301.086
299.735
298.171
297.747
297.367
295.863
293.943
293.265
)
;

boundaryField
{
    inlet
    {
        type            fixedValue;
        value           uniform 300;
    }
    outlet
    {
        type            inletOutlet;
        inletValue      uniform 300;
        value           nonuniform List<scalar> 
57
(
300
300
300
266.486
264.915
262.783
300
300
300
257.111
257.145
300
257.403
257.149
256.452
255.599
254.906
300
300
300
300
300
300
300
300
300
300
300
300
300
300
300
300
300
300
300
300
300
300
300
300
300
300
300
300
300
300
300
300
300
300
300
300
300
300
300
300
)
;
    }
    upperWall
    {
        type            fixedValue;
        value           uniform 300;
    }
    lowerWall
    {
        type            fixedValue;
        value           uniform 300;
    }
    frontAndBack
    {
        type            empty;
    }
}


// ************************************************************************* //
