/*--------------------------------*- C++ -*----------------------------------*\
| =========                 |                                                 |
| \\      /  F ield         | OpenFOAM: The Open Source CFD Toolbox           |
|  \\    /   O peration     | Version:  dev                                   |
|   \\  /    A nd           | Web:      http://www.openfoam.org               |
|    \\/     M anipulation  |                                                 |
\*---------------------------------------------------------------------------*/
FoamFile
{
    version     2.0;
    format      ascii;
    class       volScalarField;
    object      p_0;
    location    "9.126";
}
// * * * * * * * * * * * * * * * * * * * * * * * * * * * * * * * * * * * * * //

dimensions      [1 -1 -2 0 0 0 0];

internalField   nonuniform List<scalar> 
12225
(
99597.1
99556.3
99455.4
99318.3
99139.1
98961.8
98766
98600
98446.9
98329.9
98220.9
98148.5
98072.4
98029.4
97959.4
97901.4
97594.8
96363.7
99591.2
99555.4
99454.3
99318.2
99138.2
98962.4
98765.9
98600.2
98447.5
98330.8
98222.3
98150.6
98075.5
98033.6
97972.3
97923
97685
97113.4
99585
99552.2
99451
99315.4
99133.9
98962.1
98763.2
98598.5
98446.8
98330.4
98223.3
98152.7
98084.5
98042.6
97997.8
97953.6
97793.6
97613.3
99576.2
99545.2
99443.7
99308.2
99126.4
98959.8
98757.7
98593.7
98443.7
98327.8
98222.8
98152.2
98080.4
98052
98018.5
98002.4
97932.7
97961.6
99560.8
99532.5
99431
99296
99115.1
98953
98746.2
98586.3
98437.3
98321.4
98220.2
98151
98093.3
98059.2
98029.9
98036.7
98061.2
98198.2
99537.3
99511.9
99411.4
99276.9
99097.7
98934.4
98735.2
98572.9
98427.4
98311.2
98214.9
98147
98097
98069.2
98052.1
98080.9
98155.7
98281
99507.5
99480.8
99383.3
99248.3
99074.6
98906.2
98717.2
98553
98411.5
98295.5
98205.8
98139.9
98099.9
98079.5
98090.3
98130.8
98212.9
98315.3
99469.1
99443.9
99350.6
99214.8
99046.7
98874.2
98694.2
98529.7
98391.6
98277.8
98193
98130.9
98098.2
98084.3
98106.3
98151.3
98232
98314
99427
99403.4
99314.4
99178.2
99014.8
98840.5
98668
98504.1
98369.1
98257.9
98176.7
98119.5
98092
98084.2
98109.9
98157.7
98232.7
98311.7
99371.4
99348.8
99264.6
99128.8
98969.8
98795.8
98630.6
98468.7
98337.4
98229.6
98152.2
98101
98078.1
98077.3
98106.1
98155.6
98228.8
98305.3
99296.2
99275.7
99195.4
99061.6
98906.8
98735.1
98577.5
98419.1
98292.4
98189.4
98116.3
98071.1
98052.8
98058.8
98089.7
98141.3
98211.5
98290
99198.8
99177.2
99099.6
98970
98819.3
98652.8
98501.9
98349.8
98228.3
98131.4
98063.5
98024.5
98011.2
98022.5
98056.9
98110.6
98180.6
98260
99066.8
99043.1
98966.9
98843.6
98697.5
98539
98395.8
98253
98137.5
98048.2
97986.4
97954.1
97946
97962.8
98001.1
98057.1
98127.3
98208
98883.5
98859.3
98784.4
98668.4
98529.9
98382.9
98245.3
98114.5
98008.4
97928.5
97875.4
97849.3
97848
97870
97912.2
97971.2
98044
98127.2
98622.8
98604.7
98533.3
98425.9
98297.8
98164.5
98039
97918.1
97825.6
97757.9
97715.4
97697.7
97703.8
97731.8
97779.1
97842.5
97918.8
98004.8
98264.1
98254.6
98190
98092.8
97978.3
97860.4
97749.4
97650.6
97571.6
97517.8
97488.1
97482
97497.4
97533
97587.3
97657.3
97739.3
97831.3
97793.9
97785.7
97727.9
97642.9
97545.3
97447.1
97356.9
97281.2
97224.7
97187.2
97172.1
97181.6
97211.3
97259.4
97323.1
97400.7
97491.5
97591.3
97227.7
97216.1
97165.4
97095.3
97018
96943
96877.2
96826
96792.7
96778.7
96785.2
96812.1
96857.8
96920.1
96997.6
97087.9
97189.2
97299.5
96677.9
96647.8
96601.3
96546.1
96488.9
96436.5
96394.6
96367.1
96356.8
96364.7
96391.2
96435.8
96497.6
96575
96666.1
96769.4
96882.4
97003.6
96179.4
96144.6
96103.2
96061
96021.4
95988.8
95967.5
95960.5
95969.8
95996.3
96040
96100.2
96176.1
96266.4
96369.4
96483.6
96607.4
96738.6
95759
95718.9
95683.9
95653.2
95628.3
95612.1
95607.6
95617.4
95642.8
95684.6
95742.6
95815.9
95903.7
96004.8
96117.8
96241.3
96373.4
96512.7
95403.6
95372.4
95344.7
95323.7
95310.3
95307
95316
95339
95377.4
95431.4
95500.9
95585
95682.6
95792.6
95913.7
96044.6
96183.5
96329.1
95125.8
95101.2
95079.9
95066.4
95062
95068.3
95087.4
95120.9
95169.3
95232.9
95311.3
95403.8
95509.3
95626.5
95754
95890.8
96035.2
96185.8
94917.7
94897.1
94880.4
94872.3
94874.1
94887.3
94913.9
94955
95011.1
95082.1
95167.4
95266.3
95377.8
95500.5
95633.1
95774.5
95923
96077.4
94773.8
94750.4
94735.6
94730.7
94736.6
94754.5
94786.3
94832.9
94894.7
94971.1
95061.5
95165.2
95281.2
95408.1
95544.6
95689.3
95841
95998.3
94673.1
94648.4
94634.1
94631.1
94639.5
94660.6
94695.9
94746.2
94812.2
94892.3
94986.4
95093.6
95212.8
95342.8
95482.2
95629.4
95783.3
95942.7
94604.3
94580.8
94566.6
94564.6
94574.5
94597.5
94634.9
94687.5
94756.6
94839.2
94935.6
95045.2
95166.7
95298.9
95440.2
95589.3
95744.8
95905.5
94564
94539.6
94524.7
94523.2
94533.8
94557.8
94596.4
94650.1
94722
94805.8
94903.6
95014.6
95137.6
95271.3
95414
95564.3
95720.9
95882.6
94544.8
94518.2
94502
94500.5
94511.1
94535.6
94574.8
94628.4
94703.7
94787.5
94885.9
94997.6
95121.5
95256.1
95399.7
95550.8
95708
95870.2
94540
94510.8
94493.3
94491.8
94502
94526.6
94566.2
94620.8
94695.1
94780
94878.9
94991
95115.3
95250.2
95394.2
95545.6
95703.1
95865.8
94492.4
94491.3
94489.3
94486.7
94483.4
94479.6
94475.4
94470.9
94466.1
94461.3
94456.5
94451.9
94447.6
94443.9
94440.9
94438.8
94438
94438.6
94440.8
94445
94451.4
94460.1
94471.4
94485.5
94502.7
94523.1
94546.9
94574.2
94605.3
94640.3
94679.5
94722.7
94769.7
94820.5
94875.3
94933.9
94996.2
95061.8
95130.4
95201.9
95275.7
95351.5
95429.2
95508.7
95589.5
95671.3
95753.5
95836.2
95918.5
95999.3
96079.3
96158.1
96234
96306.7
96378.5
96445.4
96505.3
96560.3
96609
96648.3
96681.8
96707.8
96723.9
96732
96730.2
96716.5
96693
96658
96608.9
96547.1
96474
96389.5
96293.5
96188.1
96072.1
95942.3
95796.4
95633.7
95455
95260.6
95050.9
94827.2
94589.7
94337.2
94072.9
93795.8
93507.5
93209.3
92903
92590.5
92273.8
91955.2
91636.6
91320.5
91008.5
90701.9
90404.3
90117.8
89842.8
89581.7
89337
89111.6
88904.8
88720.2
88556.8
88416.1
88297.8
88202.5
88129.1
88077.5
88047
88037
88046.5
88074.4
88119.1
88179.1
88252.9
88338.1
88432.4
88530.7
88628.7
88724.1
88812.5
88892.4
88963.5
89022
89062.4
89083.6
89091.7
89070.9
89032.5
88978.7
88909.9
88831.4
88749
88670.1
88599.7
88543.3
88507.9
88497.8
88516.1
88566
88648.1
88760.3
88900.4
89062.5
89241.5
89427.7
89611.5
89781.1
89927.5
90041.3
90113.3
90137.9
90112.7
90036.4
89916
89754.3
89561.7
89349
89121.6
88890.4
88662.8
88452.2
88269
88121.6
88017.1
87959.6
87956.3
88012.1
88128.6
88306.9
88549.1
88850.4
89204.4
89615.1
90085.5
90630
91226.8
91853.7
94527
94526.2
94523.5
94520.9
94517.5
94513.8
94509.6
94505.1
94500.4
94495.6
94490.8
94486.1
94481.7
94477.9
94474.9
94472.8
94471.9
94472.3
94474.4
94478.4
94484.6
94493.2
94504.3
94518.2
94535
94555.1
94578.5
94605.5
94636.1
94670.7
94709.2
94751.7
94797.9
94847.9
94901.8
94959.6
95021
95085.8
95153.6
95223.7
95296.1
95370.9
95447.5
95525.5
95604.9
95685.5
95766.1
95846.7
95926.5
96006.3
96085.6
96164
96241.6
96315.3
96384.7
96450.5
96507.8
96562.1
96611.2
96648.7
96682.5
96709.3
96724
96732.8
96731.6
96717.9
96695.4
96661.2
96611.1
96548.9
96479.6
96401.3
96309
96202.7
96084.2
95953.1
95807
95645.5
95468.7
95276.7
95068.9
94847
94611.5
94362
94099.8
93824.9
93538.8
93243
92938.7
92628.1
92313.4
91996.7
91679.9
91366
91056.8
90752.1
90455.9
90171.4
89898.2
89638.2
89394.2
89170.2
88964.1
88780.6
88618
88477.9
88359.9
88264.9
88191.4
88139.5
88108.3
88097.4
88105.7
88132.2
88175.1
88233.3
88305.4
88389.2
88482.1
88579
88675.3
88770.4
88857.4
88935.3
89008
89064.3
89105.3
89129.2
89134.1
89115.8
89078.3
89025.5
88958
88880.1
88798.5
88721.2
88651.7
88595.7
88560.6
88550.9
88569.4
88619.2
88700.9
88812.7
88952.5
89113.8
89292
89477.2
89660
89828.3
89973.9
90086.5
90158.5
90181.6
90156.1
90078.6
89958.5
89795.9
89602.5
89390.6
89163.8
88932.7
88704
88492.2
88307.7
88159.5
88054.5
87995.5
87991.5
88047.6
88164.1
88341.9
88584.7
88886.7
89241.2
89650.8
90120.3
90665.3
91260.3
91880.7
94594.9
94593.4
94590.2
94587.5
94584.2
94580.7
94576.8
94572.4
94567.7
94562.9
94558
94553.4
94549.3
94545.7
94542.5
94540.5
94539.5
94539.8
94541.7
94545.5
94551.4
94559.6
94570.3
94583.6
94599.9
94619.3
94642.1
94668.2
94698
94731.5
94768.7
94809.6
94854.4
94902.7
94954.9
95010.9
95070.3
95133
95198.6
95266.9
95337.1
95409.2
95482.7
95558
95634.7
95711.8
95790
95868
95945.8
96024.1
96102.2
96178.1
96252
96322.5
96390.4
96456.1
96512.1
96565.1
96614.6
96651.2
96684.5
96711.5
96725.8
96735.7
96736.8
96724.4
96702.3
96669.4
96622.6
96563.3
96494.6
96414.9
96322.9
96218.6
96101.9
95971.5
95827.1
95668.6
95495.5
95307.7
95101.6
94884.3
94652.7
94407.6
94149.6
93878.9
93596.9
93305.4
93005.1
92697.9
92386.6
92073.6
91760.6
91450.6
91145.4
90844.7
90551.9
90271
90001.7
89744.4
89502.2
89281
89077.3
88896.1
88735.7
88597.4
88481.1
88387.4
88314.9
88263.3
88231.7
88219.9
88226.6
88251.6
88292.1
88346.8
88415.6
88496.5
88585.6
88679.4
88771.2
88867.1
88951.4
89029.7
89098.1
89152.3
89193.6
89218.7
89223.2
89207.3
89171.7
89121.4
89056
88980
88900.7
88827
88759.6
88705
88670.6
88661.5
88680.3
88729.4
88810.6
88921.3
89060.2
89219.8
89396.4
89579
89759.8
89925.4
90068.4
90178.1
90247.9
90270.4
90244.8
90164.8
90044.3
89879
89683.1
89471.2
89245.4
89016.2
88787.1
88574.7
88388.4
88238.5
88134
88072.3
88065.8
88123.1
88241.1
88418.8
88662.3
88962
89316.1
89721.9
90195.4
90740.6
91332.3
91944.3
94693.7
94691.7
94688.5
94685.7
94682.7
94679.6
94676.1
94671.8
94667.2
94662.5
94657.9
94653.8
94649.9
94646.8
94643.8
94641.4
94640.2
94640.2
94641.8
94645
94650.3
94657.9
94667.9
94680.6
94696
94714.5
94736.2
94761.2
94789.5
94821.3
94856.5
94895.2
94937.5
94983.4
95033.1
95086.4
95143.1
95203
95265.3
95330.3
95397.4
95466
95536.3
95608.5
95682
95755.4
95828.9
95902.9
95977.7
96052.5
96126.6
96198.4
96270.2
96339.1
96405.7
96469.4
96522.7
96573.6
96622.1
96656.9
96690
96718
96731.8
96741.2
96743.6
96735.1
96716.6
96684.3
96638.6
96582.7
96516.6
96437.8
96346.7
96243.7
96128.6
96000.6
95859.3
95704.5
95535.6
95352.3
95150.4
94938.1
94711.9
94472.5
94219.7
93954.5
93678.3
93392.4
93097.7
92795.8
92489.3
92181
91873.4
91568.5
91267.8
90972.3
90684.3
90407.6
90143.6
89891.1
89651.5
89433.7
89232.9
89054.6
88896.8
88760.7
88646.5
88555.1
88484.3
88433.7
88402.5
88390.3
88395.5
88419.6
88459.2
88512.1
88577.2
88653.4
88737.9
88828.7
88919.8
89009.5
89092.1
89169.6
89236.8
89289.3
89328.4
89353.2
89359.9
89347
89314.6
89268.5
89206.1
89133.7
89057.5
88988.2
88923.8
88871.7
88839.2
88830.8
88850.3
88898.4
88978.3
89086.6
89223.4
89380.6
89554.4
89733.6
89911.5
90073.5
90211.5
90317.5
90383.2
90402.7
90377.5
90295.4
90175.2
90006.9
89804.6
89589.5
89363.1
89135.2
88906.8
88695.8
88510.1
88358.4
88256.5
88193.6
88180.2
88235.4
88356.1
88535.4
88781.3
89076.1
89428
89831.8
90311.2
90847
91434
92030
94823
94820.8
94817.4
94814.1
94811.3
94808.6
94805.6
94801.6
94797.3
94793.2
94789.4
94785.9
94782.1
94778.6
94775.7
94772.7
94771
94770.5
94771.5
94774.2
94778.8
94785.8
94795.1
94806.9
94821.5
94838.9
94859.4
94883
94909.5
94939.1
94971.8
95007.7
95047
95089.7
95135.9
95185.5
95238.4
95294.3
95353.2
95414.1
95477.1
95541.9
95608.4
95676.2
95744.5
95812.6
95881.1
95950.6
96019.9
96089.9
96160.4
96230.1
96298.3
96363.5
96427.5
96488.5
96539.7
96588.7
96633.9
96667.9
96699.1
96724.6
96740
96752.5
96756.8
96750.4
96735.1
96706.1
96662.6
96607.5
96541.4
96464.4
96376
96275.9
96163.8
96039.3
95902
95751.6
95587.4
95408.9
95214.2
95007.2
94787
94553.9
94307.8
94049.5
93780.4
93501.5
93213.9
92919.4
92620
92318.4
92016.9
91717.3
91422
91133.6
90851.6
90579.5
90320.9
90075.9
89841.6
89627.6
89430.8
89255.7
89100.8
88967.2
88855.1
88766.2
88697.5
88647.3
88616.1
88603.5
88605.5
88627.8
88665.3
88717.2
88779.2
88850.6
88931.2
89018.1
89106.5
89194.4
89276.2
89352.8
89422.1
89475.2
89510.8
89533.5
89544.1
89533.6
89508
89468
89411.3
89344.5
89272.3
89206.5
89145.7
89097
89067.6
89061
89081.6
89128
89206
89309.9
89443.1
89596.5
89765.5
89941.4
90114.5
90273.3
90404.9
90505.2
90566.1
90578.8
90552
90467.9
90346
90181.6
89973.5
89751.9
89521.5
89291.2
89062.2
88852
88669.8
88517.2
88418.9
88361.4
88340.5
88385.6
88505.7
88687.7
88939.2
89230.7
89577.5
89985.1
90463.1
90980.3
91553.5
92151.9
94980.8
94978.4
94975
94971.4
94968.7
94966.4
94963.6
94960.2
94956.6
94953.3
94950.3
94946.4
94942.1
94938.1
94934.6
94931.3
94929
94928.3
94928.6
94931.1
94935.4
94941.6
94950.2
94961.2
94974.8
94991
95010.1
95032
95056.7
95084
95114.1
95147
95182.8
95221.7
95263.7
95309
95357.6
95409.1
95463.1
95519.1
95576.8
95636.5
95697.8
95760
95823.1
95885.9
95948.7
96012.7
96077.6
96142.2
96207.1
96272.1
96336
96399.2
96459.5
96515.9
96566.4
96612.4
96653.2
96685.4
96713.9
96737.4
96753.7
96766.8
96772.7
96769.4
96757.3
96730.9
96689.2
96635.4
96571.2
96496.9
96411.9
96315.5
96207.3
96087
95954.2
95808.8
95650.1
95477.5
95289.8
95089.2
94875.5
94649.3
94410.8
94160.3
93899
93628
93348.9
93063.4
92773.1
92479.8
92185.6
91892.9
91604.8
91323.3
91048.6
90783.3
90530.1
90291.7
90064.8
89854.1
89663.1
89490.7
89340.3
89210.6
89101.3
89015.3
88949.6
88901.4
88871
88858.6
88860.1
88879.6
88913.2
88960.1
89018.8
89086.4
89161.1
89243.1
89327.2
89412.8
89496.9
89573.5
89643.9
89703.8
89743.3
89763.7
89780.1
89772.5
89752.2
89718.6
89670.1
89612.2
89547.5
89485.7
89428.4
89385.2
89361.2
89356.5
89379.3
89423
89497.8
89596.2
89722.5
89871
90032.1
90203.8
90368.7
90522.6
90648.9
90741
90800.1
90807.3
90772.4
90683.1
90552.2
90395.3
90188.3
89960.5
89725.7
89489.5
89258.6
89046.1
88867.6
88715.4
88617.6
88570.7
88551.6
88582.3
88693.7
88876.3
89134.1
89429.8
89767.2
90178
90647.6
91149.1
91708.1
92306.6
95163.7
95161.2
95157.8
95154.5
95152
95149.8
95147.1
95144.1
95141
95137.9
95133.8
95130.4
95125.8
95121.2
95117.5
95114.2
95111.5
95110.5
95110.5
95112.4
95116.4
95122
95129.7
95139.8
95152.3
95167.3
95185.1
95205.7
95228.7
95254.2
95282
95312
95344.4
95379.3
95416.9
95457.5
95501
95547.2
95595.4
95645.5
95697.5
95751.3
95806.4
95862.5
95919.3
95975.7
96032.6
96091.2
96149.9
96208.5
96267.8
96327.6
96387
96445.5
96501.9
96555.5
96602.4
96643.4
96679.3
96708.9
96734.6
96756.7
96774.7
96788.8
96795.3
96793.6
96782.1
96755.5
96715.5
96665.5
96605.4
96535.1
96454
96361.7
96257.9
96142.5
96014.8
95874.8
95721.9
95555.7
95375.5
95182.4
94976.8
94758.9
94529
94287.7
94035.5
93774
93505
93229.5
92948.8
92664.9
92380.2
92097.3
91818.8
91545.5
91279.2
91023
90776.9
90542
90320.4
90113.8
89926.6
89756.2
89610.3
89484.8
89377.3
89292.8
89230
89184.7
89159
89148.9
89150.9
89170.1
89201.1
89243.9
89296.9
89359.8
89429.6
89505.9
89585.4
89667.4
89750.8
89829.2
89900.6
89967.5
90020
90049.7
90051.8
90056.9
90046.1
90023.6
89986.1
89938
89881.3
89826.4
89775.6
89736.9
89719.7
89717
89741.9
89783.7
89854.6
89950.3
90068.8
90210.6
90359.9
90523.3
90680.8
90825.4
90945.9
91025.2
91077.1
91084.3
91044.7
90950.1
90804.8
90645
90443.4
90212.6
89975.2
89732.9
89500.4
89283.6
89108.8
88957.9
88852.7
88813.2
88806.9
88829.9
88926
89103.7
89364.5
89672.8
90000.9
90408.1
90864.2
91353.2
91895.5
92486.2
95369.4
95366.7
95363.1
95359.9
95357.4
95355
95352.4
95349.8
95346.9
95343.5
95338.9
95334.5
95329.8
95324.7
95320.8
95317.8
95315.2
95314.1
95314.4
95315.9
95320.3
95325.4
95332.5
95341.7
95353.2
95367.1
95383.6
95402.6
95423.9
95447.5
95473.1
95500.4
95529.6
95561
95594.6
95630.9
95669.7
95710.3
95752.5
95796.2
95841.1
95887.7
95936
95985.6
96035.6
96085.3
96135.4
96187.2
96239.4
96291.3
96344.4
96398.2
96453.4
96507.3
96559.1
96606.6
96648.5
96684.4
96715.4
96741.3
96764.4
96785.2
96802.4
96816.3
96824.1
96823.1
96812.9
96785
96747.9
96701.7
96645.7
96579.2
96501.9
96413.8
96314.5
96204
96082.1
95948
95801.3
95641.8
95469.7
95285.1
95088.2
94879
94658.1
94426.2
94184
93932.8
93674.1
93408.9
93139.3
92866.6
92593.1
92322
92054.6
91792
91536.3
91289.3
91053.4
90827.1
90611.6
90412
90227.8
90059.9
89916.2
89792.6
89686.3
89601.3
89539.2
89496.5
89473.1
89467
89470.8
89491.1
89520.9
89561.8
89611.9
89670
89736.5
89807.9
89883.6
89962.9
90042.5
90123.4
90197.3
90266.7
90328.2
90376.4
90397
90400.2
90393
90380.1
90355.5
90321.6
90278.4
90232.3
90189.8
90151.8
90138.1
90137.8
90164.3
90207.5
90275.1
90370.8
90483.7
90616.9
90753.8
90904.2
91053.8
91186
91298
91368.2
91404.8
91407.6
91361.4
91268.1
91115.2
90937.7
90737.7
90507.4
90269.6
90024.3
89791
89568.1
89395.4
89248.6
89130.9
89087.7
89094.1
89124.1
89205
89369.7
89631.1
89952.2
90278
90678.7
91116.7
91588.4
92109.8
92686.2
95594
95591.2
95587.6
95584.6
95581.8
95578.9
95576.2
95573.4
95570.5
95566.7
95561.8
95556.5
95551.5
95546.5
95542.7
95540.2
95538.5
95538
95538.8
95541.2
95545.2
95550.7
95557.8
95566.6
95577.5
95590.5
95605.5
95622.7
95642.2
95663.4
95686.2
95710.4
95736.4
95764.2
95794.1
95826.5
95861
95896.8
95933
95970.2
96007.9
96046.5
96087.2
96129.8
96173
96216
96259.3
96304
96349.1
96394.3
96441.1
96489.4
96537.5
96586.2
96632
96673.3
96709.6
96739.8
96765.1
96786.7
96806.1
96823
96838.1
96852.7
96861.8
96855.7
96840.4
96820.5
96788.3
96745.9
96693.2
96630
96556.7
96472.8
96378.1
96272.7
96156
96027.6
95887.1
95733.9
95571.1
95393.7
95203.9
95002.4
94789.7
94566.2
94333.4
94092.1
93843.2
93588.8
93330.6
93069.8
92808.4
92548.4
92292
92041.2
91798.1
91562.8
91337.5
91123.4
90921.2
90732.5
90559.4
90398.9
90260.2
90137.2
90033.7
89948.5
89885.9
89842.7
89817.5
89811.9
89815.7
89836.5
89865.5
89906.8
89955.9
90012.7
90076.7
90147.5
90219.7
90297.9
90376.8
90457.7
90534.5
90607.4
90672.3
90732.6
90780.5
90803.8
90804.7
90795.9
90780.4
90758.1
90731
90695.9
90664.7
90631
90618.1
90619.7
90647.9
90696
90762.3
90856.8
90965.2
91090.4
91217.8
91352.4
91488.9
91605.1
91706.1
91770.1
91794.7
91787
91728.7
91635.5
91481.6
91285.4
91073
90845.1
90609.1
90365.7
90133.8
89906.3
89728.6
89588.2
89462.3
89403.9
89409
89458.2
89530.1
89677.1
89936.2
90259.1
90591.2
90991.7
91407.3
91853.5
92356.7
92918.2
95832.5
95829.9
95826.8
95823.7
95820.4
95817
95814.1
95810.7
95807.2
95803.1
95798.7
95794.4
95790.3
95787
95784.4
95782.6
95782.4
95783.4
95785.5
95789
95793.7
95799.8
95807.2
95816.1
95826.5
95838.6
95852.5
95868.3
95885.8
95904.5
95924.3
95945.1
95967.2
95991
96016.5
96044.2
96073.6
96104
96134.6
96165.1
96196.2
96227.8
96261.1
96296.3
96332.2
96368
96404
96441.5
96480.7
96520.4
96560.8
96602.4
96644.2
96685.5
96723.8
96757.4
96786.7
96811.4
96831.3
96847.3
96860.6
96872.2
96883.4
96894.1
96900.7
96902.8
96892.2
96871.1
96839.7
96799.3
96749.1
96688.9
96618.9
96539
96448.7
96348.1
96236.1
96112.6
95978
95831.9
95674.4
95504.7
95322.8
95130.4
94927.2
94713.6
94491.2
94260.1
94021.9
93779.2
93531.8
93282
93031.7
92781.9
92535.3
92295.4
92063.4
91839.7
91625.7
91421.6
91232.9
91055.8
90897.7
90747.9
90622
90506.8
90410.4
90328.5
90268
90223.9
90196
90188.2
90187.5
90208.7
90233.7
90276.4
90323
90381.7
90444.6
90517
90590.5
90668.8
90750.6
90832.9
90913.4
90991.8
91064
91131.6
91192.7
91246.9
91273.4
91281.7
91274.7
91259.7
91246.8
91221.7
91200.7
91174.9
91165.5
91171.4
91203.6
91258.4
91322.4
91412.1
91513.9
91630.6
91749.8
91868.8
91989.9
92085.3
92173.4
92230.3
92245
92226.1
92157.9
92058
91903.2
91696.8
91460.2
91230.2
90996.2
90756.3
90529.1
90305.5
90114.2
89974.9
89852.2
89773.5
89762.1
89830.7
89898.9
90031.4
90283.1
90592.7
90933.1
91340.2
91737.8
92151
92637.6
93186.8
96079.8
96077.6
96075
96072
96068.3
96064.8
96062
96059.2
96056.1
96052.8
96049.6
96046.8
96044.3
96043.1
96042.9
96043.6
96045
96047.7
96051.3
96056.4
96062.4
96069.4
96077.5
96086.9
96097.2
96108.7
96121.5
96135.7
96151.1
96167.4
96184.4
96202
96220.5
96240.4
96261.8
96284.1
96307.1
96330.9
96355.3
96380.5
96405.7
96431.2
96457.7
96486.2
96515.4
96543.9
96572.6
96602.9
96635.2
96668.6
96702.3
96736.4
96770.7
96803.5
96833
96858.6
96881.1
96900.1
96914.7
96926
96935.8
96944.9
96953.6
96963.2
96968.8
96967.1
96956
96934.8
96904
96864.2
96815.3
96757
96689.7
96612.9
96526.1
96428.9
96321.1
96202.5
96073.3
95932.9
95781.5
95621.4
95448.8
95266.1
95073
94869.9
94658.1
94438.4
94212.2
93980.8
93745.1
93506.8
93267.7
93030.1
92795.5
92566.6
92344.9
92130.7
91926.5
91732.8
91553
91385.2
91241.1
91102.7
90986.9
90884.1
90798.4
90724.2
90668.5
90626.9
90598.8
90591.6
90587.2
90608.3
90630.5
90671.5
90717
90774.6
90838.3
90911.5
90989.8
91070.3
91159.4
91244
91332.8
91419.9
91500.2
91582.8
91651.3
91716.8
91779
91816.9
91831.8
91833.8
91839.3
91825.1
91813.5
91795.6
91791.6
91804.2
91840.8
91898.6
91959.6
92039.6
92130.6
92236.3
92345.7
92449.2
92554.2
92634.7
92703.5
92751.7
92757
92725.5
92650.5
92539.3
92380.2
92170.8
91915.4
91668.6
91433
91198.7
90978.8
90769.4
90560.8
90408.9
90297.3
90199.8
90167.5
90242.3
90307.7
90432
90674.8
90957.4
91299.6
91715.5
92098.1
92476.8
92947.8
93476.7
96331.6
96329.9
96328
96325.7
96322.6
96319.6
96317.5
96315.9
96314.2
96312.4
96311
96309.9
96309.8
96310.8
96313
96315.8
96318.9
96323
96327.8
96333.6
96340.5
96348.6
96358
96368.7
96380.3
96392.6
96405.4
96418.6
96432.3
96446.5
96461.4
96477.2
96493.4
96510.2
96527.6
96545
96562.4
96580.1
96598.8
96618.4
96638.4
96658.5
96678.8
96700.1
96722.7
96744.9
96766.9
96789.9
96813.7
96839.2
96866
96892.8
96918.7
96942.8
96964.1
96982.7
96999.2
97013.2
97024
97032
97039.1
97045.2
97054.3
97058.5
97058.8
97050.8
97036.2
97012.5
96981
96941.3
96893.2
96836.2
96770.4
96695.5
96610.9
96516.6
96412.5
96298.6
96174.7
96040.5
95895.9
95741.9
95577.6
95402.1
95216.4
95021.1
94818.4
94610.2
94395.5
94175.1
93951.4
93725.4
93498.4
93273.3
93052.5
92837
92628
92427.5
92234.3
92052.5
91884.7
91730.8
91593.4
91470
91360.9
91269.5
91192.9
91128.1
91080.1
91045.3
91019.8
91012.9
91009.5
91027.4
91054.9
91090.4
91138.5
91194.1
91258.8
91332.1
91415.2
91499.6
91598.3
91690.2
91789.4
91888.4
91979.7
92077.8
92163
92243.4
92319.5
92392.2
92434.6
92459.2
92487.4
92495.6
92497
92492.5
92494.6
92516.7
92550.6
92605.8
92665.1
92734.3
92812.7
92904.6
92999.1
93083.7
93173.5
93246.4
93301.2
93337.3
93334
93290.3
93207.6
93084.7
92913.7
92701.6
92448.2
92173.8
91928.3
91702.7
91494.2
91300.8
91077
90901.7
90795.3
90682.1
90630.2
90693.9
90753.3
90878.7
91108
91356.6
91691.6
92105.7
92465
92818.8
93279.9
93783
96583.7
96582.8
96581.6
96580.8
96579.5
96578.4
96577.8
96577.6
96578
96578.7
96580.2
96582.1
96584.4
96588.1
96592.6
96597.6
96603.2
96609.4
96615.7
96622.5
96630.3
96639.7
96651.1
96664.1
96678
96691.9
96705.5
96719
96732.3
96745.5
96758.9
96772.9
96787.2
96801.1
96814.7
96828.2
96841
96853.6
96866.9
96880.7
96895.5
96910.7
96924.8
96939.4
96955.2
96971.2
96986.3
97001.9
97018.5
97035.7
97054.1
97073.2
97091.4
97107.5
97121.7
97134.3
97145.3
97154.6
97161.9
97167.1
97171.4
97176.6
97175.8
97173.3
97167.6
97156.1
97135.5
97108.1
97073.5
97032.3
96983.7
96927
96862
96788
96704.8
96612.6
96511.7
96401.8
96282.4
96152.8
96012.7
95863.2
95705.4
95536.8
95359
95172.8
94979.2
94781.5
94578.8
94370.5
94158.5
93944.4
93729
93515.1
93305.4
93101.8
92905.9
92718.8
92535.9
92369.6
92216.5
92077.1
91952
91843
91745.2
91662.8
91594.4
91537.7
91496.5
91469.6
91451.2
91446
91449.5
91462.3
91497.9
91531.9
91583.3
91640
91706.7
91781.1
91868.2
91960
92065.1
92171.2
92283.4
92395.9
92504.7
92616.5
92722.6
92820.5
92907.3
92989.4
93080
93128.2
93176.2
93210.2
93230.1
93245.9
93257.4
93289.1
93319.8
93371.2
93428.9
93487.8
93556.8
93634.9
93713
93788.4
93864.4
93926.2
93970.8
93992.7
93980.6
93926.5
93834.8
93695.8
93507
93288.1
93051.8
92771.3
92512.4
92290.7
92090.2
91902.8
91665.8
91466.2
91351.3
91221.5
91154.3
91191.1
91237.7
91374.9
91578.5
91794.8
92117.5
92498.5
92818.8
93166.5
93624
94099.2
96832.1
96832
96831.5
96832.1
96832.9
96834.3
96836.9
96840.1
96843.8
96848.1
96853.2
96858.9
96865
96872.3
96880.3
96888.8
96897.9
96907.4
96916.9
96926.1
96936
96947.5
96961
96975.8
96991
97005.8
97020.7
97035.5
97049.2
97061.8
97074.1
97086.7
97099.1
97110.8
97121.6
97131.6
97140.8
97149.8
97158.6
97166.7
97175.1
97182.9
97192.8
97202.9
97212.7
97222.6
97231.8
97240.1
97249
97258.9
97269.1
97279.9
97291.2
97300.7
97307.8
97314.3
97319.9
97323.8
97325.9
97326.4
97325.3
97322.4
97316.1
97306.2
97292.9
97274.7
97250.5
97221
97184.6
97140.9
97089.9
97031.8
96966
96892.1
96809.5
96718.5
96619.8
96513.2
96397.5
96271.5
96134.9
95989.9
95837.5
95676.7
95508
95331.2
95145.5
94955.9
94762.9
94565.9
94365.7
94163.1
93959.4
93757.3
93560.2
93368.5
93184.2
93007.7
92839.3
92685.3
92544.9
92419.2
92308.2
92211.2
92126.8
92054.4
91995.4
91948.2
91912.7
91891.9
91882.6
91883.1
91897.9
91911.9
91951.7
91991.1
92046.7
92108.2
92179.6
92258.2
92350.2
92452.2
92562.5
92685.8
92813.2
92943.2
93073.5
93200.2
93330.9
93451.3
93560.8
93662.1
93751.6
93846.5
93911.6
93970.1
94012.4
94047.6
94073.8
94112.7
94144.4
94194.4
94248.8
94299
94365.4
94432.7
94496.3
94569
94627.8
94681
94715.5
94724.8
94702
94636.9
94535.5
94371.6
94165.5
93944.5
93725.3
93473
93214.7
92982.7
92775
92573.2
92321.6
92104.9
91969.3
91818.4
91741.5
91736.9
91771.2
91919.6
92082.6
92281.5
92585.1
92887.3
93157.1
93520.5
93974.1
94414.3
97075.9
97075.5
97075.4
97077.3
97080.3
97084.4
97090.4
97098.3
97106.9
97116.3
97126.2
97137
97148.4
97160.6
97173.4
97186.7
97200.4
97214.1
97227.7
97240.9
97254.5
97268.7
97283.7
97299.5
97315.6
97331.9
97348.9
97365.1
97378.8
97390.8
97403.1
97415.6
97427.1
97436.9
97445.7
97453.2
97459.7
97465.2
97470.6
97475.4
97479
97483.2
97487.5
97492.2
97497
97500.3
97503.8
97506.7
97508.4
97510
97513
97516.3
97519.8
97522.9
97523.9
97523.2
97522.3
97520.3
97516.4
97510.6
97502.4
97492.1
97479.2
97463.9
97443.6
97418.8
97388.9
97354
97313.8
97267
97213.3
97152.8
97085
97009.8
96926.9
96836.6
96739.2
96634.5
96521.2
96398
96265.2
96124.8
95978.2
95823.6
95661.2
95490.2
95311.1
95127.3
94941.4
94754.7
94567
94376.5
94184.5
93994.1
93808.7
93629.8
93456.8
93292.7
93138.5
92997.3
92869.6
92756.4
92657.4
92569.8
92495.8
92433
92383.6
92347.1
92321.3
92308.7
92309.2
92317.9
92344.2
92368.4
92412
92459.7
92521.7
92591.5
92672.2
92759.1
92859
92972.1
93092.5
93231.9
93375.3
93526.3
93681.8
93829.7
93987.4
94133.1
94272.5
94399.5
94510.8
94615.9
94705.6
94788.4
94853.5
94905.1
94950.9
94994
95026.6
95076.9
95129.8
95178.3
95243
95298.8
95356.9
95421.4
95468.1
95514.8
95538
95537.4
95500.1
95426
95309.4
95117.2
94900.3
94689.8
94478.2
94265.9
94025.5
93770
93539
93306.8
93035.6
92812.2
92651.6
92475.9
92391.5
92335.5
92362.7
92505.7
92620.6
92821.8
93072.2
93276.3
93498.5
93890.2
94322.8
94732
97310.5
97310.5
97310.3
97314.5
97320.6
97328.3
97337.9
97349.9
97363.9
97379.5
97396.4
97414
97432
97450.5
97469.3
97488.2
97507.2
97525.8
97544
97562
97580.1
97598.1
97616.1
97634.4
97652.4
97670
97687.9
97705.1
97719.5
97732.2
97745.6
97758.7
97769.9
97778.5
97785.4
97791.3
97796.1
97800.1
97802.4
97804.6
97805.3
97805.5
97805.6
97805
97803.3
97802.5
97801.5
97799.6
97796.6
97791.5
97785.9
97782
97778.4
97774.1
97768.6
97761.4
97753.5
97744.6
97733.8
97720.8
97705.5
97687.4
97666.2
97643.6
97617.2
97587.3
97552.7
97511.8
97465.3
97413.3
97355.3
97291.3
97220.5
97142.8
97058.5
96967.7
96870.9
96767.4
96655.2
96533.7
96403.4
96266.8
96124.5
95974.9
95817.5
95653
95481.1
95305.6
95128.7
94951.6
94773.6
94593
94410.8
94230.7
94055.7
93887.8
93726.5
93573.1
93431.8
93303.4
93188
93086.6
92996.3
92916.7
92850.4
92796.4
92756.6
92730.1
92716.1
92714.7
92726.4
92746.4
92782.4
92821.3
92873.3
92932.3
93003.6
93084.7
93177.3
93278
93389.9
93515.8
93651.8
93807
93968.9
94143.5
94324.8
94501.8
94687.1
94859.6
95032.7
95187.4
95329.1
95461.8
95566.8
95670.3
95754.8
95825.2
95888.9
95936.4
95983.4
96034.5
96081.1
96133.7
96191.4
96239.2
96295.6
96350.1
96390.1
96429.2
96440.6
96429.1
96379
96293.2
96151.2
95941.3
95725.6
95536.8
95326.5
95130
94901.1
94625.2
94358.2
94089.3
93804.6
93578.8
93389.7
93195.2
93100.9
92995.4
93014.7
93118.8
93200.1
93396.6
93553.2
93676.3
93869.2
94287.9
94667.1
95053.9
97528.7
97529.8
97533.4
97539.9
97549.4
97562
97576.9
97593.8
97613
97634.7
97658.5
97683.5
97709.1
97734.7
97760.2
97785.6
97810.5
97834.9
97858.8
97882.3
97905.6
97928.2
97950.4
97972.1
97992.4
98011.6
98032.2
98052.7
98068.6
98082.1
98096.9
98111.4
98122.9
98130.7
98136.9
98143.1
98148.2
98151.6
98152.8
98152.1
98150.7
98148.3
98145.7
98142.4
98137.5
98131.9
98126.1
98119.3
98111.4
98102.2
98090.1
98077.5
98066.8
98056
98043.5
98029.3
98014.2
97998.2
97980.3
97960
97937
97911
97882
97851.6
97817.4
97779.8
97738.8
97692.7
97640.6
97582.8
97519.5
97450.1
97375
97293.4
97205.9
97113.2
97015.6
96912.4
96800.9
96681.1
96552.9
96418.6
96279.2
96133.2
95980.7
95822.3
95657.9
95490
95320.4
95149.7
94978.4
94806.2
94634.1
94464.7
94300.5
94142.8
93991.8
93850.2
93721
93604.6
93500.3
93406.7
93322.4
93250.3
93190.8
93146.5
93117.2
93101.4
93100
93110.5
93134.3
93168.1
93213.5
93267.6
93332.1
93405.7
93489.4
93585
93691.6
93809.9
93938.1
94080.6
94235.7
94408.7
94593.2
94792.7
95001.3
95211.4
95422.5
95628.3
95832.4
96016.7
96193.3
96352
96484.6
96612
96713
96806.7
96885
96944.6
97006.2
97056.4
97104.9
97162
97210.1
97256.4
97312.4
97357.1
97393.7
97425
97422.8
97399
97342.8
97228.9
97062.1
96851.9
96649.4
96479
96267.2
96057.3
95820.1
95536.6
95227
94915.1
94628.1
94399.3
94171.6
93967.9
93857.1
93712.1
93715.7
93749.8
93825.1
93978.3
94036.3
94102.7
94294.5
94705.9
95022.4
95389.1
97726.3
97730.1
97737.1
97747.2
97761.8
97780.3
97801.6
97825.5
97851.8
97880.4
97910.9
97942.6
97974.9
98007.5
98040.2
98072.6
98104.2
98135.1
98165.6
98195.6
98224.6
98252.8
98280.5
98307
98331.7
98355.6
98380.3
98403.6
98421.7
98437.9
98455.2
98472.1
98485
98493.8
98501.3
98508.6
98515.1
98518.3
98519.3
98518
98515
98511.3
98506.6
98501.2
98494.4
98485.4
98475.5
98465.8
98453.7
98439.8
98423.7
98403.8
98385
98368
98349.2
98327.9
98305.5
98281.8
98256.5
98228.7
98198.2
98165
98129.1
98088
98045.5
97999.3
97949.6
97896.1
97837.9
97774.2
97705.1
97630.2
97549.6
97463.3
97371.5
97275.1
97174.4
97069
96957.8
96839.6
96714.2
96582
96445
96301.8
96152.9
95999.6
95842
95679.4
95514.5
95350.5
95188.1
95025
94861
94700.7
94546.7
94397.6
94255.9
94125.6
94007.7
93901.1
93803.8
93715
93637.2
93573.2
93522.9
93490.3
93472
93468.7
93480
93503.4
93539.5
93586.7
93643.2
93711.2
93789.4
93879.2
93977.5
94090
94213.3
94351.6
94499.8
94662.6
94840
95034.1
95245.2
95469.1
95706.3
95949.8
96190.9
96433.4
96666.4
96886
97095.2
97279.5
97448.7
97600.1
97727
97845.1
97936.8
98017.1
98089.8
98141.6
98199.5
98256.6
98298.3
98351.1
98402.5
98439.2
98475.3
98495.4
98481.4
98449.3
98382.3
98230.6
98052.5
97853.9
97673.1
97500.7
97276.9
97046.8
96790.2
96499.5
96149.3
95798.7
95513.7
95273.1
94998.7
94788.7
94645.6
94475.4
94444.7
94403.7
94489.6
94545.3
94536.5
94580.3
94784.7
95125.2
95398
95733.4
97877.3
97882.3
97891.5
97904.9
97923.8
97946.5
97973.8
98004.5
98038.7
98074.9
98113
98152.1
98190.5
98229.2
98268.5
98307.2
98345.3
98382.5
98419.1
98454.8
98489.6
98523.6
98556.3
98587.6
98617.7
98646.6
98675
98701
98723.5
98744.1
98764.8
98783.6
98798.3
98810
98820.7
98830.4
98838
98842.7
98844.4
98844.7
98842.5
98838.8
98833.9
98826.4
98818.4
98808.8
98796.3
98783.4
98769.7
98753
98734.8
98711.8
98686.4
98663.3
98640.2
98613.6
98584.5
98554.2
98522.5
98488.4
98451.3
98411.3
98368.3
98320.3
98269.1
98214.9
98156.7
98095.6
98030.8
97961.8
97887.9
97808.4
97722.7
97631.1
97534.8
97434.4
97330.1
97221.9
97109.5
96991.3
96867.2
96737.1
96602.7
96462
96315.8
96167.3
96015.5
95859
95700.8
95543.8
95387.7
95230.2
95072.9
94920.2
94773.8
94631.3
94497.6
94377
94267.4
94165.8
94071
93986.6
93916.5
93861.7
93824.6
93805.2
93798.8
93807.3
93829.1
93864.7
93912
93970.6
94039.4
94119
94209.8
94314.5
94427.7
94556.8
94697.8
94856.2
95026
95211.3
95412.5
95630.7
95868
96117.1
96383.8
96656.3
96930.6
97209.1
97473.3
97731.6
97971.6
98189.1
98393.3
98568.4
98727.7
98865.5
98977
99078.4
99159.6
99224.9
99296.5
99351.4
99398.2
99458.5
99503.1
99539.1
99575
99582.3
99562.4
99530.1
99437.2
99261
99088.9
98909.3
98744.9
98554.3
98316.4
98065.8
97790.7
97473.7
97094.7
96723.8
96443.8
96174.3
95851.7
95635.2
95443.7
95263.6
95174.2
95075.2
95168.6
95100.5
95055.6
95101.4
95288.2
95536.1
95784.3
96071.7
97984.4
97990.3
98001.2
98017.1
98037.8
98064.6
98096.1
98130.6
98170.5
98212.3
98256.6
98302
98348
98391.2
98436.9
98481.5
98525.3
98568.3
98610.3
98651.2
98691.4
98730.5
98767.8
98804
98839.3
98873
98904.8
98933.9
98960.4
98984.8
99008.5
99029.7
99047.7
99063.9
99078.3
99090.5
99099.6
99106.2
99110.3
99112.3
99112.2
99109.4
99105
99098
99089.2
99079.8
99067.3
99052.4
99037.5
99019.6
98998.6
98975.8
98947.2
98918.8
98892.1
98862.4
98828.8
98793.4
98756.6
98717.4
98675.3
98629.9
98581
98528
98468.4
98408.7
98343.9
98276.1
98204.9
98130.8
98052.6
97969.3
97879.6
97783.7
97683.7
97579.8
97472.4
97362
97247.8
97129.2
97005.2
96876.4
96743.8
96606
96463.2
96318.1
96170.1
96019.5
95867.5
95715.8
95563.9
95410.7
95260.1
95114.2
94972.3
94836
94710.6
94597.9
94493.2
94393.4
94301.8
94223.3
94161.1
94117.4
94092.2
94082.1
94087
94106.7
94138.8
94184.9
94242.6
94311.9
94393.1
94483.7
94586.4
94703.9
94831.2
94975.5
95133.5
95310.8
95501.7
95710.2
95934.8
96178.5
96440.1
96716.2
97010.4
97310.8
97619.1
97928.1
98227.3
98523.6
98794.8
99051.4
99285.9
99490.3
99680.9
99837.4
99974.5
100094
100188
100275
100357
100415
100477
100540
100582
100625
100658
100656
100638
100602
100481
100304
100145
99991.6
99828.7
99617.3
99366.3
99089.1
98799.6
98442.4
98050.7
97672.1
97384.4
97066.7
96709.5
96484.1
96238.3
96055.9
95894.4
95767.7
95829.4
95660.3
95598.2
95635.2
95764.1
95936
96174.4
96411.6
98063.5
98075.7
98090.7
98106.8
98132.2
98162.6
98199.4
98238.1
98280.3
98326.4
98375.2
98425.3
98476.7
98528.2
98578.2
98628.5
98677.9
98726.8
98774.5
98821.3
98867.2
98911.9
98954.4
98996.4
99037
99074.8
99110
99144.1
99175.5
99204.6
99231.9
99256.2
99277.7
99298
99316.1
99331.3
99343.3
99352.4
99359.4
99363.9
99366
99365.3
99362.3
99356.9
99348.8
99339.5
99327.7
99312.4
99296.5
99278.7
99256.3
99232.1
99203.2
99170.3
99139.2
99107.3
99070.6
99030.5
98988.6
98944.7
98897.9
98847.5
98793.7
98735.5
98674.2
98606.4
98534.9
98460.5
98382
98301.7
98218.9
98131.9
98039
97939.9
97836.1
97729
97618.3
97505.2
97388.8
97269.9
97146.1
97018
96886.3
96751.4
96612
96469.7
96326
96180.4
96032.8
95886.4
95740.2
95593.1
95449.7
95309.8
95171.1
95040.2
94922
94813
94709.3
94611.1
94524.3
94453.3
94400.6
94366.6
94348.5
94345.6
94359.4
94389.1
94431.9
94488.2
94556.6
94637.4
94730.8
94833.6
94949.3
95079.1
95221
95379.7
95554.3
95749.6
95961.4
96193.4
96441.6
96711.4
96997.4
97302.7
97623.1
97953.7
98295.2
98634
98971.8
99300.8
99607.2
99903.5
100167
100408
100625
100805
100971
101108
101221
101331
101417
101487
101566
101626
101673
101725
101752
101746
101734
101680
101541
101386
101243
101112
100940
100704
100434
100124
99819.3
99426.4
99022.7
98640.5
98309.3
97935.6
97564.9
97322.7
97031.8
96846.3
96609.1
96481.5
96462.7
96227.1
96159.3
96154.9
96223.6
96353.4
96567.7
96757.5
98139.5
98136.2
98158.5
98179.7
98213
98244.6
98285.8
98329.3
98375.1
98425.6
98478.4
98532.9
98588.3
98644.5
98700
98754.9
98809.9
98864
98917
98969.3
99021
99070.7
99118.9
99166.4
99211.6
99253.6
99293.9
99333.3
99370.2
99404.5
99436
99464.3
99490.4
99514.6
99536.4
99554.9
99570.5
99583.1
99593.2
99600.3
99604.9
99606.6
99605.6
99602.1
99595.7
99587.2
99576.6
99562
99545.2
99527.8
99505.8
99480.1
99452
99417.2
99380.9
99346
99307.7
99263.9
99217.1
99168.6
99117.6
99062.9
99004.7
98942.6
98875.2
98803.2
98729.8
98648.2
98561.9
98474.9
98386.5
98295.1
98199.1
98097.2
97990.7
97881.3
97768
97652
97534
97414.1
97290.7
97162.9
97032.5
96899.8
96763.4
96624.6
96485
96343.2
96199.8
96059.1
95917.8
95776.2
95637.9
95501.4
95366.3
95241.4
95128.6
95021.9
94919.3
94824.2
94742.9
94679.4
94634.6
94606.4
94593.7
94597.6
94618.4
94655.7
94708.4
94774.2
94853
94945.5
95050.8
95167.3
95296.9
95439.6
95596.7
95769.6
95960.7
96173.2
96405.3
96659.7
96931.8
97226.7
97538.6
97872.8
98219.9
98582.6
98954.4
99325.9
99700.3
100059
100405
100734
101029
101309
101550
101762
101956
102111
102253
102375
102468
102562
102649
102707
102767
102826
102845
102843
102831
102752
102617
102495
102368
102246
102064
101796
101504
101166
100838
100423
99992.6
99594.4
99197.9
98777.8
98407.6
98133.9
97815.2
97618.4
97318.9
97200.5
97065.6
96801.2
96719
96656.1
96685.4
96793.4
96946.5
97098
98177.8
98193.2
98195.2
98232
98266.9
98308.9
98351.7
98401.4
98452.6
98508
98565.2
98624.8
98684.7
98745.1
98805.7
98865
98925.3
98984.3
99042.2
99099.3
99155.7
99210.3
99264
99316.3
99366.4
99414.2
99460.2
99504.2
99545.8
99585.5
99622.2
99655.6
99686.5
99714.6
99740.3
99762.8
99782.1
99798.2
99811.6
99822
99829.3
99833.6
99834.9
99833.6
99829.6
99822.3
99813.1
99800.3
99783.6
99766.1
99745.7
99719.5
99691
99657.1
99617.1
99577.9
99537.9
99492.4
99441.6
99388.4
99333.2
99274.9
99212.6
99146.3
99075
98997.7
98917.5
98835.4
98749
98651.5
98556.3
98459.6
98360.3
98256
98147.5
98035.8
97920.8
97802.5
97682.5
97561.1
97437.9
97310.7
97182
97051.3
96917.6
96782.2
96645.6
96507
96369.2
96233.7
96096.1
95959.6
95824.8
95690.5
95560.9
95442.4
95333.4
95227.9
95127.5
95036.7
94960.4
94902.3
94861.9
94837.9
94830.7
94839.7
94867.2
94910.8
94970.8
95045.7
95133.9
95237.4
95354.2
95484.4
95628.3
95784.9
95957.7
96145
96352.5
96581.6
96833.7
97108.4
97404.7
97723.4
98062.6
98424.2
98799.5
99193.5
99594.1
100000
100406
100796
101181
101539
101872
102186
102455
102705
102921
103099
103266
103399
103511
103626
103713
103779
103853
103910
103926
103935
103917
103815
103702
103615
103501
103374
103183
102887
102564
102202
101840
101403
100939
100506
100049
99599.5
99228.4
98912.9
98581.6
98358.3
98013.6
97896.8
97654.8
97389
97253.7
97149.7
97150.4
97235.3
97310.5
97428
98245.1
98211.6
98244.1
98285.8
98312
98359.9
98406.7
98459.8
98516.5
98576.4
98637.6
98701.5
98766.5
98830.8
98895.5
98959.8
99024.4
99088.8
99151.4
99212.7
99273.6
99333.8
99392.4
99449.3
99505.2
99558.8
99609.8
99658.4
99705.2
99749.9
99791.3
99829.5
99865.3
99898.1
99927.9
99954.3
99977.7
99998
100015
100029
100039
100047
100051
100052
100051
100045
100038
100027
100012
99993.9
99974.7
99949.8
99920.4
99887.6
99847.2
99803.3
99760.5
99714.2
99661.2
99603.7
99544.2
99482
99416.1
99346.3
99271.6
99190.8
99104.7
99016.9
98928.1
98835.5
98729.5
98625.8
98522.9
98416.1
98305.5
98191.9
98075.6
97955.9
97833.6
97710.2
97587.1
97461
97333.5
97204.8
97074
96940.9
96807.6
96673.8
96541.6
96409.7
96275.6
96144.3
96013.7
95882.3
95758.3
95644.2
95536.5
95432.2
95334.6
95247.6
95175.3
95121.3
95084.7
95064.6
95061
95074.5
95107.5
95157.7
95223.6
95306.3
95403.4
95516.2
95643.6
95785.8
95943.1
96114.5
96302.9
96505.5
96729.3
96974.3
97245.9
97539.6
97859.3
98200.8
98567.9
98955.9
99359.9
99781.9
100211
100650
101083
101509
101927
102316
102691
103032
103335
103620
103854
104061
104250
104397
104538
104665
104748
104831
104915
104964
104985
105004
104975
104868
104787
104729
104624
104480
104282
103969
103610
103218
102811
102345
101845
101371
100873
100404
100014
99657.6
99321.6
99052.9
98697.2
98543.5
98226.8
97972.1
97773.8
97637.5
97622.1
97660.6
97669.6
97744.4
98219.8
98236.6
98280.1
98311.3
98349.2
98400.5
98455.1
98508.3
98569.1
98634.6
98700.6
98768.3
98837.1
98905.6
98974.1
99042.4
99111.4
99180.6
99247.4
99313.4
99379.3
99444.4
99507.3
99569.2
99630
99688.5
99744.3
99798
99849.8
99898.9
99945
99988.3
100029
100066
100100
100131
100158
100183
100204
100221
100235
100246
100253
100257
100259
100257
100250
100242
100229
100211
100193
100170
100141
100108
100069
100023
99975.9
99928.1
99874.4
99814.1
99750.3
99684.2
99615
99541.7
99463.9
99380.4
99290.4
99196.8
99102.7
99009.1
98910.4
98798.1
98686.7
98577.8
98465.2
98349.4
98231.2
98110.6
97986.9
97862.2
97738.5
97613.7
97487.3
97360.6
97232.6
97102.3
96973.2
96844.2
96716
96586.6
96456.4
96330.2
96202.9
96075.5
95955.9
95844.7
95738.1
95635.6
95540
95455.9
95388.2
95337.9
95304.5
95286.9
95285.3
95303.2
95340.1
95396.4
95468.8
95558.3
95663.3
95783.9
95920.9
96074
96243.3
96428.2
96631.9
96850.5
97090.4
97351
97640.5
97952.8
98295
98659.2
99052.7
99465
99897.1
100343
100801
101267
101729
102191
102638
103063
103475
103844
104183
104493
104751
104990
105197
105369
105534
105660
105752
105851
105934
105979
106011
106036
105995
105903
105855
105815
105714
105552
105343
105023
104623
104199
103743
103242
102709
102197
101674
101185
100754
100364
100028
99681.1
99366.7
99142.6
98783.4
98523.2
98274
98124.3
98100
98049.8
98024.3
98044.3
98066.4
98162.3
98248.2
98296.7
98363.1
98430.6
98498.7
98550.3
98615.4
98686.3
98757.2
98828.3
98900
98971.7
99043.7
99116
99189.1
99261.9
99332.9
99403.7
99474.2
99543.3
99610.8
99677.3
99742.3
99805.5
99866.3
99924.7
99980.6
100034
100085
100133
100178
100220
100258
100294
100326
100354
100379
100401
100418
100433
100444
100451
100455
100456
100452
100445
100435
100419
100400
100380
100352
100319
100281
100236
100185
100134
100080
100019
99951.5
99881.3
99808.5
99732
99651.5
99565.7
99473.3
99375.3
99275.4
99176
99076.3
98972
98853.4
98738.8
98624.4
98506.6
98386.7
98265.8
98141.8
98016.7
97892.1
97768.7
97643.8
97519.4
97393.9
97267.1
97141.9
97016.3
96891.8
96765.6
96640.5
96517.7
96393
96270.2
96155.1
96046.7
95942
95840.5
95746.4
95665.4
95601.3
95553.2
95521.2
95504.6
95505.2
95526.4
95566.6
95627.4
95705.9
95801.6
95913.3
96042
96187.7
96351.1
96530.7
96727.5
96944.8
97180
97435.7
97711.8
98017.6
98347.9
98711
99098.4
99515.9
99948.8
100407
100875
101360
101851
102343
102836
103312
103775
104217
104613
104989
105318
105608
105878
106106
106306
106482
106607
106716
106824
106896
106944
106991
107016
106969
106906
106888
106854
106752
106578
106345
106021
105575
105123
104614
104077
103524
102975
102436
101920
101447
101036
100676
100280
99990.4
99688.4
99322.7
99033.4
98756.5
98605.7
98549.4
98403.8
98351.7
98327.7
97737.3
98067
98212.3
98282
98369.2
98452.7
98529.9
98592.2
98659.8
98731.8
98806
98881
98955.5
99030
99105.2
99181.3
99257.7
99333.8
99409
99483.8
99558.1
99631.1
99703.3
99773.9
99843.3
99911
99976
100038
100099
100157
100212
100265
100314
100361
100404
100444
100480
100513
100542
100567
100589
100607
100622
100633
100640
100643
100643
100638
100630
100616
100598
100579
100554
100521
100484
100440
100388
100333
100278
100216
100147
100073
99996.7
99917
99833.6
99745.8
99651.9
99551.6
99446.9
99341.9
99237.4
99131.2
99021.1
98897
98781.7
98662.9
98542.1
98420.6
98297.2
98172.5
98048.1
97926
97802.8
97680.8
97557.9
97434.6
97312.6
97190.1
97069.3
96947.4
96826.9
96706.9
96584.8
96466.5
96355.6
96249.8
96147.2
96047.1
95954.3
95875.9
95813.6
95766.8
95735.3
95719.4
95722
95745.7
95789.7
95853.7
95936.7
96037.3
96154.6
96290.9
96444.8
96617.3
96806.2
97014.2
97243.1
97493.7
97765.1
98056.4
98377.3
98725.3
99107.2
99516.2
99954.5
100407
100886
101377
101885
102401
102921
103443
103947
104444
104911
105336
105743
106095
106420
106720
106969
107193
107370
107502
107628
107734
107796
107854
107911
107930
107888
107860
107862
107826
107717
107538
107274
106937
106452
105970
105403
104841
104280
103691
103134
102597
102091
101662
101258
100839
100561
100187
99827.2
99497.1
99218.4
99058.7
98926.6
98739.1
98637.3
98598.1
97356.9
98128.6
98229.1
98298.2
98379.2
98466.1
98555.2
98628.7
98697.8
98769.4
98845.7
98924.4
99002.4
99079.6
99157.3
99236.1
99315.4
99394.4
99473
99551.3
99629
99705.9
99781.8
99856.3
99929.5
100001
100070
100136
100201
100263
100323
100380
100434
100485
100532
100576
100617
100654
100687
100716
100742
100764
100782
100797
100807
100813
100815
100813
100807
100796
100780
100761
100738
100708
100670
100628
100577
100520
100461
100399
100330
100254
100174
100091
100005
99914.7
99820.1
99718.5
99611.2
99501.5
99392.1
99282.4
99171.8
99055.4
98931.5
98812.5
98691.4
98569.9
98447.6
98324
98200.8
98079.8
97958.6
97839.2
97718.9
97599
97479.7
97360.8
97243.7
97125.6
97009.2
96892.6
96774.3
96660.1
96552.5
96448.7
96347.5
96249.7
96158.3
96081.1
96020.4
95974.5
95943.1
95927.7
95931.9
95957.5
96005.5
96072.2
96158
96262.1
96384.7
96526.4
96687.5
96867.9
97065.5
97283.7
97523
97785.9
98071.6
98378.2
98712.9
99077.6
99476.6
99903.9
100358
100829
101327
101839
102368
102908
103451
103998
104531
105053
105542
105998
106429
106811
107172
107495
107765
108004
108180
108324
108461
108558
108619
108690
108748
108753
108728
108733
108746
108703
108583
108398
108110
107753
107238
106720
106110
105527
104950
104320
103756
103198
102672
102223
101765
101349
101063
100625
100263
99910.5
99645
99456.5
99225.7
99050.4
98888.5
98847.5
97343.6
98145.9
98255.8
98351.9
98403.3
98474.6
98577.9
98660.6
98732.3
98804.7
98882.1
98962.8
99043.4
99123.4
99204
99285.4
99367.1
99449
99531
99612.8
99694.1
99774.5
99853.8
99931.9
100009
100084
100157
100228
100296
100363
100427
100489
100547
100602
100653
100702
100746
100787
100825
100858
100888
100914
100936
100954
100967
100977
100982
100982
100979
100971
100956
100938
100917
100889
100853
100810
100762
100704
100642
100578
100509
100432
100349
100263
100174
100082
99985.7
99883.4
99775
99662.2
99548.7
99435
99321.4
99205.2
99080.5
98961.7
98841.2
98720.5
98599.2
98477.5
98355.9
98236
98117.3
98000.3
97882.7
97766
97649.8
97535.2
97421.6
97307.4
97195.3
97081.8
96967.2
96857.2
96752.4
96650.4
96550.3
96453.7
96363.8
96288.3
96229.2
96183.7
96152.1
96137.4
96143.4
96171.2
96221.8
96290.6
96378.4
96485.3
96612.5
96758.2
96924.6
97112
97317.7
97544.8
97793.6
98066.6
98364.8
98686
99034.8
99414.4
99828.2
100271
100738
101228
101741
102272
102819
103381
103945
104513
105071
105615
106125
106610
107068
107481
107874
108214
108500
108746
108926
109082
109219
109310
109376
109456
109504
109495
109490
109522
109536
109485
109355
109156
108858
108477
107936
107377
106734
106136
105524
104870
104295
103722
103180
102706
102210
101813
101486
101014
100648
100279
100022
99787.9
99495.2
99326.1
99134
99076.2
97770.7
98110.1
98280.9
98387.1
98431.3
98502.5
98604.6
98692.2
98766
98842.4
98922.5
99004.4
99086.3
99168.7
99252.1
99336.4
99421
99506.2
99591.9
99677.1
99761.8
99845.9
99928.9
100011
100092
100171
100249
100324
100397
100469
100537
100603
100666
100726
100782
100835
100885
100930
100972
101010
101045
101075
101101
101123
101140
101153
101162
101165
101164
101159
101147
101130
101110
101085
101050
101008
100961
100905
100841
100773
100703
100626
100541
100452
100359
100264
100165
100062
99952.8
99838.5
99722.2
99604.8
99487.2
99369.1
99249.9
99125.3
99005
98885.4
98765.9
98646.4
98526.9
98409
98292.6
98178
98063.2
97950.2
97838
97727.8
97617.8
97508.4
97400.5
97290.1
97179
97074
96971.6
96871
96771.9
96676.1
96587.8
96514.8
96456.1
96409.5
96377
96363.6
96371.9
96401.9
96453.4
96523.8
96613.3
96722.5
96852.6
97002
97171.6
97363.5
97576.3
97810.6
98067.7
98350.5
98658.9
98994.1
99356.6
99749.7
100176
100631
101111
101617
102145
102692
103256
103836
104418
105007
105586
106144
106682
107191
107678
108124
108538
108892
109187
109435
109623
109785
109913
110003
110080
110155
110180
110169
110181
110223
110233
110172
110036
109820
109519
109113
108549
107951
107278
106658
106012
105348
104740
104168
103616
103111
102597
102214
101829
101365
101000
100615
100347
100076
99779.3
99579.6
99398.5
99291.4
98224.7
98181.6
98315.7
98396.2
98458.8
98553.9
98650.7
98729.8
98801.7
98882.6
98965.9
99049.2
99132.4
99216.6
99302.1
99388.9
99477
99565.6
99654.6
99743.3
99831.7
99919.7
100007
100093
100178
100263
100345
100425
100504
100580
100654
100725
100793
100858
100920
100978
101033
101083
101130
101173
101213
101248
101278
101304
101326
101343
101355
101362
101364
101362
101353
101338
101319
101296
101264
101224
101176
101122
101059
100988
100914
100835
100751
100659
100562
100463
100361
100256
100146
100031
99912.6
99792.8
99672.1
99551.6
99431.6
99308.3
99185.9
99067.9
98950.7
98833.2
98716.5
98600.7
98486.7
98375.2
98263.5
98154.6
98047.2
97941.2
97835.6
97730.7
97626.9
97520.5
97413.9
97313
97212.7
97113.6
97016
96920.9
96834.1
96762.7
96703
96654.6
96621.7
96609.7
96620.2
96652.3
96703.8
96775
96865.5
96976.1
97107.8
97260
97430.6
97624.6
97841.7
98081.6
98344.7
98636.2
98953.8
99301.1
99675.6
100080
100518
100984
101474
101993
102533
103094
103672
104267
104866
105470
106069
106638
107203
107743
108250
108726
109151
109514
109816
110063
110254
110411
110535
110622
110704
110762
110764
110761
110782
110815
110814
110746
110603
110377
110072
109654
109058
108426
107735
107083
106417
105747
105094
104524
103975
103444
102921
102553
102114
101672
101297
100922
100636
100329
100048
99808.7
99633.1
99478.5
98407.5
98259.2
98332.8
98385.8
98480.5
98595.1
98689.1
98764.6
98839
98920.2
99005.1
99090.6
99176.4
99263.3
99352.5
99441.1
99533
99625.4
99718.1
99810.9
99903.6
99996
100088
100179
100269
100358
100446
100532
100616
100698
100777
100853
100927
100998
101066
101130
101190
101246
101299
101348
101393
101433
101469
101500
101526
101548
101564
101575
101581
101581
101576
101564
101546
101524
101496
101457
101410
101356
101294
101224
101146
101064
100978
100885
100786
100682
100575
100467
100356
100241
100121
100000
99877.7
99755.4
99634.3
99514
99387.6
99271
99156.5
99041.2
98927.2
98813.6
98702.5
98594.7
98486.7
98382.6
98279.9
98178.5
98077.7
97977.4
97878.1
97776.2
97674.3
97576.6
97479.6
97382.3
97285.5
97190.5
97104.8
97033.7
96972.5
96922.9
96890.3
96879.4
96891.7
96925.6
96976.8
97048
97138.7
97249.9
97381.8
97533.6
97703.5
97897.2
98116
98359.5
98626.8
98923.1
99248.4
99604.9
99988.3
100404
100849
101323
101826
102356
102903
103476
104063
104668
105283
105895
106510
107098
107682
108251
108777
109270
109703
110067
110373
110619
110812
110956
111074
111155
111221
111256
111252
111250
111273
111286
111265
111189
111043
110811
110499
110068
109458
108792
108090
107412
106733
106058
105368
104795
104253
103695
103194
102823
102335
101917
101527
101176
100875
100521
100249
99993.6
99788.9
99617.7
98434.1
98339.4
98377.8
98424.4
98516.5
98627.4
98719.7
98797.4
98874.3
98956.9
99043.1
99130.7
99220
99309.3
99402
99495.2
99590.1
99686.1
99782.9
99880
99977.2
100074
100171
100268
100363
100458
100551
100643
100732
100820
100905
100988
101068
101146
101220
101290
101357
101420
101479
101535
101585
101632
101673
101710
101741
101768
101789
101805
101815
101818
101817
101809
101792
101772
101746
101710
101665
101611
101550
101480
101402
101317
101226
101131
101031
100924
100813
100700
100585
100469
100349
100227
100104
99981.5
99859.8
99740.9
99625.7
99499.8
99386
99272.6
99161.7
99050.8
98943.3
98839.1
98736
98637.1
98539.2
98442.9
98347.4
98252.5
98158
98060.5
97963.9
97870.4
97776
97680
97583.4
97488.5
97403.8
97332.5
97269.3
97218.5
97186.9
97177.1
97189.7
97223.6
97274.8
97345.6
97436
97546.9
97677.4
97825.7
97993.2
98182.7
98399.9
98645.1
98915.1
99213.9
99542.5
99904.4
100294
100717
101169
101649
102160
102695
103250
103829
104424
105035
105661
106281
106903
107515
108118
108704
109241
109745
110177
110546
110843
111085
111284
111417
111517
111587
111622
111632
111632
111628
111636
111621
111575
111489
111344
111109
110791
110346
109740
109041
108328
107633
106951
106271
105572
104978
104430
103855
103387
102984
102477
102101
101693
101356
101041
100678
100384
100135
99916.9
99752.3
98417.5
98421.4
98451.6
98506.3
98584.3
98668.9
98749.2
98828.1
98909.4
98993.6
99079.9
99169.3
99260.7
99354.2
99450
99547.2
99645.8
99745.9
99847
99948.6
100051
100153
100255
100357
100458
100559
100658
100756
100852
100947
101039
101129
101216
101301
101382
101460
101534
101605
101671
101733
101791
101844
101892
101935
101973
102005
102032
102053
102068
102076
102077
102073
102060
102041
102016
101984
101942
101890
101828
101759
101681
101595
101501
101402
101298
101189
101075
100958
100839
100719
100598
100475
100353
100230
100108
99989.9
99874.8
99760.8
99639
99529.1
99422.4
99315.1
99212.1
99111.5
99014.2
98921.6
98829.4
98738.5
98649.2
98560.7
98471.1
98377.9
98287.7
98198.5
98105.3
98010.1
97914
97819.3
97736
97663.7
97597.3
97545.7
97516
97506.8
97517.9
97548.9
97599.2
97669.2
97758.8
97867.7
97994.6
98138.1
98300.4
98483.9
98694.4
98936.8
99208.2
99508.4
99839.1
100201
100592
101019
101473
101962
102476
103011
103565
104146
104745
105359
105994
106615
107245
107878
108494
109089
109629
110139
110566
110934
111226
111447
111646
111775
111852
111900
111904
111887
111891
111879
111850
111808
111738
111643
111495
111267
110941
110491
109891
109158
108449
107737
107062
106380
105689
105069
104499
103937
103495
103068
102590
102219
101810
101496
101169
100811
100493
100248
100047
99902
98393.9
98433.7
98486.9
98550.4
98623.2
98695.6
98769.8
98847.1
98931.7
99018.5
99107.5
99199.2
99293.3
99389.9
99488.7
99589.4
99691.7
99795.5
99900.5
100007
100113
100220
100328
100435
100542
100648
100753
100857
100960
101061
101160
101257
101351
101443
101531
101616
101698
101776
101849
101919
101984
102043
102098
102148
102192
102231
102263
102289
102310
102323
102328
102327
102319
102302
102279
102249
102211
102161
102101
102031
101953
101867
101772
101671
101564
101451
101336
101217
101094
100971
100847
100723
100600
100479
100358
100240
100126
100016
99908
99792.5
99689.3
99586.4
99488.1
99392.5
99301.9
99216.2
99130.1
99045.6
98963.3
98881.5
98797.5
98709.7
98625.3
98539.5
98448.6
98355.3
98259.4
98165
98083.9
98011.2
97942.1
97890
97862.1
97852.7
97860.1
97886
97933.1
98000.5
98087
98191.5
98313
98451.1
98608.7
98787
98991.2
99224.9
99493.2
99792.9
100125
100486
100876
101303
101757
102246
102757
103289
103841
104422
105016
105636
106264
106889
107530
108171
108791
109387
109934
110435
110854
111204
111508
111709
111894
112019
112068
112088
112069
112025
112004
111977
111919
111847
111752
111645
111493
111275
110941
110497
109890
109146
108452
107724
107060
106380
105705
105076
104485
103963
103555
103088
102648
102271
101883
101593
101247
100887
100587
100336
100139
100014
98383.1
98434.8
98495
98564.4
98637.9
98710.6
98785.5
98863.7
98948.8
99037.3
99128.5
99222.5
99319.2
99418.6
99520.2
99624
99729.6
99837.1
99945.9
100056
100167
100279
100391
100503
100616
100727
100839
100949
101058
101165
101271
101375
101476
101575
101670
101763
101852
101937
102018
102094
102166
102233
102295
102352
102402
102447
102486
102518
102543
102562
102572
102575
102571
102558
102536
102508
102473
102426
102368
102300
102223
102136
102042
101939
101829
101714
101597
101475
101351
101226
101100
100974
100850
100728
100609
100493
100380
100273
100168
100065
99960.9
99863
99770.9
99681.9
99599.7
99521
99441.1
99364.5
99290
99215.5
99137.5
99056
98977.4
98894.9
98806.5
98714.5
98618.6
98525.6
98446.9
98374.7
98301.8
98252.9
98224.3
98210.5
98213.7
98234
98275.3
98336.4
98414.9
98512.8
98626.6
98759.5
98912.8
99087.3
99287.4
99514.5
99772.4
100068
100396
100755
101146
101567
102020
102501
103002
103521
104075
104645
105240
105857
106472
107108
107742
108386
109004
109587
110131
110608
111025
111351
111650
111854
112008
112113
112140
112132
112092
112025
111968
111922
111833
111716
111600
111479
111325
111108
110772
110337
109733
109003
108316
107586
106929
106257
105606
104980
104402
103918
103494
102990
102591
102250
101876
101584
101237
100897
100623
100387
100190
100096
98376
98434.6
98497.2
98565.8
98640
98716.1
98794.2
98875.1
98960.9
99051
99144.5
99241.1
99340.7
99443.2
99548.3
99655.9
99765.5
99877.2
99990.6
100106
100222
100339
100457
100575
100693
100811
100929
101046
101163
101277
101391
101502
101611
101718
101822
101923
102020
102113
102203
102288
102368
102443
102513
102577
102636
102688
102733
102772
102803
102827
102843
102851
102850
102842
102824
102797
102763
102720
102667
102600
102523
102437
102343
102240
102128
102011
101890
101766
101640
101513
101386
101259
101134
101011
100892
100777
100667
100562
100459
100363
100268
100174
100091
100012
99939.1
99866.7
99794.2
99727.5
99661.3
99594
99522.6
99448.1
99375.5
99296.1
99209.4
99118.3
99022.8
98932.5
98856
98780.1
98710.2
98660.8
98627.5
98606.1
98601.9
98614.3
98645.8
98695.2
98761.4
98849.1
98954.3
99080.1
99227.1
99396
99590.9
99811.9
100062
100345
100663
101014
101400
101814
102257
102723
103210
103721
104265
104821
105413
106011
106622
107254
107879
108516
109112
109680
110209
110665
111084
111397
111654
111861
111969
112037
112054
112018
111955
111870
111776
111690
111570
111425
111290
111149
110985
110760
110439
110011
109429
108728
108040
107324
106669
106016
105379
104768
104231
103778
103295
102836
102480
102129
101791
101498
101160
100851
100604
100392
100212
100155
98362.7
98423
98488.3
98558.1
98632.1
98710
98791.2
98875.3
98963.4
99056.3
99152.8
99252.8
99356
99462.3
99571.6
99683.4
99797.7
99914.3
100033
100153
100275
100398
100522
100647
100772
100898
101023
101148
101272
101396
101518
101638
101756
101872
101986
102096
102203
102306
102405
102499
102589
102674
102753
102827
102894
102954
103008
103054
103093
103123
103146
103159
103163
103159
103146
103122
103089
103048
102997
102935
102861
102775
102680
102577
102465
102346
102223
102096
101967
101837
101709
101581
101456
101333
101215
101101
100994
100892
100795
100705
100618
100539
100462
100392
100327
100260
100197
100142
100085
100025
99960.8
99894.6
99827.8
99750
99665
99575.3
99480.8
99392.6
99319.3
99240
99172.9
99121.7
99079
99047.4
99031.9
99031
99047.7
99083.1
99138.3
99212.1
99307.9
99421.6
99558.6
99717.6
99903
100115
100356
100626
100928
101265
101636
102037
102464
102911
103377
103880
104405
104950
105526
106107
106701
107312
107932
108536
109107
109663
110181
110624
111020
111332
111541
111726
111811
111829
111822
111756
111654
111544
111420
111290
111149
110983
110816
110651
110472
110241
109938
109519
108966
108310
107624
106936
106282
105648
105041
104461
103948
103510
103050
102647
102323
101938
101665
101362
101029
100761
100542
100340
100185
100160
98332.8
98395.1
98462.6
98534.5
98610.1
98690.1
98774
98861.2
98953.1
99049.4
99149.6
99253.5
99360.9
99471.5
99585.4
99702.3
99821.8
99943.9
100068
100195
100323
100454
100585
100717
100851
100985
101119
101253
101386
101519
101651
101782
101910
102037
102161
102283
102400
102515
102625
102731
102832
102927
103017
103101
103179
103249
103312
103367
103414
103453
103482
103502
103513
103513
103504
103485
103455
103415
103366
103307
103237
103155
103061
102956
102843
102725
102600
102472
102340
102208
102077
101949
101823
101701
101584
101473
101368
101271
101181
101098
101020
100950
100883
100822
100765
100708
100662
100620
100572
100520
100463
100405
100343
100267
100184
100096
100003
99920.5
99842.1
99762.7
99696.3
99639.4
99584.9
99540.9
99509
99489.9
99491.8
99516.5
99558.8
99617.5
99697.1
99794.3
99913.4
100058
100230
100427
100654
100910
101192
101509
101857
102235
102636
103060
103508
103992
104493
105020
105569
106125
106696
107283
107878
108444
108994
109525
110020
110445
110794
111092
111285
111427
111505
111484
111430
111339
111203
111061
110914
110746
110562
110364
110173
109990
109796
109557
109258
108864
108343
107739
107073
106426
105777
105156
104598
104056
103570
103122
102728
102358
102064
101722
101489
101172
100867
100639
100433
100242
100131
100152
98282.7
98346.7
98416
98490.1
98568.4
98651.4
98739
98826.4
98922.9
99023.8
99128.8
99237.7
99350
99466
99585.3
99707.9
99833.6
99962.1
100093
100227
100363
100501
100641
100782
100925
101068
101212
101356
101500
101643
101787
101929
102071
102210
102347
102481
102612
102739
102862
102981
103095
103203
103306
103402
103492
103574
103648
103714
103770
103818
103856
103884
103902
103909
103905
103890
103865
103828
103780
103723
103655
103576
103485
103384
103272
103152
103026
102897
102764
102631
102499
102371
102246
102125
102010
101902
101802
101710
101627
101552
101483
101423
101366
101316
101271
101234
101205
101171
101131
101086
101039
100990
100931
100858
100779
100693
100605
100525
100444
100364
100293
100224
100156
100096
100044
100010
100003
100014
100037
100075
100132
100206
100300
100423
100574
100753
100959
101191
101451
101743
102063
102409
102779
103172
103594
104049
104519
105020
105529
106054
106594
107150
107700
108230
108752
109246
109699
110093
110402
110662
110846
110941
110988
110951
110862
110747
110589
110405
110214
110015
109801
109585
109377
109172
108961
108711
108402
108045
107567
107016
106394
105792
105165
104575
104043
103551
103105
102684
102312
102016
101729
101449
101212
100919
100666
100474
100288
100142
100070
100141
98204.2
98269.8
98341
98417.8
98499.6
98586.4
98673.1
98769.1
98869.9
98975.3
99085.1
99198.9
99316.7
99438.6
99564.3
99693.6
99826.4
99962.5
100102
100244
100388
100536
100685
100836
100989
101144
101299
101456
101612
101770
101926
102081
102236
102389
102540
102688
102834
102976
103115
103248
103377
103501
103618
103729
103833
103928
104016
104094
104163
104222
104271
104308
104334
104349
104351
104342
104321
104288
104244
104188
104122
104044
103957
103859
103751
103634
103509
103379
103247
103114
102983
102855
102732
102614
102502
102398
102305
102220
102146
102080
102023
101975
101932
101899
101871
101849
101828
101797
101767
101739
101702
101661
101604
101536
101464
101382
101298
101221
101136
101054
100974
100892
100808
100729
100663
100620
100597
100580
100573
100586
100615
100660
100724
100816
100940
101093
101269
101470
101700
101959
102246
102556
102893
103245
103635
104046
104477
104935
105404
105893
106383
106901
107393
107879
108366
108817
109219
109569
109854
110071
110227
110291
110292
110244
110128
109968
109776
109554
109337
109123
108887
108652
108424
108200
107973
107711
107397
107056
106634
106137
105585
105034
104458
103927
103433
102994
102591
102231
101900
101668
101372
101122
100864
100623
100428
100276
100135
100040
99991.9
100106
98085.4
98153.8
98228
98308.8
98391.7
98481.7
98576.9
98677.8
98783.8
98894.5
99009.8
99129.7
99254
99382.7
99515.5
99652.5
99793.5
99938.2
100086
100238
100393
100550
100710
100873
101038
101205
101373
101543
101713
101885
102056
102227
102397
102566
102733
102898
103061
103221
103377
103529
103675
103816
103951
104079
104199
104311
104415
104508
104591
104664
104725
104774
104811
104834
104845
104843
104828
104800
104759
104706
104641
104566
104480
104385
104280
104167
104048
103922
103793
103662
103533
103408
103287
103173
103067
102971
102886
102811
102747
102693
102651
102617
102591
102574
102559
102549
102536
102521
102510
102492
102462
102425
102373
102314
102251
102175
102099
102023
101933
101845
101753
101657
101559
101467
101388
101322
101260
101202
101164
101148
101144
101154
101184
101241
101330
101445
101585
101748
101936
102154
102398
102667
102959
103258
103606
103960
104350
104755
105184
105605
106062
106517
106949
107396
107831
108227
108582
108892
109140
109316
109430
109474
109444
109362
109207
109008
108798
108564
108319
108068
107812
107562
107318
107086
106842
106569
106251
105926
105549
105115
104649
104164
103664
103215
102800
102417
102071
101762
101499
101243
100986
100763
100512
100322
100171
100058
99963.1
99909.5
99913.8
100050
97917.8
97986.4
98064.2
98149.3
98239.4
98334.8
98435.7
98542.2
98653.9
98770.8
98892.8
99019.7
99151.6
99288.3
99429.6
99575.3
99725.5
99880
100038
100201
100367
100536
100708
100884
101062
101243
101426
101611
101797
101984
102172
102360
102549
102736
102923
103108
103290
103469
103645
103817
103984
104145
104300
104448
104588
104719
104840
104952
105052
105141
105217
105280
105329
105365
105386
105393
105385
105363
105327
105278
105216
105142
105058
104964
104861
104752
104637
104517
104394
104270
104147
104028
103915
103809
103712
103626
103551
103488
103437
103398
103370
103351
103343
103341
103342
103348
103352
103355
103357
103345
103327
103300
103259
103215
103161
103095
103020
102931
102842
102751
102646
102537
102427
102319
102208
102096
101987
101893
101823
101766
101720
101690
101682
101697
101740
101808
101900
102015
102154
102320
102512
102728
102962
103215
103502
103794
104129
104481
104837
105198
105616
105988
106374
106774
107143
107485
107790
108049
108247
108378
108449
108463
108411
108289
108111
107903
107678
107425
107143
106864
106603
106342
106086
105845
105583
105298
104981
104678
104336
103968
103596
103201
102801
102448
102103
101794
101510
101242
101010
100764
100557
100367
100176
100025
99909.3
99828.7
99772.1
99766.2
99824.2
99989.8
97683
97760.8
97844.5
97934.5
98030.2
98131.8
98239
98352
98470.6
98594.8
98724.6
98859.7
99000
99145.6
99296.3
99452
99612.5
99777.6
99947.4
100122
100300
100483
100669
100859
101053
101249
101448
101649
101853
102058
102265
102472
102680
102888
103095
103302
103506
103708
103907
104102
104292
104476
104655
104825
104988
105141
105285
105417
105537
105645
105739
105819
105884
105933
105967
105985
105987
105973
105944
105900
105842
105772
105689
105597
105496
105388
105276
105160
105043
104927
104813
104704
104601
104507
104423
104349
104289
104241
104205
104184
104174
104174
104185
104199
104221
104245
104266
104287
104303
104307
104309
104301
104280
104255
104214
104158
104083
103988
103889
103784
103667
103544
103414
103272
103116
102960
102815
102686
102562
102450
102355
102279
102221
102183
102170
102182
102215
102272
102353
102458
102588
102739
102910
103101
103319
103555
103815
104097
104368
104690
105045
105327
105679
105999
106304
106588
106837
107042
107198
107296
107335
107316
107235
107085
106897
106679
106421
106139
105851
105571
105289
105009
104752
104498
104215
103921
103615
103330
103024
102716
102434
102158
101886
101627
101353
101121
100894
100678
100477
100302
100125
99958.6
99830.4
99718.5
99641.2
99600.3
99585.2
99623
99723.1
99921.1
97399.1
97483.6
97573.9
97670.4
97773
97881.5
97996
98116.4
98242.7
98375
98513.1
98656.9
98806.3
98961.3
99121.9
99287.8
99459
99635.5
99816.9
100003
100194
100390
100590
100794
101003
101215
101430
101649
101870
102093
102319
102546
102774
103003
103232
103460
103687
103912
104135
104353
104568
104777
104979
105174
105361
105538
105704
105859
106001
106130
106244
106343
106425
106491
106539
106570
106584
106580
106560
106523
106471
106405
106327
106237
106139
106033
105923
105811
105698
105588
105481
105381
105289
105207
105136
105078
105034
105004
104989
104987
104997
105019
105051
105088
105133
105179
105225
105273
105312
105346
105376
105390
105394
105390
105364
105320
105240
105137
105025
104902
104770
104623
104465
104286
104096
103905
103717
103529
103342
103176
103028
102894
102775
102675
102602
102550
102519
102512
102526
102562
102623
102704
102804
102923
103065
103226
103410
103612
103832
104081
104330
104582
104865
105104
105346
105570
105766
105929
106046
106108
106120
106080
105980
105818
105617
105379
105090
104793
104500
104198
103886
103601
103339
103063
102758
102461
102173
101902
101637
101386
101177
101028
100901
100743
100572
100413
100248
100099
99952.6
99822.5
99683.6
99545.6
99453.4
99385
99343.5
99356.5
99388.7
99470.8
99615.3
99844.1
97111.7
97203.1
97300.3
97403.5
97512.9
97628.4
97750
97877.6
98011.3
98151.1
98297
98448.8
98606.5
98770
98939.3
99114.4
99295.1
99481.3
99673
99870
100072
100279
100491
100708
100929
101155
101384
101617
101854
102093
102335
102579
102825
103072
103320
103567
103814
104060
104303
104543
104779
105009
105233
105450
105659
105857
106045
106221
106383
106531
106664
106780
106880
106961
107024
107068
107093
107100
107089
107060
107015
106955
106881
106796
106701
106599
106492
106384
106275
106169
106068
105975
105891
105820
105762
105719
105690
105678
105682
105700
105734
105779
105835
105901
105973
106046
106125
106202
106270
106336
106390
106428
106453
106462
106451
106414
106344
106239
106106
105962
105807
105630
105439
105231
105009
104776
104538
104300
104066
103846
103643
103450
103270
103113
102980
102867
102774
102704
102654
102625
102618
102631
102662
102710
102781
102877
102989
103123
103274
103452
103645
103841
104031
104218
104411
104590
104741
104861
104946
104983
104972
104913
104797
104630
104426
104181
103882
103568
103250
102921
102601
102310
102023
101713
101397
101101
100823
100572
100346
100154
100012
99954.2
99954.8
99903.6
99830.4
99751.5
99655.5
99579.8
99484
99377.9
99282.5
99182.1
99120.6
99087
99075.9
99130.5
99202.8
99325.9
99512.4
99768.7
96854.8
96952.8
97056.4
97165.9
97281.6
97403.3
97531.1
97665
97805.2
97951.4
98103.9
98262.4
98427
98597.7
98774.3
98956.8
99145.2
99339.4
99539.3
99744.8
99955.8
100172
100394
100620
100852
101088
101329
101573
101821
102073
102329
102586
102846
103108
103370
103634
103896
104158
104418
104675
104928
105176
105418
105652
105879
106095
106300
106493
106672
106837
106985
107117
107230
107325
107400
107456
107492
107508
107505
107484
107446
107391
107323
107242
107151
107053
106949
106844
106739
106637
106542
106456
106381
106319
106272
106240
106227
106231
106252
106291
106346
106415
106496
106588
106686
106787
106894
106995
107090
107181
107256
107313
107352
107374
107369
107339
107282
107180
107040
106871
106687
106486
106263
106022
105766
105498
105226
104950
104675
104405
104154
103912
103679
103470
103284
103118
102972
102847
102741
102656
102591
102546
102518
102511
102524
102560
102616
102693
102789
102915
103042
103177
103319
103464
103615
103756
103873
103974
104037
104064
104039
103963
103835
103658
103450
103200
102896
102571
102236
101894
101569
101261
100938
100603
100279
99983.4
99711
99478.7
99286.7
99148.6
99077.5
99086.1
99174.7
99211.8
99211
99197.7
99161.9
99136.8
99105.7
99034.2
98971.2
98902.4
98866.6
98854.8
98877.4
98958.6
99057.5
99208.1
99425.2
99704.8
96635.7
96739.3
96848.7
96963.8
97085
97212.2
97345.5
97484.8
97630.4
97782.1
97940
98104.1
98274.4
98450.7
98633.2
98821.8
99016.4
99216.9
99423.4
99635.6
99853.5
100077
100306
100541
100780
101025
101274
101527
101785
102047
102312
102580
102851
103124
103398
103673
103948
104223
104496
104766
105033
105294
105551
105800
106040
106271
106490
106697
106890
107067
107229
107372
107498
107603
107689
107754
107799
107824
107828
107813
107781
107732
107668
107591
107504
107409
107309
107207
107106
107009
106920
106839
106771
106717
106680
106660
106659
106678
106716
106773
106847
106938
107040
107154
107273
107400
107528
107651
107769
107879
107971
108042
108096
108127
108123
108099
108045
107953
107812
107629
107421
107193
106942
106677
106391
106093
105792
105483
105173
104865
104570
104289
104015
103761
103528
103316
103125
102954
102801
102668
102558
102466
102392
102339
102305
102288
102302
102329
102379
102451
102533
102628
102737
102848
102965
103076
103173
103258
103313
103328
103291
103205
103072
102888
102673
102418
102111
101780
101437
101087
100750
100419
100064
99716.2
99388.7
99088.6
98819.4
98603.1
98439.8
98348.4
98335
98403.4
98549.7
98656.6
98714.5
98751.4
98764.1
98767.8
98802.5
98763.3
98731.5
98688.5
98665.6
98666.5
98718.9
98819
98939.5
99113.4
99353.8
99650.8
96457.2
96565.1
96679.1
96798.9
96924.7
97056.4
97194.1
97338
97488
97644.2
97806.6
97975.3
98150.1
98331.1
98518.2
98711.5
98911
99116.5
99327.9
99545.4
99768.8
99997.9
100233
100473
100719
100970
101225
101486
101751
102020
102293
102569
102848
103129
103413
103697
103982
104266
104549
104830
105107
105380
105646
105906
106157
106399
106629
106847
107051
107239
107411
107564
107699
107814
107908
107981
108033
108064
108075
108065
108037
107993
107933
107860
107776
107684
107588
107489
107392
107299
107214
107139
107076
107030
107001
106991
107001
107032
107083
107156
107246
107353
107474
107605
107744
107889
108035
108177
108313
108436
108542
108629
108692
108726
108728
108705
108651
108561
108422
108240
108016
107764
107495
107209
106899
106570
106239
105906
105569
105231
104902
104590
104285
103994
103722
103469
103240
103032
102844
102675
102527
102397
102285
102195
102126
102071
102042
102032
102041
102071
102122
102191
102275
102360
102450
102540
102626
102700
102751
102756
102711
102617
102478
102289
102069
101807
101498
101166
100817
100460
100110
99755.7
99382.9
99026.4
98695.5
98390.3
98122.7
97915.4
97780.6
97733.5
97767
97876.5
98058.1
98223.4
98326.3
98409.5
98463.6
98506.7
98567.3
98551.5
98542.9
98521.5
98503.2
98521
98597
98708.1
98845.3
99039.8
99298.2
99606.9
96317.9
96429
96546.1
96669.3
96798.6
96934
97075.3
97222.7
97376.3
97536
97701.9
97874
98052.5
98237.1
98427.8
98624.8
98827.9
99037.3
99252.7
99474.1
99701.5
99934.9
100174
100419
100669
100925
101186
101451
101721
101996
102275
102557
102842
103130
103420
103711
104003
104295
104585
104873
105159
105439
105714
105983
106242
106492
106732
106958
107170
107366
107546
107707
107849
107971
108072
108151
108209
108245
108260
108255
108231
108190
108133
108063
107982
107893
107799
107703
107609
107520
107438
107367
107309
107269
107247
107245
107264
107304
107367
107451
107555
107676
107811
107956
108109
108268
108427
108583
108730
108865
108986
109083
109149
109187
109197
109178
109126
109030
108891
108707
108478
108213
107925
107619
107295
106946
106588
106235
105875
105515
105160
104819
104490
104168
103866
103586
103330
103092
102873
102675
102499
102340
102201
102081
101983
101904
101836
101799
101778
101778
101804
101851
101917
101985
102057
102130
102207
102274
102326
102324
102270
102173
102030
101836
101609
101343
101032
100699
100348
99984.2
99620.6
99244.5
98866.2
98505.5
98168
97856.9
97588.3
97390.4
97282
97275.2
97349.2
97484.9
97687.8
97891.8
98030.1
98154.8
98243.1
98325.5
98391
98390.9
98395.2
98386.7
98376.3
98417.6
98510.7
98626.7
98775.5
98985.3
99256.6
99572.4
96212.8
96326.5
96446.1
96571.6
96703.3
96841.1
96985.1
97135.2
97291.5
97453.9
97622.5
97797.3
97978.5
98165.8
98359.3
98559
98765
98977.1
99195.4
99419.9
99650.5
99887
100129
100377
100631
100891
101155
101424
101699
101977
102260
102546
102836
103129
103424
103720
104018
104315
104611
104904
105195
105482
105763
106037
106304
106560
106806
107038
107257
107460
107645
107812
107960
108087
108192
108276
108338
108378
108397
108395
108374
108336
108281
108213
108135
108047
107956
107862
107770
107684
107605
107537
107484
107448
107432
107435
107461
107509
107581
107673
107787
107919
108064
108219
108382
108551
108721
108887
109043
109190
109320
109421
109491
109533
109549
109537
109487
109388
109242
109053
108821
108551
108251
107930
107592
107232
106855
106482
106107
105729
105354
104988
104634
104291
103970
103673
103398
103139
102895
102675
102477
102298
102136
101995
101873
101772
101685
101623
101582
101558
101562
101594
101647
101704
101765
101829
101896
101962
102010
102003
101942
101842
101696
101498
101265
100997
100688
100354
99998
99627.6
99249.7
98863.1
98481.4
98118.4
97774.9
97459
97187.8
96999.5
96914.1
96939.1
97044.7
97201.4
97415.8
97642.7
97808.2
97967.9
98081.6
98188.3
98258
98268.7
98283.2
98281.7
98284.4
98347.9
98449.6
98568.2
98725.9
98946.5
99225.7
99545.6
96135.9
96251.6
96373.1
96500.5
96634
96773.7
96919.5
97071.4
97229.5
97394
97564.6
97741.4
97924.5
98113.8
98309.3
98511
98719
98933.2
99153.6
99380.3
99613.2
99852.1
100097
100348
100604
100866
101133
101405
101682
101964
102249
102539
102832
103128
103427
103727
104028
104329
104629
104927
105222
105512
105798
106077
106348
106609
106859
107097
107320
107527
107717
107888
108040
108171
108280
108367
108432
108475
108497
108497
108479
108442
108389
108323
108246
108160
108070
107978
107888
107804
107727
107662
107611
107579
107567
107575
107606
107660
107736
107836
107957
108096
108249
108411
108583
108759
108939
109113
109278
109432
109566
109669
109742
109788
109809
109800
109748
109648
109497
109303
109069
108796
108489
108158
107809
107442
107051
106659
106274
105886
105498
105114
104741
104383
104048
103738
103447
103172
102913
102676
102461
102265
102088
101932
101794
101674
101574
101494
101438
101395
101382
101403
101447
101498
101554
101613
101675
101737
101780
101769
101706
101602
101454
101255
101015
100743
100436
100102
99741.1
99363.1
98974.1
98586.8
98203.9
97837.5
97490
97168.2
96897.4
96717.6
96650.1
96697.4
96827.7
97002.1
97220.2
97459.2
97647.7
97833.4
97965.2
98087.9
98161.8
98179.4
98200.9
98205.9
98222.9
98300.8
98405.2
98526.6
98691.7
98919.5
99203.2
99525.4
96082
96198.9
96321.8
96450.6
96585.4
96726.4
96873.5
97026.8
97186.3
97352.1
97524.2
97702.4
97886.9
98077.6
98274.5
98477.6
98687
98902.7
99124.7
99353
99587.5
99828.1
100075
100327
100585
100849
101118
101392
101671
101955
102243
102535
102830
103129
103430
103733
104036
104340
104643
104944
105242
105535
105824
106106
106380
106645
106898
107139
107365
107575
107768
107942
108097
108230
108342
108432
108499
108544
108567
108570
108552
108517
108466
108401
108324
108240
108151
108060
107972
107888
107813
107750
107702
107672
107663
107674
107708
107766
107847
107951
108077
108221
108379
108549
108727
108911
109096
109276
109447
109604
109740
109848
109924
109973
109995
109983
109929
109827
109675
109478
109242
108967
108657
108319
107960
107584
107189
106784
106387
105993
105598
105207
104822
104451
104105
103784
103482
103196
102926
102676
102449
102243
102055
101887
101738
101605
101494
101405
101336
101280
101254
101267
101304
101351
101405
101463
101522
101580
101617
101605
101541
101435
101282
101083
100839
100563
100257
99922
99556.9
99171.9
98781.4
98392.3
98010.5
97640.4
97290.4
96963.6
96695.2
96522.2
96467.2
96528.6
96678.6
96867.8
97086.8
97330.7
97538.2
97736.1
97883
98019.6
98096.6
98117.7
98141.8
98154.9
98183.3
98269.5
98373.2
98497.2
98668.8
98901.1
99187
99510.9
96045.9
96163.8
96287.5
96417.2
96552.9
96694.7
96842.8
96997
97157.6
97324.5
97497.5
97676.7
97862.1
98053.8
98251.7
98455.9
98666.2
98883
99106
99335.4
99570.9
99812.7
100060
100314
100574
100839
101109
101384
101665
101950
102239
102533
102830
103130
103433
103738
104043
104348
104653
104956
105256
105552
105842
106126
106402
106669
106924
107167
107396
107608
107803
107979
108136
108271
108384
108475
108544
108591
108615
108619
108602
108568
108517
108453
108378
108294
108206
108116
108028
107945
107872
107809
107763
107735
107727
107741
107778
107838
107922
108029
108158
108305
108467
108641
108825
109014
109203
109387
109561
109720
109858
109969
110050
110102
110123
110109
110052
109948
109794
109595
109357
109081
108769
108427
108062
107679
107281
106870
106462
106061
105663
105267
104877
104499
104144
103815
103506
103213
102936
102677
102442
102228
102033
101858
101701
101559
101441
101348
101270
101206
101168
101174
101206
101250
101304
101362
101421
101476
101508
101494
101432
101323
101167
100966
100722
100443
100137
99799.8
99431
99041.6
98653.2
98263.8
97882.1
97510.1
97154.9
96827.5
96562
96394
96346.4
96415.6
96579
96779.9
97001.6
97249.4
97468.3
97670.8
97828.7
97977
98054.6
98077.7
98102.2
98122.9
98159.2
98249.4
98351.4
98477.2
98654.2
98889.1
99176.1
99501.6
96023.7
96142.1
96266.3
96396.5
96532.8
96675.1
96823.7
96978.6
97140
97307.5
97481.2
97661
97847.1
98039.4
98238
98442.8
98653.9
98871.2
99094.9
99324.9
99561.2
99803.6
100052
100307
100567
100832
101104
101380
101661
101947
102238
102532
102830
103132
103435
103741
104047
104354
104660
104964
105265
105562
105854
106139
106417
106685
106941
107185
107415
107629
107825
108003
108160
108296
108411
108503
108573
108620
108645
108649
108634
108600
108550
108486
108411
108328
108240
108151
108063
107981
107908
107847
107801
107775
107768
107783
107821
107883
107970
108079
108209
108358
108522
108699
108886
109078
109270
109456
109632
109792
109931
110044
110128
110182
110205
110190
110130
110023
109867
109667
109428
109151
108838
108493
108124
107738
107338
106925
106511
106104
105702
105304
104911
104531
104171
103836
103522
103225
102943
102680
102438
102219
102020
101841
101678
101531
101409
101315
101230
101162
101118
101115
101145
101187
101241
101300
101359
101410
101438
101424
101363
101254
101094
100893
100649
100370
100064
99724.5
99352.1
98962
98573.4
98184.9
97802.7
97428.8
97070.6
96744.2
96481.5
96316.6
96272.9
96345.7
96516.1
96725.2
96951.1
97201.4
97427.1
97631.4
97796
97952.2
98029.3
98054.5
98078.7
98104.2
98146.2
98237.6
98338
98465.5
98646
98881.8
99169.6
99496.3
96011.7
96130.4
96254.9
96385.4
96521.9
96664.5
96813.3
96968.4
97130.9
97298.7
97472.6
97652.7
97839.1
98031.8
98230.7
98435.9
98647.4
98865.1
99089.2
99319.6
99556.2
99799
100048
100303
100563
100829
101101
101378
101660
101946
102237
102532
102831
103132
103437
103743
104050
104357
104663
104968
105270
105568
105861
106147
106425
106693
106951
107195
107426
107640
107837
108015
108173
108310
108425
108518
108588
108636
108662
108666
108651
108617
108568
108504
108429
108347
108259
108170
108083
108001
107928
107868
107823
107796
107790
107806
107845
107909
107996
108107
108238
108387
108553
108731
108919
109113
109306
109493
109670
109831
109971
110085
110170
110227
110250
110233
110171
110062
109906
109706
109466
109188
108874
108528
108157
107769
107369
106955
106539
106129
105724
105324
104930
104548
104186
103848
103531
103231
102948
102682
102438
102216
102014
101832
101667
101517
101393
101297
101209
101140
101093
101085
101113
101155
101207
101266
101324
101374
101400
101385
101326
101216
101055
100853
100608
100330
100024
99684.2
99309.4
98919.3
98530.7
98142.4
97759.5
97384.3
97025.3
96700.1
96439.5
96276.5
96234.4
96308.8
96481.4
96695.1
96924.5
97176
97405.5
97610.9
97778.7
97938.7
98016.6
98043.6
98067.7
98094.6
98140.8
98230.8
98331.5
98460.3
98642.2
98877.9
99166.7
99493.9
96007.3
96125.9
96250.5
96381.2
96517.8
96660.5
96809.5
96964.9
97127.1
97295.1
97469.2
97649.5
97836.1
98028.9
98228
98433.4
98645
98862.9
99087.1
99317.6
99554.4
99797.3
100046
100301
100562
100828
101100
101377
101659
101946
102237
102532
102831
103133
103437
103743
104051
104358
104665
104970
105272
105570
105863
106149
106428
106697
106954
107199
107430
107645
107842
108020
108179
108316
108431
108524
108594
108642
108668
108673
108658
108624
108575
108511
108437
108354
108267
108178
108091
108009
107936
107876
107831
107805
107800
107816
107855
107919
108007
108118
108249
108399
108565
108744
108933
109126
109320
109508
109685
109847
109987
110101
110187
110244
110268
110250
110187
110078
109922
109721
109481
109203
108887
108541
108170
107782
107381
106967
106550
106138
105733
105333
104939
104556
104193
103854
103536
103235
102951
102684
102439
102215
102013
101830
101663
101512
101388
101291
101202
101132
101084
101075
101101
101143
101195
101253
101311
101360
101384
101370
101311
101201
101040
100837
100592
100316
100009
99668.7
99293.2
98903.2
98514.4
98126
97742.8
97367.3
97008.4
96683.9
96424.3
96262
96220.4
96295.3
96468.3
96683.7
96914.9
97166.4
97397.8
97603.9
97772.8
97933.8
98013
98040.9
98064.8
98091.8
98139.2
98228.9
98329.9
98459.3
98641.5
98877.5
99166
99493.5
92529.6
93235.5
93915.1
94591.2
95226.3
95802.8
96307.8
96769.7
97247.6
97654.7
98159.4
98609.7
99082.2
99715.8
100230
100575
100688
100522
100038
99270.7
98297.4
97245.5
96227.5
95351.4
95157
92591.6
93295.3
93973.6
94645.4
95277.4
95852.5
96349.8
96804.1
97286
97682.8
98190.8
98635.9
99099.6
99737.9
100246
100583
100689
100516
100028
99257.9
98281.8
97230.6
96215.5
95340.5
95120.6
92668.6
93370.5
94049.6
94718
95348.6
95917.5
96407.6
96847.8
97339
97721.3
98229.1
98664.9
99121.8
99756.9
100259
100589
100686
100508
100016
99243.2
98264.3
97214.6
96204.3
95329.2
95062.8
92751.9
93459.7
94143.7
94808.4
95439.5
96002.6
96484.2
96919.1
97390.6
97780.2
98274.5
98695.1
99156.6
99773.6
100269
100592
100682
100497
100001
99227.3
98246.1
97198.8
96195
95319.4
95002.6
92851.9
93568.6
94255.8
94916.5
95545.9
96105.7
96579.5
97006.8
97456.6
97852.7
98326.6
98730.8
99199.2
99789
100276
100593
100675
100483
99983.4
99208.6
98226.3
97182.9
96187.4
95312.1
94947.2
92989
93704
94386
95041.5
95664
96221.8
96693.6
97114
97538
97936.3
98384
98772.5
99246.3
99804
100278
100590
100665
100466
99962.3
99186.7
98204.9
97167.6
96181.9
95308.5
94896.5
93151.4
93858.8
94532.2
95187
95795.8
96348
96819.4
97234.4
97632.4
98026.3
98444.8
98819.5
99294
99817.7
100277
100584
100652
100446
99937.9
99161.9
98182.2
97153.1
96179.2
95309
94848.7
93337.5
94033.8
94691.5
95348
95947.7
96486.9
96950.9
97358.1
97735.2
98118.7
98507.7
98871
99341.3
99830.8
100275
100576
100636
100424
99910.8
99134.7
98158.6
97139.8
96179.4
95314
94803
93554.4
94227.5
94864.5
95516.6
96108.8
96639.8
97085.1
97479.2
97841.4
98210.4
98573.3
98926.3
99390.1
99844.6
100273
100566
100618
100399
99881
99105.5
98134.3
97128
96182.7
95323.9
94756.4
93799.7
94433.3
95055.1
95694.3
96273.2
96795.7
97220.2
97598.5
97946.2
98301.8
98640.3
98984.4
99441.3
99859.9
100270
100555
100597
100372
99849.3
99074.8
98109.8
97117.9
96189.4
95338.7
94705.1
94057.3
94650.8
95265.5
95885.2
96443.3
96946.3
97355.6
97721.8
98050.4
98395.4
98706.5
99044.9
99494
99877.1
100268
100545
100575
100343
99816.3
99043
98085.4
97109.7
96199.5
95359.2
94680.6
94324.5
94884.5
95494.5
96085.6
96616.8
97095.4
97495.9
97852.1
98158.3
98491.2
98771.9
99110.8
99547.8
99896.3
100267
100535
100553
100313
99782.5
99010.7
98061.3
97103.4
96213.3
95385.9
94677.1
94599.4
95132.3
95728.2
96287.2
96791.8
97253.1
97648.8
97986.8
98274
98587.4
98838
99185.6
99601.4
99918.4
100268
100526
100531
100282
99748.5
98978.3
98038.1
97099.3
96230.3
95418.7
94690.9
94880.9
95391.8
95959.2
96488.9
96970
97413.2
97803.2
98122.9
98399.5
98679.8
98907.9
99268.9
99655.2
99946.3
100276
100521
100511
100251
99715
98946.3
98016.2
97097.1
96250.5
95457.8
94720.3
95177.4
95662.9
96187.8
96691.1
97148.2
97553.4
97930
98253.6
98530
98764.8
98983.6
99357.2
99711
99982.6
100291
100520
100494
100222
99682.7
98915
97995.8
97097.1
96273.6
95503
94765.1
95474.5
95928.8
96415
96890.5
97325
97680.4
98030.6
98373.4
98650.4
98840.9
99063.6
99450
99765.8
100027
100315
100525
100481
100194
99652.2
98885.5
97977.3
97099.4
96299.8
95553.4
94826
95773.9
96190.2
96645.4
97088.7
97495.1
97819.5
98135.2
98491.1
98750
98910.5
99147.2
99547
99819.8
100078
100346
100534
100472
100167
99623.9
98858.3
97960.9
97103.8
96329.2
95606.3
94906.2
96076.8
96452
96880.8
97284.5
97652.3
97962.2
98258.9
98615.4
98832.5
98979.9
99235.9
99642.3
99881.4
100139
100386
100551
100467
100143
99598.6
98833.7
97946.9
97110
96362.3
95665.6
95004.7
96377.7
96708.6
97117.2
97473.4
97805.3
98097
98397.3
98734.8
98905.4
99055.4
99333.9
99733.2
99956.8
100212
100438
100575
100467
100120
99573.6
98809.3
97933.6
97116.8
96399.7
95730.1
95137.6
96681.5
96963.6
97350.1
97658.4
97957
98228.1
98524.8
98825.5
98970.2
99138.4
99441.9
99819.1
100045
100296
100497
100604
100470
100101
99550.2
98787.8
97923.1
97124.7
96440.8
95806.1
95301.3
96979.5
97210.6
97577.7
97840
98101.6
98357.4
98622.4
98886.6
99029.9
99229.1
99554.8
99903
100141
100390
100562
100632
100483
100088
99530.8
98770.5
97915.7
97132.6
96481
95883.5
95469.4
97271.3
97456.3
97809.6
98014.2
98240.7
98482.3
98708.4
98939.9
99099.6
99331
99670.4
99989.8
100242
100486
100635
100665
100510
100079
99517.3
98757.2
97910.7
97141.2
96519.5
95961.6
95638.8
97562.3
97723.1
98030
98183.4
98377.5
98602.4
98801.9
99001.3
99187.2
99444.5
99789.2
100084
100347
100576
100705
100693
100537
100076
99506.4
98746.1
97908.9
97151.2
96555.9
96040.3
95806.3
97846.3
97987.1
98204.3
98344.4
98521.3
98720.5
98904.7
99078.5
99287.5
99568.3
99910.4
100189
100457
100668
100769
100720
100561
100084
99496.7
98738
97909.4
97162.7
96590.3
96118.7
95969.4
98104.7
98208.7
98363
98498.3
98666.1
98834.3
99018.7
99175.4
99406.4
99706.7
100035
100301
100576
100774
100842
100760
100584
100106
99492.1
98734.1
97912.7
97174
96622.6
96196
96125.8
98352.8
98423.6
98541.7
98665.4
98809.9
98957
99141
99292.2
99545.4
99854.4
100164
100422
100700
100894
100942
100835
100611
100129
99493
98733.9
97916.4
97184.9
96653.3
96271.6
96274
98597.4
98645
98735.8
98854.9
98979.9
99097.1
99276.7
99430.3
99699.4
100001
100299
100552
100822
101007
101040
100917
100658
100152
99498.5
98737
97920.3
97196.5
96683
96344.8
96413.4
98824.1
98849.4
98917.5
99027.2
99150.4
99235.5
99428.5
99577
99863.6
100149
100437
100689
100943
101105
101111
100988
100710
100184
99512.5
98743.5
97925.5
97208.7
96711
96412.8
96538.5
99037.6
99045.7
99102.2
99168.2
99284.9
99382.6
99574.2
99728.8
100026
100300
100577
100832
101070
101208
101196
101062
100759
100223
99534.1
98752.6
97931.5
97219.8
96736.9
96475.6
96651.1
99226.8
99238.9
99276.3
99304.8
99410.9
99535.2
99722.4
99894.1
100180
100452
100721
100980
101210
101323
101309
101151
100818
100264
99558.2
98763.8
97938
97230.2
96761.8
96535.6
96756.6
99378.5
99398.9
99431.7
99439.7
99547.7
99679.3
99870.3
100071
100340
100611
100872
101131
101360
101451
101425
101246
100887
100311
99584.7
98776.5
97944.9
97240.2
96785.5
96592.6
96855
99541.1
99523.6
99597.4
99606.3
99705.1
99832
100005
100244
100512
100781
101029
101284
101514
101594
101541
101347
100960
100364
99616.7
98791.3
97952.1
97250
96808.3
96646.1
96946.8
99714.3
99635.1
99750.1
99778
99887
100006
100160
100418
100675
100952
101192
101443
101670
101741
101663
101456
101041
100422
99654.2
98808.7
97959.6
97259.3
96830.2
96695.9
97032.5
99855
99752
99869.8
99891.4
100010
100180
100353
100613
100842
101122
101364
101607
101824
101888
101793
101574
101134
100486
99696.2
98828.7
97967.8
97268.6
96851.3
96742
97112.3
99956.3
99915.8
99984.6
100007
100114
100321
100562
100817
101044
101321
101559
101791
101994
102046
101944
101707
101239
100560
99744.3
98852.8
97977.5
97278.3
96871.6
96784.6
97186.7
100018
100077
100110
100183
100307
100464
100744
101017
101260
101538
101771
102002
102189
102223
102116
101855
101355
100642
99797.5
98880.5
97988.1
97287.7
96890.3
96824.1
97257.2
100094
100169
100242
100358
100522
100676
100916
101213
101469
101744
101981
102220
102393
102413
102296
102010
101478
100730
99854.3
98911.1
97999.6
97296.8
96907.5
96860.6
97323.2
100184
100231
100366
100485
100669
100898
101123
101414
101688
101945
102191
102439
102600
102610
102479
102170
101606
100822
99914.3
98944.1
98012.4
97305.6
96923.3
96894.6
97384.9
100238
100303
100460
100586
100783
101066
101334
101615
101920
102163
102409
102657
102809
102811
102665
102333
101737
100918
99976.6
98978.6
98026.8
97314.3
96937.7
96926.1
97442.3
100263
100370
100544
100711
100932
101210
101520
101798
102127
102390
102640
102874
103017
103012
102852
102497
101870
101017
100041
99014.1
98043
97323.4
96950.9
96955.3
97495.6
100272
100416
100628
100844
101089
101365
101700
101987
102310
102599
102859
103089
103226
103214
103041
102659
102002
101117
100106
99049.9
98060.9
97333.2
96963.2
96982.1
97544.7
100257
100448
100683
100955
101229
101527
101869
102187
102505
102793
103054
103297
103431
103413
103227
102818
102131
101215
100171
99085.1
98080.2
97344
96975.2
97006.4
97589.7
100227
100471
100718
101042
101362
101685
102019
102367
102693
102984
103250
103494
103622
103606
103407
102972
102256
101312
100236
99118.9
98100.5
97355.9
96986.9
97027.9
97631
100188
100475
100762
101115
101472
101822
102164
102525
102859
103163
103452
103679
103803
103792
103578
103118
102376
101405
100298
99151.4
98121.7
97368.7
96998.6
97046.3
97668.8
100139
100463
100805
101184
101576
101956
102322
102689
103030
103345
103651
103873
104000
103982
103748
103265
102499
101502
100363
99185.4
98145.6
97383.3
97011.4
97063.5
97708.4
100088
100440
100827
101240
101674
102085
102473
102850
103205
103525
103822
104053
104184
104149
103904
103402
102615
101593
100424
99219.5
98171.1
97399
97024.4
97077.6
97730.9
100040
100416
100830
101278
101740
102180
102591
102983
103352
103676
103959
104186
104319
104279
104028
103511
102709
101668
100474
99248.9
98193.5
97413.1
97035.7
97087.9
97740.4
99996.2
100392
100826
101302
101785
102247
102681
103089
103468
103801
104078
104295
104427
104385
104126
103597
102785
101728
100515
99274.5
98212.6
97425.6
97045.3
97095.4
97741.6
99961.1
100368
100819
101314
101818
102297
102748
103168
103554
103899
104180
104392
104517
104469
104201
103663
102845
101775
100549
99296.9
98228.4
97436.8
97053.3
97100.4
97735.9
99932.1
100347
100812
101320
101840
102336
102799
103227
103618
103970
104256
104470
104587
104533
104257
103715
102892
101813
100576
99316.7
98241.7
97446.4
97059.9
97103.6
97724.1
99907.5
100329
100806
101322
101853
102362
102835
103270
103667
104022
104311
104528
104639
104579
104299
103754
102929
101843
100598
99334
98252.9
97454.7
97064.9
97105.3
97707.5
99887.7
100315
100801
101323
101860
102378
102858
103300
103702
104059
104349
104570
104677
104613
104329
103783
102956
101866
100617
99349.1
98262.6
97462.1
97068.5
97106.2
97688.9
99872.6
100305
100796
101322
101863
102386
102872
103320
103726
104084
104376
104598
104703
104636
104351
103805
102977
101884
100633
99362.1
98270.9
97468.5
97071.2
97106.9
97671
99861.5
100296
100791
101319
101862
102389
102880
103331
103741
104100
104393
104617
104720
104652
104366
103821
102993
101899
100646
99373.3
98278
97474
97073.3
97107.1
97658.9
99853.4
100289
100785
101315
101860
102389
102883
103337
103749
104110
104404
104628
104732
104663
104377
103832
103005
101910
100656
99382.8
98284.3
97478.6
97075
97106.7
97649.7
99847.4
100283
100780
101310
101857
102388
102884
103340
103754
104116
104411
104636
104739
104671
104385
103840
103013
101919
100665
99390.8
98290.1
97482.4
97076.2
97105.9
97644.1
99842.4
100277
100774
101306
101854
102387
102883
103341
103756
104119
104414
104640
104745
104677
104392
103848
103022
101929
100675
99399.8
98296.4
97485.9
97077.3
97104.6
97638.9
)
;

boundaryField
{
    inlet
    {
        type            zeroGradient;
    }
    outlet
    {
        type            waveTransmissive;
        phi             phi;
        rho             rho;
        psi             psi;
        gamma           1.3;
        fieldInf        100000;
        lInf            0.3;
        value           nonuniform List<scalar> 
57
(
94687.8
94662.2
94632.9
94610.8
94597.5
94590.6
94590.1
94595.5
94605.7
94627.4
94656.6
94702.6
94764.7
94842.9
94937.7
95048.4
95178.5
95318.4
95492.4
95709.5
95884.8
96055.1
96219.2
96376.2
96525.6
96666.9
96800.8
96922.8
97034
97139.6
97239.8
97334.9
97425.3
97511.2
97594
97673.8
97750.3
97823.2
97892.2
97956.8
98016.5
98071
98120
98163.5
98183.9
98214
98231
98238.5
98238.5
98232.6
98222.8
98211
98193.2
98181.7
98174.1
98168.7
98163.8
)
;
    }
    upperWall
    {
        type            zeroGradient;
    }
    lowerWall
    {
        type            zeroGradient;
    }
    frontAndBack
    {
        type            empty;
    }
}


// ************************************************************************* //
