/*--------------------------------*- C++ -*----------------------------------*\
| =========                 |                                                 |
| \\      /  F ield         | OpenFOAM: The Open Source CFD Toolbox           |
|  \\    /   O peration     | Version:  dev                                   |
|   \\  /    A nd           | Web:      http://www.openfoam.org               |
|    \\/     M anipulation  |                                                 |
\*---------------------------------------------------------------------------*/
FoamFile
{
    version     2.0;
    format      ascii;
    class       volScalarField;
    object      T;
    location    "9.126";
}
// * * * * * * * * * * * * * * * * * * * * * * * * * * * * * * * * * * * * * //

dimensions      [0 0 0 1 0 0 0];

internalField   nonuniform List<scalar> 
12225
(
306.615
304.278
303.516
303.246
302.647
302.55
302.216
301.938
301.908
301.313
301.638
300.639
301.268
300.002
300.721
299.711
298.894
298.242
305.318
301.852
300.864
299.969
299.229
298.281
298.232
297.006
297.868
295.994
297.847
295.254
297.604
295.16
296.723
296.387
296.968
298.014
305.276
301.796
300.918
299.814
299.022
297.831
297.494
296.144
296.386
295.018
295.537
294.525
294.997
294.294
294.184
294.927
294.906
296.458
305.249
301.954
300.746
300.3
298.92
298.653
297.306
297.257
295.969
296.251
294.934
295.303
294.382
294.591
293.576
293.813
294.106
295.215
304.77
302.262
300.409
300.661
298.88
299.14
297.496
297.737
296.283
296.629
295.278
295.525
294.535
294.582
293.836
293.219
293.771
293.854
304.628
302.454
300.18
300.75
298.794
299.221
297.451
297.779
296.25
296.72
295.34
295.686
294.617
294.738
294.366
294.052
293.703
294.317
304.308
302.566
300.058
300.979
298.946
299.431
297.519
297.927
296.304
296.789
295.509
295.853
294.914
294.928
294.664
294.527
294.48
294.144
304.121
302.621
299.974
301.049
299.033
299.531
297.475
297.983
296.222
296.879
295.524
296.054
294.956
295.227
294.665
294.753
294.37
294.254
304.002
302.497
299.936
300.949
299.13
299.499
297.57
297.96
296.392
296.933
295.86
296.127
295.215
295.42
294.783
294.986
294.444
294.595
303.956
302.388
300.038
300.818
299.197
299.389
297.826
297.957
296.875
297.099
296.391
296.331
295.775
295.76
295.361
295.413
295.296
295.144
303.995
302.113
300.388
300.855
299.445
299.434
298.306
298.161
297.443
297.51
296.939
296.786
296.417
296.327
296.188
296.09
296.126
296.024
303.998
301.899
300.659
300.778
299.744
299.611
298.764
298.625
298.22
297.995
297.717
297.442
297.319
297.196
297.142
297.163
297.183
297.121
303.692
301.561
300.889
300.852
300.139
299.934
299.479
299.242
298.975
298.743
298.619
298.502
298.422
298.358
298.404
298.336
298.487
298.502
303.475
301.305
300.962
300.813
300.48
300.355
300.1
299.894
299.758
299.665
299.625
299.491
299.554
299.591
299.685
299.693
299.73
299.822
303.001
300.98
300.887
300.839
300.753
300.678
300.58
300.505
300.452
300.434
300.486
300.531
300.663
300.697
300.868
300.96
301.132
301.209
302.266
300.51
300.592
300.691
300.76
300.804
300.852
300.905
300.95
301.038
301.165
301.262
301.417
301.548
301.776
301.897
302.089
302.239
301.415
299.868
300.053
300.277
300.411
300.527
300.652
300.797
300.935
301.092
301.258
301.422
301.608
301.774
301.963
302.142
302.349
302.534
300.287
299.005
299.183
299.391
299.509
299.666
299.797
299.947
300.079
300.205
300.346
300.483
300.642
300.8
300.961
301.14
301.277
301.466
299.278
297.98
298.074
298.214
298.264
298.351
298.393
298.485
298.508
298.563
298.603
298.633
298.729
298.799
298.898
299.009
299.103
299.24
298.344
297.028
297.003
297.05
296.981
296.935
296.86
296.832
296.737
296.695
296.589
296.509
296.474
296.461
296.471
296.504
296.547
296.603
297.565
296.246
296.058
295.942
295.718
295.549
295.35
295.197
295.033
294.893
294.714
294.562
294.41
294.333
294.232
294.218
294.176
294.186
296.967
295.61
295.29
295.041
294.686
294.373
294.047
293.789
293.532
293.32
293.083
292.88
292.683
292.525
292.382
292.287
292.201
292.149
296.513
295.045
294.613
294.24
293.794
293.394
292.994
292.646
292.289
291.99
291.655
291.406
291.148
290.941
290.773
290.618
290.518
290.398
296.069
294.639
294.172
293.718
293.217
292.729
292.228
291.775
291.348
290.974
290.62
290.322
290.052
289.819
289.62
289.455
289.302
289.18
295.834
294.297
293.719
293.196
292.616
292.077
291.591
291.128
290.72
290.337
289.975
289.636
289.318
289.04
288.786
288.578
288.381
288.232
295.721
294.108
293.466
292.9
292.321
291.789
291.282
290.813
290.353
289.918
289.486
289.079
288.704
288.373
288.092
287.848
287.637
287.463
295.557
293.91
293.267
292.705
292.084
291.507
290.929
290.4
289.877
289.403
288.932
288.517
288.104
287.753
287.406
287.112
286.822
286.562
295.53
293.88
293.216
292.605
291.935
291.275
290.584
289.942
289.307
288.753
288.211
287.752
287.288
286.908
286.503
286.185
285.844
285.618
295.489
293.782
293.105
292.468
291.783
291.081
290.394
289.783
289.215
288.727
288.271
287.91
287.604
287.389
287.187
287.078
286.949
287.05
295.696
294.407
293.941
293.516
293.089
292.719
292.425
292.194
292.004
291.863
291.749
291.685
291.649
291.647
291.665
291.713
291.802
291.918
277.672
271.327
273.665
275.995
278.797
279.156
280.043
279.968
279.992
280.112
280.18
280.379
280.542
280.88
281.252
281.648
282.009
282.426
282.778
283.076
283.345
283.658
284.029
284.273
284.434
284.677
284.965
285.125
285.343
285.662
285.882
286.147
286.511
286.722
286.951
287.312
287.696
287.872
288.03
288.399
288.917
289.231
289.377
289.833
290.478
290.799
290.981
291.719
292.967
293.999
294.398
294.383
294.414
294.442
294.234
293.924
293.405
292.924
292.182
291.415
292.664
295.198
295.57
294.57
293.642
292.632
291.701
290.809
290.062
289.289
288.947
290.997
296.154
300.383
299.35
294.729
290.453
287.395
285.123
283.408
282.011
280.817
279.79
278.902
278.043
277.206
276.397
275.596
274.872
274.206
273.542
272.805
272.13
271.507
270.646
269.727
269.358
268.878
268.265
267.853
267.314
267.136
266.814
266.517
266.467
266.408
266.415
266.376
266.614
266.985
267.591
268.35
269.401
270.422
271.432
271.91
272.571
272.579
272.998
274.528
276.343
275.771
275.395
276.458
278.408
279.484
280.406
281.771
283.637
284.769
285.458
285.501
285.16
283.835
282.841
281.043
281.514
279.898
280.008
279.606
277.854
278.187
276.971
277.338
276.62
277.054
276.468
277.064
276.601
276.877
276.685
276.55
276.721
276.588
276.834
277.125
277.022
276.807
276.443
276.029
275.48
275.038
274.461
273.495
272.067
271.167
269.792
268.994
267.262
266.379
265.774
267.594
269.748
273.628
276.261
279.559
275.739
271.026
273.699
275.904
277.327
272.817
280.161
281.744
285.996
287.666
287.684
287.446
287.019
286.729
286.472
286.233
286.005
285.907
285.785
285.643
285.407
285.183
284.82
284.563
284.454
284.423
284.375
284.123
283.899
283.929
284.025
283.804
283.891
284.155
284.011
284.171
284.871
284.781
284.8
285.234
285.894
285.962
285.851
286.026
286.833
287.645
287.434
286.822
287.793
289.1
288.804
288.504
289.795
290.878
290.561
292.024
293.421
292.266
290.791
289.136
287.246
285.737
285.651
286.615
287.124
287.46
286.945
286.016
286.217
287.846
288.451
286.775
285.015
284.786
285.027
283.887
281.569
278.244
274.854
272.307
270.821
270.016
269.616
269.446
269.532
269.88
270.2
270.196
269.935
269.379
269.003
268.657
268.339
268.271
268.252
267.797
267.431
268.032
266.805
263.327
263.602
263.819
261.644
260.965
258.388
258.933
255.794
256.081
253.589
252.796
251.244
250.388
249.124
248.43
247.897
247.465
247.66
248.208
249.353
249.957
250.522
251.284
252.181
251.802
254.702
257.388
256.428
253.925
254.886
257.793
262.487
268.108
273.902
277.147
278.821
280.87
279.919
276.664
274.07
270.378
271.571
268.178
270.543
270.189
265.907
268.273
265.647
266.776
265.486
266.182
265.245
266.121
265.642
265.725
266.557
265.857
267.513
267.286
268.389
270.582
272.513
272.691
274.404
272.696
267.836
264.13
260.895
259.896
257.678
255.992
251.582
250.959
249.084
244.285
239.464
238.666
241.131
253.768
258.925
269.735
259.766
249.937
246.155
245.233
278.693
271.816
285.36
289.317
288.725
289.09
289.912
289.785
288.628
288.342
287.922
287.092
286.199
285.316
284.178
282.879
281.793
281.094
280.788
280.782
280.731
280.603
280.617
280.761
280.95
281.171
281.442
281.769
282.119
282.262
282.586
283.323
283.933
283.806
284.619
285.181
285.511
285.683
286.315
286.947
287.185
286.841
287.003
287.572
288.545
289.657
289.166
288.068
289.286
290.427
288.871
288.349
290.923
292.343
291.868
290.817
291.797
293.337
289.75
287.628
286.712
284.901
287.658
289.141
287.995
289.494
289.236
284.582
280.588
279.047
278.069
276.617
275.282
274.813
275.023
275.84
277.444
279.346
280.897
282.099
283.302
284.695
285.958
286.623
287.018
287.032
287.294
287.374
287.103
287.219
287.831
288.239
288.104
289.254
289.605
286.346
286.789
287.253
285.009
283.303
281.677
282.596
278.764
279.902
276.36
275.216
271.757
270.293
266.638
264.209
261.389
258.902
255.998
252.205
247.396
246.227
246.455
246.638
249.305
250.292
247.707
247.885
250.233
248.347
244.57
245.305
253.08
263.921
272.251
276.866
279.414
277.717
277.07
271.816
270.6
267.97
266.874
263.611
263.602
265.423
262.523
265.101
263.946
265.652
264.95
265.314
265.252
264.606
265.698
264.564
268.07
266.854
270.119
270.245
269.522
271.931
275.908
278.15
285.672
287.388
283.075
277.932
267.816
261.574
253.843
253.806
247.861
244.991
251.728
251.419
243.277
235.578
235.892
252.493
258.259
266.383
249.026
257.459
254.947
249.162
281.985
268.75
278.588
287.131
287.606
287.699
290.638
290.625
287.378
285.664
284.245
283.472
281.399
277.499
277.356
279.01
280.157
280.946
281.266
281.657
281.935
282.281
282.404
282.426
282.526
282.693
282.713
282.72
282.902
283.341
283.797
284.575
285.258
285.801
285.906
286.027
286.633
286.986
286.811
286.491
286.468
286.823
287.879
288.97
289.413
289.477
289.552
289.779
291.606
292.541
290.666
290.746
290.206
289.668
291.881
289.165
291.35
296.433
290.227
290.654
292.059
287.255
290.542
293.636
292.819
290.862
286.44
281.939
278.707
277.425
276.408
276.34
277.556
278.853
279.977
281.246
282.528
283.476
283.991
284.556
285.779
287.288
288.452
288.932
288.893
288.357
288.273
288.328
287.718
286.947
287.154
288.444
289.368
289.745
290.357
288.707
289.348
291.097
290.375
285.212
283.925
285.998
283.975
285.616
284.358
285.044
284.198
284.653
282.926
282.011
279.606
279.195
277.163
277.306
271.887
260.407
258.935
262.954
259.557
259.118
256.067
248.996
248.081
251.6
245.341
240.487
251.018
265.063
273.179
275.806
273.742
274.117
273.16
267.275
268.443
268.733
268.713
266.156
266.588
266.929
265.451
266.973
264.412
266.214
266.605
265.293
268.994
264.308
267.23
263.075
268.36
270.193
274.21
279.954
278.217
272.53
276.822
269.813
280.21
286.441
286.995
290.034
279.627
275.687
261.938
259.949
254.391
241.439
247.565
261.549
261.562
249.508
241.85
252.736
263.579
254.535
247.426
265.959
274.801
272.196
285.04
268.742
269.954
279.667
285.467
289.209
294.436
290.341
285.306
284.899
281.906
274.969
277.551
286.149
282.654
282.432
283.626
283.178
283.507
282.833
282.497
281.816
281.564
281.263
281.088
280.988
280.996
281.33
282.038
282.796
283.395
284.323
284.831
285.048
285.072
285.513
285.655
285.778
286.065
286.228
286.504
286.517
286.739
287.281
287.831
288.741
289.422
288.834
289.81
293.605
294.935
293.264
291.089
291.718
292.886
288.799
290.285
293.605
290.49
293.501
294.575
291.912
296.984
296.848
291.89
290.149
284.993
279.2
277.088
277.007
277.924
280.101
282.051
283.092
283.583
283.611
283.915
284.62
285.81
287.874
290.782
293.581
295.87
297.219
297.103
296.216
295.704
295.295
294.435
293.576
293.277
293.815
294.831
296.688
297.679
296.779
295.967
297.211
296.849
291.569
286.703
291.268
285.711
288.917
286.262
285.697
284.864
285.381
282.841
282.362
281.412
280.104
280.133
280.614
280.376
282.109
274.225
270.858
273.715
275.02
274.199
270.113
259.855
255.306
250.826
243.785
246.351
261.391
269.956
272.475
276.867
277.537
271.972
263.865
260.09
263.436
269.654
265.956
264.594
264.199
261.764
264.004
264.678
265.9
270.818
267.965
276.359
270.529
275.479
270.464
269.805
273.724
273.692
282.846
293.126
282.664
299.414
276.183
276.099
283.002
283.119
291.891
283.096
285.089
272.222
266.053
267.371
248.919
240.365
256.758
270.548
263.96
253.102
250.563
264.989
248.347
256.467
257.086
265.084
265.468
287.365
272.573
267.177
272.775
276.4
284.628
295.594
289.205
282.28
276.473
273.586
283.095
281.47
279.44
284.585
280.505
282.745
282.849
281.711
281.791
280.121
281.073
280.859
281.615
281.929
282.207
282.635
283.356
284.362
284.997
285.33
285.789
285.922
286.109
286.619
286.953
287.441
288.123
288.652
288.528
288.809
288.397
288.42
289.453
289.638
288.947
289.447
290.943
292.323
293.323
294.971
296.696
295.469
292.105
290.728
290.929
293.249
292.223
289.632
291.645
293.008
294.406
296.431
292.586
289.87
290.571
285.341
280.123
279.525
280.847
283.4
285.133
285.01
284.064
283.002
282.873
284.526
287.21
290.587
294.238
296.998
298.418
299.339
299.285
298.266
297.352
296.587
295.956
295.487
295.135
294.899
294.644
294.611
294.953
294.653
295.459
295.653
294.941
293.835
293.972
292.418
296.032
292.399
296.993
294.449
295.254
294.636
296.65
294.67
291.529
287.515
285.647
283.142
282.129
280.261
280.24
281.622
279.434
278.627
280.78
283.753
283.663
273.6
272.16
274.095
259.891
245.223
245.933
269.488
276.51
274.53
273.481
271.284
268.531
265.86
265.049
266.443
264.488
261.039
261.804
261.912
260.639
263.586
260.598
267.796
265.378
273.918
271.993
274.92
280.19
278.287
285.404
285.422
279.314
289.986
281.799
307.197
292.416
283.385
287.11
284.661
290.979
281.929
285.166
277.78
268.38
278.579
268.319
245.273
248.448
267.192
271.154
265.449
252.082
260.117
249.255
263.893
254.851
255.431
254.99
288.815
276.419
267.041
266.699
271.112
285.294
295.067
286.009
277.204
275.699
280.29
284.435
282.483
281.903
288.119
284.893
284.801
285.659
282.9
283.936
284.157
283.339
285.151
284.748
284.901
285.253
285.509
285.784
286.016
285.967
285.943
285.887
285.681
285.693
285.614
285.776
286.519
287.048
287.73
288.258
289.197
288.843
287.561
287.795
289.084
290.121
292.079
293.225
293.735
295.373
296.799
295.824
293.845
293.939
294.785
293.013
290.438
289.336
290.766
293.425
294.861
294.687
291.563
288.33
289.917
289.436
282.607
279.014
281.052
284.544
285.975
284.653
282.845
282.269
283.666
287.16
291.605
295.248
297.773
298.924
298.353
297.131
296.128
294.817
293.827
293.419
292.928
292.729
292.596
292.121
291.488
291.013
290.293
289.199
288.361
287.222
287.253
286.421
282.56
283.462
288.096
285.812
288.578
292.114
290.808
294.458
295.034
300.595
299.277
299.12
296.124
293.109
290.083
287.291
284.742
283.56
283.103
281.945
279.818
282.985
281.513
283.087
287.429
279.517
278.372
282.74
273.283
251.935
252.883
268.665
278.785
279.092
270.986
266.439
261.511
261.875
262.401
267.876
267.809
265.687
268.541
263.852
269.259
261.235
263.714
262.064
271.285
279.421
277.494
284.311
280.004
284.258
297.928
294.085
301.032
283.556
296.382
302.852
294.873
294.01
289.953
289.687
281.145
282.622
280.426
269.208
280.817
288.369
264.276
249.367
262.219
273.525
277.312
261.806
255.375
248.251
266.293
256.913
255.037
266.056
289.565
278.139
266.951
263.024
267.387
285.261
295.234
285.857
278.396
279.32
283.316
283.743
284.844
285.209
287.541
284.622
284.271
288.367
282.396
284.166
286.114
283.5
285.088
285.505
285.849
286.1
286.603
286.496
286.705
286.948
287.326
287.597
287.728
287.233
286.865
286.505
286.622
287.336
288.696
289.022
289.602
290.629
289.414
288.046
287.829
287.456
289.58
292.992
292.766
292.819
293.812
294.811
295.423
294.45
291.486
289.154
290.174
293.423
296.121
296.367
294.859
291.306
288.174
289.339
290.173
285.715
280.576
280.879
284.827
286.794
284.658
282.344
283.318
287.149
291.766
296.064
298.556
298.491
297.373
296.125
295.272
295.485
296.402
297.246
298.351
299.261
299.433
299.361
299.198
298.544
297.251
296.249
294.955
293.976
293.014
291.354
289.985
288.685
287.71
281.999
283.367
278.529
280.037
280.797
279.841
287.603
288.022
293.461
294.042
297.985
300.848
300.727
295.454
296.641
292.433
289.774
285.911
285.942
283.768
281.91
284.443
283.296
283.048
287.437
282.127
283.641
287.781
283.275
262.738
259.462
265.728
277.879
278.18
277.875
267.14
264.693
262.284
266.059
273.658
272.305
277.871
268.292
271.651
265.456
265.632
264.755
266.897
277.003
276.94
286.538
289.649
283.79
293.44
296.801
308.417
294.199
293.101
302.541
306.999
304.064
296.782
288.849
280.724
279.207
284.453
273.347
275.797
295.24
288.416
260.798
259.19
272.296
283.45
277.909
260.126
244.924
263.517
261.648
250.995
260.673
290.275
278.843
265.214
258.199
265.36
288.985
294.761
282.303
277.074
280.542
283.318
283.62
285.518
282.375
283.531
285.103
280.895
286.487
286.076
285.562
287.342
287.232
287.251
287.733
287.499
287.604
287.129
286.965
286.646
286.569
286.935
287.514
288.252
288.73
289.26
288.994
288.855
288.949
289.595
289.331
289.126
292.81
294.386
292.311
290.272
289.9
290.223
292.758
292.721
293.102
294.153
293.039
291.985
291.959
292.456
293.706
295.109
295.444
293.851
291.161
289.005
286.911
287.737
290.7
286.745
280.372
280.703
285.412
288.169
286.006
283.157
283.971
288.364
293.666
297.636
299.054
297.486
295.012
294.626
296.231
298.867
301.587
303.686
304.81
305.525
305.772
305.713
305.255
304.733
304.337
304.125
303.83
303.083
302.44
301.73
300.851
300.192
297.471
296.812
295.215
290.759
286.066
280.675
277.829
273.351
277.767
277.931
281.294
280.878
285.647
290.852
298.644
299.017
301.866
300.357
298.76
295.928
290.686
289.539
286.555
282.981
286.129
282.618
286.18
284.315
285.985
284.158
290.758
285.421
274.699
263.219
267.091
271.827
279.299
274.898
272.862
272.685
271.982
280.063
276.54
281.121
271.64
272.043
269.89
269.787
269.777
268.471
277.244
279.827
286.928
297.436
289.079
295.414
301.192
305.953
301.714
294.582
293.558
308.699
312.026
303.759
291.907
283.318
273.96
285.167
280.309
270.137
288.845
301.59
276.659
262.114
266.621
285.213
294.147
271.747
249.666
258.493
260.873
249.214
248.293
291.273
279.971
263.594
256.343
267.887
289.222
287.838
279.992
281.132
285.077
285.193
283.898
286.035
281.733
279.21
284.549
283.27
283.099
282.839
282.762
282.919
283.482
283.937
284.349
285.205
284.921
284.863
284.503
284.62
285.237
286.088
286.223
286.258
286.093
286.188
286.484
286.925
288.143
289.729
290.052
288.154
289.392
292.578
292.809
290.684
290.664
291.593
293.625
293.555
291.26
290.583
290.408
291.651
293.704
294.429
294.012
292.58
290.323
287.958
286.171
285.375
284.483
285.954
288.366
285.412
282.269
284.286
287.256
286.814
284.098
283.675
287.496
293.333
297.799
299.019
297.236
295.083
295.677
299.364
303.156
304.968
304.894
304.05
302.689
301.435
300.075
298.801
297.727
296.791
295.989
295.836
295.978
296.36
296.093
296.878
297.507
298.022
298.863
296.912
296.796
295.983
293.848
291.022
288.334
283.701
281.044
278.658
279.902
278.947
280.748
285.927
291.204
292.816
299.715
298.472
302.833
300.17
300.246
295.571
296.202
289.126
289.561
285.138
288.196
284.59
287.364
286.62
286.664
290.851
289.941
278.112
270.892
268.54
270.046
269.905
267.838
272.532
271.402
279.341
273.522
277.184
269.215
268.372
272.396
273.888
275.935
275.036
281.873
286.622
290.027
302.359
295.439
298.123
304.532
303.095
307.35
302.724
292.493
299.372
314.469
308.062
295.005
287.49
271.014
281.772
288.278
272.163
281.696
297.836
290.155
269.332
261.822
281.36
301.954
285.052
262.346
259.216
258.484
247.398
247.214
292.751
283.32
266.557
258.561
273.277
294.194
291.057
280.558
280.452
281.887
282.882
285.161
285.906
283.777
280.603
282.177
284.047
282.775
282.114
283.466
283.267
283.224
283.265
282.899
283.541
284.243
285.587
286.87
287.626
288.515
289.514
289.933
289.891
289.422
288.719
288.388
288.698
290.015
291.292
292.784
291.636
290.814
292.962
294.027
290.272
288.381
289.941
291.72
293.15
291.563
289.881
290.956
292.791
293.433
292.068
289.731
288.273
286.752
285.373
284.403
283.968
282.933
282.229
282.242
282.413
285.617
289.535
289.104
285.605
283.993
286.672
292.644
297.995
299.546
297.77
296.137
296.574
299.796
303.516
304.215
301.864
299.699
299.273
299.593
300.218
300.507
300.334
299.531
298.629
297.625
296.815
296.02
295.46
294.222
292.407
291.88
291.868
290.843
292.409
289.904
287.783
287.74
286.363
284.344
285.97
283.524
281.779
281.53
281.204
281.034
283.893
291.134
287.171
301.565
289.791
303.779
296.748
302.176
298.912
301.716
295.874
296.601
291.614
291.079
289.147
289.576
287.434
289.386
289.146
293.231
288.556
285.3
277.433
273.82
274.246
264.695
269.477
265.893
274.104
266.916
275.219
273.877
272.11
278.176
279.615
284.31
285.778
288.031
295.434
296.401
304.317
301.15
302.287
309.026
304.441
309.993
310.846
295.926
287.558
311.823
312.322
294.505
286.443
271.317
275.503
289.38
279.809
279.392
287.712
300.004
278.11
260.913
277.916
301.139
293.898
279.38
271.451
261.071
246.1
248.557
294.374
287.807
273.249
264.032
277.998
295.737
293.136
283.586
282.947
285.028
283.228
285.218
285.633
284.314
283.852
283.493
284.216
283.541
284.529
286.474
285.801
284.901
284.874
285.039
284.854
285.411
285.797
286.446
287.06
287.206
287.237
287.63
288.008
288.756
289.221
289.503
289.732
291.046
290.968
293.142
292.804
292.331
292.063
294.651
293.859
289.777
289.784
290.573
290.631
292.118
292.436
293.442
294.039
291.936
289.737
287.972
287.192
286.232
284.937
284.122
283.644
283.303
283.339
283.866
284.447
286.121
287.396
286.84
285.442
285.967
290.274
296.155
299.262
298.081
296.299
296.457
298.586
301.906
303.877
302.268
299.716
300.756
304.075
306.098
306.32
305.668
305.163
304.375
302.352
300.084
299.11
298.432
298.146
298.311
299.124
298.484
298.087
296.086
292.675
290.008
286.802
285.626
284.237
280.474
280.435
283.09
282.773
283.71
283.292
281.624
280.752
291.072
282.397
303.048
287.891
301.694
296.222
299.63
298.441
302.901
300.271
298.547
301.096
294.004
294.203
295.979
287.137
295.866
289.938
295.175
292.558
295.212
289.173
284.35
289.818
275.989
279.522
272.059
277.361
271.655
281.884
284.079
280.455
286.512
287.259
292.684
296.771
295.161
304.481
301.381
305.262
306.258
305.474
309.565
303.387
312.076
318.572
302.687
285.395
297.965
301.681
282.778
278.001
272.743
271.067
282.252
285.201
280.115
279.23
304.191
285.898
260.498
277.84
295.79
293.078
297.022
294.062
270.114
250.954
254.748
295.865
292.319
281.753
272.718
281.374
292.409
290.433
284.409
281.872
284.561
283.351
285.197
288.899
287.774
286.74
285.708
284.695
283.126
284.781
287.732
287.748
285.901
283.722
281.907
280.932
280.821
282.054
283.331
284.738
286.494
287.686
288.465
288.384
287.875
287.74
288.602
288.978
290.477
289.779
291.365
291.769
292.022
293.034
293.379
295.607
291.608
289.104
290.559
290.121
289.988
293.856
296.223
295.113
292.047
289.229
287.797
287.488
287.24
286.038
285.154
284.964
285.264
286.081
287.796
289.931
290.225
287.276
284.282
284.441
288.249
294.098
298.969
299.729
297.246
296.324
297.619
300.953
304.162
304.813
302.096
301.141
304.53
307.526
306.575
303.36
300.673
299.89
301.113
300.71
298.317
296.324
294.869
293.592
291.792
291.454
293.241
293.275
294.396
292.853
287.922
285.968
282.258
281.212
281.452
279.896
281.584
283.346
284.113
287.707
289.288
284.926
292.074
281.585
298.195
289.956
297.402
294.669
297.505
295.906
300.193
301.157
296.903
305.941
296.344
298.467
300.155
288.85
298.69
290.203
295.048
292.394
296.6
295.359
289.164
299.181
288.875
290.973
284.23
285.56
283.596
290.1
292.28
291.32
296.909
294.35
298.835
301.613
299.181
308.536
304.223
307.89
307.778
307.038
310.368
304.044
318.381
323.325
300.809
286.078
278.745
273.453
263.257
268.815
275.405
270.089
275.006
287.042
279.226
272.755
304.003
287.65
261.47
280.223
287.327
286.696
312.379
318.091
280.925
257.272
260.855
297.041
295.91
289.906
282.905
289.244
295.384
290.36
284.956
283.612
285.981
285.268
284.089
287.377
287.872
286.688
285.796
284.824
282.853
283.97
287.047
288.134
286.134
284.84
285.769
285.989
284.379
283.398
283.682
284.967
287.519
289.09
289.701
289.946
290.155
289.255
289.324
289.385
289.319
291.423
290.57
294.406
292.54
294.151
293.338
294.98
295.375
290.692
289.43
291.017
290.746
291.419
296.384
296.818
292.142
289.392
288.735
288.183
288.078
287.942
287.696
287.466
287.687
288.287
288.887
289.147
289.266
288.289
286.041
285.686
289.361
295.236
299.437
298.527
295.974
295.742
298.316
302.791
305.702
303.666
299.555
299.739
303.946
306.453
304.523
301.243
299.878
300.922
304.126
305.319
303
300.058
297.804
295.817
295.359
296.032
295.385
294.743
291.649
287.225
284.325
283.474
283.568
283.111
283.861
286.414
286.6
288.302
287.625
289.049
293.026
290.471
295.199
286.834
294.542
292.144
296.836
294.749
297.486
294.765
297.648
299.271
296.63
304.958
297.524
301.611
301.696
292.892
299.204
292.065
296.215
291.539
295.452
296.014
290.593
300.377
293.786
296.459
293.938
290.809
293.328
295.495
298.232
299.656
300.983
300.104
305.317
304.159
304.316
308.989
304.259
308.353
308.356
308.285
309.397
307.049
323.136
320.057
287.37
282.556
268.655
254.411
252.134
266.431
281.989
274.392
272.549
288.21
278.203
270.412
300.755
282.872
263.704
282.513
279.507
284.2
324.186
331.195
286.946
265.433
265.978
297.835
298.096
295.699
291.433
296.821
302.915
298.457
288.635
283.771
284.262
285.808
285.645
287.752
288.749
287.793
287.244
287.827
287.976
288.498
290.033
289.339
284.929
282.163
283.284
284.896
283.657
281.374
282.334
284.343
286.536
287.949
288.402
287.926
288.032
288.879
288.749
290.95
288.357
293.272
291.439
293.64
294.16
293.535
296.02
294.44
296.245
294.811
291.037
287.976
290.038
292.804
294.781
297.091
293.995
289.554
289.029
289.506
289.588
289.231
289.065
289.23
289.641
290.079
290.008
288.177
285.261
284.064
285.53
288.565
292.517
296.901
299.046
297.112
295.281
295.86
298.852
303.227
305.326
302.93
300.062
300.62
302.997
302.836
299.492
297.401
297.205
298.574
300.996
301.054
298.384
296.405
294.539
292.715
290.978
292.589
295.508
294.923
292.42
287.208
282.669
281.287
281.832
284.958
287.962
292.101
294.037
295.622
296.244
295.608
296.376
295.422
297.882
294.24
295.844
293.58
297.156
296.831
298.776
296.011
295.895
297.331
297.027
301.817
298.654
302.814
302.493
297.576
298.91
295.018
298.514
292.795
296.502
295.011
292.788
299.806
295.132
299.261
297.376
294.857
300.246
297.055
301.962
303.949
302.396
305.39
306.652
304.811
308.083
307.571
306.045
309.022
308.267
308.614
308.998
314.306
322.932
308.229
271.439
273.568
268.279
253.46
253.007
271.226
290.377
278.516
272.947
289.964
274.929
269.53
292.394
275.945
268.656
280.563
276.557
292.199
329.07
323.709
285.409
271.547
267.439
298.367
299.271
299.129
297.828
300.519
304.122
302.975
294.936
287.651
285.047
284.788
284.182
285.954
288.32
288.774
288.247
288.692
289.49
290.011
290.249
288.488
283.411
279.645
281.493
285.249
286.733
283.901
281.735
283.132
286.358
288.808
289.335
289.818
289.313
290.215
288.325
290.898
290.418
291.82
296.638
294.295
296.68
293.564
293.958
295.869
295.97
296.161
295.758
292.984
287.286
290.224
295.211
296.254
294.681
291.109
289.574
289.957
290.436
290.547
290.494
290.452
290.015
289.406
288.805
288.401
287
284.807
285.382
289.058
293.786
297.472
297.597
295.202
294.527
296.614
300.246
303.86
304.591
301.858
299.31
299.461
300.951
301.488
300.393
300.243
299.743
298.145
297.959
298.373
298.075
296.932
294.466
291.542
292.772
295.418
296.452
293.58
287.56
282.372
280.94
283.455
287.278
291.462
294.661
297.653
298.445
298.526
298.969
299.546
299.219
298.402
298.405
299.194
299.76
297.527
298.136
298.855
300.068
298.83
296.736
296.636
296.683
299.525
299.603
302.581
303.053
302.075
299.99
300.232
300.018
296.84
299.42
296.178
297.563
299.39
297.692
301.904
298.366
299.8
302.502
298.896
305.319
304.246
303.597
308.289
306.095
306.255
308.537
306.324
307.012
308.661
309.879
306.738
313.53
321.88
316.38
293.548
261.488
265.192
273.071
266.726
262.627
280.708
300.578
281.34
275.452
295.446
274.068
271.604
284.122
271.397
275.54
275.94
282.249
303.456
320.956
300.356
279.514
270.975
262.64
298.709
299.703
300.566
301.653
301.522
298.883
294.913
290.199
286.8
285.999
285.589
283.854
283.964
285.724
287.026
287.163
287.372
287.801
288.257
288.123
287.488
285.519
282.282
283.997
289.086
288.853
283.425
281.452
285.444
288.61
289.813
289.872
289.369
289.447
290.334
290.883
289.678
293.935
291.116
295.176
296.715
296.973
299.139
296.826
296.07
297.769
298.82
295.466
295.918
292.919
287.63
292.675
297.104
295.299
291.756
289.928
290.374
291.239
291.588
291.442
291.098
290.735
290.049
288.5
286.956
286.963
287.917
289.169
292.096
295.63
297.8
296.382
293.176
293.632
296.929
301.23
304.664
305.031
302.736
300.591
299.754
300.22
300.195
298.936
299.399
299.869
297.532
297.996
300.063
300.909
300.416
297.992
295.011
294.189
297.823
298.309
292.76
285.854
281.335
281.3
285.875
292.116
297.175
300.215
301.253
300.735
300.097
298.201
297.577
297.28
297.828
296.622
298.197
299.613
299.266
299.124
300.042
300.697
300.138
297.722
296.709
296.102
297.566
299.265
300.257
303.128
303.249
301.732
303.842
300.874
302.493
301.453
299.847
302.068
299.8
301.877
302.187
300.559
303.312
302.373
301.849
307.319
304.055
305.74
309.431
304.599
307.196
308.265
304.882
308.242
308.892
309.083
307.283
321.395
321.257
305.075
277.686
258.674
265.567
276.473
276.095
270.607
284.914
302.429
281.59
277.051
297.939
274.683
276.656
279.324
272.44
277.694
273.117
296.011
308.013
301.906
278.679
276.824
266.112
256.958
298.892
299.679
300.877
302.704
303.332
299.717
292.99
287.193
284.984
286.513
288.256
287.517
286.921
287.8
289.438
290.017
290.469
291.244
290.652
290.601
291.618
290.185
287.207
288.974
291.832
287.642
281.515
280.274
282.788
286.161
287.12
288.524
289.58
290.934
289.53
290.754
291.058
292.516
296.052
293.589
295.325
296.715
296.235
298.942
298.855
296.101
299.757
301.108
296.339
296.6
291.459
288.977
295.473
296.948
293.177
290.546
290.526
291.525
292.182
292.301
291.852
290.76
289.553
288.841
287.768
287.534
289.296
292.138
294.818
297.106
298.155
295.873
293.28
294.46
298.376
302.92
305.894
306.074
304.721
303.196
302.676
301.973
300.282
297.54
297.719
298.301
296.107
296.152
297.837
297.29
295.206
291.414
288.157
291.329
296.561
295.965
288.52
280.83
280.208
286.13
293.626
299.339
301.152
300.624
298.044
295.345
293.512
291.74
291.239
290.277
291.512
291.055
293.039
296.019
297.206
297.926
299.48
300.891
300.345
298.461
296.807
295.35
295.82
297.394
298.54
302.627
302.41
303.971
304.403
303.187
306.135
302.778
304.207
303.677
301.826
304.792
301.528
303.592
304.144
303.366
305.682
307.726
303.872
308.385
307.673
303.233
308.927
306.185
304.727
310.346
308.138
308.055
314.664
321.43
312.915
293.667
266.303
258.316
266.734
277.629
279.144
279.099
289.495
297.807
279.016
278.515
296.48
275.584
282.196
277.032
277.185
274.123
276.48
309.65
302.759
282.211
266.906
274.245
259.832
253.336
298.547
298.228
299.416
302.549
304.03
299.285
290.599
283.669
281.61
283.701
285.477
285.622
286.22
287.546
288.91
289.729
290.484
290.319
289.487
290.339
290.423
287.077
286.274
287.312
285.493
281.129
277.859
279.483
282.891
286.651
289.259
290.621
291.502
290.131
291.542
289.877
293.531
292.672
293.642
297.335
295.928
298.211
298.478
297.138
300.831
298.363
295.87
301.92
300.2
297.001
296.237
289.343
291.724
297.25
295.073
291.267
290.378
291.392
292.388
292.409
291.751
290.81
290.026
289.754
289.247
288.205
288.851
292.148
295.512
297.876
298.033
295.475
293.081
294.722
298.481
302.649
305.125
305.614
304.669
304.092
304.589
303.545
301.753
297.802
297.423
298.33
296.566
296.461
297.152
297.749
297.724
294.958
292.099
294.062
298.228
293.376
283.68
280.246
284.433
293.118
300.487
302.521
300.33
296.471
292.059
288.696
286.349
284.997
284.812
284.157
285.612
285.209
285.896
289.167
291.664
294.295
296.137
298.61
298.93
298.371
296.625
294.482
294.226
295.187
297.653
300.957
301.905
305.003
303.785
305.509
306.335
303.702
306.79
303.252
304.342
304.966
302.27
306.576
304.298
306.168
308.285
305.907
305.107
308.984
304.261
304.345
309.132
304.048
306.174
311.388
306.536
310.882
323.241
314.843
302.944
281.986
262.361
258.904
266.084
276.503
280.45
284.733
290.118
290.01
277.734
283.991
295.772
278.192
286.278
278.027
282.306
269.387
285.162
312.171
292.276
273.962
269.628
271.127
255.343
248.996
298.609
297.423
299.613
301.326
302.639
300.232
292.464
284.21
280.22
279.817
280.23
279.837
280.22
280.928
281.39
281.989
282.555
282.284
282.533
282.874
281.805
281.058
281.089
279.949
279.175
280.629
281.048
282.169
285.13
287.879
290.111
289.521
291.257
290.008
291.015
291.657
292.132
295.834
294.741
296.359
296.141
297.361
300.613
297.79
299.167
301.385
296.968
299.697
303.204
298.086
297.904
293.478
288.949
295.354
297.007
292.528
290.243
290.935
292.309
293.032
292.669
291.847
290.783
289.675
289.312
288.885
288.809
290.952
294.342
297.007
297.687
295.471
293.478
295.148
298.292
301.375
303.279
304.665
303.921
304.647
304.53
303.355
302.195
297.892
297.175
298.612
296.968
295.594
296.689
297.566
297.164
292.263
289.132
294.469
297.969
290.769
282.324
282.495
291.348
300.683
303.785
301.466
296.536
291.262
287.464
285.685
284.348
283.206
282.436
281.45
282.476
282.316
282.127
284.071
286.182
289.913
292.033
295.566
296.518
297.497
296
294.126
293.282
294.146
297.206
299.605
302.222
304.711
303.528
306.83
304.809
305.475
306.963
303.454
306.932
304.366
305.028
308.192
304.763
308.822
307.018
304.853
307.165
307.114
302.814
306.31
308.004
302.963
308.779
310.996
305.008
319.02
326.235
304.573
293.97
275.731
260.896
256.474
266.514
277.602
284.798
288.234
288.48
285.406
282.444
294.549
297.841
283.394
289.866
281.365
283.567
267.493
297.705
306.287
281.895
272.458
274.159
264.138
251.907
244.083
297.661
295.363
295.134
298.984
303.535
300.575
294.083
289.907
284.237
283.211
283.27
282.801
281.808
281.499
281.734
282.068
281.844
281.958
282.107
281.886
282.197
283.657
282.66
282.671
285.11
287.809
286.96
285.692
287.942
289.033
290.381
291.456
290.764
291.754
291.746
293.845
294.121
295.251
295.61
298.401
300.413
299.603
300.971
300.574
299.519
301.74
298.971
298.359
303.678
300.854
297.539
297.349
290.015
291.49
297.436
294.897
290.677
290.686
292.396
293.421
293.469
292.77
291.15
289.049
288.474
289.84
290.877
291.731
293.418
295.512
296.559
295.01
293.534
294.876
297.107
298.726
299.844
301.852
301.366
302.714
301.206
300.516
300.137
295.545
295.455
296.761
294.301
294.552
296.101
296.797
295.338
289.226
288.198
294.513
295.543
284.83
278.965
285.244
296.266
303.107
302.479
297.472
291.762
288.001
285.963
285.008
284.404
284.166
284
283.071
282.726
281.712
280.793
281.153
282.292
285.731
287.618
291.687
293.138
295.671
294.621
293.741
292.444
293.931
296.647
298.848
302.299
303.385
304.015
306.202
304.124
307.482
305.782
305.812
308.037
304.681
308.253
307.379
305.685
309.518
304.528
306.265
308.215
304.264
303.841
307.764
305.862
303.611
311.726
308.967
307.555
327.621
323.108
295.055
286.124
274.04
261.16
256.182
267.132
277.442
288.22
288.03
286.365
287.284
292.681
304.276
300.679
291.286
291.888
287.654
283.38
270.02
307.323
299.22
278.45
274.813
272.604
256.221
250.884
241.617
298.22
296.826
297.132
302.195
303.883
302.349
295.589
293.199
291.23
290.925
291.049
290.997
290.28
290.194
290.38
290.377
290.59
290.204
290.428
290.388
290.482
291.743
291.281
290.924
291.97
290.57
289.399
289.07
289.32
290.606
290.68
290.915
290.923
291.917
291.97
292.637
292.904
294.979
296.393
296.463
298.022
299.803
301.532
301.266
299.753
301.951
301.344
298.361
302.65
304.5
298.342
298.493
294.565
289.062
294.737
297.34
292.897
290.134
291.43
293.216
294.07
293.615
292.27
290.023
288.075
288.472
290.743
292.33
292.849
293.499
294.107
293.45
293.101
294.722
296.216
296.2
296.1
297.417
296.914
298.943
296.823
297.134
296.77
292.591
292.996
294.041
293.533
295.797
296.492
296.285
294.846
289.157
291.493
299.234
295.562
284.723
283.81
292.453
302.589
304.944
300.323
294.344
289.342
286.621
285.68
285.506
285.184
285.119
285.02
284.727
284.434
283.361
281.924
280.546
280.338
282.672
284.006
287.821
289.445
293.138
292.817
293.214
291.646
293.857
295.671
298.548
301.643
302.451
304.544
304.847
305.376
308.007
305.588
308.647
307.139
306.365
309.332
305.457
307.307
308.218
304.202
308.853
306.297
302.268
306.46
307.202
304.207
306.528
312.627
307.533
312.422
331.961
315.619
287.02
279.196
274.242
263.158
255.413
266.255
276.134
290.963
288.932
287.229
294.211
302.09
307.241
302.23
298.127
294.5
296.102
279.995
276.006
311.513
294.166
279.452
274.67
264.809
250.185
251.478
241.23
298.494
298.237
299.593
300.853
300.153
298.876
298.006
292.893
293.332
292.981
292.776
292.503
292.225
292.075
292.467
292.329
292.163
292.49
292.553
292.447
292.684
292.049
292.289
291.352
290.686
290.301
289.513
289.861
290.606
291.274
291.365
291.931
291.83
292.005
292.358
293.75
295.365
295.363
296.726
298.621
300.659
300.014
300.78
301.941
300.974
301.389
303.149
299.869
300.375
305.411
301.497
297.888
298.017
290.881
290.699
296.9
295.746
290.921
290.3
292.687
294.411
294.576
293.491
291.151
288.085
286.545
288.968
292.837
294.515
294.131
293.226
291.737
291.772
293.324
294.666
293.798
292.86
292.599
292.805
295.237
293.162
293.464
293.292
290.064
291.1
292.955
294.179
295.52
294.542
295.93
292.883
287.911
292.023
296.759
289.541
279.85
283.247
294.616
303.239
302.723
297.085
291.41
287.806
286.741
286.583
286.478
286.285
286.471
286.552
286.182
285.495
284.593
283.454
281.62
280.534
281.182
281.738
284.615
286.258
290.456
291.001
292.358
290.922
293.394
294.466
298.153
300.388
302.166
304.267
304.396
307.077
307.149
306.868
309.402
305.863
308.3
307.531
305.257
309.051
306.694
306.085
308.944
302.347
303.51
308.519
304.977
304.727
310.2
312.354
307.936
318.575
329.529
305.923
281.912
274.651
275.529
266.585
253.947
264.73
276.059
295.13
293.723
291.619
301.615
306.323
305.33
303.712
302.453
296.887
302.609
277.932
287.225
310.183
289.931
280.941
270.149
254.986
248.988
251.462
241.679
297.595
298.194
300.456
296.988
297.522
295.718
296.833
292.917
293.471
293.029
292.87
292.623
292.578
292.618
292.262
292.371
292.357
292.049
292.125
291.936
291.868
291.741
291.188
290.833
291.116
290.882
290.507
291.339
291.478
292.382
292.023
291.823
292.007
292.629
294.212
294.186
294.956
295.318
297.459
297.48
299.664
301.11
301.8
302.71
302.611
300.874
303.42
302.522
299.974
304.256
305.394
298.689
298.681
295.337
289.101
293.617
297.261
293.595
289.986
291.111
293.751
294.756
294.237
292.982
290.369
287.164
286.989
290.783
294.274
295.079
293.757
291.456
290.776
292.113
293.021
292.518
291.419
289.62
289.959
291.639
289.28
289.629
290.855
288.346
290.122
292.662
293.428
293.874
294.216
296.809
292.985
289.53
295.36
297.899
288.516
282.712
289.934
300.462
306.225
302.227
295.074
289.566
286.611
286.312
286.376
286.387
286.632
287.178
287.316
287.124
286.413
285.626
284.504
282.615
281.546
280.999
280.968
282.592
284.158
288.148
289.661
291.334
290.468
292.54
293.581
297.48
299.366
302.133
303.614
305.056
307.502
306.24
308.324
307.849
305.681
309.07
305.619
307.664
309.745
305.967
307.212
305.754
300.206
306.934
307.919
303.166
308.218
312.668
310.704
310.258
323.072
322.354
298.022
279.641
272.737
274.903
270.24
254.189
265.599
276.697
297.589
297.906
294.303
304.929
303.691
301.454
304.838
303.919
301.058
306.405
276.484
297.655
307.447
290.317
281.383
262.391
247.997
252.228
251.68
242.98
298.69
297.248
298.216
294.403
296.356
295.081
295.569
293.756
294.025
293.858
293.582
293.602
293.394
293.363
293.285
292.975
292.958
292.885
292.744
292.46
292.937
292.527
292.38
292.663
292.123
292.281
291.852
292.636
292.619
292.234
292.251
292.332
293.167
293.01
294.432
294.864
296.979
296.945
298.558
300.256
301.199
302.121
301.693
301.978
304.019
302.33
303.077
304.453
300.988
302.067
306.424
301.912
297.848
298.258
291.85
289.843
295.819
296.53
291.645
289.76
292.416
294.539
294.925
294.115
291.979
288.041
285.733
288.02
292.62
295.663
295.219
292.822
291.048
291.62
291.923
292.621
291.632
288.811
287.75
288.287
285.592
286.891
288.54
286.255
289.68
291.388
292.082
293.355
295.127
297.584
291.109
289.042
295.15
294.963
285.461
282.043
291.179
301.854
305.511
299.36
292.026
287.702
286.823
287.765
287.736
287.654
287.92
288.445
288.608
288.523
287.803
286.884
285.548
283.518
282.436
281.138
280.906
281.266
282.998
286.287
288.753
290.176
289.911
291.164
292.849
296.613
298.753
301.982
303.218
305.894
306.617
306.114
308.674
305.86
307.026
308.852
305.848
310.695
308.47
305.293
306.102
301.809
301.908
309.852
305.43
303.701
312.783
313.083
309.521
314.224
324.516
313.497
291.159
278.846
273.445
272.864
273.172
255.459
267.688
279.676
300.472
303.003
296.504
306.168
300.2
299.095
305.546
303.373
305.556
305.915
276.593
307.699
305.006
291.95
277.449
254.314
247.427
257.365
253.711
245.759
297.673
295.506
296.991
295.462
296.735
295.211
294.954
294.087
294.015
294.068
293.795
293.645
293.222
293.094
292.959
292.657
292.557
292.228
292.381
292.297
292.256
292.37
292.13
292.4
292.239
292.248
292.479
292.422
292.578
292.179
293.139
292.449
293.447
293.517
295.39
295.508
296.411
298.491
298.851
300.563
299.875
301.383
302.728
302.006
303.589
303.537
301.925
304.66
303.229
301.286
305.607
305.751
299.012
298.368
296.041
289.629
292.043
296.654
294.846
290.704
290.683
293.267
295.157
295.407
294.502
291.286
287.063
285.989
289.51
293.914
295.841
294.969
293.007
292.659
292.416
292.76
292.235
288.161
285.757
285.686
282.244
284.158
285.31
284.79
288.975
289.962
291.798
293.851
296.407
296.54
290.078
291.037
297.301
294.58
284.543
284.274
295.44
305.017
305.821
297.18
290.161
287.099
287.124
288.146
287.627
287.363
287.67
288.267
288.985
289.662
289.57
288.731
286.993
284.702
283.296
281.397
281.078
280.522
282.444
284.91
288.132
288.843
289.381
289.624
292.534
295.917
298.611
301.735
303.25
306.086
305.607
306.65
307.974
305.19
309.114
308.482
308.105
311.707
305.439
303.942
303.64
300.459
305.535
309.512
303.038
306.84
315.481
311.147
309.391
318.799
323.057
304.866
287.137
278.955
275.484
272.177
274.246
258.732
269.375
283.502
304.108
306.308
298.168
307.499
300.766
298.219
303.59
302.364
312.008
300.553
279.655
312.434
299.245
291.99
270.15
250.604
255.52
259.477
256.966
248.251
296.859
294.989
297.142
294.467
294.382
294.617
294.946
294.502
293.809
293.604
293.329
293.338
293.133
292.974
292.887
292.788
292.712
292.569
292.558
292.49
292.594
292.445
292.353
292.24
292.276
292.404
292.378
292.07
292.9
292.851
293.147
292.869
294.346
294.944
295.186
296.385
296.514
298.857
298.395
300.977
301.983
302.054
303.065
302.56
303.062
305.296
302.765
304.315
305
301.372
303.726
307.254
302.037
298.119
298.086
292.688
289.646
294.278
296.416
293
290.716
292.062
294.214
295.498
295.581
293.683
289.126
285.892
286.675
290.391
294.114
294.884
294.059
294.029
293.814
293.591
293.54
288.941
285.954
284.67
279.937
282.182
283.291
284.108
288.432
289.367
292.302
294.4
297.208
295.676
289.521
292.354
296.304
291.439
283.37
286.422
298.792
306.7
304.371
294.584
288.855
287.532
288.788
289.426
287.619
286.593
286.768
287.516
288.501
289.552
290.081
290.088
288.814
286.543
284.66
281.874
281.19
279.932
281.933
283.723
287.369
287.398
288.496
288.4
292.61
295.099
298.67
301.506
303.313
305.762
305.016
307.443
306.939
306.538
311.368
308.18
310.489
309.271
301.908
302.918
301.401
302.19
308.592
307.76
302.774
310.443
314.083
307.302
310.323
322.743
319.311
298.676
285.416
280.307
277.886
273.482
273.379
261.137
268.367
286.719
307.286
309.353
300.66
307.789
304.254
298.982
300.386
303.292
316.022
294.118
285.608
314.813
299.208
289.182
262.552
251.268
267.507
257.338
257.756
250.544
297.033
297.882
297.104
295.727
295.459
294.779
293.843
294.175
294.202
294.008
293.302
292.993
292.807
292.97
292.926
293.019
293.031
292.776
292.966
292.745
292.946
292.877
292.835
292.84
292.97
292.684
292.959
292.938
293.196
293.185
293.689
294.176
294.264
295.496
295.754
297.38
297.21
299.683
300.542
300.934
302.171
301.763
303.344
304.207
303.071
305.397
303.421
303.369
305.868
302.869
302.658
307.183
305.538
298.801
298.254
296.162
289.911
291.018
296.267
295.353
291.257
290.908
292.823
294.874
296.441
295.962
292.342
287.872
285.966
287.903
292.041
293.539
294.485
294.575
294.495
293.194
293.124
288.835
285.115
283.113
277.772
281.22
281.5
283.937
288.509
289.531
293.331
295.177
297.716
294.205
288.932
293.221
296.182
290.609
283.499
288.748
301.204
307.128
302.259
291.977
287.553
287.567
289.169
288.822
286.054
284.736
284.952
285.826
287.173
288.473
289.335
290.066
289.846
288.495
286.457
283.26
281.727
279.79
281.593
282.508
286.464
285.953
287.61
287.397
292.91
294.734
298.684
301.268
303.068
305.604
304.956
307.926
306.928
308.491
312.835
307.727
310.542
305.433
298.993
302.56
300.909
305.42
309.122
306.212
305.07
311.948
309.701
303.988
313.496
324.617
314.479
294.91
286.182
282.586
280.151
276.012
272.624
263.789
266.499
289.673
308.619
310.976
303.304
305.526
309.323
300.973
297.937
305.541
316.851
287.551
294.155
314.295
299.81
284.625
256.431
254.615
272.952
255.332
252.381
252.95
296.044
295.68
293.592
293.83
294.449
294.231
293.323
292.735
293.116
293.795
293.702
293.318
292.784
292.886
293.057
293.195
293.211
293.075
293.13
292.904
293.094
292.788
293.097
292.873
293.187
293.129
293.128
293.036
293.224
293.989
293.682
294.554
295.174
296.568
296.535
298.177
298.882
299.98
301.096
300.894
303.092
302.447
303.157
304.186
303.356
305.26
305.229
303.142
306.144
304.298
302.352
305.597
307.783
301.516
297.568
297.981
293.481
289.023
292.935
296.793
294.001
290.995
291.707
293.662
295.625
296.453
294.772
290.101
286.733
285.901
288.617
290.382
292.883
294.153
295.048
293.408
293.332
289.171
285.185
283.156
277.758
281.514
280.897
285.214
289.32
290.57
294.244
295.424
297.647
292.571
288.68
294.82
295.531
288.758
283.799
291.666
304.409
308.374
300.845
290.778
288.296
289.372
290.511
288.512
284.477
282.77
283.085
283.92
285.055
286.113
287.333
289.115
290.148
289.928
288.287
284.931
282.913
280.219
281.359
281.713
285.268
284.557
286.858
287.177
293.211
293.98
298.921
301.13
302.792
305.709
305.271
308.367
308.093
310.977
312.793
306.97
308.504
300.786
298.204
302.557
301.827
308.789
308.195
305.75
307.42
310.031
304.243
303.702
318.141
324.726
310.047
294.088
288.448
285.793
282.348
278.388
272.943
265.735
265.786
293.372
310.032
312.439
304.79
302.679
315.123
304.38
298.087
309.842
313.036
283.082
303.422
309.259
296.096
277.494
253.788
257.688
267.156
253.145
243.221
254.141
295.657
292.449
292.594
291.811
292.599
294.764
295.186
293.103
292.29
293.243
293.87
293.913
293.227
293.165
293.114
293.285
293.302
293.052
293.363
292.751
293.343
292.905
293.273
293.206
293.613
293.688
293.266
293.872
293.701
294.346
294.364
295.751
295.889
296.971
297.352
298.357
299.337
300.109
301.944
301.636
303.148
302.81
304.209
305.576
304.608
304.766
306.402
303.233
305.824
306.269
302.928
304.928
308.19
305.303
299.099
297.271
296.776
291.612
289.527
294.343
296.454
292.973
290.735
291.666
294.556
296.612
296.866
293.166
289.819
286.596
287.758
287.846
289.695
291.222
292.86
291.426
291.391
287.502
284.42
282.666
277.202
281.619
280.751
286.672
290.249
291.39
294.436
296.013
297.127
290.722
289.211
295.376
293.996
287.46
284.5
294.421
306.205
307.241
297.475
288.262
287.435
289.192
289.63
286.508
282.157
280.584
280.908
281.751
282.719
283.31
284.462
286.982
289.581
290.973
289.833
286.894
284.646
281.438
281.689
281.126
284.549
283.751
286.287
287.645
293.362
293.805
298.686
300.748
302.67
306.349
305.613
309.39
309.229
311.998
311.772
303.512
305.751
296.818
298.908
303.697
303.293
310.556
306.91
306.846
308.693
308.395
301.982
309.221
323.536
322.082
305.983
295.106
292.455
290.139
284.748
280.208
274.657
266.59
266.008
296.942
310.292
314.334
305.032
301.203
318.641
308.561
299.986
312.387
307.327
283.294
311.462
305.811
294.518
268.405
252.247
257.309
260.603
251.162
239.068
254.003
296.75
291.991
292.211
291.455
292.97
295.902
295.592
293.701
292.526
292.977
293.495
293.969
293.48
293.45
293.194
293.275
293.393
293.015
293.54
293.042
293.601
293.189
293.579
293.525
293.684
294.06
294.136
294.66
294.093
295.407
295.251
296.33
296.767
297.567
298.359
298.932
300.528
300.569
301.521
301.622
303.531
303.889
304.073
305.374
304.88
305.207
307.28
304.764
304.542
307.417
303.92
303.739
307.91
307.581
302.403
297.846
297.364
295.515
290.554
290.122
294.69
296.172
293.246
290.896
292.374
294.491
297.005
295.714
292.572
287.893
287.528
286.258
287.319
288.334
289.978
288.776
288.62
284.79
282.798
281.251
277.629
283.004
281.748
289.304
291.144
292.215
295.005
296.142
295.791
289.114
290.025
295.892
292.722
287.225
286.833
298.229
308.931
307.451
295.957
288.591
289.814
291.245
289.57
284.816
280.007
278.825
279.157
279.549
279.708
279.802
281.007
284.008
287.888
291.169
291.071
288.817
286.304
283.232
282.745
281.451
284.387
283.393
286.935
288.178
293.002
293.484
298.835
301.448
302.672
307.451
305.823
310.767
311.854
310.376
309.849
299.882
302.637
296.018
300.302
305.726
304.935
311.992
306.358
307.714
307.778
307.206
307.105
318.743
326.291
318.703
304.567
298.343
297.968
294.772
287.408
281.414
276.6
267.104
268.008
301.535
310.691
315.961
304.542
299.699
316.374
313.015
304.01
313.826
298.894
284.095
312.343
300.936
293.584
261.759
250.439
258.336
260.432
250.695
241.145
252.48
295.871
293.515
293.635
292.428
293.735
295.316
294.634
294.214
293.725
293.731
293.741
294.083
293.804
293.799
293.711
293.526
293.741
293.375
293.819
293.487
294.015
293.809
293.964
294.095
293.783
294.787
294.478
295.479
295.158
296.09
296.679
297.347
297.937
298.207
299.658
299.88
300.763
300.716
302.159
302.948
303.51
304.541
305.047
306.813
306.163
305.755
306.902
306.286
304.683
307.865
307.079
303.472
306.981
309.51
305.824
300.185
297.213
296.68
295.031
291.054
290.515
293.693
295.518
292.859
291.794
292.11
294.983
296.853
296.543
292.647
289.885
287.829
285.871
285.983
286.978
286.08
285.924
282.041
281.471
281.185
279.321
284.201
282.873
291.337
290.799
292.41
294.968
296.294
294.69
287.821
291.178
295.768
291.322
286.731
288.027
300.819
309.875
304.785
291.968
286.723
289.131
289.848
286.762
281.944
277.983
277.748
278.152
278.271
277.707
277.048
278.068
280.784
285.03
290.189
292.353
290.651
288.092
284.73
283.855
282.791
285.151
284.226
287.594
288.97
292.004
293.464
298.581
301.186
303.622
308.461
306.494
311.234
313.079
306.793
305.501
297.974
300.006
296.716
302.209
307.24
306.995
313.413
304.698
303.998
306.705
307.431
315.314
328.265
326.968
315.51
304.441
302.575
304.168
299.517
289.804
282.407
278.383
267.225
269.948
304.612
310.886
318.22
304.033
298.036
311.296
315.336
309.255
313.926
290.28
289.776
314.006
298.313
290.015
257.216
251.312
258.305
261.16
250.328
241.957
249.06
294.885
293.878
293.884
293.745
294.288
294.765
294.529
294.521
294.302
294.249
294.026
294.062
293.919
293.8
293.915
293.628
293.976
293.753
293.949
293.768
293.996
294.286
294.353
294.848
294.652
295.384
295.589
296.223
296.518
297.435
297.961
298.272
299.047
299.333
300.404
300.566
301.792
302.185
302.307
303.579
304.306
305.996
305.469
306.153
307.066
306.447
307.417
307.524
305.291
306.631
308.573
305.106
305.053
309.263
308.922
303.819
298.868
296.667
296.612
294.297
291.75
291.211
293.726
294.604
294.016
292.735
292.533
293.833
296.018
295.344
292.726
292.181
287.898
287.406
286.665
286.134
286.107
281.948
283.353
281.6
281.026
284.985
284.22
293.544
290.553
294.216
296.368
296.239
293.056
286.802
292.741
295.474
289.477
287.272
291.903
305.52
312.33
303.766
290.703
288.562
291.516
289.641
284.589
279.855
277.143
278.237
278.385
278.041
277.087
276.76
277.705
279.581
282.37
287.93
292.338
293.407
289.799
286.312
284.708
284.004
286.492
285.044
288.896
288.562
291.505
295.165
299.308
303.239
303.848
308.22
307.811
310.838
312.394
303.68
301.364
296.001
300.561
298.459
303.771
307.906
307.656
314.393
303.568
299.132
303.893
308.757
319.817
330.964
327.225
313.361
304.953
307.529
310.052
303.358
292.047
283.587
279.519
267.737
272.064
306.421
310.337
319.837
304.15
296.395
305.781
317.072
314.652
308.107
286.088
298.636
310.074
293.362
284.012
252.766
252.496
254.118
261.426
249.699
240.15
241.813
294.147
294.689
295.03
294.702
294.789
294.796
294.626
294.506
294.316
294.269
294.104
294.125
294.171
294.098
294.134
294.052
294.14
294.403
294.389
294.485
294.622
294.888
295.499
295.787
296.159
296.798
296.939
297.759
298.048
298.49
298.806
299.48
300
300.163
301.428
302.108
302.116
302.876
303.279
304.873
304.559
305.665
306.781
306.244
307.61
306.646
306.44
308.389
306.952
306.047
309.333
308.385
305.048
307.711
310.326
307.182
302.059
298.449
295.873
295.828
294.816
292.066
291.427
293.419
293.505
293.905
293.278
293.237
294.585
296.108
294.033
295.519
291.169
290.739
288.248
288.047
288.029
284.93
287.274
283.747
286.523
288.061
288.517
296.843
291.519
296.196
296.348
295.409
291.1
286.5
294.569
293.977
288.31
289.202
295.192
307.837
311.172
298.758
286.821
288.262
291.033
286.524
281.409
278.274
277.793
280.65
280.981
281.074
280.457
280.815
282.092
283.017
283.055
285.887
291.237
294.376
293.341
288.118
285.223
285.119
285.641
285.373
287.352
286.143
291.014
295.29
300.531
303.783
305.077
308.973
308.152
309.746
308.665
298.867
300.22
296.094
299.302
301.266
303.275
309.358
305.362
312.729
303.9
297.405
301.152
307.543
318.481
325.939
324.152
312.852
308.114
312.843
314.94
306.73
293.846
284.662
280.234
268.151
272.974
305.811
309.903
320.333
304.98
295.763
302.652
313.321
312.928
298.138
283.653
304.222
301.957
291.965
275.415
247.076
253.448
253.686
258.275
249.916
243.053
239.315
294.414
294.62
294.694
294.608
294.498
294.301
294.232
294.165
294.194
294.141
294.02
294.167
294.106
294.464
294.398
294.515
294.623
294.777
295.092
295.24
295.631
295.995
296.518
296.97
297.307
297.741
298.063
298.867
298.812
299.412
299.685
300.364
300.946
301.756
302.167
302.366
303.141
304.037
304.497
305.342
306.493
306.3
307.219
306.858
306.97
308.045
307.026
307.384
308.793
305.927
306.884
309.749
306.906
305.261
309.925
310.241
305.21
300.558
298.568
297.46
294.685
294.719
291.625
292.81
293.574
294.028
293.569
292.73
292.805
295.169
293.281
296.415
293.942
294.573
290.913
291.077
290.548
288.135
290.533
287.3
291.174
289.74
292.495
297.72
290.562
297.2
296.76
294.438
289.33
287.365
295.939
291.93
288.122
292.019
298.906
310.798
311.588
296.479
286.627
289.976
290.023
282.826
279.396
278.483
280.385
284.499
285.189
286.679
287.955
289.949
291.612
292.127
289.222
288.037
289.742
294.717
294.172
291.803
287.69
285.414
285.36
283.925
286.75
287.396
293.435
298.747
300.219
304.079
304.112
305.717
308.85
305.512
303.468
297.379
298.971
297.198
297.325
304.234
302.568
310.266
306.588
308.023
303.22
298.178
300.497
306.792
311.463
313.786
319.042
313.894
307.671
314.208
317.172
309.041
295.435
285.788
280.391
268.92
273.033
301.87
309.212
318.75
306.287
296.618
299.827
307.244
303.039
285.875
281.822
310.266
301.279
288.028
267.306
247.838
259.488
257.449
256.655
250.781
248.419
241.165
294.963
294.732
294.344
294.292
294.563
294.559
294.576
294.536
294.478
294.579
294.595
294.733
294.792
295.084
295.182
295.387
295.542
295.737
296.104
296.309
296.72
297.024
297.538
297.998
298.292
298.792
298.957
299.681
299.874
300.532
300.689
301.648
302.143
302.08
303.05
303.077
304.443
304.674
306.185
306.035
306.321
306.88
306.341
307.524
306.951
306.803
308.296
306.619
308.556
309.11
306.356
308.775
309.989
305.913
307.055
310.303
310.617
304.019
300.143
297.045
296.922
298.024
292.352
292.798
291.597
292.406
295.324
293.87
292.942
293.945
292.317
294.941
294.248
296.245
294.433
295.562
293.608
292.898
295.234
291.607
295.221
293.599
297.21
297.308
291.53
300.036
296.265
292.44
287.708
288.555
296.322
290.174
289.692
294.784
301.757
313.164
309.958
292.146
286.219
291.395
288.415
280.672
280.339
281.015
284.846
289.789
291.686
294.619
297.304
300.457
302.3
303.04
299.252
294.389
293.114
293
295.757
292.858
290.925
288.987
284.254
284.787
283.482
287.973
296.815
300.286
301.725
305.546
300.83
307.159
306.768
299.639
300.864
295.626
298.894
295.36
297.953
306.372
301.44
303.293
309.416
307.577
307.862
309.538
306.246
306.454
310.087
309.428
308.413
304.662
306.254
317.056
319.291
311.634
296.771
286.227
280.428
269.358
270.725
294.896
307.687
315.097
308.854
298.521
297.92
303.403
294.231
282.391
292.199
313.797
299.239
285.889
257.423
252.54
268.044
260.15
258.804
253.379
253.076
239.766
295.539
295.31
295.039
294.996
295.23
295.371
295.379
295.305
295.384
295.401
295.551
295.681
295.737
296.006
296.11
296.408
296.486
296.757
297.15
297.44
297.787
298.26
298.478
299.104
299.527
299.715
300.228
300.764
300.964
301.711
302.128
302.351
302.848
302.986
303.999
303.968
305.851
305.808
306.314
306.804
306.359
307.928
306.883
307.639
307.96
307.263
309.554
307.917
308.055
309.497
307.557
308.457
308.762
309.859
307.226
307.108
312.388
309.016
304.481
298.822
298.905
297.252
295.634
295.995
292.064
292.31
294.159
293.103
294.718
295.224
293.536
293.158
292.377
294.016
293.49
294.358
293.25
295.609
295.219
292.94
297.923
294.773
296.697
293.221
291.321
299.827
292.752
290.097
287.298
290.727
296.584
288.479
291.861
298.841
305.781
314.884
306.499
287.731
286.149
289.665
282.689
277.422
281.116
282.985
289.349
295.23
298.676
302.389
305.305
308.676
309.611
311.159
309.247
302.002
297.643
297.646
293.795
294.731
293.4
290.409
288.966
286.399
290.41
294.433
299.32
298.911
300.469
301.38
299.879
305.402
300.797
298.599
295.114
295.061
303.528
294.736
291.195
294.683
294.045
288.486
299.2
305.993
309.146
314.7
311.095
306.731
306.641
305.131
303.54
302.957
306.798
313.892
317.401
311.962
296.776
285.816
279.953
269.243
267.236
286.139
305.356
310.023
311.968
302.849
299.331
303.013
296.346
286.645
302.483
307.326
289.462
289.098
249.072
254.816
274.605
263.003
259.262
258.144
261.656
248.028
296.254
296.146
296.082
295.958
296.201
296.227
296.282
296.383
296.355
296.575
296.619
296.806
296.925
297.064
297.277
297.603
297.692
298.168
298.33
298.885
299.254
299.484
300.048
300.273
300.794
301.15
301.545
301.834
302.335
302.844
303.04
303.686
304.135
304.359
305.185
305.73
306.294
306.183
306.797
307.225
307.219
307.818
307.145
308.554
307.951
308.013
308.838
307.97
309.293
308.188
308.89
309.754
307.138
310.817
309.241
308.088
309.46
310.26
310.138
305.908
300.206
295.165
296.867
298.319
294.548
292.223
291.783
291.318
292.524
293.347
294.433
295.142
294.318
295.452
294.353
294.956
294.232
295.234
292.914
294.934
297.007
291.496
293.971
289.962
295.482
301.684
290.684
289.856
287.558
292.367
295.721
287.895
296.523
302.767
308.33
316.102
303.309
285.963
289.348
290.133
281.68
280.037
284.691
285.973
294.588
300.588
303.202
304.909
307.528
310.233
310.88
315.734
316.071
309.004
302.932
300.224
298.42
295.113
293.494
292.192
290.096
291.794
292.201
299.011
302.698
297.741
299.64
296.687
296.014
300.55
298.449
293.767
292.186
300.21
299.377
289.337
280.949
280.859
287.305
282.873
285.57
299.769
301.318
302.919
305.099
300.898
300.616
304.428
300.667
293.966
296.996
308.521
315.603
311.32
296.058
284.44
278.941
268.865
263.929
277.663
300.522
304.645
315.716
307.776
300.17
304.655
304.658
302.399
304.045
305.571
286.13
279.589
243.168
258.374
278.761
262.719
261.481
264.002
267.161
256.823
297.214
297.234
297.23
297.265
297.326
297.471
297.533
297.613
297.721
297.77
298.006
298.147
298.362
298.622
298.76
299.147
299.324
299.642
299.943
300.359
300.713
301.09
301.383
301.628
302.193
302.416
302.922
303.28
303.592
303.856
304.429
304.946
305.072
305.955
306.081
306.207
306.622
306.602
307.523
307.153
307.888
308.469
308.036
309.224
308.174
309.27
308.84
308.616
309.869
308.282
309.693
309.934
309.12
309.539
310.634
310.608
309.072
309.972
310.575
310.807
305.446
302.034
299.105
297.778
294.506
295.753
295.056
293.928
292.597
292.069
293.033
293.253
292.978
294.489
292.96
295.456
294.446
295.665
294.82
296.934
294.623
292.685
296.712
295.195
302.413
296.937
283.529
287.528
288.264
294.49
294.569
289.648
302.819
306.028
310.893
315.666
297.716
283.944
289.526
285.859
280.55
283.969
287.8
288.987
298.287
300.815
299.617
299.941
303.03
304.598
307.843
313.2
320.144
313.877
306.31
303.428
300.652
297.738
294.393
291.957
293.68
295.635
300.287
301.226
291.598
294.013
294.092
292.361
294.55
299.128
293.449
289.593
295.561
298.047
290.895
285.31
280.949
281.459
287.024
285.611
280.127
293.394
299.042
291.66
295.619
297.971
294.155
298.335
296.701
289.078
295.091
306.215
311.598
308.652
294.423
282.006
276.974
267.577
260.544
269.912
291.594
298.785
318.063
311.303
306.389
309.109
309.876
316.942
314.505
302.561
288.233
268.513
248.349
260.426
276.369
262.363
262.524
263.232
267.606
260.326
298.428
298.526
298.54
298.636
298.786
298.833
299.034
299.051
299.291
299.411
299.556
299.784
299.972
300.23
300.469
300.74
301.001
301.444
301.578
301.906
302.179
302.516
302.938
303.213
303.543
303.871
304.405
304.445
305.025
305.294
305.494
305.941
306.208
306.569
306.72
307.28
307.498
307.565
308.198
308.307
308.841
308.806
309.048
309.318
308.822
309.393
308.786
309.505
309.134
309.517
309.493
309.535
310.062
309.113
311.099
310.653
311.018
310.028
310.404
310.997
310.565
310.3
305.496
300.426
295.199
295.953
294.727
295.617
292.397
292.333
291.979
291.763
292.208
291.457
291.665
293.419
290.491
293.315
291.843
294.745
292.081
294.17
294.902
292.21
291.631
281.127
281.624
293.606
292.307
296.308
294.033
294.417
309.569
307.884
313.579
313.828
291.912
284.145
289.066
281.624
280.559
285.647
287.372
288.657
294.688
291.075
289.436
294.701
298.72
300.272
303.039
309.628
316.929
316.695
310.519
304.087
303.649
302.254
295.12
291.644
290.911
294.045
295.701
297.501
294.128
290.461
289.475
287.425
289.361
295.72
290.681
289.845
297.368
294.513
287.116
281.266
280.105
280.888
282.239
282.384
277.941
287.482
296.326
283.902
283.057
290.494
286.455
291.681
299.524
295.305
293.103
296.194
303.438
304.128
291.195
278.501
273.586
265.657
257.569
261.912
277.96
292.906
318.462
309.018
311.318
312.719
311.235
310.718
316.977
290.686
286.115
263.613
266.948
268.749
276.332
262.667
261.986
259.545
267.712
267.843
299.906
299.947
300.05
300.159
300.273
300.403
300.516
300.671
300.871
301.035
301.266
301.459
301.689
301.962
302.18
302.42
302.668
302.899
303.219
303.519
303.695
304.068
304.308
304.672
305.049
305.252
305.637
305.847
306.293
306.44
306.978
307.057
307.338
307.632
307.771
308.3
308.351
308.844
308.762
309.044
309.13
308.903
309.204
308.878
309.213
308.932
308.93
309.392
308.787
309.73
309.068
310.067
309.413
310.021
310.486
311.018
310.916
310.743
311.326
311.691
312.549
312.551
310.216
306.308
302.242
299.634
296.693
294.255
292.189
292.826
291.675
293.303
293.095
292.291
292.579
289.822
290.43
292.041
290.063
293.655
288.807
291.931
287.712
286.004
286.37
285.265
295.035
298.031
290.931
296.829
295.718
302.237
315.545
308.392
315.755
309.145
286.771
286.389
288.583
281.021
283.567
288.179
286.343
283.269
284.305
281.221
288.425
298.399
301.542
301.408
302.698
307.096
313.859
316.769
310.424
306.129
304.65
303.762
300.399
295.049
293.656
293.842
292.642
291.342
278.318
285.857
282.23
285.108
289.093
289.385
288.295
289.569
300.727
290.433
281.063
277.631
278.617
280.21
279.362
278.936
278.272
282.767
285.443
272.497
272.162
288.98
290.99
289.835
292.678
289.999
286.44
289.768
300.253
301.264
288.065
274.561
268.828
263.172
255.867
254.25
260.531
285.728
318.627
304.887
304.863
309.299
306.564
297.017
289.485
280.814
272.274
254.062
275.627
275.718
275.197
264.116
263.91
258.762
263.978
271.893
301.292
301.38
301.458
301.613
301.763
301.899
302.045
302.235
302.357
302.603
302.755
302.971
303.217
303.385
303.668
303.869
304.098
304.305
304.543
304.798
305.067
305.348
305.624
305.934
306.196
306.47
306.753
306.949
307.329
307.385
307.776
307.799
308.142
308.089
308.345
308.474
308.532
308.869
308.696
309.082
308.721
308.973
308.693
308.824
308.906
308.65
308.85
308.646
309.015
308.959
309.083
309.601
309.212
309.95
309.821
311.371
310.145
311.314
310.903
313.298
312.467
313.02
311.22
311.445
309.644
308.46
304.118
299.907
296.689
293.848
293.947
293.435
291.982
292.125
290.537
289.974
291.247
288.636
291.154
290.732
287.973
291.476
285.392
290.898
291.316
292.119
297.125
292.074
292.284
303.608
302.037
312.089
317.841
307.613
316.895
302.42
283.655
287.227
285.086
281.739
285.412
288.543
280.973
275.142
279.289
285.554
299.197
304.237
306.043
307.351
307.655
309.029
310.708
313.431
310.636
306.593
304.343
305.017
301.889
296.544
293.152
291.737
295.78
289.655
288.414
286.549
281.004
284.433
279.474
296.037
282.109
298.476
297.183
281.232
276.649
276.865
277.769
277.187
277.358
277.219
276.935
279.374
277.682
272.001
279.933
292.941
279.404
268.959
281.488
292.248
287.465
286.285
296.544
296.574
283.317
269.682
262.963
259.328
254.018
247.138
243.848
275.154
317.049
301.156
300.552
302.289
296.099
288.512
282.596
284.658
266.453
244.545
266.565
273.473
270.885
265.602
266.856
261.047
261.939
268.395
302.398
302.491
302.603
302.762
302.879
303.063
303.168
303.366
303.52
303.71
303.879
304.073
304.233
304.457
304.623
304.797
305.024
305.172
305.408
305.569
305.795
305.999
306.213
306.421
306.636
306.864
307.07
307.242
307.395
307.545
307.758
307.767
308.001
307.902
308.131
308.05
308.356
308.364
308.433
308.503
308.254
308.495
307.928
308.409
307.912
308.406
307.935
308.169
308.166
308.234
308.499
308.375
308.863
308.828
309.438
309.997
310.427
310.562
310.923
312.554
312.403
313.189
311.914
313.301
313.131
313.791
311.017
309.239
305.281
303.666
301.599
298.255
297.494
294.416
292.081
292.177
289.825
290.226
291.445
287.481
290.328
290.696
288.511
297.202
291.221
295.21
299.614
296.924
307.211
313.562
308.006
318.812
314.93
306.474
314.668
294.796
282.851
286.966
282.732
284.099
285.604
287.446
276.418
275.881
286.296
296.245
299.52
294.923
303.612
311.09
308.406
305.892
308.883
311.366
310.794
308.937
308.131
308.886
307.443
303.71
298.017
295.744
295.492
289.263
287.182
278.928
279.727
277.309
297.749
285.569
284.527
303.833
281.769
275.029
274.794
272.88
274.641
275.558
276.531
277.842
278.284
282.009
280.397
280.105
288.347
288.95
271.761
269.289
287.873
292.647
279.161
280.477
293.484
291.102
277.874
265.231
256.877
254.402
251.756
242.51
234.051
260.929
312.143
297.569
303.447
301.675
298.383
291.338
290.937
280.475
270.677
243.427
254.205
265.46
264.335
264.865
271.822
262.077
264.588
266.777
302.675
302.801
302.913
303.057
303.186
303.319
303.445
303.595
303.707
303.874
303.989
304.16
304.289
304.445
304.602
304.737
304.887
304.992
305.163
305.264
305.452
305.563
305.777
305.892
306.076
306.252
306.356
306.534
306.627
306.786
306.758
306.85
306.771
306.804
306.797
306.838
306.909
306.931
307.071
306.94
307.047
306.872
306.878
306.82
306.723
307.026
306.701
306.97
306.53
306.97
306.782
307.149
307.1
307.52
307.73
308.363
309.057
309.152
310.176
310.163
311.691
311.52
312.368
312.704
313.856
313.943
314.98
313.348
313.273
312.182
310.165
309.079
307.154
303.35
304.078
300.645
299.45
300.242
297.361
298.415
300.772
298.244
300.993
306.339
299.843
311.869
310.312
308.412
320.163
312.991
310.388
318.668
307.315
304.824
309.695
289.958
281.916
283.722
282.08
285.769
283.053
286.303
278.247
282.896
288.173
288.274
282.976
285.965
301.818
307.232
300.931
297.649
301.772
305.022
303.338
302.774
302.275
301.847
301.867
301.496
299.405
296.144
292.72
286.848
281.016
281.423
279.989
289.681
288.574
264.868
312.342
283.195
269.11
273.252
269.953
272.846
278.376
276.735
272.39
269.747
268.277
270.443
271.523
273.624
281.914
282.692
276.589
280.882
286.07
276.132
270.246
282.018
292.613
284.184
271.649
260.722
251.53
248.746
248.086
241.789
234.666
247.261
301.076
295.97
295.732
300.453
301.134
292.97
292.294
271.082
264.245
247.737
253.29
257.601
257.612
255.706
269.033
261.508
264.193
264.37
301.569
301.678
301.765
301.869
301.948
302.058
302.146
302.25
302.349
302.443
302.566
302.663
302.78
302.885
303.009
303.099
303.207
303.259
303.358
303.412
303.52
303.591
303.715
303.828
303.97
304.136
304.257
304.408
304.487
304.616
304.618
304.609
304.539
304.463
304.345
304.372
304.252
304.472
304.442
304.699
304.629
304.663
304.779
304.526
304.814
304.551
304.928
304.828
304.76
304.712
304.854
304.892
305.339
305.28
305.671
306.284
306.382
307.675
307.39
308.382
308.738
309.161
309.983
310.545
311.043
312.367
312.697
313.063
314.78
313.075
314.947
313.722
313.024
313.294
312.381
309.98
313.072
309.579
310.45
311.586
311.001
310.724
314.51
314.085
309.37
321.228
308.398
311.614
317.691
303.236
308.513
310.798
299.833
302.195
304.31
288.021
276.599
274.481
280.234
284.934
280.753
287.624
283.268
283.153
280.45
281.958
283.8
293.549
298.642
301.811
294.096
294.834
302.725
304.429
301.568
301.494
301.031
298.884
297.219
295.662
294.697
292.171
290.367
285.009
284.661
286.632
285.93
285.593
282.198
304.265
278.622
257.89
270.585
269.103
268.539
275.367
272.551
260.332
259.206
264.712
266.498
265.028
265.418
267.269
276.057
282.099
282.916
280.574
273.711
269.789
275.913
286.907
288.099
274.716
264.351
255.78
246.854
243.047
241.64
240.184
241.124
242.721
286.21
295.384
283.192
281.468
278.642
272.287
290.374
285.855
269.755
264.413
274.293
269.784
268.776
257.834
267.849
261.22
265.278
264.781
299.292
299.387
299.43
299.52
299.561
299.676
299.738
299.844
299.904
299.979
300.061
300.126
300.209
300.242
300.319
300.318
300.371
300.344
300.385
300.369
300.43
300.46
300.552
300.69
300.81
301.058
301.192
301.445
301.536
301.759
301.82
301.822
301.825
301.635
301.659
301.437
301.52
301.491
301.603
301.876
301.825
302.122
301.983
302.129
302.23
302.119
302.512
302.573
302.73
303.003
302.569
303.201
303.039
303.22
303.901
303.304
304.59
304.398
304.908
305.805
305.315
306.403
306.756
306.738
308.066
308.456
308.669
311.107
309.808
312.238
312.609
312.413
313.321
314.465
312.496
315.1
313.188
312.979
315.302
311.522
314.846
309.706
314.095
307.541
307.265
311.062
298.834
306.173
305.027
294.645
304.202
301.313
294.328
298.264
300.666
294.38
267.737
262.779
272.804
279.86
281.515
286.469
285.973
283.452
282.939
290.543
292.152
291.635
288.001
298.171
293.567
289.957
298.1
298.351
296.666
297.428
300.175
298.344
295.865
292.036
289.202
287.439
290.225
287.714
285.787
284.007
290.604
289.434
298.256
293.435
249.074
260.818
272.342
266.742
267.189
267.812
262.016
256.92
265.053
272.856
269.918
265.985
266.851
267.235
275.221
279.745
276.565
273.587
273.27
277.071
280.296
285.207
279.155
264.867
256.626
249.501
241.326
238.225
235.092
234.928
241.823
251.131
275.38
296.262
280.026
268.666
256.68
248.044
287.709
306.316
286.348
289.936
284.564
265.592
261.854
260.7
267.74
262.311
264.212
259.351
296.622
296.662
296.675
296.714
296.732
296.818
296.857
296.939
296.953
297.007
297.048
297.115
297.18
297.219
297.272
297.263
297.316
297.284
297.319
297.295
297.335
297.379
297.436
297.59
297.703
297.957
298.1
298.363
298.495
298.77
298.869
299.064
299.01
299.099
299.027
299.019
299.065
298.962
299.235
299.119
299.536
299.448
299.754
299.773
300.003
300.102
300.367
300.45
300.922
300.999
301.132
301.437
300.96
301.823
301.148
302.023
301.955
302.147
302.779
302.862
302.981
303.927
303.537
304.235
305.066
304.568
306.428
305.958
307.418
307.537
308.374
308.994
309.307
309.05
310.916
308.586
310.103
309.282
307.855
307.175
307.011
301.734
305.722
296.853
301.46
297.755
293.146
299.336
294.991
291.64
294.762
297.962
291.796
287.212
306.363
292.064
272.397
263.821
259.114
272.653
279.744
280.786
286.469
281.885
281.27
284.167
282.862
282.533
282.771
288.413
286.57
278.833
286.763
289.371
290.595
291.615
294.893
295.704
296.153
296.496
292.597
288.779
289.54
289.157
286.85
283.942
292.148
289.44
285.587
251.514
247.564
265.477
270.521
265.944
262.114
263.47
261.63
257.482
259.762
260.1
257.541
259.982
264.107
267.161
271.625
272.384
271.364
274.599
274.717
275.898
277.373
280.334
268.969
258.1
251.842
244.87
236.382
234.541
231.171
230.872
239.003
256.608
266.882
299.609
280.221
265.305
246.365
242.814
275.032
299.286
289.878
299.382
271.3
247.844
241.833
252.985
261.79
259.763
263.659
254.757
294.14
294.129
294.105
294.089
294.09
294.106
294.139
294.141
294.163
294.152
294.215
294.24
294.334
294.364
294.445
294.458
294.529
294.563
294.595
294.642
294.637
294.753
294.73
294.915
294.935
295.18
295.285
295.495
295.722
295.877
296.224
296.319
296.593
296.65
296.788
296.902
296.883
297.014
297.012
297.09
297.37
297.325
297.86
297.797
298.229
298.474
298.382
299.178
298.697
299.695
299.459
299.747
300.143
299.471
300.275
299.766
300.327
300.631
300.689
301.135
301.446
301.005
302.312
301.165
302.247
302.57
302.003
303.459
303.174
303.38
304.536
303.783
304.257
304.883
304.274
303.545
303.991
302.795
300.895
300.693
298.72
296.775
296.377
293.31
293.889
289.584
291.044
291.57
287.583
286.032
297.421
289.37
283.223
289.86
300.686
292.915
279.676
258.855
261.096
263.954
270.408
280.624
280.856
273.946
274.266
279.656
284.945
282.847
280.681
279.752
283.843
272.8
275.097
279.998
282.939
288.863
290.251
292.851
290.975
293.35
292.855
290.785
285.013
285.738
293.917
287.188
277.365
280.364
262.329
246.336
246.06
267.727
270.08
265.578
259.036
257.639
258.182
256.862
258.456
263.646
262.285
261.898
264.078
263.482
265.99
268.257
267.66
270.132
270.517
271.749
276.435
273.259
260.581
254.364
249.151
241.694
232.828
230.743
228.467
232.441
246.401
253.013
262.556
300.005
280.71
271.465
254.192
271.661
259.203
277.739
275.1
288.067
259.547
246.001
242.637
255.072
261.32
256.059
261.029
251.257
292.059
292.011
291.956
291.911
291.874
291.855
291.857
291.83
291.831
291.81
291.853
291.878
291.957
292.013
292.086
292.152
292.218
292.31
292.367
292.445
292.487
292.572
292.62
292.721
292.789
292.956
293.069
293.26
293.461
293.669
293.977
294.16
294.519
294.621
294.948
295.029
295.211
295.329
295.366
295.581
295.618
295.918
296.118
296.432
296.798
297.029
297.37
297.567
297.837
298.106
298.278
298.564
298.565
298.666
298.617
298.629
298.912
299.031
299.444
299.635
299.776
299.922
299.857
300.046
299.729
300.058
299.85
300.194
299.864
300.371
300.197
300.131
300.239
300.129
300.01
299.349
298.657
297.946
297.125
295.064
294.669
294.495
289.394
287.89
287.687
284.67
286.683
286.9
283.568
290.361
289.357
281.225
286.193
291.71
297.12
291.827
275.831
271.635
264.41
258.412
269.091
276.354
275.662
274.945
268.551
274.6
285.038
279.659
278.969
274.267
275.889
271.565
267.162
276.231
277.584
285.134
287.559
294.124
294.012
286.45
284.517
288.597
288.656
283.942
291.146
291.258
269.651
281.093
259.531
250.133
242.601
266.907
268.349
265.304
260.738
256.329
256.264
255.584
262.269
265.903
259.421
260.813
263.346
259.435
265.169
267.549
265.102
266.426
269.527
271.854
276.456
264.404
255.764
251.316
245.473
237.469
229.734
227.743
227.34
235.804
254.067
258.455
262.97
296.855
277.233
274.12
258.7
274.684
257.812
264.341
260.768
272.893
253.276
247.204
248.511
263.795
262.943
253.921
260.466
246.96
290.32
290.243
290.199
290.132
290.095
290.053
290.04
290.004
289.99
289.979
289.994
290.033
290.081
290.175
290.225
290.358
290.409
290.573
290.619
290.786
290.844
290.983
291.07
291.166
291.305
291.379
291.577
291.642
291.905
292.025
292.325
292.537
292.813
293.099
293.301
293.62
293.736
294.021
294.124
294.307
294.509
294.632
295.004
295.176
295.622
295.907
296.162
296.586
296.714
297.076
297.331
297.393
297.654
297.591
297.588
297.787
297.744
298.057
298.229
298.363
298.529
298.355
298.516
298.309
298.143
298.37
297.884
298.089
297.959
297.276
297.966
297.47
296.558
297.585
296.622
295.33
295.968
293.983
292.497
293.673
291.884
286.785
283.214
285.911
284.64
285.505
288.011
288.975
291.782
291.703
284.898
285.64
292.959
300.587
299.543
284.875
271.197
268.835
270.347
272.367
268.076
268.967
276.131
276.649
265.18
262.413
278.808
278.866
274.342
274.234
271.436
278.785
278.905
292.694
293.17
285.244
277.892
277.83
297.627
299.027
290.714
285.775
287.97
284.16
278.203
293.284
286.493
269.454
260.359
248.677
239.222
264.532
266.675
266.996
263.942
257.423
253.947
256.37
267.279
263.714
257.687
260.388
263.171
259.55
262.175
267.663
269.174
269.082
268.415
272.2
269.5
256.921
252.456
248.365
242.361
234.432
227.871
226.03
229.128
238.05
256.321
262.643
266.54
296.61
269.769
281.115
260.07
257.955
252.975
261.914
253.755
261.475
252.885
249.529
253.766
271.055
260.09
251.079
258.412
243.771
289.076
289.009
288.941
288.884
288.821
288.788
288.744
288.72
288.685
288.68
288.678
288.697
288.737
288.78
288.859
288.925
289.047
289.13
289.279
289.392
289.551
289.68
289.834
289.978
290.11
290.265
290.371
290.544
290.675
290.863
291.067
291.276
291.542
291.769
292.062
292.299
292.546
292.804
292.98
293.207
293.421
293.596
293.945
294.059
294.53
294.678
295.069
295.484
295.6
296.202
296.146
296.339
296.63
296.256
296.831
296.85
296.623
297.497
296.873
296.953
297.662
296.486
296.953
297.519
296.09
296.677
297.301
295.396
295.8
296.735
294.843
294.654
295.391
293.69
293.322
293.439
291.085
290.635
291.549
289.049
285.286
283.83
284.007
285.522
287.731
292.886
290.287
292.013
292.938
285.909
283.596
290.392
298.767
307.359
301.419
285.842
272.962
267.769
274.931
277.493
272.41
271.06
271.151
272.866
271.467
261.662
273.136
281.874
271.047
269.698
270.657
279.998
294.729
307.373
312.527
295.666
282.993
269.717
278.471
288.983
282.703
278.984
281.778
290.588
276.169
273.446
290.554
261.493
255.943
243.475
235.293
260.24
263.352
265.02
265.679
262.141
256.969
258.427
262.88
259.475
259.687
262.074
261.685
261.89
257.636
258.602
264.007
266.817
265.085
266.07
258.212
252.285
249.365
246.285
240.683
232.792
227.207
225.731
231.878
241.229
260.721
264.296
267.485
288.234
265.393
283.989
260.77
266.183
256.284
258.292
251.034
258.038
255.46
253.274
258.527
271.689
253.243
249.806
255.804
240.577
288.123
288.038
287.97
287.897
287.848
287.796
287.766
287.725
287.709
287.686
287.688
287.685
287.702
287.718
287.753
287.804
287.86
287.946
288.039
288.169
288.29
288.451
288.603
288.76
288.912
289.055
289.199
289.347
289.507
289.686
289.891
290.112
290.358
290.624
290.905
291.142
291.378
291.601
291.79
291.966
292.104
292.225
292.406
292.602
292.917
293.089
293.448
293.7
293.912
294.251
294.371
294.637
294.921
294.97
295.363
295.365
295.268
295.649
295.537
295.458
295.537
295.256
295.079
294.974
294.731
294.506
294.086
294.11
294.448
293.365
292.015
292.032
292.087
291.029
289.31
288.687
290.227
291.472
289.614
285.721
282.546
281.753
283.407
284.447
284.898
286.387
282.85
286.317
284.693
277.428
277.974
288.119
299.235
306.506
300.721
290.858
284.561
277.887
277.866
281.566
277.039
271.874
272.58
272.55
271.234
263.623
267.9
285.544
279.627
269.694
267.725
269.949
283.785
291.933
296.709
290.008
282.658
276.572
271.193
280.943
277.304
276.46
277.125
288.372
294.022
268.498
264.466
267.386
253.285
239.589
231.545
256.59
257.883
260.537
264.863
265.731
262.109
262.323
268.291
266.695
261.673
261.238
260.228
263.109
262.422
254.299
252.297
255.257
259.891
256.268
251.014
249.636
247.928
245.723
239.748
232.519
228.088
227.622
235.543
243.704
265.603
269.54
267.654
275.539
268.25
272.184
252.827
263.307
263.84
249.998
247.142
256.885
255.912
257.681
261.159
262.596
244.813
250.978
253.499
241.252
287.324
287.217
287.114
287.02
286.932
286.855
286.785
286.728
286.676
286.643
286.613
286.589
286.57
286.556
286.565
286.569
286.612
286.667
286.749
286.857
286.998
287.149
287.307
287.475
287.648
287.808
287.99
288.189
288.38
288.601
288.792
289.009
289.242
289.447
289.637
289.798
289.959
290.061
290.083
290.071
290.042
290.099
290.179
290.316
290.527
290.76
291.062
291.362
291.675
291.937
292.204
292.44
292.567
292.644
292.772
292.688
292.667
292.787
292.631
292.386
292.393
292.242
291.727
291.4
291.724
292.066
291.187
289.835
289.591
290.369
290.965
290.872
290.604
290.26
290.054
290.774
291.746
291.262
288.832
285.094
281.36
279.31
279.4
280.218
281.422
281.211
280.063
282.677
281.59
279.024
277.245
280.157
288.138
295.053
296.289
294.502
289.194
280.349
279.43
281.418
279.205
274.245
270.319
268.596
271.917
268.419
265.048
280.786
289.141
283.367
277.222
272.796
278.001
289.141
293.336
293.532
285.729
283.988
283.506
290.564
291.534
280.138
272.211
271.752
292.946
293.292
269.772
273.429
255.425
244.252
228.084
252.384
249.799
254.428
261.955
266.797
266.945
266.761
268.387
265.892
264.56
262.716
258.358
259.077
263.411
259.036
254.057
248.502
253.467
250.041
248.608
248.824
248.721
246.436
240.354
234.673
231.584
231.93
239.89
246.017
268.849
275.348
275.933
278.794
275.36
268.63
250.165
266.009
264.65
244.351
243.337
252.41
255.787
262.808
260.011
248.728
242.32
255.069
252.89
245.075
286.354
286.193
286.05
285.914
285.779
285.659
285.563
285.488
285.426
285.369
285.317
285.276
285.255
285.25
285.271
285.322
285.422
285.563
285.734
285.913
286.106
286.29
286.495
286.698
286.919
287.181
287.435
287.623
287.772
287.944
288.128
288.28
288.397
288.581
288.944
289.354
289.655
289.865
289.985
290.026
290
289.972
289.966
289.952
289.991
290.022
290.104
290.22
290.332
290.463
290.575
290.639
290.706
290.797
290.781
290.778
290.834
290.801
290.73
290.867
291.096
291.225
291.304
291.225
290.941
290.448
289.984
290.294
291.233
291.901
291.98
291.728
291.586
291.242
291.264
292.21
292.801
291.743
288.887
285.036
282.292
281.608
280.779
279.323
279.095
278.765
279.334
280.559
281.034
282.743
282.804
281.643
281.925
283.443
286.968
286.875
281.719
279.192
282.143
284.463
281.804
275.289
270.245
268.3
273.056
274.666
270.594
278.445
289.283
292.877
288.867
283.529
280.242
283.75
291.099
294.601
291.518
283.303
281.499
283.802
288.725
284.883
278.943
271.508
272.769
289.374
288.271
281.245
265.329
255.659
232.08
243.598
245.74
253.471
262.344
268.502
270.648
271.026
270.907
269.316
268.748
264.98
259.108
258.68
261.539
259.405
258.202
253.223
250.383
249.173
249.615
251.36
251.846
248.862
243.473
239.788
238.322
239.007
245.943
249.127
270.127
278.995
285.035
292.228
280.908
278.802
251.234
269.607
266.082
248.392
246.401
249.504
259.678
266.966
258.004
244.956
250.403
261.44
255.28
250.845
285.445
285.305
285.178
285.06
284.972
284.893
284.838
284.798
284.794
284.826
284.888
284.978
285.136
285.336
285.572
285.82
286.088
286.339
286.541
286.753
286.988
287.223
287.537
287.883
288.308
288.724
289.094
289.491
289.924
290.361
290.833
291.298
291.784
292.265
292.757
293.124
293.409
293.632
293.689
293.723
293.69
293.6
293.442
293.299
293.159
292.985
292.913
292.847
292.817
292.785
292.787
292.891
292.954
293.027
293.108
293.3
293.464
293.512
293.679
293.91
294.018
294.103
293.978
293.634
293.237
293.15
293.306
293.902
294.408
294.517
294.5
294.243
293.98
293.424
293.472
294.256
294.732
293.471
290.125
286.448
285.059
285.905
285.854
283.691
281.125
280.79
282.118
282.296
283.701
285.735
286.536
286.141
285.236
281.977
280.019
279.962
282.051
286.65
290.366
289.439
282.991
276.437
275.284
277.979
282.891
283.729
279.829
282.255
288.585
293.629
295.302
291.992
288.133
286.866
288.104
291.902
295.784
293.193
285.501
281.782
283.467
286.177
286.01
280.274
270.505
272.649
284.721
284.803
275.625
269.71
250.341
246.493
256.02
263.181
269.311
273.598
275.352
275.441
274.685
273.742
274.044
270.747
263.615
261.827
264.441
263.606
262.239
260.874
253.68
253.832
255.356
257.588
257.151
253.954
250.454
249.055
249.198
249.851
255.379
255.917
271.041
279.624
285.913
293.812
280.949
275.712
253.776
274.043
270.754
258.127
252.264
253.745
267.702
271.135
261.592
254.933
263.239
267.8
261.115
258.635
286.928
286.814
286.733
286.679
286.707
286.76
286.874
287.036
287.261
287.511
287.794
288.116
288.464
288.788
289.125
289.473
289.809
290.126
290.42
290.791
291.19
291.582
292.025
292.507
293.03
293.523
293.957
294.407
294.871
295.306
295.744
296.187
296.638
297.046
297.511
297.901
298.223
298.519
298.697
298.858
298.932
298.985
298.958
298.917
298.864
298.772
298.734
298.694
298.671
298.666
298.688
298.812
298.835
298.908
298.995
299.117
299.207
299.226
299.314
299.39
299.38
299.367
299.118
298.826
298.578
298.625
298.624
298.831
298.954
298.941
298.882
298.542
298.222
297.803
297.865
297.975
297.871
296.595
294.121
291.978
292.051
293.202
293.614
292.601
290.893
291.165
292.198
291.975
292.855
293.626
294.127
293.733
292.066
288.419
286.995
290.217
294.619
297.016
296.841
293.802
289.321
287.598
289.469
291.772
293.632
293.296
291.011
291.496
294.381
297.104
298.326
297.17
294.994
293.348
292.918
293.657
295.562
296.758
294.964
291.351
289.608
290.598
290.782
287.485
280.302
276.441
284.828
287.794
283.659
281.333
271.398
265.017
272.3
275.936
278.682
280.568
281.354
281.132
280.084
279.505
280.386
279.159
274.008
270.626
271.328
271.663
271.873
270.501
263.792
264.699
265.897
267.06
266.088
264.101
262.869
263.143
264.092
264.698
268.271
268.123
276.018
281.527
284.728
288.694
283.286
275.268
268.231
281.463
278.36
271.657
266.076
268.321
277.275
277.135
271.314
269.307
274.37
274.962
270.598
269.364
291.684
291.646
291.725
291.851
292.019
292.196
292.404
292.626
292.864
293.11
293.371
293.646
293.927
294.206
294.495
294.793
295.088
295.382
295.671
295.996
296.337
296.669
297.018
297.389
297.77
298.144
298.498
298.856
299.222
299.579
299.933
300.289
300.645
300.982
301.339
301.681
301.996
302.306
302.584
302.852
303.087
303.319
303.518
303.695
303.862
304.003
304.149
304.28
304.402
304.532
304.643
304.787
304.884
304.985
305.076
305.165
305.228
305.276
305.314
305.336
305.325
305.299
305.181
305.049
304.93
304.895
304.792
304.769
304.729
304.649
304.54
304.35
304.187
304.032
303.995
303.872
303.646
303.032
302.335
302.118
302.634
303.103
303.253
303.064
302.861
303.222
303.532
303.522
303.822
304.016
304.078
303.743
302.982
302.028
302.167
303.558
304.493
304.575
303.904
302.533
301.213
300.952
301.397
301.65
301.691
301.121
300.128
299.898
300.304
300.605
300.441
299.66
298.639
297.793
297.32
297.178
297.416
297.706
297.397
296.362
295.28
294.947
294.749
293.67
291.076
288.863
290.707
291.593
290.193
289.394
286.501
284.109
286.134
287.026
287.688
288.133
288.355
288.326
287.94
287.717
288.094
288.068
286.68
284.999
284.551
284.613
285.041
284.039
281.192
281.482
281.572
281.648
281.075
280.42
280.111
280.091
280.05
279.851
280.653
280.364
282.554
284.32
285.413
286.876
285.946
283.051
281.335
285.214
284.314
282.225
280.104
280.455
282.912
282.566
280.856
280.546
282.306
282.604
281.765
282.326
273.617
275.947
283.412
287.818
289.459
292.603
292.617
290.214
290.431
287.193
289.82
293.249
281.524
276.816
288.317
295.654
295.838
296.739
297.241
295.254
296.627
296.378
295.426
293.603
283.63
247.982
245.157
251.424
265.215
267.325
274.898
279.555
273.038
272.468
258.602
263.693
276.473
255.244
233.476
252.313
276.791
281.573
283.323
285.342
278.62
284.797
287.25
287.246
283.465
258.56
263.393
264.245
244.57
254.39
259.837
264.198
274.071
270.518
269.995
241.344
242.659
264.085
247.062
227.942
230.182
259.822
270.377
271.487
275.005
258.148
268.413
276.486
279.538
271.885
239.139
270.868
279.675
264.655
261.394
261.543
254.701
263.369
265.633
275.954
236.935
235.803
256.656
228.62
232.478
222.061
246.463
261.44
262.109
267.61
239.629
249.138
264.005
272.603
258.11
230.083
255.807
256.796
261.102
265.67
276.094
258.633
250.656
245.899
271.994
238.709
238.712
250.182
215.306
228.051
221.362
238.033
254.36
255.367
262.259
230.194
236.076
253.428
266.99
245.102
228.913
248.891
254.602
252.521
250.162
278.847
271.375
250.315
233.883
264.64
246.069
244.755
247.384
215.169
225.16
221.242
232.756
249.29
250.95
257.807
227.139
230.697
246.88
262.556
237.39
229.236
250.803
256.521
259.814
240.566
258.531
271.336
260.344
237.151
262.686
255.706
252.375
247.08
221.696
230.034
224.295
229.715
245.258
248.036
253.878
226.061
228.393
242.944
258.759
234.696
230.169
253.831
254.262
259.895
248.46
246.668
257.453
264.332
248.706
267.306
269.606
261.048
248.39
229.449
234.967
228.147
228.762
242.572
246.353
250.636
225.723
227.151
240.218
255.179
234.392
231.487
248.36
258.415
253.683
255.14
250.118
251.58
262.868
256.704
274.346
282.613
269.823
251.304
235.498
240.27
232.307
228.689
240.622
245.401
247.877
225.603
226.389
237.965
251.837
234.492
232.578
248.946
260.076
246.362
252.375
250.957
252.437
259.737
256.315
278.962
289.228
278.155
255.162
240.846
243.245
236.131
229.51
239.409
245.039
245.575
225.423
225.915
235.945
248.882
234.23
233.028
252.165
260.389
244.201
249.309
250.663
254.355
252.014
247.825
275.848
290.607
283.587
255.844
245.163
245.2
238.849
230.418
238.619
245.07
243.603
225.102
225.719
234.233
246.46
233.517
232.603
254.362
254.202
242.296
247.095
251.052
256.258
243.546
236.714
265.137
288.782
284.67
250.85
243.944
241.794
240.05
231.283
238.191
245.442
241.799
224.89
226.118
233.15
245.034
232.376
231.822
258.232
254.547
247.576
248.083
248.56
256.352
240.791
229.288
252.55
287.74
282.177
242.826
240.786
235.076
238.56
231.773
238.053
246.061
239.9
225.401
227.559
233.095
244.804
230.713
230.803
254.606
247.261
248.097
249.805
245.637
259.864
248.456
228.998
244.513
288.945
276.972
236.264
237.874
228.952
236.121
231.421
237.809
246.947
237.903
226.925
229.865
234.099
245.101
228.317
229.74
255.654
248.644
247.88
250.216
241.529
260.715
260.017
235.496
244.755
292.6
270.903
232.589
238.096
224.386
233.156
231.223
237.991
248.095
236.169
228.934
232.059
235.502
243.574
225.215
229.003
251.221
248.707
246.618
251.28
241.257
255.387
262.498
242.865
254.463
297.495
264.845
231.306
238.917
221.459
231.053
230.389
237.786
249.06
235.327
230.829
233.094
236.183
237.888
221.799
228.61
247.557
244.34
241.524
249.025
243.195
250.466
257.175
248.188
270.499
299.854
258.093
233.338
236.23
217.834
229.153
230.6
238.985
250.203
235.758
232.415
232.859
235.695
228.332
218.82
228.81
246.885
242.439
240.239
248.219
244.344
247.869
252.695
255.774
288.538
298.202
251.152
238.536
232.205
215.449
228.507
232.09
239.612
249.616
236.492
233.117
231.782
235.872
218.911
217.387
229.465
242.68
238.035
239.303
247.323
242.971
244.723
252.646
271.029
303.959
292.142
244.529
245.141
229.488
215.337
228.796
234.254
239.483
243.334
238.279
231.983
230.277
240.277
217.332
219.192
230.873
239.777
235.045
239.796
246.153
241.622
242.048
258.446
292.174
310.303
281.762
239.497
250.906
228.38
217.863
234.571
244.127
237.107
233.175
240.321
228.833
228.765
246.751
226.42
224.09
232.634
237.423
231.798
239.088
245.661
240.209
240.504
265.039
306.948
305.143
269.705
237.021
254.335
228.482
221.939
239.339
251.49
227.966
224.94
238.212
228.089
227.885
249.717
236.411
228.956
234.309
235.315
229.016
240.23
245.985
237.439
239.837
265.849
305.193
290.425
257.652
236.544
255.649
229.809
228.008
245.439
258.994
227.525
222.116
235.704
234.957
228.51
248.302
240.902
232.714
235.74
235.85
229.596
244.158
246.078
234.314
239.027
261.155
292.97
273.644
247.115
237.097
255.821
231.111
232.937
261.937
273.376
244.337
223.034
241.12
248.187
230.083
245.093
242.323
235.359
236.791
239.719
233.16
245.6
244.738
230.271
238.034
253.775
276.458
257.773
239.831
238.312
255.663
232.182
232.084
270.936
277.709
266.93
223.192
251.41
261.095
231.052
244.765
244.161
236.731
237.441
243.071
235.575
241.611
240.303
227.17
235.862
245.034
261.96
244.488
235.487
239.852
255.312
234.28
228.995
258.881
260.833
281.257
230.147
261.985
268.812
233.117
248.637
247.236
237.692
238.065
244.841
236.328
237.099
236.732
225.137
232.898
238.477
250.511
237.407
235.313
242.205
254.6
237.427
228.308
243.537
242.933
271.737
250.609
273.564
270.831
237.994
250.459
248.539
238.337
238.714
247.089
236.499
234.109
237.182
225.388
230.658
233.445
241.57
234.203
238.074
245.094
253.632
242.005
240.094
255.55
245.105
256.731
262.604
275.777
268.558
242.104
247.573
245.311
237.72
239.058
250.787
238.559
232.533
242.396
232.964
230.119
231.32
236.861
234.429
240.465
247.894
252.718
243.89
252.602
270.221
252.219
259.012
258.688
268.32
263.856
242.85
246.306
240.142
236.035
239.038
253.576
241.86
233.108
246.281
240.057
229.536
233.254
232.454
237.018
242.663
251.396
252.902
243.526
257.829
264.416
250.565
260.73
258.361
267.391
260.066
241.921
247.968
236.302
234.414
239.084
254.409
248.31
235.206
247.224
242.462
233.658
234.862
229.719
239.911
244.118
253.804
254.617
241.911
256.746
261.907
250.908
259.029
257.569
269.103
258.747
240.774
248.888
233.445
233.469
239.486
250.404
256.242
238.661
247.303
243.137
236.795
238.868
227.364
240.753
244.226
255.188
257.732
241.431
251.393
262.998
251.315
262.12
255.41
266.696
258.614
240.591
249.394
231.063
233.645
240.262
242.742
258.715
243.159
247.309
245.251
240.437
239.833
227.356
240.153
242.265
256.196
260.592
243.369
248.905
264.932
249.421
260.932
255.045
264.141
258.068
241.49
250
229.419
235.279
241.294
242.393
251.002
249.145
254.098
249.939
246.2
238.887
225.616
242.608
243.344
255.824
259.935
245.922
251.351
265.345
246.197
255.364
252.795
262.519
257.38
242.714
249.949
228.628
238.33
242.382
245.356
239.653
248.876
257.461
258.584
253.6
240.071
224.792
240.756
243.327
253.793
258.085
248.629
256.025
260.239
240.923
250.427
250.304
262.085
256.675
243.994
249.252
229.469
242.672
243.255
250.15
233.367
246.856
247.08
248.667
260.196
244.327
230.507
238.515
241.037
250.5
253.264
247.337
256.864
252.481
236.073
246.326
248.569
263.029
255.329
244.581
248.182
233.225
247.42
243.524
251.743
238.572
243.261
242.533
239.495
251.877
249.946
236.627
237.28
244.008
251.078
247.64
243.963
253.527
245.856
233.873
244.207
247.499
265.112
253.54
244.015
247.632
239.181
250.29
242.92
242.096
248.209
237.651
242.195
245.051
245.791
246.66
242.537
235.975
249.102
250.984
244.066
243.34
248.633
241.996
234.487
244.186
247.176
267.279
250.757
242.057
248.014
244.497
249.789
241.736
240.554
247.024
237.322
246.533
257.811
253.083
243.801
245.866
234.666
254.15
249.903
241.752
241.782
243.802
241.159
236.152
244.633
247.617
269.672
247.276
238.62
248.471
247.111
246.903
240.475
240.41
244.096
240.336
243.429
259.477
263.154
246.699
250.773
233.288
250.953
243.631
241.143
242.684
242.982
242.158
238.267
245.306
249.125
271.89
243.622
234.632
247.503
246.651
243.029
239.384
238.729
243.219
240.71
236.295
251.471
267.546
248.766
255.709
243.303
251.489
238.975
241.786
242.525
242.579
242.776
240.752
247.213
252.215
272.806
239.304
231.347
243.836
242.562
238.736
238.579
242.381
241.566
244.176
233.403
250.765
267.447
251.851
251.294
246.656
255.603
244.415
244.306
240.227
243.289
243.75
243.358
249.655
256.327
272.192
235.148
230.798
238.044
234.922
234.701
238.323
245.182
238.637
252.103
234.344
247.257
264.066
259.034
250.004
245.311
259.921
248.304
239.935
240.515
244.768
244.346
246.06
252.342
260.61
269.576
232.405
234.5
232.38
226.199
232.11
238.608
245.289
237.984
251.33
235.877
245.531
263.589
263.612
253.878
252.95
261.94
239.103
243.15
251.782
245.265
245.315
248.851
254.657
264.282
265.108
232.081
241.677
228.498
219.628
231.7
239.464
244.365
240.288
243.464
235.45
247.124
266.484
263.18
258.431
258.188
259.334
235.241
253.531
244.593
239.454
246.843
250.69
255.947
266.739
259.746
234.817
249.578
226.421
216.797
233.335
240.76
244.172
243.153
239.984
234.498
240.628
261.165
260.268
257.946
251.298
248.072
238.53
243.183
227.911
246.396
251.036
250.561
256.516
268.033
254.253
240.525
256.125
225.463
218.508
236.776
242.569
241.431
242.889
238.645
230.533
235.6
257.04
260.761
253.747
240.688
240.129
251.364
252.417
244.827
261.376
246.894
248.435
258.235
268.316
249.78
248.025
260.924
225.558
223.873
241.098
245.065
239.808
238.571
235.71
223.133
235.451
257.208
261.967
255.528
241.333
237.436
251.472
265.136
255.97
255.974
237.49
250.755
261.354
267.813
247.511
254.435
265.371
226.289
229.757
245.816
248.21
237.749
233.718
232.901
218.942
232.419
255.467
263.887
260.184
246.825
230.344
232.724
246.867
245.24
243.248
234.139
258.397
264.127
266.445
247.278
259.009
271.144
228.784
234.742
251.475
252.111
231.757
230.791
228.661
220.135
225.987
249.375
265.723
268.893
259.963
233.748
226.136
232.218
237.341
236.599
239.412
266.907
265.244
264.815
249.374
262.474
277.438
234.661
239.7
258.667
256.851
227.469
227.174
225.277
222.484
220.497
241.281
262.688
273.107
272.127
246.409
233.111
231.269
235.217
238.294
250.355
272.964
265.442
264.16
254.034
266.391
282.914
244.177
247.105
267.348
262.206
224.759
221.205
221.961
223.68
220.363
238.611
261.489
272.071
274.668
257.153
243.788
234.937
238.735
247.782
261.957
276.609
266.761
266.334
261.34
272.221
287.049
255.468
258.181
276.232
267.57
223.26
214.381
219.565
226.986
225.885
242.131
263.838
273.506
277.191
267.147
255.996
242.599
248.939
260.533
271.946
279.997
270.951
272.116
270.284
279.362
289.924
266.268
270.558
283.294
272.363
223.498
212.911
225.029
237.177
237.828
250.955
268.656
276.549
280.584
275.545
268.817
256.171
263.272
272.914
280.549
284.463
277.801
279.926
279.151
285.976
292.067
275.371
280.6
287.887
276.694
229.031
223.879
240.536
251.873
253.197
263.076
275.271
280.546
284.217
282.207
279.491
271.669
277.052
283.167
287.774
289.572
285.336
287.319
286.628
291.12
293.893
282.64
287.422
290.836
281.084
242.298
244.163
258.252
265.758
267.761
274.806
282.061
285.242
288.068
287.63
286.984
283.389
286.88
290.513
293.261
294.177
291.713
293.018
292.282
294.768
295.577
288.394
291.836
293.011
285.84
260.506
264.7
273.504
277.874
279.625
283.674
287.331
289.032
290.695
290.739
290.854
289.708
292.049
294.444
296.303
297.099
295.991
296.731
296.124
297.15
297.028
292.842
294.653
294.766
290.491
280.584
282.791
285.202
285.985
286.375
287.945
289.478
290.459
291.497
292.108
292.819
293.277
294.836
296.311
297.516
298.283
298.332
298.793
298.6
298.735
298.36
296.698
297.03
296.874
295.32
)
;

boundaryField
{
    inlet
    {
        type            fixedValue;
        value           uniform 300;
    }
    outlet
    {
        type            inletOutlet;
        inletValue      uniform 300;
        value           nonuniform List<scalar> 
57
(
284.397
259.418
239.877
230.695
229.445
229.703
230.553
231.794
232.776
300
300
231.662
230.648
229.597
228.869
228.48
300
300
300
232.466
234.161
235.614
236.689
237.36
238.001
238.665
239.025
239.014
239.063
239.465
240.24
241.272
242.362
243.239
243.514
242.914
241.731
240.468
239.375
238.566
238.309
300
300
300
300
300
300
300
300
300
300
300
300
300
300
300
300
)
;
    }
    upperWall
    {
        type            fixedValue;
        value           uniform 300;
    }
    lowerWall
    {
        type            fixedValue;
        value           uniform 300;
    }
    frontAndBack
    {
        type            empty;
    }
}


// ************************************************************************* //
