/*--------------------------------*- C++ -*----------------------------------*\
| =========                 |                                                 |
| \\      /  F ield         | OpenFOAM: The Open Source CFD Toolbox           |
|  \\    /   O peration     | Version:  dev                                   |
|   \\  /    A nd           | Web:      http://www.openfoam.org               |
|    \\/     M anipulation  |                                                 |
\*---------------------------------------------------------------------------*/
FoamFile
{
    version     2.0;
    format      ascii;
    class       volScalarField;
    object      p;
    location    "9.123";
}
// * * * * * * * * * * * * * * * * * * * * * * * * * * * * * * * * * * * * * //

dimensions      [1 -1 -2 0 0 0 0];

internalField   nonuniform List<scalar> 
12225
(
95926.7
95915.9
95887.4
95848.9
95793.7
95753.7
95713.7
95713.4
95725.7
95794.3
95862.3
95998.6
96128.3
96330.4
96523.7
96757.4
96860.5
96548
95925.8
95921.5
95892.9
95855
95799
95760.2
95718.5
95719.8
95730.4
95802.2
95866.8
96005.9
96132.6
96333.9
96531.4
96773
96967.9
97123.7
95934.5
95933.4
95904.6
95866.6
95810.6
95773.6
95728.1
95733.3
95739.8
95818.7
95875.7
96020.8
96142
96343.3
96545.4
96789.9
97031
97364.2
95949.3
95952.5
95923.6
95885.9
95830.1
95792.5
95748.6
95753.8
95754.9
95847
95888
96045.2
96146.9
96356.3
96558.1
96806
97077.2
97418.4
95972.4
95980.2
95951.5
95914.7
95859.2
95821
95779.5
95781.6
95786.7
95867
95915.8
96070.2
96180.9
96372.7
96573.2
96805.1
97095.4
97429.7
96008.1
96018.7
95990.7
95954.7
95900.2
95861.2
95822.2
95820.8
95830.2
95897.9
95958.5
96091.3
96229.5
96397.7
96609.9
96818.1
97117.9
97405.5
96062.5
96070.4
96044.2
96007.9
95956.2
95915.4
95880.4
95874
95889.3
95942.6
96018.9
96127.4
96299.9
96429.9
96679.4
96839
97138.3
97370.8
96119.9
96128
96104.6
96067.3
96019.1
95976.5
95945.2
95935.6
95954
95999.7
96082.1
96175.7
96364.3
96474.3
96725.2
96865.3
97146.8
97352.1
96179.3
96189.2
96169.2
96131
96086.4
96042.5
96014.2
96002.8
96022.4
96063.8
96147.2
96233.5
96420.9
96526.5
96761.5
96897.1
97139.7
97358.1
96259.8
96269.6
96253.1
96214.8
96173.3
96129.8
96103.4
96091.9
96111
96150.2
96230.2
96315.1
96485
96598.6
96812.3
96948.4
97174
97369.1
96361.9
96374.4
96361.3
96323.8
96285.2
96243.5
96218.8
96208.2
96226.1
96264.6
96338.3
96427.7
96568
96697.3
96873.5
97026.9
97217.1
97408.8
96499
96509.8
96498.8
96464.2
96428.1
96390.1
96367.6
96358.6
96375.8
96413.1
96481.7
96568.2
96691.4
96819.5
96972.1
97127.3
97297.4
97470.8
96670.8
96681.4
96672.1
96642.5
96609.2
96576.6
96556.3
96551
96567.3
96604.7
96666.6
96750.2
96857.4
96980
97116.5
97262.7
97416.1
97572.9
96880.1
96893.4
96886.2
96862.8
96834.3
96808.2
96792.4
96791
96808.8
96846
96904
96981.8
97078.4
97190.6
97314.8
97447.8
97586.6
97728.5
97129.1
97148.4
97143.9
97127.4
97106.3
97088.8
97080.1
97084.9
97105.8
97144.6
97200.7
97273.7
97362
97464
97577
97697.6
97823.3
97952.1
97435.2
97443.5
97441.1
97432.7
97422.5
97416.3
97418.4
97432.3
97459.8
97502.3
97559.6
97630.8
97714.3
97808.7
97912.5
98023.2
98138.4
98256.4
97738.7
97750.8
97758.3
97762.9
97767.9
97777.6
97795
97822.6
97861.6
97912.5
97975.1
98049
98132.7
98224.9
98324
98428.8
98537.3
98648
98005.7
98024.3
98043.7
98064.2
98088
98117.5
98154.8
98201.2
98257.1
98322.4
98396.6
98479.1
98568.8
98664.7
98765.7
98870.5
98977.7
99086
98198
98219.1
98247.5
98282.6
98324.8
98374.9
98433.5
98500.8
98576.2
98659.3
98748.9
98844.3
98944.3
99048.1
99154.9
99264.3
99375.4
99486.5
98331.6
98343.2
98376.4
98423
98480.9
98549.2
98627.3
98714.2
98808.6
98909.3
99015
99124.4
99236.5
99350.2
99464.9
99580.2
99696.3
99811.9
98390.2
98414.3
98453.8
98509.6
98580.1
98663.7
98758.5
98862.5
98973.9
99090.6
99211.2
99334.1
99458.1
99582.2
99705.8
99828.2
99949.5
100069
98436
98459
98500.3
98562
98642.1
98737.9
98846.3
98964.5
99090
99220.4
99353.7
99488.4
99623.1
99756.7
99888.7
100018
100145
100270
98471.3
98488
98528.2
98593.6
98680.7
98785.7
98904.8
99034.4
99171.2
99312.6
99456.3
99600.6
99744.2
99885.8
100025
100161
100293
100422
98504.7
98507.5
98545.1
98612.6
98704.9
98816.9
98944
99082.1
99227.6
99377.6
99529.4
99681.3
99831.9
99980
100125
100266
100402
100535
98515.6
98518.8
98555.2
98624.4
98720.4
98837.5
98970.4
99114.8
99266.8
99423
99581
99738.6
99894.5
100047
100197
100341
100481
100617
98529.5
98527
98562
98632.1
98730.6
98851.3
98988.4
99137.3
99293.8
99454.5
99616.8
99778.4
99938.1
100094
100247
100394
100537
100675
98540.3
98533.3
98566.9
98637.4
98737.4
98860.6
99000.6
99152.4
99312.1
99475.8
99640.9
99805.3
99967.5
100126
100281
100430
100575
100714
98547.5
98538.4
98570.7
98641.2
98742
98867
99008.6
99162.4
99323.9
99489.5
99656.4
99822.6
99986.4
100147
100302
100453
100599
100739
98551.7
98542.8
98573.7
98643.7
98744.6
98870.9
99013.4
99168.2
99330.9
99497.5
99665.4
99832.6
99997.3
100158
100315
100467
100613
100754
98558.1
98546.5
98576.2
98645.7
98745.8
98873.5
99015.9
99171
99334.2
99501.3
99669.7
99837.2
100002
100164
100321
100472
100619
100760
101205
101199
101188
101172
101151
101125
101095
101061
101024
100982
100936
100887
100834
100777
100716
100651
100584
100513
100439
100363
100284
100204
100122
100039
99954.7
99870.6
99786.5
99702.8
99619.8
99538.3
99458.7
99381.4
99306.5
99234.1
99164.6
99098.2
99034.6
98973.7
98915.4
98861
98810.4
98762.4
98717.4
98675.2
98635.2
98597.3
98561.6
98528
98496.7
98467.4
98438.3
98409
98380.9
98352.5
98323.9
98297.1
98269.5
98236.9
98201.2
98162.9
98114.8
98051
97991
97926
97852.2
97765.6
97666.2
97554.9
97431.7
97296.6
97148.8
96989.5
96819
96634.7
96436.9
96225.6
96000.2
95761
95508.4
95242.8
94964.3
94674.7
94376.2
94069.9
93757.3
93440.9
93123.1
92806.7
92493.7
92186.9
91889.1
91603
91331
91075.4
90839
90623.4
90430.4
90262.1
90119
90002.7
89913.7
89852.5
89819.1
89813.9
89836.5
89886.5
89963.1
90065.4
90192.2
90341.7
90512.1
90701.9
90908
91127.4
91356.7
91594.2
91835.1
92078.1
92319.5
92555.3
92781
92992.5
93185.4
93357.8
93512
93648.6
93767.8
93871.4
93960.4
94033.9
94088.5
94126.4
94143.9
94150.7
94135.2
94111.2
94069.9
94011.9
93943.1
93862
93767.9
93661.3
93540.4
93402.3
93244
93060.2
92845.2
92596.9
92312.8
91989.8
91629.4
91234.3
90808.3
90355.8
89883
89399.5
88913.3
88430.1
87955.3
87492.7
87044.8
86610.6
86188.8
85780.4
85392.4
85025
84676.5
84333.6
84002.8
83736.3
83482.7
83235.4
83014.7
82829.6
82706.5
82642.5
82624.1
82659
82756.9
82934.8
101236
101230
101218
101201
101180
101154
101125
101091
101054
101012
100967
100918
100865
100807
100747
100682
100614
100543
100469
100392
100313
100232
100149
100065
99980.2
99895.2
99810.1
99725.4
99641.5
99559
99478.4
99399.9
99323.8
99250.3
99179.9
99112.4
99047.8
98986.8
98928
98873
98822.7
98776.1
98730.9
98686.8
98645.6
98607.7
98571.8
98537.8
98506.6
98476.6
98447.3
98417.4
98387.4
98358.5
98329.4
98303
98278
98246.3
98209.3
98175.6
98135.5
98081.5
98008.8
97935.4
97857.1
97769
97669.7
97559.2
97437
97302
97156.1
96997.7
96832.4
96648.3
96451.5
96242
96018.1
95780.4
95529.4
95265.6
94989.3
94702.1
94405.6
94101.6
93791.5
93477.6
93162.2
92848.2
92537.6
92233.3
91937.9
91654.1
91384.2
91130.5
90895.9
90682
90490.3
90323.2
90180.9
90065.1
89976.4
89915
89881.2
89875.2
89896.7
89945.2
90019.9
90120
90244.2
90390.7
90558.1
90744.3
90946.9
91162
91386.8
91620.1
91858
92097.4
92334.9
92566.9
92789.6
92998.9
93188.6
93357.1
93508
93642.4
93760
93862.9
93951.4
94024.2
94078.1
94116.5
94133.4
94142.8
94122.3
94100.2
94060.3
94002.1
93934.7
93852.5
93758.2
93651.4
93531.1
93393.2
93235.8
93053.6
92840.3
92593.3
92311
91989.7
91630.3
91236
90811
90358.8
89885.8
89402.9
88918.2
88436.5
87962.7
87501.3
87054.2
86620.9
86199.2
85789.2
85400.3
85033.3
84683.6
84339.9
84013.5
83750.3
83502.4
83255.1
83033.8
82847.9
82728
82668.9
82651.8
82686.1
82781.6
82960.4
101296
101290
101278
101261
101239
101213
101183
101150
101113
101072
101027
100977
100924
100866
100805
100740
100672
100600
100525
100448
100368
100286
100202
100117
100031
99944.1
99856.8
99770.4
99685.1
99600.7
99517.7
99437.3
99359.7
99284.4
99212
99142.7
99076.7
99014.6
98955.6
98899.9
98848
98799.1
98752.8
98711.5
98672.5
98631.9
98593.7
98559
98525.2
98493.5
98460.4
98427
98395.2
98365
98338.7
98315.4
98293.4
98267.9
98232
98187.9
98139.8
98085.1
98019.7
97946.4
97865.8
97776.6
97678.2
97569.1
97448.4
97317.1
97174
97019
96852.4
96671.7
96477.1
96272.8
96051.1
95816.2
95568.4
95308
95035.3
94752.5
94460.1
94160.4
93855.3
93546.4
93235.8
92926.5
92620.9
92321.2
92030.5
91751.4
91486.1
91236.5
91005.5
90795.4
90606.7
90442.4
90302.6
90188.7
90101.2
90040.5
90006.6
89999.9
90019.6
90065.6
90136.9
90232.7
90351.7
90492.3
90652.8
90831.4
91026
91232.7
91449.5
91674.3
91904.1
92136.2
92366.1
92589.1
92804.1
93007.9
93193.2
93356.4
93501.6
93631.7
93746.6
93847.7
93933.7
94005.1
94058.2
94097.6
94112.5
94130.7
94096.6
94077.6
94039.1
93980.3
93913.8
93833.1
93739.7
93633.5
93513.1
93376
93220.1
93040.1
92829.5
92586.3
92307
91988.5
91632.2
91240.2
90816.2
90364.2
89892.4
89411.4
88928.3
88448
87976
87517.6
87073.3
86641.7
86220.6
85808
85415.3
85049.6
84698
84355.8
84039.1
83774.6
83534.1
83292.2
83066.4
82888.3
82770.6
82718.5
82708.7
82743.6
82837.5
83015.7
101379
101372
101361
101344
101323
101297
101267
101234
101197
101156
101111
101062
101008
100950
100889
100824
100755
100682
100607
100529
100448
100365
100280
100193
100104
100016
99926.2
99837.2
99749.2
99662.1
99576.7
99493.8
99413.3
99335.4
99260.7
99189.6
99121.9
99057.5
98996.7
98939.8
98885.7
98834.9
98789
98746.6
98706.5
98668.1
98631.9
98596.9
98562.6
98529.6
98496.5
98460.9
98425.9
98393.8
98365.9
98340.4
98314.2
98285.2
98249.7
98206.9
98157.3
98100.1
98035.5
97963.5
97883.7
97795.6
97698.8
97592.2
97474.4
97345.4
97204.7
97052.3
96887.6
96710.1
96519.5
96316.3
96099.3
95869
95626
95371
95101.5
94825
94538.9
94244.7
93945.9
93643.3
93339.4
93036.5
92737.1
92443.7
92159.1
91885.7
91626.1
91382
91155.7
90949.9
90765.4
90604.5
90468
90356.7
90271.2
90212.1
90179.1
90172.2
90190.7
90234
90301.8
90392.4
90505.2
90638.3
90790.4
90959.4
91143
91338
91542.6
91755.5
91973.2
92193.2
92411.5
92623.5
92826.4
93020.2
93197.9
93354.9
93493.8
93618
93728.7
93825.8
93908.1
93977.1
94028.5
94070.9
94076.8
94100.4
94071.3
94046.9
94006.6
93948.9
93883.9
93802.9
93713.1
93607.7
93487.9
93351.5
93196.9
93019.5
92813.3
92574.9
92300
91986.7
91635.1
91247.9
90827.4
90376.3
89904.2
89422.6
88940.7
88463.3
87994.9
87540.5
87100.7
86671.7
86251.5
85836.6
85440.4
85075.8
84723.4
84388.8
84083
83812
83576.9
83342
83129.9
82956.1
82827.5
82780.1
82787.3
82828.7
82925.6
83105.3
101476
101470
101459
101443
101422
101397
101368
101336
101299
101259
101214
101165
101112
101054
100993
100927
100858
100785
100710
100631
100549
100465
100378
100289
100200
100108
100016
99924
99832.7
99742.4
99653.9
99567.6
99483.2
99401.9
99324.6
99250.2
99179.7
99113.9
99051.6
98992.5
98936.5
98885.2
98838.3
98793.9
98753.7
98717.8
98683.1
98647.9
98613.9
98581.5
98547.1
98512
98476.8
98442.6
98411
98380.5
98349.4
98316
98277.8
98234.2
98183.9
98127
98063.4
97992.6
97914.1
97827.5
97732.2
97628
97512.8
97386.7
97249.2
97099.8
96938.4
96764.6
96578
96378.7
96166.5
95941.7
95704.3
95454.9
95193.9
94923.3
94644.6
94356.7
94065.6
93771.3
93475.4
93180.5
92888.3
92602.4
92325.5
92059.3
91806.2
91568
91346.9
91145.8
90965.4
90807.8
90673.9
90564.6
90480.7
90422.2
90389.4
90381.9
90398.9
90439.3
90502.7
90587.9
90693.7
90818.5
90961.1
91119.7
91290.2
91471.4
91662.5
91861.5
92064
92267.9
92469.2
92666.3
92857.1
93038.1
93203.6
93352
93483.9
93601.5
93704.6
93799.8
93875.1
93942.5
93989.5
94034.2
94043.1
94053.3
94033.8
94007.1
93967.7
93910
93849.4
93773.1
93679.9
93574.3
93454.8
93320
93166.8
92992.5
92792.4
92560.9
92293.5
91984.5
91636.1
91254.5
90840.9
90392.8
89921.2
89441.7
88963
88485.9
88016.9
87565
87131.4
86707.7
86290.5
85875.8
85477.5
85113.1
84763.3
84435.5
84134.7
83869.2
83636.9
83414.9
83213.1
83027.6
82902.3
82858.4
82885.8
82938.3
83043.6
83230.3
101581
101574
101563
101548
101528
101505
101478
101447
101411
101372
101328
101280
101228
101171
101110
101045
100977
100904
100828
100749
100666
100580
100492
100401
100308
100215
100120
100026
99931.1
99837.7
99745.6
99655
99567.3
99482.7
99401.1
99323.7
99251.2
99182.2
99117.2
99057.7
99001.5
98948.1
98897.9
98852.2
98812.8
98776.9
98741.6
98706.6
98672.6
98639.7
98606.3
98571.1
98535.2
98499.9
98465.6
98431.6
98397
98360.2
98320.1
98275.5
98224.7
98168.5
98106
98036.6
97959.6
97874.5
97781
97678.5
97566.4
97443.5
97309.4
97163.8
97006.5
96837.1
96655.5
96461.5
96254.9
96036.3
95805.8
95563.6
95310.7
95047.4
94776.2
94497.5
94214.5
93928.6
93642.3
93356.9
93071.6
92794
92527
92269.7
92024.7
91793.2
91578.6
91383.4
91207.7
91053.7
90922
90814.6
90731.3
90672.5
90638.4
90628.6
90642.2
90678.7
90736.6
90814.4
90912
91027.1
91157.5
91303.2
91460.8
91628.7
91804.4
91987.5
92170.9
92356.9
92539.4
92717.8
92893.9
93061.5
93212.7
93349.3
93470.9
93581.2
93674.5
93772.1
93838.6
93899.7
93946.9
93984.6
93997.1
94002
93986.5
93959.6
93921.2
93864.2
93802.4
93728.7
93638.1
93535.1
93417.5
93285.8
93136.5
92965.5
92769.3
92545
92286.6
91984.1
91637.8
91260.5
90857.2
90414.1
89941.6
89464.2
88991.8
88517.5
88046.8
87593.8
87165.2
86748.6
86336.2
85924.9
85526.7
85163
84819.5
84498.6
84205.9
83945.1
83716.3
83504.6
83316.1
83130.7
83020
82979.9
83010.7
83074
83191.2
83389.5
101685
101678
101668
101653
101635
101613
101588
101558
101525
101487
101445
101398
101348
101293
101233
101169
101100
101027
100949
100869
100784
100698
100608
100516
100423
100328
100232
100136
100039
99943
99847.9
99754.5
99663.5
99575.4
99490.6
99409.8
99334
99262.7
99196.1
99133.5
99074.7
99020.8
98970.8
98924.6
98882
98843.1
98808
98774.9
98741.2
98707
98673
98637.9
98602.1
98566.3
98530.6
98494.7
98458.1
98419.7
98378.4
98333.2
98283
98227.4
98166
98097.8
98022.5
97939.2
97847.7
97747.4
97637.9
97518
97388
97246.8
97094
96929.7
96753.7
96566.2
96366.7
96155.3
95932.4
95698.5
95454.8
95200.5
94937.6
94668.1
94394.2
94116.9
93839.3
93561.3
93286.4
93019.3
92759.9
92512.4
92276.5
92050
91842.8
91655.4
91486.3
91336.2
91207.6
91102.5
91019.9
90960.6
90924.4
90911.2
90920
90950.3
91001.2
91069.4
91157.1
91261.5
91378.2
91509.4
91651.8
91803.3
91960
92127.5
92290.6
92457.8
92619.4
92776.1
92937.3
93090
93225.5
93348.7
93458.6
93560.9
93649.3
93733.4
93798.5
93853.2
93897.5
93930.5
93943.3
93945.8
93931.4
93904.9
93867.4
93811.6
93748.7
93672.1
93590.1
93491.5
93378.4
93249.1
93104.7
92939.9
92748.7
92529.6
92278.4
91984.2
91642.6
91269.7
90876
90440.6
89967.2
89489.9
89024.9
88557.1
88085.7
87630.5
87205.6
86796.5
86390.2
85984.5
85589.3
85228
84893.8
84579.4
84294.3
84040.6
83817.4
83612.7
83429.4
83283.7
83179.3
83133
83159.6
83232.7
83365.9
83580.8
101778
101772
101762
101749
101732
101712
101689
101661
101629
101594
101554
101510
101461
101406
101346
101281
101212
101139
101062
100982
100900
100814
100726
100635
100541
100446
100348
100250
100152
100054
99956.4
99860.7
99767.5
99677.2
99589.3
99505.8
99427.6
99353.8
99284.8
99220.1
99161
99105.9
99053.4
99005
98960.5
98921.3
98886.5
98852.5
98817.4
98782.8
98749
98714.3
98679.4
98644.1
98608.3
98572.3
98535.4
98496.6
98455.3
98410.5
98361.2
98306.6
98246.1
98179.4
98105.8
98024.6
97935.4
97837.5
97730.4
97613.5
97486.7
97350.1
97202
97042.7
96872.1
96691.1
96499.4
96296.2
96081.6
95856.7
95623
95379.7
95127.1
94867.8
94604.2
94337.3
94069.6
93802.1
93535.8
93277
93026.6
92784.4
92555.6
92340.9
92139.8
91957
91795.8
91648.9
91524.5
91421.7
91340.7
91280.8
91242.6
91225.4
91229.1
91250.8
91293.6
91351.5
91427.3
91519.5
91619.7
91736.3
91861
91994
92132.6
92276.1
92420.1
92566.8
92709.7
92849.2
92987.5
93118.6
93238.2
93348
93447.1
93540.4
93620.1
93694.8
93755.9
93802.9
93844.8
93873.9
93884
93886.3
93872.3
93844.2
93800.8
93753.9
93692.5
93619.6
93540
93445.8
93336.5
93212
93072.2
92913.5
92728.8
92516.8
92271.6
91987.2
91654.4
91285.7
90895.5
90467.8
89999.2
89523
89062.1
88600.3
88131.8
87676.3
87254
86852.4
86453.3
86055.3
85666.3
85308.6
84985.4
84681.5
84407.7
84159.8
83944.4
83746.4
83573.9
83449.5
83355
83303.6
83327.3
83412
83564.9
83801.3
101852
101846
101837
101825
101811
101793
101772
101747
101718
101684
101645
101600
101548
101494
101436
101375
101311
101241
101167
101090
101009
100925
100838
100747
100653
100558
100461
100363
100264
100165
100067
99971.2
99877.2
99784.6
99694.5
99609
99528.5
99453.5
99383.3
99317.2
99256.6
99199.7
99146.5
99097.8
99052.7
99012.7
98976
98940.6
98905.6
98871.5
98838.3
98805.1
98771.6
98737.6
98703.2
98668.3
98632.3
98594.5
98554
98510
98461.7
98408.5
98349.7
98284.5
98212.8
98133.6
98046.9
97951.4
97846.5
97732.2
97608.3
97475
97331.4
97176.8
97011
96835.4
96650.6
96455.4
96248.9
96032.9
95809.1
95577
95335.6
95088
94835.8
94580.8
94324.2
94069.5
93815.1
93564.6
93324.9
93091
92867.4
92660.1
92467.6
92287.8
92130.2
91990.8
91869.4
91767.6
91687.8
91626.9
91586.1
91564.5
91563
91576.7
91610.2
91657.6
91720.4
91796.1
91881.9
91980.8
92085.7
92198.7
92316.2
92438.3
92560.3
92685.5
92805.7
92926.4
93042.8
93154.9
93256.9
93352.6
93438.2
93520.7
93592
93656.5
93711.9
93753.2
93792
93818.3
93825.6
93826.2
93813.6
93787.1
93748.3
93697.6
93638.1
93569
93491
93400.3
93293.9
93174.9
93041.1
92888.5
92713.3
92506.6
92267.8
91991.1
91668
91307.1
90919.2
90497.6
90036.9
89562.8
89103
88646.6
88183.5
87729.4
87310.5
86917.5
86526.9
86138.1
85756.9
85405.3
85093.9
84802.9
84537.6
84299.3
84092.9
83909.5
83751.6
83633.8
83544.2
83497.9
83517.8
83613.8
83788.8
84046.6
101897
101892
101883
101872
101860
101846
101829
101806
101778
101741
101701
101657
101611
101561
101508
101450
101388
101320
101249
101173
101093
101015
100930
100841
100751
100659
100564
100468
100371
100274
100177
100081
99987.3
99895
99805.4
99719.9
99639.2
99563.6
99492.2
99425.5
99364
99306.1
99252.9
99203.5
99158.1
99117.3
99079.5
99044.8
99011
98978
98946.3
98914.9
98883.4
98851.7
98819.7
98786.9
98752.7
98716.4
98677.4
98634.7
98587.9
98536.3
98479.4
98416.5
98347.1
98270.2
98185.2
98091.9
97989.1
97876.9
97755.5
97624.8
97485
97334.4
97173
97001.5
96822.5
96634.7
96434.7
96226.3
96011.6
95789.7
95559.1
95323.4
95083.3
94841.1
94596.7
94353.5
94112.5
93872.6
93642.4
93421.6
93205.7
93004.6
92819.3
92646.6
92491.4
92356.4
92237.8
92137.5
92056.9
91994.5
91950.4
91924.1
91916.7
91922.6
91946.7
91982
92031.6
92091.6
92160
92240.6
92324.3
92415.8
92511.4
92610.9
92710.1
92813.3
92909.9
93009.8
93104.4
93197.3
93281
93362
93435.4
93504.6
93567
93623.3
93673.8
93710.3
93743
93766.9
93774.3
93772.8
93759.6
93733.8
93700.8
93648.8
93587.9
93518.2
93442.1
93355.6
93253.7
93141.3
93013.2
92867.3
92698.2
92498.5
92267.5
91997.3
91684.9
91331.7
90946.3
90531.5
90080.4
89608.9
89150.2
88699.3
88242.2
87790.3
87376.3
86993.9
86613.3
86235.2
85864
85520.3
85219.5
84944.5
84691.3
84462.4
84261.7
84097
83946.8
83831.8
83748.9
83716.2
83736.5
83840.7
84037.3
84319.7
101904
101901
101893
101885
101874
101861
101844
101822
101794
101760
101724
101685
101643
101595
101543
101487
101427
101363
101296
101226
101153
101077
100999
100917
100832
100744
100654
100562
100470
100376
100282
100188
100096
100006
99918.5
99834.8
99755.2
99680.3
99609.5
99543.5
99482.1
99424.7
99372.1
99323.1
99278.7
99238.5
99201.8
99168.9
99137
99105.6
99076.1
99047.4
99019.1
98990.6
98961.4
98931.3
98899.6
98865.6
98828.6
98787.8
98742.8
98693.1
98638.1
98577.4
98510.1
98435.3
98352.8
98261.6
98160.9
98050.5
97931.2
97802.6
97665.1
97517.8
97360.9
97194.3
97019.2
96835.7
96642.2
96440.3
96233.2
96020
95799.3
95573.6
95345.2
95114.8
94883.5
94651.3
94422.3
94195.3
93973.7
93763.5
93559.6
93365.6
93187.3
93022.6
92871.6
92739
92623.3
92523.7
92443
92377.9
92330.4
92299
92285.1
92282.7
92295.7
92319.5
92354.5
92399.5
92450.5
92511.3
92575.5
92643.5
92717.9
92793.1
92869.3
92948.6
93024
93100.4
93175.1
93248
93314.2
93378.2
93440
93496.2
93548.8
93597.4
93642.3
93675.9
93703.7
93723.4
93730.1
93725.9
93712.8
93686.5
93642.7
93599.6
93542.3
93475.6
93402
93317.1
93221.6
93113.7
92990.6
92850.9
92687.7
92495.6
92271.2
92008.6
91707.3
91359.8
90977.7
90572.2
90131.5
89663.8
89205.5
88759.7
88309.6
87861.9
87453.9
87083
86715
86350.1
85990.5
85655.3
85365.4
85110.1
84875.9
84654.4
84456.5
84304.3
84161.9
84049
83974.1
83954.4
83984.2
84093.7
84311.5
84621.8
101866
101865
101859
101852
101843
101831
101815
101794
101769
101740
101708
101671
101628
101582
101534
101482
101428
101371
101311
101249
101184
101115
101043
100968
100890
100809
100726
100640
100553
100465
100377
100289
100201
100115
100031
99950.3
99873
99800.1
99731.6
99668
99609.1
99554.8
99504.7
99458.1
99415.7
99377.5
99343.6
99313.6
99284.6
99256.6
99230.6
99205.7
99181.4
99156.7
99131.2
99104.5
99075.9
99044.7
99010.2
98971.7
98928.8
98881.2
98828.3
98769.7
98704.6
98632.3
98551.8
98462.8
98364
98255.1
98137.1
98010.4
97875.1
97731.6
97578.9
97415.9
97244.6
97065.2
96877.1
96680.6
96478.7
96271.8
96060.4
95842
95623.8
95403.4
95182.9
94962.4
94743
94527.6
94316.4
94114.3
93920.5
93734.8
93563.2
93405.5
93259.7
93130.1
93017
92917.4
92836.6
92770.2
92718.7
92682.6
92661.4
92650.3
92651.2
92665.5
92685
92715
92750.3
92790.1
92836.5
92881.4
92934.2
92985.4
93039.4
93092.8
93149.3
93200.9
93256.4
93309.5
93360
93407.8
93456.2
93500.8
93543.8
93584
93622.3
93653
93676.5
93692.6
93698.4
93691.8
93677.1
93650.4
93610.4
93566.6
93508.5
93443.8
93370.7
93288.6
93198.9
93093.1
92976.3
92842.4
92684.9
92500.1
92279.3
92023.9
91734.9
91397.5
91019
90618.8
90191.3
89730.6
89271.9
88829.7
88387.6
87947.7
87546.3
87187
86834
86484.3
86138.3
85813.8
85536.5
85300.5
85084.9
84871.8
84681.6
84535.3
84401
84289.4
84227.5
84220.3
84256.6
84371.8
84615
84961.8
101779
101779
101773
101767
101760
101751
101738
101720
101699
101674
101644
101608
101569
101529
101486
101441
101396
101348
101298
101244
101187
101127
101063
100996
100926
100854
100779
100701
100621
100540
100459
100378
100298
100220
100143
100068
99995.9
99927.4
99862.6
99802.6
99747.4
99697.1
99651.1
99608.8
99570.4
99535.5
99506
99480.6
99455.7
99432.3
99411.5
99392.1
99372.8
99352.7
99331.5
99308.7
99283.7
99255.8
99224.3
99188.4
99148
99102.6
99051.7
98994.9
98931.6
98861.2
98783.1
98696.7
98600.5
98493.4
98376.2
98251
98118.3
97977.5
97828.1
97669.4
97501.8
97325.5
97141.1
96949.6
96750.8
96548.6
96342.4
96131.2
95919.9
95708.2
95496.7
95286.2
95076.3
94869.5
94667.6
94473.2
94286.6
94108.5
93941.8
93789.5
93649.2
93522.1
93411.3
93313.7
93231.9
93165.2
93110.5
93068.9
93040.7
93021.5
93011
93014.9
93021
93035.2
93055.4
93076.5
93103
93127.4
93158.4
93187.2
93219
93248.9
93285.1
93314.4
93350.2
93384.3
93420.2
93453.4
93488.5
93522.6
93556
93587.7
93618.6
93644.9
93664.9
93678.1
93681.7
93674.1
93658.6
93629.9
93591.4
93549.3
93489.2
93425.5
93353.6
93274.3
93186.8
93084.9
92973.8
92841.9
92689.7
92512.1
92298.5
92049.8
91770.2
91444
91072.3
90672.9
90258.9
89809.9
89353.7
88914
88481.5
88051.2
87656.5
87308.4
86970.7
86638
86309.2
85998.7
85735.7
85516.2
85315.3
85116.9
84940
84791.9
84663.2
84554.1
84510.3
84520.4
84558.9
84678.4
84939.3
85330.5
101638
101639
101636
101632
101627
101620
101611
101598
101581
101560
101535
101505
101474
101441
101405
101369
101331
101292
101251
101207
101160
101109
101055
100998
100938
100875
100811
100743
100674
100602
100529
100457
100385
100316
100248
100183
100120
100060
100002
99948.9
99899.4
99854.5
99814.2
99778.1
99745.6
99716.3
99692.6
99672.6
99652.9
99635.6
99621.3
99607.8
99594.1
99579.6
99563.6
99545.4
99524.7
99500.6
99472.2
99439.2
99401.2
99357.9
99309
99253.9
99192.1
99123.4
99047.1
98963.4
98870.6
98766.8
98651.5
98526.7
98395.2
98256.6
98109.3
97953.9
97789.9
97616.8
97435.5
97248.3
97051.4
96850.9
96648.2
96441.2
96233.8
96027.9
95822.9
95619.5
95418.3
95220
95025.9
94838.6
94658.1
94485.8
94323.7
94174.3
94037.8
93913
93803.4
93707.8
93625.4
93556.9
93500.1
93454.4
93419
93393.3
93374
93364.7
93360.1
93358.8
93362.5
93367.4
93373.3
93379.9
93388.7
93397.9
93407.1
93417.2
93431.6
93442
93458.2
93474.4
93495.8
93516.2
93539
93563.7
93588.2
93611.7
93635.4
93656.4
93672.9
93683.1
93684.4
93675.2
93658.5
93629.9
93591.9
93543
93487.7
93424.9
93354.9
93278.7
93190.4
93093.4
92983.5
92853.4
92707.8
92536.5
92331.1
92091.9
91815.6
91497.4
91136.8
90741.9
90338.7
89904.1
89453.7
89016.6
88593.8
88174.6
87787.4
87451.2
87129.8
86815.6
86506.6
86213.4
85966.5
85764
85580
85396
85232.6
85076.8
84951.6
84851.3
84825.9
84856.9
84901.7
85015.7
85303.9
85714
101446
101449
101448
101447
101446
101443
101438
101430
101419
101404
101386
101364
101341
101316
101290
101262
101234
101204
101172
101138
101102
101062
101018
100972
100924
100874
100821
100765
100707
100648
100587
100526
100465
100407
100350
100296
100244
100194
100147
100103
100063
100026
99994.3
99966.5
99942.1
99921.2
99904.9
99890.5
99877.2
99868
99861.4
99854.8
99847.7
99839.2
99828.5
99815.2
99799
99778.8
99754
99724.1
99688.7
99647.8
99600.8
99547.1
99486.6
99419.2
99344.7
99261.2
99169.9
99070
98959.1
98836.6
98705.5
98568
98421.7
98267.2
98106.2
97937.1
97760.3
97575.9
97382.4
97182.9
96979.6
96773.7
96568.2
96364.9
96163.8
95964.6
95768.7
95576.2
95388
95206
95031.5
94864.2
94707
94560.4
94425.7
94303
94193.6
94097.8
94014.7
93943.5
93883.8
93834.9
93793.3
93761.2
93734.8
93713.4
93698.1
93683
93670.8
93659.7
93648.3
93638
93625.9
93617.2
93605.6
93597.5
93589.7
93584.5
93581.1
93582.5
93588.6
93597.6
93609.5
93625.3
93642.5
93659.5
93676.2
93691.9
93704.2
93711.3
93711.2
93700.8
93681.6
93652.5
93614.5
93569
93510
93447.6
93379
93302.1
93215.5
93120.6
93011.4
92884.6
92744
92577.7
92379.6
92149.1
91874.9
91565.1
91215.6
90831.5
90438.6
90016.4
89573.5
89142.1
88727.6
88321.2
87942.9
87620.4
87317.3
87022.9
86735.4
86462.5
86233.5
86050.9
85886.4
85712.1
85558.8
85396.4
85274
85189.8
85180.9
85232.8
85285.3
85396
85739.9
86124.9
101204
101210
101212
101214
101216
101218
101220
101219
101217
101212
101203
101192
101178
101163
101147
101130
101111
101091
101070
101047
101022
100994
100962
100928
100892
100854
100814
100771
100726
100680
100633
100586
100539
100493
100449
100408
100369
100332
100297
100266
100237
100211
100190
100172
100158
100147
100140
100134
100131
100130
100132
100132
100132
100131
100126
100118
100107
100091
100070
100043
100010
99971.8
99926.5
99874.1
99814.4
99747
99671.8
99588.6
99497.4
99398.4
99290.9
99172.6
99043.1
98905.5
98760.7
98607.4
98447.1
98280.3
98106.5
97926.4
97737.8
97540.9
97338.3
97131.4
96924.2
96720.5
96521
96324.2
96131.2
95941.7
95756.6
95576.9
95405.3
95241.9
95087.2
94943.5
94810.2
94689.4
94580.7
94484.4
94399.8
94326
94262.5
94209.4
94163
94124.1
94090.7
94059.7
94032.6
94005.4
93980.1
93953.6
93928.1
93901
93872.1
93845.4
93816.4
93789.4
93763.3
93742.3
93722
93710.2
93700.9
93699.6
93702
93709.8
93720.3
93732.5
93744.5
93755.7
93764.3
93768.2
93766
93754.8
93734.9
93704.3
93664.9
93615.4
93560.5
93498.9
93429.8
93352.6
93267.5
93171.9
93064.1
92939.6
92803.8
92641.6
92447.8
92222.3
91954.8
91655.8
91317.9
90944.9
90562
90151.5
89720.2
89296.9
88891.2
88497.2
88128.4
87819.6
87535.9
87263.4
87000.1
86751
86541
86379.8
86226.6
86068.9
85920.7
85755.4
85638
85575
85576
85646.4
85712.4
85821
86223.9
86574.6
100915
100925
100931
100938
100945
100951
100959
100968
100977
100984
100988
100991
100989
100985
100980
100974
100965
100956
100946
100935
100921
100905
100885
100863
100841
100817
100791
100762
100732
100700
100668
100636
100606
100575
100546
100520
100495
100473
100453
100436
100420
100408
100399
100394
100391
100393
100397
100402
100410
100420
100429
100438
100446
100452
100454
100452
100446
100434
100417
100394
100364
100327
100284
100233
100174
100107
100031
99946
99853.7
99752.9
99644.1
99527.2
99400.2
99263.6
99120.5
98969.2
98809.5
98642.7
98469.4
98291.5
98107.7
97915.3
97715.6
97509.5
97300.7
97094.7
96893.7
96697
96504.7
96316.9
96133
95954.8
95783.4
95620.6
95466.1
95322.6
95189.8
95069.8
94961.9
94865
94778.3
94702.2
94635.4
94578.2
94527.4
94482.2
94441.8
94402.4
94364.4
94327.7
94290.6
94251.6
94213
94170.3
94127.2
94083.1
94039.5
93994.7
93954.5
93917
93883.9
93857.8
93837.1
93825.7
93819.9
93820.6
93825.4
93833.1
93842.2
93850.7
93856.9
93858.6
93854.7
93842.5
93821.8
93791.1
93750.6
93701.5
93646.7
93584.6
93513.3
93435.4
93349.3
93254.1
93146.7
93025.4
92891.4
92731.7
92541.6
92322.9
92064.4
91774.6
91447.8
91084.7
90711.5
90312.5
89897.9
89484.9
89089.8
88707.6
88349.7
88053.5
87789.3
87540.6
87303.2
87081.7
86893.2
86752.7
86605.9
86470.8
86322.1
86159.3
86049.5
86006.5
86011.8
86094.3
86180.7
86305.5
86709
87049.7
100582
100595
100604
100618
100635
100652
100669
100686
100704
100723
100740
100755
100769
100778
100786
100791
100795
100798
100799
100800
100799
100795
100788
100780
100773
100764
100753
100740
100726
100711
100696
100682
100668
100655
100643
100633
100625
100619
100615
100614
100614
100618
100623
100631
100643
100657
100673
100692
100712
100731
100750
100770
100788
100802
100810
100814
100813
100807
100793
100773
100746
100712
100671
100621
100563
100496
100420
100336
100241
100138
100026
99906.4
99778.7
99642.5
99499.5
99349
99190.1
99023.3
98849.3
98671.1
98489
98300.6
98104.6
97900.5
97691.4
97483.6
97279.9
97082.3
96888.9
96701
96516.9
96338.5
96166.6
96002.3
95847
95702.2
95568.7
95447.7
95338.5
95239.6
95150.7
95072.1
95003
94941.9
94886.1
94835.1
94788
94740.8
94694.7
94650.3
94602.7
94553.8
94502.4
94447.1
94390.8
94331.7
94274
94215.7
94162.9
94111.3
94067.6
94028.9
93999.8
93978.6
93966.5
93960.6
93961.4
93965.8
93972.8
93979.7
93985
93986
93981.9
93968.8
93947.2
93916.8
93877.3
93832.7
93773.6
93709.4
93635
93555.7
93469
93373.4
93265.2
93147.6
93011.2
92853
92669.1
92457.3
92210.9
91927.8
91610
91258.8
90897
90508.8
90108.8
89709.5
89328
88958.5
88612.1
88328.2
88084.9
87859.6
87648.2
87456.8
87294.6
87171.3
87028.5
86920.5
86768.6
86613.8
86513.1
86484.4
86491.3
86577.7
86675.4
86852.5
87194.8
87555.6
100268
100283
100294
100316
100344
100372
100401
100429
100458
100486
100513
100538
100562
100583
100602
100619
100634
100647
100660
100672
100681
100689
100695
100700
100706
100711
100714
100715
100715
100715
100716
100718
100720
100723
100727
100732
100739
100748
100760
100774
100790
100807
100827
100849
100873
100900
100928
100958
100989
101019
101049
101078
101105
101126
101141
101151
101155
101152
101143
101126
101102
101070
101031
100982
100924
100858
100782
100698
100604
100500
100388
100266
100137
99998.7
99854.1
99703
99544
99376.9
99201.7
99021.8
98839.5
98653.2
98459.7
98257.5
98048.8
97839.5
97633.8
97434.2
97240
97050.9
96866.2
96686.4
96513.3
96347
96190.2
96044.5
95910.3
95787.4
95675.5
95574.4
95484
95403.6
95332.4
95267.7
95207.6
95152.3
95099.6
95047.2
94996.5
94944.8
94889.5
94832.8
94771.1
94706.5
94639.7
94570.8
94501.6
94434.7
94371.7
94311.1
94258.8
94212.5
94176.1
94148
94131.2
94120.8
94119.3
94121.9
94128.5
94135.5
94141.5
94143.1
94139.9
94127.3
94105.9
94076
94037.7
93993.5
93933.8
93867.5
93791.3
93710.7
93624.2
93528.1
93420.4
93301.7
93163.9
93007.7
92829.4
92622.9
92384.2
92111.2
91806.4
91471.3
91120.3
90744.5
90354.1
89967.5
89600.2
89246.5
88913.5
88643.4
88420
88217.9
88031.9
87872.7
87742.1
87632.6
87504.4
87413.1
87257.2
87115.4
87028.3
87006.6
87015.1
87091.3
87210.1
87412.8
87714.4
88108.2
100009
100024
100041
100068
100101
100137
100176
100214
100252
100289
100325
100359
100391
100420
100449
100475
100499
100522
100544
100564
100583
100599
100616
100633
100650
100668
100682
100694
100705
100718
100732
100746
100762
100778
100794
100813
100833
100855
100880
100907
100935
100965
100997
101031
101067
101104
101143
101183
101223
101264
101303
101341
101374
101401
101421
101436
101445
101446
101441
101427
101406
101376
101338
101291
101234
101168
101093
101009
100914
100813
100701
100581
100451
100312
100166
100013
99854
99686.1
99509.5
99327.8
99144.4
98958.3
98766.3
98565.9
98357.8
98148
97941.6
97740.5
97545.4
97354.8
97169.4
96988.7
96814.3
96646.6
96488
96340.7
96205.3
96080.5
95966.6
95864.1
95773
95691.5
95618.1
95550.6
95487.7
95429.7
95373.7
95318.3
95264.2
95206.5
95145.8
95082.6
95014.1
94943
94868.9
94793.7
94717.4
94644.8
94574.2
94508.4
94449.6
94398.6
94356.7
94325.3
94304.4
94292.4
94289.5
94292
94299.7
94308.8
94316.7
94320.8
94319.4
94308.6
94289.1
94259.3
94218.9
94169.3
94117.5
94052.1
93974.3
93894.4
93808.4
93712.6
93605.3
93484
93346.7
93193.6
93020.4
92817.7
92587.2
92325.3
92035.3
91716.4
91378.4
91018
90637.6
90258.5
89904.7
89569.2
89253.8
88999.5
88793.6
88615.9
88455.7
88327.2
88236.1
88137.7
88039.5
87947
87789.9
87665.9
87593.8
87575.1
87580.1
87653.2
87786.3
87998.6
88273.6
88721.3
99757.3
99770.2
99793.8
99825.6
99868.8
99913.3
99958.7
100006
100053
100099
100143
100186
100227
100265
100302
100337
100370
100402
100432
100462
100489
100516
100543
100571
100599
100626
100652
100675
100698
100722
100748
100775
100802
100830
100860
100890
100923
100958
100995
101034
101075
101117
101161
101207
101253
101302
101351
101401
101451
101500
101549
101594
101633
101665
101691
101710
101723
101729
101726
101716
101697
101669
101633
101588
101533
101468
101393
101309
101217
101113
101002
100882
100754
100616
100468
100315
100155
99986.5
99809.1
99625.5
99439.9
99252.8
99061
98861.8
98654.8
98445.1
98238.4
98036.1
97839.4
97647.6
97460.9
97279.1
97103.2
96934
96773.8
96624.8
96487
96360.6
96245.6
96142.3
96050
95966.8
95890.9
95821
95756.4
95696.4
95638.4
95580.7
95522
95459.9
95395.4
95326.9
95253.7
95178.3
95099.4
95019.2
94938.9
94861.5
94785.9
94716.3
94652.3
94597.8
94552.5
94519.3
94496.3
94484.4
94481.2
94485.7
94495.4
94508.5
94519.8
94528.1
94529.4
94522.1
94503.6
94473.8
94432.6
94381.6
94337.2
94272.1
94193.2
94115.2
94030.6
93934.5
93827.9
93705.4
93571
93420.8
93250.9
93052.4
92830.4
92580
92308.6
92006.8
91683.4
91339
90972.7
90600.6
90258.9
89940.5
89644.2
89407
89219.8
89065.2
88933
88830
88787.8
88695.3
88627.5
88529.2
88381.4
88276.9
88218.4
88195.5
88197.2
88271.4
88405.1
88618.7
88894.5
89352.3
99513.6
99522.7
99547.5
99595.2
99650.4
99703
99757.3
99812.5
99866.6
99920.5
99972.9
100024
100073
100120
100165
100208
100250
100289
100328
100367
100405
100441
100477
100515
100553
100589
100624
100659
100693
100729
100766
100803
100842
100881
100922
100965
101010
101056
101104
101155
101208
101262
101318
101374
101432
101491
101551
101610
101669
101727
101783
101834
101878
101916
101947
101972
101989
101998
101999
101992
101976
101950
101915
101871
101818
101754
101680
101596
101503
101399
101288
101169
101042
100905
100758
100603
100443
100275
100099
99914.2
99726.8
99537.8
99345
99145.8
98940.1
98731
98523.9
98321
98123
97930
97742
97558.4
97380.3
97209.5
97048
96897.5
96757.9
96629.9
96514.2
96410.3
96316.9
96231.6
96153.8
96082.6
96017.2
95955.4
95895
95835
95772.8
95707.5
95640.1
95568.1
95492
95413.3
95331.6
95248
95165
95083.9
95005.3
94932.8
94866.2
94809.4
94763
94728.8
94706.3
94695.5
94694.4
94702.4
94716.1
94734.1
94750.9
94764.4
94769.7
94765.7
94749.3
94720.5
94681.1
94633.8
94591.3
94529.3
94451.2
94375.5
94293
94197.2
94089.1
93970.7
93840.6
93692.3
93526.8
93336.5
93122.5
92885.5
92632.5
92351.2
92041.7
91711
91360
90998.3
90667.6
90365.7
90088.5
89869.6
89704.1
89572.1
89470.7
89386.1
89396.2
89306.6
89269.8
89164.4
89042.7
88958.6
88909.5
88876.1
88872.8
88946.1
89069.5
89262.2
89561
90009.7
99265.7
99283.5
99304.5
99368.3
99432.1
99499.3
99566.5
99633.5
99693.8
99756.1
99816.3
99875.2
99932.1
99986.8
100040
100091
100141
100188
100235
100283
100329
100374
100420
100466
100512
100557
100602
100646
100691
100736
100783
100831
100880
100931
100983
101036
101092
101150
101209
101271
101334
101400
101466
101534
101602
101671
101740
101809
101877
101942
102005
102061
102111
102154
102190
102219
102241
102254
102258
102254
102240
102216
102183
102140
102088
102026
101953
101870
101777
101673
101562
101442
101315
101179
101033
100879
100719
100552
100376
100192
100004
99813.6
99619.2
99419.2
99213.8
99005.7
98798.4
98595.3
98396.5
98202.3
98012.8
97827.4
97647.5
97475.5
97312.9
97160.8
97019.4
96890
96773.5
96668.8
96573.8
96487.1
96408.2
96336.7
96270.7
96207.6
96145.1
96082.7
96018.5
95951.5
95881.5
95807.8
95730.5
95649.6
95566.2
95481
95396.1
95313.1
95232.9
95158.7
95091.4
95034.1
94988.3
94954.9
94934.4
94926.5
94929.4
94942.3
94961.8
94984.9
95007.6
95026.9
95038.1
95038.7
95025.9
94999.5
94963.6
94917.2
94875.9
94823.1
94749
94677.6
94598.9
94502.4
94393.1
94283.8
94158.4
94013.6
93853.4
93670.7
93467.7
93247.7
93010.6
92753
92457.7
92143.1
91803.3
91455
91134.3
90848.2
90591.1
90391.8
90249.5
90140.3
90073.2
90007.1
90042.1
89988.3
89966.9
89862.5
89770.4
89712
89669
89621.1
89614.2
89683.5
89789
89967.3
90277.8
90711.4
99053.4
99034.2
99095.8
99162.2
99228.8
99309.6
99391.2
99470.2
99536.1
99607
99675.4
99742.4
99806.5
99868
99928.2
99987.5
100044
100099
100154
100208
100262
100314
100369
100424
100477
100530
100583
100637
100691
100746
100802
100859
100918
100978
101041
101105
101171
101239
101309
101381
101455
101530
101607
101684
101763
101841
101919
101996
102072
102145
102213
102276
102331
102379
102420
102453
102479
102495
102503
102501
102489
102468
102436
102395
102344
102283
102211
102130
102038
101933
101823
101703
101575
101439
101294
101141
100981
100814
100639
100457
100270
100079
99882.9
99682.3
99476.9
99269.2
99062.7
98859.2
98659.7
98464.4
98273.4
98086.5
97905.5
97733.1
97569.6
97415.8
97273.2
97142.9
97025.6
96919.8
96823.4
96736.1
96656.9
96585
96518.2
96453.9
96390.1
96326.2
96260.7
96193.2
96122.2
96047.6
95969.9
95888.4
95804.1
95718.3
95632.6
95548.6
95468.4
95394.3
95327.6
95271.8
95228
95197.2
95179.8
95176
95183.9
95202.4
95228.6
95258.8
95289.1
95315.5
95333.9
95340.4
95332.6
95310.6
95279.8
95235.3
95188.5
95152.3
95088.1
95023.8
94948.9
94852.2
94749.1
94648.9
94518.7
94384.3
94232.6
94059.7
93869.4
93668.3
93451
93211.3
92927.8
92635.4
92305.8
91970
91661.7
91393.1
91158.9
90981
90859.1
90771
90739.9
90696.7
90745.5
90738.1
90723
90624.2
90564
90530.2
90490.7
90431.4
90425.5
90484.5
90558.3
90741.9
91055.9
91468.7
98742.8
98800.9
98878.3
98949.3
99037.3
99136.7
99234.2
99322.5
99398.7
99474.7
99550.5
99625.4
99696.4
99763.8
99829.9
99895.7
99959.5
100021
100082
100143
100203
100263
100324
100386
100447
100508
100569
100631
100693
100756
100821
100887
100955
101025
101097
101171
101247
101325
101404
101486
101569
101653
101740
101826
101914
102001
102087
102172
102255
102334
102408
102476
102537
102590
102636
102674
102703
102723
102733
102733
102724
102705
102676
102636
102586
102526
102455
102375
102284
102184
102071
101951
101822
101687
101542
101390
101230
101063
100889
100708
100522
100331
100135
99934.2
99729.5
99522.3
99316.4
99113
98912.8
98716.6
98524.4
98336.7
98155.1
97982.2
97817.8
97663
97519.8
97389.2
97271.3
97164.5
97067.5
96980.4
96901.6
96829.2
96761.5
96696.1
96631.5
96567.4
96502
96434.6
96363.7
96289
96210.8
96129.4
96045.2
95959.7
95874
95790
95710.8
95637.9
95573.1
95519.7
95479
95452.4
95440.1
95441.9
95456.6
95482.7
95517.1
95556.2
95594.9
95629.1
95655.6
95670
95668.1
95653
95629.7
95591.1
95548.5
95514.7
95471
95416.1
95343.5
95249.2
95163
95055.2
94937.1
94810.2
94667.6
94506.4
94332.6
94150.4
93953.8
93727.7
93453.8
93175.7
92869.5
92545.9
92254.1
92006.3
91797.8
91641.7
91537.9
91467.9
91465.3
91462.3
91519.5
91555.5
91540.6
91456.6
91430.9
91415.1
91378
91313.9
91302
91341.1
91404.2
91578.6
91891.5
92277.4
98293.1
98488.5
98662.8
98756.3
98859.9
98982.3
99095.7
99193.9
99278.5
99358.8
99440
99522
99600.1
99672.8
99743.9
99814.7
99884.5
99952.2
100019
100086
100152
100219
100286
100354
100422
100490
100558
100627
100698
100769
100842
100917
100993
101072
101152
101235
101320
101407
101495
101585
101677
101770
101865
101960
102056
102151
102245
102337
102427
102512
102592
102664
102730
102788
102839
102881
102914
102936
102950
102953
102946
102928
102901
102863
102814
102755
102685
102605
102516
102418
102305
102185
102057
101921
101778
101626
101467
101299
101126
100946
100761
100571
100375
100175
99971
99765
99560
99357
99156.7
98959.8
98766.9
98578.5
98396.6
98223.4
98058.6
97903.6
97760.3
97629.7
97511.2
97403.6
97306.5
97220
97141.8
97069.4
97001.2
96935.6
96871.5
96808.2
96743.5
96676.6
96606
96531.6
96453.8
96372.6
96289.1
96204.5
96120.3
96037.8
95960.6
95890.3
95828.9
95779.5
95743.4
95722.3
95716.2
95725.2
95748.2
95783.5
95827.7
95876.4
95924.1
95967.2
96002.4
96025.8
96032.2
96026.3
96013.4
95984.8
95953.5
95915.3
95896.1
95850.5
95784.2
95705.6
95637.1
95525.5
95409.1
95290.6
95158.9
95014
94858.9
94696.6
94517.1
94303.5
94038.7
93760.3
93463.3
93186.5
92914.9
92690.9
92508.2
92376.4
92289.4
92242
92258.9
92300.9
92369
92425.1
92421.8
92362.4
92373.6
92371
92332.6
92271.9
92255
92261.5
92340.4
92491.3
92777.9
93138.2
97736.9
98259.2
98496.7
98624
98731.2
98850.3
98976.1
99083.1
99175.9
99259.5
99343.2
99430.4
99515
99593.2
99668.9
99744.5
99819.1
99891.9
99964.5
100037
100109
100181
100254
100328
100402
100476
100551
100627
100705
100784
100864
100947
101031
101118
101206
101297
101390
101485
101581
101680
101779
101880
101983
102086
102189
102292
102393
102492
102587
102678
102763
102841
102911
102974
103029
103074
103111
103137
103153
103158
103153
103138
103112
103075
103028
102969
102900
102821
102733
102636
102525
102407
102279
102144
102001
101850
101691
101523
101351
101173
100989
100800
100605
100405
100203
99998.2
99794.7
99592.2
99391.8
99194.8
99001.5
98812.5
98630.5
98457.4
98292.6
98138
97995.5
97865.3
97746.5
97638.8
97542.2
97456.3
97378.7
97306.4
97238.5
97173.9
97111.3
97049.5
96985.7
96919.4
96849.4
96775.2
96698.3
96618.2
96536.2
96453.7
96372.2
96292.9
96219.1
96152.8
96096.1
96052.2
96022.2
96007.7
96009
96026.3
96058.9
96104.6
96159.5
96218.6
96276.2
96329.5
96374.2
96406.3
96424.7
96430.4
96431.8
96416.3
96396.4
96375.4
96366.1
96324.2
96276.4
96224.3
96145.7
96045.7
95934.8
95827.5
95708.5
95580.8
95446.6
95306.5
95142.9
94938.3
94683.2
94414.7
94138.9
93889.5
93642.8
93444.6
93289.9
93184.6
93116.2
93091.9
93130.8
93217.3
93300.4
93367.1
93371
93335.8
93387.8
93399.9
93362.3
93315.1
93285.4
93248
93329.6
93496
93731.6
94055.7
97461.9
98181.9
98407.9
98527.5
98626.5
98737.6
98872.6
98992.9
99094.4
99181.4
99266.8
99356.3
99443.8
99526.3
99606.7
99686.8
99765.6
99842.9
99920.2
99997.4
100074
100151
100229
100308
100387
100466
100547
100630
100713
100799
100886
100976
101067
101160
101256
101354
101454
101556
101660
101765
101872
101980
102090
102200
102309
102418
102526
102630
102731
102827
102917
102999
103074
103141
103200
103249
103289
103318
103336
103344
103342
103328
103303
103268
103222
103164
103096
103018
102931
102833
102725
102608
102482
102347
102205
102055
101896
101729
101558
101382
101200
101012
100818
100620
100418
100216
100014
99811.8
99612
99415.3
99222
99033.1
98851.8
98678.9
98514.5
98360.8
98219.6
98090
97971.6
97864.8
97769.6
97684.6
97607.7
97536.2
97469.8
97406.9
97346.3
97285.9
97223.1
97157.2
97087.9
97014.6
96939.3
96861.6
96782.5
96703.4
96625.5
96550.4
96481.4
96420.4
96369.5
96332.1
96309.3
96302.4
96312.2
96338.7
96381.6
96438.6
96505
96574.8
96643.5
96708.3
96763.3
96805.2
96838.6
96858.3
96874.9
96877.9
96868.7
96867.6
96867.8
96840.5
96816.7
96786.6
96704.2
96607.5
96506.8
96415.1
96311
96198.9
96086.5
95966.7
95819.4
95623.6
95379.4
95123.8
94874
94626.1
94431.2
94259.7
94135.7
94055.8
94010.1
94011.8
94074.3
94200.6
94301.2
94379
94385.9
94377
94482.9
94493.9
94461.1
94424
94374.9
94314.3
94353.2
94541.7
94747
95020.2
97660.9
98096.3
98317.7
98449.5
98540.1
98640.9
98776.3
98910
99017.9
99110.2
99200.1
99291.5
99380.6
99466.3
99551
99635.1
99717.8
99799.4
99880.6
99961.6
100043
100124
100207
100290
100374
100459
100546
100634
100724
100816
100909
101005
101103
101203
101305
101410
101517
101626
101736
101849
101962
102077
102193
102309
102425
102540
102653
102763
102869
102970
103064
103151
103230
103301
103364
103417
103460
103492
103512
103523
103522
103510
103486
103452
103408
103351
103284
103206
103120
103023
102916
102800
102676
102542
102401
102252
102093
101927
101758
101584
101404
101217
101024
100828
100628
100427
100227
100026
99826.9
99630.7
99437.7
99249.6
99069.5
98897.3
98733.9
98581.8
98441.9
98313.1
98195.8
98090.7
97997.3
97913.8
97837.5
97767.6
97703.3
97642.8
97583.9
97524.7
97462.4
97397.3
97329.1
97257.9
97185.2
97111.1
97035.6
96960.9
96887.9
96817.8
96754.4
96699.9
96656
96625.7
96611.1
96612.8
96631.9
96668.6
96722.4
96791.6
96869.8
96950.8
97031.8
97109.2
97175.8
97230.4
97281.2
97318.3
97348.9
97373.4
97375.8
97392
97388.6
97400.4
97397.8
97355.5
97303.6
97216
97130.6
97058.6
96973.7
96876.9
96783.3
96681.6
96548.2
96365.5
96135.2
95894.9
95671.2
95455.6
95283.1
95141.2
95049.2
94995.2
94974.7
95003.3
95091.4
95251.6
95354.8
95456.6
95469.6
95503.4
95639.7
95660.9
95629.6
95605.4
95535
95471.8
95448.8
95593.7
95779.4
96007.2
97899.5
98008.3
98199.6
98359.8
98452
98562.6
98705.1
98832.8
98939.4
99036.2
99131.4
99226.1
99318
99407.2
99495.5
99583.1
99669.8
99755.5
99840.8
99926.2
100012
100098
100186
100274
100364
100455
100547
100642
100738
100836
100936
101039
101144
101251
101360
101472
101586
101702
101820
101940
102060
102182
102304
102427
102549
102670
102789
102905
103017
103122
103221
103313
103396
103471
103537
103594
103640
103675
103699
103711
103712
103702
103679
103646
103602
103547
103481
103404
103318
103221
103115
103001
102878
102746
102606
102457
102299
102135
101968
101796
101617
101432
101241
101047
100849
100650
100451
100252
100053
99857.7
99665.3
99478.5
99300
99129
98967.2
98817.1
98678.8
98551.1
98435.6
98333.1
98241.7
98159.4
98084.5
98016.7
97954.9
97896.9
97839.6
97781
97719.3
97655.5
97589.7
97521.6
97452.6
97382.9
97312.3
97242.9
97175.7
97111.9
97055
97007.7
96972.1
96950.2
96944.4
96955.7
96985.1
97033
97099.2
97181.3
97271.5
97365
97459.4
97550
97630.4
97702.3
97769.4
97824.3
97870.9
97921.1
97939.2
97972.8
97985.6
97972.7
97989.3
97987.3
97963
97889.8
97827.7
97779.7
97717.2
97638.5
97559.8
97473.3
97352.4
97185
96972.6
96750.6
96548.7
96364.8
96190.8
96097.7
96043.2
96012.4
96029.3
96081.7
96195.7
96377.8
96447.7
96606.8
96627.1
96705.2
96847.1
96904
96888
96879.8
96752.8
96687.1
96646.9
96722.5
96861.8
97045
97860.6
97922.1
98093.8
98231.6
98361.2
98510.7
98650.9
98762.6
98863.9
98961.4
99060.1
99158.9
99254.9
99348
99439.9
99531.2
99621.8
99711.9
99801.9
99892.1
99982.8
100074
100167
100261
100356
100454
100553
100654
100757
100862
100969
101078
101190
101305
101421
101541
101662
101786
101912
102039
102167
102296
102425
102554
102683
102811
102936
103057
103174
103285
103389
103485
103573
103652
103721
103781
103830
103869
103895
103909
103912
103903
103882
103850
103807
103752
103687
103611
103525
103430
103324
103211
103089
102958
102818
102671
102514
102352
102188
102018
101841
101657
101469
101277
101082
100886
100688
100489
100292
100097
99906.2
99721.3
99544.6
99375.3
99215.9
99068.7
98932.4
98806.6
98693.4
98593.8
98504.4
98423.3
98350.5
98285.7
98227.4
98171.5
98115.3
98057.2
97997.2
97935.5
97873.3
97809.8
97745.9
97681.8
97617.2
97554.2
97493.5
97437.1
97387.6
97348.4
97321.8
97309.8
97313.5
97334.9
97375.2
97435.2
97514.6
97610.4
97713.7
97820.9
97929
98035.1
98132.6
98225.1
98310.1
98382.8
98441.8
98517
98560.7
98611.3
98661.8
98656.7
98673.1
98709.6
98687.4
98636.7
98606.6
98586
98546
98489.1
98422.3
98346.3
98237.8
98088.1
97898.3
97698.6
97517
97362.9
97224.3
97109.7
97075.5
97078.9
97169.3
97244.8
97389.8
97588.2
97681.8
97828.1
97832.5
97972.7
98146.2
98208.7
98214
98157
98026.2
97932.7
97894.7
97932.3
98036.1
98187
97764.5
97822.8
97965.9
98102
98262.9
98430.8
98569.4
98683.1
98787
98883.8
98986.9
99090.6
99190.7
99288.5
99384.6
99480.2
99575.1
99669.9
99765.1
99860.4
99956.2
100053
100152
100252
100354
100457
100563
100671
100781
100893
101008
101125
101244
101366
101490
101618
101747
101879
102013
102148
102284
102420
102557
102693
102828
102961
103093
103220
103342
103458
103567
103667
103760
103842
103916
103979
104031
104072
104101
104117
104122
104115
104094
104063
104020
103967
103903
103827
103742
103646
103544
103431
103307
103177
103040
102893
102738
102579
102417
102249
102074
101893
101708
101519
101327
101133
100937
100740
100545
100351
100162
99979.6
99804.9
99638
99482
99338.3
99204.5
99081.7
98972.1
98875.2
98787.5
98708.5
98639.2
98578.8
98523.8
98469.3
98413.5
98356.8
98299.6
98242.5
98185.5
98128.4
98071
98014
97956.2
97899.9
97846.4
97798.1
97757.9
97728.3
97711.5
97709.5
97724.2
97756.3
97807.6
97879.7
97973.3
98082.7
98199.7
98322.2
98447.8
98570.6
98692.1
98807.5
98912
99009.3
99078.8
99170.1
99249.3
99309.4
99393.6
99451.1
99493
99512
99488.7
99470.9
99480.3
99488.3
99467.2
99432.3
99375.2
99305.4
99208.1
99079.7
98917.4
98742.4
98580.7
98447.5
98342
98262
98252.6
98274.6
98340.6
98486.6
98671.9
98820.1
98993.1
99122.2
99102.8
99381.4
99515.7
99576.2
99544.5
99450.7
99432.5
99224.8
99189.6
99172.9
99253.1
99390.9
97659.5
97768.1
97917.5
98054.9
98201.2
98351.1
98484.2
98603.8
98713.9
98813.5
98921.7
99027.5
99131
99232.7
99333.2
99432.8
99532.2
99631.6
99731.7
99832.4
99934
100037
100142
100248
100357
100467
100580
100695
100812
100932
101054
101178
101306
101436
101568
101704
101842
101982
102123
102267
102411
102555
102699
102842
102984
103124
103260
103393
103521
103642
103756
103861
103957
104044
104121
104187
104242
104285
104316
104335
104341
104335
104316
104284
104242
104189
104125
104051
103965
103870
103768
103655
103532
103404
103268
103123
102971
102816
102657
102491
102318
102140
101959
101774
101585
101393
101199
101004
100811
100620
100434
100255
100083
99919.7
99768
99627.9
99497.2
99378.4
99273.7
99179.5
99094.2
99019.2
98955.5
98899.9
98846.4
98792.2
98737.5
98684.2
98632.7
98583.2
98534.1
98484.8
98435.5
98385.7
98336.7
98288.3
98243
98203.7
98173.2
98153.6
98147.6
98156.2
98181.7
98225.2
98289
98374.2
98483.5
98606.3
98738.2
98877.6
99021.4
99163.4
99317.5
99458.6
99574.2
99696.5
99791.8
99897.9
100017
100092
100188
100303
100369
100382
100380
100406
100461
100494
100489
100471
100425
100356
100266
100160
100029
99877.2
99734.6
99612.7
99543.7
99507.5
99522.1
99563.6
99616.7
99774.5
100011
100148
100373
100483
100495
100874
100898
100960
100905
100810
100810
100572
100507
100513
100574
100639
97611.8
97746.8
97875.2
98018.4
98160.6
98289.6
98411.1
98529.6
98643.7
98753.1
98862.3
98970.2
99076.8
99182.4
99287.2
99391.5
99495.6
99600
99705.1
99811.4
99919
100028
100139
100252
100368
100486
100606
100728
100852
100979
101109
101242
101378
101516
101657
101801
101947
102095
102245
102397
102549
102701
102853
103004
103153
103298
103441
103579
103711
103838
103956
104066
104166
104256
104336
104405
104462
104508
104541
104560
104568
104563
104544
104514
104472
104418
104355
104280
104195
104101
103998
103885
103764
103636
103503
103360
103212
103061
102904
102741
102572
102398
102221
102040
101854
101666
101474
101282
101092
100905
100723
100549
100381
100223
100077
99940.1
99813.4
99700.2
99600.7
99509.7
99427.9
99359.6
99303.4
99250.7
99197.4
99143.6
99092.8
99046.3
99004.4
98965.4
98927.2
98888.2
98848.1
98806.8
98766.1
98726.8
98689.9
98659.9
98639.2
98630.6
98634.9
98655.3
98692
98748.1
98824
98925.1
99049
99186.6
99336.5
99489.4
99647
99821.6
100006
100166
100299
100447
100584
100714
100867
100974
101075
101212
101297
101337
101382
101457
101556
101611
101620
101614
101577
101501
101416
101329
101228
101096
100972
100861
100833
100830
100872
100936
101015
101179
101428
101596
101824
101885
102008
102361
102324
102359
102318
102172
102127
101989
101831
101877
101932
101878
97563.6
97716
97831.2
97975.2
98117
98243.1
98363.2
98481.1
98596.9
98710
98821.6
98931.9
99041.2
99149.6
99257.7
99365.3
99473
99581.3
99690.8
99802.1
99914.8
100029
100146
100265
100386
100510
100636
100765
100896
101031
101168
101308
101451
101597
101745
101897
102050
102206
102363
102522
102682
102841
103000
103158
103313
103464
103612
103754
103891
104021
104144
104257
104361
104454
104537
104608
104667
104714
104748
104769
104777
104773
104755
104725
104683
104629
104566
104491
104407
104313
104210
104097
103979
103853
103722
103583
103439
103292
103138
102979
102814
102645
102473
102296
102115
101930
101741
101554
101368
101186
101010
100841
100679
100527
100388
100256
100135
100029
99934.4
99847.1
99771.8
99713.8
99664
99612.4
99559.5
99510.1
99468.7
99434.9
99407.1
99381.6
99355
99326.8
99295.9
99264.4
99231.7
99202
99174
99154.2
99143.5
99147.7
99161.1
99193.8
99242.9
99312.7
99402.4
99522.4
99659.9
99818.4
99983.9
100151
100330
100546
100746
100922
101091
101274
101458
101626
101801
101949
102074
102218
102322
102406
102507
102637
102782
102852
102874
102878
102844
102762
102678
102606
102533
102420
102317
102226
102229
102264
102333
102423
102547
102757
102986
103172
103369
103387
103686
103895
103907
103923
103813
103701
103612
103531
103308
103286
103318
103205
97541.4
97686.7
97814.5
97948.2
98082.8
98209.3
98330.9
98449.1
98564.7
98678.8
98792.3
98904.5
99015.8
99126.6
99237
99347.4
99457.9
99569.4
99682.8
99799.2
99917.2
100037
100159
100283
100410
100540
100672
100807
100944
101085
101228
101375
101525
101678
101833
101991
102152
102314
102478
102644
102810
102976
103141
103305
103466
103623
103775
103922
104063
104196
104322
104438
104545
104641
104726
104799
104860
104908
104943
104965
104973
104969
104952
104923
104880
104826
104763
104688
104604
104511
104408
104297
104182
104061
103929
103793
103654
103511
103361
103205
103046
102883
102716
102544
102366
102186
102002
101821
101641
101465
101296
101134
100979
100835
100701
100577
100463
100365
100275
100194
100128
100082
100035
99985.6
99936.4
99898.5
99871.8
99854.1
99842.4
99830.8
99815.7
99798.9
99777.7
99756.3
99733.4
99711.9
99694.7
99685.7
99686.8
99705.1
99729.8
99773.9
99837.4
99921.3
100029
100167
100323
100501
100684
100873
101094
101328
101534
101743
101967
102187
102413
102626
102822
103013
103188
103352
103483
103616
103766
103950
104137
104218
104251
104263
104228
104146
104054
103990
103945
103847
103765
103700
103727
103792
103888
104012
104187
104420
104633
104847
104999
105034
105434
105450
105538
105583
105467
105453
105174
105112
104911
104827
104800
104753
97536.9
97684.5
97813
97938.1
98061.3
98183.8
98304.9
98423.1
98539.2
98654.6
98770.8
98885.4
98999.2
99112.9
99226.7
99341.4
99457.6
99575.2
99693.5
99812.3
99933.7
100057
100184
100313
100444
100579
100717
100859
101003
101151
101302
101456
101613
101773
101935
102101
102269
102438
102609
102782
102954
103127
103298
103468
103635
103798
103956
104107
104252
104389
104517
104636
104744
104842
104929
105003
105065
105114
105149
105171
105179
105175
105158
105128
105085
105031
104966
104892
104808
104715
104613
104505
104391
104270
104144
104013
103878
103739
103593
103443
103289
103132
102971
102804
102632
102457
102280
102106
101934
101766
101606
101451
101305
101170
101043
100924
100823
100731
100646
100580
100536
100484
100434
100387
100357
100341
100331
100330
100337
100336
100334
100327
100318
100304
100294
100283
100277
100279
100292
100311
100358
100417
100497
100596
100725
100879
101062
101254
101461
101677
101930
102165
102396
102660
102938
103200
103467
103720
103952
104198
104423
104609
104788
104977
105164
105387
105604
105690
105736
105751
105716
105630
105522
105451
105417
105346
105278
105243
105274
105363
105487
105650
105860
106097
106318
106544
106649
106767
107087
106983
107095
107130
107116
107041
106739
106688
106537
106457
106384
106378
97563.1
97690.1
97812.9
97934.8
98061.3
98185.1
98305
98423.2
98540.1
98655.5
98769.1
98883.6
98998.8
99114.7
99231.4
99349.3
99468.6
99589.3
99711.6
99835.5
99961.8
100091
100223
100358
100496
100637
100782
100930
101081
101236
101394
101554
101719
101886
102056
102229
102404
102581
102759
102938
103117
103296
103474
103650
103822
103990
104153
104310
104459
104599
104729
104851
104961
105059
105146
105221
105282
105331
105366
105387
105394
105389
105371
105340
105296
105241
105176
105100
105016
104923
104823
104717
104604
104487
104365
104239
104109
103973
103833
103689
103543
103392
103238
103077
102911
102743
102576
102411
102248
102092
101941
101796
101660
101535
101416
101311
101219
101133
101060
101010
100972
100924
100879
100848
100845
100852
100868
100883
100892
100901
100908
100912
100914
100914
100916
100919
100928
100942
100968
101004
101060
101132
101225
101340
101496
101670
101877
102087
102322
102568
102824
103077
103365
103688
104012
104314
104626
104923
105214
105521
105785
105998
106235
106470
106688
106943
107175
107264
107324
107338
107296
107202
107080
106984
106943
106897
106850
106851
106876
106992
107131
107306
107542
107786
108019
108216
108300
108511
108703
108581
108651
108627
108636
108515
108413
108320
108238
108184
108073
108104
97615.2
97732.1
97850
97968.5
98087.4
98205.8
98323.2
98439.7
98555.6
98671
98786.4
98902.3
99019.3
99137.5
99257
99378.1
99501
99625.9
99752.9
99882.2
100014
100149
100286
100427
100571
100719
100870
101024
101182
101343
101508
101676
101847
102021
102199
102379
102563
102745
102929
103115
103301
103486
103669
103850
104028
104201
104368
104529
104682
104825
104959
105082
105193
105292
105379
105452
105513
105560
105592
105612
105617
105609
105589
105556
105510
105454
105387
105311
105226
105134
105035
104930
104821
104707
104590
104468
104342
104212
104079
103943
103804
103660
103511
103357
103203
103046
102891
102738
102588
102444
102305
102172
102049
101934
101827
101737
101654
101577
101525
101485
101447
101411
101389
101389
101407
101430
101457
101482
101503
101525
101543
101561
101575
101590
101606
101625
101650
101683
101723
101777
101848
101936
102045
102179
102353
102556
102779
103020
103282
103552
103812
104117
104471
104838
105193
105532
105890
106248
106609
106963
107254
107530
107824
108074
108322
108610
108839
108932
109001
109012
108960
108854
108715
108583
108513
108476
108461
108495
108525
108656
108768
108940
109174
109426
109659
109818
109935
110210
110341
110267
110265
110209
110187
110095
110088
109987
109988
109971
109818
109900
97706.5
97816.1
97927.2
98039.6
98152.8
98266.3
98380.3
98494.6
98609.4
98724.6
98840.5
98957.6
99076
99196.1
99318
99442
99568.1
99696.5
99827.5
99961.1
100098
100237
100380
100526
100675
100829
100985
101146
101310
101478
101649
101823
102001
102182
102366
102552
102739
102931
103123
103315
103506
103697
103885
104071
104253
104429
104600
104764
104920
105066
105201
105326
105438
105537
105623
105695
105754
105797
105827
105843
105845
105834
105809
105773
105725
105666
105597
105520
105434
105342
105244
105141
105034
104924
104810
104693
104573
104450
104325
104198
104067
103932
103793
103651
103509
103367
103227
103089
102954
102824
102699
102581
102472
102369
102281
102204
102131
102078
102037
102003
101978
101970
101979
102004
102037
102071
102106
102141
102176
102213
102248
102282
102312
102345
102378
102417
102457
102509
102566
102640
102726
102834
102959
103122
103315
103539
103787
104061
104345
104635
104935
105303
105709
106102
106478
106859
107262
107685
108111
108501
108843
109198
109510
109772
110060
110381
110580
110684
110757
110756
110690
110568
110405
110238
110119
110065
110067
110131
110176
110294
110398
110578
110756
110990
111211
111373
111546
111811
111886
111920
111893
111866
111822
111736
111750
111706
111765
111741
111597
111761
97851.3
97953.4
98057.5
98163.8
98271.6
98380.6
98490.9
98602.4
98715.2
98829.3
98944.9
99062.2
99181.4
99302.6
99426.1
99552
99680.4
99811.6
99945.7
100083
100223
100367
100514
100664
100819
100977
101139
101305
101474
101648
101825
102005
102189
102376
102566
102758
102952
103147
103344
103541
103737
103931
104123
104312
104496
104676
104849
105014
105170
105317
105453
105577
105689
105787
105871
105941
105996
106037
106062
106074
106071
106055
106026
105984
105932
105869
105797
105718
105631
105538
105440
105339
105234
105127
105018
104906
104793
104679
104564
104446
104326
104203
104078
103953
103828
103704
103582
103461
103344
103231
103123
103023
102929
102845
102779
102714
102664
102628
102599
102583
102590
102613
102644
102683
102725
102769
102818
102871
102924
102984
103039
103090
103142
103194
103246
103304
103370
103439
103519
103612
103721
103847
103992
104185
104394
104656
104918
105200
105511
105833
106197
106626
107068
107478
107879
108313
108768
109239
109707
110133
110540
110924
111230
111547
111894
112230
112392
112504
112565
112545
112458
112319
112128
111931
111756
111653
111630
111696
111782
111871
112029
112181
112336
112556
112743
112919
113115
113280
113310
113436
113458
113469
113432
113385
113436
113455
113547
113497
113474
113703
98064.8
98159.6
98256.9
98356.7
98459
98563.3
98669.5
98777.7
98888
99000.3
99114.8
99231.3
99350.2
99471.6
99595.6
99722.3
99852.1
99984.9
100121
100260
100403
100549
100700
100853
101011
101173
101338
101508
101682
101859
102041
102226
102414
102606
102800
102996
103194
103394
103594
103794
103992
104189
104383
104573
104758
104938
105110
105275
105430
105576
105709
105831
105939
106034
106114
106179
106229
106264
106284
106290
106281
106258
106223
106176
106118
106050
105973
105890
105801
105707
105609
105509
105408
105304
105200
105096
104992
104888
104784
104680
104575
104469
104364
104259
104154
104052
103950
103850
103754
103661
103574
103494
103423
103363
103313
103275
103246
103227
103225
103248
103284
103323
103365
103417
103477
103544
103617
103694
103772
103852
103929
104007
104087
104161
104234
104311
104400
104489
104594
104709
104842
104984
105164
105376
105615
105899
106166
106472
106820
107175
107605
108085
108549
108982
109431
109919
110424
110924
111411
111870
112307
112675
113007
113392
113815
114115
114247
114355
114392
114348
114232
114065
113855
113630
113406
113240
113148
113154
113249
113332
113494
113628
113821
114022
114214
114397
114569
114688
114719
114886
114968
114995
115002
115013
115098
115195
115309
115285
115402
115642
98360.4
98448.7
98539.7
98633.6
98730.4
98829.7
98931.5
99035.8
99142.8
99252.2
99364.3
99479
99596.6
99716.9
99840.2
99966.5
100096
100229
100365
100505
100649
100797
100948
101103
101263
101426
101594
101766
101942
102122
102306
102493
102684
102877
103074
103272
103472
103673
103874
104074
104273
104470
104663
104853
105037
105213
105382
105542
105694
105835
105963
106079
106181
106269
106342
106399
106441
106468
106480
106476
106459
106428
106384
106329
106264
106190
106108
106020
105928
105833
105736
105637
105538
105440
105344
105249
105157
105066
104978
104891
104806
104722
104640
104558
104478
104399
104320
104245
104173
104105
104044
103991
103947
103914
103892
103877
103874
103893
103933
103980
104028
104082
104150
104233
104326
104423
104522
104622
104724
104828
104930
105036
105144
105252
105357
105461
105567
105682
105809
105950
106098
106271
106485
106712
106991
107269
107555
107935
108280
108671
109158
109676
110160
110633
111134
111657
112184
112702
113205
113681
114115
114502
114912
115348
115738
115976
116106
116207
116212
116132
115988
115785
115542
115287
115038
114808
114635
114540
114563
114631
114735
114880
115077
115254
115474
115689
115868
116018
116095
116313
116396
116425
116497
116587
116725
116895
117034
117102
117305
117518
98745.3
98828.1
98913.9
99002.8
99094.8
99189.4
99286.8
99387.1
99490.3
99596.3
99705.2
99817.1
99932
100050
100171
100295
100423
100555
100690
100828
100971
101118
101268
101423
101582
101745
101913
102084
102260
102439
102623
102810
103000
103193
103389
103587
103786
103985
104184
104382
104578
104772
104962
105146
105325
105497
105661
105815
105958
106089
106208
106315
106407
106484
106546
106592
106622
106637
106637
106622
106592
106550
106496
106432
106357
106275
106187
106094
105999
105902
105805
105708
105614
105523
105435
105353
105274
105201
105131
105066
105004
104945
104889
104833
104779
104727
104676
104630
104587
104551
104522
104502
104493
104491
104498
104522
104567
104623
104680
104743
104824
104924
105036
105154
105274
105396
105522
105652
105787
105923
106060
106198
106335
106473
106612
106752
106891
107037
107185
107346
107518
107726
107961
108225
108515
108792
109143
109517
109868
110317
110850
111393
111901
112411
112936
113462
113994
114527
115036
115507
115949
116405
116881
117311
117592
117816
117938
118009
117977
117864
117688
117449
117168
116871
116579
116302
116072
115897
115802
115807
115850
115966
116124
116299
116521
116763
117010
117183
117322
117554
117643
117737
117909
118090
118304
118542
118724
118881
119138
119318
99180.4
99260.4
99343
99428.4
99517
99608.4
99702.6
99799.5
99899.4
100002
100108
100217
100328
100443
100561
100683
100808
100936
101068
101204
101344
101487
101635
101787
101943
102104
102268
102437
102610
102787
102967
103151
103338
103528
103721
103914
104109
104305
104499
104693
104883
105070
105253
105430
105601
105765
105919
106063
106197
106318
106426
106518
106597
106660
106708
106740
106756
106757
106742
106712
106669
106614
106547
106471
106386
106295
106199
106100
106000
105901
105803
105708
105619
105535
105457
105387
105323
105268
105219
105177
105140
105107
105077
105050
105025
105003
104986
104971
104964
104963
104971
104987
105013
105051
105111
105181
105254
105335
105429
105545
105677
105813
105956
106109
106263
106422
106584
106751
106923
107099
107277
107455
107628
107799
107969
108137
108307
108481
108658
108844
109057
109293
109563
109843
110129
110449
110846
111185
111568
112069
112633
113189
113713
114237
114766
115294
115830
116366
116861
117327
117806
118316
118771
119101
119361
119571
119667
119689
119626
119497
119295
119034
118718
118364
118010
117697
117420
117189
117015
116928
116914
116958
117070
117255
117469
117720
118041
118222
118431
118638
118776
119001
119284
119560
119867
120176
120435
120706
120968
121120
99581.7
99661.6
99743.8
99828.5
99915.8
100006
100098
100193
100291
100392
100495
100601
100710
100823
100938
101056
101178
101303
101432
101564
101701
101841
101985
102133
102285
102442
102602
102767
102935
103108
103284
103463
103646
103831
104018
104207
104396
104586
104775
104961
105146
105326
105501
105670
105832
105985
106129
106263
106385
106494
106590
106670
106736
106785
106818
106836
106837
106823
106794
106750
106693
106624
106544
106456
106360
106260
106155
106050
105945
105842
105742
105649
105562
105483
105413
105353
105303
105265
105235
105214
105200
105191
105185
105185
105189
105197
105211
105230
105256
105291
105332
105385
105452
105541
105638
105740
105850
105972
106115
106270
106433
106610
106796
106988
107189
107393
107598
107804
108011
108221
108432
108639
108841
109045
109249
109450
109645
109846
110060
110280
110523
110789
111060
111347
111659
112019
112419
112753
113184
113709
114283
114840
115368
115898
116432
116966
117496
118023
118506
118979
119467
119959
120292
120584
120871
121006
121076
121074
121003
120866
120651
120365
120011
119618
119213
118832
118499
118216
117994
117848
117772
117769
117847
118014
118221
118516
118850
119058
119326
119564
119769
120102
120493
120866
121267
121650
122019
122363
122603
122738
99910.1
99991.7
100075
100161
100249
100339
100431
100526
100623
100722
100824
100929
101036
101146
101259
101375
101494
101617
101743
101872
102005
102142
102282
102427
102575
102727
102884
103044
103208
103376
103548
103722
103900
104080
104261
104445
104629
104812
104995
105176
105353
105527
105695
105856
106011
106156
106290
106414
106525
106624
106708
106777
106831
106868
106889
106894
106881
106854
106812
106755
106685
106604
106513
106414
106308
106198
106086
105974
105863
105756
105654
105560
105474
105398
105333
105282
105244
105219
105206
105203
105208
105218
105234
105257
105286
105321
105362
105411
105466
105529
105603
105692
105801
105924
106049
106185
106325
106483
106663
106852
107053
107268
107492
107727
107972
108222
108470
108705
108936
109175
109420
109659
109888
110114
110344
110575
110799
111019
111252
111500
111754
112024
112299
112631
112965
113333
113706
114070
114535
115072
115645
116198
116722
117250
117783
118314
118836
119348
119832
120309
120771
121160
121458
121763
122016
122082
122141
122137
122058
121898
121654
121329
120951
120540
120101
119657
119269
118934
118669
118482
118363
118326
118390
118535
118728
119047
119400
119647
119965
120265
120545
120961
121423
121883
122361
122821
123273
123636
123881
124007
100170
100254
100340
100427
100517
100608
100700
100795
100892
100991
101093
101196
101303
101411
101523
101637
101754
101874
101998
102124
102255
102388
102526
102667
102812
102961
103113
103270
103430
103594
103761
103931
104104
104279
104456
104634
104813
104991
105169
105344
105515
105683
105844
106000
106147
106285
106412
106528
106631
106720
106794
106854
106897
106924
106934
106928
106905
106866
106812
106744
106664
106572
106471
106362
106247
106129
106010
105891
105775
105664
105560
105464
105378
105304
105243
105198
105170
105157
105156
105167
105187
105213
105248
105292
105342
105400
105464
105536
105616
105705
105808
105930
106070
106215
106368
106529
106699
106887
107095
107317
107551
107800
108061
108335
108619
108906
109178
109438
109696
109953
110217
110485
110749
111004
111253
111499
111749
111994
112239
112497
112759
113033
113331
113648
114007
114382
114747
115138
115628
116174
116740
117290
117806
118323
118847
119367
119884
120377
120864
121319
121734
122081
122394
122693
122852
122916
122969
122953
122849
122651
122370
122017
121618
121182
120728
120248
119826
119443
119137
118901
118755
118684
118750
118890
119077
119386
119770
120052
120418
120775
121137
121629
122142
122663
123205
123732
124220
124613
124876
124997
100373
100459
100546
100635
100726
100818
100912
101008
101105
101204
101306
101409
101514
101622
101733
101845
101961
102079
102201
102325
102453
102585
102719
102858
103000
103146
103295
103448
103605
103765
103929
104095
104264
104436
104608
104782
104957
105130
105303
105473
105640
105802
105959
106108
106250
106382
106503
106612
106709
106791
106858
106909
106944
106962
106963
106948
106916
106868
106805
106728
106638
106538
106428
106311
106188
106063
105938
105814
105694
105580
105474
105377
105290
105216
105157
105118
105096
105091
105102
105123
105154
105194
105244
105307
105374
105449
105532
105623
105723
105836
105965
106111
106269
106434
106610
106796
106989
107199
107434
107681
107942
108221
108512
108815
109123
109424
109712
110006
110305
110591
110869
111147
111426
111702
111974
112240
112508
112777
113038
113295
113566
113843
114129
114435
114818
115202
115565
115976
116490
117044
117611
118146
118653
119158
119669
120176
120682
121162
121638
122070
122454
122793
123108
123394
123481
123562
123598
123552
123419
123191
122889
122523
122100
121638
121159
120667
120214
119800
119461
119192
119010
118924
118982
119122
119321
119626
120019
120326
120737
121142
121593
122139
122691
123258
123850
124423
124933
125361
125645
125778
100529
100616
100704
100794
100886
100980
101075
101171
101269
101369
101470
101573
101679
101786
101895
102007
102122
102239
102359
102482
102608
102737
102870
103006
103146
103289
103436
103586
103740
103898
104058
104221
104387
104555
104725
104895
105066
105236
105405
105571
105734
105892
106044
106189
106326
106454
106570
106674
106765
106842
106903
106949
106977
106988
106983
106960
106921
106866
106795
106710
106613
106506
106389
106265
106137
106006
105876
105749
105625
105509
105403
105305
105218
105144
105088
105051
105034
105036
105053
105080
105118
105169
105233
105309
105391
105480
105578
105683
105800
105931
106080
106243
106415
106597
106791
106995
107208
107438
107690
107958
108242
108539
108850
109173
109495
109809
110125
110452
110780
111095
111394
111684
111967
112247
112532
112821
113102
113378
113647
113909
114177
114451
114739
115086
115450
115834
116186
116624
117159
117717
118280
118802
119299
119793
120290
120786
121277
121751
122205
122625
122996
123327
123628
123885
123970
124040
124049
123975
123823
123584
123272
122897
122456
121973
121468
120957
120480
120045
119676
119395
119183
119086
119135
119266
119484
119789
120167
120526
120966
121420
121940
122525
123105
123708
124338
124941
125473
125928
126236
126389
100644
100733
100823
100914
101007
101101
101197
101294
101392
101492
101594
101697
101802
101909
102018
102129
102243
102359
102478
102600
102724
102852
102983
103118
103256
103397
103542
103690
103842
103997
104155
104316
104479
104645
104812
104980
105148
105315
105481
105644
105804
105959
106108
106250
106383
106507
106619
106720
106807
106879
106936
106977
107001
107007
106996
106968
106923
106862
106786
106696
106593
106479
106357
106228
106095
105960
105827
105697
105572
105454
105346
105249
105162
105090
105036
105001
104988
104994
105014
105045
105088
105147
105220
105306
105399
105499
105608
105726
105855
106000
106162
106336
106520
106716
106924
107143
107373
107616
107880
108165
108464
108777
109102
109437
109774
110106
110444
110788
111135
111471
111787
112092
112389
112678
112968
113266
113552
113825
114096
114366
114635
114916
115237
115597
115924
116286
116650
117127
117667
118223
118779
119292
119781
120268
120753
121238
121716
122183
122617
123030
123392
123711
123999
124222
124327
124375
124364
124278
124117
123874
123555
123167
122715
122216
121691
121166
120666
120214
119824
119532
119305
119196
119238
119361
119592
119899
120268
120671
121130
121633
122206
122811
123413
124046
124702
125327
125878
126349
126680
126854
100728
100819
100910
101002
101096
101190
101286
101384
101483
101583
101685
101788
101893
102000
102108
102219
102332
102448
102566
102687
102810
102937
103067
103200
103337
103477
103620
103767
103917
104070
104227
104386
104547
104711
104876
105042
105208
105373
105537
105698
105855
106008
106154
106294
106424
106545
106655
106752
106836
106906
106960
106997
107017
107020
107006
106973
106924
106859
106778
106683
106576
106458
106332
106200
106064
105927
105791
105658
105532
105414
105305
105207
105122
105052
105000
104968
104957
104964
104987
105021
105068
105130
105209
105300
105401
105510
105627
105754
105893
106049
106220
106402
106595
106799
107017
107249
107492
107748
108022
108317
108627
108952
109287
109631
109978
110326
110675
111028
111388
111741
112069
112382
112694
113001
113300
113595
113879
114154
114427
114703
114982
115279
115623
115962
116282
116618
117014
117513
118040
118591
119141
119650
120134
120614
121091
121564
122032
122489
122916
123320
123674
123986
124253
124460
124570
124608
124588
124497
124331
124085
123759
123360
122899
122389
121852
121314
120801
120333
119931
119623
119391
119282
119312
119428
119666
119982
120349
120770
121252
121796
122400
123016
123636
124294
124971
125612
126175
126654
127003
127193
100788
100879
100971
101065
101159
101254
101351
101448
101547
101647
101749
101852
101957
102064
102173
102283
102396
102511
102628
102749
102872
102998
103127
103260
103395
103534
103676
103822
103971
104123
104278
104436
104596
104759
104922
105087
105251
105415
105577
105737
105892
106043
106188
106325
106454
106573
106681
106776
106858
106925
106976
107011
107029
107029
107012
106977
106925
106856
106772
106674
106565
106444
106315
106180
106042
105903
105765
105631
105504
105384
105275
105178
105094
105026
104977
104947
104938
104945
104966
105002
105053
105118
105199
105294
105400
105515
105639
105773
105919
106081
106259
106447
106645
106856
107082
107323
107576
107842
108124
108428
108746
109075
109417
109768
110123
110480
110837
111198
111564
111925
112265
112585
112902
113223
113533
113829
114114
114393
114669
114950
115243
115548
115893
116220
116551
116885
117304
117789
118305
118852
119399
119907
120386
120860
121330
121794
122253
122701
123125
123519
123871
124173
124432
124629
124736
124773
124748
124656
124485
124236
123904
123497
123028
122509
121965
121417
120895
120417
120007
119684
119451
119349
119364
119476
119718
120040
120409
120838
121344
121915
122536
123158
123793
124472
125164
125817
126387
126868
127226
127430
100828
100920
101013
101107
101202
101298
101394
101492
101592
101692
101794
101897
102002
102108
102217
102327
102440
102554
102671
102791
102914
103040
103168
103300
103435
103574
103716
103860
104009
104160
104314
104471
104630
104792
104954
105118
105281
105444
105605
105763
105918
106068
106211
106347
106474
106592
106698
106792
106873
106938
106988
107021
107037
107035
107016
106978
106924
106854
106768
106668
106557
106435
106304
106167
106028
105887
105748
105613
105484
105364
105254
105157
105075
105009
104961
104934
104925
104931
104952
104988
105041
105109
105192
105289
105398
105518
105647
105786
105937
106103
106284
106476
106678
106893
107124
107372
107634
107907
108196
108504
108827
109161
109506
109860
110221
110584
110948
111314
111683
112046
112395
112724
113044
113368
113686
113986
114274
114558
114838
115124
115424
115734
116069
116394
116735
117089
117503
117973
118486
119029
119573
120083
120558
121026
121491
121950
122403
122844
123264
123649
124002
124299
124555
124746
124851
124888
124860
124766
124592
124338
124001
123589
123115
122591
122040
121486
120958
120474
120057
119725
119494
119395
119398
119509
119754
120076
120447
120886
121412
121999
122625
123252
123897
124591
125295
125955
126530
127011
127374
127588
100854
100947
101040
101134
101229
101325
101422
101521
101620
101720
101822
101926
102030
102137
102245
102356
102468
102583
102700
102819
102942
103067
103195
103327
103462
103600
103741
103885
104033
104184
104338
104494
104653
104813
104975
105138
105301
105463
105623
105780
105934
106083
106226
106361
106488
106604
106710
106803
106882
106946
106995
107027
107041
107039
107018
106980
106925
106853
106766
106665
106552
106429
106297
106159
106018
105877
105737
105601
105471
105351
105241
105145
105063
104998
104952
104926
104917
104922
104942
104979
105033
105103
105188
105286
105396
105518
105650
105793
105948
106117
106299
106493
106698
106916
107151
107403
107669
107948
108242
108552
108877
109215
109563
109919
110283
110649
111017
111388
111758
112123
112475
112811
113136
113460
113778
114081
114372
114660
114945
115234
115534
115849
116175
116502
116848
117215
117622
118088
118599
119138
119680
120191
120666
121130
121592
122049
122499
122935
123352
123735
124084
124382
124636
124822
124926
124963
124933
124835
124658
124401
124061
123647
123169
122641
122087
121529
120997
120509
120088
119751
119523
119424
119419
119532
119777
120097
120472
120921
121457
122052
122679
123309
123963
124663
125374
126039
126617
127099
127464
127684
100869
100962
101055
101150
101245
101341
101438
101537
101636
101737
101839
101942
102047
102153
102262
102372
102484
102599
102716
102835
102957
103082
103211
103342
103476
103614
103755
103899
104047
104197
104351
104507
104665
104825
104987
105149
105311
105473
105633
105790
105943
106092
106234
106369
106495
106611
106716
106808
106887
106951
106999
107030
107044
107041
107019
106981
106925
106852
106764
106663
106549
106425
106293
106155
106013
105871
105730
105594
105464
105344
105234
105137
105056
104992
104946
104921
104912
104916
104937
104974
105029
105100
105186
105284
105395
105518
105652
105797
105953
106124
106307
106502
106708
106928
107165
107419
107688
107970
108266
108577
108904
109244
109594
109952
110316
110685
111056
111428
111800
112165
112519
112858
113186
113511
113829
114133
114426
114715
115003
115293
115594
115909
116233
116562
116910
117282
117686
118151
118661
119197
119737
120248
120724
121188
121649
122105
122553
122988
123403
123785
124133
124432
124682
124865
124969
125005
124974
124874
124694
124435
124094
123678
123198
122668
122112
121552
121018
120528
120106
119767
119539
119441
119431
119547
119792
120110
120488
120942
121483
122081
122708
123342
124000
124703
125418
126084
126664
127148
127514
127737
100876
100968
101062
101156
101252
101348
101445
101544
101643
101744
101846
101949
102054
102160
102270
102379
102491
102606
102723
102842
102964
103089
103217
103348
103483
103620
103761
103905
104053
104203
104356
104512
104670
104830
104992
105154
105316
105477
105637
105794
105947
106095
106237
106372
106498
106614
106719
106811
106889
106953
107000
107032
107045
107042
107020
106981
106925
106852
106764
106662
106548
106424
106291
106153
106011
105869
105728
105591
105461
105340
105231
105134
105053
104989
104944
104919
104909
104914
104934
104972
105027
105099
105185
105283
105395
105518
105652
105798
105955
106126
106309
106505
106712
106933
107170
107425
107695
107978
108275
108587
108914
109255
109605
109964
110330
110700
111071
111444
111817
112182
112537
112877
113207
113532
113850
114154
114448
114738
115027
115317
115618
115934
116257
116586
116935
117309
117713
118178
118687
119222
119761
120272
120749
121213
121674
122130
122578
123012
123427
123808
124155
124454
124703
124885
124989
125024
124992
124891
124710
124450
124107
123691
123210
122680
122123
121563
121028
120538
120114
119775
119547
119449
119439
119555
119800
120118
120497
120953
121495
122094
122722
123357
124017
124722
125437
126103
126685
127169
127535
127759
83198.9
83566
84063.6
84681
85438
86352.4
87347.7
88365.8
89473.3
90542.7
91509.6
92338.2
93033
93565.2
93909.9
94056.4
94167.8
94348.8
94606.7
94913.2
95200
95470.4
95640.5
95429.8
94885.4
83234.3
83611
84116.5
84738.4
85502.8
86428.6
87421.6
88439.1
89548.8
90616.3
91577.1
92397.9
93085.3
93608.8
93943.8
94091
94192.7
94372.7
94628.5
94932.5
95218.2
95484.2
95648.4
95433.6
94891.7
83296.2
83685.6
84204.6
84836.8
85612.9
86543.4
87530
88553.5
89669
90731
91684.9
92492.7
93172.3
93684.1
94009.9
94153.3
94239.3
94413.8
94662
94958.6
95232.9
95500
95662
95445.2
94907.1
83393.4
83795.5
84330.1
84977.6
85757.7
86693.3
87673.7
88708.7
89827.2
90880.2
91830.7
92627.7
93296.3
93794.1
94108
94243.4
94312.1
94474.8
94711.2
94996.7
95260.9
95525.5
95684.6
95466.8
94935.3
83529.6
83945.5
84495.4
85155.2
85942.4
86879
87855.2
88906.2
90018
91059.9
92008.9
92801.6
93458.1
93939
94237.1
94364.1
94409.4
94555.9
94775.3
95046
95298.6
95557
95712.9
95497.8
94975.8
83702
84134.9
84700.9
85371.4
86177.2
87098.7
88073.7
89146
90238.3
91272.3
92216.4
93009.1
93656
94117.9
94395.8
94512.7
94531.3
94656.8
94853.8
95107
95345.8
95593.7
95746.7
95538.1
95027.4
83907.8
84361.7
84944.5
85625.2
86447.5
87351.8
88330.7
89423.4
90487.2
91521.2
92455.2
93246.9
93886.7
94328.8
94582.4
94685.4
94676.4
94776.1
94945.6
95179.3
95402.3
95636.1
95786.5
95587.3
95089.2
84145.6
84622.7
85221.7
85919
86749.7
87650.7
88637.3
89737.7
90765.1
91798.3
92732.3
93512.6
94146.2
94569
94795.5
94879.3
94842.4
94911.7
95049.6
95262.4
95467.5
95684.4
95832.2
95645.7
95160.7
84414.5
84914.6
85530.1
86250.2
87083.3
87998.5
89002.5
90079.2
91069.7
92086.7
93026
93801.8
94429.6
94835.1
95032.8
95092.3
95026
95061.4
95164.4
95354.6
95540.5
95738.4
95883.8
95713
95242.4
84716.8
85236.5
85869.6
86613.6
87448.2
88378.4
89397.1
90429.2
91397.5
92379.2
93313.2
94107.3
94731.4
95122.8
95291.5
95321.8
95224.3
95223.1
95288.6
95454.2
95620
95798.1
95940.9
95788.8
95334.6
85050.1
85588.5
86239.4
86998.9
87842.9
88776.8
89786.5
90787.6
91740.2
92695.7
93627.2
94435.3
95047.3
95427.3
95568
95565.4
95435.9
95393.7
95421.1
95559.9
95704.9
95862.9
96003.2
95872.5
95437.6
85415.2
85969
86635.9
87402.1
88263.6
89193.3
90180.6
91161.2
92099.3
93070
93980.4
94787.4
95376.2
95744.6
95858.1
95820.3
95659.3
95570.4
95561.2
95670.4
95793.5
95932.3
96070.2
95963.5
95552.7
85809.5
86383
87058.1
87825.8
88708.9
89630.4
90591.2
91546.6
92495.1
93462.6
94313.4
95128.7
95713.5
96071.8
96159.2
96083.8
95891.8
95752.7
95709.1
95784.7
95884
96005.8
96141.8
96060.5
95681.3
86220
86825.4
87505
88276.9
89174.7
90078.1
91006
91949.5
92923.5
93818.8
94659.6
95448.4
96051.1
96405.7
96468.3
96353.1
96131.3
95940.3
95864.2
95901.5
95975.9
96082.7
96217.5
96162
95824.7
86641
87272.3
87958.6
88743.5
89656.4
90527.9
91422.9
92375.6
93333.1
94184.6
95026.6
95764.4
96390.7
96744.4
96782.6
96625.7
96374.2
96132.2
96024.4
96020.6
96069.6
96162.9
96297.1
96266
95985.2
87101.3
87734.3
88420.7
89222.3
90149
90979.8
91853.3
92814.9
93719
94593.2
95380.5
96094.5
96739.5
97086.8
97100.5
96900.4
96616.3
96326.2
96187.6
96143.7
96165.5
96245.7
96380.3
96369.4
96167.3
87599.3
88220.7
88905.6
89718.8
90653.2
91438.6
92301.9
93262.3
94111.7
94979.2
95764.4
96463.3
97104.1
97430.3
97419.3
97177.1
96854.9
96520.8
96352.7
96271.3
96263
96331.1
96467.5
96470.4
96371.2
88120.8
88718.3
89409.8
90241.3
91166.3
91907.4
92765
93701.3
94514.4
95355.1
96156
96849.1
97474.4
97771.6
97736.8
97455.1
97089.2
96713.7
96519.7
96402.3
96363
96419
96557.4
96574.2
96592.3
88679.4
89255.5
89933.9
90813.1
91684.8
92390.6
93247.7
94128.4
94933
95765.6
96540.8
97225.9
97842.9
98120
98063.8
97745.8
97331.4
96914.1
96696.9
96544.3
96474.5
96516.1
96657.3
96692.2
96829.1
89243.3
89826.2
90483.6
91462.4
92190.3
92890.9
93742.2
94568.1
95372.6
96197.7
96958.9
97618.6
98205.8
98475.8
98398.1
98049.1
97585.4
97127.8
96882.6
96696.1
96598.9
96620.5
96761.9
96831.9
97085.6
89826.3
90436.6
91128
92082.6
92691.7
93423.2
94248.8
95027.9
95820.4
96638.8
97402.8
98055.3
98575.3
98834.2
98733.7
98353
97843.5
97349.9
97066.5
96848.5
96727.6
96724.6
96864.7
96979.1
97334.8
90469.7
91066.6
91791
92672
93246.4
93974
94766
95510
96282.8
97094.6
97853.7
98511.8
98969.5
99194.9
99070.6
98657.3
98107.2
97580.2
97252.3
97003
96859.5
96831.6
96967.9
97126.9
97571.9
91172.4
91739.4
92451.7
93261.6
93839.6
94546
95298.1
96014.7
96770.7
97566.1
98312.8
98963.9
99379.1
99562.3
99410.3
98964.4
98377.1
97815.3
97442.7
97163.3
96995.9
96946.1
97073
97271.2
97793.6
91902.8
92494.6
93144.7
93870.2
94459.2
95138.5
95855.2
96548.9
97286.4
98056.4
98794
99426.4
99792
99945.1
99758.5
99279.1
98655.9
98054.2
97638
97330.5
97139.1
97068.4
97181.5
97411.5
97998.7
92693.1
93288.2
93833.2
94499.9
95107.9
95752.1
96442.6
97116.5
97830.8
98573.7
99299.9
99921.8
100228
100347
100116
99601.4
98942.5
98297.4
97836.8
97505.2
97286.8
97194.5
97295.6
97549.6
98188.6
93525.9
93995.1
94522.2
95185.5
95796.2
96405.7
97068.6
97719.5
98406.2
99120.8
99824.4
100435
100701
100769
100485
99930
99235.6
98546.6
98041.6
97686
97436.6
97322.8
97415.4
97686.6
98365
94387.7
94694.4
95311.6
95922.5
96523.5
97112.1
97735.1
98362.2
99013.3
99698.6
100367
100953
101206
101213
100863
100266
99534
98803.3
98256.9
97870.1
97588.8
97455.7
97539.5
97821.6
98529.2
95316
95537.9
96163.2
96653.3
97266.2
97839.9
98433.6
99040.2
99648.5
100295
100928
101486
101755
101684
101252
100603
99825.6
99061.3
98477
98050.7
97740.5
97589.7
97662.4
97948.4
98675.8
96308.1
96542.6
97053.7
97401.4
98028.4
98577.7
99160.2
99752.5
100320
100913
101509
102038
102329
102180
101670
100944
100112
99319.7
98697.8
98229.2
97891.7
97723.3
97784.2
98068.1
98807.5
97332.5
97635
97987.4
98296.4
98817.3
99346.6
99921.5
100504
101042
101575
102126
102613
102889
102688
102114
101305
100411
99587.1
98923.4
98412.5
98047.4
97860.5
97909.6
98185.7
98930.5
98418.8
98724.2
98950.9
99254.1
99675.2
100162
100719
101295
101810
102288
102783
103217
103445
103211
102571
101690
100731
99867.9
99154
98600.6
98208.2
98001.5
98037.8
98301.3
99045
99591.4
99798.7
99958.7
100248
100604
101039
101564
102135
102627
103048
103483
103855
104024
103768
103058
102098
101074
100164
99391.5
98795
98374.6
98145.9
98168.4
98414.5
99150.6
100809
100956
101056
101296
101598
101978
102462
103013
103489
103859
104226
104528
104628
104346
103580
102534
101433
100467
99634.7
98997.1
98546.2
98293.5
98301.3
98525.7
99247.1
102002
102147
102218
102381
102620
102956
103404
103931
104400
104722
105013
105238
105263
104928
104120
102999
101808
100774
99881.8
99206.6
98722.4
98443.8
98435.6
98634.6
99334.1
103279
103410
103485
103573
103727
104024
104447
104955
105410
105684
105894
106022
105960
105546
104692
103504
102216
101100
100144
99429.8
98907.7
98599.7
98572.8
98742.2
99411.7
104771
104849
104912
104946
105008
105229
105602
106083
106514
106755
106882
106897
106724
106215
105299
104041
102661
101454
100424
99666.3
99101
98760.4
98711.6
98848.7
99478
106390
106393
106420
106416
106401
106532
106811
107254
107670
107880
107914
107819
107526
106913
105921
104590
103124
101823
100714
99909.9
99297
98922.1
98848.5
98952.4
99532.1
108111
108032
107991
107932
107858
107925
108147
108507
108871
109031
108984
108786
108370
107642
106559
105146
103602
102202
101013
100160
99494.3
99083.7
98981.6
99052.8
99573.4
109899
109756
109635
109498
109391
109408
109552
109832
110112
110211
110097
109793
109254
108405
107217
105709
104086
102586
101320
100415
99691.2
99244
99109
99149.4
99601.5
111750
111535
111336
111115
110992
110955
111035
111235
111400
111431
111245
110832
110169
109195
107892
106277
104567
102971
101638
100673
99886.1
99401.7
99228.8
99242.1
99616.7
113651
113346
113053
112776
112626
112554
112573
112677
112722
112683
112413
111893
111103
110002
108576
106845
105044
103357
101964
100928
100078
99555.1
99340.4
99328.6
99611.3
115525
115148
114786
114468
114325
114226
114166
114129
114075
113933
113573
112953
112038
110813
109260
107410
105515
103745
102293
101177
100265
99703.6
99445.7
99402.3
99595.6
117349
116947
116566
116201
116074
115915
115761
115580
115420
115152
114713
114003
112960
111612
109933
107968
105979
104133
102615
101415
100445
99844.5
99543
99465.5
99589.4
119120
118736
118381
118103
117837
117550
117281
116999
116713
116355
115847
115027
113853
112388
110587
108512
106431
104510
102920
101641
100618
99974.2
99632
99520.2
99589.4
120943
120555
120222
119906
119602
119209
118839
118434
118035
117616
117025
116064
114762
113182
111258
109074
106897
104896
103222
101872
100796
100103
99721
99572.7
99596
122638
122234
121875
121446
121114
120726
120296
119750
119276
118789
118101
117007
115607
113925
111888
109602
107330
105248
103495
102087
100963
100219
99803.4
99615.7
99607.1
123960
123619
123243
122829
122300
121929
121447
120819
120268
119710
118927
117751
116288
114525
112396
110027
107679
105527
103708
102260
101098
100310
99869.3
99651.7
99616.6
124975
124723
124333
123911
123305
122892
122332
121680
121043
120412
119554
118338
116830
115001
112798
110361
107948
105747
103877
102396
101205
100382
99921.6
99679.8
99623.3
125767
125572
125191
124733
124152
123627
122997
122341
121642
120945
120038
118801
117254
115371
113112
110619
108154
105918
104010
102500
101288
100438
99962.4
99701.9
99627.9
126388
126226
125854
125345
124796
124149
123508
122829
122104
121351
120417
119160
117579
115655
113353
110817
108314
106049
104113
102579
101352
100481
99993.7
99719
99631.9
126865
126714
126345
125796
125243
124539
123913
123196
122451
121660
120710
119434
117824
115867
113533
110969
108436
106150
104192
102639
101399
100514
100017
99732.2
99635.8
127217
127063
126702
126137
125558
124851
124215
123474
122709
121898
120933
119636
118004
116023
113667
111083
108530
106226
104254
102685
101433
100539
100035
99742
99639.6
127461
127304
126953
126388
125781
125082
124418
123680
122900
122077
121093
119780
118133
116135
113765
111168
108601
106283
104300
102719
101459
100558
100047
99749.1
99643
127622
127465
127121
126565
125937
125236
124555
123826
123038
122203
121203
119880
118224
116215
113836
111230
108655
106326
104334
102745
101477
100571
100056
99754
99645.3
127721
127565
127225
126680
126042
125336
124650
123923
123128
122284
121274
119947
118286
116271
113887
111276
108694
106358
104359
102765
101491
100581
100062
99757.4
99646.5
127776
127620
127284
126744
126105
125397
124711
123980
123181
122331
121318
119989
118327
116309
113921
111306
108718
106378
104376
102779
101501
100588
100066
99759.8
99646.8
127810
127656
127324
126786
126148
125436
124745
124014
123213
122362
121348
120021
118360
116344
113956
111337
108745
106401
104393
102792
101510
100593
100069
99761.4
99645.7
)
;

boundaryField
{
    inlet
    {
        type            zeroGradient;
    }
    outlet
    {
        type            waveTransmissive;
        phi             phi;
        rho             rho;
        psi             psi;
        gamma           1.3;
        fieldInf        100000;
        lInf            0.3;
        value           nonuniform List<scalar> 
57
(
95212.9
95223.7
95244.2
95279.4
95328.4
95390.7
95465.7
95553.5
95654.6
95768.6
95896.3
96037.6
96193.2
96362
96545.9
96738.2
96948.1
97170
97413.1
97635.6
97847.7
98046.5
98231.6
98405.7
98571.2
98729.6
98881.4
99021.2
99150.3
99274.5
99393.9
99507.5
99615.2
99716
99810.2
99895.7
99970.8
100034
100086
100094
100115
100105
100102
100107
100115
100124
100136
100146
100156
100164
100169
100172
100174
100174
100173
100173
100171
)
;
    }
    upperWall
    {
        type            zeroGradient;
    }
    lowerWall
    {
        type            zeroGradient;
    }
    frontAndBack
    {
        type            empty;
    }
}


// ************************************************************************* //
