/*--------------------------------*- C++ -*----------------------------------*\
| =========                 |                                                 |
| \\      /  F ield         | OpenFOAM: The Open Source CFD Toolbox           |
|  \\    /   O peration     | Version:  dev                                   |
|   \\  /    A nd           | Web:      http://www.openfoam.org               |
|    \\/     M anipulation  |                                                 |
\*---------------------------------------------------------------------------*/
FoamFile
{
    version     2.0;
    format      ascii;
    class       volScalarField;
    object      pMean;
    location    "9.123";
}
// * * * * * * * * * * * * * * * * * * * * * * * * * * * * * * * * * * * * * //

dimensions      [1 -1 -2 0 0 0 0];

internalField   nonuniform List<scalar> 
12225
(
98312.8
98293
98279.2
98272.2
98258
98248.6
98230.1
98220.5
98199.1
98190.3
98165.6
98158.8
98127.8
98121.5
98080.8
98041.1
97952
97586.3
98308.3
98291.9
98278.7
98271.7
98257.4
98248
98229.4
98220
98198.4
98189.9
98164.9
98158.3
98127.5
98119.6
98079
98045.2
97952.9
97791.9
98304.5
98290.3
98277.7
98270.3
98255.9
98246.5
98227.9
98218.6
98196.9
98188.4
98164.1
98156.2
98128
98116.2
98081.3
98046.1
97978.8
97890
98299.4
98287.4
98275.5
98267.9
98253.5
98243.8
98225.9
98216
98195.2
98185.7
98162.7
98153.1
98126.9
98114
98082.3
98054.5
98006
97937.2
98292.8
98283
98272
98263.8
98250
98239.7
98222.8
98211.8
98192.7
98181.4
98161.2
98148.6
98127.1
98110.8
98084.2
98060
98020.2
97987.5
98284.5
98276.8
98266.1
98257.8
98244.3
98233.8
98217.7
98206.1
98188.3
98176.2
98158
98144.4
98126
98109.1
98087.7
98062.5
98040.3
98019.9
98274.2
98267.9
98257.6
98249.1
98236.5
98225.4
98210.6
98198
98182.3
98168.8
98153.4
98138.3
98123.8
98106.2
98092
98071
98060.6
98045.7
98263.5
98257.8
98248.2
98239.5
98227.8
98216.3
98202.7
98189.5
98175.5
98161.2
98148.1
98132.5
98120.9
98103.6
98094.9
98077.1
98075.4
98060.4
98252.7
98247.2
98238.4
98229.5
98218.7
98206.9
98194.4
98180.9
98168.3
98153.7
98142.2
98126.8
98117.1
98101.1
98094.8
98080.6
98080.4
98068.4
98239
98233.6
98225.9
98216.9
98207
98195.2
98183.7
98170.2
98158.9
98144.4
98134.4
98119.5
98111.3
98096.9
98092
98080.2
98079.4
98071.2
98222.1
98216.6
98210.1
98201.3
98192.2
98180.7
98169.9
98157
98146.5
98132.9
98123.6
98110.4
98102.4
98090.9
98085.3
98076.7
98074.1
98068.9
98201.5
98195.8
98190.6
98182.1
98173.8
98162.7
98152.9
98140.6
98131
98118.4
98109.8
98098.3
98090.8
98081.5
98075.8
98069.4
98065.8
98062.2
98176.7
98171.4
98166.9
98159.4
98151.4
98141.5
98132.1
98121.2
98112
98101.3
98092.9
98083.6
98076.4
98069.2
98063.7
98058.9
98055.3
98052.5
98148.5
98143.7
98139.7
98133.1
98125.9
98117
98108.4
98098.9
98090.4
98081.4
98073.7
98066.1
98059.7
98054
98049.4
98045.6
98042.6
98040.5
98118.3
98114.6
98110.8
98105.4
98098.9
98091.3
98083.5
98075.4
98067.8
98060.4
98053.7
98047.6
98042.3
98037.8
98034.1
98031.1
98028.9
98027.5
98090.6
98087.8
98084.5
98080
98074.4
98067.9
98061.1
98054.2
98047.7
98041.5
98035.9
98030.9
98026.6
98023.1
98020.2
98018.1
98016.5
98015.6
98072
98070
98067.3
98063.4
98058.4
98052.8
98046.8
98040.9
98035.3
98030
98025.2
98021.1
98017.5
98014.6
98012.3
98010.6
98009.5
98008.9
98072.2
98070.6
98068
98064.3
98059.6
98054.3
98048.7
98043.1
98037.8
98032.9
98028.4
98024.5
98021.1
98018.3
98016.1
98014.4
98013.2
98012.5
98092
98090.2
98087.3
98083.3
98078.4
98072.9
98067.1
98061.3
98055.7
98050.5
98045.7
98041.5
98037.7
98034.6
98031.9
98029.7
98028.1
98026.8
98122.8
98120.6
98117.2
98112.7
98107.3
98101.3
98094.9
98088.6
98082.5
98076.6
98071.2
98066.3
98061.9
98058.1
98054.7
98051.9
98049.5
98047.6
98157.6
98155.1
98151
98145.8
98139.7
98133.1
98126.1
98119.2
98112.3
98105.8
98099.7
98094
98088.9
98084.3
98080.2
98076.6
98073.4
98070.7
98191.6
98188.5
98183.7
98177.8
98171.1
98163.9
98156.4
98148.8
98141.3
98134.1
98127.3
98120.9
98115.1
98109.7
98104.9
98100.6
98096.7
98093.3
98221.8
98218.1
98212.6
98206.1
98198.9
98191.1
98183.1
98175
98167
98159.2
98151.8
98144.8
98138.4
98132.4
98126.9
98122
98117.5
98113.5
98247.1
98242.8
98236.5
98229.4
98221.7
98213.6
98205.2
98196.7
98188.2
98180
98172.1
98164.7
98157.7
98151.2
98145.3
98139.8
98134.8
98130.3
98267.4
98262.2
98255.1
98247.4
98239.4
98231
98222.4
98213.6
98204.9
98196.3
98188.1
98180.2
98172.9
98166
98159.6
98153.8
98148.4
98143.5
98283.1
98276.7
98268.7
98260.5
98252.3
98243.9
98235.1
98226.1
98217.1
98208.3
98199.8
98191.7
98184.1
98176.9
98170.3
98164.1
98158.5
98153.3
98294.9
98287
98278
98269.5
98261.2
98252.7
98243.8
98234.8
98225.7
98216.7
98208
98199.8
98191.9
98184.6
98177.7
98171.4
98165.5
98160.1
98303.6
98293.8
98283.7
98275
98266.8
98258.3
98249.4
98240.3
98231.2
98222.1
98213.3
98204.9
98197
98189.5
98182.6
98176.1
98170.1
98164.6
98309.7
98297.6
98286.5
98277.8
98269.8
98261.4
98252.7
98243.6
98234.3
98225.2
98216.4
98207.9
98199.9
98192.3
98185.3
98178.7
98172.7
98167.1
98315.6
98300.1
98288
98279.2
98271
98262.7
98253.9
98244.8
98235.6
98226.5
98217.6
98209.1
98201.1
98193.5
98186.4
98179.9
98173.8
98168.2
98312.7
98312.4
98311.6
98310.4
98308.9
98307.1
98304.9
98302.3
98299.2
98295.8
98291.9
98287.6
98283
98278.1
98272.9
98267.4
98261.7
98255.8
98249.7
98243.4
98237
98230.4
98223.7
98216.9
98210
98203
98196
98188.9
98181.8
98174.8
98167.7
98160.6
98153.6
98146.6
98139.8
98133
98126.4
98119.9
98113.5
98107.4
98101.5
98095.8
98090.4
98085.3
98080.4
98076
98071.9
98068.1
98064.8
98062
98059.6
98057.7
98056.3
98055.5
98055.2
98055.5
98056.5
98058.1
98060.4
98063.3
98067
98071.4
98076.4
98082.3
98088.8
98096
98104
98112.6
98121.9
98131.9
98142.5
98153.7
98165.4
98177.7
98190.5
98203.7
98217.3
98231.3
98245.6
98260.2
98275
98290
98305.1
98320.3
98335.6
98350.8
98366
98381.1
98396
98410.7
98425.1
98439.3
98453
98466.4
98479.3
98491.7
98503.6
98514.9
98525.7
98535.8
98545.3
98554.2
98562.4
98570
98577
98583.3
98589
98594.1
98598.7
98602.8
98606.5
98609.7
98612.5
98615
98617.2
98619.1
98620.7
98622.2
98623.4
98624.6
98625.6
98626.7
98627.9
98629.2
98630.8
98632.8
98635.5
98638.9
98643.3
98648.9
98656
98664.7
98675.4
98688.2
98703.6
98721.6
98742.4
98766.1
98792.9
98822.7
98855.7
98891.6
98930.4
98971.9
99016.2
99062.7
99111.7
99162.4
99215
99269.1
99324.6
99381
99438
99495.3
99552.6
99609.2
99664.6
99718.4
99769.4
99817.3
99860.8
99899.2
99931.3
99956.4
99973.2
99980.7
99978.1
99965.2
99941.1
99906.5
99861.1
99806.4
99742.5
99671.8
99594.8
99514.3
99429.7
99345
99258.2
99175.1
98305.8
98305.4
98304.6
98303.5
98301.9
98300.1
98297.8
98295.2
98292.2
98288.8
98285
98280.9
98276.4
98271.6
98266.5
98261.2
98255.7
98249.9
98244
98237.9
98231.7
98225.3
98218.8
98212.1
98205.4
98198.6
98191.7
98184.8
98177.9
98170.9
98164
98157.1
98150.2
98143.4
98136.7
98130.1
98123.6
98117.3
98111.1
98105.1
98099.3
98093.7
98088.4
98083.3
98078.6
98074.2
98070.1
98066.5
98063.2
98060.4
98058
98056.1
98054.7
98053.8
98053.5
98053.8
98054.7
98056.3
98058.5
98061.3
98064.9
98069.2
98074.1
98079.8
98086.2
98093.3
98101.1
98109.6
98118.7
98128.5
98138.9
98149.9
98161.5
98173.5
98186.1
98199.1
98212.5
98226.2
98240.3
98254.6
98269.2
98283.9
98298.8
98313.8
98328.8
98343.7
98358.6
98373.4
98388
98402.5
98416.6
98430.4
98443.9
98457
98469.6
98481.7
98493.3
98504.4
98514.9
98524.8
98534.1
98542.7
98550.7
98558.1
98564.9
98571
98576.6
98581.6
98586.1
98590.1
98593.7
98596.8
98599.6
98602
98604.1
98605.9
98607.5
98608.9
98610.1
98611.1
98612.1
98613.1
98614.2
98615.3
98616.8
98618.6
98621
98624.2
98628.3
98633.6
98640.2
98648.5
98658.7
98671
98685.7
98703.1
98723.2
98746.1
98772.1
98801
98833
98867.9
98905.6
98946.1
98989.3
99034.7
99082.4
99131.9
99183.4
99236.4
99290.7
99345.9
99401.8
99458.1
99514.3
99569.9
99624.4
99677.4
99727.7
99775
99818.1
99856.2
99888.2
99913.4
99930.6
99938.7
99936.9
99925
99902.3
99869.2
99825.4
99772.4
99710.2
99641.4
99566.1
99487.3
99404.4
99321.2
99235.4
99150.5
98293.1
98292.7
98291.9
98290.7
98289.1
98287.2
98284.8
98282.2
98279.2
98275.8
98272.1
98268
98263.7
98259.1
98254.3
98249.2
98244
98238.6
98233
98227.3
98221.4
98215.4
98209.3
98203
98196.7
98190.2
98183.7
98177.1
98170.4
98163.8
98157.1
98150.5
98143.9
98137.3
98130.9
98124.5
98118.2
98112.1
98106.1
98100.4
98094.8
98089.4
98084.2
98079.3
98074.7
98070.4
98066.5
98062.9
98059.7
98056.9
98054.5
98052.6
98051.2
98050.3
98049.9
98050.1
98050.9
98052.3
98054.4
98057.1
98060.5
98064.5
98069.3
98074.7
98080.8
98087.7
98095.2
98103.3
98112.2
98121.6
98131.7
98142.3
98153.5
98165.2
98177.3
98189.9
98202.8
98216.2
98229.8
98243.7
98257.8
98272.1
98286.4
98300.9
98315.4
98329.9
98344.2
98358.5
98372.6
98386.4
98400
98413.3
98426.2
98438.7
98450.8
98462.3
98473.4
98484
98493.9
98503.4
98512.2
98520.4
98528
98535
98541.4
98547.3
98552.6
98557.3
98561.6
98565.3
98568.7
98571.7
98574.3
98576.6
98578.6
98580.3
98581.7
98583
98584
98584.9
98585.8
98586.5
98587.3
98588.2
98589.3
98590.7
98592.6
98595.2
98598.7
98603.2
98609.1
98616.4
98625.6
98636.8
98650.3
98666.3
98684.9
98706.3
98730.5
98757.6
98787.7
98820.6
98856.2
98894.5
98935.5
98978.6
99024
99071.2
99120.2
99170.9
99222.8
99275.7
99329.4
99383.5
99437.6
99491.2
99543.8
99595
99643.8
99689.7
99731.6
99769
99800.4
99825.6
99843.1
99851.9
99851.5
99841.4
99821
99790.6
99749.9
99700.2
99641.7
99576.5
99504.9
99429.6
99350.1
99270.1
99187.1
99103.3
98275.6
98275.3
98274.5
98273.3
98271.7
98269.7
98267.4
98264.7
98261.7
98258.4
98254.8
98250.9
98246.7
98242.4
98237.8
98233.1
98228.2
98223.2
98218
98212.7
98207.3
98201.8
98196.1
98190.3
98184.4
98178.5
98172.4
98166.3
98160.1
98153.9
98147.7
98141.5
98135.4
98129.2
98123.1
98117.1
98111.2
98105.4
98099.8
98094.2
98088.9
98083.7
98078.8
98074.1
98069.6
98065.5
98061.7
98058.2
98055.1
98052.3
98050
98048.1
98046.6
98045.6
98045.1
98045.2
98045.9
98047.1
98049
98051.5
98054.6
98058.3
98062.8
98067.9
98073.6
98080
98087.1
98094.9
98103.3
98112.3
98121.8
98131.9
98142.6
98153.7
98165.3
98177.3
98189.7
98202.4
98215.4
98228.6
98242
98255.6
98269.3
98283.1
98296.9
98310.6
98324.2
98337.7
98351.1
98364.2
98377
98389.5
98401.7
98413.4
98424.7
98435.6
98445.9
98455.7
98465
98473.7
98481.9
98489.5
98496.6
98503
98509
98514.4
98519.2
98523.6
98527.5
98531
98534.1
98536.8
98539.2
98541.3
98543.1
98544.6
98545.9
98546.9
98547.8
98548.5
98549
98549.4
98549.8
98550.3
98550.8
98551.7
98552.9
98554.7
98557.3
98560.8
98565.5
98571.5
98579.3
98588.9
98600.7
98614.8
98631.3
98650.5
98672.4
98697
98724.5
98754.6
98787.3
98822.6
98860.5
98900.5
98942.7
98986.7
99032.6
99080
99128.8
99178.6
99229.3
99280.5
99331.6
99382.5
99432.4
99481.2
99527.9
99571.8
99612.2
99648.3
99678.9
99703.6
99721.4
99731
99732
99723.9
99706.2
99679.1
99642.3
99596.9
99543
99482.7
99415.8
99345.4
99270.6
99195.1
99116.4
99036.3
98254.4
98254.1
98253.4
98252.2
98250.7
98248.8
98246.5
98243.9
98241
98237.8
98234.3
98230.5
98226.6
98222.5
98218.2
98213.8
98209.3
98204.7
98199.9
98195.1
98190.2
98185.1
98180
98174.7
98169.4
98163.9
98158.4
98152.9
98147.3
98141.7
98136.1
98130.4
98124.8
98119.2
98113.6
98108.1
98102.6
98097.3
98092
98086.9
98081.9
98077.1
98072.4
98068
98063.8
98059.8
98056.2
98052.8
98049.8
98047.1
98044.8
98042.9
98041.4
98040.3
98039.7
98039.7
98040.1
98041.2
98042.8
98044.9
98047.7
98051.1
98055.1
98059.8
98065.1
98071
98077.6
98084.7
98092.5
98100.9
98109.9
98119.4
98129.3
98139.8
98150.7
98161.9
98173.5
98185.4
98197.6
98210
98222.6
98235.3
98248.2
98261
98273.9
98286.7
98299.4
98312
98324.4
98336.6
98348.5
98360.1
98371.3
98382.1
98392.5
98402.4
98411.8
98420.7
98429.2
98437.1
98444.5
98451.3
98457.7
98463.5
98468.8
98473.6
98478
98481.9
98485.4
98488.4
98491.2
98493.6
98495.7
98497.6
98499.1
98500.4
98501.4
98502.2
98502.7
98503.1
98503.2
98503.2
98503.1
98503
98503
98503.1
98503.5
98504.3
98505.7
98508
98511.3
98515.8
98521.8
98529.5
98539.1
98550.9
98565
98581.5
98600.6
98622.1
98646.4
98673.2
98702.4
98734.1
98768.3
98804.6
98843
98883.2
98925.2
98968.8
99013.9
99060
99106.9
99154.6
99202.2
99249.7
99296.5
99342.3
99386.3
99427.9
99466.2
99500.6
99530.1
99554.2
99571.9
99582.2
99584.5
99578.7
99564
99540.6
99508.2
99467.8
99419.3
99364.7
99303.6
99239.2
99170.1
99100.3
99027
98952.4
98230.9
98230.7
98230.1
98229
98227.6
98225.8
98223.7
98221.2
98218.5
98215.4
98212.1
98208.6
98204.9
98201.1
98197.1
98193
98188.8
98184.6
98180.2
98175.8
98171.3
98166.7
98162.1
98157.3
98152.5
98147.7
98142.8
98137.8
98132.8
98127.8
98122.8
98117.8
98112.7
98107.7
98102.7
98097.7
98092.9
98088
98083.3
98078.6
98074
98069.6
98065.3
98061.2
98057.3
98053.6
98050.1
98046.9
98044
98041.4
98039.2
98037.3
98035.7
98034.6
98033.9
98033.7
98033.9
98034.7
98036
98037.8
98040.2
98043.2
98046.8
98050.9
98055.6
98061
98066.9
98073.5
98080.6
98088.3
98096.5
98105.2
98114.4
98124
98134.1
98144.5
98155.2
98166.2
98177.4
98188.9
98200.5
98212.2
98224
98235.8
98247.6
98259.4
98271
98282.5
98293.9
98305
98315.8
98326.3
98336.4
98346.2
98355.5
98364.4
98372.8
98380.7
98388.2
98395.2
98401.7
98407.7
98413.3
98418.3
98422.9
98427.1
98430.8
98434.2
98437.2
98439.8
98442.2
98444.2
98445.9
98447.4
98448.6
98449.6
98450.2
98450.7
98450.9
98450.8
98450.5
98450
98449.4
98448.6
98447.8
98447.1
98446.5
98446.2
98446.3
98447.1
98448.8
98451.6
98455.6
98461.1
98468.4
98477.6
98488.9
98502.4
98518.3
98536.5
98557.2
98580.2
98605.7
98633.4
98663.4
98695.6
98729.8
98765.9
98803.7
98843.1
98884
98925.9
98968.8
99012.4
99056.2
99100
99143.3
99185.7
99226.6
99265.4
99301.4
99333.8
99361.8
99385
99402.4
99413.1
99416.7
99413
99401.3
99381.9
99354
99318.9
99276
99227.6
99172.9
99115.1
99052.6
98989.3
98922.4
98854.4
98206.5
98206.3
98205.8
98204.8
98203.6
98202
98200
98197.8
98195.2
98192.4
98189.4
98186.2
98182.8
98179.2
98175.6
98171.8
98168
98164.1
98160.1
98156
98152
98147.8
98143.6
98139.4
98135.1
98130.8
98126.4
98122
98117.6
98113.2
98108.8
98104.3
98099.9
98095.5
98091.1
98086.7
98082.3
98078
98073.8
98069.6
98065.5
98061.5
98057.6
98053.8
98050.2
98046.8
98043.5
98040.5
98037.8
98035.3
98033.1
98031.2
98029.6
98028.4
98027.6
98027.2
98027.3
98027.8
98028.8
98030.3
98032.3
98034.8
98037.8
98041.4
98045.6
98050.3
98055.6
98061.4
98067.8
98074.7
98082.1
98090
98098.3
98107
98116.1
98125.6
98135.3
98145.3
98155.5
98165.9
98176.4
98187
98197.7
98208.4
98219
98229.6
98240.1
98250.4
98260.6
98270.5
98280.1
98289.4
98298.4
98307
98315.2
98323
98330.3
98337.2
98343.6
98349.7
98355.3
98360.4
98365
98369.3
98373.1
98376.6
98379.7
98382.4
98384.8
98387
98388.8
98390.4
98391.7
98392.8
98393.5
98394.1
98394.4
98394.4
98394.1
98393.6
98392.8
98391.8
98390.5
98389
98387.3
98385.6
98384
98382.4
98381.2
98380.4
98380.4
98381.3
98383.1
98386.4
98391.1
98397.6
98405.9
98416.3
98428.8
98443.4
98460.4
98479.5
98501
98524.5
98550.3
98578.1
98607.9
98639.7
98673
98708.1
98744.5
98782.2
98820.8
98860.1
98899.8
98939.7
98979.3
99018
99055.5
99091.2
99124.5
99154.6
99180.7
99202.6
99219.4
99230.4
99235
99233.3
99224.4
99208.7
99185.2
99155.4
99118.4
99076.2
99028.2
98977.5
98921.9
98865.7
98805.7
98744.9
98182.3
98182.2
98181.8
98181
98179.9
98178.5
98176.8
98174.8
98172.5
98170
98167.3
98164.4
98161.3
98158.1
98154.8
98151.3
98147.8
98144.3
98140.7
98137
98133.3
98129.5
98125.8
98122
98118.2
98114.4
98110.5
98106.7
98102.8
98098.9
98095
98091.1
98087.2
98083.4
98079.5
98075.7
98071.8
98068
98064.2
98060.5
98056.8
98053.2
98049.6
98046.2
98042.9
98039.7
98036.8
98033.9
98031.3
98028.9
98026.8
98024.9
98023.3
98022
98021.1
98020.6
98020.4
98020.6
98021.3
98022.4
98024
98026.1
98028.6
98031.6
98035.2
98039.3
98043.9
98049
98054.6
98060.7
98067.2
98074.2
98081.6
98089.4
98097.6
98106
98114.7
98123.7
98132.8
98142.1
98151.5
98160.9
98170.4
98179.9
98189.3
98198.7
98207.9
98217
98225.9
98234.5
98242.9
98251
98258.8
98266.2
98273.2
98279.8
98286
98291.8
98297.2
98302.2
98306.9
98311.1
98314.9
98318.3
98321.3
98324
98326.4
98328.5
98330.3
98331.9
98333.2
98334.3
98335.1
98335.6
98335.9
98336
98335.8
98335.4
98334.6
98333.6
98332.2
98330.5
98328.5
98326.2
98323.6
98320.9
98318.1
98315.3
98312.6
98310.3
98308.4
98307.4
98307
98307.9
98310
98313.7
98319.1
98326.3
98335.3
98346.4
98359.5
98374.8
98392.3
98411.7
98433.1
98456.6
98481.9
98509.4
98538.4
98568.9
98601
98634.3
98668.4
98703.5
98739.1
98775
98810.7
98845.6
98879.4
98911.8
98942.1
98969.7
98993.5
99013.8
99029.5
99040.4
99045.8
99045.7
99039.3
99026.9
99007.5
98982.6
98951.2
98915.3
98874
98830.2
98781.8
98732.9
98680.2
98627.1
98159.4
98159.4
98159.1
98158.5
98157.5
98156.3
98154.9
98153.2
98151.2
98149
98146.6
98144
98141.3
98138.4
98135.4
98132.4
98129.2
98126
98122.8
98119.5
98116.2
98112.8
98109.5
98106.1
98102.8
98099.4
98096
98092.6
98089.2
98085.8
98082.4
98078.9
98075.5
98072.1
98068.7
98065.3
98062
98058.6
98055.2
98051.8
98048.5
98045.2
98042
98038.9
98035.8
98032.9
98030.1
98027.4
98025
98022.6
98020.5
98018.7
98017
98015.7
98014.6
98013.9
98013.5
98013.5
98013.8
98014.6
98015.8
98017.4
98019.4
98021.9
98024.9
98028.3
98032.2
98036.6
98041.5
98046.8
98052.5
98058.6
98065.1
98071.9
98079.1
98086.6
98094.2
98102.1
98110.2
98118.3
98126.6
98134.9
98143.2
98151.5
98159.7
98167.8
98175.8
98183.6
98191.2
98198.6
98205.7
98212.5
98219
98225.2
98231
98236.5
98241.6
98246.3
98250.6
98254.5
98258.1
98261.4
98264.3
98266.9
98269.1
98271.1
98272.7
98274.1
98275.3
98276.3
98277
98277.5
98277.8
98277.8
98277.6
98277.1
98276.4
98275.4
98274
98272.4
98270.4
98268
98265.2
98262
98258.5
98254.7
98250.7
98246.6
98242.6
98238.7
98235.1
98232
98229.6
98228.1
98227.7
98228.6
98231
98235.1
98240.8
98248.4
98257.8
98269.3
98282.8
98298.3
98315.6
98334.8
98355.9
98379.1
98403.8
98430
98457.7
98486.7
98516.6
98547.5
98579
98610.9
98642.5
98673.6
98703.7
98732.6
98759.6
98784.4
98805.8
98824
98838.3
98848.6
98854.3
98855.3
98850.7
98841.1
98825.4
98805
98778.7
98748.8
98714
98677.1
98635.7
98594.2
98548.8
98503.5
98138.7
98138.8
98138.6
98138.1
98137.4
98136.4
98135.2
98133.8
98132.1
98130.2
98128.2
98125.9
98123.5
98121
98118.4
98115.7
98112.9
98110.1
98107.2
98104.3
98101.4
98098.4
98095.5
98092.5
98089.6
98086.6
98083.6
98080.6
98077.6
98074.6
98071.5
98068.5
98065.5
98062.5
98059.4
98056.4
98053.4
98050.3
98047.3
98044.2
98041.2
98038.2
98035.2
98032.3
98029.5
98026.7
98024
98021.5
98019.1
98016.8
98014.7
98012.8
98011.1
98009.6
98008.5
98007.5
98006.9
98006.7
98006.7
98007.1
98007.9
98009.1
98010.7
98012.7
98015.1
98018
98021.2
98024.9
98029.1
98033.6
98038.5
98043.8
98049.4
98055.3
98061.6
98068
98074.7
98081.6
98088.5
98095.6
98102.8
98109.9
98117
98124.1
98131.1
98138
98144.8
98151.4
98157.7
98163.8
98169.7
98175.3
98180.6
98185.6
98190.2
98194.5
98198.4
98202
98205.2
98208.1
98210.7
98213
98215
98216.7
98218.2
98219.3
98220.2
98220.9
98221.4
98221.7
98221.8
98221.7
98221.4
98220.9
98220.1
98219
98217.6
98216
98214
98211.6
98208.9
98205.7
98202.1
98198.1
98193.6
98188.7
98183.6
98178.3
98172.9
98167.5
98162.2
98157.3
98152.8
98149.1
98146.3
98144.6
98144.2
98145.2
98147.8
98152
98158
98166
98175.7
98187.4
98200.9
98216.2
98233.3
98252.4
98273.1
98295.3
98318.8
98343.6
98369.5
98396.3
98423.7
98451.6
98479.2
98506.5
98532.9
98558.1
98581.7
98603.5
98622.2
98638.1
98650.5
98659.7
98664.9
98666.4
98663.2
98655.7
98643.2
98626.7
98605
98580.6
98551.9
98521.4
98486.7
98452.4
98414.1
98376.7
98120.9
98121
98120.9
98120.5
98119.9
98119.2
98118.2
98117
98115.7
98114.1
98112.4
98110.5
98108.5
98106.3
98104.1
98101.8
98099.4
98096.9
98094.4
98091.9
98089.4
98086.8
98084.2
98081.6
98079
98076.4
98073.8
98071.1
98068.4
98065.7
98063
98060.3
98057.6
98054.9
98052.1
98049.4
98046.6
98043.8
98041
98038.2
98035.3
98032.5
98029.7
98026.9
98024.2
98021.5
98018.9
98016.5
98014.1
98011.8
98009.7
98007.7
98005.9
98004.4
98003
98001.9
98001.1
98000.6
98000.4
98000.5
98000.9
98001.7
98002.9
98004.4
98006.3
98008.6
98011.3
98014.4
98017.8
98021.6
98025.8
98030.3
98035.1
98040.2
98045.5
98051.1
98056.8
98062.7
98068.7
98074.7
98080.8
98086.9
98092.9
98098.9
98104.7
98110.4
98116
98121.4
98126.5
98131.4
98136.1
98140.5
98144.6
98148.4
98151.8
98155
98157.8
98160.2
98162.4
98164.3
98165.9
98167.2
98168.3
98169.1
98169.7
98170.1
98170.2
98170.1
98169.9
98169.5
98168.9
98168.1
98167.1
98165.9
98164.5
98162.8
98160.8
98158.4
98155.7
98152.6
98149.1
98145.1
98140.7
98135.7
98130.3
98124.4
98118.3
98111.7
98105.1
98098.2
98091.4
98084.8
98078.4
98072.7
98067.7
98063.5
98060.5
98058.8
98058.4
98059.6
98062.4
98067.1
98073.4
98081.6
98091.6
98103.4
98116.8
98132.3
98149.2
98167.7
98187.3
98208.3
98230.3
98253.2
98276.8
98300.7
98324.4
98348
98370.5
98392
98412.1
98430.6
98446.5
98459.7
98469.9
98477.4
98481.4
98482.7
98480.2
98474.3
98464.2
98451
98433.3
98413.9
98390.6
98366
98337.5
98310.1
98278.7
98248.7
98106.2
98106.4
98106.3
98106.1
98105.7
98105.1
98104.4
98103.5
98102.4
98101.1
98099.7
98098.2
98096.5
98094.8
98092.9
98091
98089
98086.9
98084.8
98082.7
98080.5
98078.3
98076.1
98073.9
98071.6
98069.3
98066.9
98064.5
98062.1
98059.7
98057.2
98054.8
98052.3
98049.7
98047.2
98044.6
98042
98039.3
98036.7
98034
98031.2
98028.5
98025.8
98023
98020.4
98017.7
98015.2
98012.6
98010.2
98007.9
98005.7
98003.7
98001.8
98000.1
97998.6
97997.3
97996.3
97995.5
97995.1
97994.9
97995
97995.5
97996.3
97997.4
97998.9
98000.7
98002.9
98005.4
98008.2
98011.4
98014.9
98018.7
98022.7
98027.1
98031.6
98036.3
98041.2
98046.2
98051.2
98056.3
98061.4
98066.4
98071.4
98076.4
98081.1
98085.8
98090.2
98094.5
98098.5
98102.3
98105.8
98109
98111.9
98114.6
98116.9
98119
98120.7
98122.1
98123.2
98124.1
98124.7
98125
98125.2
98125.1
98124.8
98124.3
98123.6
98122.8
98121.8
98120.6
98119.2
98117.7
98116
98114.1
98112
98109.5
98106.8
98103.7
98100.2
98096.3
98092
98087.2
98081.9
98076.1
98069.7
98062.9
98055.7
98048.1
98040.2
98032.1
98023.9
98015.7
98007.7
98000.2
97993.2
97986.8
97981.5
97977.3
97974.3
97972.8
97972.8
97974.5
97977.9
97983
97989.9
97998.5
98008.8
98020.9
98034.5
98049.7
98065.8
98083.3
98101.6
98120.8
98140.8
98160.9
98180.9
98200.8
98219.5
98237.1
98253.6
98268.6
98281.4
98291.7
98299.3
98304.6
98306.9
98307.2
98304.7
98299.8
98291.4
98280.9
98266.7
98251.3
98232.7
98213.6
98190.8
98169.7
98144.7
98121.8
98094.8
98095
98095
98094.9
98094.6
98094.2
98093.7
98093
98092.2
98091.2
98090.2
98089
98087.7
98086.3
98084.9
98083.3
98081.7
98080.1
98078.4
98076.6
98074.9
98073
98071.2
98069.2
98067.3
98065.2
98063.1
98061
98058.8
98056.6
98054.3
98052
98049.6
98047.2
98044.8
98042.3
98039.7
98037.1
98034.5
98031.8
98029.1
98026.3
98023.6
98020.9
98018.2
98015.5
98012.8
98010.3
98007.8
98005.4
98003
98000.9
97998.9
97997
97995.4
97993.9
97992.7
97991.7
97991
97990.6
97990.5
97990.7
97991.1
97991.9
97993
97994.4
97996.1
97998.2
98000.5
98003.1
98006
98009.2
98012.6
98016.3
98020.1
98024.1
98028.1
98032.3
98036.5
98040.8
98045
98049.1
98053.2
98057.1
98060.9
98064.6
98068
98071.2
98074.1
98076.8
98079.3
98081.4
98083.3
98084.8
98086.1
98087.1
98087.8
98088.1
98088.2
98088.1
98087.7
98087.1
98086.3
98085.3
98084.1
98082.8
98081.3
98079.6
98077.8
98075.8
98073.6
98071.3
98068.8
98066.1
98063.2
98060
98056.4
98052.5
98048.2
98043.6
98038.4
98032.8
98026.7
98020
98012.9
98005.1
97997
97988.3
97979.4
97970.2
97960.7
97951.2
97941.8
97932.6
97923.9
97915.7
97908.3
97902
97896.8
97893
97890.6
97889.7
97890.5
97893
97897.2
97903
97910.5
97919.6
97930.2
97942.3
97955.4
97969.7
97984.7
98000.6
98017.1
98033.7
98050.1
98066.3
98081.2
98095
98107.8
98119
98128.6
98135.8
98140.5
98143.4
98143.7
98142.3
98139.1
98134.4
98127.2
98118.6
98107.2
98095.2
98080.5
98066.1
98048.5
98033.1
98013.9
97997.9
98086.4
98086.6
98086.7
98086.7
98086.6
98086.4
98086
98085.6
98085.1
98084.4
98083.7
98082.9
98082
98081
98080
98078.9
98077.7
98076.5
98075.2
98073.9
98072.5
98071
98069.4
98067.8
98066.1
98064.3
98062.4
98060.5
98058.5
98056.4
98054.2
98052
98049.7
98047.3
98044.9
98042.4
98039.8
98037.2
98034.5
98031.7
98029
98026.2
98023.3
98020.5
98017.7
98014.9
98012.1
98009.4
98006.8
98004.2
98001.8
97999.5
97997.3
97995.3
97993.5
97991.9
97990.5
97989.4
97988.5
97987.8
97987.5
97987.4
97987.6
97988.1
97988.9
97989.9
97991.3
97992.9
97994.8
97997
97999.4
98002.1
98005
98008
98011.2
98014.6
98018
98021.4
98024.9
98028.4
98031.8
98035.2
98038.4
98041.5
98044.4
98047.1
98049.6
98051.8
98053.8
98055.5
98056.9
98058.1
98058.9
98059.5
98059.7
98059.7
98059.4
98058.8
98057.9
98056.7
98055.4
98053.9
98052.1
98050.2
98048.1
98045.9
98043.5
98041
98038.3
98035.5
98032.5
98029.3
98026
98022.5
98018.7
98014.6
98010.2
98005.5
98000.4
97994.9
97989
97982.6
97975.6
97968.1
97960.2
97951.7
97942.7
97933.2
97923.3
97913.1
97902.6
97892
97881.4
97870.8
97860.6
97850.8
97841.8
97833.7
97826.7
97820.9
97816.4
97813.4
97812
97812.3
97814.2
97817.6
97822.5
97829.1
97837
97846.3
97856.6
97868.1
97880.2
97893
97906.2
97919.5
97932.5
97945
97956.2
97966.4
97975.3
97982.9
97988.9
97992.8
97994.6
97995
97992.8
97989.5
97985
97979.8
97973.1
97965.8
97956.5
97947.2
97935.8
97925.5
97912.4
97902
97888
97878.2
98080.4
98080.7
98080.9
98080.9
98080.9
98080.9
98080.8
98080.6
98080.4
98080.1
98079.8
98079.4
98079
98078.5
98077.9
98077.3
98076.6
98075.8
98075
98074
98073
98071.9
98070.6
98069.3
98067.8
98066.2
98064.5
98062.7
98060.8
98058.8
98056.7
98054.5
98052.2
98049.8
98047.3
98044.7
98042
98039.3
98036.5
98033.6
98030.7
98027.8
98024.8
98021.8
98018.9
98015.9
98013
98010.1
98007.3
98004.6
98002
97999.5
97997.2
97995
97993.1
97991.3
97989.8
97988.5
97987.4
97986.6
97986
97985.7
97985.7
97986
97986.5
97987.3
97988.4
97989.7
97991.3
97993.1
97995.2
97997.4
97999.8
98002.4
98005.1
98007.9
98010.7
98013.6
98016.4
98019.3
98022
98024.6
98027.1
98029.4
98031.5
98033.4
98035
98036.4
98037.5
98038.3
98038.8
98039
98039
98038.6
98037.9
98036.9
98035.6
98034.1
98032.2
98030.2
98027.9
98025.4
98022.8
98020
98017
98013.9
98010.6
98007.2
98003.6
97999.9
97996.1
97992
97987.8
97983.4
97978.7
97973.8
97968.5
97963
97957.1
97950.8
97944
97936.8
97929.1
97920.9
97912.2
97903
97893.3
97883.1
97872.4
97861.5
97850.2
97838.6
97827
97815.4
97803.9
97792.9
97782.5
97773
97764.4
97757
97750.9
97746.2
97743
97741.3
97741.1
97742.5
97745.2
97749.5
97755.1
97761.9
97769.8
97778.8
97788.2
97798.1
97808.2
97818.2
97828
97837
97844.7
97851.2
97856.3
97860.2
97862.5
97863
97861.7
97859.5
97854.9
97849.4
97843.3
97837.1
97830.3
97823.7
97815.7
97808.5
97799.8
97792.9
97783.5
97777.7
97768.3
97764
98076.1
98076.3
98076.6
98076.8
98076.9
98077.1
98077.3
98077.5
98077.7
98077.9
98078.1
98078.2
98078.3
98078.4
98078.4
98078.2
98078
98077.7
98077.3
98076.7
98076
98075.2
98074.3
98073.2
98071.9
98070.5
98068.9
98067.2
98065.4
98063.4
98061.3
98059
98056.7
98054.2
98051.6
98048.9
98046.1
98043.2
98040.3
98037.2
98034.2
98031
98027.9
98024.7
98021.5
98018.4
98015.2
98012.2
98009.2
98006.3
98003.6
98000.9
97998.5
97996.2
97994.1
97992.2
97990.5
97989
97987.8
97986.9
97986.2
97985.7
97985.5
97985.6
97986
97986.6
97987.4
97988.5
97989.8
97991.4
97993.1
97995
97997.1
97999.3
98001.6
98003.9
98006.3
98008.6
98010.9
98013.2
98015.3
98017.3
98019.2
98020.8
98022.2
98023.3
98024.2
98024.8
98025.1
98025.1
98024.8
98024.2
98023.2
98022
98020.4
98018.6
98016.4
98014
98011.2
98008.3
98005.1
98001.7
97998.2
97994.5
97990.7
97986.7
97982.5
97978.2
97973.8
97969.2
97964.4
97959.5
97954.4
97949
97943.5
97937.7
97931.6
97925.2
97918.5
97911.4
97903.9
97895.9
97887.5
97878.6
97869.3
97859.5
97849.2
97838.4
97827.1
97815.6
97803.6
97791.3
97778.9
97766.5
97754.1
97742.1
97730.8
97720.2
97710.3
97701.6
97694.1
97687.9
97683.1
97679.8
97677.9
97677.5
97678.5
97680.9
97684.4
97689
97694.7
97701.4
97708.5
97715.6
97722.7
97729.6
97736.2
97741.9
97746.2
97749.3
97750.6
97750.8
97749.3
97746.4
97742
97736.8
97729.8
97722.1
97714.2
97706.7
97699.3
97692.9
97685.7
97680.1
97673.3
97669.2
97662.9
97661.1
97655.8
97656.4
98072.3
98072.5
98072.7
98072.9
98073.2
98073.7
98074.3
98075.1
98075.9
98076.8
98077.7
98078.6
98079.4
98080.1
98080.6
98081.1
98081.4
98081.5
98081.5
98081.3
98080.9
98080.4
98079.7
98078.8
98077.7
98076.4
98074.9
98073.3
98071.4
98069.4
98067.3
98065
98062.6
98060
98057.3
98054.4
98051.5
98048.4
98045.3
98042.1
98038.8
98035.5
98032.1
98028.7
98025.4
98022
98018.7
98015.5
98012.3
98009.3
98006.4
98003.6
98001
97998.6
97996.3
97994.3
97992.5
97991
97989.7
97988.6
97987.8
97987.2
97986.9
97986.9
97987.1
97987.5
97988.2
97989.2
97990.3
97991.6
97993.2
97994.8
97996.6
97998.5
98000.4
98002.4
98004.3
98006.2
98008.1
98009.9
98011.5
98013
98014.2
98015.2
98016
98016.5
98016.7
98016.6
98016.2
98015.5
98014.4
98013
98011.3
98009.2
98006.9
98004.2
98001.2
97998
97994.4
97990.6
97986.6
97982.4
97978
97973.4
97968.7
97963.9
97958.9
97953.7
97948.4
97943
97937.4
97931.6
97925.5
97919.3
97912.9
97906.3
97899.4
97892.2
97884.7
97876.9
97868.6
97859.9
97850.9
97841.5
97831.6
97821.3
97810.4
97799.2
97787.5
97775.5
97762.9
97750.1
97737.1
97724.1
97711.1
97698.5
97686.4
97674.9
97664
97654.2
97645.6
97638.2
97632.1
97627.4
97624.1
97622.2
97621.6
97622.3
97624
97626.7
97630.5
97635
97639.9
97644.5
97648.8
97652.7
97656.2
97658.8
97659.9
97659.7
97657.4
97653.8
97648.7
97642.3
97634.7
97626.4
97617
97607.2
97597.4
97588.6
97580.3
97573.6
97566.8
97562.2
97556.9
97554.9
97551.2
97552.9
97551.1
97556
98067.5
98067.5
98067.5
98067.9
98068.6
98069.9
98071.3
98073.1
98074.8
98076.7
98078.4
98080.1
98081.7
98083
98084.2
98085.2
98086
98086.5
98086.9
98087
98086.9
98086.6
98086.1
98085.4
98084.4
98083.2
98081.8
98080.2
98078.3
98076.3
98074.1
98071.8
98069.2
98066.5
98063.7
98060.7
98057.6
98054.4
98051.1
98047.7
98044.2
98040.7
98037.2
98033.6
98030.1
98026.5
98023.1
98019.7
98016.4
98013.2
98010.2
98007.3
98004.5
98002
97999.7
97997.6
97995.7
97994.1
97992.7
97991.6
97990.7
97990
97989.7
97989.5
97989.7
97990
97990.6
97991.4
97992.4
97993.6
97994.9
97996.4
97997.9
97999.5
98001.2
98002.8
98004.4
98006
98007.4
98008.7
98009.9
98010.9
98011.6
98012.1
98012.3
98012.2
98011.8
98011.1
98010.1
98008.7
98006.9
98004.8
98002.4
97999.6
97996.5
97993.1
97989.3
97985.3
97981
97976.5
97971.7
97966.6
97961.4
97956.1
97950.6
97944.9
97939.1
97933.2
97927
97920.7
97914.3
97907.7
97900.8
97893.8
97886.6
97879.1
97871.5
97863.6
97855.4
97846.8
97837.9
97828.7
97819.2
97809.3
97798.9
97788.1
97777
97765.4
97753.3
97740.9
97728
97714.8
97701.4
97687.9
97674.6
97661.6
97648.9
97636.6
97625.1
97614.4
97604.8
97596.3
97589
97583.2
97578.7
97575.6
97573.7
97572.9
97573
97574.1
97576.1
97578.7
97581.5
97583.8
97585.5
97586.6
97587.2
97586.8
97585
97581.5
97575.6
97568.4
97559.8
97550.1
97539.2
97527.9
97516.1
97504.2
97492.5
97482.3
97472.9
97465.8
97459.1
97455.2
97450.9
97450.7
97449
97453.6
97454.9
97463.6
98060.3
98060.2
98059.9
98060.9
98062.5
98065.2
98067.8
98070.9
98073.8
98076.6
98079.3
98081.7
98084
98085.9
98087.6
98089
98090.2
98091.1
98091.7
98092
98092.1
98092
98091.6
98090.9
98090.1
98088.9
98087.6
98086
98084.2
98082.2
98079.9
98077.5
98074.9
98072.2
98069.3
98066.2
98063
98059.7
98056.2
98052.7
98049.1
98045.5
98041.9
98038.2
98034.5
98030.9
98027.3
98023.9
98020.5
98017.2
98014.1
98011.1
98008.4
98005.8
98003.4
98001.3
97999.4
97997.7
97996.3
97995.1
97994.2
97993.5
97993.1
97993
97993
97993.3
97993.9
97994.6
97995.5
97996.6
97997.8
97999.1
98000.4
98001.9
98003.3
98004.7
98006
98007.2
98008.4
98009.3
98010.1
98010.7
98011
98011.1
98010.8
98010.3
98009.4
98008.2
98006.6
98004.6
98002.3
97999.6
97996.6
97993.2
97989.5
97985.4
97981.1
97976.4
97971.5
97966.3
97960.9
97955.2
97949.3
97943.3
97937.1
97930.8
97924.3
97917.6
97910.8
97903.8
97896.6
97889.3
97881.8
97874.1
97866.2
97858.1
97849.8
97841.3
97832.5
97823.4
97814
97804.3
97794.4
97784
97773.4
97762.3
97750.9
97739
97726.7
97714
97700.8
97687.4
97673.7
97660.1
97646.5
97633.1
97620
97607.3
97595.2
97583.9
97573.5
97564.1
97555.9
97549.2
97543.7
97539.5
97536.4
97534.4
97533.2
97532.8
97533.3
97534
97534.9
97535
97534.5
97533.1
97530.8
97527.7
97523
97516.2
97506.9
97496.2
97484.3
97471.2
97457.1
97442.8
97428.5
97414.6
97400.8
97389.1
97378.3
97370.4
97363.7
97360.1
97356.3
97357.2
97357.1
97364.1
97367.7
97379.6
98050.5
98050
98050
98052.4
98055.7
98060.4
98064.5
98069
98073
98076.8
98080.1
98083.2
98085.9
98088.3
98090.3
98092
98093.4
98094.5
98095.3
98095.8
98096
98096
98095.7
98095.1
98094.3
98093.2
98091.9
98090.3
98088.5
98086.5
98084.3
98081.9
98079.2
98076.4
98073.5
98070.4
98067.1
98063.7
98060.3
98056.7
98053.1
98049.4
98045.7
98041.9
98038.2
98034.6
98031
98027.4
98024
98020.7
98017.6
98014.6
98011.8
98009.2
98006.9
98004.7
98002.8
98001.1
97999.7
97998.5
97997.6
97997
97996.6
97996.4
97996.5
97996.7
97997.2
97997.9
97998.8
97999.7
98000.8
98002
98003.3
98004.5
98005.8
98007
98008.1
98009.1
98009.9
98010.6
98011.1
98011.4
98011.4
98011.1
98010.5
98009.5
98008.2
98006.6
98004.6
98002.2
97999.4
97996.3
97992.8
97988.9
97984.7
97980.2
97975.3
97970.2
97964.8
97959.1
97953.1
97946.9
97940.5
97934
97927.2
97920.3
97913.2
97906
97898.6
97891.1
97883.4
97875.5
97867.5
97859.2
97850.8
97842.2
97833.4
97824.3
97815.1
97805.6
97795.8
97785.8
97775.5
97764.9
97754
97742.7
97731.1
97719.1
97706.5
97693.6
97680.3
97666.7
97653
97639.2
97625.4
97611.7
97598.3
97585.2
97572.6
97560.8
97549.7
97539.7
97530.8
97523.3
97517
97511.9
97507.8
97504.7
97502.3
97500.6
97499.5
97498.6
97497.6
97495.9
97493.4
97489.7
97485
97479.2
97471.7
97461.8
97449.3
97435.5
97420.2
97404
97386.8
97369.8
97353
97336.9
97321.1
97307.9
97295.8
97287.1
97279.9
97276.5
97273
97274.7
97275.8
97284.8
97290.4
97304.9
98031.9
98033.1
98033.8
98039.9
98046.5
98054.3
98060.7
98067.1
98072.2
98077
98081.1
98084.7
98087.8
98090.5
98092.8
98094.7
98096.3
98097.5
98098.5
98099.1
98099.4
98099.4
98099.2
98098.7
98097.9
98096.9
98095.6
98094
98092.2
98090.2
98088
98085.6
98083
98080.2
98077.2
98074
98070.8
98067.4
98063.9
98060.3
98056.6
98052.9
98049.2
98045.4
98041.7
98038
98034.4
98030.9
98027.5
98024.2
98021.1
98018.1
98015.3
98012.8
98010.4
98008.3
98006.4
98004.7
98003.3
98002.2
98001.3
98000.6
98000.2
98000.1
98000.1
98000.4
98000.9
98001.5
98002.3
98003.2
98004.2
98005.3
98006.4
98007.5
98008.6
98009.6
98010.5
98011.3
98011.9
98012.4
98012.6
98012.6
98012.3
98011.7
98010.7
98009.4
98007.8
98005.7
98003.3
98000.6
97997.4
97993.9
97990
97985.7
97981
97976.1
97970.8
97965.2
97959.4
97953.2
97946.9
97940.3
97933.5
97926.4
97919.3
97911.9
97904.3
97896.6
97888.8
97880.8
97872.6
97864.3
97855.9
97847.2
97838.4
97829.4
97820.1
97810.7
97801.1
97791.3
97781.2
97771
97760.5
97749.6
97738.6
97727.2
97715.5
97703.3
97690.6
97677.6
97664.3
97650.7
97636.9
97623
97609
97595.1
97581.3
97568
97555.1
97542.8
97531.2
97520.6
97511.2
97503.1
97496.1
97490.1
97485
97481
97477.5
97474.6
97472.1
97469.7
97467.1
97463.7
97459.3
97453.7
97446.7
97438.4
97428.2
97415.4
97400
97383.3
97365
97345.9
97326
97306.5
97287.2
97269.3
97251.6
97237.1
97223.9
97214.4
97206.8
97203.6
97200.4
97203.1
97205.1
97215.9
97223
97239.9
98003.5
98003
98009.5
98023
98035.9
98048.1
98057.3
98065.5
98071.8
98077.4
98082
98086.1
98089.5
98092.5
98094.9
98097
98098.7
98100
98101
98101.7
98102.1
98102.2
98102
98101.5
98100.8
98099.8
98098.5
98097
98095.2
98093.2
98091
98088.6
98086
98083.2
98080.3
98077.1
98073.9
98070.5
98067
98063.4
98059.8
98056.1
98052.3
98048.6
98044.9
98041.3
98037.7
98034.2
98030.8
98027.6
98024.5
98021.5
98018.8
98016.3
98013.9
98011.8
98010
98008.4
98007
98005.9
98005
98004.4
98004
98003.9
98003.9
98004.2
98004.6
98005.2
98006
98006.8
98007.7
98008.7
98009.7
98010.7
98011.6
98012.4
98013.2
98013.7
98014.1
98014.3
98014.3
98014
98013.4
98012.5
98011.2
98009.6
98007.6
98005.2
98002.5
97999.4
97995.8
97991.9
97987.6
97983
97978
97972.7
97967
97961.1
97954.8
97948.4
97941.7
97934.7
97927.6
97920.2
97912.7
97904.9
97897
97889
97880.8
97872.5
97863.9
97855.3
97846.5
97837.6
97828.5
97819.2
97809.6
97800
97790.2
97780.1
97769.9
97759.5
97748.9
97738
97726.8
97715.4
97703.6
97691.4
97678.7
97665.7
97652.4
97638.9
97625.1
97611.1
97597
97582.9
97568.9
97555.3
97542.1
97529.4
97517.5
97506.5
97496.8
97488.1
97480.5
97473.6
97467.7
97462.7
97458.3
97454.4
97450.6
97446.8
97442.7
97437.8
97431.8
97424.4
97415.4
97404.6
97391.9
97376.4
97358.5
97339.2
97318
97296.3
97274
97252.2
97230.7
97211.1
97192
97176.3
97162.3
97152.1
97144.1
97141.1
97138.4
97142.1
97145.1
97157.3
97165.8
97184.8
97942.3
97954.9
97970.2
98000.9
98024.2
98042.3
98054.3
98064.1
98071.4
98077.7
98082.8
98087.2
98090.8
98093.9
98096.5
98098.7
98100.5
98101.9
98102.9
98103.7
98104.1
98104.2
98104.1
98103.6
98102.9
98101.9
98100.7
98099.2
98097.5
98095.6
98093.4
98091
98088.4
98085.7
98082.8
98079.7
98076.4
98073.1
98069.6
98066.1
98062.5
98058.8
98055.2
98051.5
98047.9
98044.3
98040.7
98037.3
98033.9
98030.7
98027.7
98024.8
98022.2
98019.7
98017.4
98015.4
98013.6
98012
98010.7
98009.6
98008.8
98008.2
98007.8
98007.7
98007.8
98008
98008.4
98009
98009.7
98010.4
98011.3
98012.1
98013
98013.8
98014.6
98015.2
98015.8
98016.1
98016.3
98016.3
98016
98015.4
98014.5
98013.3
98011.8
98009.8
98007.5
98004.8
98001.8
97998.3
97994.5
97990.2
97985.6
97980.6
97975.3
97969.7
97963.7
97957.4
97950.9
97944.1
97937.1
97929.9
97922.5
97914.8
97907
97899.1
97890.9
97882.6
97874.2
97865.6
97856.9
97848
97839
97829.9
97820.6
97811.1
97801.5
97791.7
97781.7
97771.6
97761.3
97750.9
97740.3
97729.3
97718.2
97706.8
97695
97682.8
97670.2
97657.3
97644.1
97630.7
97616.9
97602.9
97588.8
97574.5
97560.4
97546.6
97533.1
97520.1
97507.8
97496.5
97486.5
97477.3
97469.1
97461.5
97454.8
97449
97443.8
97438.8
97433.8
97428.8
97423.4
97417.2
97409.6
97400.7
97389.7
97376.6
97361.5
97343.7
97323.7
97302
97278.4
97254.3
97230
97206.2
97182.9
97161.9
97141.7
97125.1
97110.3
97099.7
97091.4
97088.7
97086.6
97091.5
97095.5
97109.2
97118.8
97139.6
97868.4
97880.5
97925.5
97977.4
98014.4
98038.5
98052.7
98063.4
98071.3
98078
98083.4
98088
98091.8
98095
98097.7
98099.9
98101.7
98103.2
98104.3
98105
98105.5
98105.7
98105.5
98105.1
98104.5
98103.5
98102.3
98100.9
98099.2
98097.3
98095.2
98092.8
98090.3
98087.6
98084.7
98081.7
98078.5
98075.2
98071.9
98068.4
98064.8
98061.3
98057.7
98054.1
98050.5
98047
98043.5
98040.1
98036.9
98033.8
98030.8
98028
98025.4
98023
98020.8
98018.8
98017.1
98015.6
98014.3
98013.3
98012.5
98011.9
98011.6
98011.5
98011.5
98011.8
98012.2
98012.7
98013.3
98014
98014.7
98015.5
98016.2
98016.9
98017.5
98018
98018.3
98018.4
98018.4
98018.1
98017.5
98016.7
98015.6
98014.1
98012.3
98010
98007.4
98004.4
98001
97997.3
97993.1
97988.6
97983.7
97978.4
97972.8
97966.9
97960.6
97954.1
97947.3
97940.3
97933
97925.6
97917.9
97910.1
97902.1
97894
97885.7
97877.3
97868.7
97860
97851.1
97842.1
97833
97823.8
97814.5
97804.9
97795.2
97785.4
97775.5
97765.4
97755.2
97744.8
97734.2
97723.4
97712.4
97701
97689.3
97677.2
97664.8
97652.1
97639
97625.6
97611.9
97597.9
97583.7
97569.4
97555.2
97541.2
97527.5
97514.2
97501.6
97490.2
97479.8
97470.1
97461.3
97453
97445.6
97439
97433
97427.1
97421
97414.8
97408.2
97400.7
97391.9
97381.4
97368.7
97353.6
97336.3
97316.4
97294.5
97270.8
97245.2
97219.1
97193.1
97167.7
97143.1
97120.9
97100.1
97082.9
97067.6
97056.9
97048.6
97046.4
97045.1
97051.2
97056.4
97071.6
97082.3
97104.7
97759.3
97820.9
97900.3
97964.7
98008.2
98035.6
98051.7
98062.9
98071.1
98078.1
98083.7
98088.5
98092.4
98095.6
98098.4
98100.6
98102.5
98104
98105.1
98105.9
98106.4
98106.5
98106.4
98106.1
98105.4
98104.5
98103.4
98102
98100.3
98098.5
98096.4
98094.2
98091.7
98089.1
98086.3
98083.3
98080.2
98077
98073.7
98070.3
98066.9
98063.4
98059.9
98056.3
98052.9
98049.4
98046.1
98042.8
98039.6
98036.6
98033.7
98031
98028.5
98026.2
98024.1
98022.2
98020.5
98019.1
98017.9
98016.9
98016.1
98015.6
98015.3
98015.2
98015.2
98015.5
98015.8
98016.3
98016.8
98017.4
98018.1
98018.7
98019.3
98019.8
98020.3
98020.6
98020.7
98020.6
98020.3
98019.8
98019
98017.9
98016.5
98014.7
98012.6
98010.1
98007.2
98003.9
98000.2
97996.2
97991.7
97986.9
97981.7
97976.2
97970.3
97964.1
97957.7
97950.9
97943.9
97936.7
97929.2
97921.6
97913.8
97905.9
97897.8
97889.5
97881.2
97872.7
97864.1
97855.3
97846.5
97837.5
97828.4
97819.2
97809.8
97800.4
97790.8
97781.1
97771.2
97761.2
97751.1
97740.9
97730.5
97719.9
97709
97697.8
97686.2
97674.4
97662.2
97649.6
97636.7
97623.4
97609.7
97595.7
97581.6
97567.2
97553
97538.8
97524.8
97511.3
97498.6
97486.8
97476
97465.9
97456.5
97447.6
97439.5
97432.2
97425.4
97418.6
97411.4
97404.1
97396.4
97387.8
97377.7
97365.9
97351.6
97334.7
97315.5
97294
97270.4
97245
97217.8
97190.1
97162.7
97136.2
97110.6
97087.8
97066.6
97049.3
97033.8
97023.3
97015.4
97013.9
97013.7
97021.2
97027.6
97044.4
97056.3
97080.1
97624.5
97806.3
97912.8
97973.9
98009.6
98034.7
98051.6
98062.9
98071.2
98078.2
98084
98088.7
98092.7
98096
98098.7
98101
98102.8
98104.3
98105.4
98106.3
98106.7
98107
98106.9
98106.5
98105.9
98105.1
98104
98102.6
98101.1
98099.3
98097.3
98095.1
98092.7
98090.1
98087.4
98084.5
98081.5
98078.4
98075.2
98071.9
98068.6
98065.2
98061.8
98058.4
98055
98051.7
98048.4
98045.2
98042.2
98039.3
98036.5
98033.9
98031.5
98029.2
98027.2
98025.4
98023.8
98022.5
98021.3
98020.4
98019.7
98019.2
98018.9
98018.8
98018.8
98019
98019.4
98019.8
98020.2
98020.7
98021.3
98021.8
98022.2
98022.6
98022.9
98023
98022.9
98022.6
98022.1
98021.3
98020.3
98018.9
98017.2
98015.2
98012.8
98010
98006.8
98003.2
97999.3
97994.9
97990.2
97985.1
97979.7
97973.9
97967.8
97961.4
97954.7
97947.8
97940.6
97933.2
97925.6
97917.9
97910
97902
97893.8
97885.6
97877.2
97868.8
97860.2
97851.5
97842.7
97833.8
97824.8
97815.8
97806.5
97797.2
97787.8
97778.2
97768.6
97758.8
97748.9
97739
97728.8
97718.5
97707.8
97696.8
97685.5
97673.9
97661.9
97649.6
97636.8
97623.6
97609.9
97596
97581.9
97567.6
97553.3
97539
97524.8
97511.1
97498.2
97486.2
97475
97464.4
97454.4
97445
97436.3
97428.2
97420.5
97412.8
97404.7
97396.3
97387.4
97377.8
97366.5
97353.4
97337.7
97319.4
97298.7
97275.8
97250.8
97224.1
97195.7
97166.9
97138.5
97111.2
97085
97062
97040.8
97023.6
97008.6
96998.7
96991.7
96991.2
96992.2
97001.2
97009.1
97027.6
97040.8
97066.2
97509.5
97822.7
97939.5
97986
98011.8
98033.6
98051
98062.7
98071.1
98078.1
98083.9
98088.7
98092.6
98095.9
98098.7
98100.9
98102.8
98104.3
98105.4
98106.2
98106.7
98107
98106.9
98106.6
98106
98105.2
98104.2
98102.9
98101.4
98099.7
98097.8
98095.6
98093.3
98090.9
98088.2
98085.5
98082.6
98079.6
98076.5
98073.3
98070
98066.8
98063.5
98060.2
98056.9
98053.7
98050.6
98047.5
98044.6
98041.8
98039.1
98036.6
98034.3
98032.2
98030.3
98028.5
98027
98025.7
98024.7
98023.8
98023.1
98022.7
98022.4
98022.3
98022.3
98022.5
98022.8
98023.1
98023.5
98023.9
98024.3
98024.7
98025
98025.2
98025.3
98025.2
98025
98024.5
98023.7
98022.7
98021.4
98019.7
98017.8
98015.4
98012.8
98009.7
98006.2
98002.4
97998.2
97993.5
97988.5
97983.2
97977.5
97971.5
97965.2
97958.6
97951.7
97944.6
97937.3
97929.8
97922.2
97914.4
97906.4
97898.3
97890.2
97882
97873.7
97865.3
97856.9
97848.3
97839.7
97831
97822.2
97813.3
97804.3
97795.2
97786.1
97776.8
97767.5
97758
97748.5
97738.8
97728.9
97719
97708.6
97697.9
97686.9
97675.6
97663.9
97651.8
97639.2
97626.1
97612.5
97598.7
97584.7
97570.4
97556.1
97541.7
97527.4
97513.7
97500.6
97488.3
97476.6
97465.5
97455
97445.1
97435.8
97427
97418.5
97409.8
97400.8
97391.4
97381.4
97370.7
97358.4
97344
97327.1
97307.7
97285.8
97261.9
97235.8
97208.2
97178.8
97149.3
97120.4
97092.7
97066.3
97043.3
97022.7
97006.1
96991.9
96983.2
96977.3
96978.2
96980.8
96991.5
97001.1
97021.4
97036.1
97063.2
97680.2
97879.6
97958.5
97995.6
98014.1
98033.9
98051.2
98063
98071.3
98078.1
98083.7
98088.5
98092.4
98095.7
98098.4
98100.6
98102.5
98103.9
98105.1
98105.9
98106.4
98106.7
98106.6
98106.4
98105.8
98105.1
98104.1
98102.9
98101.4
98099.8
98097.9
98095.9
98093.7
98091.3
98088.8
98086.1
98083.3
98080.4
98077.4
98074.4
98071.2
98068.1
98064.9
98061.8
98058.6
98055.5
98052.5
98049.6
98046.7
98044.1
98041.5
98039.1
98036.9
98034.9
98033.1
98031.4
98030
98028.8
98027.8
98027
98026.4
98025.9
98025.7
98025.6
98025.6
98025.7
98025.9
98026.2
98026.5
98026.9
98027.2
98027.4
98027.6
98027.6
98027.5
98027.3
98026.8
98026.1
98025.1
98023.8
98022.3
98020.4
98018.1
98015.5
98012.6
98009.3
98005.5
98001.4
97996.9
97992
97986.8
97981.2
97975.3
97969.1
97962.6
97955.8
97948.8
97941.6
97934.2
97926.6
97918.9
97911
97903.1
97895.1
97887
97878.8
97870.7
97862.4
97854.1
97845.8
97837.4
97829
97820.5
97811.9
97803.1
97794.4
97785.7
97776.7
97767.7
97758.7
97749.5
97740.2
97730.8
97721.2
97711.3
97701
97690.3
97679.3
97668
97656.1
97643.8
97630.8
97617.3
97603.6
97589.7
97575.5
97561.2
97546.8
97532.5
97518.7
97505.4
97492.9
97480.7
97469.2
97458.2
97447.8
97438.1
97428.5
97419.2
97409.7
97399.7
97389.4
97378.3
97366.6
97353.2
97337.8
97320
97299.6
97276.8
97252.2
97225.4
97197.2
97167.4
97137.6
97108.4
97080.8
97054.6
97032
97012.2
96996.7
96983.9
96976.7
96972.4
96975
96979.4
96992.1
97003.6
97025.9
97042.2
97071.1
97832.6
97924.8
97954.6
98001
98017.8
98034.9
98051
98062.9
98071.2
98077.8
98083.4
98088.1
98092
98095.2
98097.9
98100.1
98101.9
98103.4
98104.5
98105.4
98105.9
98106.2
98106.2
98105.9
98105.4
98104.7
98103.8
98102.6
98101.3
98099.7
98097.9
98096
98093.9
98091.6
98089.2
98086.6
98083.9
98081.1
98078.3
98075.3
98072.3
98069.3
98066.2
98063.2
98060.2
98057.2
98054.3
98051.5
98048.8
98046.3
98043.8
98041.6
98039.5
98037.6
98035.8
98034.3
98033
98031.8
98030.9
98030.1
98029.6
98029.1
98028.9
98028.8
98028.8
98028.9
98029.1
98029.3
98029.5
98029.7
98029.9
98030
98030.1
98029.9
98029.7
98029.2
98028.5
98027.6
98026.4
98024.9
98023
98020.9
98018.4
98015.5
98012.3
98008.7
98004.7
98000.3
97995.6
97990.5
97985
97979.2
97973
97966.6
97960
97953
97945.9
97938.6
97931.1
97923.5
97915.7
97907.9
97900
97892.1
97884.1
97876.1
97868
97860
97851.9
97843.9
97835.8
97827.7
97819.5
97811.2
97802.9
97794.6
97786.3
97777.8
97769.3
97760.7
97752
97743.2
97734.2
97725.1
97715.6
97705.7
97695.5
97684.9
97673.9
97662.3
97650.2
97637.4
97624.1
97610.6
97596.7
97582.7
97568.4
97554
97539.7
97525.8
97512.4
97499.6
97486.9
97474.9
97463.5
97452.6
97442.3
97432.1
97421.9
97411.6
97400.8
97389.6
97377.5
97364.7
97350.4
97334.1
97315.4
97294.4
97271
97245.9
97218.8
97190.3
97160.4
97130.8
97101.8
97074.6
97049.1
97027.4
97008.8
96994.8
96983.8
96978.6
96976.3
96981.1
96987.6
97002.6
97016.4
97040.7
97058.9
97089.6
97902.2
97932.1
97955.6
98004.6
98022.3
98038.1
98052.4
98063.3
98071.3
98077.7
98083.1
98087.6
98091.4
98094.5
98097.2
98099.4
98101.1
98102.6
98103.7
98104.5
98105.1
98105.4
98105.4
98105.2
98104.8
98104.1
98103.2
98102.2
98100.9
98099.4
98097.7
98095.9
98093.9
98091.7
98089.4
98087
98084.4
98081.8
98079
98076.2
98073.4
98070.5
98067.6
98064.7
98061.8
98059
98056.3
98053.6
98051.1
98048.7
98046.4
98044.2
98042.3
98040.5
98038.9
98037.4
98036.2
98035.1
98034.2
98033.5
98033
98032.6
98032.4
98032.3
98032.2
98032.3
98032.4
98032.5
98032.7
98032.8
98032.8
98032.8
98032.6
98032.3
98031.9
98031.2
98030.3
98029.1
98027.6
98025.9
98023.8
98021.3
98018.5
98015.4
98011.9
98008
98003.7
97999.1
97994
97988.6
97982.9
97976.9
97970.6
97964
97957.1
97950.1
97942.8
97935.4
97927.9
97920.2
97912.5
97904.8
97897
97889.2
97881.3
97873.5
97865.8
97858
97850.2
97842.5
97834.8
97827.1
97819.3
97811.5
97803.8
97796
97788.2
97780.2
97772.3
97764.3
97756.2
97747.9
97739.5
97730.9
97721.9
97712.5
97702.8
97692.6
97682
97670.7
97658.9
97646.3
97633.3
97620
97606.3
97592.2
97578
97563.7
97549.5
97535.5
97521.9
97508.8
97495.7
97483.3
97471.3
97459.9
97449
97438
97427.1
97415.9
97404.4
97392.2
97379.2
97365.5
97350.3
97333.1
97313.9
97292.4
97268.5
97243.2
97216.1
97187.7
97158.1
97129.1
97100.7
97074.4
97050
97029.7
97012.7
97000.7
96992
96989.2
96989.4
96996.7
97005.7
97023.3
97039.4
97065.8
97086.1
97118.7
97922.7
97938.6
97988.9
98015.1
98028.5
98042.3
98054.2
98063.8
98071.1
98077.2
98082.4
98086.7
98090.3
98093.4
98096
98098.1
98099.9
98101.3
98102.4
98103.3
98103.9
98104.2
98104.3
98104.1
98103.8
98103.2
98102.4
98101.4
98100.2
98098.8
98097.3
98095.6
98093.7
98091.7
98089.5
98087.2
98084.8
98082.3
98079.7
98077.1
98074.4
98071.7
98069
98066.3
98063.6
98061
98058.4
98055.9
98053.5
98051.3
98049.1
98047.2
98045.3
98043.7
98042.2
98040.8
98039.7
98038.7
98037.9
98037.3
98036.8
98036.4
98036.2
98036
98036
98036
98036
98036
98036
98036
98035.9
98035.7
98035.4
98034.8
98034.1
98033.2
98032
98030.6
98028.9
98026.8
98024.4
98021.7
98018.6
98015.1
98011.2
98007
98002.4
97997.5
97992.2
97986.5
97980.6
97974.3
97967.8
97961
97954
97946.8
97939.5
97932
97924.5
97916.9
97909.2
97901.6
97893.9
97886.3
97878.8
97871.2
97863.8
97856.3
97849
97841.7
97834.4
97827.2
97820
97812.8
97805.6
97798.5
97791.3
97784.1
97776.8
97769.5
97762
97754.5
97746.7
97738.7
97730.3
97721.5
97712.4
97702.7
97692.5
97681.6
97670
97657.8
97645.2
97632.1
97618.5
97604.6
97590.4
97576.3
97562.1
97548
97534.4
97520.9
97507.5
97494.5
97482.1
97470.2
97458.6
97446.9
97435.1
97423.1
97410.9
97397.9
97384.1
97369.4
97353.4
97335.7
97316
97294.1
97270
97244.8
97218
97190
97161.2
97133.1
97105.6
97080.6
97057.9
97039.4
97024.4
97014.9
97008.6
97008.6
97011.7
97021.9
97033.8
97054
97072.6
97101.2
97123.9
97158.2
97949.1
97930.8
97980.9
98004.9
98028.4
98043.3
98054.7
98063.6
98070.4
98076.2
98081.1
98085.3
98088.8
98091.8
98094.3
98096.4
98098.2
98099.6
98100.7
98101.6
98102.2
98102.6
98102.7
98102.7
98102.4
98101.9
98101.2
98100.3
98099.2
98098
98096.6
98095
98093.3
98091.4
98089.4
98087.3
98085.1
98082.8
98080.4
98077.9
98075.5
98073
98070.4
98067.9
98065.5
98063
98060.6
98058.4
98056.2
98054.1
98052.1
98050.3
98048.6
98047.1
98045.8
98044.6
98043.5
98042.6
98041.9
98041.3
98040.8
98040.5
98040.2
98040.1
98040
98039.9
98039.8
98039.8
98039.6
98039.4
98039.2
98038.8
98038.2
98037.4
98036.5
98035.3
98033.8
98032.1
98030
98027.7
98024.9
98021.9
98018.4
98014.6
98010.4
98005.9
98001
97995.7
97990.1
97984.2
97978
97971.5
97964.7
97957.8
97950.7
97943.4
97936
97928.5
97920.9
97913.4
97905.9
97898.4
97891
97883.6
97876.4
97869.2
97862.1
97855.1
97848.3
97841.5
97834.8
97828.2
97821.6
97815.1
97808.7
97802.3
97795.9
97789.4
97783
97776.4
97769.8
97763
97756
97748.7
97741
97732.9
97724.3
97715.2
97705.4
97695
97683.8
97672
97659.7
97647
97633.6
97619.8
97605.8
97591.8
97577.6
97563.6
97549.8
97535.9
97522.2
97508.8
97495.9
97483.5
97471.1
97458.8
97446.2
97433.5
97420.5
97406.9
97392.2
97376.7
97360.1
97342
97321.9
97299.8
97275.9
97251
97224.7
97197.5
97169.9
97143.1
97117.1
97093.8
97073.2
97057
97044.5
97037.8
97034.3
97037.4
97043.6
97057.1
97072
97095
97116.2
97147.1
97172.1
97208.1
97984.1
97952.7
97995.8
98016.2
98038.1
98049.8
98058.2
98065
98070.6
98075.4
98079.8
98083.7
98086.9
98089.7
98092.1
98094.1
98095.9
98097.3
98098.4
98099.3
98100
98100.4
98100.7
98100.7
98100.5
98100.1
98099.5
98098.8
98097.9
98096.8
98095.5
98094.1
98092.6
98090.9
98089.1
98087.2
98085.2
98083.1
98081
98078.7
98076.5
98074.2
98071.9
98069.7
98067.4
98065.2
98063.1
98061
98059
98057.2
98055.4
98053.8
98052.3
98050.9
98049.7
98048.6
98047.7
98046.9
98046.2
98045.7
98045.3
98044.9
98044.7
98044.4
98044.3
98044.1
98043.9
98043.7
98043.5
98043.1
98042.6
98042
98041.2
98040.2
98038.9
98037.4
98035.6
98033.6
98031.2
98028.5
98025.4
98021.9
98018.1
98013.9
98009.4
98004.5
97999.2
97993.7
97987.8
97981.6
97975.1
97968.4
97961.4
97954.3
97947.1
97939.7
97932.2
97924.8
97917.3
97909.9
97902.5
97895.3
97888.1
97881.1
97874.3
97867.5
97860.9
97854.5
97848.2
97842.1
97836.1
97830.2
97824.4
97818.7
97813.1
97807.6
97802.1
97796.5
97791
97785.3
97779.6
97773.7
97767.6
97761
97754.1
97746.7
97738.8
97730.3
97721.1
97711.1
97700.5
97689.2
97677.3
97664.9
97651.7
97638.1
97624.3
97610.4
97596.3
97582.4
97568.4
97554.3
97540.3
97526.5
97513.2
97500.2
97487.2
97474.2
97460.9
97447.5
97433.9
97419.6
97404.2
97388.1
97371
97352.6
97332.4
97310.4
97286.9
97262.6
97237.1
97211
97185
97160
97135.9
97114.9
97096.8
97083.4
97073.7
97070.1
97069.9
97076.4
97085.8
97102.7
97120.8
97146.6
97170.5
97203.7
97231.1
97268.4
98043.8
98012.3
98022
98031.5
98046
98054.2
98059.9
98064.8
98069.4
98073.6
98077.5
98081
98084
98086.6
98088.9
98090.9
98092.7
98094.1
98095.3
98096.3
98097.1
98097.6
98097.9
98098.1
98098
98097.8
98097.4
98096.8
98096.1
98095.2
98094.1
98092.9
98091.6
98090.1
98088.6
98086.9
98085.2
98083.4
98081.5
98079.5
98077.5
98075.5
98073.5
98071.5
98069.6
98067.6
98065.7
98063.9
98062.2
98060.6
98059
98057.6
98056.3
98055.1
98054
98053.1
98052.3
98051.6
98051
98050.5
98050.1
98049.7
98049.4
98049.2
98048.9
98048.7
98048.4
98048
98047.6
98047
98046.3
98045.4
98044.3
98043
98041.5
98039.6
98037.5
98035.1
98032.3
98029.2
98025.7
98021.9
98017.7
98013.2
98008.2
98002.9
97997.3
97991.4
97985.2
97978.7
97972
97965
97957.9
97950.7
97943.3
97935.9
97928.4
97921
97913.7
97906.4
97899.3
97892.3
97885.5
97879
97872.6
97866.4
97860.4
97854.6
97849
97843.6
97838.4
97833.4
97828.5
97823.8
97819.2
97814.6
97810.1
97805.6
97801.1
97796.5
97791.8
97786.9
97781.7
97776.1
97770
97763.4
97756.2
97748.4
97739.8
97730.5
97720.5
97709.7
97698.3
97686.2
97673.4
97660.1
97646.5
97632.8
97618.8
97604.9
97590.9
97576.6
97562.4
97548.3
97534.6
97521
97507.4
97493.7
97479.7
97465.8
97451.5
97436.6
97420.7
97404
97386.5
97368
97347.9
97326.2
97303.3
97279.7
97255.3
97230.7
97206.7
97183.8
97162.2
97143.8
97128.6
97118.4
97112
97111.7
97115
97125.2
97138.1
97158.4
97179.8
97208.6
97235.2
97270.7
97300.3
97338.9
98074.2
98051.4
98044.1
98044.4
98052.4
98057.9
98061.4
98064.8
98068.5
98072
98075.4
98078.4
98081.1
98083.5
98085.7
98087.6
98089.3
98090.8
98092
98093.1
98093.9
98094.5
98094.9
98095.2
98095.3
98095.2
98095
98094.6
98094
98093.3
98092.5
98091.5
98090.4
98089.2
98087.9
98086.5
98085
98083.5
98081.8
98080.2
98078.5
98076.7
98075
98073.3
98071.6
98069.9
98068.3
98066.7
98065.2
98063.8
98062.5
98061.3
98060.2
98059.2
98058.3
98057.5
98056.8
98056.2
98055.6
98055.2
98054.8
98054.4
98054.1
98053.8
98053.5
98053.1
98052.7
98052.2
98051.6
98050.8
98049.8
98048.7
98047.4
98045.8
98043.9
98041.8
98039.3
98036.5
98033.4
98029.9
98026.1
98021.9
98017.3
98012.4
98007.1
98001.5
97995.5
97989.3
97982.8
97976
97969
97961.9
97954.6
97947.2
97939.8
97932.4
97925
97917.7
97910.5
97903.4
97896.6
97890
97883.6
97877.5
97871.6
97866
97860.7
97855.6
97850.8
97846.2
97841.9
97837.8
97833.9
97830.3
97826.8
97823.3
97819.9
97816.6
97813.2
97809.8
97806.3
97802.4
97798.3
97793.6
97788.5
97782.7
97776.4
97769.5
97761.7
97753.2
97743.9
97733.7
97722.9
97711.2
97698.9
97686
97672.8
97659.3
97645.6
97631.8
97617.8
97603.5
97589.1
97574.8
97560.8
97546.8
97532.6
97518.3
97503.8
97489.4
97474.5
97459.1
97442.7
97425.7
97408.1
97389.6
97369.7
97348.6
97326.6
97303.9
97280.9
97258.3
97236.5
97216.4
97197.8
97182.6
97170.9
97164.5
97161.8
97165.4
97172.7
97187.1
97204
97228.2
97253.3
97285.2
97315
97352.9
97384.9
97424.7
98080.1
98069.2
98058.4
98053.5
98056.1
98059.3
98061.7
98064.1
98067
98070
98072.8
98075.5
98077.9
98080.2
98082.2
98084.1
98085.7
98087.2
98088.5
98089.6
98090.5
98091.2
98091.8
98092.2
98092.4
98092.5
98092.5
98092.3
98091.9
98091.4
98090.8
98090.1
98089.2
98088.2
98087.2
98086
98084.8
98083.5
98082.1
98080.7
98079.3
98077.9
98076.4
98075
98073.5
98072.1
98070.8
98069.5
98068.2
98067.1
98066
98065
98064
98063.2
98062.4
98061.8
98061.2
98060.7
98060.2
98059.8
98059.4
98059.1
98058.8
98058.4
98058
98057.5
98057
98056.3
98055.5
98054.6
98053.4
98052
98050.4
98048.6
98046.4
98044
98041.2
98038.1
98034.6
98030.8
98026.6
98022
98017.1
98011.8
98006.2
98000.3
97994
97987.5
97980.7
97973.7
97966.5
97959.1
97951.7
97944.2
97936.8
97929.3
97922
97914.9
97907.9
97901.1
97894.6
97888.4
97882.4
97876.8
97871.5
97866.6
97862
97857.7
97853.8
97850.1
97846.8
97843.7
97840.9
97838.4
97836
97833.8
97831.6
97829.6
97827.5
97825.3
97823
97820.4
97817.3
97813.8
97809.7
97805
97799.7
97793.7
97786.9
97779.3
97770.8
97761.5
97751.3
97740.2
97728.6
97716.4
97703.7
97690.6
97677.3
97663.7
97649.8
97635.6
97621.3
97607
97592.8
97578.5
97563.9
97549.2
97534.5
97519.7
97504.5
97488.8
97472.2
97455.2
97437.7
97419.4
97400.1
97379.9
97359.1
97337.8
97316.6
97296.4
97277.4
97260.5
97245.5
97234.3
97226.7
97224.5
97226.3
97234.3
97246.2
97265.2
97286.5
97314.7
97343.8
97379.2
97412.4
97452.8
97487.1
97528.1
98074
98069.9
98063.7
98058.7
98058
98059.2
98060.8
98062.6
98064.8
98067.2
98069.5
98071.8
98074
98076
98077.9
98079.7
98081.4
98082.8
98084.2
98085.3
98086.4
98087.2
98087.9
98088.5
98088.9
98089.2
98089.4
98089.4
98089.3
98089.1
98088.7
98088.2
98087.7
98087
98086.2
98085.4
98084.5
98083.5
98082.4
98081.4
98080.3
98079.1
98078
98076.9
98075.8
98074.7
98073.6
98072.6
98071.6
98070.7
98069.9
98069.1
98068.4
98067.7
98067.2
98066.6
98066.2
98065.8
98065.4
98065
98064.7
98064.3
98063.9
98063.5
98063
98062.5
98061.8
98060.9
98060
98058.8
98057.4
98055.8
98053.9
98051.7
98049.3
98046.5
98043.4
98039.9
98036.1
98031.9
98027.3
98022.4
98017.1
98011.5
98005.6
97999.3
97992.7
97985.9
97978.8
97971.6
97964.2
97956.7
97949.2
97941.7
97934.2
97926.9
97919.7
97912.7
97906
97899.5
97893.4
97887.7
97882.3
97877.3
97872.7
97868.5
97864.8
97861.4
97858.5
97855.9
97853.6
97851.7
97850.1
97848.8
97847.8
97846.9
97846.1
97845.4
97844.7
97844
97843
97841.7
97839.9
97837.6
97834.8
97831.3
97827.2
97822.3
97816.6
97810
97802.4
97794
97784.7
97774.4
97763.6
97752.2
97740.2
97727.7
97714.8
97701.7
97688.1
97674.1
97659.9
97645.8
97631.4
97616.9
97602.3
97587.4
97572.6
97557.5
97542.2
97526.3
97509.9
97493.1
97475.7
97457.9
97439.5
97420.5
97401.1
97381.6
97362.6
97345
97329.1
97315.5
97304.5
97297.6
97294.4
97296.7
97303.2
97315.9
97332.5
97355.9
97381.7
97413.9
97446.8
97485.8
97522.2
97564.7
97600.7
97642.3
98066.9
98064.8
98062.2
98059
98057.3
98057.4
98058.3
98059.6
98061.2
98063
98064.9
98066.8
98068.7
98070.6
98072.4
98074.2
98075.8
98077.3
98078.7
98080
98081.2
98082.2
98083.1
98083.9
98084.6
98085.1
98085.6
98085.9
98086.1
98086.1
98086.1
98086
98085.7
98085.4
98085
98084.5
98084
98083.4
98082.7
98082
98081.3
98080.6
98079.8
98079.1
98078.3
98077.6
98076.9
98076.2
98075.5
98074.9
98074.3
98073.8
98073.3
98072.9
98072.5
98072.1
98071.8
98071.5
98071.2
98070.9
98070.5
98070.2
98069.8
98069.3
98068.7
98068
98067.1
98066.1
98065
98063.6
98061.9
98060
98057.9
98055.4
98052.6
98049.5
98046
98042.2
98038
98033.5
98028.6
98023.3
98017.7
98011.7
98005.4
97998.8
97992
97984.9
97977.6
97970.2
97962.6
97955
97947.4
97939.9
97932.5
97925.3
97918.3
97911.6
97905.2
97899.2
97893.6
97888.4
97883.7
97879.4
97875.6
97872.3
97869.5
97867.2
97865.3
97863.9
97862.9
97862.3
97862.1
97862.2
97862.5
97863.1
97863.8
97864.7
97865.5
97866.3
97866.8
97866.9
97866.6
97865.7
97864.3
97862.3
97859.5
97856
97851.5
97846
97839.5
97832.2
97823.9
97814.7
97804.9
97794.4
97783.2
97771.6
97759.4
97746.9
97733.7
97720.1
97706.3
97692.5
97678.2
97663.7
97649.2
97634.4
97619.6
97604.5
97589.2
97573.5
97557.5
97541.1
97524
97506.9
97489.5
97471.9
97454.2
97436.9
97420.2
97405.6
97393
97383
97376.2
97373.8
97375.3
97382.2
97393.5
97410.9
97432.4
97460.2
97490.4
97526.3
97562.8
97604.9
97644.3
97688
97725.3
97766.8
98059.5
98057.7
98056.2
98054.6
98053.2
98052.9
98053.4
98054.3
98055.6
98057
98058.6
98060.4
98062.1
98063.9
98065.7
98067.4
98069.1
98070.7
98072.3
98073.7
98075.1
98076.3
98077.5
98078.6
98079.5
98080.4
98081.1
98081.7
98082.3
98082.7
98083.1
98083.3
98083.5
98083.6
98083.6
98083.6
98083.4
98083.3
98083.1
98082.8
98082.5
98082.2
98081.9
98081.5
98081.2
98080.9
98080.5
98080.2
98079.9
98079.6
98079.4
98079.1
98078.9
98078.7
98078.5
98078.3
98078.1
98077.9
98077.7
98077.5
98077.2
98076.8
98076.3
98075.8
98075.1
98074.3
98073.3
98072.1
98070.7
98069
98067.1
98065
98062.5
98059.8
98056.7
98053.2
98049.4
98045.3
98040.7
98035.8
98030.6
98024.9
98019
98012.7
98006.1
97999.2
97992.1
97984.8
97977.4
97969.8
97962.2
97954.5
97946.9
97939.5
97932.2
97925.2
97918.5
97912.2
97906.2
97900.7
97895.7
97891.2
97887.2
97883.7
97880.8
97878.6
97876.9
97875.7
97875
97874.9
97875.3
97876.1
97877.3
97879
97880.9
97883.1
97885.4
97887.9
97890.5
97892.9
97895
97896.8
97898.1
97898.9
97899.1
97898.7
97897.5
97895.5
97892.4
97888.3
97883.2
97877.1
97870.2
97862.3
97853.7
97844.3
97834.2
97823.6
97812.4
97800.7
97788.2
97775.2
97762
97748.6
97734.8
97720.7
97706.5
97692.1
97677.4
97662.5
97647.5
97632.2
97616.9
97601.1
97584.8
97568.6
97552.4
97536.4
97520.7
97505.8
97492
97480.5
97471.3
97465
97462.6
97464.7
97470.9
97482.6
97498.6
97520.6
97546.9
97578.9
97613
97652.4
97691.9
97736.7
97778.2
97822.6
97860.5
97901.1
98050.4
98048.7
98047.6
98046.9
98046.3
98046
98046.3
98047.1
98048.1
98049.4
98050.9
98052.5
98054.2
98055.9
98057.7
98059.5
98061.2
98063
98064.6
98066.3
98067.9
98069.4
98070.8
98072.2
98073.5
98074.7
98075.8
98076.9
98077.8
98078.7
98079.5
98080.2
98080.9
98081.5
98082
98082.4
98082.8
98083.1
98083.4
98083.7
98083.9
98084.1
98084.3
98084.4
98084.5
98084.6
98084.7
98084.8
98084.9
98085
98085.1
98085.2
98085.3
98085.3
98085.3
98085.4
98085.3
98085.3
98085.1
98084.9
98084.7
98084.3
98083.8
98083.2
98082.4
98081.4
98080.3
98078.9
98077.3
98075.4
98073.3
98070.9
98068.2
98065.1
98061.7
98058
98053.9
98049.4
98044.6
98039.4
98033.8
98027.9
98021.7
98015.1
98008.3
98001.2
97993.9
97986.5
97978.9
97971.3
97963.6
97956
97948.6
97941.3
97934.2
97927.5
97921.2
97915.3
97909.9
97905
97900.7
97896.9
97893.8
97891.3
97889.5
97888.3
97887.8
97887.8
97888.5
97889.8
97891.7
97894
97896.9
97900.2
97903.8
97907.7
97911.9
97916.2
97920.5
97924.7
97928.7
97932.3
97935.5
97938.1
97940.2
97941.6
97942.3
97942
97940.6
97938.1
97934.5
97930.1
97924.7
97918.5
97911.4
97903.5
97894.8
97885.5
97875.4
97864.8
97853.3
97841.3
97829
97816.3
97803.2
97789.9
97776.3
97762.5
97748.3
97733.8
97719.4
97704.8
97690.3
97675.5
97660.3
97645.5
97630.7
97616.5
97603.1
97590.7
97579.9
97571.7
97566.1
97563.7
97565.4
97571.9
97582.6
97598.8
97619.3
97645.8
97676.2
97712
97749.5
97791.7
97833.8
97880.3
97923
97967.3
98005.3
98044.3
98039
98037.7
98036.9
98036.6
98036.5
98036.6
98037
98037.8
98038.8
98040.1
98041.5
98043.1
98044.8
98046.6
98048.4
98050.3
98052.3
98054.2
98056.1
98058
98059.9
98061.7
98063.5
98065.3
98067
98068.6
98070.1
98071.6
98073.1
98074.5
98075.8
98077
98078.2
98079.3
98080.4
98081.4
98082.3
98083.2
98084.1
98084.9
98085.7
98086.4
98087.1
98087.8
98088.4
98089
98089.6
98090.2
98090.7
98091.2
98091.7
98092.1
98092.5
98092.8
98093.1
98093.3
98093.5
98093.6
98093.5
98093.4
98093.2
98092.8
98092.3
98091.6
98090.8
98089.7
98088.4
98086.9
98085.1
98083.1
98080.8
98078.1
98075.2
98071.9
98068.3
98064.3
98059.9
98055.3
98050.2
98044.8
98039
98032.9
98026.5
98019.8
98012.8
98005.6
97998.3
97990.8
97983.2
97975.6
97968.1
97960.7
97953.4
97946.4
97939.8
97933.5
97927.7
97922.3
97917.6
97913.4
97909.8
97907
97904.8
97903.4
97902.7
97902.7
97903.4
97904.9
97907
97909.8
97913.3
97917.3
97921.9
97927
97932.4
97938.2
97944.3
97950.5
97956.8
97963
97969.1
97974.8
97980
97984.8
97989
97992.5
97995.2
97996.8
97997.4
97996.9
97995.2
97992.7
97989.2
97984.9
97979.7
97973.6
97966.6
97959
97950.4
97941.2
97931.2
97920.6
97909.5
97897.9
97886
97873.7
97861
97848.2
97834.8
97821.2
97807.6
97794
97780.6
97767
97753.3
97740
97726.9
97714.7
97703.7
97693.9
97686.2
97681.4
97679.2
97680.6
97686.2
97696.8
97711.5
97731.6
97756.3
97786.7
97820.5
97859.5
97899.7
97943.9
97987.9
98034.9
98077.9
98121.3
98158.5
98195
98026.5
98025.7
98025.3
98025.3
98025.6
98026.1
98026.7
98027.6
98028.7
98030.1
98031.6
98033.3
98035.1
98037
98039
98041.1
98043.2
98045.3
98047.5
98049.7
98051.9
98054
98056.2
98058.3
98060.4
98062.4
98064.5
98066.4
98068.4
98070.3
98072.1
98073.9
98075.6
98077.3
98079
98080.6
98082.2
98083.7
98085.2
98086.6
98088
98089.3
98090.6
98091.8
98093
98094.2
98095.3
98096.3
98097.3
98098.3
98099.1
98099.9
98100.7
98101.3
98101.9
98102.4
98102.7
98103
98103.1
98103.1
98102.9
98102.6
98102.1
98101.4
98100.5
98099.4
98098.1
98096.5
98094.6
98092.5
98090
98087.3
98084.2
98080.8
98077
98072.9
98068.5
98063.7
98058.5
98053.1
98047.2
98041.1
98034.7
98027.9
98021
98013.9
98006.6
97999.2
97991.8
97984.5
97977.2
97970.1
97963.2
97956.7
97950.5
97944.8
97939.6
97935
97930.9
97927.6
97924.9
97923
97921.9
97921.6
97922.1
97923.4
97925.5
97928.3
97932
97936.5
97941.6
97947.4
97953.8
97960.7
97968.2
97976
97984.1
97992.4
98000.9
98009.3
98017.6
98025.6
98033.3
98040.4
98047
98052.9
98057.8
98061.8
98064.6
98066.5
98067.2
98067
98065.7
98063.6
98060.5
98056.6
98051.8
98046.2
98039.6
98032.4
98024.4
98015.6
98006.2
97996.2
97985.9
97975
97963.8
97952.2
97940
97927.6
97915.2
97902.9
97890.8
97878.6
97866.6
97854.9
97843.7
97833.7
97825.2
97818.1
97813.4
97811.6
97812.8
97817.8
97826.8
97840.9
97859
97882.4
97910.4
97943.9
97980.1
98021.2
98063.2
98108.5
98153.1
98199.7
98242
98283.3
98318.6
98351.3
98015.1
98014.6
98014.6
98015
98015.6
98016.3
98017.2
98018.2
98019.5
98021
98022.6
98024.4
98026.4
98028.4
98030.5
98032.8
98035.1
98037.4
98039.8
98042.2
98044.7
98047.2
98049.7
98052.2
98054.7
98057.1
98059.6
98062.1
98064.5
98066.9
98069.3
98071.7
98074
98076.3
98078.6
98080.8
98083
98085.1
98087.2
98089.2
98091.2
98093.2
98095.1
98096.9
98098.7
98100.4
98102
98103.6
98105.1
98106.5
98107.8
98109
98110.1
98111
98111.9
98112.6
98113.3
98113.7
98114
98114.2
98114.1
98113.9
98113.5
98112.9
98112.1
98111
98109.7
98108.1
98106.3
98104.2
98101.7
98099
98096
98092.7
98089
98085
98080.6
98075.9
98070.9
98065.6
98059.9
98053.9
98047.7
98041.2
98034.6
98027.7
98020.8
98013.8
98006.7
97999.8
97993
97986.4
97980.1
97974.2
97968.7
97963.7
97959.2
97955.4
97952.2
97949.8
97948.1
97947.2
97947.3
97948.1
97949.8
97952.4
97955.9
97960.3
97965.5
97971.6
97978.4
97986
97994.3
98003.2
98012.6
98022.5
98032.9
98043.6
98054.4
98065.3
98076.1
98086.7
98097
98106.8
98116
98124.5
98132.2
98138.7
98144.3
98148.9
98152.3
98154.7
98156
98156.5
98156
98154.7
98152.5
98149.4
98145.4
98140.7
98135.3
98129
98122
98114.2
98106
98096.9
98087.4
98077.3
98066.8
98056.1
98045.1
98034.3
98023.8
98013.1
98002.8
97993
97983.7
97975.9
97969.8
97965.3
97963.3
97964.2
97968.3
97976.2
97988.1
98004.8
98025.5
98051.3
98081.6
98116.7
98154.4
98196.2
98238.7
98284.1
98327.9
98372.7
98413
98451.2
98483.2
98511
98008.6
98008.5
98008.6
98009.2
98009.9
98010.8
98011.8
98013
98014.3
98015.9
98017.5
98019.4
98021.3
98023.4
98025.6
98027.9
98030.3
98032.8
98035.3
98037.9
98040.6
98043.3
98046
98048.8
98051.6
98054.4
98057.2
98060
98062.9
98065.7
98068.6
98071.4
98074.3
98077.1
98079.9
98082.7
98085.4
98088.1
98090.8
98093.4
98096
98098.5
98101
98103.4
98105.7
98108
98110.1
98112.2
98114.1
98116
98117.7
98119.3
98120.8
98122.1
98123.3
98124.3
98125.2
98125.9
98126.5
98126.9
98127
98127
98126.8
98126.4
98125.7
98124.9
98123.7
98122.4
98120.8
98118.9
98116.7
98114.3
98111.6
98108.6
98105.2
98101.6
98097.7
98093.4
98088.8
98084
98078.8
98073.4
98067.7
98061.7
98055.7
98049.4
98043.1
98036.7
98030.4
98024.2
98018.1
98012.2
98006.7
98001.6
97996.9
97992.7
97989.1
97986.2
97984
97982.5
97981.9
97982.1
97983.2
97985.2
97988.2
97992.1
97997
98002.8
98009.5
98017.2
98025.7
98035.1
98045.2
98056.1
98067.7
98079.9
98092.6
98105.7
98119.1
98132.6
98146.2
98159.7
98172.9
98185.7
98197.9
98209.4
98219.9
98229.5
98238.2
98245.8
98252.2
98257.7
98262.1
98265.7
98268.2
98270
98270.9
98270.9
98270.1
98268.6
98266.3
98263
98258.9
98254
98248.2
98241.5
98234.1
98226
98217.5
98208.7
98199.5
98190.2
98181.2
98172.3
98163.7
98155.8
98148.6
98142.7
98138.7
98136.4
98136.6
98139.4
98145.6
98155.4
98169.2
98187.4
98209.7
98236.8
98267.8
98303.1
98340.7
98381.9
98423.4
98467.1
98508.8
98550.5
98587.4
98621.2
98648.8
98670.6
98012.1
98011.9
98012.1
98012.5
98013.1
98013.8
98014.7
98015.8
98017
98018.3
98019.9
98021.5
98023.3
98025.2
98027.3
98029.4
98031.7
98034
98036.5
98039
98041.7
98044.4
98047.1
98050
98052.8
98055.8
98058.8
98061.8
98064.9
98068
98071.1
98074.2
98077.4
98080.6
98083.8
98086.9
98090.1
98093.2
98096.3
98099.4
98102.5
98105.5
98108.4
98111.2
98114
98116.7
98119.3
98121.8
98124.1
98126.4
98128.5
98130.5
98132.3
98134
98135.5
98136.9
98138.1
98139.1
98140
98140.6
98141.1
98141.4
98141.5
98141.5
98141.2
98140.7
98140
98139.1
98137.9
98136.6
98135
98133.1
98131
98128.7
98126.1
98123.2
98120
98116.5
98112.8
98108.8
98104.5
98100
98095.2
98090.3
98085.1
98079.9
98074.5
98069.1
98063.8
98058.5
98053.4
98048.5
98044
98039.8
98036
98032.8
98030.2
98028.3
98027
98026.6
98027
98028.2
98030.4
98033.6
98037.6
98042.7
98048.9
98056
98064.1
98073.3
98083.5
98094.6
98106.6
98119.5
98133.2
98147.7
98162.9
98178.5
98194.6
98210.9
98227.4
98243.9
98260.3
98276.4
98291.8
98306.5
98320.4
98333.4
98345.5
98356.5
98366.5
98375.6
98383.7
98390.9
98397
98402.4
98407.1
98410.9
98414
98416.4
98417.8
98418.2
98417.8
98416.2
98413.6
98410.1
98405.6
98400.2
98394.3
98387.8
98380.8
98373.5
98366.4
98359.5
98353
98347
98341.9
98338.1
98335.7
98335.3
98337.3
98341.5
98348.9
98359.8
98374.7
98393.7
98416.6
98443.9
98474.4
98508.7
98545
98584.2
98623.3
98664
98702.2
98739.7
98772
98800.6
98822.6
98837.6
98026.1
98025.7
98025.5
98025.5
98025.8
98026.2
98026.7
98027.3
98028.1
98029.1
98030.2
98031.5
98032.9
98034.4
98036.1
98037.9
98039.8
98041.8
98044
98046.2
98048.6
98051.1
98053.6
98056.3
98059
98061.8
98064.7
98067.7
98070.7
98073.9
98077
98080.2
98083.5
98086.7
98090.1
98093.4
98096.7
98100.1
98103.4
98106.7
98110
98113.2
98116.4
98119.6
98122.6
98125.6
98128.4
98131.2
98133.9
98136.4
98138.8
98141
98143.2
98145.1
98146.9
98148.6
98150.1
98151.5
98152.6
98153.7
98154.5
98155.2
98155.8
98156.1
98156.3
98156.4
98156.2
98156
98155.5
98154.8
98154
98153
98151.7
98150.3
98148.6
98146.7
98144.6
98142.2
98139.6
98136.7
98133.6
98130.2
98126.6
98122.9
98118.9
98114.8
98110.7
98106.5
98102.2
98098.1
98094.1
98090.3
98086.7
98083.5
98080.8
98078.5
98076.9
98075.8
98075.5
98076
98077.2
98079.4
98082.5
98086.5
98091.5
98097.6
98104.7
98112.9
98122.3
98132.8
98144.4
98157
98170.7
98185.4
98201.1
98217.7
98235
98253
98271.6
98290.6
98309.8
98329.2
98348.6
98367.8
98386.4
98404.4
98421.6
98437.9
98453.4
98467.9
98481.6
98494.4
98506.2
98517.1
98527.2
98536.5
98545.1
98553.1
98560.4
98566.9
98572.4
98577
98580.5
98582.7
98583.8
98583.8
98582.6
98580.5
98577.4
98573.7
98569.3
98564.5
98559.7
98555.2
98550.7
98546.8
98543.6
98541.6
98540.8
98541.9
98545
98550.2
98558.2
98569.5
98584.5
98603.4
98625.9
98652.3
98681.4
98713.8
98747.7
98783.9
98819.7
98856.3
98890.3
98923
98950.2
98973.3
98989.6
98997.7
98046.3
98045.4
98044.8
98044.4
98044.1
98043.9
98043.9
98044.1
98044.3
98044.8
98045.4
98046.1
98047
98048
98049.2
98050.5
98051.9
98053.5
98055.2
98057
98059
98061.1
98063.3
98065.6
98068
98070.6
98073.2
98076
98078.8
98081.7
98084.7
98087.8
98091
98094.2
98097.4
98100.8
98104.1
98107.5
98110.8
98114.2
98117.5
98120.9
98124.2
98127.4
98130.6
98133.7
98136.7
98139.6
98142.4
98145.1
98147.7
98150.1
98152.5
98154.7
98156.7
98158.6
98160.4
98162
98163.5
98164.9
98166.1
98167.2
98168.2
98169.1
98169.8
98170.4
98170.9
98171.3
98171.5
98171.6
98171.6
98171.5
98171.1
98170.7
98170
98169.2
98168.1
98166.8
98165.4
98163.7
98161.7
98159.6
98157.2
98154.6
98151.9
98149
98146
98143
98139.9
98136.8
98133.8
98131
98128.4
98126.1
98124.2
98122.8
98121.9
98121.7
98122.1
98123.2
98125.2
98128
98131.8
98136.5
98142.2
98149
98156.9
98166
98176.3
98187.8
98200.5
98214.4
98229.4
98245.6
98262.8
98281.1
98300.3
98320.3
98340.9
98362.1
98383.7
98405.6
98427.5
98449.3
98470.6
98491.4
98511.5
98530.7
98549.2
98566.9
98583.7
98599.6
98614.7
98629.1
98642.7
98655.5
98667.8
98679.5
98690.6
98701
98710.4
98718.9
98726.1
98731.9
98736.5
98739.7
98741.6
98742.3
98742
98740.9
98739
98736.7
98734.1
98731.6
98728.9
98726.7
98725
98724.3
98724.8
98726.8
98730.4
98736
98744
98755
98769.5
98787.6
98808.9
98833.5
98860.6
98890.4
98921.3
98954.1
98986.3
99018.7
99048.5
99076.5
99099.1
99117
99128.1
99130
98068.8
98067.5
98066.3
98065.4
98064.6
98063.8
98063.3
98062.9
98062.6
98062.4
98062.5
98062.6
98063
98063.4
98064.1
98064.8
98065.7
98066.8
98068
98069.4
98070.9
98072.5
98074.3
98076.2
98078.2
98080.4
98082.7
98085.1
98087.7
98090.3
98093.1
98095.9
98098.9
98101.9
98105
98108.2
98111.4
98114.7
98118
98121.3
98124.6
98127.9
98131.2
98134.4
98137.6
98140.7
98143.8
98146.8
98149.7
98152.5
98155.2
98157.8
98160.3
98162.6
98164.9
98167
98169
98170.9
98172.7
98174.4
98176
98177.5
98178.9
98180.2
98181.4
98182.6
98183.7
98184.7
98185.7
98186.5
98187.3
98188
98188.5
98189
98189.3
98189.4
98189.4
98189.2
98188.8
98188.2
98187.4
98186.4
98185.1
98183.7
98182.1
98180.3
98178.4
98176.3
98174.2
98172.1
98170.1
98168.1
98166.4
98164.9
98163.8
98163
98162.8
98163.1
98164.1
98165.8
98168.3
98171.7
98175.9
98181.1
98187.4
98194.8
98203.3
98213.1
98224.1
98236.4
98250
98264.8
98281
98298.3
98316.8
98336.5
98357.1
98378.7
98401.1
98424.1
98447.6
98471.5
98495.6
98519.5
98543.1
98566.3
98588.7
98610.5
98631.5
98651.7
98671.2
98689.8
98707.8
98725.1
98741.6
98757.7
98773.3
98788.4
98802.8
98816.6
98829.5
98841.4
98852
98861.1
98868.8
98875
98879.7
98883
98885.2
98886.5
98886.9
98886.6
98886
98885.2
98884.1
98883.3
98882.8
98883.1
98884.4
98887
98890.7
98896.3
98903.9
98914.5
98928
98944.8
98964.5
98987.2
99011.8
99038.8
99066.6
99096
99124.5
99153
99178.7
99202.4
99220.9
99234.4
99240.9
99237.4
98090.8
98089
98087.4
98085.9
98084.6
98083.3
98082.2
98081.3
98080.5
98079.8
98079.3
98078.9
98078.7
98078.6
98078.7
98079
98079.4
98079.9
98080.6
98081.5
98082.5
98083.7
98085.1
98086.6
98088.2
98090
98091.9
98094
98096.2
98098.6
98101.1
98103.6
98106.3
98109.2
98112.1
98115
98118.1
98121.2
98124.4
98127.6
98130.8
98134
98137.2
98140.4
98143.6
98146.7
98149.7
98152.8
98155.7
98158.5
98161.3
98164
98166.6
98169.1
98171.5
98173.8
98176
98178.1
98180.2
98182.1
98184
98185.9
98187.7
98189.4
98191.1
98192.8
98194.4
98196.1
98197.6
98199.2
98200.7
98202.1
98203.4
98204.7
98205.9
98206.9
98207.8
98208.6
98209.1
98209.5
98209.6
98209.6
98209.3
98208.8
98208.2
98207.3
98206.3
98205.1
98203.9
98202.6
98201.3
98200.1
98199.1
98198.3
98197.8
98197.6
98197.9
98198.7
98200.2
98202.3
98205.2
98209
98213.7
98219.3
98226
98233.8
98242.9
98253.2
98264.8
98277.6
98291.9
98307.5
98324.5
98342.7
98362.2
98383
98404.9
98427.8
98451.6
98476.1
98501.1
98526.6
98552.3
98578
98603.4
98628.4
98652.9
98676.6
98699.7
98722
98743.7
98764.5
98784.8
98804.4
98823.6
98842.5
98860.9
98878.9
98896.3
98912.9
98928.7
98943.4
98956.9
98968.9
98979.2
98988
98995.2
99001
99005.4
99008.7
99011
99012.5
99013.4
99014
99014.3
99014.7
99015.2
99016.2
99017.9
99020.8
99024.5
99030
99037.1
99047
99059.3
99074.7
99092.7
99113.4
99135.6
99159.9
99184.7
99211
99236.1
99261.2
99283.4
99303.3
99318.2
99327.9
99330.6
99322.8
98110.5
98108.2
98106.2
98104.3
98102.5
98100.8
98099.2
98097.8
98096.5
98095.3
98094.3
98093.5
98092.8
98092.2
98091.9
98091.6
98091.6
98091.7
98092
98092.4
98093
98093.8
98094.7
98095.8
98097.1
98098.5
98100.1
98101.9
98103.8
98105.9
98108.1
98110.4
98112.9
98115.4
98118.1
98120.9
98123.8
98126.8
98129.8
98132.8
98135.9
98139.1
98142.2
98145.3
98148.4
98151.5
98154.5
98157.5
98160.5
98163.4
98166.2
98168.9
98171.6
98174.2
98176.7
98179.2
98181.5
98183.8
98186.1
98188.3
98190.5
98192.7
98194.8
98196.9
98199
98201.2
98203.3
98205.4
98207.5
98209.7
98211.8
98213.8
98215.9
98217.8
98219.7
98221.5
98223.2
98224.7
98226
98227.1
98228.1
98228.8
98229.4
98229.7
98229.8
98229.7
98229.4
98229
98228.4
98227.8
98227.1
98226.6
98226.1
98225.8
98225.8
98226.1
98226.8
98228
98229.8
98232.3
98235.6
98239.6
98244.6
98250.6
98257.7
98265.9
98275.3
98286
98298
98311.3
98326.1
98342.3
98360
98378.9
98399.3
98420.9
98443.7
98467.7
98492.6
98518.2
98544.4
98571.1
98598.2
98625.2
98652.1
98678.5
98704.4
98729.7
98754.4
98778.4
98801.8
98824.4
98846.6
98868.2
98889.6
98910.7
98931.4
98951.7
98971.5
98990.5
99008.7
99025.7
99041.6
99055.9
99068.4
99079.4
99088.8
99096.5
99102.7
99107.7
99111.5
99114.4
99116.7
99118.5
99119.9
99121
99122.2
99123.8
99125.9
99128.8
99132.5
99137.7
99144.4
99153.4
99164.7
99178.7
99195
99213.8
99233.9
99255.9
99278.2
99301.8
99324.1
99346.2
99365.3
99382.2
99394
99400.7
99400.3
99389
98126.8
98124.3
98121.9
98119.6
98117.4
98115.3
98113.3
98111.5
98109.8
98108.3
98106.9
98105.7
98104.6
98103.6
98102.9
98102.3
98101.8
98101.5
98101.4
98101.5
98101.8
98102.2
98102.8
98103.6
98104.5
98105.7
98107
98108.4
98110.1
98111.9
98113.9
98116
98118.2
98120.6
98123.1
98125.7
98128.4
98131.2
98134.1
98137.1
98140
98143.1
98146.1
98149.2
98152.2
98155.3
98158.3
98161.3
98164.2
98167.1
98169.9
98172.7
98175.5
98178.1
98180.8
98183.3
98185.8
98188.3
98190.8
98193.2
98195.6
98198.1
98200.5
98202.9
98205.4
98207.9
98210.4
98213
98215.6
98218.1
98220.7
98223.3
98225.9
98228.4
98230.9
98233.2
98235.5
98237.6
98239.5
98241.3
98242.9
98244.2
98245.4
98246.3
98247
98247.5
98247.8
98247.9
98247.9
98247.8
98247.6
98247.5
98247.5
98247.6
98247.9
98248.6
98249.6
98251.1
98253.2
98256
98259.5
98263.9
98269.1
98275.4
98282.7
98291.2
98300.9
98311.9
98324.2
98338
98353.1
98369.8
98388
98407.5
98428.5
98450.8
98474.3
98499.1
98524.8
98551.3
98578.4
98606.1
98634
98662.2
98690.1
98717.6
98744.6
98771.1
98797
98822.2
98846.9
98871
98894.7
98917.9
98941
98963.8
98986.4
99008.5
99030.2
99051.1
99071.1
99090
99107.7
99123.9
99138.2
99150.9
99161.9
99171.2
99178.8
99185.2
99190.3
99194.3
99197.6
99200.3
99202.4
99204.2
99206
99207.8
99210.2
99213.2
99216.7
99221.6
99227.8
99236.2
99246.5
99259.4
99274.2
99291.4
99309.7
99329.8
99350.1
99371.5
99391.4
99411.3
99427.8
99442.3
99451.7
99456.1
99453.1
99439.3
98139.7
98136.9
98134.2
98131.6
98129.1
98126.7
98124.5
98122.4
98120.4
98118.5
98116.8
98115.2
98113.8
98112.6
98111.5
98110.6
98109.9
98109.3
98108.9
98108.7
98108.6
98108.8
98109.1
98109.7
98110.4
98111.2
98112.3
98113.6
98115
98116.6
98118.4
98120.3
98122.4
98124.6
98126.9
98129.4
98132
98134.7
98137.4
98140.3
98143.2
98146.1
98149.1
98152.1
98155.1
98158.1
98161.1
98164.1
98167
98169.9
98172.8
98175.6
98178.4
98181.2
98183.9
98186.6
98189.2
98191.9
98194.5
98197.1
98199.7
98202.4
98205
98207.8
98210.5
98213.3
98216.1
98219
98221.9
98224.9
98227.8
98230.8
98233.8
98236.7
98239.6
98242.4
98245.1
98247.6
98250
98252.2
98254.3
98256.1
98257.7
98259
98260.2
98261.1
98261.8
98262.3
98262.7
98263
98263.2
98263.4
98263.7
98264.2
98264.8
98265.7
98267
98268.8
98271.1
98274.1
98277.9
98282.4
98287.9
98294.3
98301.8
98310.5
98320.5
98331.7
98344.3
98358.3
98373.8
98390.8
98409.4
98429.3
98450.8
98473.6
98497.7
98523
98549.3
98576.5
98604.3
98632.6
98661.3
98690.1
98718.8
98747.1
98775
98802.3
98829.1
98855.3
98881
98906.1
98930.9
98955.4
98979.8
99003.9
99027.8
99051.3
99074.5
99096.8
99118.3
99138.5
99157.7
99175.3
99191
99205
99217.2
99227.7
99236.4
99243.8
99249.8
99254.7
99258.8
99262.1
99264.8
99267.1
99269.2
99271.4
99273.8
99276.8
99280.1
99284.8
99290.6
99298.5
99308
99319.9
99333.6
99349.5
99366.5
99385.1
99403.7
99423.4
99441.6
99459.6
99474.3
99486.9
99494.5
99497.1
99492.1
99476.4
98149.3
98146.2
98143.4
98140.6
98137.9
98135.3
98132.8
98130.4
98128.2
98126.1
98124.2
98122.4
98120.8
98119.3
98118
98116.8
98115.8
98115
98114.4
98114
98113.8
98113.7
98113.8
98114.2
98114.7
98115.4
98116.3
98117.4
98118.6
98120.1
98121.7
98123.5
98125.4
98127.5
98129.8
98132.1
98134.6
98137.2
98139.9
98142.6
98145.5
98148.4
98151.3
98154.3
98157.2
98160.2
98163.2
98166.2
98169.1
98172.1
98175
98177.9
98180.7
98183.6
98186.4
98189.1
98191.9
98194.7
98197.4
98200.2
98202.9
98205.8
98208.6
98211.5
98214.5
98217.5
98220.5
98223.6
98226.8
98230
98233.2
98236.5
98239.7
98242.9
98246.1
98249.2
98252.2
98255
98257.8
98260.3
98262.6
98264.8
98266.7
98268.4
98269.8
98271.1
98272.1
98272.9
98273.6
98274.1
98274.6
98275.1
98275.6
98276.3
98277.2
98278.3
98279.8
98281.7
98284.2
98287.4
98291.3
98296
98301.6
98308.2
98315.9
98324.8
98334.9
98346.3
98359.1
98373.3
98389
98406.3
98425.1
98445.4
98467.1
98490.3
98514.8
98540.5
98567.2
98594.9
98623.1
98652
98681.1
98710.5
98739.6
98768.5
98797
98825
98852.4
98879.3
98905.7
98931.6
98957.3
98982.6
99007.9
99032.9
99057.8
99082.4
99106.6
99130
99152.6
99173.9
99194.1
99212.7
99229.4
99244.3
99257.4
99268.7
99278.3
99286.5
99293.2
99298.7
99303.3
99307.1
99310.2
99312.9
99315.2
99317.5
99320
99323
99326.2
99330.7
99336.2
99343.6
99352.5
99363.7
99376.5
99391.5
99407.5
99425
99442.4
99460.9
99477.6
99494.4
99507.6
99518.9
99525
99526.3
99519.9
99502.9
98155.9
98152.7
98149.7
98146.8
98144
98141.2
98138.6
98136.1
98133.7
98131.4
98129.3
98127.4
98125.6
98123.9
98122.4
98121.1
98120
98119.1
98118.3
98117.7
98117.3
98117.1
98117.1
98117.3
98117.7
98118.2
98119
98120
98121.1
98122.5
98124
98125.7
98127.5
98129.5
98131.7
98134
98136.4
98138.9
98141.6
98144.3
98147.1
98150
98152.9
98155.8
98158.8
98161.8
98164.7
98167.7
98170.7
98173.7
98176.6
98179.5
98182.5
98185.3
98188.2
98191.1
98193.9
98196.7
98199.6
98202.5
98205.3
98208.3
98211.3
98214.3
98217.4
98220.5
98223.7
98227
98230.3
98233.7
98237.1
98240.5
98243.9
98247.3
98250.7
98254
98257.2
98260.2
98263.2
98265.9
98268.5
98270.8
98273
98274.9
98276.5
98278
98279.2
98280.2
98281.1
98281.9
98282.5
98283.2
98283.9
98284.8
98285.8
98287
98288.7
98290.7
98293.4
98296.7
98300.7
98305.5
98311.2
98317.9
98325.7
98334.7
98344.9
98356.5
98369.4
98383.8
98399.6
98417.1
98436.1
98456.5
98478.5
98501.9
98526.7
98552.6
98579.7
98607.6
98636.2
98665.4
98694.9
98724.5
98754.1
98783.3
98812.2
98840.6
98868.5
98895.8
98922.8
98949.2
98975.4
99001.4
99027.2
99053
99078.6
99103.9
99128.8
99153
99176.3
99198.3
99219.2
99238.6
99256
99271.5
99285.2
99297.1
99307.2
99316
99323.1
99329.1
99334.1
99338.3
99341.6
99344.5
99347
99349.5
99352
99354.9
99358
99362.4
99367.6
99374.8
99383.3
99393.9
99406.1
99420.4
99435.6
99452.3
99469
99486.5
99502.3
99518.1
99530.4
99540.7
99545.8
99546.2
99538.7
99520.8
98160.3
98157
98153.9
98150.9
98147.9
98145.1
98142.3
98139.7
98137.2
98134.8
98132.6
98130.6
98128.6
98126.9
98125.3
98123.9
98122.7
98121.6
98120.7
98120
98119.6
98119.3
98119.2
98119.3
98119.6
98120.1
98120.8
98121.6
98122.7
98124
98125.5
98127.1
98128.9
98130.9
98133
98135.2
98137.6
98140.1
98142.7
98145.4
98148.2
98151
98153.9
98156.9
98159.8
98162.8
98165.8
98168.8
98171.8
98174.8
98177.7
98180.7
98183.6
98186.6
98189.5
98192.4
98195.3
98198.2
98201.1
98204
98207
98210
98213
98216.1
98219.3
98222.5
98225.8
98229.2
98232.6
98236.1
98239.6
98243.1
98246.7
98250.2
98253.7
98257.1
98260.4
98263.6
98266.7
98269.5
98272.2
98274.7
98277
98279
98280.8
98282.4
98283.8
98285
98286
98286.8
98287.6
98288.4
98289.2
98290.2
98291.3
98292.7
98294.4
98296.5
98299.3
98302.6
98306.7
98311.6
98317.4
98324.1
98332
98341.1
98351.4
98363
98376
98390.4
98406.4
98423.9
98443
98463.7
98485.8
98509.3
98534.2
98560.4
98587.6
98615.7
98644.5
98673.9
98703.6
98733.4
98763.2
98792.7
98821.8
98850.5
98878.7
98906.3
98933.6
98960.4
98987
99013.3
99039.6
99065.8
99091.8
99117.6
99143
99167.6
99191.4
99213.9
99235.3
99255.1
99273
99289
99303
99315.3
99325.8
99334.9
99342.4
99348.7
99353.9
99358.3
99361.8
99364.8
99367.5
99370
99372.5
99375.4
99378.4
99382.6
99387.7
99394.6
99402.8
99413.1
99424.9
99438.7
99453.4
99469.6
99485.7
99502.7
99517.9
99533.1
99544.7
99554.4
99558.8
99558.5
99550.3
99532
98162.7
98159.4
98156.3
98153.2
98150.1
98147.2
98144.4
98141.7
98139.1
98136.7
98134.4
98132.3
98130.3
98128.5
98126.9
98125.4
98124.1
98123
98122.1
98121.4
98120.8
98120.5
98120.3
98120.4
98120.6
98121.1
98121.7
98122.6
98123.6
98124.9
98126.3
98127.9
98129.7
98131.6
98133.7
98135.9
98138.3
98140.8
98143.4
98146
98148.8
98151.6
98154.5
98157.5
98160.4
98163.4
98166.4
98169.4
98172.4
98175.4
98178.4
98181.4
98184.3
98187.3
98190.2
98193.1
98196.1
98199
98201.9
98204.9
98207.9
98210.9
98214
98217.2
98220.4
98223.7
98227
98230.4
98233.9
98237.4
98241
98244.6
98248.2
98251.8
98255.3
98258.8
98262.2
98265.5
98268.6
98271.6
98274.3
98276.9
98279.2
98281.4
98283.2
98284.9
98286.3
98287.6
98288.6
98289.6
98290.4
98291.3
98292.2
98293.2
98294.3
98295.7
98297.5
98299.7
98302.5
98305.9
98310
98314.9
98320.7
98327.5
98335.5
98344.5
98354.9
98366.5
98379.6
98394.1
98410.1
98427.7
98446.9
98467.5
98489.7
98513.4
98538.3
98564.6
98591.9
98620.1
98649
98678.5
98708.3
98738.2
98768.1
98797.7
98827
98855.9
98884.2
98912
98939.5
98966.5
98993.3
99019.8
99046.3
99072.7
99099.1
99125
99150.7
99175.7
99199.7
99222.5
99244.2
99264.3
99282.4
99298.6
99312.9
99325.4
99336.1
99345.4
99353.1
99359.5
99364.9
99369.4
99373
99376.1
99378.8
99381.3
99383.7
99386.6
99389.6
99393.7
99398.6
99405.4
99413.4
99423.4
99435
99448.6
99463
99478.9
99494.6
99511.3
99526.2
99541.1
99552.3
99561.7
99565.8
99565.1
99556.5
99538.2
98163.8
98160.4
98157.2
98154.1
98151
98148.1
98145.3
98142.5
98140
98137.5
98135.2
98133.1
98131.1
98129.2
98127.6
98126.1
98124.7
98123.6
98122.7
98121.9
98121.3
98121
98120.8
98120.8
98121.1
98121.5
98122.1
98123
98124
98125.2
98126.6
98128.2
98130
98131.9
98134
98136.2
98138.6
98141
98143.6
98146.3
98149.1
98151.9
98154.8
98157.7
98160.7
98163.7
98166.7
98169.7
98172.7
98175.7
98178.6
98181.6
98184.6
98187.5
98190.5
98193.4
98196.3
98199.3
98202.2
98205.2
98208.2
98211.3
98214.4
98217.6
98220.8
98224.1
98227.5
98230.9
98234.4
98237.9
98241.5
98245.2
98248.8
98252.4
98256
98259.5
98262.9
98266.2
98269.4
98272.3
98275.1
98277.7
98280.1
98282.3
98284.2
98285.8
98287.3
98288.6
98289.7
98290.6
98291.5
98292.4
98293.3
98294.3
98295.5
98297
98298.8
98301
98303.8
98307.2
98311.3
98316.2
98322.1
98328.9
98336.9
98346
98356.3
98368
98381
98395.6
98411.6
98429.2
98448.4
98469.1
98491.3
98515
98540
98566.2
98593.6
98621.9
98650.8
98680.3
98710.2
98740.2
98770.1
98799.7
98829.1
98858
98886.4
98914.2
98941.8
98968.8
98995.7
99022.3
99048.9
99075.4
99101.9
99127.9
99153.7
99178.8
99202.9
99225.9
99247.6
99267.8
99286
99302.4
99316.7
99329.3
99340.2
99349.5
99357.3
99363.8
99369.2
99373.7
99377.4
99380.5
99383.2
99385.7
99388.2
99391
99393.9
99398
99402.9
99409.5
99417.5
99427.4
99438.9
99452.4
99466.7
99482.4
99498.1
99514.6
99529.4
99544.1
99555.2
99564.4
99568.4
99567.7
99559
99540.8
99083.6
98983.2
98882.9
98787.3
98695.7
98610.1
98532.1
98463.1
98404
98355.3
98316.6
98287.8
98265.3
98249.9
98233
98217.2
98191.5
98160.7
98118.4
98074.4
98028.6
97990.5
97962.5
97945
97956.3
99058
98959.4
98860.8
98766.9
98677.1
98593.3
98517.2
98450
98392.7
98345.8
98308.7
98281.3
98260
98245.6
98229.4
98214.1
98188.8
98158.4
98116.4
98072.8
98027.2
97989.4
97961.8
97944.5
97956.3
99014.1
98917.6
98822
98731.1
98644.4
98563.8
98490.8
98426.8
98372.5
98328.4
98293.9
98268.9
98249.7
98237.1
98222.5
98208.5
98184.4
98154.8
98113.6
98070.7
98025.8
97988.6
97961.3
97944.1
97956.4
98952.6
98859.2
98767.7
98681.1
98598.6
98522.4
98453.8
98394.1
98343.9
98303.7
98272.8
98251.1
98234.9
98224.8
98212.5
98200.3
98177.7
98149.5
98109.5
98067.6
98023.4
97986.9
97960.1
97943.2
97955.9
98874.6
98785.3
98698.9
98617.7
98540.6
98469.9
98406.8
98352.4
98307.4
98272.1
98245.7
98228.2
98215.7
98208.8
98199.4
98189.6
98169.2
98142.6
98104.1
98063.4
98020.3
97984.7
97958.6
97942.1
97955.5
98783.3
98699.1
98618.9
98543.9
98473.1
98408.8
98351.9
98303.7
98264.6
98235
98213.9
98201.3
98193.1
98189.9
98183.9
98176.8
98159
98134.4
98097.7
98058.5
98016.7
97982.1
97956.7
97940.7
97955
98681.1
98603
98529.7
98461.6
98398
98340.7
98290.8
98249.3
98216.9
98193.5
98178.2
98170.8
98167.4
98168.4
98166.2
98162.3
98147.3
98125.1
98090.4
98052.9
98012.5
97979.2
97954.6
97939.2
97954.5
98570.8
98499.4
98433.7
98373.1
98317.2
98267.3
98224.9
98190.6
98165.2
98148.4
98139.3
98137.5
98139.3
98144.8
98146.6
98146.3
98134.5
98114.8
98082.3
98046.7
98007.8
97975.9
97952.2
97937.5
97953.9
98455
98390.8
98333
98280.3
98232.3
98190.1
98155.5
98128.8
98110.7
98100.7
98098
98102.1
98109.3
98119.5
98125.6
98129
98120.5
98103.6
98073.6
98040
98002.8
97972.4
97949.7
97935.7
97953.4
98336
98279.3
98229.6
98185
98145
98110.7
98084.1
98065.1
98054.4
98051.3
98055.2
98065.3
98077.9
98092.9
98103.4
98110.6
98105.6
98091.7
98064.3
98032.9
97997.5
97968.6
97947.1
97933.9
97952.9
98215.8
98166.7
98125.4
98088.6
98056.8
98030.5
98012
98000.6
97997.2
98001.1
98011.5
98027.6
98045.6
98065.4
98080.4
98091.5
98090.1
98079.2
98054.5
98025.4
97991.8
97964.7
97944.3
97932.1
97952.3
98096.4
98054.9
98021.9
97992.9
97969.1
97950.7
97940.1
97936.2
97940
97950.6
97967.5
97989.5
98012.8
98037.4
98056.8
98071.8
98074
98066.3
98044.4
98017.7
97986
97960.6
97941.5
97930.2
97951.8
97979.6
97945.4
97920.6
97899.1
97883.2
97872.4
97869.6
97872.7
97883.6
97900.8
97923.9
97951.5
97979.9
98009.1
98032.9
98051.9
98057.6
98053.1
98034
98009.8
97980
97956.5
97938.7
97928.3
97951.2
97866.6
97839.5
97822.6
97808.3
97800.1
97796.5
97801.2
97811.1
97828.7
97852.1
97881
97914
97947.3
97981
98009
98031.7
98041
98039.8
98023.4
98001.8
97974
97952.3
97935.8
97926.4
97950.6
97758.4
97738.2
97728.8
97721.3
97720.5
97723.8
97735.4
97751.9
97775.9
97805.1
97839.5
97877.3
97915.3
97953.3
97985.2
98011.7
98024.4
98026.4
98012.8
97993.7
97967.8
97948.1
97933
97924.6
97950
97656.2
97642.3
97640
97638.9
97645
97654.8
97672.8
97695.6
97725.4
97760.2
97799.5
97842
97884.2
97926.2
97961.9
97991.8
98008
98013
98002.2
97985.6
97961.7
97943.9
97930.2
97922.8
97949.5
97560.8
97552.8
97557
97561.9
97574.3
97590.1
97614
97642.6
97677.7
97717.6
97761.6
97808.3
97854.3
97900
97939.2
97972.4
97991.8
97999.9
97991.7
97977.6
97955.7
97939.8
97927.4
97921
97948.9
97472.7
97470.2
97480.4
97490.7
97508.9
97530.1
97559.3
97593.3
97633.2
97677.8
97725.9
97776.5
97826
97875
97917.3
97953.7
97976.1
97987.1
97981.5
97969.8
97949.8
97935.7
97924.7
97919.3
97948.3
97392.4
97394.8
97410.4
97425.4
97448.6
97474.7
97508.7
97547.3
97591.5
97640.2
97691.9
97745.9
97798.5
97850.5
97895.6
97934.8
97960.1
97973.9
97970.9
97961.7
97943.5
97931.5
97921.8
97917.5
97947.8
97320.8
97327.1
97347.4
97366.5
97394.1
97424.6
97462.6
97505.3
97553.2
97605.3
97660.1
97717
97772.1
97826.7
97874.4
97916.1
97944.1
97960.5
97960.1
97953.3
97937.2
97927.2
97918.9
97915.8
97947.3
97258.4
97268.2
97292.5
97315
97346.5
97380.9
97422.5
97468.6
97519.5
97574.3
97631.7
97690.8
97748.2
97804.8
97854.7
97898.7
97929.1
97947.9
97949.9
97945.4
97931.2
97923.2
97916.2
97914.2
97946.9
97205.5
97218.1
97245.8
97271.3
97306.3
97343.8
97388.5
97437.3
97490.6
97547.5
97606.9
97667.8
97726.8
97785
97836.7
97882.5
97915
97936.1
97940.3
97938
97925.5
97919.4
97913.7
97912.8
97946.4
97162.4
97177.4
97208
97235.8
97273.8
97313.8
97361
97411.8
97466.9
97525.3
97586
97648
97708
97767.4
97820.5
97867.8
97902.1
97925.1
97931.4
97931
97920.3
97916
97911.4
97911.6
97946
97129.4
97146.3
97179.4
97209.1
97249.4
97291.2
97340.4
97392.3
97448.5
97507.9
97569.2
97631.6
97692.2
97752.2
97806.2
97854.7
97890.4
97915
97923.2
97924.7
97915.6
97912.9
97909.4
97910.5
97945.7
97106.6
97125.1
97160.4
97191.5
97233.5
97276.5
97326.7
97379.2
97435.9
97495.4
97556.6
97618.9
97679.4
97739.6
97794.1
97843.3
97880.1
97906
97915.8
97918.9
97911.3
97910.2
97907.6
97909.7
97945.5
97094.2
97114.2
97151.3
97183.4
97226.3
97269.7
97320.2
97372.5
97429.1
97488
97548.4
97609.9
97669.7
97729.5
97784
97833.6
97871.1
97898.1
97909.3
97913.8
97907.6
97907.9
97906.1
97909.1
97945.4
97092.6
97113.6
97152.1
97184.7
97227.9
97271.1
97321
97372.5
97428.2
97485.7
97544.6
97604.7
97663.3
97722.3
97776.2
97825.7
97863.5
97891.2
97903.6
97909.4
97904.4
97906
97904.9
97908.8
97945.5
97101.7
97123.5
97162.7
97195.4
97238.2
97280.6
97329.3
97379.2
97433.2
97488.7
97545.5
97603.5
97660.4
97717.9
97770.8
97819.7
97857.6
97885.6
97899
97905.8
97901.9
97904.6
97904.1
97908.7
97945.6
97121.1
97143.4
97182.8
97215.1
97257
97297.8
97344.6
97392.3
97443.8
97496.6
97550.6
97606.1
97660.8
97716.3
97767.7
97815.6
97853.2
97881.3
97895.4
97903
97900
97903.6
97903.5
97908.7
97945.7
97151
97173.4
97212.4
97243.8
97284.1
97322.9
97367
97411.9
97460.1
97509.5
97560.2
97612.5
97664.4
97717.3
97766.8
97813.3
97850.1
97878
97892.6
97900.8
97898.6
97903
97903.2
97909.1
97946
97191.1
97213.2
97251.4
97281.3
97319.5
97355.8
97396.4
97437.8
97481.9
97527.4
97574
97622.6
97671.1
97720.9
97767.9
97812.6
97848.3
97875.8
97890.6
97899.2
97897.7
97902.7
97903.2
97909.6
97946.4
97241.4
97262.9
97299.5
97327.7
97363.2
97396.2
97432.8
97469.9
97509.3
97550.1
97592.1
97636.3
97680.9
97727.1
97771.2
97813.7
97847.9
97874.6
97889.4
97898.3
97897.4
97902.9
97903.5
97910.3
97947
97301.9
97322.3
97356.9
97383
97415.1
97444.2
97476.1
97508.2
97542.3
97577.6
97614.5
97653.6
97693.6
97735.7
97776.5
97816.3
97848.7
97874.5
97889
97897.9
97897.5
97903.3
97904
97911.3
97947.6
97372.2
97391.1
97422.9
97446.5
97474.7
97499.2
97525.9
97552.3
97580.4
97609.9
97640.8
97674.3
97709.1
97746.7
97783.7
97820.5
97850.8
97875.3
97889.3
97898.2
97898
97904.1
97904.8
97912.5
97948.3
97457.5
97474
97502.4
97522.5
97545.7
97564.6
97585.1
97604.9
97625.9
97648.4
97672.4
97699.4
97728.3
97760.7
97793.3
97826.5
97854.3
97877.1
97890.5
97899
97899.1
97905.3
97905.9
97913.8
97949.2
97559.7
97573
97596.7
97612.4
97629.5
97641.6
97654.9
97666.8
97679.6
97693.9
97709.9
97729.4
97751.6
97777.9
97805.4
97834.5
97859.3
97880.1
97892.5
97900.6
97900.7
97906.9
97907.4
97915.5
97950.1
97672.3
97681.9
97700.3
97710.7
97721.1
97726
97731.3
97734.6
97738.6
97743.9
97751.4
97762.8
97777.6
97797.4
97819.4
97843.9
97865.3
97883.9
97895.1
97902.6
97902.7
97908.8
97909
97917.3
97951.2
97794.7
97800.3
97812.7
97817
97820.3
97817.5
97814
97808
97802.4
97798.2
97796.6
97799.3
97806.3
97819
97835
97854.6
97872.4
97888.5
97898.4
97905.1
97905.2
97910.9
97911
97919.3
97952.4
97926.4
97927.6
97933.2
97930.8
97926.3
97915.3
97902.3
97886.4
97870.5
97856.4
97845.2
97838.7
97837.3
97842.5
97852.1
97866.6
97880.4
97893.8
97902.2
97908.1
97907.9
97913.4
97913.1
97921.5
97953.7
98066.3
98062.4
98060.6
98050.9
98038.3
98018.4
97995.4
97969.1
97942.5
97917.9
97896.6
97880.5
97870.3
97867.6
97870.6
97879.5
97889.3
97899.8
97906.5
97911.4
97911
97916
97915.5
97923.8
97955.1
98212.9
98203.5
98193.8
98176.5
98155
98125.7
98092.3
98055.3
98017.6
97982.1
97950.3
97924.2
97904.7
97893.9
97890
97893.2
97898.7
97906.2
97911.2
97915
97914.3
97918.9
97918.1
97926.3
97956.5
98364.5
98349.3
98331.6
98306.3
98275.6
98236.4
98192.2
98144.2
98095.2
98048.3
98005.5
97969.2
97940.3
97921.2
97910.2
97907.4
97908.6
97913
97916.1
97918.9
97917.8
97921.9
97920.9
97928.8
97958.1
98518.8
98497.9
98472
98438.5
98398.4
98348.9
98293.8
98234.5
98174.1
98115.7
98061.7
98014.9
97976.5
97948.8
97930.7
97922.1
97918.8
97920.1
97921.3
97922.9
97921.4
97925
97923.8
97931.5
97959.6
98672.5
98645.8
98612
98570.2
98520.7
98461.1
98395.2
98324.6
98252.6
98182.6
98117.4
98060.2
98012.4
97976.3
97951
97936.7
97929
97927.2
97926.6
97927
97925
97928.2
97926.8
97934.2
97961.2
98833.1
98800.3
98758.7
98708.2
98648.9
98578.8
98501.6
98419.2
98335.1
98253
98176
98107.8
98050
98005.1
97972.4
97952
97939.9
97934.9
97932.3
97931.5
97929.1
97931.7
97930.2
97937.1
97962.9
98986.9
98948.3
98899.4
98840.8
98772.2
98692.1
98604.1
98510.3
98414.5
98320.8
98232.4
98153.4
98086
98032.6
97992.8
97966.8
97950.4
97942.4
97937.8
97935.9
97933
97935.2
97933.6
97940.1
97964.6
99113.9
99070.7
99016
98950.7
98874.3
98786.1
98689.1
98585.9
98480.3
98376.8
98278.9
98191
98115.6
98055.2
98009.6
97979
97959.1
97948.6
97942.5
97939.7
97936.4
97938.2
97936.5
97942.5
97965.9
99217
99170.2
99110.9
99040.2
98957.6
98862.6
98758.2
98647.4
98533.9
98422.4
98316.7
98221.5
98139.6
98073.5
98023.3
97988.9
97966.2
97953.8
97946.3
97942.7
97939.2
97940.6
97938.9
97944.5
97967
99298.7
99249.2
99186.5
99111.6
99024
98923.6
98813.4
98696.4
98576.5
98458.6
98346.8
98245.7
98158.6
98088.1
98034.1
97996.7
97971.8
97957.8
97949.3
97945.2
97941.4
97942.6
97940.9
97946.1
97967.8
99362.1
99310.6
99245.4
99167.2
99075.8
98971.2
98856.4
98734.5
98609.7
98486.9
98370.2
98264.6
98173.5
98099.4
98042.5
98002.9
97976.2
97961
97951.7
97947.1
97943.1
97944.1
97942.4
97947.3
97968.4
99410.2
99357.3
99290.3
99209.6
99115.3
99007.5
98889.2
98763.6
98635
98508.4
98388.1
98279.1
98184.8
98108.1
98049
98007.5
97979.5
97963.4
97953.5
97948.5
97944.4
97945.3
97943.5
97948.2
97968.8
99445.6
99391.9
99323.6
99241.1
99144.6
99034.4
98913.6
98785.3
98653.9
98524.5
98401.5
98290
98193.4
98114.6
98053.8
98011
97982
97965.1
97954.8
97949.5
97945.3
97946.1
97944.3
97948.8
97969
99471
99416.6
99347.5
99263.6
99165.5
99053.7
98931
98800.8
98667.4
98536
98411.2
98297.8
98199.5
98119.3
98057.2
98013.4
97983.7
97966.3
97955.6
97950.2
97945.8
97946.6
97944.8
97949.1
97969.1
99488.2
99433.5
99363.8
99279
99179.9
99066.9
98943
98811.5
98676.8
98544.1
98417.9
98303.2
98203.8
98122.5
98059.6
98015.1
97984.8
97967.1
97956.1
97950.6
97946.1
97946.9
97945
97949.3
97969.1
99499
99444.1
99374
99288.8
99189.1
99075.5
98950.9
98818.6
98683
98549.4
98422.3
98306.8
98206.6
98124.6
98061.1
98016.1
97985.5
97967.5
97956.4
97950.8
97946.3
97947
97945.2
97949.4
97969
99505.2
99450.2
99380
99294.6
99194.7
99080.8
98955.8
98823
98687
98552.8
98425.2
98309.1
98208.3
98125.9
98061.9
98016.6
97985.8
97967.7
97956.5
97950.8
97946.3
97947
97945.1
97949.4
97968.9
99508.6
99453.6
99383.6
99298.3
99198.4
99084.5
98959.4
98826.4
98690.1
98555.6
98427.5
98311.1
98210
98127.1
98062.9
98017.3
97986.2
97968
97956.7
97950.9
97946.4
97947.1
97945.2
97949.3
97968.8
)
;

boundaryField
{
    inlet
    {
        type            zeroGradient;
    }
    outlet
    {
        type            waveTransmissive;
        phi             phi;
        rho             rho;
        psi             psi;
        gamma           1.3;
        fieldInf        100000;
        lInf            0.3;
        value           uniform 100000;
    }
    upperWall
    {
        type            zeroGradient;
    }
    lowerWall
    {
        type            zeroGradient;
    }
    frontAndBack
    {
        type            empty;
    }
}


// ************************************************************************* //
