/*--------------------------------*- C++ -*----------------------------------*\
| =========                 |                                                 |
| \\      /  F ield         | OpenFOAM: The Open Source CFD Toolbox           |
|  \\    /   O peration     | Version:  dev                                   |
|   \\  /    A nd           | Web:      http://www.openfoam.org               |
|    \\/     M anipulation  |                                                 |
\*---------------------------------------------------------------------------*/
FoamFile
{
    version     2.0;
    format      ascii;
    class       volScalarField;
    object      T;
    location    "9.146";
}
// * * * * * * * * * * * * * * * * * * * * * * * * * * * * * * * * * * * * * //

dimensions      [0 0 0 1 0 0 0];

internalField   nonuniform List<scalar> 
12225
(
294.133
294.719
295.114
295.304
295.625
295.692
296.039
296.011
296.459
296.416
296.839
296.801
297.24
297.316
297.572
297.904
297.771
297.603
294.238
295.181
295.537
295.579
295.961
295.79
296.434
295.922
296.744
296.346
296.989
296.575
297.108
297.351
297.486
298.105
297.137
297.715
294.361
295.247
295.665
295.464
295.987
295.693
296.354
295.99
296.4
296.545
296.849
296.769
296.572
297.416
297.542
298.105
297.034
299.009
294.397
295.207
295.595
295.628
295.685
295.98
296.154
296.303
296.089
296.877
296.928
297.104
296.614
297.57
297.277
298.415
297.15
297.695
294.311
295.421
295.501
295.98
295.501
296.081
296.232
296.507
296.149
296.984
296.953
297.108
296.921
297.755
297.381
298.02
296.872
297.515
294.263
295.662
295.467
295.88
295.559
296.175
296.249
296.489
296.485
297.089
296.704
296.893
297.179
297.736
297.519
297.987
296.812
298.141
294.309
295.508
295.374
295.855
295.788
296.167
296.229
296.658
296.76
296.889
296.477
296.751
297.406
297.88
297.505
297.561
297.295
297.744
294.499
295.358
295.443
295.916
295.765
296.21
296.118
296.737
296.507
296.931
296.757
297.024
297.264
297.63
297.494
297.421
297.472
297.744
294.569
295.319
295.845
295.894
296.057
296.149
296.218
296.471
296.588
297.011
297.219
297.19
297.265
297.615
297.629
297.561
297.622
298.073
294.562
295.468
295.995
295.875
296.384
296.191
296.522
296.474
296.94
297.099
297.442
297.149
297.261
297.459
297.627
297.56
297.634
297.991
294.495
295.867
295.898
296.099
296.393
296.441
296.407
296.539
296.903
297.161
297.158
297.114
297.243
297.427
297.493
297.558
297.684
298.084
294.558
296.071
295.845
296.263
296.303
296.584
296.395
296.616
296.772
297.159
297.19
297.299
297.356
297.531
297.655
297.865
298.055
298.289
294.873
296.158
296.081
296.444
296.507
296.734
296.738
296.955
297.129
297.406
297.528
297.629
297.768
297.925
298.082
298.261
298.442
298.646
295.342
296.399
296.534
296.756
296.909
297.039
297.204
297.34
297.564
297.731
297.927
298.05
298.244
298.37
298.584
298.719
298.925
299.053
295.719
296.63
296.907
297.071
297.253
297.405
297.593
297.735
297.953
298.116
298.295
298.434
298.632
298.767
298.994
299.128
299.383
299.54
296.155
297.016
297.324
297.496
297.68
297.845
297.995
298.171
298.378
298.574
298.736
298.892
299.054
299.219
299.418
299.601
299.846
300.026
296.595
297.474
297.8
297.981
298.174
298.348
298.526
298.719
298.92
299.104
299.239
299.366
299.503
299.707
299.901
300.077
300.249
300.464
297.135
297.973
298.298
298.497
298.665
298.825
298.982
299.16
299.384
299.565
299.689
299.776
299.89
300.148
300.334
300.377
300.568
300.732
297.608
298.402
298.711
298.93
299.129
299.307
299.421
299.589
299.79
299.935
300.034
300.07
300.134
300.496
300.653
300.503
300.653
300.757
298.105
298.799
299.05
299.268
299.469
299.6
299.748
299.961
300.113
300.13
300.11
300.18
300.235
300.555
300.751
300.563
300.611
300.712
298.442
299.147
299.393
299.567
299.721
299.78
299.912
300.241
300.471
300.263
300.089
300.402
300.475
300.486
300.703
300.53
300.496
300.673
298.692
299.299
299.551
299.763
299.945
299.973
300.028
300.356
300.629
300.431
300.247
300.649
300.713
300.387
300.525
300.493
300.44
300.702
298.922
299.488
299.693
299.869
300.065
300.174
300.26
300.336
300.465
300.531
300.53
300.685
300.687
300.399
300.397
300.493
300.442
300.609
299.108
299.642
299.872
299.988
300.121
300.296
300.417
300.421
300.445
300.61
300.743
300.651
300.519
300.423
300.4
300.432
300.388
300.349
299.187
299.718
299.96
300.091
300.196
300.316
300.464
300.525
300.51
300.614
300.757
300.652
300.532
300.551
300.426
300.392
300.4
300.263
299.327
299.799
299.993
300.14
300.288
300.393
300.485
300.595
300.636
300.641
300.662
300.663
300.631
300.562
300.442
300.342
300.222
300.128
299.343
299.825
300.03
300.173
300.312
300.444
300.528
300.595
300.649
300.686
300.67
300.627
300.549
300.454
300.338
300.2
300.058
299.911
299.382
299.84
300.026
300.166
300.314
300.451
300.532
300.592
300.607
300.603
300.539
300.452
300.311
300.158
299.97
299.788
299.596
299.411
299.379
299.828
300.049
300.195
300.339
300.451
300.506
300.525
300.488
300.419
300.308
300.185
300.035
299.902
299.737
299.617
299.451
299.349
299.398
299.686
299.92
300.092
300.234
300.343
300.423
300.485
300.53
300.566
300.591
300.612
300.625
300.637
300.639
300.649
300.647
300.659
298.343
290.253
289.888
289.696
289.7
290.116
291.002
292.043
293.002
293.837
294.467
295.023
295.49
295.807
296.06
296.225
296.275
296.365
296.749
297.321
297.671
297.764
297.585
297.237
297.112
296.803
296.669
296.561
296.308
296.163
296.004
295.903
294.981
295.617
299.237
301.885
302.607
302.422
301.387
300.422
299.703
298.851
297.965
297.099
296.337
295.684
295.154
294.696
294.287
294.007
293.876
293.801
293.709
293.68
293.87
294.42
295.683
298.156
301.044
302.313
301.969
301.041
300.336
298.904
297.744
297.853
297.814
296.326
296.8
296.051
295.698
300.442
301.59
294.825
293.136
291.653
290.889
289.948
289.32
288.648
288.066
287.558
286.991
286.596
286.049
285.672
285.209
284.829
284.423
284.005
283.632
283.226
282.948
282.759
282.517
282.225
281.962
282.009
281.509
281.37
281.242
280.87
280.638
280.438
280.571
280.889
281.512
282.034
282.119
281.475
280.535
280.352
280.865
280.312
278.908
277.078
274.927
273.532
272.075
269.496
265.141
263.264
267.398
269.979
265.057
260.453
259.58
265.105
273.092
276.938
276.851
276.632
277.135
278.714
280.619
280.257
275.199
274.02
278.528
277.608
276.282
278.629
274.905
272.378
271.392
270.596
271.048
271.028
268.982
266
264.107
262.15
260.784
256.17
258.027
256.981
256.947
256.014
256.886
256.781
256.029
255.385
254.265
253.277
252.548
252.489
252.953
253.557
252.137
254.376
254.948
256.054
258.697
261.001
263.467
259.612
258.514
263.137
269.37
272.524
299.692
288.477
284.525
284.114
285.297
288.344
292.134
295.503
297.799
299.437
300.405
301.178
301.917
302.503
302.987
303.236
303.019
302.53
302.902
303.29
303.296
303.469
303.379
303.014
303.113
302.442
301.945
302.028
300.818
300.374
299.482
298.405
298.215
296.476
295.29
295.142
292.648
289.557
292.822
300.258
301.801
297.693
294.311
292.632
291.109
289.966
289.786
289.966
289.652
289.426
290.027
291.162
291.823
291.717
290.919
289.889
288.545
287.88
288.667
290.455
290.334
294.21
295.991
288.499
285.569
287.797
293.785
294.403
294.149
290.762
290.175
289.403
287.499
285.833
285.383
284.592
284.507
284.124
284.079
283.856
283.714
283.534
283.28
283.302
282.705
282.931
282.208
282.475
281.535
281.246
280.736
279.918
279.469
279.382
279.42
278.815
277.872
279.843
278.382
276.973
277.11
276.552
276.078
275.045
274.184
274.21
274.658
276.247
278.205
278.584
276.647
274.711
274.934
273.754
270.6
269.618
267.295
262.594
261.421
266.402
260.32
246.032
242.152
248.687
246.138
237.172
231.269
233.511
244.486
257.423
263.843
266.505
267.434
271.039
272.593
268.535
265.696
270.959
280.027
270.996
264.146
266.876
261.818
260.435
261.924
267.854
263.275
261.357
258.364
252.067
246.864
242.523
239.909
233.144
234.105
232.542
232.406
230.724
232.843
234.934
234.975
234.337
232.593
230.337
229.315
228.35
228.274
227.504
225.356
226.052
224.502
224.704
227.946
233.299
236.813
224.777
220.405
227.583
242.434
249.718
302.299
293.194
287.381
285.348
288.629
295.184
300.184
303.225
304.394
304.741
304.501
304.317
304.403
304.608
304.913
304.791
304.721
304.346
304.048
303.43
301.841
301.535
301.339
301.648
302.375
301.64
301.96
302.158
301.406
301.537
301.113
300.71
300.101
299.509
299.917
299.269
299.059
297.585
293.104
291.587
293.043
294.104
295.839
297.451
296.69
294.632
294.062
295.612
296.126
294.801
294.115
295.151
296.093
296.127
296.64
296.082
295.566
295.109
292.269
290.536
288.077
287.839
285.243
288.91
290.177
290.791
293.155
290.444
289.266
288.311
287.747
287.097
287.082
287.352
287.863
288.292
288.965
289.482
290.077
290.389
290.684
290.703
290.823
290.975
290.556
291.331
290.532
291.988
291.071
291.448
290.539
289.721
289.056
289.089
289.233
288.933
286.41
289.095
288.903
285.787
285.432
284.464
283.958
283.872
281.791
281.632
280.151
278.168
278.087
278.351
277.893
278.7
277.168
272.363
270.638
272.641
266.938
258.488
261.82
284.259
292.585
269.502
246.654
243.599
238.239
229.552
231.622
237.185
243.311
251.007
259.162
263.012
262.882
269.336
270.782
261.627
261.317
271.548
283.153
271.374
255.735
274.293
258.18
261.325
265.075
279.503
269.222
262.818
257.341
248.509
241.194
235.691
232.199
239.287
231.631
227.312
225.999
226.186
223.498
221.366
223.594
225.967
225.412
222.938
225.081
227.556
228.586
225.907
231.85
224.54
216.683
213.172
210.47
216.189
220.282
207.811
206.249
213.476
229.943
234.936
303.252
295.596
291.203
292.275
297.501
302.355
304.414
304.333
303.084
302.148
301.635
302.03
303.208
304.264
304.604
303.823
302.407
301.158
298.444
296.595
295.605
294.954
294.947
293.985
295.127
296.094
294.707
295.005
295.805
294.257
292.391
291.649
291.229
291.044
292.047
293.552
295.792
297.699
297.162
296.614
295.395
293.862
292.652
290.129
289.325
290.878
291.993
293.283
293.983
293.344
292.679
293.531
294.5
293.399
292.295
294.082
296.448
296.564
294.214
288.109
288.111
295.249
290.722
288.724
290.393
291.818
290.228
288.343
287.781
287.55
288.271
288.979
290.565
290.965
292.145
292.191
293.269
292.808
293.423
292.459
293.042
291.953
292.625
291.589
291.962
291.354
291.603
292.45
292.864
293.278
292.83
292.944
293.408
293.816
292.814
293.948
293.234
293.137
294.239
293.212
292.22
291.363
288.928
290.166
288.718
288.424
288.384
286.199
283.974
278.313
274.345
280.886
278.096
267.342
271.449
286.046
274.58
256.36
263.742
290.836
311.057
298.437
266.819
249.918
238.925
231.926
238.149
244.464
247.302
251.924
259.94
259.961
258.133
269.57
272.21
266.482
262.448
263.481
282.168
278.924
253.921
269.202
264.074
268.595
265.817
273.73
270.722
265.407
257.465
247.61
239.976
237.297
234.961
252.15
243.106
237.245
229.769
229.899
228.24
222.033
218.272
220.216
221.172
218.997
224.476
233.96
238.941
238.572
257.577
241.837
223.078
216.754
207.355
207.411
208.166
199.913
206.8
217.211
226.063
225.81
304.462
299.239
296.98
299.418
302.715
303.877
303.357
301.992
301.371
302.272
303.958
305.964
307.604
308.373
306.64
303.306
299.21
295.717
292.887
290.69
289.713
287.848
288
288.931
289.163
290.607
291.407
290.483
289.632
289.278
288.814
287.572
285.535
285.725
285.353
284.625
288.455
291.336
293.112
295.335
294.685
294.029
293.64
291.576
291.821
293.888
294.851
295.219
293.212
292.413
293.986
295.383
294.981
293.258
292.057
292.169
292.92
294.481
293.71
289.378
292.863
295.158
288.25
288.228
289.652
289.338
288.089
288.175
289.406
291.177
293.375
294.525
295.219
294.631
294.93
293.9
293.734
291.832
291.384
289.513
289.641
288.307
288.922
288.149
288.726
287.841
288.296
288.501
289.36
289.442
289.841
290.897
292.404
293.283
292.309
293.004
292.763
294.579
294.718
296.08
295.627
296.526
294.439
295.106
295.418
294.047
294.489
291.815
291.457
287.608
277.204
284.503
284.049
266.657
267.837
290.146
291.834
267.058
266.177
282.731
298.827
306.251
283.602
261.885
245.746
237.781
245.826
251.256
251.903
256.031
259.59
257.166
262.153
269.456
268.564
267.674
266.92
258.785
288.89
284.662
278.687
257.035
270.275
278.005
269.794
271.274
268.028
263.934
258.782
246.385
241.898
240.427
232.177
247.748
244.926
240.409
239.894
243.069
237.233
230.41
221.638
219.693
220.787
216.123
219.252
233.317
245.287
250.08
265.294
260.634
234.71
226.318
215.019
208.087
201.711
196.649
208.439
218.893
221.997
221.565
305.256
302.283
301.654
303.318
303.79
303.088
302.403
301.755
302.782
304.714
306.134
306.518
305.825
304.217
299.832
293.711
290.261
289.274
289.303
287.718
286.926
286.585
285.95
286.494
286.068
285.712
286.766
286.588
286.004
286.521
286.585
286.048
286.024
284.527
282.746
282.825
282.962
285.539
289.828
292.281
294.413
296.185
297.297
295.532
296.226
295.068
293.525
295.173
292.685
292.976
296.55
296.098
290.829
285.017
282.76
283.098
283.64
285.184
286.381
286.46
290.466
290.282
288.175
290.198
289.891
289.54
290.112
292.303
294.441
296.36
296.716
295.211
293.255
291.55
290.418
288.971
287.648
286.263
285.543
285.077
285.224
284.948
285.248
285.199
285.452
285.168
285.129
285.243
285.82
286.152
286.634
287.146
288.097
289.649
291.367
290.777
290.142
292.136
292.673
293.175
294.291
296.059
296.148
294.399
296.94
296.084
297.204
296.846
294.077
296.004
286.688
286.304
291.482
278.897
267.322
274.118
284.715
274.855
274.815
282.324
288.144
299.787
293.981
275.582
253.303
245.08
252.863
255.962
254.041
254.488
254.297
256.182
267.441
270.076
268.432
266.596
264.523
270.182
286.814
286.779
284.348
263.508
272.807
279.792
272.178
275.676
268.623
259.742
250.355
248.173
254.089
249.459
232.473
247.796
251.534
241.594
239.216
250.697
245.788
239.432
229.742
224.346
226.447
220.059
215.426
225.442
240.528
246.584
245.099
260.809
243.009
234.446
226.118
215.537
201.511
195.634
208.601
217.293
223.397
221.706
305.575
304.097
304.022
303.707
302.626
301.991
302.037
301.629
301.97
302.608
303.209
303.52
302.72
299.872
295.711
292.155
293.275
296.396
298.917
298.952
296.47
294.746
293.35
292.592
293.005
292.055
290.282
290.684
291.915
290.965
289.893
288.108
285.569
284.845
284.261
283.234
283.255
282.694
283.446
287.498
288.387
289.939
292.609
292.34
295.25
293.579
295.009
294.524
290.337
294.932
296.914
290.523
285.262
283.884
285.313
286.216
285.608
285.31
285.302
286.673
289.427
289.791
290.697
291.677
291.283
292.524
294.384
296.297
296.334
295.188
292.196
289.375
287.255
286.798
286.379
286.139
285.739
286.148
286.64
288.051
289.078
290.073
290.473
290.561
290.378
290.006
289.339
288.616
288.646
288.71
289.405
288.739
288.519
290.284
291.603
289.044
292.073
292.322
293.89
293.52
293.612
294.203
297.807
294.286
294.769
295.224
295.276
299.032
293.957
295.958
296.668
292.163
292.887
290.097
280.156
277.504
282.477
281.778
280.93
284.116
289.808
296.943
296.713
282.539
257.735
251.775
257.675
256.73
253.248
251.922
255.759
264.584
266.022
263.127
268.047
270.161
270.379
292.216
280.982
286.339
283.628
265.881
272.526
279.939
275.658
279.962
270.058
262.028
251.878
256.039
262.041
252.348
244.79
248.171
250.444
247.652
238.516
247.742
247.022
244.839
240.116
231.523
232.801
231.256
220.566
221.238
234.103
237.364
230.987
251.959
246.415
238.078
235.231
225.557
204.767
196.05
208.738
217.395
227.739
222.033
305.462
304.455
303.627
302.266
301.664
301.652
301.55
300.635
301.003
301.881
302.388
301.946
299.39
294.696
292.035
294.098
299.403
302.564
301.139
298.749
297.202
296.62
296.669
296.637
296.434
296.487
296.064
294.703
294.189
293.805
292.961
291.516
288.239
286.158
287.641
288.564
289.261
290.616
290.169
289.74
291.16
292.682
291.915
292.448
291.563
291.483
293.002
289.526
294.219
297.243
291.747
289.404
290.394
290.99
293.052
289.753
284.648
285.276
286.452
287.611
289.511
290.071
290.801
291.73
292.299
293.807
295.459
295.985
294.445
291.729
288.896
287.515
287.307
288.82
290.136
291.322
291.359
291.128
290.267
290.087
289.928
290.568
291.279
291.848
292.126
291.881
291.329
290.019
289.683
288.999
290.124
290.891
290.661
292.706
293.346
293.625
292.14
293.299
294.591
295.156
296.397
294.238
297.24
297.61
297.907
298.493
295.192
301.57
296.645
292.184
299.284
298.805
291.897
294.786
292.044
283.736
281.764
281.989
281.103
282.656
290.311
299.296
297.031
282.507
258.656
257.117
261.62
256.646
254.015
255.194
265.23
275.472
292.701
278.685
265.532
270.543
272.701
281.955
276.967
277.419
286.434
266.311
277.253
284.445
279.143
280.413
269.619
260.257
253.708
256.272
261.355
258.561
259.823
251.605
248.377
251.938
242.712
246.518
245.032
241.778
243.726
238.048
235.28
239.513
230.38
223.738
233.964
231.491
226.722
248.628
249.659
239.466
240.769
235.595
210.089
197.606
208.568
219.569
230.273
221.098
305.055
303.931
302.5
301.897
301.801
301.165
300.661
300.363
300.545
300.155
299.205
297.06
293.08
290.242
291.671
295.882
298.517
298.224
296.128
295.019
295.78
297.217
297.611
297.519
297.339
296.699
296.917
297.566
297.575
297.554
297.298
295.277
292.114
289.504
287.935
287.218
287.05
287.156
288.864
289.843
289.288
290.102
290.656
290.516
291.034
291.534
290.198
294.305
297.541
290.702
287.288
291.441
294.001
291.894
292.503
289.695
286.632
288.584
288.852
289.094
290.689
291.692
291.385
292.285
293.815
293.436
292.724
291.306
288.463
285.478
283.791
284.18
285.983
288.764
291.34
293.113
293.388
292.888
291.497
289.951
288.114
287.271
287.447
288.566
290.497
291.636
292.444
290.901
289.423
287.506
286.512
288.456
289.845
290.37
291.609
295.049
294.596
294.335
296.661
296.371
296.777
297.146
297.155
297.68
296.995
300.791
295.005
299.578
302.7
295.922
297.637
303.821
295.25
293.846
298.11
295.874
293.79
292.467
287.105
279.397
282.454
297.803
297.642
279.857
257.67
261.359
264.592
257.295
254.706
263.263
272.642
271.14
310.449
301.364
284.107
283.846
273.251
289.325
274.899
268.656
280.657
271.881
287.663
288.928
283.265
279.67
269.881
259.044
247.61
260.486
266.598
271.277
255.903
245.735
251.839
257.735
250.554
247.262
243.884
239.509
243.972
243.352
238.223
244.073
240.627
230.859
240.929
232.872
226.082
249.065
252.536
239.353
245.566
245.921
217.221
200.764
209.586
223.242
231.319
219.972
304.553
303.275
302.082
301.991
300.996
299.713
299.376
299.198
298.867
298.698
298.032
294.998
291.407
290.341
290.568
290.368
289.662
290.008
290.773
292.105
293.437
294.21
294.424
294.186
294.237
294.441
294.627
295.229
296.358
297.255
297.797
298.05
297.049
294.34
292.058
290.429
287.636
286.62
288.539
290.423
292.49
292.98
291.686
291.406
290.8
291.279
294.84
295.784
288.711
285.417
290.544
295.699
292.671
288.562
292.154
292.492
290.897
292.142
292.052
293.038
292.731
294.29
295.018
294.776
296.238
296.078
294.874
293.361
292.146
290.947
290.946
291.918
292.889
293.382
292.931
292.503
292.688
293.838
295.067
296.075
296.955
297.615
297.629
296.725
297.297
298.035
300.301
301.136
298.818
294.948
291.006
288.627
289.619
289.729
292.794
291.405
294.413
294.445
294.703
298.428
297.317
298.793
298.998
300.986
298.109
302.826
300.167
298.351
300.216
297.228
296.579
305.846
299.933
293.017
297.748
300.037
299.821
303.86
302.228
289.103
283.975
298.5
302.585
281.091
258.412
265.412
267.761
258.898
254.585
267.482
270.668
267.745
312.368
298.992
293.031
289.471
266.899
292.105
261.063
250.569
265.144
281.306
290.085
285.569
282.098
278.206
270.993
269.746
262.898
263.012
263.005
259.942
245.207
238.382
252.414
256.309
249.503
245.853
244.156
240.18
242.306
245.532
239.277
243.792
245.806
235.911
248.541
237.968
226.875
249.711
254.754
238.286
252.369
258.51
225.542
204.649
211.344
226.941
232.215
220.044
304.08
302.917
302.192
301.348
299.437
298.008
298.283
299.35
299.847
299.527
297.179
292.844
289.922
287.713
285.824
285.832
287.061
289.64
291.564
292.824
293.901
294.694
294.541
293.706
292.526
291.597
291.735
292.862
294.486
295.914
296.526
296.379
295.915
295.131
294.341
293.135
291.315
290.324
290.376
291.315
292.278
292.244
291.875
291.518
292.769
295.729
294.877
289.46
286.583
289.888
293.867
294.83
291.165
288.141
290.108
290.959
291.583
293.009
292.15
295.071
294.951
295.151
297.418
296.808
297.058
297.219
296.468
295.094
294.195
293.656
293.477
293.527
294.059
294.621
295.268
296.294
297.285
297.378
296.319
296.128
298.675
301.387
304.226
305.006
304.894
303.471
302.188
303.653
305.567
301.892
298.516
293.913
292.643
292.085
291.692
293.903
293.683
296.757
296.568
295.982
298.389
298.588
298.018
302.089
300.031
299.988
301.249
302.291
304.309
303.057
298.013
306.105
305.124
296.399
298.402
302.599
304.637
310.786
312.387
297.484
287.238
298.968
308.633
285.408
260.521
268.782
270.011
260.879
255.109
264.105
263.383
278.859
315.367
297.312
286.931
287.709
275.47
288.603
248.898
246.093
262.533
287.827
281.683
279.668
276.556
272.707
261.026
263.657
269.345
263.349
262.581
256.739
236.659
236.908
252.143
252.765
247.777
244.181
244.928
239.432
241.371
252.385
246.421
246.015
247.734
237.014
252.828
242.13
228.561
252.23
257.523
237.587
258.736
272.653
234.813
209.235
213.517
230.525
233.82
222.173
303.662
302.703
301.802
299.931
298.094
297.633
299.203
300.132
300.149
300.987
299.879
296.281
293.245
291.619
291.44
292.206
292.649
294.29
295.865
297.649
298.925
299.545
298.818
297.26
295.145
293.284
292.326
292.732
294.17
295.472
295.845
295.143
293.817
292.419
291.947
292.142
292.006
291.848
292.05
292.177
291.821
291.193
291.469
293.325
295.123
293.844
290.417
288.993
291.022
293.669
293.308
292.457
293.043
293.354
293.558
293.176
293.097
295.471
294.628
294.67
295.4
295.217
295.989
295.886
295.918
295.718
295.303
294.461
293.892
293.428
292.878
292.236
291.454
290.486
289.462
288.733
288.782
290.036
293.006
297.296
299.905
298.508
297.211
297.668
298.263
297.225
296.779
296.197
301.847
302.303
300.04
295.644
293.458
294.358
291.407
293.457
295.449
293.7
299.006
297.859
298.278
302.909
298.931
302.228
303.844
300.846
303.97
299.932
297.978
304.873
298.115
300.827
307.317
301.761
299.811
300.712
301.925
306.101
313.866
306.643
292.05
296.825
312.373
291.441
264.495
271.826
272.518
262.563
257.88
260.988
263.594
297.297
315.936
298.541
286.428
289.9
286.394
288.39
243.262
254.747
260.873
274.235
268.346
273.829
266.266
260.756
256.155
260.814
262.472
266.366
262.463
256.222
231.187
238.049
254.225
247.279
247.389
238.581
241.562
238.031
241.17
255.232
254.912
251.14
249.832
237.098
255.26
245.227
230.131
255.571
259.742
238.109
262.262
285.44
243.768
213.367
215.869
234.217
236.056
225.994
303.206
302.258
301.02
299.744
298.783
298.535
300.781
301.637
299.789
300.683
302.176
300.097
297.05
295.387
294.667
294.731
294.986
296.617
298.07
299.152
298.918
298.521
298.042
297.407
296.252
294.871
293.275
292.256
292.329
293.486
294.678
294.983
294.513
293.468
292.962
293.584
293.564
292.772
292.249
291.83
291.864
292.411
293.838
295.508
294.582
290.812
288.92
290.076
292.93
295.279
293.659
290.437
291.062
293.222
293.445
294.608
294.074
293.639
294.632
293.685
292.427
293.138
294.041
293.981
294.6
294.402
294.128
293.906
293.556
293.411
293.489
293.562
293.317
292.935
292.034
290.674
289.529
289.755
290.169
291.873
295.367
299.582
300.928
300.308
299.492
294.015
292.826
293.486
298.451
302.808
301.073
299.314
294.343
293.31
294.768
291.492
296.761
297.907
296.222
301.305
295.63
301.995
299.961
297.855
306.304
298.252
303.964
311.065
301.691
308.432
306.542
299.908
304.176
305.809
306.288
303.087
300.583
301.075
309.905
310.251
294.159
293.888
315.077
300.235
269.472
273.678
275.4
263.508
262.688
262.923
276.188
308.682
317.921
305.62
298.495
293.856
292.93
290.033
243.986
257.715
253.568
263.682
265.466
263.953
257.261
261.986
260.906
261.277
256.367
258.626
255.841
251.344
235.435
233.393
246.847
234.79
240.354
229.06
235.327
238.435
239.546
247.526
257.02
257.722
252.688
237.314
256.33
246.444
231.409
259.678
262.789
239.521
261.369
292.959
251.481
217.802
218.953
238.01
239.059
231.289
302.731
301.808
300.705
300.005
299.516
298.664
298.354
296.975
295.178
298.143
302.057
301.35
298.346
297.158
296.638
296.531
296.063
295.784
295.478
294.985
294.493
294.818
295.1
295.325
295.421
295.391
294.659
293.694
292.531
291.681
291.856
293.088
294.177
294.04
292.879
292.655
293.199
292.97
292.823
293.262
294.123
295.277
294.736
293.02
292.099
289.74
288.155
288.851
291.57
294.709
295.014
292.579
292.34
294.258
292.868
293.106
295.417
293.907
293.45
294.64
294.005
294.62
295.862
295.445
295.256
295.112
294.522
294.019
293.378
292.838
292.621
292.513
293.381
293.722
293.017
292.14
290.246
291.163
293.241
295.771
297.39
297.857
298.539
300.026
303.985
301.622
297.184
300.172
301.253
302.93
301.549
298.25
296.342
291.888
294.189
295.54
295.149
299.233
298.238
301.561
301.932
302.038
307.777
297.224
306.029
303.963
297.398
307.591
302.513
300.042
306.949
305.735
302.403
302.08
307.473
308.416
303.756
300.313
306.68
312.139
297.192
293.523
316.481
309.996
276.924
276.229
278.788
263.884
268.979
269.483
293.956
312.712
317.002
309.85
311.422
297.714
298.093
309.158
266.24
251.402
251.795
263.885
268.53
266.564
260.562
262.275
262.979
263.031
258.042
256.504
253.18
239.461
232.942
225.601
230.758
226.206
236.62
223.818
229.572
244.397
243.343
238.531
251.522
265.466
259.341
240.831
258.751
245.263
233.563
264.975
266.056
240.778
259.44
294.857
256.803
221.13
221.27
241.698
242.4
238.011
302.06
300.704
299.645
298.945
298.622
298.771
298.673
298.883
298.1
294.679
297.31
301.253
298.214
295.565
294.942
295.044
294.325
293.981
294.627
295.96
297.329
298.173
298.488
298.548
298.198
297.574
296.707
296.229
295.834
294.997
293.422
291.97
291.933
293.428
294.137
293.427
293.524
294.414
295.124
295.921
296.484
296.886
296.306
292.419
290.035
289.472
287.932
287.734
290.009
293.041
294.157
292.692
292.89
296.351
296.842
294.575
295.71
296.614
295.089
295.611
296.161
295.896
296.356
295.843
295.392
295.023
294.685
294.415
293.881
292.933
292.06
291.223
291.86
292.558
292.917
294.05
291.474
289.153
291.822
297.665
302.569
302.188
299.432
297.721
297.371
298.946
296.379
299.484
305.634
300.59
302.818
298.109
296.989
296.573
294.639
298.009
301.718
300.947
302.913
298.863
304.071
296.372
304.46
302.831
301.955
307.244
301.201
305.267
311.264
303.992
307.013
309
307.017
302.535
304.368
309.104
307.881
302.804
305.075
313.196
302.123
295.599
315.447
316.626
284.003
278.264
282.659
263.626
274.993
279.639
306.905
312.071
317.777
312.591
314.459
297.513
301.285
293.649
265.555
248.996
252.344
263.173
270.558
265.304
253.818
261.771
267.697
258.391
262.59
254.012
247.373
239.776
238.369
230.569
228.802
224.891
232.457
224.807
224.069
237.792
239.094
232.856
245.317
265.921
263.435
245.138
261.444
241.949
237.764
271.44
269.624
242.295
258.709
293.991
259.778
223.56
224.457
245.329
245.476
244.876
300.893
298.412
297.889
297.62
297.201
297.781
299.159
299.651
296.684
292.815
295.855
300.131
300.666
299.253
297.854
297.682
297.947
298.031
297.658
296.983
296.265
295.935
295.832
296.254
296.765
297.334
297.534
297.22
296.891
297.155
297.368
296.702
295.063
294.296
295.436
296.535
296.291
296.264
297.13
297.699
297.439
295.795
294.907
294.527
292.408
291.558
290.012
288.665
289.707
291.825
293.583
292.941
291.931
293.744
296.77
297.038
296.28
296.776
296.272
295.227
295.221
295.223
295.551
295.722
295.826
295.67
295.652
295.533
294.157
293.294
292.784
291.447
291.19
291.676
291.211
292.889
294.041
292.507
291.219
293.09
298.605
302.609
301.892
301.269
299.635
297.337
298.406
296.105
301.667
301.655
301.087
299.5
296.856
296.362
295.229
297.755
298.679
300.528
306.405
302.618
308.032
304.754
304.146
304.344
300.209
307.244
305.417
301.515
307.951
301.461
305.768
307.466
306.986
302.386
304.144
308.944
308.325
303.498
304.859
313.77
306.715
297.477
313.196
321.343
291.636
279.925
288.08
263.622
275.314
292.225
311.054
309.593
317.858
316.858
314.769
298.221
304.457
280.227
259.908
251.046
256.368
267.429
273.327
256.244
245.227
258.554
268.25
245.827
261.371
256.745
253.825
266.516
245.979
239.377
237.464
234.802
238.639
227.674
222.841
228.837
231.463
231.408
244.845
262.242
258.435
246.946
262.258
236.195
245.129
279.077
272.38
243.186
259.883
291.863
260.787
226.146
227.571
248.683
247.974
250.14
299.301
296.204
297.222
297.572
296.003
295.158
294.696
293.539
293.292
295.522
297.268
296.725
298.136
299.43
299.048
298.673
298.468
298.191
298.372
298.58
298.831
298.719
298.283
297.621
296.735
296.361
296.397
296.426
296.007
295.587
295.734
297.004
298.046
297.43
296.619
297.397
298.539
298.436
298.267
298.3
297.948
296.931
294.59
293.737
293.306
292.305
291.523
290.382
290.481
291.454
292.707
293.154
292.971
292.871
294.318
296.027
296.451
296.51
296.52
296.235
296.065
295.913
295.87
296.352
296.308
296.558
296.167
295.404
293.869
292.872
292.233
289.982
289.151
291.544
291.572
292.945
294.762
294.621
293.994
296.295
299.431
299.69
301.14
299.458
300.298
296.833
296.725
298.884
300.189
298.802
299.503
296.27
296.082
298.171
295.534
297.646
298.126
295.663
299.955
298.971
301.151
301.911
303.515
309.286
301.805
305.237
306.704
303.209
311.949
306.4
306.257
307.316
309.863
304.834
304.824
308.759
308.25
303.864
305.437
313.751
308.431
298.44
311.723
323.552
299.838
281.024
292.813
267.824
270.079
295.57
306.893
303.836
316.571
319.134
315.139
297.886
290.585
266.479
252.102
255.621
261.71
266.501
266.041
244.49
242.286
262.031
268.122
239.319
257.792
257.279
255.861
277.074
243.081
243.33
238.681
235.132
247.353
242.616
229.289
228.502
229.259
229.754
245.489
260.415
250.317
248.753
261.389
230.939
253.644
285.106
273.44
244.489
262.594
289.554
260.554
226.657
229.204
252.314
250.013
252.373
298.728
295.712
294.961
293.998
293.635
293.754
295.1
295.704
296.316
295.22
294.326
294.315
295.722
296.62
296.924
297.508
297.592
297.647
297.685
297.559
297.383
297.07
297.345
297.862
298.256
298.193
297.673
297.341
296.975
296.258
294.911
293.76
294.661
297.067
298.288
297.866
297.912
298.576
298.539
298.511
298.272
296.844
295.48
294.232
294.154
293.984
293.19
291.369
289.814
289.79
290.812
291.69
292.746
293.276
293.597
294.745
295.644
296.429
296.911
296.943
297.061
297.128
297.187
296.916
296.966
296.069
294.645
293.278
291.057
288.787
289.248
289.284
288.775
291.908
293.698
295.876
296.88
296.574
296.148
297.553
301.992
299.364
301.449
301.739
301.105
296.442
295.06
297.83
300.197
297.577
297.893
298.735
298.99
298.306
302.272
299.409
302.422
300.483
303.572
301.87
300.693
305.014
299.549
306.004
304.411
305.499
310.988
303.425
307.279
307.491
305.498
305.734
309.086
306.058
303.428
306.635
307.632
304.42
305.398
312.972
309.464
300.718
311.178
323.64
307.33
283.715
293.412
276.864
267.32
289.419
297.253
296.952
314.252
320.484
319.158
300.311
287.571
265.566
248.394
263.63
265.256
261.446
254.57
242.366
242.775
267.465
261.521
238.111
248.681
253.592
263.076
283.642
254.637
258.564
253.77
235.174
235.485
249.148
241.349
232.679
226.918
224.302
241.715
258.664
246.485
253.083
259.262
229.095
260.808
287.583
272.113
247.017
266.263
287.274
258.912
228.379
233.257
255.79
252.189
251.136
298.341
294.959
294.45
294.168
295.042
296.797
298.281
298.552
299.137
298.949
298.322
296.801
296.744
296.828
296.343
296.622
296.662
296.548
296.456
296.487
296.534
296.195
296.044
296.12
296.406
296.656
296.443
296.629
297.292
297.881
297.972
296.444
293.65
292.337
294.323
297.339
298.332
298.477
298.444
297.439
297.229
298.064
296.91
295.685
294.451
293.694
293.724
293.762
292.276
290.277
289.368
289.063
289.699
290.909
292.02
293.142
294.275
295.169
295.814
296.435
296.378
296.24
296.32
294.988
294.679
292.739
291.196
289.252
289.307
288.202
289.372
292.218
292.852
295.353
296.025
298.28
300.76
297.147
297.563
300.895
301.666
298.996
300.858
300.974
296.895
297.064
298.694
300.201
297.828
298.019
301.237
300.046
306.1
300.873
303.198
299.177
302.227
301.781
302.326
307.172
300.91
306.792
303.246
304.489
306.791
301.064
309.668
307.03
307.709
310.17
305.399
305.009
308.11
308.333
304.591
307.134
308.111
304.571
304.03
311.091
309.417
302.318
310.111
321.75
311.738
287.085
290.927
286.856
270.317
282.781
288.92
292.454
312.907
322.024
319.806
302.72
293.941
279.011
253.546
266.574
270.069
260.305
252.379
249.397
241.438
261.614
251.593
237.635
240.862
249.349
291.972
293.199
272.203
282.601
274.671
254.945
238.595
248.845
250.077
241.158
230.871
223.231
236.38
251.915
244.987
257.881
256.499
231.705
266.712
287.512
268.675
251.137
270.593
284.612
256.986
228.286
234.625
259.111
254.819
247.41
298.488
294.971
293.692
293.575
295.756
297.758
297.425
297.399
297.439
297.867
298.805
297.921
296.436
296.681
297.149
297.003
296.951
297.148
297.084
297.284
297.799
297.755
297.653
297.694
297.737
297.629
296.571
295.352
295.338
295.919
296.653
297.633
297.233
294.706
292.364
293.204
296.223
297.837
298.32
299.192
297.255
296.127
296.319
296.249
296.118
295.482
293.974
293.289
292.884
292.031
290.889
289.814
289.126
288.96
289.584
290.244
291.265
292.256
292.995
293.496
294.164
293.787
293.372
292.646
290.535
289.567
288.013
286.883
290.228
290.927
293.368
296.736
296.7
298.168
299.48
299.145
299.86
296.587
296.681
300.376
298.643
300.342
300.319
298.514
299.155
299.921
301.236
302.282
300.555
300.279
304.541
304.183
305.791
299.504
303.257
301.173
301.105
303.643
301.148
306.757
301.898
306.763
308.316
305.003
310.368
301.826
307.934
306.849
304.198
310.102
306.795
305.701
307.372
309.145
303.862
306.119
308.222
305.384
303.407
309.862
309.647
303.56
309.241
320.166
314.56
291.197
288.143
292.726
276.464
279.654
284.803
290.176
312.329
322.805
321.632
305.528
296.187
285.263
263.523
268.417
276.928
262.134
250.572
248.976
239.856
254.307
246.289
237.242
239.599
245.369
308.828
302.671
293.172
299.826
273.39
258.972
239.215
246.882
255.269
250.27
238.567
226.034
232.588
243.186
243.502
261.247
253.727
236.087
270.105
285.647
264.924
257.063
274.62
281.357
253.36
228.96
238.94
263.819
257.577
242.969
298.27
294.749
293.894
295.239
298.338
299.285
298.448
299.224
298.276
297.729
296.767
297.102
297.911
298.112
297.685
296.856
296.715
296.623
296.215
296.513
296.95
297.056
297.346
297.187
296.518
296.441
296.856
297.038
297.333
296.675
294.964
295.531
297.582
297.8
295.171
291.593
291.819
296.027
297.864
297.152
298.52
297.663
296.434
295.477
295.167
295.712
295.482
294.715
293.568
292.55
291.718
290.804
290.028
289.233
289.126
289.13
289.564
290.072
290.58
290.812
291.1
290.943
289.749
289.616
287.489
289.101
289.244
290.531
293.092
295.599
297.576
297.11
298.276
297.876
296.092
298.127
298.148
296.179
296.707
298.533
297.637
298.952
301.144
300.935
300.822
302.622
303.926
302.772
300.581
305.588
308.091
303.398
304.31
299.077
301.706
301.377
303.113
304.985
302.416
307.88
304.145
304.516
308.488
303.048
310.124
304.35
306.776
308.604
304.802
309.49
307.593
305.226
305.117
309.987
305.383
306.3
308.895
306.402
303.405
308.773
309.711
304.15
307.582
318.223
316.417
295.662
286.931
294.322
283.59
280.751
284.706
290.682
312.971
324.013
323.399
309.715
298.047
293.383
278.316
272.192
283.609
268.618
251.697
248.444
238.37
249.801
244.156
237.496
242.05
241.677
288.501
298.061
309.214
307.247
275.564
267.299
245.523
244.577
255.907
256.17
249.173
231.382
230.731
235.984
240.959
262.077
251.541
240.699
272.672
284.066
262.386
264.409
278.14
277.885
250.528
229.939
241.955
266.25
260.123
239.825
298.19
295.212
294.339
295.483
298.661
299.103
298.412
298.572
298.97
299.374
299.214
298.247
296.883
296.338
296.351
296.454
296.925
296.754
296.264
296.75
297.453
297.736
297.561
297.625
297.71
297.563
297.012
295.498
294.15
295.784
297.615
296.332
294.779
295.496
297.432
296.941
292.469
289.714
294.674
298.469
297.545
297.154
297.301
296.629
295.29
294.743
295.256
295.174
294.404
293.487
292.718
291.869
291.342
290.549
289.642
289.097
288.792
289.035
288.972
289.06
288.316
288.76
287.189
288.193
287.473
290.759
292.012
294.774
294.93
296.006
296.94
295.011
295.366
294.572
292.853
294.931
294.313
294.162
296.199
297.214
297.498
301.559
301.922
301.737
304.246
303.896
303.654
302.666
305.222
308.584
306.355
301.53
300.864
298.262
302.76
301.751
301.577
304.976
302.783
305.992
307.139
305.979
311.644
304.217
307.589
305.701
304.886
307.193
303.503
306.455
307.725
306.914
305.249
309.702
306.029
305.218
308.733
306.925
303.663
308.045
310.387
305.257
306.356
316.255
317.646
300.107
287.567
291.984
288.915
284.982
288.31
293.009
314.545
324.917
325.253
313.593
301.727
302.169
291.392
279.233
288.725
278.083
258.191
252.772
239.534
248.068
246.287
239.888
240.519
230.963
253.518
279.122
313.793
312.728
274.873
266.026
260.337
251.748
256.036
257.367
261.194
240.277
232.653
232.632
238.205
261.179
250.061
243.61
273.075
282.966
261.675
271.764
281.105
273.428
246.574
230.737
245.931
271.703
263.218
239.468
298.259
295.47
293.842
294.276
297.226
298.873
298.184
297.537
297.852
298.128
297.605
297.966
298.185
297.668
296.699
296.333
296.158
295.496
295.761
296.755
297.475
297.596
296.697
295.833
295.851
296.82
296.982
297.042
297.098
296.319
295.631
294.872
295.984
296.771
295.425
295.508
297.026
294.525
289.25
292.256
297.797
298.158
296.543
296.816
296.844
295.185
294.364
295.004
294.819
294.252
293.727
292.666
292.086
291.678
290.917
290.307
289.288
289.084
288.447
288.394
287.764
288.39
288.842
290.194
290.947
293.498
293.79
296.538
294.857
295.327
294.736
292.918
294.674
293.632
292.459
294.847
294.795
296.969
298.323
297.169
299.003
301.072
300.939
301.958
304.453
302.725
302.4
303.086
305.68
307.106
302.479
298.866
299.828
299.603
301.828
302.162
303.979
305.209
303.361
305.513
307.644
302.096
308.608
304.526
306.296
307.972
304.837
307.314
305.085
305.356
307.167
306.129
303.747
308.033
306.94
305.226
308.721
307.175
303.662
306.974
310.627
306.172
305.231
314.521
318.448
303.629
289.974
288.666
292.22
291.149
293.67
296.526
316.728
325.699
326.925
318.445
306.037
305.038
302.033
291.485
293.631
290.723
272.397
261.639
245.872
249.378
250.524
244.863
238.527
224.281
231.02
267.361
316.634
310.851
271.193
259.285
264.177
260.684
257.433
255.691
271.395
250.774
236.717
232.234
235.03
259.399
249.991
245.009
272.665
282.543
263.573
277.896
283.114
269.155
243.666
233.761
250.242
274.127
265.3
242.649
297.44
295.47
294.687
293.732
295.502
297.698
297.869
297.801
297.907
298.678
298.631
297.479
297.41
297.521
297.1
296.733
296.369
296.14
296.651
297.251
297.567
297.463
297.173
297.146
297.049
297.481
297.477
295.887
294.99
294.566
295.769
297.836
295.033
293.521
296.579
297.186
294.545
295.758
295.216
290.084
290.506
296.819
298.333
296.404
296.098
296.54
295.284
294.593
294.572
294.147
294.06
293.938
293.691
293.052
292.095
291.178
290.66
290.028
289.834
289.752
290.249
290.327
292.63
292.934
295.054
295.124
295.987
296.78
295.037
295.932
293.038
293.291
294.841
294.369
294.377
295.097
296.62
298.494
299.983
299.974
301.435
300.78
298.801
301.128
302.285
298.714
300.598
301.967
303.827
301.544
296.875
297.204
298.335
299.123
302.227
301.796
303.509
304.908
304.407
305.161
308.753
302.714
308.299
304.67
303.2
307.368
304.953
306.339
305.003
302.726
305.495
306.4
304.327
307.801
307.391
304.421
308.1
307.712
303.968
305.962
310.261
307.067
304.267
312.25
319.455
306.69
293.211
285.376
293.04
296.46
299.005
300.225
318.805
326.667
327.828
323.591
311.328
308.046
305.107
298.815
296.449
299.963
289.916
277.179
260.325
260.401
258.558
253.31
236.22
229.532
224.604
260.061
310.371
298.911
267.042
261.079
268.087
271.206
261.688
253.058
278.233
261.957
242.7
234.208
232.529
256.905
251.162
245.632
271.294
282.859
265.841
283.027
285.04
264.459
241.069
235.066
252.718
278.408
270.157
249.547
298.05
296.957
296.415
294.3
294.429
296.088
296.629
297.042
297.885
297.844
298.122
297.65
297.121
297.028
297.109
296.827
296.517
296.698
296.813
297.078
297.09
296.714
296.543
296.672
296.377
295.735
295.418
295.505
295.517
296.981
295.889
293.772
296.388
296.616
293.183
294.802
297.982
295.441
294.588
295.487
290.423
289.624
295.6
298.174
296.573
295.87
295.518
295.269
295.044
294.361
294.186
293.723
293.703
294.253
294.082
293.127
292.627
292.15
292.251
292.666
293.832
293.268
295.204
294.507
297.265
296.068
297.062
295.589
294.969
296.179
293.668
295.341
296.223
296.673
296.934
296.468
297.661
299.431
300.225
299.782
300.73
297.577
297.488
298.826
297.445
296.239
299.6
300.02
298.688
296.356
294.55
297.014
298.44
300.325
301.872
302.009
304.564
303.81
303.84
304.676
307.294
301.207
306.683
305.718
303.37
307.63
305.901
305.465
306.396
302.92
304.926
305.819
302.612
305.625
307.471
304.602
307.212
308.074
304.207
305.022
309.751
308.112
303.797
309.88
320.014
309.642
297.157
283.247
292.634
300.546
303.843
303.617
320.822
327.717
328.038
327.245
318.752
311.744
308.915
305.565
298.955
301.99
298.315
294.403
283.876
281.969
275.506
263.742
243.659
251.351
226.256
260.348
314.099
289.47
264.93
261.903
268.452
277.251
267.316
252.342
279.999
272.067
249.185
237.798
231.522
253.483
253.851
246.836
269.271
283.423
268.219
285.757
286.215
261.938
238.538
239.509
257.662
281.134
272.185
255.892
299.229
298.314
298.407
296.327
295.667
295.85
296.186
296.977
297.926
298.47
298.007
297.776
297.665
297.679
297.804
297.444
297.243
297.641
297.751
297.627
297.36
297.28
297.037
296.668
296.253
296.354
296.065
296.574
296.222
293.645
294.906
296.487
294.276
294.616
296.696
294.501
293.9
297.622
295.76
294.143
295.185
290.702
289.474
294.526
297.225
296.689
295.675
295.201
295.106
294.292
294.097
294.7
294.543
294.178
294.247
294.247
293.945
294.198
293.993
295.317
295.706
295.953
296.21
296.338
298.05
296.094
296.184
293.713
293.995
295.45
294.043
296.147
296.113
297.298
297.845
296.739
298.203
297.406
298.404
298.333
297.323
295.221
295.845
296.996
294.927
296.366
299.532
297.715
296.19
294.279
294.163
297.854
298.502
300.062
301.674
302.249
304.429
304.068
305.274
305.28
306.053
301.953
306.454
306.162
302.846
306.338
306.269
303.379
304.876
300.595
302.274
305.162
302.696
304.582
306.482
304.301
305.894
308.183
304.64
304.334
309.104
309.005
303.656
307.39
320.441
312.425
300.832
281.925
290.767
301.834
306.983
306.547
322.476
329.1
327.712
328.381
325.065
317.966
312.891
309.008
302
300.906
293.583
298.752
304.498
298.065
295.554
271.356
268.339
292.506
243.558
277.506
319.497
277.629
262.118
265.87
269.894
277.712
271.491
255.185
281.15
280.516
256.186
242.538
231.602
248.238
257.628
249.232
267.22
285.02
270.02
287.67
288.439
257.567
238.133
241.033
257.864
282.031
276.278
263.053
299.813
298.425
298.835
298.296
297.847
297.56
297.802
298.048
297.847
297.906
297.74
297.514
297.726
297.846
297.986
298.138
298.277
298.442
298.039
297.474
296.977
296.619
296.408
296.449
296.348
295.838
295.923
294.519
294.727
296.479
295.639
294.827
295.757
294.759
294.247
296.186
294.95
293.869
297.633
295.683
294.24
294.755
290.274
289.501
294.354
296.66
295.892
294.943
295.467
295.429
293.839
293.327
294.492
295.629
295.344
295.331
294.856
295.153
294.551
295.246
294.973
296.245
295.657
296.65
296.14
294.336
294.55
293.399
294.062
295.05
294.099
295.941
295.248
297.108
296.926
296.62
297.15
294.837
296.529
295.673
294.232
294.531
296.216
296.23
296.376
298.953
300.245
297.831
295.093
293.858
295.797
298.734
298.031
300.608
302.186
303.527
305.248
304.339
305.329
305.607
304.892
302.499
306.211
306.916
303.278
305.195
305.569
301.155
304.235
300.76
301.381
304.066
300.678
302.673
305.256
304.208
304.873
307.919
305.037
303.42
308.117
309.488
304.226
304.809
319.416
315.105
304.01
281.679
288.68
301.203
309.22
309.148
323.635
330.8
328.369
327.608
327.83
323.03
316.186
312.698
306.671
305.131
292.072
294.12
310.676
295.978
296.189
275.994
298.554
320.617
270.894
310.6
320.188
268.852
259.837
265.569
270.366
275.421
273.554
261.177
283.144
288.255
262.095
247.37
233.692
243.117
262.103
253.391
265.659
286.419
272.014
288.459
289.97
255.532
235.701
244.343
261.281
284.645
278.714
265.986
299.806
296.608
295.127
296.027
297.429
298.37
298.435
297.982
298.101
298.134
298.003
297.906
297.904
297.753
297.45
297.647
298.094
298.042
297.217
296.954
296.944
296.329
296.369
296.624
296.697
296.228
295.652
296.849
297.009
295.056
295.002
294.839
294.11
295.005
294.836
294.494
296.431
294.644
294.554
297.481
295.055
294.617
294.441
289.671
289.277
294.432
297.009
295.12
294.081
294.818
295.787
294.468
293.316
293.897
295.2
296.036
296.561
296.539
297.003
295.916
295.647
296.544
295.389
295.643
293.998
293.323
294.187
293.37
294.49
295.24
295.786
297.077
296.54
298.346
297.228
297.364
295.92
294.112
295.873
294.068
294.54
295.57
296.762
297.801
297.279
299.393
299.867
295.991
294.224
295.276
296.816
298.433
298.469
301.864
303.259
304.745
304.969
305.03
306.333
305.232
303.555
303.668
306.59
306.554
302.46
303.083
304.398
298.815
301.961
299.074
298.356
302.91
300.091
301.481
303.7
303.325
303.532
307.18
305.598
302.829
307.363
309.598
304.735
303.067
317.131
317.643
306.909
282.009
286.425
299.108
310.179
311.536
324.032
332.079
329.791
326.733
327.281
324.911
318.932
314.273
306.857
310.471
296.693
292.462
306.634
286.669
277.426
275.134
310.942
308.945
291.93
333.764
303.768
257.517
258.967
265.688
269.817
272.119
274.594
268.911
286.787
293.811
267.504
251.696
235.497
238.308
265.315
258.879
264.829
288.101
274.52
288.47
292.094
255.635
236.299
245.532
260.41
281.135
279.611
269.49
299.888
298.307
296.96
297.947
298.909
298.951
298.522
298.176
298.106
298.04
298.049
298.109
298.107
298.002
297.558
297.404
297.76
297.32
296.848
296.732
296.431
296.521
296.57
297.118
296.951
296.898
296.687
295.395
295.441
296.812
295.511
295.442
294.54
294.026
295.263
294.988
295.027
296.301
293.901
295.554
297.397
294.612
294.644
294.097
289.54
289.059
294.187
296.967
295.475
293.466
293.64
295.145
295.238
294.284
294.307
294.549
296.097
295.367
297.734
296.164
296.647
296.923
295.061
295.424
293.87
294.124
294.197
293.598
295.32
296.143
298.369
297.897
298.543
299.025
298.142
297.604
294.991
294.767
295.687
294.815
295.836
296.516
298.036
296.703
296.784
299.421
297.921
294.867
295.344
296.486
297.954
299.445
300.031
303.755
304.003
305.084
305.145
305.545
305.961
305.152
303.652
304.732
306.352
305.433
301.881
300.891
302.088
296.954
300.732
300.236
297.671
301.956
298.387
299.951
302.213
302.474
302.66
306.33
305.811
302.155
306.433
309.843
305.536
301.9
313.883
319.648
309.547
283.371
284.654
296.159
310.122
313.217
323.533
332.033
332.389
327.756
325.922
324.479
319.712
316.155
304.039
312.68
300.913
293.809
304.26
289.548
264.466
275.316
305.72
288.118
305.988
337.957
281.337
250.495
256.759
264.645
269.556
269.676
275.24
275.982
289.609
296.82
270.262
255.455
238.114
235.371
266.807
264.991
264.94
288.74
277.092
288.872
294.661
253.159
235.316
244.826
258.027
281.095
283.829
272.845
298.135
298.317
298.652
298.605
298.349
298.088
298.185
298.23
298.087
297.852
297.839
297.846
298.083
298.137
297.75
297.565
297.701
297.091
296.684
296.63
296.522
296.69
296.341
296.986
297.641
296.976
295.677
296.653
296.909
296.685
296.261
294.603
294.887
294.281
294.088
295.519
294.888
295.633
296.188
293.581
295.71
297.292
294.95
294.321
293.681
290.077
289.362
293.192
296.208
296.093
293.729
292.919
293.755
295.031
295.48
295.521
296.511
295.047
296.4
295.217
295.617
295.694
294.243
295.62
294.466
295.77
295.334
296.242
297.035
298.093
299.763
298.986
300.316
300.016
299.274
297.313
295.225
295.307
296.574
296.146
296.603
297.048
296.665
295.193
296.897
298.644
296.822
296.205
297.878
299.253
299.763
300.395
301.501
303.896
303.508
304.747
304.182
305.911
305.67
303.925
303.073
305.58
306.043
303.403
300.346
299.094
300.315
295.791
298.679
299.798
295.464
301.219
298.075
299.095
300.92
301.308
301.364
304.809
306.151
301.915
305.098
309.656
305.87
301.516
309.754
321.309
312.703
285.123
283.276
292.606
308.809
315.44
323.196
329.762
332.524
329.827
326.371
323.732
319.078
320.067
302.337
311.46
301.737
291.203
303.49
299.2
260.667
285.898
300.97
280.822
333.49
326.812
261.668
245.238
254.657
261.317
267.204
267.953
275.467
281.061
290.049
295.472
271.682
257.353
239.107
233.946
265.832
270.579
264.426
288.727
280.684
287.811
296.978
254.575
234.626
244.774
257.312
276.837
281.269
273.279
298.816
299.028
298.464
297.175
296.486
297.041
297.813
298.134
297.854
297.596
297.528
297.671
298.091
298.12
297.73
297.515
297.317
296.806
296.52
296.494
296.706
296.883
297.071
297.371
297.216
297.187
297.33
295.827
296.163
296.555
296.857
296.029
294.679
295.125
294.507
294.396
295.849
294.95
295.647
295.815
293.906
295.26
297.092
295.769
294.116
292.934
290.518
289.678
292.358
295.109
295.706
294.602
292.954
292.969
293.76
294.935
296.863
296.282
297.419
296.578
296.921
296.38
295.837
296.695
295.66
297.249
297.069
298.765
297.657
299.247
300.145
300.57
301.378
300.005
298.4
295.654
294.339
295.92
297.096
296.46
296.531
295.829
294.917
295.093
297.826
298.44
297.121
299.061
300.677
300.51
300.968
301.151
302.117
304.234
303.511
304.558
304.503
306.113
304.473
303.797
304.12
305.888
304.529
300.724
299.227
297.16
298.436
295.411
298.128
301.848
295.617
300.863
297.192
298.25
300.207
300.163
300.632
303.486
305.729
301.857
303.736
309.94
306.199
302.159
306.63
320.314
316.323
287.913
282.727
289.419
305.33
315.676
322.392
325.893
327.76
327.029
324.047
319.838
314.623
319.827
303.193
309.156
302.543
283.559
301.651
306.154
263.478
301.525
294.477
281.182
361.593
307.426
247.74
240.88
252.836
260.201
266.068
266.676
275.744
282.117
287.691
290.101
270.697
259.278
239.093
233.919
264.957
274.659
263.536
288.669
282.851
286.424
297.782
254.838
235.434
243.027
253.768
270.855
283.494
279.403
298.369
298.572
297.646
296.656
296.59
297.504
298.501
298.68
298.106
297.615
297.499
297.714
297.947
297.95
297.636
297.313
296.876
296.738
296.686
296.947
296.909
297.178
297.372
296.92
297.975
297.669
296.681
296.383
295.918
297.043
296.942
296.761
296.099
294.87
295.339
294.686
294.664
295.874
295.105
295.561
295.468
294.337
294.821
296.383
296.37
294.358
292.767
290.664
290.098
291.799
294.002
294.877
294.902
293.911
293.185
293.51
294.5
294.971
296.393
296.146
297.212
296.814
296.67
296.616
296.309
297.043
297.699
297.508
296.904
299.196
300.009
300.431
300.037
298.102
295.999
294.203
294.681
297.094
297.247
296.063
295.571
294.651
295.045
297.279
299.559
298.963
299.856
302.43
301.864
301.441
301.169
300.879
302.789
303.902
303.397
304.084
303.698
305.455
302.889
302.447
303.565
304.816
302.239
298.038
297.525
295.931
297.841
295.803
297.584
301.8
294.609
300.917
297.707
298.139
300.005
299.401
299.607
301.895
305.132
302.294
301.823
309.206
306.165
301.847
304.771
317.718
320.139
291.96
282.613
286.178
299.673
313.943
323.112
324.855
322.414
319.903
318.301
311.744
306.547
310.379
299.271
302.958
305.591
277.527
299.568
305.656
267.25
313.709
279.025
283.504
362.378
285.704
239.02
239.974
252.151
259.036
265.202
266.371
274.946
280.603
282.392
283.739
270.199
258.485
236.138
235.286
262.674
275.73
261.719
287.932
285.653
282.151
299.43
253.201
233.925
240.293
248.455
267.192
279.231
275.444
297.551
296.589
296.712
297.498
297.884
298.039
298.194
297.992
297.642
297.633
297.776
297.871
297.669
297.75
297.49
297.308
297.126
297.277
297.327
297.001
297.253
297.652
297.103
297.605
297.788
298.005
296.903
296.612
296.488
296.688
297.404
296.764
296.656
296.234
295.419
295.129
295.102
295.148
295.828
295.214
295.41
295.612
294.781
294.555
295.947
296.546
294.755
292.777
290.864
290.231
291.779
292.637
294.226
294.043
293.958
294.024
293.826
294.294
295.135
295.014
296.067
295.719
295.289
295.625
295.582
297.19
297.432
296.138
297.333
298.878
299.097
298.238
297.682
296.222
295.661
294.641
295.617
296.621
294.415
294.072
293.929
294.481
297.307
299.226
300.019
300.051
301.314
302.782
301.038
299.804
300.56
301.428
303.271
304.016
302.893
303.457
303.497
303.897
302.092
303.719
304.552
303.645
299.605
296.169
296.441
294.536
297.315
296.12
298.825
303.167
295.472
300.654
298.125
297.755
300.458
299.157
299.209
300.796
303.912
302.788
300.685
308.867
307.775
301.991
303.615
314.039
321.365
298.766
283.597
283.862
294.087
307.03
317.24
321.95
319.411
314.154
313.04
303.551
298.25
299.29
289.93
291.721
305.149
274.505
298.582
298.608
270.51
317.928
262.544
286.2
344.713
267.416
231.961
239.406
253.567
260.051
265.368
266.163
274.381
276.988
277.428
277.123
269.264
256.109
233.227
238.921
262.428
274.926
260.126
288.291
288.414
277.664
300.58
257.808
235.489
237.722
247.012
260.593
272.816
276.344
297.499
297.292
297.836
298.586
298.503
297.875
297.715
297.736
297.54
297.83
297.812
297.855
297.853
298.207
298.629
298.336
298.207
298.202
297.442
297.444
297.518
297.609
297.609
297.525
298.25
298.41
297.615
296.913
296.877
297.513
297.374
297.372
296.539
296.568
296.145
295.219
295.525
295.332
295.717
295.803
295.492
295.591
295.8
295.616
294.689
296.111
296.511
295.056
292.951
290.572
290.642
291.151
292.748
293.134
293.562
293.382
293.114
293.654
294.123
294.115
295.605
295.035
295.067
295.408
295.585
297.28
296
295.325
297.683
297.952
296.852
295.79
295.525
295.99
296.745
295.493
295.149
293.14
291.383
293.627
294.171
296.83
298.85
298.873
299.332
299.366
300.994
300.91
297.917
299.425
301.045
301.926
303.932
303.53
302.284
303.367
303.423
303.274
301.764
303.258
303.324
301.232
297.859
295.341
295.927
294.517
297.963
296.536
299.387
302.253
295.633
301.299
299.304
297.727
301.278
298.773
299.06
300.248
302.03
303.662
299.182
305.472
309.03
302.034
302.129
311.42
320.019
306.275
287.845
282.315
287.984
298.794
307.886
314.999
314.657
307.399
307.756
299.33
293.953
295.528
283.094
280.8
299.229
271.885
300.021
288.968
274.031
315.291
250.994
294.8
325.137
254.205
226.691
240.604
254.297
260.818
266.273
267.062
273.694
274.317
272.815
272.707
266.657
248.731
230.049
245.693
263.266
273.509
260.153
289.897
290.311
273.709
298.468
258.741
234.477
238.081
243.261
254.171
268.912
271.111
298.018
298.305
298.587
298.465
298.053
297.812
298.012
298.142
297.727
297.701
297.688
297.811
297.93
298.455
298.935
298.632
298.473
297.971
297.541
297.363
297.828
297.957
297.825
298.157
298.403
298.92
298.536
297.796
297.504
297.723
297.448
297.983
296.768
296.998
296.453
296.206
295.332
295.796
295.49
295.996
296.207
296.049
295.752
296.28
296.04
295.427
296.272
296.645
295.207
292.802
290.595
290.034
290.887
291.963
293.508
293.017
293.62
292.943
293.253
292.838
293.492
293.539
293.742
293.854
294.42
295.245
293.156
293.857
296.131
295.661
295.794
295.377
295.53
295.807
295.699
294.158
293.104
291.896
292.945
295.336
295.348
297.173
297.297
297.179
298.34
299.67
299.821
298.274
298.003
300.995
302.805
302.986
303.609
303.076
302.501
304.055
303.113
301.891
301.884
303.409
301.912
298.973
295.627
294.342
294.761
294.691
299.25
298.012
301.957
303.048
296.706
301.453
301.144
297.383
300.979
299.706
297.899
299.965
300.75
303.345
300.397
303.634
309.677
303.017
301.112
308.891
317.051
312.288
294.193
283.485
284.841
293.683
298.435
302.737
305.014
298.746
302.205
297.751
291.922
297.443
282.539
276.191
292.11
269.914
302.336
279.038
280.228
311.415
244.867
305.699
309.425
242.172
223.15
245.134
257.491
262.67
267.969
268.511
274.465
272.402
270.063
268.422
260.508
242.815
236.599
254.289
256.271
274.543
265.675
290.293
293.927
267.705
295.963
258.158
235.309
232.774
238.906
251.171
260.539
261.049
298.387
298.463
298.638
298.591
298.313
298.122
298.104
297.991
297.525
297.76
297.925
297.85
298.255
298.59
298.863
298.033
298.014
297.694
297.346
297.79
298.178
298.564
298.568
298.545
299.011
298.805
299.179
298.551
297.953
298.163
297.463
298.192
297.244
297.991
296.94
297.64
295.995
296.563
295.768
296.162
296.461
296.669
296.644
296.148
296.863
296.39
296.198
296.655
296.117
295.798
292.71
291.105
290.019
289.858
291.742
292.243
293.548
292.933
294.558
293.008
293.468
293.368
293.373
293.323
294.207
294.267
292.947
294.756
295.726
295.827
296.267
295.52
295.029
293.848
292.435
290.921
291.58
292.339
294.092
294.721
294.066
296.243
296.443
298.876
302.33
302.041
301.267
300.624
301.791
304.275
303.473
302.903
303.42
302.866
303.06
303.561
301.783
300.883
301.801
302.009
299.842
297.239
294.533
293.805
293.947
295.222
300.461
299.436
303.779
302.706
297.86
302.851
301.798
297.095
300.039
298.551
297.819
300.538
299.423
302.306
300.533
300.146
309.32
304.946
299.794
306.044
313.758
314.773
301.693
288.347
283.268
287.121
292.104
296.241
298.1
290.078
293.864
293.268
288.63
298.589
283.368
276.73
286.253
269.963
301.437
271.093
289.658
308.232
243.748
313.467
292.855
230.922
223.276
248.005
256.889
264.1
270.54
271.594
276.217
271.856
268.96
265.175
255.429
244.184
250.921
256.513
264.702
281.362
270.211
283.693
294.89
262.86
292.092
263.64
237.735
236.724
242.105
246.675
255.737
259.638
298.27
298.473
298.58
298.203
297.873
297.876
297.767
297.539
297.41
297.841
298.046
298.046
298.608
298.864
298.961
298.351
298.248
298.319
298.15
298.307
298.839
298.793
299.094
298.974
299.411
299.218
299.133
298.85
298.502
298.609
298.037
298.578
297.999
298.689
297.742
298.645
297.175
297.432
296.818
296.793
297.11
297.174
297.84
296.877
297.125
297.026
297.04
297.177
296.683
297.191
295.298
294.053
292.071
289.793
290.702
290.292
290.806
291.807
293.432
292.681
294.016
294.07
293.675
294.017
295.224
295.121
294.877
295.494
295.093
295.443
294.495
293.295
292.082
290.393
289.718
289.539
291.243
292.094
292.829
293.38
294.705
297.175
298.515
302.179
304.01
302.989
302.523
303.044
303.733
303.353
301.971
302.141
302.635
302.227
302.439
302.575
300.692
300.128
301.833
300.924
298.37
295.303
292.868
293.268
294.229
298.033
302.435
302.25
306.25
302.054
297.851
301.751
301.468
295.872
297.806
299.223
295.223
299.197
299.711
300.489
301.587
300.081
306.833
305.954
300.643
303.643
310.091
312.408
308.454
296.7
283.687
285.015
288.536
287.107
290.102
282.611
287.466
290.192
287.734
298.967
284.157
280.281
283.382
274.089
298.818
266.695
296.467
306.892
247.638
314.2
275.923
223.696
224.276
249.979
256.392
265.826
273.954
275.66
278.989
272.245
267.654
263.469
254.965
253.501
260.65
259.683
283.42
271.49
264.764
273.542
290.353
258.579
284.022
268.372
239.502
237.533
242.128
244.577
252.025
255.423
298.224
298.289
298.354
298.216
297.966
297.995
297.91
297.745
298.06
298.455
298.385
298.58
299.005
299.132
299.118
298.804
299.21
299.086
299.042
299.264
299.455
299.609
299.581
299.584
300.09
299.604
299.432
299.176
299.181
299.357
299.121
299.275
298.98
299.166
298.718
299.032
298.599
298.158
298.262
297.419
297.98
297.413
298.277
297.778
297.755
297.436
297.322
297.255
297.483
297.268
296.727
296.024
294.559
292.517
291.955
290.232
289.962
290.345
290.68
290.444
291.921
292.175
291.546
292.425
293.19
293.193
292.864
292.529
292.252
292.513
291.136
290.425
289.35
289.366
289.811
290.175
291.937
291.625
292.914
294.898
296.423
299.086
299.638
301.358
301.404
300.606
301.895
302.643
302.491
301.726
301.735
303.158
302.533
301.837
302.675
301.263
299.507
300.091
301.457
298.867
295.9
293.398
291.973
293.599
295.898
300.154
303.907
305.024
305.465
299.356
296.71
299.537
297.867
295.11
296.51
295.929
295.034
299.717
299.699
299.34
301.142
298.687
305.089
306.912
299.386
302.164
309.748
309.306
309.668
304.46
291.264
285.491
280.559
283.746
290.141
283.307
288.787
289.752
287.993
295.731
282.267
281.486
282.406
279.797
296.297
264.642
296.37
304.762
253.724
309.561
263.117
220.072
225.144
249.052
255.537
268.594
278.453
280.114
282.21
271.865
267.934
262.682
257.528
260.128
263.198
270.105
266.669
254.587
261.549
266.102
282.827
254.339
278.005
265.431
241.934
233.814
245.586
245.821
249.956
264.936
298.33
298.487
298.471
298.477
298.511
298.557
298.469
298.46
298.732
299.079
298.93
299.189
299.563
299.443
299.608
299.546
299.574
299.699
299.689
299.998
300.07
300.086
300.423
300.28
300.448
300.236
300.212
300.036
299.94
300.019
299.994
300.029
300.044
299.68
299.714
299.553
299.428
298.955
299.456
298.557
299.283
298.288
299.184
298.744
298.548
298.366
298.222
297.809
298.142
297.413
297.539
296.993
296.146
295.092
293.841
292.379
291.681
291.276
290.238
289.96
290.581
290.114
289.925
290.643
290.866
290.661
290.566
290.201
290.455
291.267
290.812
290.858
290.246
290.795
290.601
291.421
291.831
292.049
294.548
296.168
298.721
300.853
301.315
302.046
300.922
300.856
302.27
302.408
302.103
302.577
303.454
302.98
301.881
301.543
301.723
299.648
299.511
300.485
300.195
297.115
294.423
291.942
291.632
293.664
298.262
301.957
304.323
306.114
301.76
295.57
295.195
295.767
293.635
293.515
294.726
297.004
292.084
295.294
300.404
297.11
300.265
300.655
301.555
305.165
300.156
301.122
308.252
307.213
307.664
310.583
300.497
286.001
279.793
293.565
291.823
284.871
292.201
288.219
285.649
290.833
282.008
282.241
282.255
282.327
292.116
262.512
294.812
299.912
259.638
303.837
253.334
218.847
224.263
246.175
254.483
271.246
282.976
284.111
284.006
269.726
266.399
261.946
260.154
264.156
267.287
267.028
240.229
257.669
261.708
261.066
279.832
253.499
278.861
261.71
242.128
239.275
246.366
244.23
252.139
260.557
298.732
298.837
298.775
298.917
298.996
299.053
299.031
299.257
299.428
299.499
299.651
299.939
299.93
300.015
300.176
300.268
300.241
300.24
300.462
300.593
300.575
300.755
300.908
300.833
300.91
300.858
300.87
301.078
300.704
300.927
300.8
300.661
300.948
300.709
300.622
300.565
300.436
300.082
300.272
299.902
300.296
299.618
300.03
299.884
299.256
299.46
299.313
298.712
298.882
298.342
298.526
297.859
297.281
297.218
296.17
295.505
294.698
294.094
292.864
292.507
292.314
291.632
291.079
291.591
291.321
291.036
291.182
291.233
291.523
292.104
292.478
293.092
292.938
292.981
291.992
292.421
292.218
293.522
295.695
296.954
299.505
300.769
301.782
302.579
301.75
302.329
302.615
301.724
302.095
301.998
302.238
301.137
299.812
300.462
300.354
298.25
299.4
300.127
298.076
294.023
291.091
290.636
293.263
295.934
300.129
302.631
303.58
302.865
296.718
293.215
293.667
290.995
289.11
295.417
298.984
296.321
293.838
298.219
300.13
297.07
298.389
301.053
299.932
310.527
298.918
295.653
310.195
306.147
305.527
312.846
300.578
290.61
294.937
297.235
288.983
289.21
291.973
283.454
284.449
290.152
282.685
281.741
283.284
284.736
288.221
262.201
296.057
291.845
263.83
298.942
248.3
219.889
221.763
243.205
253.422
273.245
287.151
286.414
284.897
267.515
265.052
262.107
263.289
268.832
262.483
246.785
236.343
262.995
258.566
260.846
285.155
255.494
275.377
265.051
243.488
245.964
241.822
240.92
245.677
241.758
299.157
299.258
299.332
299.466
299.532
299.625
299.737
299.902
299.959
300.14
300.302
300.379
300.5
300.673
300.762
300.839
300.961
301.091
301.212
301.272
301.339
301.456
301.493
301.554
301.631
301.711
301.678
301.847
301.62
301.98
301.831
301.67
301.888
301.693
301.628
301.597
301.361
301.408
301.099
301.039
301.188
300.884
300.748
300.968
300.261
300.903
300.29
299.925
299.996
299.981
299.752
298.675
298.955
299.191
297.998
297.509
297.481
297.216
295.678
295.545
295.266
294.656
294.26
293.662
293.651
293.369
293.057
293.163
293.296
293.467
294.024
295.185
295.335
295.246
294.81
294.986
295.549
297.498
298.698
300.183
301.156
301.278
301.912
301.404
301.654
302.09
301.688
301.465
301.089
300.781
300.473
298.629
299.119
299.929
297.697
297.173
299.415
298.589
294.807
290.685
288.75
290.887
294.441
297.298
300.874
301.188
300.607
297.107
293.794
294.033
291.796
285.32
291.276
295.098
292.674
291.682
290.78
295.121
302.751
294.468
299.472
303.796
296.491
310.209
299.028
300.14
308.941
304.356
311.595
310.997
297.081
295.487
300.076
289.887
289.111
292.869
288.675
283.388
290.219
290.693
279.746
279.861
284.183
282.486
281.424
263.764
293.2
282.423
266.262
294.645
245.875
221.318
217.781
238.47
249.558
272.48
290.084
286.414
282.415
265.35
266.961
263.147
264.176
260.508
242.959
230.369
243.066
256.91
254.647
262.533
293.426
261.541
268.078
274.017
247.599
245.486
236.983
236.192
236.392
239.089
299.684
299.774
299.908
300.012
300.135
300.264
300.37
300.508
300.641
300.757
300.886
300.988
301.164
301.243
301.364
301.535
301.651
301.741
301.848
301.916
302.119
302.142
302.188
302.344
302.343
302.477
302.549
302.57
302.537
302.662
302.513
302.647
302.634
302.5
302.667
302.412
302.492
302.48
302.193
302.196
302.109
302.098
301.907
301.747
301.569
302.011
301.398
301.31
301.098
301.316
300.883
300.452
300.77
300.343
299.787
299.418
299.412
299.147
298.669
297.97
297.838
297.957
297.379
296.787
296.638
296.059
296.063
295.609
295.767
295.738
296.789
297.575
297.722
298.032
297.698
298.699
299.209
300.697
301.448
302.252
302.779
302.031
301.919
301.068
301.23
301.194
300.216
300.263
299.919
298.96
298.918
297.904
298.143
297.47
295.723
297.223
297.457
295.548
291.836
287.568
287.838
292.486
295.579
298.724
300.553
299.05
297.016
293.654
292.667
292.838
288.625
285.846
285.691
284.669
280.633
286.501
294.994
299.423
301.109
292.651
301.731
298.414
300.424
309.485
294.469
302.455
310.208
310.599
310.569
302.929
296.091
299.507
299.347
292.003
296.196
294.951
287.362
285.025
291.521
287.177
278.329
280.265
283.657
277.846
278.437
270.216
284.234
275.207
270.585
287.263
248.789
225.506
214.282
233.278
244.162
268.967
292.646
284.753
280.598
263.856
265.987
258.543
254.948
239.658
224.82
224.688
242.176
250.625
253.926
261.048
296.92
280.974
294.502
268.606
246.107
236.368
236.38
235.799
239.166
245.903
300.191
300.31
300.454
300.592
300.735
300.868
300.996
301.107
301.233
301.331
301.497
301.614
301.779
301.9
302.05
302.125
302.236
302.351
302.446
302.547
302.615
302.671
302.86
302.897
303.01
303.115
303.052
303.183
303.188
303.139
303.237
303.243
303.173
303.297
303.28
303.157
303.318
303.076
303.133
302.972
302.88
302.873
302.807
302.604
302.492
302.531
302.605
302.134
302.12
302.185
301.943
302.021
301.954
301.761
301.262
301.161
301.023
300.859
300.71
300.175
300.457
300.111
299.994
299.539
299.538
299.072
298.993
298.998
298.797
299.512
300.097
299.908
300.627
300.228
300.881
301.473
301.418
302.502
301.606
301.816
301.436
300.483
300.795
300.054
299.861
298.954
298.469
298.328
297.487
297.573
297.248
296.164
297.515
295.979
294.885
297.357
295.999
292.912
287.412
284.675
288.243
293.354
296.049
298.993
298.749
298.299
296.494
294.552
292.241
292.576
286.585
284.734
284.783
282.332
287.574
294.908
293.614
295.982
294.344
290.894
299.585
299.867
300.741
299.93
298.786
307.457
311.548
310.845
309.337
307.158
302.127
304.23
301.271
296.674
303.199
300.72
291.985
294.267
298.118
284.92
276.38
277.286
275.467
271.943
275.691
271.644
275.137
274.947
277.621
278.087
259.764
231.69
211.517
226.718
236.932
262.201
294.87
280.659
277.919
266.352
267.88
255.311
249.597
240.845
236.733
234.149
239.569
248.123
252.254
259.165
293.273
284.482
307.861
250.66
242.629
226.187
235.69
236.792
244.766
261.028
300.62
300.755
300.879
301.016
301.134
301.278
301.413
301.553
301.703
301.829
301.973
302.094
302.227
302.348
302.461
302.551
302.645
302.678
302.75
302.8
302.853
302.941
303
303.074
303.185
303.232
303.281
303.329
303.282
303.323
303.338
303.315
303.398
303.351
303.361
303.4
303.256
303.33
303.236
303.156
303.189
302.979
303.007
302.922
302.665
302.658
302.834
302.446
302.632
302.505
302.624
302.633
302.671
302.637
302.193
302.526
302.166
302.239
302.153
302.109
301.777
301.853
302.001
301.463
301.683
301.589
301.389
301.597
301.637
301.805
301.715
301.745
301.959
301.721
301.978
301.719
301.642
301.315
300.768
300.476
299.589
299.181
298.663
297.869
297.395
296.846
296.54
295.866
295.481
295.316
294.499
294.844
295.784
293.57
295.327
296.3
292.785
289.574
283.316
284.004
289.528
292.848
293.793
294.179
295.908
297.316
297.626
296.587
295.58
292.026
290.563
290.289
287.98
288.449
292.347
290.477
292.296
292.076
296.377
300.92
305.153
298.038
297.658
300.777
300.477
306.579
314.068
311.008
310.002
306.614
303.849
301.047
299.462
300.44
303.695
299.327
290.413
289.097
292.241
289.943
282.367
277.071
269.627
267.127
280.914
276.066
268.496
278.641
287.601
270.927
273.43
239.663
210.186
220.584
230.703
252.082
295.465
276.621
271.41
266.843
272.992
259.898
249.078
254.793
263.868
253.251
245.013
248.021
249.734
250.41
284.143
296.927
263.827
230.398
239.193
219.119
226.935
233.501
250.819
280.295
300.812
301.005
301.091
301.274
301.408
301.506
301.661
301.712
301.83
301.94
301.998
302.148
302.199
302.306
302.367
302.413
302.462
302.474
302.479
302.457
302.471
302.463
302.505
302.614
302.636
302.739
302.764
302.699
302.731
302.619
302.551
302.621
302.47
302.525
302.536
302.425
302.442
302.477
302.292
302.44
302.287
302.21
302.164
302.013
301.927
301.815
301.817
301.852
301.786
301.867
302.028
301.975
302.141
302.175
302.074
302.13
302.199
302.223
301.941
302.266
302.002
302.064
301.974
302.099
301.934
301.857
301.822
301.935
301.561
301.591
301.288
301.38
300.774
300.742
300.478
299.844
299.685
298.92
298.468
297.85
297.07
296.638
295.758
295.291
294.619
294.302
293.784
293.151
293.504
293.086
292.306
293.713
292.984
291.748
295.104
293.418
290.703
285.611
280.195
284.725
289.694
288.176
285.749
286.158
292.158
296.442
298.599
298.458
297.279
295.644
294.095
291.088
292.047
295.11
291.144
292.166
296.143
298.654
301.271
299.405
300.709
295.209
296.143
300.904
304.776
307.619
306.933
309.544
308.327
304.446
307.621
287.516
282.295
291.245
290.342
300.145
302.508
287.965
296.901
302.682
282.335
269.251
269.258
269.933
283.796
270.448
261.807
279.325
296.966
276.043
286.956
248.106
210.075
214.431
225.756
239.417
282.79
281.748
266.854
262.741
270.501
269.946
255.971
254.628
262.256
265.56
254.735
251.77
249.177
242.822
256.887
309.046
247.487
225.149
232.004
219.676
224.378
235.872
256.637
276.184
300.811
300.992
301.044
301.228
301.315
301.387
301.524
301.458
301.607
301.554
301.628
301.73
301.696
301.92
301.838
301.944
301.954
301.771
301.862
301.615
301.626
301.628
301.507
301.705
301.657
301.682
301.762
301.591
301.577
301.399
301.298
301.244
301.161
301.216
301.079
301.155
301.041
300.943
300.952
300.803
300.762
300.695
300.511
300.529
300.28
300.277
300.284
300.193
300.308
300.383
300.475
300.634
300.715
300.812
300.972
300.855
301
300.809
300.997
300.602
300.719
300.73
300.39
300.502
300.306
300.221
300.159
299.674
299.872
299.41
298.955
298.98
298.228
298.328
297.407
297.38
296.822
296.134
295.774
294.944
294.321
293.939
293.112
292.939
292.201
291.947
291.188
291.169
291.149
290.244
291.342
291.919
290.263
292.74
293.579
290.566
288.729
279.417
279.443
285.937
286.086
281.171
276.653
278.177
286.473
293.261
293.574
296.534
296.892
295.225
294.855
293.668
291.244
292.759
293.638
296.845
294.828
296.902
295.439
301.212
298.206
296.752
297.796
306.546
305.712
306.121
294.843
301.738
309.754
286.529
286.197
268.007
265.572
278.619
279.842
280.459
284.058
270.343
282.994
279.482
261.938
269.059
283.839
265.321
259.925
259.585
261.488
278.124
300.3
289.448
291.836
251.241
209.983
209.072
225.37
233.421
258.972
293.324
270.645
262.499
265.026
276.179
269.458
263.01
258.985
264.426
260.151
256.69
244.948
240.158
231.919
258.425
231.159
227.672
232.621
225.303
224.665
243.645
250.703
248.797
300.684
300.863
300.871
301.014
301.077
301.053
301.176
301.024
301.117
301.053
301.037
301.154
301.066
301.254
301.192
301.209
301.227
300.986
301
300.725
300.664
300.59
300.456
300.558
300.442
300.417
300.448
300.159
300.267
299.955
299.833
299.95
299.652
299.79
299.837
299.466
299.722
299.37
299.156
299.257
298.933
298.954
298.893
298.766
298.715
298.582
298.459
298.566
298.281
298.482
298.537
298.561
298.792
298.867
299.089
299.083
299.221
298.993
299.173
298.78
298.674
298.605
298.114
298.289
297.815
297.639
297.701
296.988
297.323
296.27
296.817
295.863
295.682
295.779
294.814
295.212
294.105
293.904
293.535
292.486
292.73
291.884
291.344
291.067
289.598
289.095
288.371
288.456
287.702
288.691
289.626
288.734
290.03
292.561
291.35
288.342
283.702
277.307
281.786
283.668
280.379
273.831
267.271
270.591
279.78
285.931
288.864
294.443
296.698
293.072
294.246
295.286
295.015
296.194
295.258
296.486
297.857
299.045
300.615
297.908
290.328
301.239
303.079
300.119
298.077
302.995
270.759
284.185
314.722
266.431
261.889
255.417
244.032
260.397
270.478
289.817
301.438
253.148
252.665
248.364
255.312
280.359
294.61
268.458
255.022
287.394
268.046
273.693
300.92
301.241
294.687
254.038
210.631
202.975
225.98
238.899
247.546
280.598
286.105
265.847
262.233
267.625
255.185
259.409
260.063
260.211
261.615
253.042
256.996
244.765
233.006
226.007
229.602
223.184
233.128
228.509
221.94
236.195
239.365
238.593
300.599
300.699
300.686
300.68
300.727
300.593
300.676
300.531
300.564
300.578
300.493
300.654
300.472
300.636
300.47
300.416
300.417
300.129
300.227
299.966
299.873
299.888
299.478
299.636
299.265
299.101
299.185
298.701
299.008
298.657
298.604
298.736
298.323
298.568
298.233
298.09
298.16
297.566
297.77
297.465
297.2
297.609
297.131
297.271
297.418
296.82
297.112
296.734
296.515
296.682
296.192
296.727
296.382
296.737
296.97
296.831
297.363
296.876
297.29
296.853
296.593
296.759
295.747
296.394
295.203
295.699
295.039
294.605
295.132
293.766
294.612
293.584
293.911
293.587
292.947
293.369
292.126
292.382
291.825
291.229
291.841
289.815
289.426
287.281
285.192
285.168
284.629
284.377
286.138
286.417
286.531
290.023
291.744
290.79
287.942
285.136
279.329
276.823
279.521
278.882
274.222
267.224
264.543
268.598
274.826
279.069
284.703
292.177
294.953
290.325
293.515
296.448
293.519
295.742
295.973
297.662
297.602
296.118
299.755
297.372
299.852
299.267
305.948
279.4
286.565
303.439
258.922
279.43
299.955
246.996
266.207
259.411
237.105
242.156
248.398
283.959
271.339
215.845
228.826
254.805
274.78
278.569
281.167
293.502
296.635
318.376
267.65
263.578
298.491
308.18
292.267
253.331
211.72
196.941
222.376
243.331
251.728
257.355
286.391
279.112
269.456
259.051
246.048
258.778
265.801
259.889
259.927
257.138
272.01
247.921
246.181
236.282
262.535
237.984
236.686
230.499
224.562
225.519
235.469
248.329
300.565
300.594
300.509
300.38
300.382
300.161
300.242
300.095
300.148
300.171
300.08
300.177
299.934
299.951
299.728
299.573
299.554
299.315
299.477
299.26
299.357
299.188
298.948
298.861
298.308
298.272
297.843
297.715
297.793
297.467
297.725
297.509
297.38
297.434
296.959
296.945
296.639
296.334
296.28
295.963
296.029
295.981
295.832
296.13
295.682
295.738
295.691
294.929
295.374
294.591
294.666
294.808
294.29
295.109
294.616
295.053
295.378
294.746
295.651
294.638
295.049
294.658
294.044
294.573
293.229
293.991
293.014
293.081
293.025
292.287
293.136
291.853
292.716
291.977
291.839
291.882
291.196
291.575
291.002
290.977
289.176
286.425
283.94
282.159
280.547
283.132
283.93
281.809
284.37
287.702
287.601
288.011
288.112
288.041
285.155
282.347
277.445
276.697
277.235
276.053
272.979
269.38
268.112
269.753
271.276
274.146
280.865
288.202
288.92
285.36
286.659
290.062
289.621
296.708
295.988
292.217
296.016
299.693
296.781
298.937
295.509
284.92
299.091
261.845
279.094
306.191
253.913
273.293
278.993
242.938
297.833
258.844
243.365
242.435
243.2
253.656
237.55
220.282
244.247
258.752
266.87
265.011
267.906
307.353
327.095
291.189
247.17
252.997
293.099
309.166
287.113
252.487
214.597
193.962
216.401
238.745
253.426
257.819
261.698
283.995
281.192
256.881
251.018
269.854
274.618
263.394
259.093
259.74
253.532
244.743
248.532
255.837
266.415
250.869
238.994
238.386
236.473
224.091
235.77
251.342
300.498
300.418
300.345
300.149
300.139
299.966
299.997
299.962
299.939
299.999
299.835
299.835
299.541
299.388
299.14
298.889
298.825
298.622
298.714
298.645
298.686
298.678
298.477
298.351
297.967
297.656
297.329
297.029
296.887
296.752
296.704
296.636
296.59
296.461
296.287
296.114
295.866
295.567
295.448
295.086
295.034
295.018
294.751
294.971
294.686
294.554
294.504
293.948
294.033
293.464
293.435
293.421
293.025
293.586
293.122
293.499
293.492
293.217
293.629
292.978
293.282
292.897
292.631
292.75
292.062
292.407
291.689
291.952
291.747
291.393
292.012
291.02
291.995
290.927
291.48
291.345
290.849
291.49
289.582
287.544
282.324
281.12
280.578
280.65
283.547
283.345
282.265
280.621
278.855
279.511
281.412
283.444
284.831
285.319
282.121
280.184
277.455
277.318
277.301
276.664
274.57
274.122
273.523
271.378
270.205
272.443
277.453
282.264
283.752
281.671
282.398
284.478
285.999
292.261
289.417
287.006
297.24
292.107
287.583
297.528
280.266
276.228
281.77
260.063
275.877
311.656
250.883
267.56
267.87
246.944
284.724
252.104
265.811
254.183
247.934
243.512
233.118
225.49
236.012
259.191
271.454
263.198
265.169
281.153
284.1
251.402
239.098
255.62
291.35
305.563
280.004
248.575
215.896
193.319
211.572
231.104
244.795
259.108
256.959
268.821
284.569
258.343
255.046
275.494
275.059
265.302
260.46
252.372
242.367
247.817
246.463
253.968
258.83
252.305
243.777
252.103
246.634
223.589
241.208
260.367
300.235
300.133
300.054
299.921
299.891
299.793
299.789
299.765
299.707
299.728
299.555
299.531
299.295
299.136
298.972
298.683
298.641
298.349
298.331
298.194
298.046
298.079
297.762
297.779
297.449
297.233
297.089
296.651
296.68
296.278
296.174
296.072
295.673
295.773
295.353
295.253
295.151
294.743
294.767
294.455
294.259
294.273
293.936
293.936
293.763
293.427
293.47
292.972
292.928
292.76
292.373
292.646
292.194
292.428
292.266
292.152
292.234
291.914
292.05
291.718
291.829
291.534
291.543
291.415
291.115
291.413
290.785
291.385
290.873
291.176
291.376
290.76
291.903
290.712
291.663
291.332
290.097
288.913
281.673
278.716
281.392
282.369
282.38
282.004
278.886
278.802
280.813
281.488
280.505
280.558
281.583
282.325
282.759
282.364
280.234
279.213
277.975
277.672
278.491
277.208
275.922
277.04
276.429
272.325
269.208
269.399
273.344
276.864
277.929
277.593
276.973
277.418
277.725
280.045
276.994
275.964
284.57
278.154
288.673
294.736
274.69
291.88
278.78
269.446
280.351
313.181
252.405
276.387
256.986
240.709
246.051
261.408
271.312
250.025
252.357
253.107
247.476
248.85
251.967
265.833
262.934
264.491
257.845
245.064
250.155
245.29
248.608
265.435
293.253
298.458
271.432
243.325
216.147
193.563
205.991
224.221
237.01
249.796
261.534
255.431
276.777
258.978
256.433
271.759
274.567
264.24
259.502
259.722
261.73
259.259
245.589
247.874
267.558
253.976
248.183
256.501
238.001
222.991
250.097
265.502
300.254
300.167
300.105
300.039
299.904
299.856
299.682
299.621
299.467
299.361
299.266
299.111
299.061
298.891
298.819
298.666
298.508
298.378
298.131
297.999
297.735
297.568
297.364
297.156
297.021
296.802
296.665
296.479
296.273
296.118
295.844
295.652
295.402
295.121
294.957
294.657
294.509
294.318
294.078
293.999
293.723
293.601
293.413
293.151
293.038
292.726
292.577
292.364
292.145
292.026
291.858
291.721
291.653
291.518
291.388
291.365
291.126
291.167
291.031
290.906
291.064
290.699
291.007
290.739
290.835
291.072
290.745
291.528
290.924
291.675
291.728
291.2
292.459
290.537
291.172
289.618
280.575
276.04
277.736
282.089
283.791
279.362
276.853
279.23
279.899
280.932
282.075
282.623
281.787
281.475
282.418
282.789
283.239
282.083
280.422
279.393
277.645
275.597
275.97
275.971
276.21
278.253
277.982
276.254
274.438
271.423
269.265
270.212
271.649
272.706
272.812
273.01
272.608
270.616
265.892
263.889
271.226
272.148
288.836
279.524
273.827
324.194
288.755
276.785
298.749
288.789
258.741
289.075
246.659
241.248
245.698
282.514
280.57
257.054
261.201
252.827
241.164
253.12
265.984
261.113
256.357
272.742
257.911
242.511
248.341
253.373
259.43
272.751
299.542
287.745
262.724
239.608
217.16
196.829
200.891
218.225
234.385
245.515
256.388
255.326
263.78
256.369
255.871
266.506
277.922
268.609
260.641
259.838
265.191
254.274
246.569
252.121
271.4
255.85
250.704
252.27
228.55
234.118
263.272
268.865
300.068
299.993
299.945
299.852
299.78
299.675
299.565
299.455
299.303
299.189
299.012
298.881
298.701
298.538
298.371
298.169
298.02
297.795
297.641
297.426
297.238
297.053
296.817
296.652
296.385
296.225
295.979
295.792
295.601
295.359
295.211
294.918
294.761
294.484
294.262
294.09
293.766
293.693
293.351
293.235
293.044
292.746
292.745
292.35
292.333
292.09
291.844
291.87
291.46
291.581
291.296
291.225
291.253
290.941
291.145
290.871
290.956
290.979
290.831
291.089
290.92
291.137
291.249
291.304
291.649
291.705
292.026
292.123
292.159
292.728
291.966
291.007
291.23
288.605
282.477
276.535
274.86
278.339
280.329
278.869
278.635
278.034
278.568
280.759
279.918
280.085
281.021
282.171
282.254
280.977
281.06
281.145
282.53
281.918
280.01
278.682
277.116
274.696
273.065
272.341
273.845
276.957
279.428
280.461
279.656
277.063
273.47
270.578
269.537
269.9
270.481
270.622
270.745
267.138
261.513
259.452
264.123
268.949
279.879
265.852
271.329
331.04
295.297
275.243
315.53
260.479
260.966
276.28
247.078
250.732
257.62
290.206
294.186
265.393
256.132
249.511
247.959
260.681
266.939
254.58
254.852
277.884
269.798
259.221
256.794
268.332
272.453
282.004
305.12
274.856
254.469
237.796
219.436
205.576
200.865
214.03
233.105
245.508
253.139
256.844
255.684
256.593
256.66
262.461
275.946
269.649
258.876
239.426
265.885
251.509
251.747
260.316
267.106
260.635
264.659
262.83
243.159
254.345
272.325
269.035
299.787
299.686
299.577
299.463
299.341
299.211
299.069
298.911
298.744
298.56
298.369
298.159
297.947
297.731
297.509
297.299
297.079
296.868
296.653
296.443
296.241
296.031
295.835
295.631
295.441
295.255
295.056
294.876
294.666
294.477
294.277
294.078
293.907
293.704
293.544
293.369
293.191
293.056
292.87
292.756
292.613
292.479
292.387
292.239
292.16
292.044
291.954
291.891
291.796
291.769
291.719
291.706
291.73
291.732
291.809
291.863
291.93
292.063
292.153
292.319
292.428
292.643
292.804
292.835
293.196
293.205
292.91
292.995
292.914
291.512
288.894
287.313
286.124
283.057
279.435
277.436
277.037
277.814
278.954
279.277
279.874
280.519
279.627
280.864
280.864
280.601
280.982
281.129
281.642
280.735
280.241
279.875
280.57
280.285
279.309
279.178
279.12
277.954
275.302
274.227
275.608
278.02
280.526
282.105
282.184
281.856
280.69
278.241
274.978
272.479
271.694
270.836
270.242
267.786
264.089
263.5
262.556
265.765
268.537
261.012
268.835
296.395
284.618
268.764
295.513
253.431
263.087
257.476
255.275
259.993
264.178
286.117
296.941
274.948
256.128
255.801
253.088
257.467
260.322
251.516
254.962
274.087
272.414
271.805
270.09
279.771
282.042
290.618
294.608
262.535
249.897
239.274
225.154
218.521
207.098
214.354
233.159
246.364
253.593
256.727
252.807
256.497
256.427
260.466
273.998
267.649
248.755
226.073
264.839
262.778
249.822
264.863
266.401
263.833
275.892
272.962
257.833
266.453
275.757
268.127
299.251
299.112
298.969
298.811
298.648
298.471
298.287
298.095
297.898
297.694
297.491
297.288
297.094
296.904
296.717
296.538
296.361
296.195
296.033
295.881
295.738
295.603
295.476
295.364
295.264
295.17
295.088
295.003
294.924
294.844
294.764
294.692
294.617
294.547
294.489
294.431
294.386
294.334
294.283
294.235
294.167
294.089
294.016
293.937
293.871
293.806
293.769
293.738
293.719
293.73
293.743
293.767
293.815
293.852
293.898
293.96
294.026
294.08
294.119
294.143
294.167
294.135
294.044
293.952
293.649
293.144
292.616
291.843
290.734
289.043
286.939
285.286
283.713
281.915
280.148
279.288
279.341
280.598
282.249
282.537
282.796
284.286
283.374
282.381
282.284
283.039
283.717
282.513
281.649
281.605
281.967
281.808
280.992
280.236
280.941
282.204
282.673
282.03
280.183
280.248
282.055
283.348
284.256
285.065
285.213
284.804
284.554
284.089
282.904
280.866
278.931
277.466
276.214
274.411
272.516
273.591
270.119
270.621
269.516
264.986
273.351
270.787
269.879
273.194
271.097
260.258
271.421
259.225
265.94
269.296
269.445
280.042
286.977
279.334
265.446
264.058
260.457
260.672
258.266
256.348
259.157
270.154
271.192
271.882
272.37
275.42
276.297
282.353
273.161
256.684
252.069
245.594
236.103
234.274
220.685
223.546
239.05
250.128
256.752
260.745
255.912
254.483
255.746
261.106
274.421
271.865
251.942
231.77
266.117
272.648
251.039
268.673
270.93
267.879
274.714
268.219
263.851
274.581
278.747
270.059
299.217
299.099
298.979
298.849
298.721
298.598
298.479
298.363
298.252
298.145
298.055
297.973
297.911
297.853
297.804
297.759
297.723
297.7
297.675
297.659
297.642
297.631
297.624
297.617
297.609
297.598
297.583
297.56
297.537
297.498
297.464
297.427
297.378
297.333
297.285
297.222
297.157
297.076
296.999
296.908
296.807
296.705
296.609
296.51
296.417
296.334
296.26
296.189
296.121
296.058
295.996
295.942
295.886
295.826
295.763
295.7
295.63
295.538
295.438
295.305
295.145
294.939
294.665
294.311
293.829
293.198
292.493
291.708
290.861
289.762
288.568
287.602
286.65
285.803
284.964
284.763
285.259
286.684
287.939
288.142
288.642
289.414
288.334
287.322
287.433
288.575
289.253
288.207
287.167
287.384
287.894
287.581
286.283
285.914
287.245
288.25
288.405
288.045
287.355
287.79
288.649
288.943
289.136
289.298
289.253
288.946
288.785
288.644
288.278
287.622
286.789
285.933
285.246
284.366
283.043
284.215
282.296
281.888
281.388
277.48
283.486
277.38
273.341
283.032
276.044
274.367
281.825
274.101
277.878
279.871
278.658
282.538
284.598
283.33
276.857
275.118
273.039
272.7
269.653
268.924
269.503
274.397
276.714
275.703
274.074
273.313
271.248
271.132
265.329
262.86
261.799
258.132
253.047
252.627
242.08
243.874
253.763
260.087
264.341
268.647
266.818
262.794
263.992
268.174
277.893
278.921
269.125
253.539
274.361
278.751
267.273
278.026
278.796
275.694
275.923
273.06
277.662
285.378
284.134
277.526
300.596
300.563
300.544
300.529
300.517
300.508
300.501
300.493
300.487
300.484
300.483
300.482
300.484
300.48
300.477
300.473
300.469
300.464
300.454
300.443
300.428
300.41
300.39
300.364
300.331
300.293
300.25
300.199
300.143
300.076
300.008
299.934
299.85
299.764
299.669
299.567
299.46
299.347
299.232
299.111
298.986
298.861
298.735
298.61
298.486
298.367
298.249
298.135
298.022
297.913
297.807
297.706
297.605
297.508
297.411
297.316
297.219
297.117
297.012
296.892
296.762
296.613
296.435
296.226
295.972
295.677
295.373
295.042
294.692
294.315
293.968
293.648
293.332
293.112
292.97
293.086
293.406
293.929
294.264
294.339
294.548
294.767
294.43
294.154
294.269
294.66
294.873
294.575
294.274
294.375
294.512
294.351
293.89
293.888
294.351
294.573
294.558
294.454
294.317
294.485
294.688
294.722
294.763
294.791
294.773
294.707
294.698
294.734
294.725
294.682
294.61
294.528
294.507
294.494
294.202
294.763
294.489
294.421
294.689
293.285
295.304
293.902
291.452
295.053
293.039
292.267
294.705
292.478
293.257
293.96
293.323
294.119
294.374
294.072
292.178
291.483
290.642
290.534
289.515
288.949
288.606
289.662
290.976
291.281
290.688
289.786
287.949
285.298
283.084
283.648
283.467
282.287
280.38
279.98
276.102
277.238
280.695
282.901
284.961
287.347
287.628
286.396
287.303
289.256
293.445
294.762
292.494
287.424
294.368
295.548
293.768
296.937
296.506
295.099
295.294
296.742
300.004
302.05
299.746
297.025
275.453
275.678
276.017
277.824
280.077
283.3
284.747
284.278
283.968
285.571
285.188
284.33
284.771
283.449
283.234
283.611
284.608
283.786
279.104
285.386
289.392
293.189
296.943
299.814
294.972
257.755
257.888
256.996
260.943
266.501
275.455
278.002
274.546
273.844
278.071
274.296
271.098
272.231
267.81
269.673
271.446
266.233
266.878
261.752
265.395
272.946
282.452
292.103
299.07
285.002
243.556
242.72
241.769
247.949
258.151
271.585
270.077
263.103
265.685
270.224
261.238
260.316
265.064
259.595
264.568
260.094
252.756
262.817
278.923
263.279
259.747
270.229
285.06
297.099
279.761
231.473
231.439
233.198
242.315
257.824
268.684
259.794
254.649
260.025
261.441
248.536
250.378
259.444
254.251
256.645
249.562
252.918
265.434
283.253
270.192
257.938
260.955
277.414
294.111
280.364
225.798
227.241
229.757
243.323
261.187
263.385
250.933
250.382
254.017
253.782
242.701
242.699
253.516
255.539
254.928
255.754
261.383
255.142
263.836
259.072
260.975
256.281
270.542
290.327
281.819
225.131
225.467
229.959
249.787
262.987
259.188
247.829
250.926
248.968
247.776
244.108
241.89
254.363
260.884
258.561
260.534
274.32
244.889
264.131
259.098
261.59
254.483
264.971
286.218
282.198
223.999
223.898
233.892
256.904
261.276
255.31
243.837
254.805
247.65
245.72
243.461
244.138
256.316
256.46
257.341
258.228
274.817
256.474
263.503
292.993
264.122
254.102
260.804
282.211
281.677
222.691
224.797
242.274
257.938
255.954
250.003
241.095
255.329
246.892
243.752
237.795
242.94
253.809
250.121
255.212
260.09
266.119
263.477
247.949
313.644
269.669
254.559
257.6
278.427
280.646
222.84
229.528
250.913
251.623
249.487
246.697
248.108
250.244
247.226
243.507
236.768
242.363
251.994
243.593
255.241
254.187
256.475
255.194
259.367
296.638
271.069
255.34
255.134
274.95
279.341
225.312
238.6
253.186
245.641
246.364
245.718
254.041
247.388
247.025
243.727
237.995
243.068
248.179
234.79
251.842
245.908
246.039
261.248
271.071
280.776
271.255
256.094
253.237
271.861
277.911
230.579
250.05
249.485
246.236
251.362
248.197
252.066
247.282
245.747
241.902
239.635
242.824
241.74
235.918
246.056
243.574
253.018
264.004
254.138
269.743
273.074
257.593
251.975
269.12
276.506
236.321
255.642
247.387
254.143
261.255
252.682
251.838
246.558
244.505
240.905
243.426
241.383
239.697
240.702
242.272
244.204
255.682
255.138
263.616
263.954
274.828
259.741
251.222
266.78
275.204
242.889
254.192
247.654
263.851
266.358
253.336
252.003
245.719
243.938
241.047
245.403
238.722
241.457
243.233
238.682
243.89
242.746
254.271
276.478
261.771
275.858
261.791
250.995
264.842
274.035
251.469
252.291
246.062
264.851
263.774
252.246
249.569
244.999
243.409
241.561
250.036
242.046
250.722
248.145
241.181
241.27
241.006
256.324
276.127
260.182
275.151
262.893
251.018
263.063
273.019
260.793
253.988
245.448
257.753
259.051
253.367
246.524
245.078
242.637
245.119
263.994
248.154
260.012
253.971
247.296
238.73
247.133
246.563
276.23
261.334
275.012
263.273
250.989
261.687
272.18
268.231
259.04
249.904
252.808
257.362
254.95
243.889
245.494
243.029
251.289
270.892
249.181
256.387
256.197
252.912
241.268
245.252
245.765
271.344
255.786
274.617
263.75
251.237
260.559
271.451
271.408
264.682
257.491
254.223
258.66
254.06
242.422
245.09
243.872
255.781
260.711
250.801
251.893
255.841
257.258
243.505
241.15
250.849
275.01
250.513
273.736
264.677
251.439
259.416
270.881
269.775
268.534
264.35
258.35
260.631
251.189
242.16
245.556
245.461
259.563
252.531
251.139
251.004
255.057
259.248
246.4
241.957
247.871
275.176
246.509
273.683
266.806
252.096
258.878
270.439
265.144
270.573
269.026
261.51
261.991
248.97
242.684
246.742
249.357
266.955
256.589
251.519
248.474
252.964
259.926
253.578
241.65
246.179
273.108
246.385
273.53
270.342
253.131
257.969
270.023
260.102
271.506
271.553
262.815
262.523
248.052
244.231
248.315
253.258
277.97
262.192
256.606
249.425
253.241
259.755
255.908
241.351
246.456
276.015
255.033
275.051
275.036
254.84
257.681
269.849
256.489
272.012
272.65
263.572
262.772
248.182
245.21
252.176
256.828
284.335
261.899
258.713
250.663
252.644
261.125
256.587
243.429
246.131
271.681
256.875
275.639
279.597
257.131
257.573
269.71
255.495
273.204
273.06
265.298
263.931
249.831
245.085
256.334
261.272
279.001
258.801
255.901
248.703
249.501
261.787
260.769
244.874
247.635
271.499
254.729
273.094
282.513
259.162
257.331
269.783
257.437
274.49
272.647
267.284
266.761
253.057
243.855
258.121
262.977
268.539
255.569
250.79
243.446
246.499
259.031
260.988
244.031
250.379
271.99
256.575
268.158
283.071
261.229
257.927
269.936
261.49
274.812
270.809
267.299
269.535
260.589
244.291
259.39
262.489
261.536
252.298
244.458
237.975
241.5
255.762
261.783
245.156
250.507
268.613
258.984
262.124
281.199
262.547
257.893
270.13
265.62
274.071
268.607
265.597
268.171
270.152
252.932
259.233
267.215
260.029
250.125
240.303
234.486
235.922
252.57
262.629
246.254
252.861
268.495
255.447
256.584
277.341
262.948
258.6
270.525
268.646
271.429
267.249
266.034
264.152
272.115
268.365
256.09
271.021
260.567
248.585
239.822
232.428
232.737
250.441
260.79
245.567
254.774
271.001
253.041
253.211
272.695
263.068
258.894
270.77
267.983
268.454
268.333
271.571
264.863
266.475
276.065
255.727
266.334
260.542
248.301
240.324
231.806
231.384
249.121
261.092
246.516
254.814
270.571
257.34
254.062
268.588
262.272
259.164
271.172
269.267
268.425
271.32
278.516
272.462
265.4
272.177
258.499
262.186
260.861
251.531
241.805
231.654
229.163
247.915
261.341
246.598
257.326
267.652
257.81
257.362
265.561
261.387
259.856
271.595
269.124
270.109
274.989
280.277
278.608
272.149
268.194
260.381
263.903
262.317
255.792
244.281
234.627
229.131
247.942
260.468
246.077
258.151
268.954
253.58
260.075
263.525
260.626
259.722
271.955
270.952
272.633
276.55
278.003
276.896
277.689
269.04
261.646
266.25
264.765
257.507
246.974
239.481
232.321
249.246
260.435
246.224
259.185
270.61
253.265
260.007
261.972
259.576
260.622
272.383
275.045
274.195
277.62
278.741
273.67
276.021
272.383
263.87
262.765
265.004
257.034
248.416
242.772
235.667
251.115
260.041
246.07
260.433
269.836
256.552
254.872
260.366
258.675
260.54
272.633
274.193
275.624
278.028
280.485
274.204
268.522
273.131
268.345
257.56
263.168
256.863
248.96
243.804
238.987
253.88
259.836
246.025
260.991
269.701
255.97
246.625
258.589
258.069
261.36
273.057
277.502
278.224
275.007
274.294
275.363
261.594
268.658
270.665
255.271
261.863
256.782
249.612
244.571
241.753
256.57
259.648
245.961
262.321
269.765
255.373
242.083
256.966
257.156
261.841
273.269
272.229
282.079
270.166
260.737
272.454
256.791
261.154
267.331
252.162
259.532
256.044
250.256
245.03
244.378
258.883
258.906
246.009
263.262
270.231
256.094
243.091
255.857
256.783
262.279
273.419
272.036
287.374
262.676
243.815
259.645
248.372
251.356
259.632
249.278
258.287
256.221
251.211
245.159
246.498
260.503
258.071
245.79
264.024
270.412
255.109
244.66
255.55
256.83
263.547
273.766
271.017
278.379
249.478
235.58
254.169
246.47
248.068
253.521
248.319
257.387
255.738
251.489
245.475
248.346
261.274
256.939
245.775
264.66
270.879
255.906
243.416
255.084
256.314
263.615
274.325
273.754
263.247
232.545
228.914
249.945
242.905
244.62
246.369
243.696
251.919
253.695
251.288
245.454
249.65
261.074
255.299
245.635
265.29
271.755
257.625
243.232
255.06
257.179
265.321
274.294
273.758
242.619
230.039
235.895
245.915
236.735
250.603
254.08
244.051
245.723
252.475
250.714
245.018
250.442
260.105
253.278
245.552
266.312
272.433
258.46
247.107
255.744
257.213
265.438
274.183
249.457
234.859
238.226
250.557
247.602
234.398
256.002
270.191
249.709
243.306
255.328
249.448
243.714
250.655
258.336
251.142
245.291
266.864
273.06
259.205
250.408
255.318
257.905
267.025
273.945
240.762
233.388
231.387
244.141
246.841
234.429
236.765
248.846
243.119
249.128
260.194
246.013
241.994
250.755
256.176
248.896
245.079
267.325
273.519
260.484
250.146
255.546
259.478
267.854
273.708
242.714
230.177
231.881
256.835
261.383
243.34
225.931
219.105
228.23
252.922
256.595
240.214
240.893
250.909
253.642
246.556
244.752
267.695
274.224
262.452
251.133
256.691
259.87
268.584
272.981
245.942
241.972
234.644
251.348
252.166
234.924
223.788
210.505
221.053
251.729
249.35
236.545
242.082
251.171
250.635
244.182
244.473
268.095
275.043
264.489
254.099
257.621
262.212
270.371
272.362
264.677
261.258
241.218
230.769
227.528
218.836
213.785
207.777
226.431
253.735
244.216
236.247
245.407
250.827
246.976
241.611
244.318
268.524
275.736
266.051
255.392
264.865
263.62
270.24
271.777
284.344
272.102
253.403
233.053
221.027
212.87
209.344
217.668
245.64
253.823
240.563
238.979
249.226
248.964
242.817
239.169
244.276
268.645
276.29
267.746
255.761
273.694
263.387
272.221
270.434
291.418
278.859
254.54
234.317
219.251
216.167
226.734
246.358
257.675
248.156
239.185
243.259
250.564
244.778
238.344
236.863
244.333
268.539
276.749
270.353
256.819
268.895
263.189
272.75
270.735
279.397
280.463
248.521
234.023
231.708
238.125
252.163
259.501
251.017
242.258
238.172
246.055
248.307
239.474
234.69
235.664
244.792
267.726
276.718
273.599
259.172
257.512
264.009
273.511
271.076
263.114
275.722
248.502
234.976
236.333
246.307
254.726
248.054
242.636
238.687
237.517
247.161
244.757
235.674
233.293
235.825
245.444
265.977
275.679
276.653
263.266
254.731
267.468
276.179
270.602
265.005
276.899
253.148
232.67
231.07
239.211
239.166
234.816
240.01
236.595
237.79
247.596
241.79
233.93
233.602
237.022
246.095
263.301
273.493
279.254
267.858
257.858
273.005
275.878
270.156
265.485
274.443
251.939
232.208
230.805
233.768
229.689
231.168
239.448
235.04
240.832
248.872
240.306
233.998
234.421
238.736
246.127
259.592
269.951
281.159
272.201
261.913
276.958
273.806
270.537
266.728
267.921
247.482
230.472
232.145
235.412
231.568
233.54
238.993
238.424
247.691
250.48
240.87
235.806
234.902
240.9
246.585
254.534
265.526
282.464
275.942
265.669
278.368
273.047
272.5
264.943
259.831
243.433
234.197
238.716
241.642
238.358
239.143
243.262
247.793
255.286
252.907
244.915
240.147
235.635
239.283
244.089
246.682
261.711
283.832
279.433
268.965
280.241
271.309
275.565
260.283
251.754
242.34
242.439
249.05
250.119
247.394
248.223
253.052
258.979
262.095
257.827
253.032
248.766
241.314
237.003
238.574
242.551
262.862
286.112
282.858
271.671
279.692
269.526
278.447
255.879
247.382
246.082
252.841
259.456
259.558
258.482
260.106
264.657
269.174
269.416
265.924
263.739
260.531
253.465
244.968
242.571
250.731
270.678
289.509
286.481
275.187
276.957
269.643
281.254
255.139
250.624
255.605
263.681
268.771
269.28
269.821
271.724
275.132
277.937
277.336
275.123
274.156
271.981
266.906
259.84
257.171
265.636
280.381
292.978
290.107
280.06
278.662
272.323
285.148
261.622
261.837
268.112
274.141
277.625
278.528
279.722
281.504
283.797
285.388
284.841
283.561
283.034
281.616
278.4
274.024
272.735
278.889
288.195
295.678
293.416
285.455
283.558
279.074
290.024
275.023
277.517
282.246
286.106
288.495
289.606
290.874
292.255
293.549
294.219
293.702
292.788
292.211
291.145
289.202
286.794
286.124
289.219
294.044
297.79
296.319
291.15
289.693
287.674
294.95
297.276
299.207
301.147
302.364
302.873
302.847
302.773
302.688
302.593
302.316
301.672
300.902
300.245
299.498
298.552
297.535
297.08
297.738
298.996
299.968
299.287
297.288
296.582
295.962
298.362
)
;

boundaryField
{
    inlet
    {
        type            fixedValue;
        value           uniform 300;
    }
    outlet
    {
        type            inletOutlet;
        inletValue      uniform 300;
        value           nonuniform List<scalar> 
57
(
295.014
285.056
279.82
280.421
281.869
282.242
281.717
280.682
279.375
277.943
276.537
275.234
274.065
273.049
272.21
271.481
270.91
270.469
270.053
269.877
269.739
269.81
269.964
270.159
270.556
270.803
271.21
271.64
272.008
272.447
272.708
273.146
273.369
273.531
300
300
300
300
300
300
300
300
300
300
300
300
300
300
300
272.54
275.604
278.488
281.297
285.191
300
300
300
)
;
    }
    upperWall
    {
        type            fixedValue;
        value           uniform 300;
    }
    lowerWall
    {
        type            fixedValue;
        value           uniform 300;
    }
    frontAndBack
    {
        type            empty;
    }
}


// ************************************************************************* //
