/*--------------------------------*- C++ -*----------------------------------*\
| =========                 |                                                 |
| \\      /  F ield         | OpenFOAM: The Open Source CFD Toolbox           |
|  \\    /   O peration     | Version:  dev                                   |
|   \\  /    A nd           | Web:      http://www.openfoam.org               |
|    \\/     M anipulation  |                                                 |
\*---------------------------------------------------------------------------*/
FoamFile
{
    version     2.0;
    format      ascii;
    class       volScalarField;
    object      T;
    location    "9.158";
}
// * * * * * * * * * * * * * * * * * * * * * * * * * * * * * * * * * * * * * //

dimensions      [0 0 0 1 0 0 0];

internalField   nonuniform List<scalar> 
12225
(
296.892
296.28
296.336
296.524
296.487
296.764
296.714
297.042
297.031
297.371
297.405
297.785
297.746
298.34
298.077
299.162
297.793
298.571
296.243
295.704
295.859
296.132
296.054
296.367
296.263
296.601
296.578
296.935
296.917
297.54
297.165
298.403
297.475
299.888
297.825
300.292
296.219
295.784
295.784
296.191
295.93
296.399
296.164
296.57
296.448
296.943
296.645
297.516
297.024
298.187
297.417
299.245
297.891
298.856
296.162
296.057
295.68
296.377
295.845
296.487
296.143
296.739
296.323
297.228
296.551
297.648
296.82
298.292
296.949
299.291
298.312
297.012
295.976
296.255
295.611
296.518
295.906
296.562
296.257
296.783
296.472
297.192
296.782
297.491
296.93
297.966
296.811
298.64
296.9
297.289
295.953
296.22
295.558
296.466
295.914
296.49
296.26
296.668
296.6
297.023
296.864
297.214
297.031
297.579
297.296
297.806
296.979
297.944
296.117
296.009
295.715
296.171
296.012
296.341
296.238
296.565
296.642
296.801
296.884
297.037
297.157
297.343
297.598
297.571
297.724
297.993
296.154
295.993
295.775
296.221
296.027
296.375
296.261
296.591
296.6
296.789
296.852
297.139
297.235
297.484
297.527
297.768
297.777
298.136
296.289
295.882
295.843
296.138
296.102
296.322
296.355
296.528
296.662
296.724
296.913
297.045
297.342
297.421
297.548
297.713
297.843
298.09
296.244
295.903
295.865
296.166
296.16
296.356
296.391
296.606
296.716
296.795
297.051
297.073
297.439
297.5
297.624
297.753
297.996
298.171
296.36
295.896
295.927
296.167
296.165
296.361
296.414
296.564
296.728
296.906
297.094
297.136
297.513
297.496
297.73
297.795
298.09
298.182
296.349
295.906
295.974
296.185
296.224
296.398
296.429
296.688
296.79
296.959
297.158
297.25
297.493
297.64
297.804
297.84
298.214
298.208
296.426
295.939
296.025
296.195
296.251
296.441
296.523
296.722
296.839
297.096
297.2
297.35
297.546
297.762
297.909
298.01
298.207
298.271
296.476
295.941
296.057
296.22
296.314
296.519
296.658
296.848
297.001
297.205
297.332
297.531
297.66
297.913
297.987
298.163
298.346
298.423
296.561
296.004
296.187
296.302
296.395
296.558
296.713
296.877
297.065
297.255
297.422
297.612
297.748
297.987
298.131
298.312
298.435
298.66
296.614
296.042
296.273
296.395
296.516
296.667
296.826
296.98
297.174
297.348
297.558
297.754
297.941
298.128
298.3
298.483
298.624
298.799
296.722
296.197
296.407
296.507
296.628
296.761
296.932
297.105
297.311
297.491
297.706
297.892
298.078
298.247
298.424
298.578
298.747
298.917
296.832
296.318
296.478
296.599
296.723
296.863
297.008
297.16
297.342
297.516
297.712
297.896
298.105
298.303
298.444
298.637
298.794
298.962
296.927
296.387
296.555
296.668
296.752
296.868
297
297.191
297.349
297.545
297.736
297.907
298.094
298.266
298.444
298.618
298.738
298.943
297.021
296.463
296.669
296.711
296.805
296.912
297.048
297.245
297.396
297.608
297.731
297.896
298.032
298.146
298.297
298.408
298.571
298.714
297.018
296.533
296.783
296.77
296.87
296.912
296.998
297.189
297.302
297.527
297.66
297.832
297.951
298.078
298.192
298.307
298.443
298.549
297.162
296.621
296.778
296.807
296.88
296.942
297.009
297.177
297.29
297.46
297.608
297.738
297.881
297.986
298.103
298.222
298.326
298.465
297.238
296.616
296.71
296.795
296.816
296.909
297.033
297.147
297.292
297.419
297.55
297.66
297.792
297.884
298.013
298.118
298.241
298.358
297.215
296.656
296.744
296.821
296.849
296.95
297.053
297.139
297.283
297.369
297.508
297.627
297.729
297.869
297.954
298.088
298.178
298.293
297.268
296.63
296.782
296.856
296.911
296.961
297.018
297.121
297.215
297.349
297.474
297.599
297.73
297.833
297.957
298.048
298.159
298.253
297.289
296.655
296.764
296.821
296.887
296.957
297.042
297.126
297.227
297.334
297.447
297.565
297.671
297.788
297.884
297.994
298.092
298.203
297.251
296.679
296.799
296.849
296.901
296.976
297.059
297.149
297.24
297.335
297.432
297.533
297.633
297.734
297.835
297.936
298.043
298.152
297.242
296.653
296.801
296.87
296.92
296.98
297.05
297.129
297.211
297.297
297.383
297.473
297.566
297.67
297.779
297.903
298.035
298.183
297.3
296.626
296.765
296.855
296.926
296.998
297.069
297.14
297.212
297.295
297.392
297.511
297.646
297.799
297.959
298.132
298.301
298.482
297.61
296.974
297.082
297.158
297.227
297.304
297.392
297.495
297.611
297.742
297.886
298.04
298.201
298.367
298.534
298.701
298.869
299.038
296.351
290.731
288.084
287.009
286.698
286.717
286.902
287.195
287.544
287.898
288.284
288.723
289.192
289.735
290.314
290.764
290.966
291.191
291.618
292.235
292.856
293.12
293.306
293.73
294.419
295.188
295.562
295.952
296.853
298.249
300.063
301.145
300.702
300.03
299.644
299.179
298.738
298.401
298.096
297.806
297.526
297.26
297.027
296.819
296.627
296.439
296.241
296.023
295.792
295.552
295.317
295.078
294.844
294.614
294.392
294.181
293.991
293.814
293.663
293.538
293.431
293.352
293.313
293.291
293.277
293.255
293.232
293.218
293.171
293.129
293.068
292.951
292.723
292.384
291.966
291.443
290.85
290.243
289.671
289.17
288.719
288.311
287.965
287.658
287.39
287.03
286.571
286.084
285.508
284.81
284.076
283.443
282.877
282.145
281.225
280.633
279.836
279.018
278.788
278.902
278.355
276.728
274.973
273.772
274.521
277.038
278.789
280.278
282.488
281.985
279.592
279.409
279.531
278.144
276.51
276.888
277.75
277.659
276.929
275.609
275.586
278.024
279.526
280.115
278.195
273.346
274.171
275.5
272.666
272.183
271.238
271.497
271.753
272.446
274.306
277.337
280.011
280.623
280.23
279.694
279.258
278.439
277.716
276.801
275.732
274.352
272.813
271.327
269.991
268.608
267.778
267.017
265.855
264.164
263.517
263.004
259.677
255.727
256.721
262.71
261.444
260.878
265.569
270.479
264.486
249.623
257.04
262.263
262.736
258.931
261.767
263.916
268.41
268.231
259.455
254.94
257.217
245.381
224.285
247.004
296.335
289.492
285.612
283.765
283.029
282.758
282.647
282.645
282.748
282.814
282.856
282.995
283.135
283.265
283.559
283.971
284.191
284.512
284.896
285.74
286.953
287.151
287.659
289.553
292.907
295.66
295.631
296.2
297.579
297.688
297.218
296.968
296.432
295.887
295.717
295.509
295.348
295.227
295.173
295.17
295.26
295.42
295.525
295.599
295.583
295.414
295.202
294.937
294.63
294.368
294.066
293.758
293.43
293.111
292.803
292.529
292.345
292.19
292.086
291.995
291.957
292.077
292.373
292.707
293.019
293.232
293.57
294.001
294.213
294.481
294.734
294.898
294.801
294.543
294.093
293.379
292.378
291.013
289.364
287.803
286.96
286.825
286.606
285.742
284.702
283.559
282.386
281.485
280.891
280.593
279.776
278.554
277.568
278.251
277.366
275.626
274.723
272.38
271.27
270.825
273.07
273.988
270.064
265.783
262.569
266.599
273.886
277.114
276.06
273.206
273.795
274.564
272.815
271.839
273.49
274.968
273.626
270.672
268.42
269.575
274.335
279.469
276.364
274.644
269.111
262.059
265.227
265.256
261.458
259.865
261.59
262.337
265.563
265.263
263.702
263.172
264.888
267.134
269.753
271.272
271.483
269.746
266.933
265.457
266.149
265.795
262.557
258.061
254.025
250.199
247.324
245.551
244.177
242.021
242.074
240.117
233.713
228.524
229.687
242.667
242.829
246.447
261.259
253.64
235.228
243.109
258.121
238.738
244.375
249.029
256.573
256.499
253.34
264.392
262
243.36
241.559
233.585
191.779
201.555
297.731
292.575
289.181
286.993
285.665
284.947
284.353
283.799
283.461
283.284
282.896
282.474
282.606
282.163
280.859
280.165
281.262
282.932
284.069
285.524
287.885
289.882
290.817
292.872
294.414
294.982
295.414
295.519
295.762
295.773
295.636
296.048
296.304
296.767
297.35
297.646
298.037
298.311
298.563
298.874
299.087
299.206
299.273
299.167
299.047
298.939
298.69
298.55
298.373
298.108
297.939
297.771
297.666
297.608
297.477
297.336
297.201
297.043
296.889
296.818
296.673
296.615
296.684
296.833
296.976
297.045
297.205
297.507
297.683
297.785
297.867
297.803
297.422
297.143
296.831
296.455
296.027
295.118
293.488
291.495
290.743
292.24
293.584
292.312
288.758
285.469
283.677
282.722
282.004
280.603
279.432
280.1
279.536
277.585
276.75
276.155
274.36
271.42
270.398
270.289
272.914
273.379
271.021
269.374
267.711
270.517
274.689
275.072
273.093
273.157
274.86
275.203
275.193
275.638
278.598
280.692
280.316
276.156
272.074
276.463
281.329
280.358
272.562
272.399
265.742
269.021
268.434
258.918
262.664
258.132
262.738
265.668
274.108
275.364
271.473
266.367
263.09
262.695
264.448
266.727
268.07
266.792
264.924
262.337
260.184
260.001
260.93
259.666
253.2
245.411
239.13
234.405
232.441
231.845
233.629
231.774
228.329
228.402
228.953
229.299
233.317
236.695
259.822
270.842
255.777
263.832
297.037
253.405
239.33
241.382
258.003
271.685
253.902
261.918
267.716
249.154
238.828
225.29
207.142
194.054
298.72
294.907
292.295
290.265
288.588
287.548
286.569
285.619
284.766
284.132
283.46
282.561
282.22
280.59
279.871
282.687
285.866
286.498
288.746
291.674
292.619
294.717
296.372
297.431
298.121
298.405
298.705
298.906
299.203
299.346
299.597
299.952
300.148
300.372
300.44
300.261
300.072
299.693
299.248
298.749
297.917
297.194
296.495
295.902
295.5
295.163
295.089
294.957
294.88
294.819
294.657
294.728
294.859
295.022
295.225
295.251
295.329
295.386
295.399
295.525
295.592
295.456
295.261
295.135
294.916
294.867
294.772
294.576
294.641
294.735
294.928
295.154
295.083
295.08
294.973
294.734
294.562
294.272
293.856
292.35
290.493
291.579
295.47
296.766
292.716
287.172
286.767
288.546
288.662
286.311
284.475
286.802
287.741
283.977
280.201
278.724
276.256
273.129
273.481
272.631
271.188
272.072
273.438
271.219
268.633
272.296
276.331
274.519
272.826
273.854
272.803
272.18
271.568
274.175
282.205
290.971
293.735
287.82
285.811
286.211
279.847
270.855
265.879
264.795
267.234
273.985
269.869
262.211
269.7
252.348
259.271
267.517
278.368
281.137
277.68
270.766
266.082
263.519
264.607
266.647
268.235
265.62
260.722
261.13
264.356
264.477
262.857
261.764
257.278
249.147
239.388
229.784
225.448
226.607
230.258
232.125
235.001
239.675
236.116
215.122
227.268
225.827
241.265
258.31
285.85
276.234
286.986
275.333
247.718
238.168
250.01
272.416
256.473
257.936
273.307
256.606
243.207
222.617
210.041
192.548
299.367
296.301
293.75
291.65
289.902
288.837
287.943
287.03
286.417
284.987
283.142
282.12
282.255
283.505
285.148
286.502
288.629
290.634
293.092
295.521
296.998
298.883
299.707
300.358
300.646
300.38
300.887
300.765
300.578
300.484
300.157
299.811
299.209
298.394
297.473
296.663
295.836
295.407
294.791
294.236
293.867
293.416
293.219
293.168
293.224
293.266
293.317
293.342
293.411
293.381
293.405
293.38
293.252
293.165
293.072
292.916
292.82
292.894
292.855
292.771
292.752
292.686
292.642
292.67
292.552
292.488
292.454
292.398
292.418
292.641
292.83
293.362
294.024
295.25
296.669
297.56
297.651
296.76
295.634
294.102
292.675
291.54
292.773
294.1
293.228
290.561
291.545
295.401
296.192
293.766
292.613
292.985
293.036
291.234
289.129
286.515
282.062
278.215
275.944
273.776
271.585
274.075
274.997
270.418
268.617
273.038
275.168
271.961
271.541
269.269
265.05
265.534
268.209
279.235
287.329
289.677
284.742
279.863
282.888
279.902
276.278
273.51
264.655
264.464
273.081
281.638
273.451
296.361
303.429
255.669
260.227
275.132
289.968
294.049
286.808
277.299
269.048
265.407
262.877
263.796
265.186
265.758
260.715
252.068
250.572
258.369
264.162
266.394
262.31
255.352
245.848
232.493
222.58
223.35
228.766
233.326
240.841
245.307
235.938
206.686
229.287
223.277
239.988
260.913
241.797
250.848
266.103
260.28
232.255
237.875
256.797
275.274
257.352
252.864
273.377
262.101
247.663
223.977
212.696
194.728
299.657
296.837
293.94
291.426
289.564
288.185
287.671
287.442
287.231
286.158
284.367
283.817
284.829
285.549
287.6
290.509
292.324
293.946
296.923
299.071
299.949
300.886
301.117
300.704
300.932
300.783
300.17
299.81
299.059
298.465
297.823
297.099
296.355
295.642
295.081
294.764
294.715
294.807
294.934
295.09
295.278
295.554
295.755
296.007
296.205
296.296
296.509
296.477
296.522
296.525
296.535
296.533
296.454
296.41
296.367
296.295
296.118
296.057
295.871
295.71
295.464
295.283
295.06
294.842
294.478
294.026
293.514
293.104
292.665
292.488
292.435
292.378
292.088
292.065
292.859
293.979
294.959
295.712
295.631
294.581
294.265
293.604
292.814
292.162
292.503
294.623
297.367
297.859
296.304
295.119
295.17
292.738
287.694
285.675
287.101
288.099
287.038
284.82
279.893
276.568
275.232
274.717
273.187
269.584
269.98
273.102
271.889
270.536
271.844
270.221
268.546
270.684
276.886
288.434
287.899
283.432
279.168
279.136
281.091
280.46
282.447
282.748
271.1
265.052
275.579
286.8
273.936
282.51
317.697
298.659
281.096
283.139
286.17
295.562
289.969
287.722
274.455
272.42
268.127
265.832
261.075
260.203
256.541
248.264
240.947
251.509
265.014
273.21
271.3
260.008
252.866
240.925
225.88
222.011
226.811
234.027
244.353
249.646
242.296
209.356
219.022
222.725
235.435
232.505
233.327
217.042
272.041
256.27
235.928
254.097
270.125
277.529
255.798
249.65
272.715
266.188
251.289
227.133
213.341
194.645
299.891
297.515
294.603
291.733
289.52
287.349
286.389
286.433
287.493
287.299
286.005
286.163
285.884
287.284
292.247
294.111
295.574
298.634
300.46
301.082
301.339
301.371
301.145
300.881
300.135
299.596
298.776
298.015
297.287
296.875
296.298
296.193
296.113
295.901
296.04
296.122
296.336
296.509
296.468
296.551
296.531
296.364
296.256
296.016
295.71
295.446
295.148
294.768
294.601
294.316
293.997
293.839
293.712
293.707
293.73
293.958
294.208
294.467
294.632
294.941
295.267
295.48
295.585
295.633
295.579
295.382
295.13
294.872
294.254
293.532
293.311
293.143
292.785
292.153
291.796
291.646
291.457
292.624
293.89
294.035
293.201
293.788
294.337
294.309
294.647
296.25
297.736
297.899
297.481
295.81
293.288
291.027
287.96
284.932
282.161
280.548
282.187
284.466
282.106
279.744
278.937
275.329
273.164
272.438
272.685
271.99
270.168
274.965
278
277.967
277.575
277.713
283.026
287.615
283.335
279.547
279.781
281.494
280.584
280.603
281.313
281.341
279.453
261.154
256.396
264.27
287.895
286.639
269.153
291.865
289.528
292.676
285.342
292.541
287.483
288.25
281.371
282.645
284.288
284.376
277.729
272.686
265.872
260.294
251.627
256.715
267.294
275.244
281.001
268.964
259.137
250.617
233.488
224.418
225
232.493
245.233
251.805
251.656
228.56
201.81
207.508
204.542
204.149
231.442
235.676
294.06
269.929
243.247
260.465
275.666
277.406
246.233
241.93
269.608
269.938
252.933
229.367
214.971
196.554
300.043
297.834
294.297
290.613
288.277
286.155
285.053
285.709
286.848
287.535
287.746
286.788
284.891
287.647
295.327
297.402
296.035
298.201
299.955
300.294
299.844
300.025
299.627
299.318
298.641
297.841
297.093
296.701
296.19
296.398
296.402
296.5
296.664
296.474
296.538
296.398
296.137
295.938
295.635
295.285
294.947
294.495
294.2
293.781
293.431
293.131
292.813
292.484
292.231
291.944
291.657
291.509
291.205
291.02
290.832
290.792
290.772
290.862
290.998
291.162
291.502
291.93
292.243
292.538
292.885
293.191
293.59
294.204
294.506
294.427
294.037
293.786
293.32
293.404
293.831
293.978
292.903
292.453
293.606
295.226
294.39
293.677
292.892
293.378
294.761
296.569
297.119
297.702
299.769
300.267
297.187
293.291
291.199
289.438
285.153
280.65
280.468
282.724
281.317
280.486
279.404
275.186
274.023
275.672
275.111
270.668
272.603
280.602
281.928
282.1
281.973
280.525
284.9
284.041
280.815
279.848
280.469
281.18
279.884
279.915
281.382
280.887
278.614
266.076
268.26
272.72
273.858
308.374
282.351
279.51
281.975
279.144
279.189
285.443
290.872
284.606
283.277
286.706
293.489
294.056
290.144
286.532
277.38
272.112
265.093
264.332
266.17
267.833
277.019
273.363
263.436
258.588
242.707
229.341
224.912
229.01
242.564
249.145
254.136
247.629
205.293
202.679
210.098
284.418
198.352
233.51
268.018
262.917
252.173
272.291
275.672
278.808
244.916
240.561
268.633
271.587
252.941
230.417
213.877
198.487
300.007
297.455
292.756
287.959
285.629
285.078
284.18
284.541
285.758
286.994
286.874
284.357
284.517
289.386
296.142
299.038
299.613
301.479
301.335
301.057
300.419
299.917
298.687
297.72
297.085
296.57
296.577
296.971
296.963
297.033
297.054
296.818
296.718
296.408
295.947
295.629
295.4
295.162
294.867
294.606
294.453
294.148
294.063
293.784
293.655
293.459
293.309
293.176
293.07
293.018
292.909
292.87
292.767
292.552
292.153
291.911
291.852
291.837
291.695
291.466
291.338
291.715
292.031
292.241
292.27
292.063
292.006
292.245
292.928
293.958
294.488
295.084
294.065
292.417
292.752
293.685
293.472
291.405
291.446
294.17
295.987
296.101
293.909
291.406
290.54
293.107
295.415
297.209
299.271
299.559
295.669
291.293
289.45
287.372
283.248
279.483
279.747
281.705
280.277
280.464
279.26
275.355
274.658
275.926
274.907
270.652
277.376
284.552
284.428
284.182
284.874
283.937
287.039
283.643
280.405
278.695
278.73
280.377
282.78
283.803
284.142
283.275
281.183
279.802
285.966
297.03
278.094
287.379
278.751
276.207
301.582
286.649
281.221
275.835
288.428
284.615
281.781
282.033
292.054
298.857
293.893
292.774
283.694
279.76
270.014
261.779
264.039
267.899
277.307
277.516
266.47
263.997
251.574
236.82
228.189
225.766
237.439
244.166
251.89
258.001
228.071
217.996
247.343
273.897
191.377
235.387
266.045
257.606
258.676
280.183
275.516
262.994
233.53
237.729
266.522
267.631
251.178
228.979
212.398
199.082
299.751
296.535
290.942
286.309
284.876
285.623
285.969
285.671
285.007
285.023
285.46
284.791
287.823
292.771
297.802
298.404
298.285
300.457
300.372
299.5
298.461
298.056
297.673
297.135
297.195
297.088
297.084
297.155
296.896
296.855
296.746
296.388
295.898
295.619
295.374
295.276
295.321
295.219
295.122
295.06
295.003
294.793
294.784
294.472
294.348
294.155
293.958
293.858
293.868
293.935
293.962
294.025
294.12
294.156
293.662
292.897
292.544
292.706
292.836
292.381
291.828
292.207
292.995
293.711
294.396
294.141
293.504
292.214
291.494
291.868
292.558
294.287
296.166
294.62
293.233
294.39
294.937
292.15
290.193
291.893
295.08
295.383
294.197
292.265
291.01
291.838
294.751
297.538
299.737
298.95
293.779
289.251
288.134
286.227
282.194
278.637
279.508
280.672
279.676
280.622
279.506
275.371
274.425
274.099
272.596
272.07
281.463
285.54
284.276
285.564
286.993
285.535
285.465
280.492
279.414
278.869
280.974
281.814
284.012
286.051
285.705
285.281
281.985
286.471
282.038
281.666
275.851
285.465
286.984
270.457
297.401
287.61
286.945
282.129
293.229
288.99
282.952
280.287
283.9
297.44
295.121
294.575
291.078
293.705
284.874
265.744
264.908
269.259
276.164
281.713
270.276
268.041
258.568
242.585
233.712
224.568
232.234
239.09
245.403
256.198
256.104
254.04
256.73
232.947
207.318
246.771
281.728
265.381
261.62
278.257
282.632
264.926
231.142
235.64
261.526
259.87
247.162
225.32
211.235
199.66
299.54
295.875
290.101
286.748
286.371
286.505
286.103
285.777
284.859
283.991
286.106
288.969
292.09
295.437
298.824
299.781
299.381
300.903
299.865
299.134
298.373
296.982
296.446
295.834
296.068
296.805
297.373
297.798
297.41
296.793
296.134
295.78
295.818
295.98
295.937
295.828
295.84
295.671
295.582
295.44
295.219
294.814
294.605
294.25
293.99
293.719
293.349
292.85
292.657
292.856
292.791
292.735
292.801
293.369
293.626
292.849
291.945
292.087
293.331
293.652
292.751
292.345
293.564
295.005
296.689
297.216
297.1
295.815
293.442
292.316
292.388
291.795
294.201
295.796
293.957
294.312
296.32
295.345
292.3
292.429
295.874
295.888
294.41
292.168
292.407
294.323
298.74
299.879
298.451
294.619
290.221
286.476
285.059
283.409
280.763
279.22
280.302
280.541
279.875
281.124
279.719
274.682
273.543
273.275
273.252
276.685
284.815
285.757
284.935
287.406
287.731
284.559
281.842
277.144
280.023
282.918
285.219
285.238
283.424
284.817
285.192
288.59
284.981
284.833
281.654
284.052
281.439
281.241
296.191
278.079
296.607
287.474
285.766
289.307
299.895
295.283
283.607
285.344
281.694
292.803
296.665
292.72
285.919
291.015
293.889
275.552
268.486
270.563
272.479
281.879
273.591
271.621
265.766
248.42
240.423
227.589
230.602
235.909
237.772
243.881
255.629
283.96
269.93
249.865
226.329
253.112
274.459
262.214
270.117
282.192
272.163
254.475
228.789
232.937
252.983
251.389
241.936
221.418
212.059
198.872
299.254
295.106
288.939
286.211
287.14
288.044
287.595
286.539
285.874
286.64
289.118
292.866
294.961
297.157
298.805
299.638
299.313
300.636
299.064
297.633
297.404
296.271
296.611
297.367
298.038
298.38
298.044
297.411
296.967
296.86
296.734
296.35
296.055
295.867
295.811
295.765
295.863
295.871
295.783
295.413
295.009
294.484
293.995
293.573
293.567
293.546
293.639
293.325
292.921
293.394
293.592
293.406
292.821
292.853
293.53
293.35
291.769
290.443
291.626
293.562
293.724
291.992
291.669
293.114
295.315
297.22
297.412
297.439
295.367
292.455
293.243
292.599
293.036
295.782
295.663
293.793
294.678
295.016
292.693
292.236
294.855
295.378
294.378
292.784
293.891
296.124
301.094
300.769
297.656
292.049
287.734
284.633
283.095
280.595
278.028
278.389
280.181
280.961
280.257
281.659
279.204
272.933
271.243
273.741
276.542
281.667
286.65
285.504
288.102
291.82
288.826
284.748
282.686
280.447
283.196
285.91
288.254
289.384
287.951
284.986
285.3
284.248
282.802
286.266
284.172
286.832
283.041
281.283
295.648
278.892
293.297
284.222
278.4
286.316
295.786
298.87
284.861
287.919
283.539
290.091
296.655
296.236
286.495
286.855
295.521
282.378
270.314
271.308
271.151
282.067
276.365
274.088
271.155
253.653
246.759
234.029
231.295
232.424
232.307
236.583
240.222
268.806
271.372
242.632
234.733
249.596
274.019
264.792
270.681
284.868
283.281
257.046
230.265
232.749
244.252
243.722
236.635
217.692
212.758
193.441
299.292
295.597
289.675
286.597
287.616
288.942
289.511
289.587
288.661
288.67
292.358
295.324
296.515
297.041
298.28
298.971
299.135
300.344
299.41
298.326
298.113
297.107
296.852
297.016
297.586
297.864
297.643
296.854
295.734
294.908
294.985
295.228
295.64
296.078
296.223
296.254
296.474
296.548
296.24
295.442
294.517
293.7
293.216
292.581
292.548
292.679
293.261
293.69
293.289
293.779
294.44
294.959
294.612
294.034
293.956
294.593
293.934
291.854
291.086
293.212
295.487
295.445
293.601
293.303
294.084
296.582
297.78
298.159
298.417
295.471
294.038
294.169
293.015
294.358
296.804
295.876
296.298
296.9
294.856
293.706
295.609
296.35
294.722
293.563
295.237
297.14
301.548
300.138
297.658
293.329
289.397
285.86
283.414
280.319
278.119
279.461
280.642
281.158
281.148
281.564
277.565
270.483
268.913
273.423
278.867
284.212
285.879
285.306
290.07
289.991
286.044
283.697
281.799
280.741
281.8
282.592
287.19
288.367
290.574
291.953
291.968
284.74
281.342
286.231
287.364
290.447
287.825
280.395
289.353
278.907
298.65
294.904
283.225
289.552
291.822
297.057
289.096
289.615
286.119
290.589
293.651
293.444
287.503
284.961
295.088
289.712
273.775
273.247
271.093
282.157
278.392
275.571
274.606
255.627
252.757
242.625
234.304
230.947
232.48
237.894
228.103
253.429
261.708
238.608
234.904
252.29
273.199
267.097
275.848
273.218
277.924
259.263
234.236
235.201
237.845
237.625
232.076
214.408
210.474
192.382
299.416
296.127
290.362
287.002
288.248
290.241
290.747
290.237
291.586
293.219
295.441
297.897
298.75
298.248
298.123
298.087
297.637
298.46
297.581
297.021
297.111
296.684
297.205
297.83
298.262
298.182
297.846
297.63
297.563
297.409
297.265
296.842
296.677
296.906
297.038
297.017
297.174
296.87
296.093
295.121
294.098
293.017
292.91
292.827
293.087
293.373
293.659
294.341
294.302
294.268
294.024
294.375
294.172
293.926
293.099
293.212
293.564
292.865
290.99
291.247
293.238
295.727
295.929
295.541
295.348
295.643
297.405
297.79
298.061
298.644
296.725
296.977
295.911
294.977
296.207
295.784
295.47
297.186
296.328
293.952
295.116
297.576
296.543
294.686
294.514
296.354
301.504
300.548
298.254
292.796
288.622
285.292
282.36
279.531
278.566
280.497
281.366
281.406
282.09
280.663
276.375
269.473
269.118
274.452
281.362
285.723
286.923
288.409
290.245
289.132
285.198
283.307
281.397
282.124
284.711
284.192
285.482
284.773
284.908
286.847
286.843
286.476
284.708
284.564
284.302
285.793
288.43
289.238
295.402
287.229
295.114
290.069
286.592
298.67
296.836
296.377
290.865
291.047
288.465
293.087
295.719
294.24
291.658
284.295
289.97
292.434
276.644
275.977
274.017
284.016
281.463
277.452
277.756
256.372
257.224
249.447
244.479
238.569
237.749
242.13
217.192
248.292
256.097
235.124
242.287
257.314
277.774
271.628
284.68
275.445
279.5
261.896
241.114
240.093
234.416
233.4
228.466
211.098
209.672
203.624
299.39
296.239
290.497
286.675
287.352
290.058
292.582
293.634
290.991
292.895
295.578
297.974
299.007
299.555
299.504
299.702
299.478
299.84
298.583
297.151
296.994
296.481
296.327
296.753
297.329
297.672
297.163
296.006
295.328
295.79
296.615
297.36
297.573
297.351
297.226
296.919
296.842
296.829
296.723
295.936
295.401
294.384
293.55
293.218
293.733
294.589
294.804
294.993
295.31
296.195
295.693
295.064
293.863
294.043
294.356
294.205
293.587
293.306
292.73
292.658
293.172
294.565
296.267
296.652
297.853
297.976
298.028
299.278
298.605
299.123
298.306
297.857
297.978
297.274
297.257
297.71
295.84
297.102
297.176
294.385
294.178
297.279
297.129
294.8
293.656
295.619
301.039
300.514
299.075
291.412
286.216
283.376
281.952
280.741
280.382
281.983
282.062
281.593
282.649
279.732
275.777
271.826
273.794
278.487
284.015
287.849
289.46
291.633
291.148
288.991
285.908
283.62
284.239
290.185
294.541
294.359
292.921
292.311
295.083
292.356
287.725
283.682
283.193
285.834
288.684
292.739
288.847
287.75
294.402
295.258
302.328
288.585
284.666
296.077
292.704
294.849
292.127
291.296
288.305
293.7
294.944
291.755
293.909
284.853
287.229
293.68
277.038
276.268
276.601
285.088
285.092
278.467
279.849
259.189
258.11
254.022
260.496
244.376
244.354
250.452
219.813
267.322
258.401
239.642
253.087
263.266
280.201
277.361
285.866
271.748
281.096
262.823
247.641
244.969
233.388
231.026
225.949
208.227
212.935
216.734
299.675
297.67
293.07
288.716
287.612
289.302
290.627
294.369
295.358
294.022
295.254
296.708
297.271
297.542
297.827
298.098
298.822
299.972
299.989
298.618
297.681
296.976
296.565
296.745
297.431
298.638
299.207
298.527
297.002
295.724
295.147
295.127
295.27
295.314
295.113
295.46
296.046
296.352
297.128
296.977
296.576
295.662
294.534
293.391
292.751
293.512
294.189
294.084
293.307
294.064
294.641
294.967
293.02
291.828
292.339
294.254
294.754
294.053
293.952
294.405
295.503
295.639
296.291
297.397
297.779
299.001
298.843
298.922
299.278
299.049
300.184
299.435
299.516
299.061
297.819
299.223
297.371
296.996
298.307
297.005
295.532
297.977
298.622
296.145
295.057
296.929
301.713
300.868
299.121
290.392
285.792
282.297
281.908
281.906
282.516
283.245
282.298
282.019
283.036
279.654
275.04
275.218
278.54
282.054
285.597
287.803
289.481
292.474
291.111
289.266
283.938
282.117
283.972
288.837
294.722
295.297
291.939
291.528
290.778
291.93
289.921
285.385
285.395
288.159
291.451
293.203
294.74
296.544
292.925
290.465
296.033
288.725
290.301
299.843
292.91
296.273
295.299
293.467
291.594
298.704
295.753
290.2
294.003
283.214
285.405
293.325
275.008
275.484
278.265
286.116
289.837
279.258
281.035
263.945
257.195
258.484
271.087
244.606
255.594
262.455
241.885
293.271
263.647
247.177
262.083
267.913
281.234
286.2
286.996
266.642
280.725
260.748
249.208
247.003
233.657
229.228
223.164
206.35
218.382
218.631
299.747
298.188
293.924
288.931
287.091
288.72
290.343
291.039
295
295.564
296.447
297.336
297.818
297.567
297.466
296.976
296.992
298.042
299.281
299.515
299.231
298.315
297.114
296.182
295.677
295.84
296.83
297.891
298.285
298.02
297.848
297.588
297.556
297.588
297.437
297.579
298.585
298.525
297.687
297.141
297.104
296.94
296.882
296.018
295.046
294.742
294.927
295.299
294.195
294.282
294.228
295.291
294.419
293.036
292.21
293.588
295.702
296.191
296.515
296.512
296.785
297.554
296.884
297.069
297.759
298.206
299.169
298.44
299.511
298.649
299.69
299.739
299.668
300.181
298.69
299.812
299.772
297.166
298.558
298.696
295.517
296.388
299.141
298.37
296.096
296.502
300.736
301.787
299.89
291.22
287.685
283.706
283.634
283.094
283.769
283.076
282.117
282.153
282.811
280.025
274.76
276.491
280.764
284.256
286.221
288.075
288.936
292.112
291.954
291.064
283.862
282.948
284.116
286.439
293.846
295.172
292.189
289.128
292.85
289.649
281.357
281.476
287.237
293.271
294.144
292.274
289.324
293.095
295.003
294.252
290.839
285.764
292.182
298.122
291.724
294.599
292.376
292.851
293.516
300.171
290.523
285.733
290.919
280.646
285.765
293.182
273.953
276.823
280.974
287.417
293.123
278.554
280.691
270.174
259.189
261.874
270.944
249.032
268.127
269.334
266.393
303.917
261.555
254.465
268.976
272.512
286.201
291.233
286.916
267.881
287.178
262.911
247.186
246.612
233.709
228.124
219.254
206.099
224.137
217.301
299.618
298.413
295.484
291.52
288.526
287.307
289.723
290.262
291.784
293.88
295.067
296.385
297.336
297.649
297.705
297.112
296.154
295.681
296.156
296.92
297.927
298.807
299.083
298.831
298.149
297.404
296.56
295.943
295.955
295.959
295.829
296.121
296.795
296.948
297.804
298.019
298.386
298.932
298.197
296.03
296.08
297.07
298.111
297.363
295.425
294.925
294.544
294.004
293.131
294.057
295.463
295.812
294.616
293.86
293.793
294.313
296.012
297.025
298.142
298.576
299.416
299.617
300.301
299.393
298.97
297.54
298.135
297.693
298.344
298.99
299.193
300.367
299.805
300.845
299.888
298.593
300.826
298.299
298.666
299.813
296.342
295.317
298.588
298.44
295.272
295.62
301.058
303.904
300.334
290.947
286.549
284.297
284.981
283.455
283.96
282.201
282.284
282.815
282.353
280.357
275.623
277.16
281.463
284.873
287.391
289.208
289.586
292.525
293.651
291.36
286.761
287.14
285.426
286.933
292.347
292.832
288.153
289.577
293.212
292
289.469
288.006
288.533
291.381
294.648
295.653
293.998
290.009
287.368
286.362
284.899
286.589
294.139
293.198
290.757
294.234
290.972
296.005
295.896
296.994
284.218
285.122
289.954
279.655
287.682
293.301
275.054
279.903
283.599
291.591
298.454
279.517
280.013
276.003
263.004
264.041
267.11
256.488
273.91
270.612
281.878
301.175
259.579
263.871
272.721
280.768
291.36
294.484
284.084
266.926
288.973
265.047
244.378
245.176
232.794
228.54
217.214
207.721
228.682
220.006
299.181
297.151
293.316
289.317
288.514
287.645
289.646
290.471
290.731
291.791
293.053
294.369
295.713
296.795
297.722
298.24
298.081
297.222
296.608
295.874
295.573
295.703
296.262
296.991
297.627
298.229
298.573
298.506
297.793
297.338
296.775
295.835
295.66
295.264
295.351
295.647
295.947
296.097
296.474
294.665
293.98
296.399
299.038
298.287
295.195
293.498
294.81
295.41
294.995
294.81
295.604
296.028
294.389
293.041
294.219
295.582
297.644
297.566
298.374
297.861
298.263
298.49
298.896
298.827
298.747
298.9
298.724
299.434
299.173
300.974
300.123
301.016
299.796
299.625
300.967
298.888
300.821
299.179
297.852
300
298.761
296.565
299.038
299.866
297.387
296.786
300.763
303.055
298.945
291.517
285.598
284.972
285.377
282.995
283.617
282.037
282.854
284.37
282.703
281.253
278.213
278.816
281.729
285.034
288.649
291.063
291.928
294.357
294.47
292.778
286.75
288.965
287.527
286.93
293.241
293.083
289.295
292.273
293.186
285.366
283.178
288.964
294.642
293.535
290.291
288.591
289.158
291.388
289.852
287.79
284.456
287.687
292.764
288.935
290.165
291.546
290.434
297.997
291.949
289.555
281.429
289.799
291.058
281.561
288.925
293.112
277.216
280.718
285.279
294.506
299.635
279.327
279.118
279.76
265.643
264.855
263.034
261.893
273.738
269.337
287.22
293.832
262.53
272.436
275.465
292.193
297.299
292.54
280.367
267.7
286.683
262.6
240.571
242.419
231.259
227.692
215.59
209.425
232.219
223.591
298.795
296.428
294.837
290.499
288.887
287.777
288.674
290.787
290.828
291.423
291.725
292.107
292.865
293.648
294.499
295.509
296.6
297.158
297.644
297.78
297.639
297.081
296.771
296.503
296.355
296.309
296.633
297.167
297.534
297.824
298.102
297.71
297.708
297.302
296.694
296.175
296.342
296.42
296.743
295.855
295.478
298.064
300.456
298.131
295.447
294.428
294.539
294.089
294.466
296.404
295.969
293.663
292.944
293.957
296.568
297.576
298.635
298.344
298.058
297.815
297.621
298.602
298.438
298.934
298.106
298.845
299.148
300.616
300.272
301.524
301.201
301.66
302.08
300.083
301.257
299.758
300.304
300.937
298.568
299.766
299.321
296.314
298.085
300.547
298.096
296.315
300.327
304.466
300.981
294.37
286.141
286.641
285.496
283.122
283.207
282.102
282.588
284.682
282.557
281.463
280.286
280.491
282.909
285.548
289.681
292.009
293.687
296.673
295.266
292.25
284.878
288.802
287.953
288.79
294.26
291.006
287.316
290.959
291.354
287.094
285.463
287.967
291.848
295.073
295.494
293.568
289.209
289.302
290.482
289.985
288.472
289.975
290.405
286.407
290.017
290.716
292.595
296.738
287.494
288.135
284.029
292.216
289.461
282.576
290.881
291.152
280.616
284.48
287.494
296.828
297.825
277.826
277.673
280.992
266.444
264.417
259.524
264.822
271.167
267.465
287.415
287.781
268.462
279.663
277.941
301.645
300.581
287.213
276.272
267.518
279.565
255.505
235.676
238.156
230.254
225.917
212.447
211.685
234.187
224.846
297.593
293.743
290.63
288.296
288.427
288.005
288.084
290.508
292.095
293.387
292.82
293.128
293.077
293.119
292.968
292.988
293.381
293.791
294.271
295.038
295.747
296.452
297.147
297.435
297.86
297.847
297.301
296.93
296.889
296.481
297.013
296.984
297.568
297.725
297.677
297.453
297.607
298.066
298.425
297.892
298.432
300.224
299.7
296.409
295.165
295.249
294.172
293.938
295.04
296.564
296.438
294.234
294.245
295.002
297.778
297.97
299.105
298.528
299.32
299.847
299.406
298.894
298.441
298.8
299.241
299.365
299.446
299.715
300.062
300.854
301.85
300.934
302.259
300.889
301.627
300.972
299.431
301.689
299.478
299.71
300.584
298.061
297.846
300.55
298.891
296.789
300.288
304.487
300.81
294.586
285.105
287.489
285.493
283.305
283.029
281.818
282.296
285.685
283.84
282.314
282.747
283.484
284.817
286.586
290.398
292.418
294.449
298.163
295.629
291.552
283.688
288.88
289.474
287.998
293.87
288.061
287.371
294.089
292.192
285.15
287.267
292.545
295.152
292.692
290.363
290.937
293.264
293.15
292.085
290.592
289.633
290.034
287.012
285.927
291.175
291.28
293.517
291.767
283.309
290.175
288.011
293.429
286.996
284.927
291.774
289.703
281.874
285.616
288.799
298.591
297.122
277.195
276.767
280.239
267.495
264.722
258.037
267.214
268.857
266.202
285.81
284.816
274.147
285.692
279.765
304.441
300.4
278.159
272.577
267.388
269.909
248.324
230.082
232.111
229.526
226.253
210.987
215.622
233.328
223.47
297.527
292.818
292.203
288.035
288.361
288.133
288.875
289.585
290.929
292.395
293.76
294.516
294.875
295.209
295.296
295.18
294.945
294.669
294.388
294.175
294.144
294.071
294.24
294.852
295.433
296.427
297.408
297.724
298.118
297.506
297.503
296.8
296.992
296.595
296.859
296.9
296.893
297.711
297.823
297.376
298.437
299.045
296.395
294.583
295.258
295.417
293.766
294.219
296.58
296.6
295.396
293.124
295.347
295.21
297.795
296.783
298.509
297.95
298.568
298.292
299.452
299.454
299.969
299.496
299.993
299.594
300.321
300.314
301.032
300.46
301.38
300.702
302.212
301.531
301.214
302.457
300.142
301.663
300.02
299.215
300.839
298.882
297.24
300.681
300.454
297.265
299.275
304.207
301.857
296.404
285.656
287.977
285.837
284.013
283.021
282.798
283.223
286.939
284.665
282.147
284.007
285.834
287.339
288.064
290.639
291.771
294.065
298.003
295.863
292.379
285.357
291.482
287.802
287.473
293.683
287.313
291.172
294.775
288.329
283.608
286.958
292.228
295.888
297.034
294.933
291.558
290.318
291.2
290.968
290.383
288.985
288.359
286.39
289.245
292.655
291.38
292.777
288.093
284.572
292.852
288.686
292.076
285.908
287.963
291.745
289.707
286.666
287.664
289.84
301.461
295.866
276.457
275.487
278.012
271.235
268.159
259.765
269.46
266.707
265.687
284.138
283.658
278.566
290.502
281.772
300.003
297.339
267.901
269.902
266.948
261.849
243.14
224.421
226.375
228.329
227.233
211.955
216.468
231.272
220.872
294.529
288.626
290.591
287.75
289.506
287.161
287.296
289.03
290.345
290.221
293.329
293.806
294.805
295.386
295.778
295.911
295.917
295.93
295.969
295.991
295.965
295.701
295.464
295.215
294.678
294.695
294.994
295.423
296.145
296.689
297.494
297.069
297.562
297.045
296.933
296.795
296.545
297.301
296.587
296.197
297.334
296.755
294.416
294.986
295.85
294.922
294.02
295.796
297.213
295.74
294.697
293.549
295.922
296.027
298.286
298.041
299.085
298.203
299.058
298.712
299.164
299.105
300.49
300.561
300.969
300.144
300.748
300.92
301.739
302.096
302.619
301.923
301.935
302.612
301.31
302.691
300.857
301.439
301.869
299.721
300.869
300.151
297.735
300.261
300.885
297.496
298.985
304.601
303.425
297.489
286.758
288.019
285.979
285.098
283.329
283.336
283.134
286.764
286.128
283.314
284.77
287.373
289.115
288.716
290.111
291.328
292.931
297.197
297.202
293.762
289.604
293.589
286.179
290.582
294.604
288.359
292.821
292.472
286.33
284.006
292.137
297.58
295.125
291.926
293.15
294.591
293.723
291.823
290.445
290.35
289.479
288.731
289.211
292.996
292.955
290.284
289.981
286.057
288.38
294.486
288.755
291.798
287.211
291.086
292.43
289.108
291.344
288.594
290.725
304.132
294.371
275.204
274.041
275.607
275.889
274.599
264.957
270.207
264.866
266.789
283.971
284.941
282.035
295.324
283.789
291.555
292.883
259.481
267.758
266.991
259.42
238.293
218.259
221.984
226.296
224.44
211.303
216.248
230.881
217.987
293.213
290.296
291.234
289.953
290.088
290.625
284.931
287.505
289.154
289.215
289.948
290.314
291.268
292.077
292.669
292.992
293.298
293.53
293.644
293.882
294.125
294.734
295.146
295.513
296.016
296.095
295.682
295.278
294.85
294.994
295.529
295.704
296.401
296.893
296.806
296.835
297.173
297.357
296.211
296.304
296.781
295.822
294.954
296.601
295.478
294.609
295.051
297.048
296.782
294.638
294.121
294.139
296.762
297.108
298.535
298.657
300.043
299.461
299.358
299.143
299.867
300.176
300.367
300.146
300.782
301.181
300.995
301.872
301.811
302.93
302.581
303.314
302.458
303.386
301.883
302.856
302.331
300.834
302.294
300.002
300.947
301.069
298.289
299.6
302.22
298.717
298.521
303.468
303.848
298.033
288.773
287.444
286.602
285.759
283.606
283.789
283.912
287.725
287.425
284.541
286.074
288.8
290.33
290.45
291.229
292.565
296.189
295.251
301.166
293.148
293.658
292.124
287.474
297.068
293.983
288.535
292.729
290.474
286.277
286.362
291.776
294.268
296.441
296.489
293.861
291.363
291.485
291.474
291.739
291.982
291.699
292.1
293.003
294.144
290.78
288.775
288.717
286.968
292.024
294.39
288.343
292.53
287.854
292.797
292.42
291.529
291.243
288.283
292.71
305.985
291.261
274.08
274.205
272.859
282.08
285.542
270.182
269.193
265.069
269.316
284.896
289.589
285.842
300.15
285.196
281.927
287.405
253.858
264.514
268.023
259.981
236.27
212.749
218.72
225.426
221.632
206.654
224.491
229.42
213.425
293.2
291.355
290.733
292.875
292.049
295.972
291.079
290.34
290.478
293.2
289.632
289.947
290.281
290.444
290.585
290.748
290.904
291.249
291.47
291.722
291.722
292.054
292.01
292.955
293.878
294.375
295.561
296.35
295.958
295.808
295.61
295.253
294.914
295.715
295.638
295.847
296.513
296.508
295.68
296.423
295.899
295.638
295.833
296.325
294.351
294.513
296.389
297.136
296.077
293.919
294.455
294.871
297.107
298.196
299.961
299.147
299.279
299.257
300.032
300.433
300.309
300.773
301.297
301.345
300.715
301.87
301.546
302.791
301.14
302.83
302.326
303.269
302.649
303.318
302.591
302.408
303.128
300.681
302.592
300.873
300.35
301.297
299.353
298.949
302.274
299.423
298.39
303.375
305.324
299.688
291.134
286.838
287.322
286.558
283.8
284.899
284.751
288.071
288.008
284.703
286.197
289.193
290.844
290.585
291.62
292.062
299.448
293.255
303.614
293.033
294.603
291.926
291.725
299.32
292.24
288.756
291.529
289.515
285.484
286.801
296.05
297.675
294.683
293.869
294.727
293.979
294.016
293.702
294.697
293.904
293.024
292.99
293.21
291.504
288.083
288.391
289.679
290.192
294.693
293.929
288.974
293.466
289.822
294.632
294.533
294.831
292.619
285.153
297.807
309.17
288.235
276.132
274.933
272.397
288.086
293.369
268.723
268.152
267.63
271.927
285.751
295.407
289.879
302.561
285.434
272.51
281.639
250.44
259.408
270.638
260.278
244.515
212.379
216.941
224.577
222.811
206.247
230.796
219.885
207.196
294.098
295.646
292.949
293.309
294.334
297.214
297.537
296.49
292.252
295.233
292.126
292.36
292.539
292.39
292.485
293.08
293.536
294.121
294.782
295.381
295.246
295.118
293.61
293.185
292.124
291.668
292.586
294.022
294.648
295.733
296.486
296.229
295.604
296.303
295.223
295.225
295.413
295.102
295.147
295.515
294.848
295.369
295.489
294.996
294.09
295.649
297.44
296.933
294.949
293.559
294.975
296.623
299.001
299.034
299.648
299.204
299.82
299.661
299.89
300.093
300.304
300.688
301.253
302.114
301.909
302.36
301.183
303.115
301.931
303.191
302.492
303.038
303.434
303.19
303.417
302.291
303.862
301.279
302.142
301.785
300.072
301.441
300.255
298.702
302.291
300.791
298.446
302.359
305.323
300.989
292.437
286.52
288.031
286.857
284.767
285.368
284.553
286.74
289.402
287.097
287.606
291.308
291.803
291.832
293.312
293.019
301.954
295.857
303.334
293.463
295.909
293.764
294.379
299.244
290.236
287.786
291.69
289.043
285.645
289.29
296.776
297.459
297.525
295.252
292.855
292.502
294.424
294.14
294.82
291.847
291.993
291.658
290.94
288.695
287.122
289.517
291.229
292.88
295.616
292.555
290.368
293.858
290.396
294.938
291.052
290.338
290.583
287.996
301.698
308.756
285.948
279.878
275.692
273.28
291.023
293.322
263.15
270.047
272.532
275.221
285.56
296.689
290.909
300.121
283.207
264.377
275.349
248.418
253.314
273.348
259.756
264.613
218.204
217.559
222.558
223.637
212.288
218.474
206.648
205.585
292.707
297.196
297.785
297.527
297.719
297.978
299.03
300.907
296.534
296.679
294.37
294.166
294.509
294.887
295.395
296.059
296.577
296.883
297.424
298.048
298.151
299.181
298.456
297.919
296.448
295.177
293.202
292.566
292.223
293.401
294.352
295.175
295.571
296.465
295.886
296.093
295.882
295.56
295.471
295.31
294.823
295.639
295.104
294.798
295.401
297.584
297.725
295.487
294.208
294.349
296.467
297.818
299.102
299.089
299.589
299.388
299.825
299.768
300.163
300.535
300.942
301.277
301.366
301.539
301.674
302.645
302.212
303.245
302.55
304.004
303.969
303.283
303.845
302.818
303.673
302.323
303.553
301.913
301.903
302.892
300.276
301.25
301.285
298.913
301.61
301.963
298.798
301.86
305.718
302.641
294.299
287.045
288.245
286.893
285.549
285.414
286.01
288.628
288.706
287.048
287.319
291.265
292.584
293.01
294.646
294.389
299.98
300.071
299.747
292.925
297.459
294.056
296.774
298.026
289.452
289.357
291.521
288.191
286.034
292.669
299.588
296.398
295.476
295.643
295.63
295.06
294.948
292.272
292.945
288.71
289.709
289.646
288.926
287.486
288.685
292.323
293.727
295.155
296.204
292.537
291.892
294.605
291.259
298.242
294.503
293.997
290.243
292.731
306.917
305.802
284.312
284.461
274.64
276.254
292.317
286.475
261
276.091
280.701
280.515
284.254
291.024
286.978
292.211
278.05
257.575
268.574
246.76
247.677
274.299
259.263
282.974
223.642
218.92
221.11
220.709
213.889
202.194
204.754
214.201
293.025
297.965
298.625
298.942
298.65
298.046
297.032
299.866
298.689
297.478
295.926
295.891
296.242
296.472
296.824
297.073
297.525
297.694
298.012
298.529
298.199
298.954
298.628
298.672
298.629
299.666
297.843
295.612
293.261
292.583
292.496
293.551
294.133
295.521
295.894
296.382
296.239
296.437
296.079
296.156
296.223
296.419
295.731
296.117
297.672
298.288
296.346
294.32
294.617
295.352
296.914
298.053
298.977
299.285
299.678
299.857
300.081
300.272
301.023
302.188
302.162
301.648
301.176
301.515
301.67
302.308
302.489
303.307
303
303.22
303.766
303.344
304.358
303.411
303.781
303.137
303.393
302.849
301.507
303.253
300.796
300.945
302.043
299.497
300.876
302.969
299.238
300.975
305.368
303.958
295.947
288.348
287.618
287.327
285.806
286.239
285.94
287.426
289.45
288.539
289.561
292.622
292.909
292.683
295.099
295.815
297.141
304.179
297.815
293.577
298.696
293.87
298.651
296.721
289.535
289.997
292.37
288.63
287.478
294.262
299.814
297.815
297.48
295.119
294.41
293.884
293.105
289.274
290.058
286.306
288.853
288.574
288.022
287.775
290.845
294.1
294.815
295.75
295.406
292.621
293.24
294.312
292.233
294.669
290.85
293.733
294.051
296.806
307.87
302.939
286.673
285.561
273.959
280.559
287.978
275.085
267.973
282.911
290.227
287.687
283.303
282.121
279.635
281.453
271.377
252.44
262.187
245.067
243.438
271.176
257.748
285.894
230.431
221.667
220.178
215.972
206.444
199.005
216.744
229.377
297.351
300.869
299.101
297.847
297.848
299.779
299.026
299.196
299.521
298.688
296.696
295.857
296.432
297.061
297.593
297.471
297.447
297.472
297.338
297.946
297.85
298.709
298.882
299.066
298.343
299.405
299.342
299.395
298.006
295.712
293.075
292.354
292.407
293.872
294.762
295.112
295.524
296.069
296.175
296.849
296.629
296.362
296.315
297.421
297.914
296.574
294.7
293.952
294.848
295.695
297.108
298.362
299.224
299.585
300.049
300.384
300.9
301.101
300.936
301.151
301.491
301.997
301.421
302.248
302.494
303.13
302.968
303.062
303.348
303.81
304.336
303.316
304
303.719
303.253
303.713
302.695
303.343
301.636
303.469
301.646
300.527
302.638
300.159
300.229
303.474
300.19
300.429
305.051
305.325
298.202
289.623
287.834
287.382
285.789
286.253
286.779
287.715
290.023
288.23
288.765
293.646
295.012
293.544
295.638
296.434
297.558
306.574
296.697
296.479
299.778
293.346
300.676
294.877
289.484
291.418
293.092
288.249
288.407
297.904
301.12
297.017
297.585
296.715
296.71
294.395
290.664
287.249
289.14
285.016
289.292
287.116
286.927
288.24
292.54
295.437
295.952
296.571
295.406
293.106
294.459
294.296
293.781
299.043
291.783
297.459
298.913
301.496
304.227
299.134
286.772
286.542
274.476
281.63
281.77
269.967
281.602
286.178
295.426
293.002
283.263
274.035
271.392
270.494
264.417
248.788
256.618
243.195
241.186
265.581
254.906
278.288
239.322
224.159
218.715
216.175
201.926
210.347
235.417
247.121
300.055
301.443
300.662
299.941
298.416
298.73
299.854
299.526
299.191
299.711
299.341
297.617
296.787
296.55
296.614
296.372
296.149
296.226
296.218
297.025
297.585
298.313
298.383
299.229
299.235
299.627
298.946
299.056
299.535
299.691
297.89
295.691
293.403
292.538
292.328
292.614
293.741
294.711
295.225
295.485
294.937
295.054
295.593
296.132
295.373
293.879
293.389
293.576
294.658
296.089
297.914
298.976
299.542
300.283
300.856
301.117
301.568
301.632
301.224
301.083
300.928
302.794
302.955
303.621
303.119
303.308
303.403
303.689
303.797
303.697
304.482
304.037
304.117
304.627
303.237
304.603
302.803
303.711
301.907
302.988
302.534
300.435
302.836
300.977
299.817
303.473
301.548
299.434
304.347
305.808
300.604
291.01
288.183
287.318
286.115
286.12
286.217
289.581
288.547
289.801
288.521
291.687
293.698
293.151
295.152
295.496
301.304
306.088
297.546
302.479
299.916
295.056
301.526
292.434
290.002
292.465
293.264
288.112
290.04
300.096
301.615
297.319
297.253
295.506
295.232
292.914
288.954
286.035
289.391
283.181
291.225
284.873
283.679
287.164
292.968
295.656
295.892
296.572
295.361
293.848
295.877
294.957
295.672
298.781
297.002
303.706
300.805
303.025
306.14
299.314
290.669
283.844
274.583
284.008
287.057
278.801
286.201
282.237
291.642
288.641
280.778
267.355
264.253
261.52
258.879
246.495
252.199
241.926
240.567
260.237
252.393
270.911
242.036
226.234
221.477
224.383
208.936
228.065
249.741
260.03
298.573
300.983
301.125
298.209
295.155
296.089
299.057
299.066
297.608
297.471
298.799
299.226
298.973
298.387
297.862
297.147
296.776
297.114
297.367
297.534
298.005
298.651
298.439
298.896
299.03
299.401
299.183
299.169
299.155
299.583
299.233
299.064
298.048
296.68
295.13
293.897
293.437
293.249
293.063
292.92
292.929
293.584
293.786
293.523
292.872
292.541
293.095
294.102
295.648
297.423
298.827
299.81
300.403
301.106
301.434
301.255
301.175
301.294
301.374
302.247
302.199
303.255
302.588
303.403
302.809
303.17
303.459
303.576
304.367
304.497
304.798
304.583
303.861
304.953
303.113
304.709
302.955
303.584
302.835
302.739
303.306
300.789
302.554
302.121
299.761
302.889
303.167
299.475
303.047
306.478
302.695
293.272
288.741
288.072
285.468
287.086
287.769
287.929
289.962
290.395
290.849
292.386
292.364
293.691
297.405
294.481
304.009
303.84
299.232
305.871
296.577
296.187
299.21
289.73
291.646
293.267
292.836
287.837
292.958
302.687
300.65
298.154
299.99
298.471
296.481
291.197
287.405
286.049
291.779
280.337
292.179
281.807
278.625
283.95
292.082
296.058
296.838
297.079
295.49
294.767
296.464
295.736
298.167
299.527
294.627
302.75
303.501
302.183
301.216
297.189
287.667
281.66
275.607
293.812
300.543
290.105
274.112
270.479
276.929
270.426
269.874
259.779
258.419
255.266
255.247
245.08
249.193
241.652
242.199
256.413
251.899
264.964
243.05
231.953
227.266
230.373
219.841
240.306
257.81
268.877
298.589
298.449
297.302
295.505
295.302
296.589
297.797
297.199
296.377
296.514
297.968
299.078
299.238
298.392
297.872
297.891
298.432
298.751
298.855
298.686
298.679
299.089
298.791
298.727
298.794
299.085
298.867
298.77
298.85
299.321
298.999
299.066
298.898
298.899
298.852
298.287
297.281
295.92
294.565
293.876
293.603
293.96
293.774
293.545
293.652
294.127
295.068
296.235
297.856
299.117
299.963
300.695
301.15
301.462
301.46
301.222
301.615
301.756
302.18
303.069
302.588
303.334
302.191
303.5
303.064
303.178
304.025
303.715
304.499
304.161
304.444
304.95
304.441
305.151
303.895
304.653
304.041
303.186
303.515
302.31
303.154
301.832
301.714
303.252
300.033
302.104
304.223
300.319
301.567
306.21
304.72
295.947
289.094
289.528
286.555
285.237
287.934
287.525
292.225
288.557
291.241
294.544
293.804
293.874
298.874
292.88
301.34
299.226
298.416
303.484
291.752
299.177
295.63
288.231
294.303
293.916
292.546
288.297
295.48
305.932
301.641
297.644
298.394
296.615
294.215
290.148
287.332
286.943
294.788
277.562
288.772
278.201
272.867
280.157
290.978
296.441
297.615
297.973
296.203
296.515
299.161
298.059
302.473
307.262
304.517
307.622
302.866
303.437
305.201
295.921
287.997
282.665
285.549
303.651
300.749
286.998
255.824
257.836
258.967
246.93
251.077
248.45
252.246
251.289
253.893
244.785
247.775
243.436
245.628
254.601
251.484
262.59
254.683
240.254
226.767
229.325
226.324
243.843
261.562
274.582
298.349
296.939
296.405
297.4
298.137
297.842
297.487
297.375
297.813
298.14
298.6
298.597
298.211
297.336
297.511
298.148
298.994
298.99
298.746
298.61
298.722
298.971
298.899
298.767
298.895
299.172
299.178
299.011
298.988
299.306
299.279
299.124
298.793
298.857
299.257
299.508
299.561
299.027
298.152
297.477
296.91
296.867
296.856
296.745
297.094
297.296
298.013
298.893
299.616
300.368
300.813
301.156
301.452
301.648
301.917
301.748
302.288
302.159
302.257
302.694
302.396
303.53
302.712
303.991
304.101
303.623
304.777
303.608
304.929
304.687
305.047
304.752
304.642
304.61
304.555
304.079
304.627
303.238
303.662
303.123
302.304
303.168
301.096
303.256
301.509
301.006
304.508
301.922
300.767
305.763
306.038
299.606
290.785
289.205
288.927
284.811
285.862
290.016
289.528
292.524
289.341
295.005
295.396
296.453
298.516
295.028
298.445
297.08
297.906
300.624
291.939
301.036
289.876
288.995
296.748
293.551
291.823
289.964
300.205
307.153
299.9
299.071
301.343
298.768
294.037
288.877
287.911
288.984
294.31
275.654
282.466
275.364
269
277.423
290.78
297.926
299.188
298.862
296.598
296.191
299.674
299.764
303.262
301.518
300.956
302.387
302.621
304.983
300.838
294.507
288.96
289.463
301.422
299.034
279.428
267.361
237.119
246.815
247.136
230.417
232.927
235.499
244.778
248.025
253.683
244.958
248.272
246.847
250.185
254.218
254.452
264.034
272.907
247.495
226.062
226.994
228.201
243.911
263.316
276.094
297.854
297.77
298.354
298.836
298.359
297.914
298.389
298.873
298.882
298.541
298.545
298.381
298.382
298.073
298.412
298.499
298.725
298.577
298.76
298.893
299.192
299.219
299.393
299.176
299.306
299.561
299.931
299.795
299.638
299.712
299.746
299.73
299.444
299.179
299.46
299.446
299.809
299.724
299.505
299.219
299.015
298.979
299.033
299.04
299.27
299.364
299.785
300.138
300.395
300.771
301.31
301.802
302.065
302.093
302.439
302.127
302.53
302.305
302.654
303.274
303.123
304.048
303.803
304.705
304.911
303.77
305.629
304.28
305.618
304.692
304.855
305.119
305.201
304.984
305.118
304.397
304.597
304.205
303.382
303.836
302.153
303.279
302.063
302.063
302.765
301.314
302.923
304.445
300.452
304.599
307.42
302.388
294.142
290.569
289.393
285.016
287.822
291.123
289.957
295.109
287.78
294.122
291.402
297.122
292.287
296.949
296.048
296.639
297.072
296.521
291.782
298.413
286.449
293.261
297.391
292.124
291.526
292.024
304.08
309.101
299.595
298.728
300.968
297.082
293.348
289.833
289.323
291.825
287.651
274.144
278.487
275.277
268.192
276.479
291.444
299.613
301.104
300.012
298.659
298.796
300.849
301.544
307.667
308.537
303.099
304.081
301.774
303.209
298.672
289.853
285.179
300.269
303.392
281.691
249.438
245.751
227.203
237.102
241.477
223.344
221.311
224.075
237.057
246.099
253.786
246.06
249.6
251.343
254.286
253.911
257.446
264.664
288.817
249.531
233.178
225.851
229.499
246.407
269.586
276.632
298.083
298.269
298.626
298.672
298.367
298.416
298.955
299.31
299.081
298.698
298.945
299.063
299.35
299.034
299.081
298.742
298.915
298.928
299.484
299.536
299.887
299.766
300.119
300.017
300.111
300.083
300.56
300.602
300.659
300.448
300.453
300.355
300.463
300.226
300.404
300.301
300.465
300.297
300.199
299.987
299.945
299.806
300.024
299.905
300.185
300.163
300.332
300.511
300.955
301.516
301.999
302.295
302.399
302.281
302.453
302.338
302.723
302.791
303.266
303.593
303.604
304.373
303.893
304.449
305.037
303.903
305.692
304.357
305.425
305.492
305.028
305.634
304.805
305.027
305.239
304.442
304.259
304.203
303.628
303.712
302.982
303.121
302.767
302.254
302.192
303.385
301.184
304.869
302.509
302.123
307.744
306.107
296.552
291.528
291.165
286.741
286.028
285.932
293.105
293.14
294.733
295.721
289.619
296.401
290.386
298.908
296.415
297.824
297.207
295.414
294.013
296.23
287.262
298.794
294.78
289.778
292.581
296.168
307.897
307.839
298.893
300.37
301.756
296.615
291.988
289.845
291.127
293.652
278.447
274.437
277.446
277.876
270.501
277.822
293.2
301.587
303.222
300.842
297.653
297.654
301.43
301.333
305.574
305.451
302.088
301.085
303.172
305.403
296.868
290.164
303.782
301.196
284.178
264.085
231.255
238.751
231.324
233.541
240.445
223.197
216.174
216.241
229.855
244.279
255.217
248.57
253.458
256.787
257.077
255.671
260.934
259.905
288.818
253.072
247.796
230.9
239.61
253.951
275.099
274.708
298.165
298.334
298.474
298.635
298.509
298.636
298.894
299.223
299.126
298.969
299.28
299.383
299.626
299.449
299.466
299.238
299.485
299.428
299.984
299.997
300.361
300.146
300.571
300.423
300.714
300.452
300.809
300.887
301.109
300.973
300.968
300.774
301.054
300.885
301.285
301.186
301.327
301.096
301.006
300.753
300.781
300.628
300.873
300.756
300.963
300.899
301.173
301.404
301.907
302.282
302.379
302.563
302.422
302.485
302.831
302.751
303.261
303.246
303.454
303.955
303.855
304.515
304.279
304.629
305.224
304.274
305.645
304.77
305.265
305.837
304.798
306.019
305.261
304.874
305.501
304.297
304.825
304.377
304
303.762
302.843
303.596
302.163
303.169
301.665
303.94
302.042
302.876
304.642
301.829
305.153
308.298
301.633
292.854
291.052
291.102
287.116
284.575
288.218
290.93
296.048
295.556
293.76
295.201
294.655
298.436
298.263
297.077
296.595
293.89
292.947
292.53
289.536
301.141
291.351
290.74
295.572
299.741
311.278
307.327
297.55
300.608
301.32
296.527
293.438
291.315
293.929
292.272
272.059
276.127
275.454
277.795
273.276
280.29
295.374
303.492
304.856
302.959
300.059
298.157
299.611
303.725
305.544
301.877
299.702
298.948
301.487
301.824
292.793
302.394
304.788
288.819
261.753
249.754
230.332
240.923
234.289
231.039
239.699
225.8
215.7
212.062
224.754
242.721
255.53
250.985
255.677
259.717
259.492
261.554
262.189
245.2
272.599
268.406
268.25
247.274
253.789
263.647
279.155
269.059
298.299
298.385
298.481
298.696
298.642
298.845
298.909
299.199
299.222
299.214
299.34
299.522
299.654
299.671
299.741
299.646
299.983
299.842
300.252
300.195
300.611
300.407
300.775
300.621
300.987
300.764
300.987
300.953
301.242
301.178
301.35
301.109
301.409
301.261
301.617
301.643
301.767
301.632
301.636
301.369
301.578
301.352
301.666
301.545
301.69
301.797
301.976
302.194
302.468
302.561
302.559
302.714
302.92
302.939
303.248
303.152
303.647
303.837
303.959
304.221
304.4
304.767
304.75
305.005
305.51
304.804
305.9
305.319
305.236
306.189
305.102
306.008
305.591
304.606
306.237
304.285
304.91
304.646
303.37
304.395
302.56
304.125
302.45
303.05
302.647
303.1
303.192
302.262
304.474
303.288
303.845
306.259
306.739
299.173
291.045
290.705
287.912
289.971
290.457
291.664
289.299
291.823
295.045
290.097
295.588
291.629
294.499
291.15
294.402
290.489
292.34
293.92
293.921
300.303
289.04
293.725
299.757
304.354
311.972
304.883
297.933
301.913
300.286
294.865
292.952
292.406
296.787
287.869
270.742
275.707
272.143
274.892
275.83
282.627
296.886
305.122
306.519
303.241
300.754
298.85
300.601
301.853
306.902
304.178
300.472
303.489
303.71
298.41
301.251
310.475
291.502
266.882
248.909
244.58
231.948
241.845
233.434
226.367
235.033
226.751
217.184
210.658
222.557
243.968
257.198
255.052
259.722
262.489
261.014
262.956
258.028
238.758
263.786
284.364
276.826
262.36
260.573
268.898
278.39
263.263
298.384
298.458
298.516
298.713
298.716
298.935
298.996
299.169
299.242
299.344
299.394
299.654
299.673
299.807
299.81
299.938
300.108
300.135
300.353
300.369
300.703
300.551
300.894
300.703
301.075
300.911
301.155
301.02
301.326
301.248
301.533
301.357
301.645
301.51
301.751
301.715
301.911
301.743
301.881
301.711
301.902
301.778
302.033
301.921
302.154
302.227
302.439
302.549
302.777
302.853
303.066
303.114
303.3
303.454
303.563
303.571
303.969
303.954
304.334
304.645
304.841
304.855
305.224
305.345
305.541
305.239
305.879
305.883
305.535
306.1
305.369
305.797
306.069
304.549
306.527
304.328
304.768
305.671
303.066
304.945
303.069
302.999
303.282
302.48
302.935
302.998
303.505
302.478
303.692
304.415
302.834
304.802
308.441
304.916
296.712
291.991
288.19
291.873
291.914
290.749
292.89
292.813
294.499
291.308
296.525
289.146
297.281
293.184
297.566
292.484
299.063
296.185
294.808
296.87
289.93
300.13
303.4
306.896
312.648
302.944
297.586
302.287
299.814
295.382
294.294
293.894
300.159
285.737
273.629
272.435
272.253
273.899
278.293
286.775
298.554
306.106
309.08
305.113
300.265
299.449
301.738
302.367
303.56
300.925
299.79
297.52
298.458
307.466
312.695
300.887
280.205
253.106
240.633
244.124
235.867
248.353
237.92
226.917
232.482
227.62
219.014
211.526
221.065
245.036
260.274
258.106
262.337
263.092
262.501
262.782
260.122
234.481
251.905
272.994
269.998
263.258
259.614
268.461
273.063
257.819
298.472
298.555
298.623
298.746
298.834
299.009
299.11
299.253
299.298
299.477
299.464
299.74
299.746
299.899
299.944
300.152
300.208
300.38
300.418
300.553
300.746
300.725
300.987
300.911
301.154
301.089
301.323
301.183
301.495
301.377
301.677
301.583
301.867
301.739
302.009
301.901
302.106
302.026
302.127
302.117
302.291
302.142
302.458
302.33
302.658
302.637
302.878
303.012
303.13
303.273
303.474
303.548
303.763
303.728
304.002
304.203
304.326
304.492
304.736
304.758
305.204
305.153
305.601
305.553
305.738
305.817
305.756
306.002
306.016
306.069
305.938
305.662
306.047
304.814
306.39
304.646
304.681
305.912
303.149
304.629
304.042
302.154
303.57
303.695
302.561
302.667
304.743
302.385
302.791
305.113
302.704
305.386
305.618
307.362
304.184
297.71
291.652
291.064
290
290.821
291.575
291.387
295.614
296.685
294.322
293.334
299.264
293.248
298.721
294.176
300.475
291.65
294.454
297.281
295.397
305.901
305.742
308.81
311.113
301.232
298.681
302.495
298.156
294.556
295.401
295.862
302.715
286.087
275.401
270.249
277.589
275.911
281.257
291.105
300.488
306.311
310.149
308.553
301.892
298.004
301.346
307.641
305.659
301.826
300.944
306.868
312.032
310.489
296.657
279.958
256.723
242.637
235.679
242.247
247.843
252.335
237.313
228.953
234.147
230.267
222.581
214.042
223.855
247.408
262.75
260.807
261.484
264.425
265.318
257.719
254.654
225.721
231.678
272.332
261.855
257.13
254.596
266.683
266.644
256.704
298.534
298.615
298.744
298.81
298.971
299.048
299.216
299.307
299.445
299.585
299.658
299.864
299.863
300.089
300.08
300.372
300.332
300.564
300.566
300.751
300.856
300.981
301.083
301.213
301.258
301.387
301.542
301.495
301.822
301.661
301.969
301.866
302.076
302.072
302.244
302.179
302.436
302.302
302.538
302.49
302.642
302.641
302.845
302.852
303.115
303.11
303.37
303.449
303.612
303.745
303.939
303.956
304.186
304.2
304.416
304.488
304.584
304.989
305.027
305.051
305.653
305.081
305.545
305.763
305.965
306
305.577
306.08
306.27
305.707
306.072
305.76
305.863
305.315
305.972
304.577
305.142
305.487
303.524
304.603
304.115
302.091
303.516
304.524
302.111
302.295
305.543
303.098
302.476
304.442
305
306.207
303.306
307.026
307.057
305.149
297.364
295.123
292.245
291.365
290.111
293.022
292.8
292.682
289.804
294.912
292.574
290.943
297.288
292.639
296.923
290.929
301.189
301.132
301.095
310.519
306.46
309.606
309.857
299.236
299.128
302.763
297.223
294.634
296.778
298.359
303.967
288.185
275.779
272.85
284.818
279.241
287.019
297.109
304.382
307.648
311.729
311.432
310.502
304.946
305.582
302.682
307.767
306.726
306.92
304.95
304.051
297.27
283.784
259.882
246.27
242.81
246.079
254.168
263.237
252.674
237.211
231.613
236.701
234.732
227.435
218.244
226.939
251.885
265.192
262.75
266.703
265.304
262.671
252.299
247.749
214.566
216.142
286.139
258.503
252.935
252.174
265.321
258.72
254.909
298.57
298.719
298.841
298.968
299.123
299.19
299.374
299.42
299.627
299.727
299.894
300.03
300.133
300.276
300.374
300.577
300.619
300.84
300.829
301.059
301.032
301.282
301.249
301.494
301.502
301.683
301.747
301.865
301.984
302.042
302.184
302.191
302.371
302.373
302.556
302.497
302.723
302.663
302.858
302.854
303.037
303.11
303.246
303.366
303.527
303.624
303.841
303.935
304.112
304.199
304.376
304.396
304.672
304.583
304.821
305.002
304.936
305.276
305.23
305.25
305.699
305.27
305.8
305.539
305.797
306.028
305.67
306.063
305.921
305.503
306.152
305.703
305.416
305.469
305.613
304.738
305.302
304.433
304.064
304.716
303.475
302.312
303.291
303.79
302.321
302.727
304.379
303.608
302.746
303.217
306.011
307.103
303.894
304.343
307.545
308.866
303.455
302.007
297.655
298.706
297.469
295.692
293.736
294.554
293.33
295.309
291.188
298.385
300.023
295.537
301.313
299.142
308.93
303.503
305.38
311.982
305.865
309.278
307.445
298.165
300.106
302.636
295.944
294.83
298.949
299.452
306.676
291.589
276.945
277.259
287.3
280.588
290.512
306.205
307.348
312.132
314.388
311.369
301.401
301.339
306.236
313.635
306.709
303.528
305.315
310.718
306.677
297.789
286.706
258.95
252.577
255.645
261.649
269.989
273.916
255.577
243.425
235.502
240.002
239.823
233.606
224.241
233.324
257.178
269.694
265.191
264.954
261.412
258.446
253.78
259.45
209.559
211.115
262.264
260.825
254.479
251.198
264.083
255.873
254.518
298.745
298.869
298.991
299.11
299.262
299.396
299.536
299.656
299.814
299.906
300.111
300.182
300.37
300.444
300.596
300.709
300.857
300.987
301.086
301.243
301.295
301.482
301.512
301.75
301.725
302.023
301.968
302.22
302.227
302.425
302.466
302.604
302.699
302.731
302.926
302.898
303.063
303.145
303.232
303.365
303.513
303.533
303.733
303.864
303.945
304.172
304.222
304.371
304.561
304.625
304.769
304.879
304.985
304.985
305.207
305.202
305.102
305.543
305.42
305.359
305.528
305.245
305.758
305.493
305.865
305.614
305.469
305.958
305.582
305.676
305.905
305.385
305.523
305.36
305.044
304.97
304.619
304.116
304.816
303.663
303.348
302.931
302.474
303.26
303.21
302.188
302.504
304.126
303.169
302.74
304.431
306.257
305.433
304.829
306.06
307.327
308.227
306.058
304.833
305.588
302.59
303.533
302.313
300.354
300.003
302.678
302.995
307.056
300.416
303.285
308.776
306.319
312.432
303.486
308.117
311.526
303.93
309.031
305.545
297.5
300.943
302.298
295.103
295.605
300.472
303.225
309.101
293.3
280.174
281.256
284.948
280.071
288.86
309.466
309.135
314.165
315.993
320.383
316.37
309.894
307.363
305.987
313.214
313.655
311.686
304.909
300.991
292.346
270.569
261.488
261.627
272.192
273.605
278.711
279.46
260.879
249.633
237.501
244.452
246.191
242.732
231.817
240.615
263.084
272.877
266.058
260.071
252.51
249.91
251.049
264.771
219.498
217.571
221.523
263.459
259.347
252.244
266.519
256.021
253.778
298.898
299.012
299.11
299.267
299.376
299.564
299.684
299.85
299.989
300.122
300.285
300.422
300.591
300.707
300.873
300.932
301.142
301.152
301.384
301.416
301.59
301.697
301.774
301.951
302.007
302.193
302.26
302.453
302.483
302.712
302.702
302.931
302.924
303.12
303.163
303.288
303.432
303.467
303.645
303.729
303.807
304.064
304.098
304.25
304.388
304.485
304.574
304.838
304.756
305.068
304.978
305.126
305.158
305.143
305.152
305.238
305.322
305.265
305.286
305.31
305.232
305.182
305.207
305.231
305.538
305.19
305.305
305.33
305.263
305.459
305.336
305.305
305.181
304.744
304.906
304.52
304.026
304.186
303.746
303.492
303.414
301.622
302.678
302.879
302.308
302.333
302.203
302.798
302.809
303.588
303.506
304.429
304.879
305.054
305.665
306.52
307.142
306.214
307.812
306.911
307.842
308.981
305.203
306.829
308.987
307.777
306.025
307.814
306.233
313.686
310.022
307.074
310.724
303.639
310.79
309.366
302.034
308.098
303.371
297.893
301.866
301.422
294.364
296.636
304.294
307.956
300.803
294.56
285.615
284.896
282.454
279.178
286.152
307.611
313.037
314.892
316.902
311.406
315.187
317.072
315.635
314.443
309.728
307.398
311.132
313.762
308.061
297.104
271.385
265.246
266.247
274.865
273.197
280.047
283.901
271.21
258.877
241.282
250.43
256.089
257.608
241.956
248.888
270.478
274.318
265.527
262.364
247.058
240.841
242.249
250.528
227.585
223.215
210.042
253.744
260.896
257.234
266.558
252.264
252.009
299.076
299.17
299.299
299.41
299.533
299.679
299.802
299.971
300.094
300.262
300.379
300.549
300.654
300.83
300.959
301.101
301.268
301.369
301.549
301.629
301.819
301.873
302.099
302.111
302.34
302.374
302.533
302.647
302.749
302.883
302.994
303.113
303.21
303.368
303.431
303.607
303.672
303.821
303.929
304.04
304.156
304.251
304.33
304.523
304.545
304.756
304.764
304.966
304.902
305.174
304.979
305.167
304.95
305.031
304.967
305.016
304.955
304.818
304.964
304.645
304.682
304.86
304.476
304.975
304.747
304.773
304.921
304.443
304.987
304.615
304.951
304.981
304.262
304.646
304.341
303.77
303.66
303.179
303.205
303.032
302
301.956
301.968
301.611
302.789
301.413
300.981
302.432
302.215
302.519
302.683
303.941
303.455
303.616
305.138
304.251
305.66
306.072
307.145
306.855
308.663
309.487
307.285
308.234
308.078
307.211
308.678
310.633
309.973
312.235
306.259
309.346
308.373
303.388
310.541
303.192
299.963
307.796
301.605
298.868
301.686
299.446
294.578
296.662
305.73
309.461
304.563
300.763
289.164
286.42
281.683
280.881
280.444
301.962
317.392
319.846
326.799
320.574
310.602
309.446
315.492
320.196
318.051
319.337
316.079
313.483
307.531
278.155
268.324
277.513
280.764
279.276
274.649
278.563
289.409
280.511
263.947
244.625
255.974
262.855
257.188
253.204
258.56
275.42
279.17
268.95
259.753
246.465
241.677
236.273
242.008
233.58
224.796
219.378
235.377
258.84
260.11
264.63
246.257
249.756
299.122
299.217
299.365
299.457
299.62
299.709
299.888
299.979
300.153
300.26
300.421
300.551
300.687
300.859
300.967
301.175
301.255
301.464
301.55
301.722
301.83
301.966
302.1
302.189
302.366
302.414
302.63
302.655
302.887
302.909
303.135
303.178
303.378
303.44
303.617
303.66
303.85
303.861
304.043
304.052
304.206
304.245
304.385
304.464
304.502
304.719
304.629
304.88
304.736
304.835
304.732
304.69
304.611
304.624
304.293
304.517
304.092
304.235
304.032
303.867
303.963
303.732
304.032
303.803
304.011
304.028
303.844
304.131
303.641
304.15
304.026
304.137
304.189
303.543
303.966
303.28
302.822
303.025
302.276
302.164
301.727
300.748
301.092
301.252
301.001
301.555
300.879
300.083
301.494
301.361
300.39
302.623
301.697
302.081
303.658
302.631
304.219
304.339
306.683
305.42
307.293
307.418
305.492
307.415
306.815
307.581
310.128
308.25
308.015
309.846
304.355
307.278
302.807
304.404
308.18
296.435
300.296
307.567
299.27
298.384
299.685
297.826
294.618
297.685
303.571
303.713
298.154
289.069
283.358
283.172
281.112
284.854
283.176
297.626
317.133
321.976
323.441
327.864
327.67
319.868
316.029
311.957
322.074
326.518
335.405
324.304
304.536
265.589
263.311
278.169
289.453
297.215
298.825
294.245
302.085
282.517
259.614
243.781
257.257
265.14
231.894
273.514
267.948
282.343
283.169
274.612
265.371
255.276
256.193
247.496
247.197
238.653
228.187
226.628
222.844
254.387
262.577
268.841
247.533
241.507
299.055
299.176
299.272
299.394
299.506
299.635
299.78
299.9
300.081
300.169
300.384
300.443
300.657
300.741
300.931
301.055
301.208
301.364
301.474
301.655
301.722
301.917
301.969
302.157
302.22
302.394
302.476
302.632
302.755
302.876
303.053
303.113
303.335
303.337
303.58
303.532
303.789
303.704
303.956
303.854
304.109
304.018
304.256
304.215
304.377
304.412
304.399
304.51
304.368
304.434
304.25
304.246
304.054
303.939
303.836
303.634
303.447
303.363
303.143
303.186
303.03
303.115
303.042
303.167
303.131
303.216
303.353
303.26
303.27
303.271
303.38
303.527
303.147
303.251
302.814
302.836
302.438
301.834
302.195
301.222
300.324
300.569
299.875
300.178
300.598
299.943
299.935
299.663
298.875
299.878
299.701
299.765
300.751
300.947
300.759
301.711
302.857
301.801
304.525
303.663
305.455
304.147
305.467
306.558
303.823
307.43
307.335
303.836
307.226
306.838
300.852
304.477
300.914
305.121
299.914
290.771
303.301
305.235
295.194
296.594
297.191
295.485
293.452
296.339
299.52
298.8
291.41
284.925
281.159
280.291
282.467
285.7
285.645
294.995
316.638
323.158
318.927
329.162
330.857
336.73
329.499
322.53
318.539
313.013
302.843
304.192
282.488
271.275
278.997
282.515
294.077
314.857
317.153
304.73
308.511
280.952
254.834
242.818
255.837
258.899
230.864
255.16
275.203
290.975
284.537
275.743
278.395
272.117
271.409
261.574
262.465
254.216
237.692
235.245
222.54
250.11
263.412
271.882
255.798
239.081
298.86
298.979
299.091
299.23
299.336
299.494
299.598
299.77
299.879
300.053
300.173
300.322
300.459
300.589
300.746
300.868
301.026
301.157
301.297
301.438
301.561
301.696
301.813
301.944
302.06
302.19
302.323
302.431
302.612
302.686
302.897
302.975
303.139
303.26
303.334
303.48
303.52
303.622
303.707
303.705
303.924
303.773
304.122
303.897
304.181
304.048
304.123
304.101
303.953
304.074
303.712
303.885
303.52
303.43
303.301
302.93
302.966
302.629
302.582
302.386
302.29
302.289
302.144
302.325
302.262
302.36
302.659
302.603
302.776
302.764
302.67
303.104
302.558
302.51
302.418
301.906
301.771
301.396
301.088
300.81
299.64
299.388
299.662
299.353
299.193
299.304
298.304
298.472
298.244
298.166
298.668
298.919
298.861
299.561
300.106
299.134
301.238
300.95
300.894
302.615
304.153
301.229
305.988
303.704
302.088
306.641
302.626
302.053
306.416
302.762
297.06
305.313
299.631
299.125
295.715
289.982
301.68
296.973
290.279
293.651
293.473
293.196
291.515
290.522
292.352
291.034
283.885
275.641
273.795
280.225
283.736
283.319
284.82
296.488
317.614
325.047
320.098
322.102
324.873
330.256
335.856
334.198
327.715
325.972
333.146
327.633
283.16
287.157
292.812
281.691
296.031
321.654
316.061
302.286
306.645
280.792
255.203
244.561
255.637
257.107
251.644
234.726
278.452
296.74
289.563
276.31
285.47
279.091
279.775
272.173
272.147
263.111
244.449
241.38
228.714
246.639
260.864
271.074
260.678
250.359
298.691
298.771
298.905
299.001
299.151
299.266
299.407
299.544
299.675
299.832
299.959
300.118
300.244
300.393
300.526
300.669
300.809
300.948
301.103
301.222
301.391
301.49
301.654
301.767
301.902
302.046
302.151
302.324
302.409
302.586
302.683
302.804
302.972
302.995
303.217
303.209
303.388
303.434
303.525
303.625
303.639
303.773
303.739
303.832
303.852
303.777
303.892
303.706
303.797
303.616
303.536
303.467
303.099
303.17
302.672
302.633
302.26
301.931
301.761
301.268
301.332
300.977
301.092
301.204
301.256
301.569
301.756
302.063
302.182
302.226
302.218
302.4
302.288
302.149
301.752
301.527
301.152
300.477
300.77
299.827
299.023
299.376
298.356
298.768
298.725
297.248
297.587
297.755
296.377
297.976
297.691
296.822
298.452
298.073
297.822
298.636
299.062
297.802
300.44
301.164
299.762
303.333
303.598
298.675
305.164
302.605
297.796
305.02
302.402
296.319
299.347
303.976
293.922
296.239
297.069
285.439
291.472
286.694
282.643
287.822
287.303
290.249
290.762
284.772
283.347
279.12
272.391
266.289
267.674
280.587
283.13
283.715
288.167
298.929
311.085
313.94
302.344
279.198
297.861
320.058
326.363
324.914
331.478
340.492
353.367
352.598
306.931
308.447
310.091
288.381
297.167
311.943
300.323
293.921
299.722
275.883
254.871
246.594
254.399
259.218
252.029
258.369
283.274
299.467
299.395
287.264
285.752
277.969
280.008
274.668
284.043
277.399
253.983
246.649
235.327
244.723
257.717
269.374
265.434
264.77
298.557
298.661
298.744
298.863
298.972
299.105
299.236
299.368
299.52
299.647
299.809
299.936
300.098
300.224
300.383
300.506
300.657
300.778
300.929
301.055
301.207
301.327
301.493
301.598
301.782
301.879
302.052
302.177
302.303
302.47
302.532
302.733
302.745
302.966
302.953
303.159
303.171
303.31
303.388
303.432
303.555
303.531
303.642
303.604
303.652
303.63
303.605
303.567
303.479
303.341
303.225
302.944
302.773
302.424
301.936
301.527
300.743
300.266
299.496
299.112
298.841
298.594
299.035
299.002
299.69
300.095
300.718
301.164
301.373
301.877
301.743
302.004
301.741
301.487
301.362
301.017
300.539
300.062
299.903
299.018
298.902
298.328
297.825
298.603
296.891
296.608
297.017
295.738
296.388
297.23
295.488
296.565
297.096
295.709
297.559
297.306
296.982
298.003
299.861
298.712
299.904
302.951
298.22
301.198
303.013
295.901
302.35
302.061
295.189
299.68
299.039
297.178
295.925
294.848
288.41
280.597
287.794
286.893
281.052
285.053
285.619
286.4
288.09
285.046
281.753
278.479
275.483
268.133
265.488
278.182
283.079
282.729
289.315
302.612
308.698
306.14
291.507
258.909
281.902
320.357
321.64
311.861
330.372
333.455
296.986
318.366
310.911
316.993
328.811
307.496
306.892
301.162
284.833
289.793
297.681
272.822
252.891
247.194
252.568
256.008
246.444
266.129
286.583
295.619
306.044
290.941
282.181
278.391
280.457
277.634
288.703
280.997
258.455
250.638
239.844
247.17
258.688
268.766
277.846
267.177
298.457
298.558
298.637
298.755
298.843
298.977
299.071
299.213
299.322
299.471
299.601
299.745
299.894
300.032
300.193
300.332
300.493
300.64
300.789
300.949
301.076
301.25
301.355
301.541
301.635
301.812
301.919
302.061
302.205
302.296
302.473
302.524
302.717
302.75
302.929
302.969
303.097
303.174
303.231
303.338
303.343
303.438
303.431
303.48
303.45
303.437
303.362
303.242
303.062
302.847
302.515
302.172
301.575
300.772
299.73
298.554
297.461
296.443
295.828
295.508
295.321
295.472
295.725
296.211
296.973
297.721
298.789
299.417
300.327
300.482
300.854
301.404
301.297
301.49
301.146
300.401
299.892
299.345
299.001
298.627
298.162
297.408
297.677
297.307
295.694
296.399
295.382
294.946
296.302
295.187
294.907
295.935
294.927
295.412
296.92
295.383
297.072
298.094
297.746
298.348
300.456
298.935
298.013
301.528
297.369
297.641
301.162
296.053
296.678
297.967
297.03
297.193
291.153
287.461
284.715
282.237
288.745
291.359
289.229
292.341
290.228
286.545
284.988
282.853
280.454
281.441
281.198
272.232
266.984
278.705
285.307
282.328
288.021
304.778
314.964
311.055
294.461
260.816
282.431
326.674
310.316
290.119
328.235
325.74
278.833
287.258
296.269
316.005
342.162
321.699
314.927
294.635
278.698
292.148
294.73
266.406
249.807
245.602
250.668
254.628
249.764
262.541
288.257
293.758
298.593
295.3
286.501
281.53
279.282
279.448
289.85
279.597
259.964
253.68
243.602
249.568
266.274
275.773
285.364
257.037
298.389
298.464
298.559
298.638
298.755
298.851
298.982
299.091
299.228
299.357
299.494
299.64
299.772
299.933
300.063
300.226
300.36
300.512
300.66
300.797
300.959
301.079
301.252
301.36
301.533
301.644
301.804
301.933
302.072
302.212
302.335
302.474
302.588
302.717
302.815
302.926
303.004
303.081
303.141
303.176
303.208
303.195
303.188
303.136
303.025
302.927
302.735
302.405
302.141
301.68
301.009
299.969
298.368
296.817
295.522
294.85
294.557
294.637
294.93
294.982
295.163
295.19
295.156
295.535
296.034
296.621
297.548
298.433
298.995
299.697
300.193
300.446
300.338
300.087
299.542
299.005
298.887
298.505
298.327
297.942
297.122
296.843
296.581
295.435
295.168
295.224
293.994
294.967
294.6
293.697
294.774
294.287
294.433
295.622
295.599
295.557
297.234
297.008
297.186
298.267
298.517
296.846
298.755
297.569
295.615
298.694
295.846
294.474
296.657
295.737
296.637
291.647
284.59
284.378
282.521
281.618
289.373
294.912
295.722
296.333
291.202
288.15
285.175
280.709
279.631
281.586
280.56
272.752
269.45
281.539
285.624
282.254
287.221
303.707
321.757
313.74
292.268
265.592
268.9
317.446
299.239
279.732
328.249
319.76
294.43
282.24
283.969
317.615
347.208
324.735
313.114
289.646
279.128
297.227
289.064
257.419
244.901
243.617
250.396
260.736
252.826
262.887
293.761
297.113
283.776
305.218
289.631
281.424
278.31
282.545
287.966
275.989
261.948
257.456
247.169
244.32
271.654
283.494
272.206
244.237
298.342
298.422
298.499
298.596
298.684
298.799
298.905
299.031
299.152
299.29
299.426
299.569
299.714
299.858
300.011
300.154
300.31
300.451
300.606
300.746
300.894
301.039
301.18
301.33
301.466
301.62
301.753
301.904
302.032
302.17
302.289
302.41
302.518
302.615
302.711
302.772
302.837
302.844
302.864
302.804
302.745
302.644
302.508
302.246
302.037
301.912
301.188
300.817
300.157
298.208
296.21
295.177
295.05
295.337
295.808
296.194
296.539
296.65
296.64
296.605
296.399
296.289
296.185
296.284
296.576
296.92
297.671
298.073
298.744
299.219
299.297
299.54
299.3
299.271
298.79
298.677
298.322
297.561
297.176
296.301
295.579
295.245
294.551
294.155
294.029
293.657
293.637
293.857
293.414
294.123
294.19
294.17
295.252
295.08
295.338
296.003
296.221
295.989
296.482
296.58
295.967
295.757
296.135
294.787
295.041
294.971
293.326
294.394
294.672
292.901
290.675
284.55
282.079
283.514
283.011
282.151
285.092
290.281
292.32
291.21
284.927
284.431
283.977
280.241
278.784
279.209
278.541
274.216
275.267
285.562
286.415
284.273
287.661
299.78
325.517
321.799
286.212
285.864
268.89
317.161
294.545
274.117
310.181
311.702
304.914
284.203
280.081
324.365
341.673
316.501
301.633
284.669
282.913
299.634
282.367
251.593
241.787
246.139
251.719
270.341
257.988
260.857
294.274
296.79
265.691
290.936
286.409
276.034
279.485
284.506
283.005
272.966
265.497
261.954
250.694
234.604
262.683
273.808
249.892
238.874
298.295
298.376
298.464
298.555
298.658
298.762
298.88
298.998
299.127
299.257
299.395
299.533
299.677
299.82
299.968
300.114
300.262
300.409
300.558
300.704
300.854
301.001
301.15
301.297
301.446
301.589
301.73
301.858
301.986
302.09
302.198
302.279
302.343
302.401
302.393
302.377
302.276
302.153
301.989
301.796
301.604
301.276
300.682
300.606
300.661
299.219
297.277
296.472
296.301
296.054
295.895
296.288
296.968
297.187
296.859
296.352
295.953
295.893
296.064
296.307
296.606
296.768
296.91
297.065
297.235
297.586
297.954
298.154
298.735
298.617
298.889
298.745
298.53
298.193
297.614
297.132
296.362
295.769
295.149
294.637
294.332
293.986
293.819
293.677
293.582
293.561
293.525
293.599
293.585
293.778
293.84
293.878
294.045
294.175
294.078
294.14
294.324
293.804
294.111
294.008
293.323
293.784
293.673
293.001
293.17
293.344
292.34
291.492
289.601
286.727
285.621
283.182
283.101
283.041
285.2
286.335
284.244
285.215
286.104
285.016
281.101
279.527
279.1
278.531
275.751
275.432
278.279
278.91
282.396
289.602
288.52
286.616
288.572
295.927
311.709
313.33
279.526
303.662
283.467
321.158
295.187
276.313
290.346
305.893
300.252
281.169
282.232
323.099
321.136
300.171
288.407
282.314
288.133
298.868
274.752
245.945
240.22
253.222
255.226
268.776
263.214
259.191
278.301
290.725
252.257
298.359
284.615
269.453
280.142
281.448
277.775
273.497
271.321
267.163
256.189
229.843
244.795
251.642
237.286
243.784
298.252
298.339
298.431
298.532
298.639
298.756
298.88
299.011
299.147
299.289
299.433
299.582
299.729
299.88
300.027
300.177
300.323
300.47
300.616
300.759
300.905
301.044
301.185
301.313
301.445
301.551
301.651
301.736
301.787
301.85
301.864
301.861
301.835
301.741
301.524
301.332
301.056
300.743
300.712
300.329
299.428
298.92
298.839
298.758
298.368
297.519
296.774
296.478
296.431
296.443
296.57
296.84
297.168
297.509
297.753
297.721
297.376
296.875
296.57
296.467
296.558
296.815
297.062
297.334
297.593
297.852
297.971
298.21
298.207
298.007
297.941
297.439
297.084
296.476
295.927
295.388
294.88
294.5
294.109
293.836
293.557
293.309
293.139
292.905
292.717
292.611
292.481
292.372
292.313
292.29
292.267
292.241
292.277
292.388
292.398
292.463
292.583
292.806
293.038
293.004
293.206
293.335
293.132
293.198
293
292.207
290.249
289.496
287.19
285.217
287.512
286.906
286.789
284.76
288.186
292.122
289.072
287.044
284.2
283.183
283.775
282.289
280.359
276.77
272.433
276.13
282.563
286.241
289.433
292.855
291.523
289.889
289.995
295.791
304.633
300.455
286.207
306.149
296.135
307.144
293.846
282.78
286.433
294.772
289.641
279.512
282.217
300.447
294.114
286.74
283.029
286.888
293.832
294.124
271.729
242.823
241.441
261.696
259.535
252.611
269.769
261.815
252.209
280.543
255.438
325.48
276.02
270.607
277.269
275.318
276.796
278.66
279.047
273.796
266.19
237.623
235.351
238.552
240.464
256.296
298.314
298.424
298.541
298.663
298.79
298.921
299.055
299.191
299.328
299.464
299.6
299.737
299.875
300.013
300.152
300.288
300.424
300.554
300.68
300.802
300.92
301.029
301.13
301.213
301.271
301.305
301.308
301.296
301.29
301.283
301.284
301.221
300.999
300.713
300.588
300.641
300.69
300.575
300.262
299.833
299.511
299.397
299.259
298.933
298.426
297.884
297.608
297.572
297.559
297.53
297.636
298.004
298.587
299.201
299.57
299.532
299.116
298.439
297.683
297.055
296.609
296.394
296.296
296.31
296.349
296.39
296.389
296.402
296.115
296.05
295.669
295.391
295.073
294.747
294.474
294.207
294.005
293.773
293.542
293.315
293.133
292.92
292.764
292.594
292.5
292.419
292.362
292.397
292.485
292.671
292.798
292.973
293.247
293.56
293.867
294.256
294.571
294.996
295.297
295.464
295.585
295.641
295.798
295.884
295.387
294.457
293.275
293.246
291.769
291.583
294.509
293.756
293.212
291.428
294.356
298.111
296.145
294.528
290.319
288.985
291.97
291.682
286.801
279.943
278.403
285.109
291.23
294.322
295.898
297.009
296.817
295.707
293.58
294.584
303.971
303.628
299.379
306.216
303.422
288.098
292.685
291.218
285.243
282.78
286.673
283.687
278.966
280.172
282.62
286.76
289.762
296.166
297.771
290.359
277.676
251.037
253.329
273.347
270.95
245.137
276.742
274.464
244.276
267.462
269.394
300.787
270.174
275.237
270.592
274.992
283.713
288.303
288.976
283.597
280.699
258.859
246.34
246.375
258.042
273.927
298.624
298.735
298.849
298.965
299.083
299.204
299.325
299.447
299.569
299.692
299.815
299.938
300.061
300.183
300.306
300.428
300.55
300.666
300.779
300.884
300.98
301.07
301.15
301.219
301.288
301.35
301.406
301.457
301.5
301.53
301.551
301.55
301.56
301.613
301.71
301.783
301.766
301.626
301.406
301.213
301.123
301.099
301.027
300.831
300.522
300.209
300.058
300.017
299.964
299.885
299.879
300.046
300.374
300.797
301.286
301.719
301.885
301.613
300.989
300.188
299.391
298.706
298.119
297.663
297.313
297.036
296.823
296.626
296.432
296.444
296.243
296.267
296.206
296.21
296.189
296.122
296.077
295.968
295.83
295.74
295.686
295.569
295.569
295.55
295.603
295.678
295.838
296.026
296.279
296.595
296.836
297.168
297.537
297.912
298.3
298.713
299.033
299.448
299.78
299.985
300.172
300.395
300.694
300.778
300.609
300.276
300.052
300.292
299.922
300.414
302.056
301.55
301.3
300.709
302.473
304.408
303.489
302.893
300.453
299.681
301.715
301.595
297.74
293.071
293.397
297.892
301.081
302.742
303.485
303.736
304.141
304.15
302.847
300.235
301.857
306.583
306.614
309.593
308.319
288.959
300.582
301.642
289.025
288.091
296.564
294.377
287.454
286.587
293.355
299.264
302.488
305.774
303.635
296.137
293.111
276.877
280.453
292.529
291.849
267.132
291.344
295.863
268.893
274.434
291.792
279.309
285.229
290.663
284.349
292.832
300.548
303.563
304.034
300.076
299.841
287.933
276.211
273.838
285.024
294.899
299.124
299.217
299.325
299.44
299.559
299.68
299.802
299.925
300.048
300.172
300.297
300.422
300.547
300.674
300.8
300.926
301.051
301.174
301.296
301.416
301.533
301.649
301.761
301.872
301.983
302.09
302.196
302.297
302.395
302.489
302.58
302.667
302.764
302.868
302.972
303.059
303.115
303.137
303.138
303.149
303.183
303.225
303.249
303.236
303.19
303.142
303.136
303.154
303.165
303.168
303.197
303.282
303.413
303.566
303.732
303.889
304.062
304.251
304.406
304.387
304.196
303.925
303.625
303.327
303.062
302.825
302.631
302.445
302.294
302.25
302.149
302.129
302.091
302.07
302.034
301.968
301.897
301.814
301.71
301.657
301.612
301.564
301.584
301.608
301.677
301.773
301.914
302.063
302.253
302.469
302.666
302.904
303.155
303.412
303.678
303.953
304.2
304.489
304.758
304.976
305.225
305.488
305.782
305.979
306.156
306.302
306.522
306.846
307.056
307.527
308.193
308.251
308.44
308.608
309.407
310.127
310.078
310.183
309.751
309.83
310.63
310.67
309.582
308.419
308.964
310.578
311.677
312.415
312.891
313.084
313.396
313.71
313.792
313.146
312.359
314.19
314.931
316.412
316.402
309.064
314.395
315.233
309.427
310.004
313.82
312.957
310.918
311.432
314.59
317.11
318.847
320.391
320.168
317.883
318.776
314.712
316.864
320.528
319.872
310.623
318.466
320.029
309.6
309.349
317.62
306.669
314.486
315.731
313.228
316.899
319.83
321.077
321.418
319.782
319.393
315.133
310.521
309.316
313.681
316.337
259.372
263.355
264.849
266.574
267.324
269.241
268.192
271.526
273.252
277.044
277.594
280.072
280.929
281.028
280.696
283.805
286.987
284.461
286.248
288.84
291.176
292.511
294.137
294.268
288.003
223.555
240.47
245.899
248.366
247.471
249.666
243.22
250.668
252.571
261.413
259.393
264.464
264.891
263.67
259.914
267.323
278.5
270.276
272.332
278.806
284.958
287.472
290.64
289.329
271.398
206.869
226.751
234.938
236.341
232.234
231.7
219.074
229.337
231.592
246.451
242.189
249.494
249.23
250.821
242.183
248.519
269.885
259.43
257.077
266.287
277.009
281.396
286.906
284.021
259.223
198.089
218.178
228.07
226.475
219.532
215.915
207.967
211.621
214.655
233.034
232.746
238.249
238.826
250.504
237.376
232.751
259.77
252.78
245.567
252.544
266.714
273.968
282.976
278.888
256.306
194.517
213.727
223.686
218.823
214.367
213.491
213.561
202.935
207.706
224.958
232.341
233.962
237.428
259.869
241.971
224.594
250.94
247.516
240.901
243.127
256.915
266.446
279.142
274.562
257.455
191.921
210.64
220.535
217.064
217.921
220.124
219.179
212.631
206.253
220.118
232.674
234.146
240.402
263.853
249.081
222.967
244.849
242.514
237.248
238.652
250.494
260.757
275.698
271.463
258.061
191.291
209.53
217.099
216.623
220.951
221.492
220.535
228.813
212.435
218.386
231.198
235.6
245.815
255.911
255.186
226.034
241.32
238.807
232.495
236.464
247.583
257.786
273.092
269.166
258.162
191.883
209.64
214.378
211.797
224.995
216.433
218.885
231.359
226.03
218.099
228.859
236.117
252.539
249.387
254.307
231.057
239.985
236.133
230.656
236.688
247.128
256.847
271.234
267.453
257.404
193.863
209.225
215.223
212.058
231.356
217.9
216.688
227.925
235.444
218.326
227.245
235.136
254.701
251.611
247.196
235.839
240.444
234.122
234.437
240.903
248.705
257.123
269.977
266.118
256.458
195.555
209.941
215.735
219.194
240.296
227.073
215.663
224.353
239.232
219.615
227.066
234.224
251.993
254.284
241.91
241.098
241.883
233.666
242.159
247.819
251.649
258.18
269.177
265.173
255.404
195.237
212.234
214.03
220.751
256.433
232.375
214.603
222.182
241.128
222.521
228.203
233.956
246.745
253.313
241.574
246.911
242.913
236.112
248.873
252.988
253.983
259.359
268.603
264.73
254.538
195.234
213.259
213.258
219.175
259.114
229.119
212.662
221.505
241.777
226.83
230.348
234.769
239.192
249.407
243.378
249.95
242.186
240.946
251.531
254.196
254.562
260.103
268.058
264.697
253.988
202.463
214.665
212.209
217.503
242.915
222.768
209.568
220.648
241.051
231.912
233.007
236.483
236.429
245.431
244.515
248.646
241.036
245.773
251.878
253.752
254.935
261.158
267.291
264.775
253.603
211.62
218.784
214.538
220.733
235.815
224.99
207.722
219.209
239.761
237.24
235.669
238.154
239.814
244.133
245
245.249
239.84
248.611
251.75
253.189
256.483
261.952
266.793
264.951
253.302
210.718
222.12
217.363
231.039
237.484
230.927
209.407
219.256
239.173
242.507
237.967
240.016
242.227
244.089
245.44
241.348
243.08
251.367
251.414
252.138
256.95
259.403
267.194
264.901
253.005
205.195
216.223
211.448
233.267
235.622
233.096
213.862
220.741
239.264
247.759
239.404
242.22
243.655
244.172
245.476
234.619
253.836
256.404
250.524
250.863
254.314
255.536
265.453
263.684
252.684
204.731
210.962
207.009
223.356
230.815
233.127
219.098
223.471
240.231
252.117
239.415
243.449
245.543
244.464
245.372
230.282
256.457
256.175
247.837
248.738
252.356
253.331
260.934
262.591
252.542
214.153
216.036
212.504
217.268
227.674
232.661
223.565
226.813
242.207
254.179
239.222
245.695
246.847
244.402
245.63
233.748
247.101
248.117
244.802
245.171
252.681
251.985
259.928
263.246
252.613
227.688
224.678
212.472
214.293
226.11
231.761
226.58
229.46
245.294
253.676
239.594
251.365
247.878
243.736
247.839
233.911
236.156
239.892
242.235
241.706
252.181
251.544
263.102
264.269
252.758
229.575
233.186
207.481
211.132
225.43
231.041
227.978
232.31
249.205
249.531
237.728
255.12
247.495
243.086
252.368
224.473
221.012
230.626
237.622
238.02
250.418
250.765
264.643
265.138
253.192
222.44
235.83
208.63
215.526
226.797
230.199
228.355
235.42
250.58
245.972
233.534
251.456
245.191
243.41
251.68
218.01
212.296
220.087
232.978
233.968
248.694
248.968
264.448
266.115
253.683
215.714
232.366
211.685
225.587
228.528
229.565
229.009
238.956
248.667
249.73
238.039
244.846
242.98
242.773
239.599
223.08
220.133
215.67
231.888
232.901
246.467
247.415
264.67
266.377
253.876
210.833
229.039
213.566
228.947
227.965
229.167
231.048
243.962
250.202
261.759
255.3
241.623
241.994
240.71
229.972
238.669
234.664
218.62
232.012
232.837
243.612
245.497
263.951
265.378
253.699
207.515
227.574
216.629
223.227
226.202
229.067
233.079
244.996
252.058
273.915
270.18
244.556
241.599
240.02
235.832
252.526
244.165
223.641
230.631
230.301
241.263
241.285
260.47
263.44
252.941
206.636
228.244
221.739
217.446
226.226
230.254
236.83
246.502
245.783
273.955
270.441
249.741
242.223
240.439
246.384
255.359
247.076
227.101
228.399
226.33
240.857
235.534
255.1
260.63
251.443
211.524
232.358
228.656
217.503
227.951
232.922
242.041
252.621
258.573
271.229
264.651
252.87
243.866
239.356
249.464
250.663
244.678
228.308
227.141
222.86
240.523
230.467
250.186
256.376
248.781
223.148
239.302
235.954
222.009
231.444
235.629
244.425
250.086
293.448
281.183
266.588
256.316
244.407
236.75
248.815
244.395
238.942
226.933
226.598
221.43
237.934
227.658
245.861
250.286
245.202
238.013
248.183
242.357
227.742
235.087
238.63
248.215
253.595
306.695
286.2
271.987
261.67
243.392
235.082
248.026
240.32
234.805
224.824
224.569
221.33
233.994
228.102
241.399
243.957
241.903
251.832
254.708
245.593
232.645
238.917
242.319
252.943
271.357
301.502
280.888
271.36
264.737
241.895
235.769
247.398
236.945
232.4
223.638
221.822
220.913
230.094
230.78
237.229
239.495
239.781
262.716
259.662
247.295
236.13
243.133
245.76
258.526
271.182
293.843
274.879
269.849
266.101
241.343
237.814
246.037
232.753
230.483
222.842
220.386
220.818
227.398
234.122
234.517
238.021
239.138
267.875
260.481
246.624
239.546
247.078
249.996
263.82
255.495
284.136
265.748
267.329
267.161
243.022
241.323
242.726
228.961
229.795
222.348
220.21
221.55
226.911
237.828
234.419
239.473
239.76
269.338
258.437
246.45
244.232
253.399
255.78
265.727
255.778
279.731
260.299
262.578
266.799
246.613
248.764
237.27
226.541
230.245
222.696
220.766
222.75
228.333
241.719
237.112
242.832
241.181
268.292
255.33
246.947
248.144
258.223
259.897
264.815
274.097
277.959
258.038
257.364
265.201
250.452
256.214
231.501
226.383
231.653
223.684
222.103
224.455
230.99
245.106
241.699
246.753
242.7
264.415
253.84
248.026
255.938
260.987
266.634
263.605
293.246
274.895
256.5
252.12
263.086
254.535
255.992
228.498
228.55
233.717
224.938
224.288
226.742
234.831
247.064
246.892
250.122
244.061
260.067
253.216
254.253
265.136
265.293
264.5
265.744
296.948
262.942
253.497
245.932
259.632
259.841
252.031
229.96
231.982
235.555
226.495
227.312
229.316
240.105
246.363
251.336
252.501
245.079
254.863
254.798
260.686
272.254
274.267
264.212
263.693
279.278
245.269
247.392
238.433
253.767
264.927
253.012
235.219
235.599
236.689
228.414
230.983
232.051
246.423
242.448
253.445
253.405
245.654
255.683
262.092
266.748
281.049
279.104
277.517
264.252
256.539
240.72
247.536
236.369
246.643
267.311
258.955
241.459
238.238
237.018
230.705
234.794
235.154
251.83
237.189
252.092
252.184
245.66
259.246
269.36
267.432
275.885
277.691
268.893
275.584
250.5
249.431
255.857
242.939
241.262
266.869
265.91
246.564
239.783
236.926
233.359
238.381
239.17
254.562
234.017
247.833
248.834
245.2
264.337
274.266
271.091
267.38
274.047
259.805
280.293
257.554
248.919
258.382
250.254
239.649
266.17
271.57
250.183
240.609
236.751
236.161
241.636
243.758
253.981
234.816
242.815
244.383
244.235
269.453
273.494
267.897
259.593
263.395
269.098
271.535
261.318
240.536
252.827
252.414
239.995
266.463
275.555
252.521
240.852
236.728
239.076
244.749
248.265
251.434
238.231
238.739
239.979
243.045
271.317
272.622
263.599
255.575
261.566
270.697
264.723
261.799
239.821
253.134
254.748
242.295
268.728
278.424
253.654
240.634
237.082
242.093
247.735
252.168
248.637
241.619
236.125
236.395
242.309
271.651
267.238
265.787
258.77
260.686
259.336
266.43
261.189
239.258
254.872
256.185
246.078
272.789
280.66
253.781
239.978
237.866
245.338
250.59
255.189
246.878
244.385
235.378
233.971
241.234
268.162
250.191
267.142
268.351
255.05
257.239
275.053
256.891
235.283
251.736
252.852
249.261
278.686
281.882
252.475
238.94
239.109
248.701
253.144
257.382
246.786
247.309
237.084
232.88
241.171
262.615
237.594
261.542
266.791
242.77
247.825
263.233
247.192
234.165
249.752
249.126
251.51
284.513
280.561
249.514
237.76
240.919
252.153
255.378
259.116
248.308
250.725
241.322
233.419
241.609
250.863
234.544
244.348
252.003
235.77
235.703
250.035
244.955
235.414
247.454
245.902
254.374
288.48
273.776
244.26
236.559
243.496
255.764
257.443
260.977
251.438
254.782
248.157
236.91
241.737
242.153
234.098
237.773
249.534
243.416
248.315
254.706
242.019
231.882
243.927
244.974
257.083
284.547
259.709
237.739
236.323
247.047
259.11
259.491
263.626
256.031
259.103
256.85
245.429
244.416
245.841
245.312
254.563
253.294
246.766
249.865
239.49
228.949
228.963
245.247
247.588
255.752
268.919
242.196
233.165
237.7
251.148
261.967
261.672
267.111
261.366
262.821
264.208
257.332
245.744
254.794
260.412
264.11
248.787
240.026
231.528
224.574
228.704
235.873
250.813
248.434
246.061
246.374
228.982
232.962
240.61
255.341
264.352
263.995
271.18
267.515
266.257
268.783
270.05
244.189
256.257
256.536
250.397
240.911
235.695
227.393
229.901
237.488
245.27
255.54
246.289
233.719
228.442
225.016
236.723
244.235
259.269
266.347
266.192
275.062
274.289
269.911
269.565
279.979
244.622
245.277
238.897
237.108
241.627
242.706
237.097
239.459
246.042
253.687
258.409
245.569
228.376
223.01
230.194
242.084
248.578
263.134
268.426
268.573
278.24
281.229
274.356
267.733
285.54
249.205
234.479
232.303
237.946
246.31
246.609
242.303
247.084
255.357
260.95
261.586
250.656
233.903
229.266
239.976
247.563
254.975
268.055
272.023
272.583
281.465
287.699
279.579
266.278
288.23
256.675
235.47
238.292
244.014
248.356
247.427
249.018
257.798
265.039
267.602
267.687
261.784
248.094
243.01
251.272
255.481
264.661
275.116
278.17
278.964
285.817
293.021
284.798
267.194
289.907
264.547
244.897
248.578
252.599
255.359
257.159
262.398
270.273
274.494
275.411
276.741
275.364
266.009
260.952
264.924
267.713
276.264
283.407
285.568
286.221
290.817
296.779
289.358
271.072
291.726
273.397
258.799
262.387
266.3
269.69
272.953
277.656
282.51
284.669
285.166
286.913
287.519
282.154
278.625
279.667
281.323
287.082
291.13
292.284
292.514
295.213
299.123
293.087
277.363
293.858
281.244
276.492
279.792
282.93
285.906
288.961
292.054
294.55
295.782
296.153
297.255
297.853
294.958
292.892
292.636
293.085
295.894
297.558
297.712
297.379
298.587
300.59
296.124
284.798
296.083
287.623
296.996
299.382
301.201
303.134
305.044
306.299
306.879
306.859
306.371
306.242
305.855
303.7
302.143
301.383
301.031
301.871
302.123
301.628
300.889
301.003
301.576
298.633
291.93
297.98
292.792
316.195
315.051
313.608
312.285
311.083
310.005
309.072
308.092
307.113
306.47
305.762
304.493
303.676
303.224
302.927
302.982
302.818
302.378
301.836
301.549
301.417
300.176
297.663
299.177
297.19
)
;

boundaryField
{
    inlet
    {
        type            fixedValue;
        value           uniform 300;
    }
    outlet
    {
        type            inletOutlet;
        inletValue      uniform 300;
        value           nonuniform List<scalar> 
57
(
300
300
300
300
300
300
300
300
300
300
300
254.038
253.652
253.353
253.057
252.735
252.591
252.661
252.807
253.24
253.733
253.928
253.754
252.999
251.504
248.844
245.262
241.952
239.816
239.158
239.77
241.183
242.694
244.048
245.058
245.625
245.624
245.159
244.191
242.999
242.259
300
300
300
300
300
300
300
300
300
300
300
300
300
300
300
300
)
;
    }
    upperWall
    {
        type            fixedValue;
        value           uniform 300;
    }
    lowerWall
    {
        type            fixedValue;
        value           uniform 300;
    }
    frontAndBack
    {
        type            empty;
    }
}


// ************************************************************************* //
