/*--------------------------------*- C++ -*----------------------------------*\
| =========                 |                                                 |
| \\      /  F ield         | OpenFOAM: The Open Source CFD Toolbox           |
|  \\    /   O peration     | Version:  dev                                   |
|   \\  /    A nd           | Web:      http://www.openfoam.org               |
|    \\/     M anipulation  |                                                 |
\*---------------------------------------------------------------------------*/
FoamFile
{
    version     2.0;
    format      ascii;
    class       volScalarField;
    object      p_0;
    location    "9.166";
}
// * * * * * * * * * * * * * * * * * * * * * * * * * * * * * * * * * * * * * //

dimensions      [1 -1 -2 0 0 0 0];

internalField   nonuniform List<scalar> 
12225
(
91261.1
91271.9
91344.7
91471.8
91638.9
91841
92067.4
92316
92575.7
92849.3
93123.2
93410.4
93686.4
93990
94266.6
94592.9
94910.4
95207.7
91267
91279.1
91352.4
91479.4
91646.4
91848.2
92074.5
92322.8
92582.3
92855.6
93129.2
93415.7
93692.1
93991.6
94268.9
94594
94894.3
95247.1
91284.8
91297.5
91371.5
91497.9
91664.4
91865.7
92091.6
92339.3
92598.4
92870.7
93144.2
93428.1
93705.8
93996.8
94277.9
94586.8
94876.5
95245.8
91316.9
91330.4
91404.9
91530.4
91696.2
91896.7
92121.9
92368.5
92627
92897.5
93170.5
93451.3
93728.5
94012.1
94292.5
94584.3
94876.1
95151.1
91365.2
91382
91456.6
91580.9
91745.7
91944.9
92169.2
92414.1
92671.5
92939.2
93211.5
93487.3
93765.2
94039.9
94325
94602
94887.2
95222.4
91439.9
91457.8
91531.2
91654.1
91817.4
92015.3
92237.4
92480.4
92735.4
93000.5
93270.6
93543
93819.4
94090
94374.9
94647.4
94934.9
95220.8
91543.2
91562.8
91634.4
91756.2
91917.2
92113.3
92332.5
92572.8
92824.9
93086.7
93353.3
93622.6
93895.6
94162.5
94440.2
94708.1
94977.2
95242.5
91665
91683.1
91753.2
91873.5
92032.3
92225.9
92442.5
92679.5
92928.4
93186.5
93449.6
93714.7
93983
94244.4
94513.2
94770.4
95025.8
95273.2
91796.3
91813.6
91882.3
92001
92157.6
92348.6
92562.3
92795.7
93041.2
93295.2
93554.1
93814.9
94076.8
94333
94591.4
94840.7
95083.4
95317
91970.4
91987.2
92054.4
92171.2
92325.2
92512.2
92722.1
92950.7
93191.4
93440
93693.4
93947.9
94201.9
94450.8
94698.2
94937.8
95167.7
95388.9
92199.7
92218.5
92284.7
92398.7
92549
92730.7
92935.3
93157.4
93391.6
93633.4
93879
94125.2
94369.6
94609.5
94845.2
95072.9
95290.3
95497.8
92508.5
92527.7
92592.6
92701.9
92847.1
93021.5
93219.1
93432.9
93658.8
93891
94126.5
94362.1
94595
94823.7
95046.1
95260.4
95464.4
95658
92924.9
92940.1
93002
93104.7
93242.9
93408.2
93596.4
93799.2
94013.5
94233.2
94456.1
94678
94897.3
95111.7
95319.1
95518.4
95707.9
95887.2
93473.5
93486.4
93544
93638.4
93766.8
93920.2
94095.1
94283.5
94482.5
94686.4
94892.8
95098.2
95300.5
95497.5
95687.8
95870.1
96043.1
96206.6
94194.5
94205.5
94256.3
94340.2
94455.1
94592.9
94749.9
94919.6
95098.6
95282.2
95467.8
95652.4
95833.8
96010.2
96180.2
96342.9
96497.1
96643
95126.7
95139
95181.2
95251.9
95348.9
95466.3
95600.2
95745.7
95899.2
96056.9
96216.3
96374.8
96530.5
96681.8
96827.6
96967.2
97099.6
97225.1
96315.3
96327.3
96360.6
96415
96489.4
96580.5
96685.1
96799.6
96920.8
97045.9
97172.5
97298.8
97423
97543.9
97660.7
97772.6
97878.9
97980.1
97670.1
97689.7
97715
97751.3
97800.3
97861.4
97932.7
98011.8
98096.4
98184.5
98274.2
98364.2
98453.1
98540.1
98624.4
98705.6
98783.1
98857
98982.4
99002.1
99018.1
99037
99062.4
99095.3
99135
99180.4
99230.2
99283
99337.5
99392.9
99448.2
99502.8
99556.3
99608.2
99658.1
99705.8
100126
100136
100141
100145
100151
100160
100173
100190
100210
100232
100257
100282
100309
100336
100362
100389
100415
100440
101080
101079
101075
101067
101056
101046
101037
101030
101025
101023
101022
101023
101025
101029
101034
101039
101045
101051
101841
101836
101826
101808
101785
101759
101733
101707
101683
101660
101639
101620
101603
101588
101575
101563
101552
101543
102431
102426
102412
102387
102354
102317
102277
102237
102197
102159
102122
102088
102055
102026
101998
101973
101949
101928
102877
102873
102856
102826
102786
102740
102690
102639
102588
102537
102489
102443
102399
102358
102320
102284
102251
102221
103202
103201
103183
103149
103104
103051
102994
102935
102875
102816
102759
102704
102652
102603
102556
102513
102473
102436
103434
103433
103413
103377
103329
103272
103210
103145
103080
103015
102951
102890
102832
102776
102724
102676
102631
102590
103590
103590
103569
103531
103481
103422
103356
103288
103218
103149
103081
103016
102953
102894
102838
102786
102738
102693
103689
103688
103666
103628
103577
103516
103449
103378
103306
103234
103163
103095
103030
102969
102911
102856
102806
102759
103743
103742
103720
103682
103630
103569
103500
103428
103355
103281
103209
103140
103073
103010
102951
102895
102844
102796
103767
103765
103742
103704
103652
103590
103522
103449
103375
103301
103229
103158
103091
103028
102968
102912
102859
102811
114399
114391
114373
114347
114311
114268
114215
114154
114083
114002
113909
113805
113690
113564
113425
113275
113114
112941
112756
112559
112352
112135
111906
111668
111419
111159
110890
110610
110320
110021
109712
109396
109073
108744
108408
108066
107718
107365
107009
106650
106289
105926
105562
105200
104840
104482
104128
103782
103441
103102
102768
102440
102114
101788
101462
101136
100812
100489
100168
99848
99529.7
99212.9
98897.5
98583
98269.2
97956.2
97644
97332.5
97021.8
96712
96403.5
96096.5
95791.6
95489.1
95189.6
94893.8
94602.3
94315.7
94035
93760.6
93493.4
93233.6
92981.9
92739
92504.8
92279.5
92063.6
91857
91660.1
91472.8
91295
91126.5
90967.5
90817.9
90677.6
90546.6
90424.8
90312.3
90209.1
90115.4
90031.3
89956.4
89891
89835.8
89791.7
89759.7
89741.6
89738.4
89749.7
89776.3
89819.6
89880.1
89957.8
90050.5
90158
90278.7
90410.9
90552
90698.1
90845.5
90991.5
91134.3
91272
91401.4
91519
91623.8
91712.5
91784.1
91837.6
91870
91880.3
91870.2
91841.3
91797.3
91740
91668.3
91581.1
91471.8
91343.1
91199.8
91046.3
90889.2
90734.7
90583.4
90433.5
90288
90151
90021.3
89895.2
89773.6
89656.2
89539.4
89424.5
89311.1
89196
89075.7
88945
88801.6
88637.4
88450.7
88230.7
87965.5
87653
87297.2
86906.4
86514.6
86116
85688.2
85242.8
84788.2
84300.5
83768.1
83203.7
82634.3
82037.9
81505.6
81044.6
80655.7
80312.5
80174.8
114192
114185
114168
114143
114108
114065
114014
113954
113885
113805
113715
113614
113502
113378
113243
113097
112939
112769
112588
112396
112193
111979
111755
111520
111275
111020
110755
110480
110197
109903
109601
109291
108974
108648
108318
107981
107638
107289
106937
106582
106224
105863
105500
105141
104786
104437
104093
103757
103421
103084
102751
102424
102101
101778
101455
101134
100814
100495
100178
99862.6
99548.6
99235.9
98924.4
98613.9
98304
97994.8
97686.1
97378
97070.6
96764
96458.6
96154.8
95852.9
95553.4
95256.8
94963.8
94675
94391
94112.7
93840.7
93575.9
93318.5
93068.9
92828.1
92596.2
92373.1
92159.2
91954.7
91759.5
91574.1
91398.1
91231.3
91073.9
90925.8
90787
90657.5
90537.2
90426.1
90324.3
90232.1
90149.5
90076.2
90012.6
89959
89916.5
89886.1
89869.4
89868.5
89880.7
89907.9
89952.1
90013.1
90090.6
90183.3
90290.6
90410.6
90541.9
90682.7
90827.8
90973.6
91116.9
91256.5
91390.6
91516.2
91629.1
91731.5
91816.6
91885.1
91935.2
91962.5
91967.1
91951.3
91917.2
91868.9
91807.9
91732.1
91642.5
91529.2
91396.5
91249.3
91093.1
90933.9
90777.2
90623.3
90470.8
90322.2
90181.5
90048
89920
89796.6
89677
89557.4
89440.7
89325.7
89208.9
89087.1
88955.6
88811.5
88646.7
88460.3
88241.4
87977.1
87665.2
87309.6
86920.6
86532.1
86137.2
85709.9
85264.5
84816.8
84335.3
83806.4
83247.7
82680.9
82086.6
81562
81101.7
80725.6
80390.8
80252.6
113789
113782
113767
113744
113711
113671
113623
113566
113500
113424
113339
113242
113135
113018
112889
112749
112597
112434
112260
112075
111880
111673
111457
111230
110993
110746
110489
110224
109950
109671
109379
109079
108770
108456
108134
107806
107474
107136
106791
106442
106091
105739
105388
105044
104705
104365
104029
103699
103372
103045
102719
102397
102078
101761
101446
101132
100820
100510
100201
99893.8
99587.8
99283
98979.1
98676
98373.7
98071.7
97770.1
97468.8
97167.9
96867.6
96568.4
96270.6
95974.7
95681.3
95390.2
95102.5
94819
94540.3
94266.9
93999.5
93739.1
93486.4
93241.3
93004.6
92776.9
92558
92348.2
92147.8
91956.5
91774.9
91602.8
91439.7
91286
91141.3
91005.7
90879.6
90762.8
90654.8
90555.7
90465.9
90386.3
90316.6
90256.8
90206.6
90168
90141.4
90128.7
90130.1
90146.1
90176.8
90223.2
90285.5
90363.7
90457
90563.7
90681.5
90809.8
90947
91088.2
91229.3
91367.5
91500.3
91625.8
91741.9
91846.9
91940.5
92019
92081.9
92126.3
92147.1
92143
92117.3
92073.2
92015.3
91945
91864.4
91763.8
91642.1
91500.7
91347.3
91186.4
91024.4
90864
90703.4
90545.7
90392
90244.8
90104.5
89969.3
89840.7
89718.9
89594.9
89473.9
89356.1
89236.1
89112.6
88977.7
88832.2
88666.8
88477.7
88261.2
87998.2
87689.2
87334
86953.4
86571.8
86179.4
85753.5
85308.4
84873.9
84402.1
83884.5
83330.5
82772.7
82197
81689.9
81234.2
80872.1
80555.4
80428
113207
113201
113187
113166
113138
113102
113058
113005
112944
112874
112794
112705
112605
112495
112374
112242
112099
111945
111782
111607
111422
111227
111022
110807
110582
110348
110104
109852
109592
109324
109048
108765
108473
108173
107866
107553
107233
106908
106578
106241
105902
105568
105238
104909
104584
104259
103936
103614
103296
102980
102667
102356
102047
101740
101436
101134
100833
100535
100237
99941.4
99646.7
99353
99060.1
98767.8
98476.1
98184.5
97893.1
97601.7
97310.6
97019.9
96730
96441.3
96154.1
95869.2
95586.7
95307
95031.5
94760.3
94494.4
94234.1
93980.4
93734.2
93495.5
93265
93043.3
92830.3
92626.4
92431.8
92246.1
92069.9
91903.3
91745.9
91597.7
91458.8
91328.6
91207.5
91096.1
90993.9
90900.2
90814.7
90738.6
90673.6
90619.1
90574.6
90540.8
90519.5
90512.2
90518.9
90540.2
90575.7
90626
90691
90771.1
90866.5
90974.1
91089.8
91212.3
91341.5
91472.6
91603.1
91732.4
91857.2
91972
92074.6
92166.2
92247.1
92314.4
92367.5
92402.5
92413.5
92399.3
92362.8
92306.5
92235
92148.7
92062.3
91944.7
91809
91655.7
91492.9
91326.6
91161
90994
90820.9
90653.5
90495.6
90342.9
90193.4
90045.4
89908.1
89780.9
89652.4
89523.6
89402.9
89280.3
89151.8
89016.9
88866.8
88698.2
88505.1
88292.7
88030.9
87726
87369.9
87001.5
86632
86244.3
85818.6
85389.1
84960.6
84500.2
84000
83457.5
82914.7
82369
81888.3
81451.5
81097.2
80796.6
80700.2
112468
112463
112452
112434
112410
112377
112337
112290
112234
112171
112098
112016
111925
111823
111711
111588
111456
111314
111162
111000
110829
110650
110459
110259
110051
109834
109609
109374
109132
108882
108624
108360
108087
107806
107518
107222
106920
106614
106299
105980
105664
105354
105045
104733
104423
104114
103806
103500
103196
102895
102596
102300
102006
101714
101425
101137
100851
100567
100284
100003
99722.7
99443.2
99164.4
98885.9
98607.6
98329.3
98050.9
97772.4
97494.1
97215.9
96938.1
96661.4
96385.9
96112.3
95840.9
95572.1
95307.1
95046.2
94790.2
94539.6
94295
94057.7
93827.9
93605.8
93392.4
93187.4
92991.2
92804
92625.5
92456.2
92296.4
92146
92004.7
91872.9
91750.1
91636.1
91531.3
91436.2
91350.7
91273.3
91203.5
91143.9
91096
91058.8
91031.7
91016.8
91015.6
91028.6
91055.8
91097
91152.1
91220.8
91302.8
91398.8
91507.2
91622.7
91741.6
91863.8
91983.3
92098.7
92212.8
92325
92428.2
92518
92593.2
92656
92705.9
92743.8
92765.4
92763.5
92735.7
92684.2
92613.3
92525.8
92424.6
92316.3
92183.4
92032.2
91865.5
91690.3
91516.6
91342.8
91166.3
90978.8
90798.9
90633
90474
90314.6
90153.8
90005.3
89867.8
89730.3
89590.2
89465.7
89339.4
89203.8
89065.1
88914.1
88739.4
88546.6
88335.7
88075.5
87779.2
87416.3
87063.2
86710.7
86330.8
85899.5
85475.4
85067.7
84627.9
84149.9
83628.2
83107.3
82599.1
82153.4
81747.7
81400.5
81135.1
81063.4
111593
111590
111582
111568
111546
111517
111482
111440
111391
111334
111270
111196
111113
111020
110917
110807
110686
110557
110420
110273
110118
109955
109781
109600
109412
109217
109012
108799
108579
108351
108116
107874
107623
107363
107094
106819
106540
106252
105958
105667
105381
105093
104803
104512
104222
103932
103644
103357
103073
102790
102510
102232
101956
101681
101409
101139
100871
100604
100339
100075
99812.2
99549.8
99287.9
99026.1
98764.2
98502.3
98240
97977.3
97714.4
97451.4
97188.4
96926.1
96665
96405.3
96147.7
95892.3
95640.2
95391.9
95148
94909.5
94676.5
94450.3
94231.4
94020.1
93817.3
93622.8
93436.9
93259.3
93090.1
92929.6
92778
92635.9
92503.2
92380.1
92266.2
92161.2
92065.1
91978
91900.4
91833.2
91773.2
91721.4
91681.5
91653.5
91635.2
91628.4
91634
91653
91686.4
91734.2
91794.7
91867.8
91952.8
92046.9
92151.5
92264.2
92380
92498.6
92613
92717.2
92814.2
92907.6
92994.1
93069.1
93126.6
93166.9
93193
93208.9
93213.7
93197.2
93154.8
93083.9
92994
92886.8
92764.3
92634.3
92481.4
92312.6
92132.5
91943.8
91758.4
91572.1
91382.3
91182
90986.5
90806.8
90636.4
90465.9
90292.4
90130.1
89981.1
89830.4
89678
89545.5
89413.7
89269.4
89126.8
88973.3
88793.2
88603.1
88392.2
88138.9
87852.2
87481.2
87145.2
86810.1
86439.4
85998.4
85581.4
85194.3
84788.1
84334.5
83838.7
83349.5
82885.3
82481
82117.9
81794.6
81565.7
81511
110608
110606
110601
110588
110570
110546
110516
110479
110437
110388
110332
110267
110192
110110
110022
109924
109818
109702
109579
109447
109309
109164
109011
108854
108690
108517
108333
108143
107947
107744
107536
107317
107089
106850
106605
106354
106097
105832
105568
105308
105048
104784
104517
104250
103983
103717
103452
103189
102926
102665
102406
102148
101893
101639
101387
101137
100889
100643
100398
100154
99911.1
99668.7
99426.5
99184.3
98941.8
98699.1
98455.8
98211.8
97967.2
97722
97476.6
97231.5
96986.9
96743.7
96502.2
96262.7
96025.9
95792.4
95563.1
95338.6
95119.4
94906.5
94700.6
94502.1
94311.7
94129.8
93956.3
93791
93633.8
93484.4
93343.1
93210.6
93087.8
92974.8
92871.3
92777.2
92691.8
92615.4
92547.2
92490
92440.9
92400.1
92369.4
92351
92343
92346.1
92360.3
92386.2
92425.8
92480
92546.1
92623.8
92712.5
92805.8
92905.8
93013.6
93124.2
93235.7
93344.3
93443.5
93528.4
93600.6
93663.7
93717.7
93756.7
93774.3
93774.5
93762.7
93744.9
93711.7
93653.7
93562.6
93448.9
93318.4
93171.2
93015.4
92841.9
92650.8
92458
92254.2
92054.4
91852.3
91646.3
91432.6
91220.6
91025
90833.1
90643.1
90458.8
90281.4
90117.8
89953.9
89790.1
89647.6
89507
89353.2
89206.3
89041.1
88861.6
88678.6
88461.9
88214.8
87937.8
87581.5
87251.8
86926.8
86566.4
86128.4
85724.9
85353.2
84977.5
84555.2
84089.4
83640
83226.7
82871
82555.4
82274.9
82091.6
82046.1
109535
109537
109533
109522
109507
109488
109463
109433
109398
109357
109310
109255
109192
109125
109053
108972
108879
108778
108670
108555
108436
108310
108179
108043
107900
107749
107590
107428
107260
107084
106898
106702
106495
106281
106060
105833
105600
105366
105136
104906
104671
104434
104194
103954
103714
103474
103234
102994
102756
102518
102282
102048
101815
101585
101356
101129
100904
100680
100457
100236
100015
99795
99575.3
99355.5
99135.4
98914.6
98693
98470.4
98246.8
98022.1
97796.8
97571.4
97346.1
97121.7
96898.5
96677.2
96457.8
96241.1
96028
95819.4
95616.1
95418.8
95228
95044.5
94868.3
94700.7
94541.8
94391.3
94248.7
94113.9
93986.1
93865.4
93753.7
93651.9
93560
93478.2
93405.2
93341.1
93284.6
93238.9
93202.3
93174
93153.7
93145
93147.8
93162.1
93187.3
93222.5
93268.4
93327.5
93398.7
93480.3
93572.1
93667.4
93766.1
93871.2
93976.5
94077.9
94175.5
94267
94342.9
94398.6
94436.5
94461.8
94477
94472.8
94449.4
94407
94361.1
94306.9
94229.9
94119.3
93978.1
93821
93645.8
93460.9
93267.6
93048.7
92843.4
92619.9
92404.4
92185.7
91959.9
91728.9
91498.5
91284.3
91070.8
90859.8
90654.3
90460.1
90276.5
90101.4
89925.6
89770.2
89620.6
89457.2
89306.9
89132.9
88950.8
88772.2
88551.9
88310.2
88042.1
87706.3
87383.8
87066.9
86712.7
86288.2
85907.9
85548.3
85200.1
84811.2
84385.5
83981.8
83624.7
83323.3
83058.6
82832.1
82696.5
82662.6
108404
108407
108404
108397
108385
108371
108351
108327
108299
108266
108228
108186
108140
108089
108031
107963
107887
107804
107715
107622
107522
107416
107305
107190
107070
106944
106813
106675
106528
106372
106206
106032
105849
105661
105466
105267
105067
104868
104670
104467
104261
104051
103841
103629
103416
103203
102989
102775
102562
102350
102139
101931
101723
101518
101314
101111
100910
100710
100512
100315
100119
99923.7
99728.8
99533.8
99338.2
99141.8
98944.3
98745.3
98544.9
98343.2
98140.4
97937.3
97733.9
97531.1
97329.2
97128.7
96929.6
96732.3
96537.6
96346.2
96159.6
95979.4
95805.5
95639
95479.5
95327.8
95184.4
95050.2
94924.3
94806.7
94696.3
94592
94494.7
94406.4
94327.1
94258
94199.8
94150.4
94105.5
94072.9
94050
94035.7
94028.9
94031.4
94045.1
94070.2
94107
94152.6
94206.4
94270.8
94346.8
94431.9
94525.2
94622.4
94722.2
94825.9
94928.3
95022.9
95108.3
95184.7
95247.5
95290.6
95309.3
95303.5
95288.3
95260
95213.2
95140.7
95059.8
94978.5
94880.2
94750.9
94582.5
94393.5
94189.6
93973.4
93750.6
93512.4
93291.8
93041.8
92804.7
92571.1
92323.2
92071
91817.5
91576.8
91343.3
91116.1
90888.9
90674
90466.7
90270.1
90084
89916.1
89757.2
89584.1
89425.2
89251.1
89065.6
88883.1
88668.1
88427.4
88159.3
87848.7
87541.2
87224.7
86878.6
86488.1
86131.5
85779.5
85458.5
85107.4
84730.5
84378.6
84081.4
83839.5
83625.2
83455.2
83371.5
83335.5
107240
107245
107243
107238
107231
107220
107205
107187
107165
107140
107112
107082
107047
107006
106957
106904
106848
106787
106721
106650
106573
106491
106403
106309
106210
106105
105992
105873
105746
105611
105469
105319
105164
105004
104841
104676
104511
104346
104176
104002
103824
103644
103462
103279
103094
102907
102721
102534
102348
102163
101979
101797
101615
101435
101256
101079
100904
100730
100558
100387
100218
100049
99880.3
99711.7
99542.4
99372
99200.3
99026.9
98851.6
98674.7
98496.4
98317.3
98137.7
97958.4
97780
97602.8
97427.3
97253.2
97080.7
96910.4
96743.2
96581.5
96426.1
96278
96137.3
96004.5
95878.6
95761.7
95652.6
95553
95461.6
95377
95298.9
95228.2
95165
95109.9
95066.8
95032
95005.3
94986.2
94977.2
94977.6
94986
95002.6
95028.8
95064.1
95110.9
95166.9
95231.1
95303.1
95383.9
95473
95567.6
95665.7
95765.5
95865.5
95962.8
96052.8
96130.3
96191
96234.8
96262.7
96268.4
96240.3
96192.7
96133.8
96060.5
95959.1
95839.7
95725.3
95602.6
95453.3
95260.1
95037.5
94801
94553.6
94300.7
94044.3
93793.3
93519.6
93256.3
93006.3
92733.6
92459.5
92182.1
91907.2
91649.4
91411.8
91161.6
90923.9
90694.4
90472.9
90267.9
90091
89922.5
89738.4
89570.2
89397.7
89210.5
89021.7
88815.9
88581
88303.4
88013.3
87724
87400.1
87077.6
86718.2
86388.3
86046.9
85754.9
85449
85129.3
84834
84600.4
84425.2
84258.1
84134.7
84087.9
84047.5
106071
106075
106076
106073
106069
106062
106052
106039
106023
106004
105983
105959
105932
105900
105863
105824
105784
105741
105694
105644
105588
105527
105459
105386
105307
105222
105131
105034
104931
104821
104706
104586
104463
104336
104207
104076
103943
103807
103665
103519
103370
103219
103065
102909
102751
102593
102434
102275
102116
101958
101801
101644
101489
101334
101182
101031
100883
100736
100591
100447
100305
100164
100023
99882.2
99740.5
99597.7
99453.3
99307.1
99158.8
99008.5
98856.5
98703.3
98549.7
98395.6
98241.9
98089
97937.7
97788.7
97641.4
97495.6
97352
97212
97077.7
96950.1
96829.6
96717.8
96613.1
96516.9
96427.8
96346.9
96274.6
96210.1
96153.3
96103.2
96060.1
96022.4
95996.7
95979.1
95970.6
95968.6
95975.7
95991.7
96016.2
96048
96088.6
96136.6
96193.7
96258.6
96333.2
96414.5
96501.8
96596.6
96693.5
96792.1
96889.6
96983.9
97072.5
97154
97222.7
97271.9
97298
97306.4
97297.2
97255
97181.4
97089.7
96985.7
96856.2
96700.1
96546.1
96394.1
96222.4
96007.3
95753.1
95479.6
95200
94917.9
94633.3
94351.7
94055.7
93758.9
93492
93187
92890.8
92594
92284.1
91995.5
91748.3
91472.5
91209.4
90961
90715.6
90489.8
90300.1
90119.6
89925.8
89749.5
89575.7
89387.7
89195.7
88997.2
88776.7
88492.5
88209.9
87938.9
87612.7
87304.7
86978.3
86677.2
86360.3
86095.4
85841.4
85590.4
85352.3
85183.5
85086
84967.3
84873.1
84852.1
84810.7
104917
104922
104925
104926
104925
104922
104917
104909
104898
104885
104869
104851
104832
104812
104788
104761
104733
104705
104673
104639
104600
104557
104510
104458
104401
104338
104271
104198
104121
104039
103953
103863
103771
103676
103578
103476
103371
103260
103145
103027
102905
102781
102654
102525
102394
102263
102131
101999
101867
101735
101603
101473
101343
101215
101089
100965
100844
100724
100607
100491
100377
100264
100151
100039
99925.2
99810.7
99694.5
99576.6
99456.6
99334.2
99210
99084.5
98958.5
98832.3
98705.7
98579.5
98453.9
98330.5
98209.4
98089.9
97972.6
97857.8
97747.5
97643.4
97545.5
97455.2
97373.4
97299.3
97233.9
97175.9
97125.7
97082.6
97048.2
97020.6
96999.5
96981
96977
96979.5
96989.7
97007.5
97033.4
97066.4
97108
97156.9
97213
97276.4
97346.9
97422.1
97505.5
97595.9
97691.3
97792.3
97892.8
97992.4
98086.2
98174.5
98255.5
98324.5
98379.2
98416.3
98429.9
98419.2
98388.3
98331.5
98239.2
98117
97979.7
97823.1
97634.9
97436.6
97249.6
97052.3
96818.5
96536.6
96226
95911
95596.6
95279.6
94967.6
94646.6
94325.2
94015.6
93684.6
93362.1
93051.1
92709
92386.2
92124.6
91821.8
91533.2
91262.7
90999.1
90753
90545.2
90351.6
90147.8
89965.2
89787.6
89601.5
89407.8
89210.5
89006.9
88727.9
88450.9
88193.5
87875.8
87572.5
87282.3
87006.3
86721
86489.2
86293.4
86116.5
85938.6
85835.2
85825.3
85759.4
85702.4
85680.7
85661.1
103799
103805
103809
103814
103817
103819
103819
103818
103813
103807
103798
103789
103779
103769
103758
103747
103734
103720
103703
103683
103659
103633
103604
103571
103533
103492
103446
103397
103344
103288
103228
103166
103101
103032
102960
102883
102801
102715
102625
102532
102436
102337
102235
102131
102026
101921
101815
101708
101602
101495
101389
101283
101179
101077
100977
100880
100785
100693
100602
100515
100428
100343
100259
100175
100090
100004
99916.3
99827.1
99736
99642.6
99547.3
99450.5
99353.1
99255.7
99158
99060.4
98963.1
98866.7
98772.9
98680.7
98590.7
98503.8
98420.5
98342.6
98271.4
98206.5
98150.1
98099.3
98057.3
98023.6
97998.5
97979.1
97969.7
97967.8
97966.6
97976
97993.6
98018
98049
98087.9
98135.1
98188.1
98248.6
98316.3
98389.7
98469.5
98555.7
98645.1
98738.6
98836.7
98940.7
99048
99153.2
99254.9
99345.3
99427.4
99504.3
99562.8
99600.4
99621.3
99621.9
99594.6
99540
99463.9
99355.2
99207.6
99036.2
98851.2
98634.3
98394.3
98164.9
97937.8
97685.5
97382.8
97040.1
96687.8
96336.1
95985.5
95639.5
95290.2
94939.4
94596.6
94236.4
93883.6
93545.9
93187.1
92834.4
92535.6
92204.4
91897.1
91603.6
91321.9
91058.5
90829.1
90618.9
90408.8
90218.9
90036
89853.9
89660.2
89462.1
89266.2
89005.2
88744.1
88494.6
88192.5
87894.9
87640.4
87387.4
87130.5
86942.6
86808.7
86700.4
86594.1
86552.6
86648.9
86629.1
86632.2
86622.5
86627
102731
102738
102745
102752
102759
102766
102772
102778
102782
102785
102786
102788
102789
102791
102793
102796
102796
102794
102790
102784
102776
102765
102752
102736
102717
102695
102670
102641
102610
102576
102540
102500
102457
102410
102359
102303
102243
102179
102111
102041
101968
101892
101814
101734
101654
101572
101490
101407
101325
101242
101160
101079
101000
100922
100848
100776
100707
100640
100577
100516
100457
100399
100342
100286
100230
100172
100113
100053
99990.3
99926.3
99860.5
99793.4
99725.5
99657.3
99588.7
99520.3
99452.2
99385
99320.5
99256.4
99194.8
99136.4
99081.8
99032
98988.7
98952.2
98924.1
98900.2
98885.7
98877.1
98879.1
98882.4
98900.1
98924.5
98952.5
98987.7
99030
99078.8
99133.1
99194.3
99264.3
99340.6
99422.7
99509.8
99602
99699.9
99802.9
99909.7
100017
100124
100237
100350
100460
100565
100655
100733
100806
100857
100882
100883
100866
100824
100750
100649
100520
100354
100150
99932.5
99688.8
99414
99137.3
98874.2
98600.6
98282.1
97917.3
97530.1
97139.1
96750.7
96368.1
95987.3
95607.4
95235.3
94849.4
94462.9
94094
93709.7
93335.5
92994.4
92632
92303.8
91988.2
91691
91406.8
91154.7
90925
90709.8
90512.6
90321.4
90140.1
89954.1
89757.4
89565.1
89323
89091
88846.7
88560.1
88280.3
88057.5
87823.2
87594
87456.2
87387.6
87334.6
87347.3
87340.3
87575.4
87585.9
87662.3
87678.8
87705.6
101725
101733
101742
101752
101764
101775
101788
101801
101813
101826
101839
101852
101866
101879
101892
101904
101915
101925
101933
101941
101947
101952
101954
101954
101952
101948
101941
101931
101918
101904
101887
101866
101841
101813
101780
101743
101703
101659
101611
101561
101508
101453
101397
101339
101280
101221
101161
101100
101039
100979
100920
100862
100805
100752
100701
100653
100608
100567
100528
100493
100460
100428
100398
100369
100340
100309
100278
100246
100212
100177
100140
100102
100064
100026
99987.2
99948.2
99909.3
99871.9
99836.6
99802.9
99771.6
99743.1
99718.1
99698.6
99685.4
99677.4
99677.5
99683.1
99696.8
99716.9
99745.3
99780.5
99824.2
99876.1
99934
99997
100067
100143
100223
100310
100404
100505
100611
100719
100832
100951
101072
101196
101319
101440
101563
101684
101797
101905
102000
102078
102145
102190
102206
102191
102154
102098
102009
101883
101727
101543
101315
101062
100790
100486
100165
99858.2
99558.3
99224.4
98845.9
98431.7
98004.2
97576.7
97156.9
96742.4
96331.1
95933
95520.7
95104.5
94700
94282.7
93879.7
93500.3
93112.3
92754.1
92418.4
92103.4
91798.8
91526.5
91276.6
91051
90848.2
90646.1
90464.7
90286.6
90095.1
89908.9
89685.2
89486
89247.7
88980
88735.6
88532.3
88315.5
88116.3
88027.7
88043.3
88051.4
88242.6
88230.2
88600.3
88665.8
88787.6
88827.2
88892.3
100792
100800
100810
100823
100838
100855
100874
100895
100916
100937
100959
100982
101006
101029
101052
101074
101096
101118
101138
101159
101178
101196
101212
101227
101240
101251
101261
101268
101273
101274
101272
101267
101258
101246
101230
101210
101187
101160
101130
101098
101063
101027
100989
100951
100911
100871
100831
100790
100750
100710
100672
100635
100600
100567
100538
100512
100490
100471
100456
100444
100435
100428
100423
100419
100415
100411
100406
100401
100395
100388
100380
100370
100361
100352
100343
100334
100325
100317
100311
100308
100307
100309
100315
100326
100344
100367
100397
100433
100477
100526
100584
100649
100722
100803
100891
100984
101084
101190
101299
101414
101535
101661
101792
101925
102061
102201
102343
102485
102626
102764
102901
103030
103148
103258
103359
103442
103505
103539
103548
103527
103475
103402
103300
103155
102971
102765
102518
102233
101929
101598
101242
100888
100554
100203
99814
99382.6
98925.7
98461.3
98006.9
97559.1
97112.3
96685.3
96244.8
95805.4
95363.7
94910.5
94463.3
94045.6
93636.3
93250.5
92893
92556.8
92234.3
91943.3
91675.5
91437.1
91227
91014.9
90834.8
90660.2
90476.9
90300.2
90095.8
89920.4
89698.4
89458.9
89259.9
89058.8
88866.2
88703.8
88671.5
88805.4
88935.4
89222.7
89291.4
89727.4
89858.8
90007.4
90070.1
90193.1
99936.4
99944.9
99953.5
99968.6
99988.2
100010
100035
100063
100092
100122
100153
100185
100217
100250
100283
100315
100348
100380
100411
100442
100472
100502
100530
100558
100584
100609
100632
100653
100672
100687
100699
100708
100713
100715
100714
100709
100700
100689
100674
100657
100638
100618
100597
100575
100552
100529
100506
100483
100461
100440
100419
100401
100385
100372
100362
100356
100354
100355
100361
100370
100383
100398
100415
100434
100454
100474
100494
100514
100534
100554
100572
100591
100609
100628
100647
100667
100687
100709
100733
100760
100789
100822
100859
100901
100950
101004
101065
101133
101207
101288
101377
101473
101576
101687
101804
101929
102060
102196
102337
102483
102633
102787
102944
103103
103265
103429
103593
103755
103914
104073
104224
104363
104490
104605
104712
104801
104861
104886
104889
104868
104809
104720
104603
104443
104238
104006
103738
103429
103095
102738
102357
101960
101584
101211
100811
100370
99893.4
99398.4
98912.2
98432.8
97950.1
97485.8
97017.1
96550.7
96075.7
95591.5
95098.9
94646
94213.4
93801.6
93418.2
93058.7
92716.4
92407.1
92122.5
91870.5
91651
91432.4
91253.2
91080.6
90905.5
90743.5
90558.9
90400.4
90207.2
89999.6
89839.1
89636.5
89477.1
89369
89418.7
89672.4
90003.7
90184.1
90506.5
90969.7
91161.3
91322.9
91419.4
91618.7
99157.9
99165.8
99174.8
99191.4
99214.5
99242.2
99273.8
99309.2
99346.9
99386.3
99426.6
99467.4
99508.6
99550
99591.5
99632.8
99673.7
99714.7
99755.3
99795.5
99835.4
99875
99913.9
99952.1
99989.2
100025
100059
100092
100122
100149
100173
100194
100212
100226
100237
100245
100249
100250
100249
100245
100239
100232
100225
100216
100208
100200
100192
100184
100177
100171
100166
100164
100164
100167
100174
100186
100201
100220
100244
100271
100303
100337
100374
100413
100454
100496
100538
100582
100626
100670
100713
100757
100801
100846
100892
100939
100988
101038
101091
101147
101206
101269
101337
101411
101490
101575
101667
101766
101871
101984
102104
102232
102367
102509
102657
102813
102975
103142
103316
103494
103674
103856
104042
104227
104418
104608
104794
104978
105159
105338
105506
105657
105796
105922
106035
106128
106187
106212
106215
106191
106129
106031
105898
105726
105509
105253
104962
104633
104278
103899
103498
103070
102648
102242
101825
101380
100893
100378
99862.4
99353.3
98838.1
98333.1
97832.9
97328
96827.8
96321.2
95791.6
95309.9
94849.8
94411.1
93998
93618
93252.9
92922.9
92621.8
92354.5
92122.7
91902.3
91720.2
91550.8
91384.8
91239
91078.1
90941
90782.2
90606.3
90468.4
90279.3
90161.9
90127.5
90283
90643.9
91079.2
91253.1
91817.1
92299
92553.2
92727.9
92877.7
93161.8
98564.1
98571.8
98580.9
98599.7
98628
98662.2
98701
98743.3
98788.8
98836.1
98884.3
98932.5
98980.6
99028.6
99076.6
99124.1
99171.2
99217.9
99264.3
99310.5
99356.7
99403.1
99449.4
99495.1
99539.9
99583.4
99625.4
99665.4
99703.1
99738
99770.2
99799.4
99825.4
99848.3
99867.9
99884.2
99897.3
99907.5
99915.1
99920.2
99923.5
99925.7
99927.1
99928.3
99929.5
99930.9
99932.7
99935.1
99938.5
99943.4
99949.9
99958.9
99970.9
99985.8
100005
100028
100056
100088
100124
100165
100210
100259
100310
100364
100420
100478
100538
100599
100662
100725
100788
100852
100917
100983
101051
101121
101192
101267
101344
101425
101509
101598
101692
101792
101897
102010
102129
102256
102390
102531
102680
102836
103000
103171
103349
103533
103724
103920
104122
104329
104537
104748
104960
105173
105390
105605
105815
106021
106225
106423
106606
106773
106927
107067
107189
107287
107348
107382
107391
107365
107308
107209
107065
106884
106663
106396
106092
105753
105384
104991
104575
104131
103673
103227
102789
102340
101848
101324
100787
100253
99713.7
99176.5
98645.7
98099.2
97577.5
97053.6
96501.3
95992.5
95504.4
95042.8
94604.7
94203.7
93816.7
93467.6
93150.9
92869.3
92625
92409
92221.2
92057.2
91903.3
91773.2
91636.5
91532.1
91409.8
91272.9
91150
90989.3
90929.7
90982.7
91240.5
91673.4
92146.5
92540.6
93205.4
93667.5
93992
94205.3
94429.3
94793.8
98125.2
98132.9
98144.7
98169.2
98205.8
98246.5
98292.3
98339.5
98391
98443.9
98498.4
98552.4
98605.9
98658.7
98710.9
98762.4
98813.6
98864.2
98914.4
98964.4
99014.5
99064.9
99115.8
99166.6
99216.6
99265.4
99312.5
99357.5
99400.5
99440
99477.4
99511.6
99542.8
99570.9
99595.8
99617.6
99636.4
99652.4
99666
99677.2
99686.5
99694.7
99702.1
99709.2
99716.5
99724.1
99732.4
99741.5
99751.8
99763.9
99777.7
99794.3
99814.1
99836.9
99863.5
99895.1
99931.5
99972.1
100017
100067
100122
100180
100241
100305
100372
100442
100514
100589
100664
100741
100819
100898
100979
101062
101146
101233
101323
101416
101512
101612
101717
101827
101942
102064
102192
102327
102470
102619
102777
102942
103115
103296
103484
103680
103883
104092
104308
104530
104758
104988
105222
105458
105695
105933
106174
106412
106644
106872
107096
107313
107513
107696
107868
108021
108154
108258
108327
108373
108388
108367
108316
108221
108075
107892
107673
107407
107104
106762
106386
105985
105558
105108
104626
104143
103681
103222
102729
102205
101654
101100
100544
99986.3
99431.3
98853.9
98309.9
97764.5
97200.7
96666.3
96153.7
95674.5
95218.1
94793
94389.8
94023.9
93693.1
93401.2
93147.4
92936.2
92744.6
92588.8
92453.8
92339.8
92226.9
92163.3
92078.4
91987
91889.6
91771.8
91783.1
91931.3
92281.8
92775.5
93325.2
94012.6
94626.6
95042.9
95449.8
95739.5
96056.5
96500
97728.3
97735.3
97750.2
97787.7
97841.7
97893.5
97948.6
97999.2
98057.4
98115.6
98175.8
98235
98293.5
98350.9
98407
98461.9
98515.7
98569.2
98622.3
98675.5
98728.9
98782.7
98837.1
98891.8
98946.1
98999.2
99050.7
99099.3
99146.2
99189.9
99231.1
99269.1
99304.1
99336
99364.9
99390.9
99414
99434.4
99452.4
99468.2
99482
99494.8
99506.8
99518.5
99530.2
99542.4
99555.5
99569.6
99585.1
99602.6
99621.9
99644.1
99669.8
99698.5
99731
99768.6
99811.4
99858.4
99910.3
99967.2
100029
100094
100162
100234
100309
100388
100471
100556
100643
100731
100821
100913
101007
101102
101201
101303
101408
101516
101630
101747
101869
101997
102132
102272
102420
102576
102739
102910
103089
103276
103470
103673
103883
104102
104328
104561
104800
105046
105296
105548
105806
106066
106326
106589
106853
107112
107366
107615
107859
108093
108310
108511
108699
108867
109010
109120
109203
109261
109285
109272
109228
109138
108996
108819
108607
108350
108055
107716
107342
106937
106501
106044
105552
105041
104552
104070
103575
103060
102499
101930
101360
100790
100215
99624.9
99055.5
98484.7
97913.4
97353.9
96819.5
96326.1
95849.9
95401.6
94989.3
94605
94262.1
93962.5
93700.9
93493.8
93301.4
93154.4
93044.4
92950.1
92867.9
92845.2
92798
92754
92701.1
92641.8
92733.3
92985.9
93433.8
94012
94684.7
95531.7
96055.8
96463.6
96947.6
97327.7
97754.5
98277.6
97362.2
97365.9
97386.1
97443.4
97523.3
97593.1
97655.4
97716.6
97778.9
97842.3
97906.4
97970.4
98033.6
98094.9
98154.9
98212.6
98268.7
98324
98379
98434.5
98490.5
98547.5
98605.1
98663
98720.5
98776.9
98831.6
98883.9
98933.5
98980.3
99024.2
99065.1
99102.8
99137.5
99169.3
99198.4
99224.9
99248.8
99270.1
99289.2
99306.6
99322.8
99338.2
99353.2
99368.2
99383.7
99400.3
99418
99437.2
99458.7
99481.8
99507.8
99537.6
99570.8
99607.8
99649.8
99696.8
99748.2
99804.8
99867
99933.7
100004
100077
100154
100236
100323
100413
100507
100602
100699
100799
100900
101005
101112
101222
101336
101454
101576
101703
101835
101972
102116
102267
102424
102590
102763
102944
103133
103331
103537
103751
103974
104204
104443
104690
104943
105204
105470
105740
106014
106294
106576
106858
107143
107427
107706
107980
108249
108512
108763
108996
109215
109419
109601
109754
109875
109972
110042
110075
110074
110036
109954
109824
109660
109459
109217
108932
108603
108237
107834
107394
106933
106438
105914
105401
104891
104388
103880
103317
102742
102162
101580
100993
100400
99806.2
99217
98634.3
98053.3
97504.9
96999.1
96498.6
96031.5
95614.5
95208.3
94857.4
94553.5
94288
94080.1
93896.3
93757.5
93671.5
93601
93563.3
93576.9
93570.8
93578.7
93583.4
93600.8
93780.5
94150.6
94704.2
95385
96149.2
97004.2
97513
97973.2
98513.9
98976.8
99513
100106
97012.5
97022.3
97057.6
97138.7
97252.5
97341.2
97410.9
97479.4
97546.6
97614.5
97682.5
97750.5
97817.7
97882.9
97945.9
98006.3
98063.9
98120.6
98176.8
98233.7
98291.8
98351.3
98412
98473
98533.4
98592.5
98649.5
98704.1
98755.8
98805
98851
98894
98933.7
98970.4
99004.3
99035.5
99064.4
99090.6
99114.4
99136.2
99156.4
99175.2
99193.1
99210.5
99227.9
99245.8
99264.9
99284.9
99306.5
99330.6
99356.3
99384.7
99417.2
99453.6
99493.8
99538.8
99588.5
99642.5
99702.3
99768
99837.8
99910.7
99987.3
100069
100156
100248
100344
100444
100545
100650
100756
100866
100978
101094
101214
101338
101466
101599
101738
101882
102033
102190
102354
102526
102706
102894
103091
103296
103510
103732
103964
104204
104452
104709
104973
105245
105524
105809
106098
106392
106691
106993
107294
107599
107901
108199
108491
108779
109058
109325
109574
109810
110028
110223
110385
110522
110634
110714
110759
110769
110739
110668
110557
110410
110225
109997
109725
109413
109057
108660
108223
107761
107269
106745
106214
105682
105171
104658
104098
103531
102946
102350
101758
101161
100547
99950.2
99356.1
98758.4
98209.2
97685.2
97161.9
96683.6
96251.6
95832.4
95475.9
95169.2
94904.3
94696.3
94527.3
94398.5
94337.2
94292.8
94304.2
94350.2
94393.4
94457.9
94536.9
94650.3
94919.3
95410
96064.6
96833.7
97644.2
98462.6
99017.6
99563.6
100148
100682
101307
101955
96676.3
96691.7
96765.6
96878.2
97020.3
97130.9
97207.8
97280.4
97352.8
97424.7
97496.6
97568.3
97638.8
97707.2
97772.7
97835.2
97894.6
97951.5
98008.5
98066.2
98125.7
98187.5
98251
98315.2
98378.6
98440.2
98499.2
98555.4
98608.4
98658.9
98706.4
98750.7
98791.8
98830.1
98865.5
98898.3
98928.5
98956.4
98981.9
99005.7
99027.8
99048.4
99068.1
99087.3
99106.4
99126
99146.6
99168
99191
99216.6
99244.1
99274
99308.1
99346.5
99388.8
99435.5
99486.5
99542.1
99603.8
99671.3
99742.7
99817.2
99896
99980.2
100071
100166
100266
100370
100476
100586
100698
100814
100933
101055
101183
101314
101451
101593
101741
101895
102056
102224
102399
102583
102775
102976
103186
103404
103632
103869
104115
104370
104633
104906
105186
105473
105768
106069
106376
106687
107004
107322
107641
107962
108281
108596
108905
109208
109503
109784
110048
110299
110530
110736
110909
111063
111186
111278
111337
111357
111337
111283
111192
111065
110896
110684
110429
110134
109793
109406
108977
108520
108033
107518
106979
106434
105921
105392
104841
104282
103697
103093
102501
101894
101272
100674
100069
99466.9
98921
98370.7
97837.7
97351.9
96892.8
96476.1
96115.2
95804.5
95547
95340.1
95187.3
95077.4
95041.3
95027.1
95080
95163.2
95260.7
95389.2
95554.7
95780.8
96139.6
96741.9
97483.3
98318.3
99149.9
99952.4
100566
101193
101822
102415
103125
103808
96402.4
96440.4
96549.6
96679.3
96826.4
96948.3
97035.5
97113.8
97191
97267.1
97342.8
97418
97491.4
97562.3
97629.8
97693.5
97753.5
97811
97867.7
97925.4
97985.8
98049.8
98116.4
98183.7
98250.1
98314.2
98375.2
98432.7
98486.4
98537.9
98586
98631
98672.9
98712.2
98748.9
98782.8
98814.1
98843.1
98869.9
98894.7
98917.9
98939.7
98960.6
98981
99001.2
99021.7
99043.3
99065.5
99089.1
99115.6
99144.2
99174.9
99209.7
99248.8
99291.9
99339.2
99390.7
99447.2
99509.9
99577.9
99649.6
99724.7
99804.4
99889.9
99982
100080
100183
100289
100399
100511
100627
100747
100871
100999
101131
101269
101412
101561
101716
101878
102047
102224
102409
102602
102804
103015
103236
103465
103705
103953
104211
104479
104755
105040
105334
105635
105944
106259
106581
106907
107238
107571
107905
108240
108573
108903
109226
109544
109852
110145
110422
110686
110929
111144
111331
111498
111632
111739
111809
111841
111836
111801
111728
111619
111469
111277
111042
110762
110437
110067
109652
109210
108731
108226
107691
107148
106625
106083
105548
104993
104407
103812
103215
102598
101982
101383
100766
100177
99620.2
99051.8
98524.3
98025.1
97542.9
97128.3
96766.3
96456
96206.2
96014.9
95873.6
95788.5
95779.4
95794.5
95888
96022.6
96161.7
96371
96634
96975.4
97430.2
98136.4
98961.3
99827.8
100676
101470
102141
102838
103502
104157
104946
105643
96205.3
96307.7
96439.2
96565.8
96684
96796
96890.4
96975.3
97057
97136.8
97216.1
97294.5
97370.6
97443.4
97512.3
97576.9
97637.9
97694.6
97749.8
97807
97867.8
97934.6
98004
98074.6
98143.8
98210.1
98272.6
98331.4
98387.2
98438.1
98486.5
98531.7
98574
98613.7
98650.9
98685.5
98717.6
98747.4
98775
98800.6
98824.6
98847.1
98868.6
98889.6
98910.4
98931.4
98953.3
98975.7
98999.7
99026.5
99055.4
99086.2
99120.9
99159.8
99202.7
99249.7
99301.1
99357.9
99420.5
99488
99559.4
99634.1
99713.6
99799.3
99892
99991
100095
100202
100314
100428
100547
100669
100796
100928
101064
101206
101354
101508
101668
101836
102011
102195
102387
102587
102797
103016
103246
103484
103733
103991
104259
104537
104824
105120
105424
105737
106057
106385
106718
107057
107400
107745
108091
108439
108784
109126
109461
109791
110110
110414
110703
110978
111230
111456
111657
111834
111981
112100
112180
112228
112240
112222
112167
112077
111947
111777
111560
111298
110992
110643
110250
109825
109361
108866
108344
107812
107277
106738
106215
105658
105080
104496
103890
103275
102672
102067
101448
100874
100298
99731.4
99214
98691.8
98194.9
97779
97420
97117.5
96881.4
96712.7
96588.2
96530.6
96540.6
96596.3
96724.9
96925.5
97094.8
97398.8
97765.6
98219.7
98788
99580.7
100472
101363
102213
103004
103734
104490
105174
105886
106725
107415
95959.2
96139.5
96291.6
96449.8
96568.7
96673.7
96771.6
96861.4
96946.7
97029.5
97112.1
97193.6
97271.9
97346.2
97415.9
97481.6
97541.5
97597.5
97652
97708.9
97770.8
97839
97911.4
97985.1
98056.8
98124.7
98188.1
98247.4
98302.9
98355
98403.9
98449.5
98491.9
98531.7
98569.1
98604
98636.6
98666.8
98694.8
98720.8
98745.2
98768.2
98790
98811.3
98832.1
98853.1
98875
98897.4
98921.1
98947.6
98976.2
99006.8
99040.7
99078.7
99120.7
99166.8
99217.6
99274
99335.8
99402.2
99472.3
99546
99624.4
99709.5
99802
99900.8
100005
100112
100224
100339
100459
100583
100711
100845
100984
101129
101279
101437
101601
101773
101952
102141
102338
102544
102760
102985
103221
103467
103723
103989
104264
104550
104845
105150
105463
105785
106115
106452
106795
107143
107496
107851
108208
108565
108921
109272
109617
109956
110285
110597
110897
111181
111442
111678
111890
112078
112238
112366
112459
112522
112547
112546
112513
112443
112331
112179
111983
111746
111463
111135
110766
110353
109908
109432
108930
108410
107878
107357
106827
106269
105712
105128
104522
103926
103329
102715
102118
101540
100957
100406
99885.5
99343.9
98850.3
98432.3
98074.3
97789.1
97572.8
97427.3
97325.8
97300.7
97329.3
97438.4
97587.7
97864.9
98052.2
98472.9
98942.6
99504.4
100198
101055
101972
102901
103742
104553
105337
106131
106824
107579
108425
109076
95725.2
95972.6
96165.3
96323.8
96449.9
96570.9
96677.4
96771.5
96860.1
96945.5
97030.8
97115.2
97195.3
97270.6
97341.8
97406.7
97466.2
97521.6
97575.7
97632.4
97695.1
97764.7
97839.5
97915.4
97988.9
98057.9
98122
98181.7
98237.6
98289.1
98338.2
98384.1
98426.7
98466.7
98504.2
98539.1
98571.6
98601.9
98629.9
98656
98680.6
98703.6
98725.4
98746.6
98767.2
98787.9
98809.6
98831.5
98854.5
98880.2
98908.2
98938
98970.8
99007.6
99048.2
99093.1
99142.9
99198.1
99258.5
99323.3
99391.7
99463.6
99540.5
99624.4
99715.8
99813.5
99916.3
100023
100134
100249
100369
100493
100622
100756
100896
101042
101194
101353
101520
101694
101876
102067
102268
102478
102698
102927
103168
103419
103680
103951
104233
104524
104826
105137
105457
105786
106122
106467
106817
107172
107533
107895
108259
108624
108987
109346
109699
110045
110381
110701
111008
111298
111567
111811
112033
112230
112400
112539
112644
112717
112757
112775
112759
112706
112613
112481
112311
112099
111841
111531
111184
110792
110369
109921
109440
108932
108418
107904
107365
106823
106281
105698
105110
104531
103934
103323
102747
102162
101591
101049
100511
99986.1
99507
99087
98730.9
98465.6
98268.9
98144.1
98069.1
98082.1
98132.7
98286.7
98461.1
98816.2
99027
99558.6
100148
100800
101612
102512
103442
104396
105249
106088
106906
107714
108404
109198
110008
110601
95576.2
95814.1
96052.2
96202
96343.3
96477.8
96592.3
96691.4
96784.6
96873.2
96961.2
97048.2
97130.1
97206.3
97277.6
97342.8
97402.2
97457.3
97511.3
97568.1
97631.5
97702.1
97778.8
97856.5
97931.2
98000.8
98065.1
98125.5
98181.2
98232.9
98282
98327.9
98370.4
98410.6
98448.4
98483.3
98515.8
98545.9
98573.7
98599.7
98624
98646.8
98668.4
98689.3
98709.5
98729.7
98750.8
98772.1
98794.2
98818.9
98845.8
98874.4
98905.9
98941.3
98980.5
99023.8
99071.9
99125.5
99184
99246.7
99312.9
99382.7
99457.7
99539.9
99629.5
99725.3
99826.3
99931.7
100041
100155
100274
100397
100525
100660
100799
100945
101098
101258
101425
101600
101784
101977
102179
102391
102614
102847
103090
103344
103609
103885
104170
104466
104772
105087
105412
105746
106088
106438
106793
107154
107520
107889
108258
108628
108997
109361
109720
110071
110412
110738
111051
111346
111621
111872
112101
112307
112485
112633
112749
112833
112888
112921
112918
112883
112813
112703
112557
112371
112137
111850
111525
111162
110768
110342
109881
109396
108899
108382
107854
107337
106792
106223
105661
105087
104490
103904
103333
102753
102198
101654
101118
100618
100159
99747.3
99399.8
99147.7
98971.5
98868.6
98826.8
98864.3
98947.8
99118.2
99341.9
99758
100046
100668
101340
102084
103016
103931
104898
105844
106735
107585
108416
109213
109891
110716
111461
112004
95520.6
95714.9
95899.4
96091.8
96262.4
96396.5
96509.5
96611.5
96708.5
96802.8
96894.5
96983.6
97066.6
97144.1
97215.8
97281.7
97341.5
97397.1
97451.4
97508.4
97571.9
97644.2
97722.5
97801.6
97877.1
97946.9
98011.1
98070.8
98126.7
98178.9
98228.5
98274.7
98317.1
98357.2
98395.1
98430.1
98462.5
98492.6
98520.3
98545.9
98569.8
98592
98613
98633.4
98652.9
98672.2
98692.6
98712.8
98733.7
98757
98782.4
98809.6
98839.6
98873.3
98910.5
98951.7
98997.8
99048.9
99104.8
99164.6
99228.2
99295.3
99367.8
99447.6
99534.5
99627.8
99726.1
99828.8
99935.9
100048
100164
100286
100413
100546
100684
100829
100981
101141
101308
101483
101667
101860
102064
102277
102501
102735
102981
103237
103503
103782
104070
104368
104678
104996
105325
105662
106007
106361
106721
107086
107455
107828
108201
108576
108948
109316
109678
110033
110377
110707
111023
111323
111602
111859
112095
112309
112495
112650
112776
112871
112942
112986
112999
112985
112933
112847
112726
112568
112362
112103
111803
111465
111096
110693
110258
109803
109320
108815
108317
107806
107264
106724
106175
105604
105019
104461
103894
103327
102783
102237
101726
101249
100806
100413
100085
99847.2
99692.1
99609.9
99603.9
99661.6
99788.5
99959.8
100243
100725
101119
101799
102544
103380
104367
105332
106346
107282
108199
109043
109857
110621
111294
112124
112792
113296
95460.8
95669.8
95873.4
96050.3
96194
96315.6
96429.3
96537.1
96638.5
96733.1
96825.7
96918.7
97006
97084.7
97157.5
97224.7
97286.2
97343.4
97398.9
97456.7
97520.7
97594.6
97673.9
97753.5
97828.8
97898.2
97961.8
98021.1
98077
98129.4
98179
98225.3
98267.8
98308.1
98346.1
98380.9
98413.1
98443.1
98470.4
98495.6
98518.9
98540.4
98560.8
98580.3
98598.5
98616.7
98635.9
98654.8
98674.1
98695.5
98719.1
98744.5
98772.5
98803.8
98838.5
98877.1
98920.3
98968.1
99020.5
99076.9
99137.1
99201.1
99271
99347
99430.4
99519.8
99614.4
99713.5
99817.1
99925.6
100039
100158
100282
100413
100549
100692
100842
100999
101165
101339
101522
101715
101917
102130
102354
102589
102834
103091
103358
103638
103927
104227
104538
104858
105188
105528
105875
106231
106592
106960
107332
107706
108082
108458
108833
109203
109566
109923
110269
110601
110918
111221
111504
111764
112005
112225
112418
112582
112716
112821
112905
112961
112993
112997
112963
112901
112811
112684
112506
112275
112001
111689
111347
110971
110565
110131
109671
109200
108720
108213
107698
107182
106639
106078
105525
104983
104424
103874
103335
102806
102323
101869
101446
101074
100771
100558
100417
100364
100391
100478
100631
100845
101203
101708
102211
102930
103746
104641
105672
106713
107767
108708
109614
110438
111221
111936
112600
113396
113993
114474
95473.4
95621.7
95789.5
95963.4
96115.9
96247.4
96366.5
96476.9
96580.2
96677.3
96769.6
96862
96949.4
97030.9
97106.5
97175.9
97239.7
97299.3
97356.7
97416
97480.5
97556.2
97635.9
97714.8
97788.8
97857.2
97919.9
97978.4
98034.4
98086.6
98136.1
98182.3
98224.8
98265.2
98303
98337.2
98369.2
98398.9
98425.6
98450.2
98472.7
98493.4
98512.9
98531
98547.8
98564.6
98582.1
98599.1
98616.5
98635.6
98656.7
98679.7
98704.9
98733.3
98764.9
98800.1
98839.3
98882.9
98931.1
98983.4
99039.6
99099.5
99165.3
99237.3
99316
99400.6
99490.2
99584.6
99683.5
99787.5
99896.7
100011
100132
100258
100391
100530
100677
100831
100994
101165
101346
101536
101737
101947
102170
102403
102647
102903
103169
103447
103736
104036
104347
104667
104998
105337
105685
106040
106403
106770
107143
107518
107894
108269
108644
109014
109377
109734
110080
110412
110729
111033
111317
111581
111825
112049
112247
112419
112560
112674
112769
112838
112888
112907
112893
112861
112802
112704
112554
112351
112108
111828
111515
111164
110781
110374
109950
109511
109045
108566
108083
107575
107047
106512
105993
105459
104916
104379
103852
103354
102894
102464
102072
101723
101451
101262
101134
101123
101171
101291
101490
101788
102176
102692
103296
104043
104926
105831
106927
108045
109135
110083
110951
111749
112500
113168
113801
114526
115050
115534
95453.9
95634.7
95776.3
95917.5
96063.1
96198.4
96319.5
96433.3
96536.9
96632.7
96728.1
96819
96906.5
96988.7
97065.7
97137.6
97204.5
97267.2
97328.1
97391
97460.1
97533.5
97611.6
97688.2
97760
97827
97888.5
97946.7
98002
98053.8
98102.8
98148.8
98191.2
98231
98268
98301.9
98333.2
98362
98387.9
98411.4
98432.8
98452.2
98470.3
98486.9
98502
98516.9
98532.1
98547.1
98562
98578.2
98596.2
98615.9
98637.6
98662.1
98689.6
98720.3
98754.6
98793.3
98836.6
98884
98935.2
98990.1
99051.5
99118.1
99190.7
99269
99352.4
99440.7
99533.8
99631.9
99735.2
99844.2
99958.8
100080
100207
100342
100483
100633
100791
100957
101134
101320
101517
101724
101942
102172
102413
102666
102930
103206
103492
103790
104099
104418
104746
105084
105430
105783
106145
106510
106881
107255
107629
108003
108375
108742
109104
109457
109802
110132
110448
110750
111036
111301
111547
111773
111976
112153
112300
112424
112527
112610
112671
112704
112717
112714
112683
112617
112499
112326
112114
111864
111577
111256
110908
110537
110144
109731
109298
108857
108392
107897
107396
106901
106401
105882
105355
104835
104333
103868
103433
103032
102669
102350
102109
101940
101837
101865
101919
102102
102385
102694
103112
103669
104355
105125
106056
106935
108107
109277
110409
111358
112186
112951
113644
114292
114886
115507
115947
116441
95449.1
95605.9
95749.1
95888.2
96026.1
96156.9
96276
96386.6
96494.2
96599
96697.1
96789.7
96878.2
96961.8
97040.5
97114.7
97184.7
97251.6
97317.3
97384.3
97455.4
97528.6
97603
97675.9
97744.6
97809.1
97870.5
97928.2
97982.9
98034.4
98082.8
98128
98169.6
98208.5
98244.7
98277.8
98307.9
98335.4
98360.1
98382.1
98401.8
98419.3
98435.6
98450.2
98463
98475.2
98487.5
98499.5
98511.4
98524.2
98538.2
98553.6
98571
98590.6
98613
98638.5
98667.4
98700.1
98737.2
98778.6
98824.7
98875.4
98928.9
98988.3
99053.6
99124.3
99200.1
99280.7
99366.2
99456.9
99552.8
99654.3
99761.6
99875.3
99995.5
100123
100258
100400
100552
100712
100882
101062
101253
101455
101667
101892
102128
102376
102636
102907
103189
103483
103787
104102
104427
104761
105103
105453
105811
106173
106541
106910
107281
107650
108018
108382
108738
109087
109428
109755
110066
110366
110652
110916
111162
111389
111596
111777
111928
112059
112172
112266
112336
112388
112424
112442
112443
112414
112331
112188
112007
111788
111535
111254
110942
110600
110240
109865
109472
109056
108609
108150
107687
107220
106732
106230
105727
105236
104770
104335
103928
103562
103227
102946
102733
102589
102524
102573
102667
102907
103235
103551
104019
104635
105366
106161
107122
107976
109207
110407
111557
112499
113294
114008
114661
115251
115812
116307
116677
117165
95462.2
95616.1
95759.8
95895
96030.1
96156.9
96274.6
96385.1
96491.8
96594.1
96691.4
96784.4
96873.3
96957.5
97037.3
97113.5
97186.3
97256.5
97325.3
97394.2
97465.4
97537.6
97609.6
97679.7
97746.7
97810.1
97870.4
97927.4
97981.4
98031.9
98079.3
98123.6
98164.4
98202.2
98237.3
98269.2
98297.9
98323.8
98346.9
98367.2
98384.9
98400.4
98414.4
98426.5
98436.6
98445.9
98454.9
98463.5
98471.7
98480.5
98490.1
98501.1
98513.7
98528.1
98545
98565
98588.1
98614.4
98644.7
98679.4
98719.5
98762.9
98809.6
98861.4
98918.7
98981
99048.1
99120.1
99197
99279.1
99366.2
99458.9
99557.4
99662.4
99773.8
99892.5
100019
100153
100296
100448
100610
100782
100965
101159
101365
101582
101811
102052
102305
102570
102846
103133
103432
103740
104059
104387
104724
105068
105420
105776
106138
106501
106866
107229
107591
107948
108298
108639
108973
109294
109600
109895
110177
110439
110682
110907
111116
111298
111453
111589
111708
111809
111892
111962
112016
112053
112089
112090
112038
111927
111779
111598
111385
111135
110852
110551
110236
109895
109532
109144
108738
108326
107897
107443
106971
106494
106029
105583
105156
104750
104376
104037
103742
103504
103319
103214
103188
103255
103448
103720
104070
104410
104935
105604
106339
107182
108149
109034
110267
111489
112585
113523
114276
114926
115636
116085
116600
116940
117276
117723
95499.4
95645
95785.9
95918.1
96046.2
96169.7
96286.5
96397
96503.2
96604.8
96701.6
96794.5
96883.6
96968.5
97049.6
97127.3
97202.1
97274.5
97345.1
97415.1
97486
97557.2
97627.6
97695.8
97761.3
97823.7
97883
97939
97991.9
98041.4
98087.9
98131.3
98171.1
98207.8
98241.6
98272
98299
98323.3
98344.7
98363.1
98378.7
98392.1
98403.5
98412.8
98420.1
98426.2
98431.7
98436.5
98440.8
98445.4
98450.5
98456.7
98464.2
98473.2
98484.3
98498.2
98515.2
98535
98558.6
98586.9
98618.9
98654.3
98693.2
98736.7
98785.2
98838.6
98896.6
98959.1
99026.3
99098.7
99176.1
99259
99347.6
99442.5
99543.8
99652.3
99768.7
99892.9
100026
100168
100321
100484
100657
100842
101038
101247
101467
101699
101943
102200
102467
102746
103037
103338
103649
103969
104298
104634
104979
105327
105680
106036
106392
106746
107099
107448
107789
108121
108446
108760
109058
109345
109621
109879
110117
110338
110545
110725
110883
111020
111142
111249
111344
111427
111496
111560
111618
111639
111615
111540
111426
111282
111100
110880
110641
110388
110105
109798
109475
109134
108776
108398
107988
107554
107109
106678
106262
105861
105469
105094
104755
104447
104196
104001
103845
103785
103814
103941
104235
104531
104894
105262
105842
106535
107265
108155
109109
110062
111223
112445
113463
114365
115062
115666
116391
116750
117169
117331
117673
118004
95563.2
95700.4
95835
95964
96088
96207.8
96322.7
96432.4
96537.5
96638.1
96734.3
96826.8
96915.8
97001.4
97083.2
97161.9
97238.1
97311.9
97383.6
97454.4
97525
97595.2
97663.9
97730.2
97794.1
97855.1
97913
97967.6
98019.3
98067.6
98112.9
98154.9
98193.3
98228.4
98260.4
98288.9
98314
98336.2
98355.3
98371.1
98384.2
98394.7
98402.9
98408.8
98412.6
98414.8
98416
98416.3
98415.9
98415.4
98415.1
98415.4
98416.7
98419.2
98423.4
98430.5
98440.2
98452.3
98467.7
98487
98509.8
98535.7
98565.4
98599.1
98637.5
98680.1
98726.9
98778.2
98834.1
98894.7
98960.3
99031.3
99107.8
99190.7
99280
99376.3
99480.2
99592.3
99713.3
99843.7
99984.2
100135
100297
100471
100656
100853
101062
101284
101517
101763
102021
102289
102570
102861
103162
103473
103792
104119
104453
104792
105135
105480
105827
106171
106512
106851
107182
107503
107818
108122
108411
108689
108957
109209
109440
109655
109857
110034
110194
110329
110453
110565
110669
110765
110851
110944
111013
111046
111044
111010
110933
110820
110672
110494
110298
110083
109841
109587
109315
109014
108689
108333
107953
107559
107156
106780
106415
106050
105690
105348
105039
104775
104565
104408
104296
104295
104403
104599
104934
105245
105653
106039
106661
107359
108099
109004
109944
110945
111997
113197
114153
114976
115609
116127
116731
117101
117387
117437
117799
117931
95662.9
95793
95921.3
96046.2
96166.1
96281.6
96393.4
96501
96604.2
96703.5
96798.9
96890.7
96979.2
97064.5
97146.6
97226
97302.6
97376.9
97449.3
97520.4
97590.1
97658.5
97725.4
97790
97852
97911.1
97967.1
98020.2
98070.2
98116.9
98160.3
98200.3
98236.7
98269.7
98299.2
98325.3
98347.9
98367.2
98383.2
98395.9
98405.6
98412.5
98416.7
98418.4
98417.6
98415
98411.1
98405.9
98399.7
98392.9
98385.8
98379.2
98373.2
98368.3
98364.3
98363.1
98363.6
98366.3
98371.6
98380.3
98392.1
98407.2
98425.8
98447.8
98473.7
98503.5
98537.3
98575
98617.2
98663.8
98715.2
98771.8
98834
98902.1
98976.4
99058.1
99147.4
99244.8
99351
99466.6
99592.5
99729.2
99877
100037
100208
100392
100587
100796
101017
101250
101495
101752
102020
102299
102589
102889
103196
103511
103834
104161
104492
104826
105161
105493
105822
106148
106468
106777
107079
107372
107651
107917
108176
108421
108644
108851
109044
109218
109376
109510
109635
109748
109863
109972
110073
110189
110263
110301
110313
110311
110276
110203
110097
109963
109808
109638
109458
109254
109012
108739
108442
108124
107797
107461
107116
106784
106468
106134
105809
105501
105221
105003
104834
104711
104665
104729
104898
105131
105452
105832
106276
106707
107329
108036
108790
109684
110601
111619
112569
113689
114582
115357
115908
116269
116770
117130
117262
117262
117632
117512
95813.6
95936.8
96057.9
96176.8
96291.8
96403.1
96511.2
96615.6
96716.2
96813.3
96906.9
96997.3
97084.7
97169.2
97250.8
97329.7
97406
97480
97552
97622.2
97690.6
97757.2
97821.8
97884.2
97943.8
98000.5
98054.3
98105.1
98152.6
98196.8
98237.7
98275
98308.6
98338.6
98365.1
98387.9
98407
98422.6
98434.7
98443.3
98448.7
98450.9
98450
98446.4
98440.1
98431.7
98421.3
98409.2
98395.7
98381.2
98366.2
98351.2
98336.6
98322.8
98310
98297.2
98286.4
98277.6
98271.2
98267.5
98266.6
98268.6
98273.5
98281.4
98292.5
98307
98325.2
98347
98372.8
98402.7
98437.1
98476.4
98520.9
98571.6
98628.5
98692.3
98763.5
98843
98931.6
99029.7
99138.2
99257.4
99388
99530.7
99685.6
99853.2
100033
100227
100432
100651
100882
101124
101378
101644
101920
102206
102501
102803
103112
103426
103743
104064
104385
104704
105020
105332
105639
105934
106222
106503
106771
107025
107272
107507
107721
107919
108102
108270
108422
108557
108683
108797
108922
109033
109161
109280
109349
109387
109408
109424
109427
109403
109348
109268
109173
109058
108916
108738
108525
108297
108054
107799
107533
107252
106963
106680
106401
106102
105813
105542
105307
105130
105001
104922
104934
105032
105212
105465
105815
106279
106728
107210
107831
108539
109293
110155
111062
112023
112914
113881
114720
115463
115956
116166
116591
116940
116879
116807
117148
116825
96032.2
96147.7
96261.4
96373.4
96482.5
96588.6
96691.8
96792
96888.8
96982.5
97073.2
97161.3
97246.6
97329.2
97409
97486.3
97561.1
97633.7
97704.1
97772.4
97838.6
97902.7
97964.4
98023.7
98080.3
98134
98184.7
98232.2
98276.4
98317.2
98354.4
98388
98417.8
98444.1
98466.4
98484.9
98499.5
98510.4
98517.5
98520.9
98520.6
98516.8
98509.6
98499.3
98486
98470.1
98451.7
98431.1
98408.8
98385
98360.3
98335.1
98309.6
98284.3
98259.2
98234.4
98210.8
98188.6
98168.2
98150
98133.8
98119.8
98108.4
98099.3
98092.9
98089.4
98088.9
98091.7
98098
98107.9
98122
98141
98164.9
98194.2
98229.7
98272.5
98322.6
98380.9
98448.1
98525.1
98612.8
98711.7
98822
98944.7
99080.2
99228.8
99390.5
99565.6
99753.9
99955.2
100169
100396
100634
100884
101145
101416
101696
101983
102278
102578
102881
103186
103492
103797
104098
104395
104685
104969
105243
105510
105766
106007
106241
106462
106666
106853
107025
107186
107331
107467
107591
107712
107837
107952
108102
108204
108263
108294
108319
108348
108379
108400
108408
108396
108356
108281
108171
108041
107903
107747
107567
107371
107158
106925
106686
106448
106202
105944
105693
105462
105270
105126
105027
104989
105035
105137
105324
105609
106056
106524
107008
107519
108134
108839
109593
110406
111273
112146
112974
113795
114573
115259
115715
115801
116117
116485
116297
116196
116326
115968
96339.8
96447.1
96552.6
96656.6
96758.4
96857.7
96954.7
97049
97140.6
97229.6
97316.2
97400.3
97481.9
97561
97637.7
97711.9
97783.8
97853.4
97920.7
97985.7
98048.5
98108.8
98166.7
98222
98274.5
98323.9
98370.3
98413.4
98453.1
98489.4
98521.8
98550.5
98575.3
98596.3
98613.4
98626.4
98635.2
98639.9
98640.6
98637.1
98629.6
98618.2
98603
98584.2
98562
98536.8
98508.7
98477.9
98444.7
98409.6
98373
98335.2
98296.6
98257.6
98218.3
98178.9
98139.9
98101.8
98064.7
98028.9
97994.6
97961.9
97930.9
97901.8
97874.6
97849.7
97827.2
97807.2
97790.3
97776.9
97767.1
97761.4
97760.5
97765.3
97776
97793.3
97818.1
97851.3
97893.7
97946
98008.9
98083.6
98170.5
98270
98382.8
98509.4
98649.9
98804.4
98972.8
99154.8
99350.1
99558.6
99779.6
100012
100256
100511
100774
101046
101325
101609
101897
102187
102478
102768
103054
103336
103612
103881
104140
104391
104635
104867
105081
105286
105477
105652
105812
105963
106102
106238
106359
106492
106606
106743
106883
106962
107007
107028
107059
107110
107171
107234
107296
107335
107338
107318
107297
107262
107198
107095
106965
106814
106648
106467
106277
106079
105868
105647
105438
105251
105091
104963
104887
104876
104943
105068
105299
105645
106108
106559
107076
107610
108211
108905
109665
110384
111202
112004
112747
113458
114133
114771
115129
115170
115411
115768
115565
115451
115322
115000
96762.9
96860
96955.3
97049.6
97142.3
97233
97321.9
97408.8
97493.6
97576.1
97656.4
97734.5
97810.4
97884.1
97955.6
98024.7
98091.7
98156.4
98218.8
98278.9
98336.5
98391.7
98444.2
98494
98540.8
98584.6
98625.3
98662.5
98696.3
98726.3
98752.6
98775.1
98793.6
98807.8
98817.7
98823.4
98824.6
98821.3
98813.6
98801.3
98784.7
98763.9
98738.7
98709.6
98676.5
98639.8
98599.6
98556.3
98510.1
98461.3
98410.2
98357.5
98303.2
98248
98191.8
98135
98077.8
98020.7
97963.7
97907.3
97851.6
97796.6
97742.6
97689.8
97638.2
97587.9
97539.5
97493.2
97449.1
97407.8
97370
97335.9
97306.3
97281.7
97263.1
97251.3
97246.6
97250.4
97263.4
97286.7
97321.1
97367.4
97426.8
97499.7
97586.7
97688.3
97804.9
97936.3
98082.6
98243.4
98418.3
98607
98808.9
99023.4
99249.5
99486.3
99733
99988.2
100250
100518
100791
101066
101342
101616
101887
102154
102415
102669
102914
103149
103378
103593
103793
103980
104157
104320
104469
104610
104744
104877
104998
105135
105242
105395
105506
105564
105588
105620
105680
105765
105865
105966
106065
106153
106230
106302
106359
106390
106377
106320
106231
106119
106002
105875
105734
105570
105393
105214
105047
104901
104776
104670
104618
104645
104744
104904
105144
105498
105937
106392
106918
107479
108069
108718
109454
110096
110894
111585
112256
112868
113403
113979
114279
114392
114521
114845
114695
114535
114254
113991
97329
97413.6
97496.9
97579.5
97660.9
97740.9
97819.4
97896.2
97971.3
98044.7
98116.2
98185.7
98253.4
98319.1
98382.8
98444.4
98503.9
98561.3
98616.4
98669.3
98719.7
98767.7
98813
98855.4
98895
98931.4
98964.4
98994
99020.1
99042.3
99060.6
99074.7
99084.6
99090
99090.8
99087.1
99078.5
99065
99046.9
99023.8
98995.8
98963.1
98925.6
98883.6
98837.1
98786.6
98732
98673.7
98611.9
98546.8
98478.9
98408.6
98336.1
98261.5
98185.3
98107.7
98029
97949.4
97869.3
97788.8
97708.1
97627.2
97546.4
97465.9
97385.7
97306.3
97227.7
97150.4
97075
97001.8
96931.4
96864.3
96801.8
96744.1
96691.9
96646.1
96607.7
96577.7
96556.9
96546.7
96548.1
96562.2
96590
96632.3
96689.9
96763.6
96853.7
96959.7
97082.3
97220.6
97373.9
97542.1
97723.8
97919.1
98126.8
98346.1
98575.5
98814
99059.8
99312.4
99570.1
99829.7
100090
100350
100607
100859
101105
101344
101575
101795
102006
102204
102386
102557
102719
102868
103006
103141
103275
103402
103529
103657
103776
103914
103993
104026
104056
104133
104236
104356
104495
104641
104791
104946
105082
105197
105305
105397
105438
105415
105358
105288
105218
105145
105052
104918
104774
104641
104520
104410
104313
104239
104214
104283
104402
104573
104786
105130
105522
105992
106534
107106
107672
108278
108959
109604
110285
110887
111469
112010
112446
112909
113287
113501
113467
113722
113743
113490
113188
112980
98064.4
98133.8
98202
98269.9
98337.1
98403.1
98468.1
98531.8
98594.2
98655.2
98714.7
98772.6
98829
98883.7
98936.7
98987.9
99037.3
99084.6
99129.9
99172.9
99213.6
99251.8
99287.4
99320.2
99350.1
99376.8
99400.2
99420
99436
99448
99455.9
99459.5
99458.5
99452.8
99442.2
99426.6
99406
99380.1
99348.9
99312.4
99270.6
99223.5
99171.3
99113.9
99051.5
98984.4
98912.6
98836.4
98756.2
98672.1
98584.4
98493.4
98399.6
98302.8
98203.4
98101.9
97998.3
97893.1
97786.3
97678.1
97568.6
97458.1
97346.6
97234.5
97121.9
97009.1
96896.5
96784.4
96673.3
96563.8
96456.7
96352.7
96252.6
96157.2
96067.4
95983.6
95907.1
95839
95780.5
95732.6
95696.7
95674.3
95666.4
95674.2
95698.8
95741.3
95802.4
95881.7
95979.3
96094.1
96226.1
96373.7
96536.2
96712.7
96902.2
97104.1
97316.9
97539.4
97769.8
98008
98250.7
98496.2
98743
98989.3
99233
99471
99703.5
99928.7
100144
100349
100541
100719
100886
101041
101188
101326
101458
101589
101720
101846
101974
102091
102239
102335
102382
102420
102498
102613
102748
102907
103094
103296
103495
103677
103830
103979
104150
104289
104348
104354
104352
104344
104315
104279
104230
104125
104013
103927
103849
103777
103707
103655
103655
103738
103869
104043
104254
104573
104927
105375
105924
106499
107048
107601
108226
108861
109427
110001
110492
110977
111376
111728
112131
112425
112365
112505
112686
112419
112162
111992
98919.1
98970.8
99021.8
99072.8
99123.3
99173.1
99222.1
99270.3
99317.5
99363.7
99408.9
99453
99495.8
99537.3
99577.4
99616
99653
99688.2
99721.6
99752.9
99782
99808.8
99833.1
99854.7
99873.3
99888.7
99900.7
99909.1
99913.7
99914.1
99910.3
99901.9
99888.8
99870.6
99847.3
99818.6
99784.4
99744.6
99699.1
99647.9
99590.9
99528
99459.5
99385.4
99305.7
99220.6
99130.3
99035
98934.9
98830.1
98720.8
98608.3
98491.8
98371.6
98247.9
98121
97991.3
97858.9
97723.9
97586.5
97446.9
97305.2
97161.6
97016.3
96869.6
96721.9
96573.5
96424.8
96276.5
96129.3
95983.8
95841.1
95702.1
95567.5
95438.1
95314.6
95198.2
95090.2
94991.9
94904.4
94829.3
94768.2
94722.7
94694.2
94683.9
94694
94724.9
94777
94849.4
94941.2
95052.2
95180.3
95325.9
95485.9
95660.2
95846.3
96044.3
96251.9
96468.7
96692.6
96922
97155.3
97389.7
97623.5
97853.8
98079.3
98298.3
98507.9
98707.8
98894.6
99067.1
99228.1
99379.1
99521.1
99655.6
99785.8
99914.4
100042
100167
100291
100412
100528
100664
100728
100783
100861
100981
101127
101298
101490
101704
101937
102156
102350
102535
102724
102900
103028
103119
103200
103257
103293
103302
103301
103284
103209
103126
103084
103049
103014
102964
102921
102924
102997
103120
103294
103515
103794
104144
104567
105084
105663
106206
106722
107290
107863
108383
108907
109351
109747
110114
110454
110789
111088
111154
111233
111447
111295
111126
110985
99746.6
99781.2
99815.4
99849.9
99884
99917.8
99951.2
99984.2
100017
100048
100079
100109
100139
100167
100194
100220
100245
100269
100290
100310
100328
100344
100357
100367
100375
100380
100381
100379
100372
100362
100347
100327
100302
100273
100237
100196
100149
100097
100038
99972.6
99901.4
99824
99740.4
99650.7
99555.1
99453.6
99346.3
99233.6
99115.5
98992.4
98864.7
98731.4
98593.9
98452.1
98306.3
98156.5
98003.2
97846.2
97686
97522.4
97355.8
97186.1
97013.7
96838.8
96661.6
96482.5
96301.8
96120.2
95938
95756.6
95576.4
95399
95225
95054.7
94889.8
94730.8
94578
94433.7
94300
94178.1
94068.8
93974
93895.4
93834.9
93794.4
93775.4
93779.5
93807.4
93858.2
93930.8
94023.5
94135.5
94265.9
94412.5
94574.2
94748.1
94934.3
95129.9
95335.5
95548.2
95767.5
95990.2
96214.4
96437.1
96655.6
96868.7
97073.6
97268.9
97452.3
97622.2
97780.7
97928.5
98067.8
98199.9
98327
98451.7
98575.9
98698.9
98820.3
98938.4
99048.3
99161.7
99261.3
99337.7
99424.7
99543.6
99690.1
99856.5
100044
100248
100460
100683
100905
101122
101330
101509
101654
101807
101981
102125
102199
102247
102290
102317
102320
102281
102225
102221
102222
102217
102175
102132
102127
102172
102272
102432
102639
102891
103247
103652
104115
104663
105186
105713
106241
106755
107227
107701
108117
108435
108760
109104
109425
109710
109907
110000
110164
110193
110139
110035
100462
100482
100502
100521
100541
100561
100581
100600
100620
100638
100657
100675
100692
100709
100725
100740
100754
100767
100778
100788
100796
100802
100806
100807
100805
100801
100793
100781
100765
100745
100721
100691
100657
100617
100571
100520
100462
100399
100328
100252
100169
100079
99982.7
99880
99771.1
99655.8
99534.4
99407
99273.9
99134.9
98991.2
98841.8
98687.4
98528.2
98364.3
98195.9
98023.2
97846.4
97665.5
97480.7
97292.2
97100
96904.5
96705.7
96504.1
96299.4
96092.2
95883
95672.8
95462.9
95252.5
95046.5
94844.9
94645
94450.1
94262.1
94082.4
93911.7
93751.3
93602.7
93467.3
93346.6
93242.9
93158.2
93094.4
93053.1
93035.7
93042.2
93080.1
93135.9
93213.7
93313.2
93431.2
93566.8
93717.2
93881.4
94057.7
94245
94441.9
94647.1
94858.3
95072.1
95287.4
95500.4
95709.4
95911.7
96105
96288.1
96458.9
96618.3
96766.9
96906.6
97038.4
97164.2
97287.4
97408.1
97527.8
97647.2
97764.3
97873.9
97979.2
98085.2
98172
98268
98384.8
98530.3
98686.9
98858
99046.7
99242.2
99438.8
99647.5
99868
100089
100296
100469
100623
100807
101016
101201
101318
101392
101452
101485
101480
101455
101439
101456
101489
101515
101471
101432
101417
101440
101521
101663
101861
102099
102436
102825
103254
103753
104232
104747
105259
105740
106162
106591
106968
107271
107577
107883
108220
108531
108797
108910
109044
109256
109307
109243
101058
101065
101072
101080
101088
101096
101104
101112
101120
101128
101136
101144
101151
101158
101165
101171
101176
101180
101182
101184
101183
101181
101177
101170
101161
101149
101133
101113
101090
101062
101030
100992
100950
100901
100847
100787
100721
100648
100569
100483
100390
100290
100184
100070
99950.4
99823.9
99691.1
99551.9
99406.9
99255.9
99098.9
98936.2
98768.2
98595
98416.6
98233.4
98045.3
97852.7
97655.4
97453.8
97247.9
97037.9
96824.1
96606.6
96385.7
96160.9
95932
95698.8
95464.4
95234.8
94999.9
94768.8
94543
94322.3
94107.1
93898.3
93697.4
93505.6
93324.6
93156
93001.3
92862
92740.2
92638
92557.3
92499.9
92467.1
92460.1
92480.3
92523.6
92589.9
92678
92785.5
92911.7
93053
93209.7
93378.5
93559.3
93749.4
93948.2
94152
94358.7
94566
94771.1
94971.8
95165.4
95350
95524
95687.2
95839.6
95982.3
96116.7
96243.9
96366.7
96486
96602.7
96719.5
96834.2
96944.5
97050.1
97155.9
97258.4
97347.3
97457.1
97594.4
97753
97920
98091.9
98271.2
98452
98630.1
98827.5
99045.2
99264.5
99472
99656.5
99827.9
100011
100210
100417
100587
100691
100758
100794
100780
100771
100794
100821
100868
100920
100874
100857
100832
100834
100895
101012
101196
101434
101743
102115
102524
102999
103446
103923
104407
104864
105262
105653
105990
106286
106590
106896
107225
107541
107847
107979
108117
108500
108621
108614
101538
101535
101532
101530
101528
101526
101525
101524
101523
101522
101522
101521
101520
101519
101518
101516
101514
101510
101506
101501
101494
101485
101474
101461
101446
101427
101405
101379
101350
101316
101277
101233
101184
101129
101068
101002
100928
100848
100761
100668
100567
100459
100344
100223
100094
99958.9
99817
99668.6
99513.9
99352.9
99185.9
99013
98834.4
98650.2
98460.5
98265.8
98065.7
97860.9
97651
97436.1
97216.5
96992.5
96764.6
96532.1
96295.7
96054.9
95808.3
95556.3
95303.8
95053.6
94804.4
94557.6
94314.2
94075.8
93843.1
93617.7
93400.9
93194.1
92998.6
92816
92647.7
92495.1
92360.4
92245.6
92152.9
92083.7
92039.5
92021.3
92029.3
92061.7
92118
92196.1
92294.6
92413.1
92547.3
92697.3
92860.3
93035.4
93220.2
93412.7
93610.4
93811
94011.6
94210.4
94404.5
94591.7
94769.8
94938.5
95096.9
95245.3
95384.4
95515.3
95639.9
95759.8
95875
95988.9
96102
96210.4
96317.3
96424.6
96532.4
96633.7
96727.8
96850.1
96998.5
97168.3
97343.2
97514.3
97682.9
97851.3
98018.3
98202.5
98413.2
98630.5
98839.4
99034.8
99218.1
99398.8
99581.2
99774.3
99963
100093
100165
100206
100216
100241
100279
100308
100347
100379
100368
100387
100373
100366
100403
100495
100649
100884
101175
101526
101912
102365
102799
103248
103694
104132
104529
104896
105219
105510
105816
106124
106428
106748
107071
107227
107401
107921
108063
108115
101913
101902
101891
101881
101872
101863
101854
101846
101838
101830
101822
101815
101808
101801
101793
101785
101777
101768
101759
101748
101736
101722
101706
101688
101667
101644
101617
101586
101552
101513
101469
101420
101366
101306
101240
101168
101089
101003
100911
100811
100705
100591
100470
100341
100206
100064
99915.1
99759.5
99597.4
99429
99254.2
99073.5
98886.7
98694.2
98496
98292.4
98083.2
97868.7
97649
97423.9
97193.7
96957.8
96718.7
96475.3
96223.9
95968.2
95708.9
95447
95183.8
94920.1
94657.1
94396.6
94139.9
93888.6
93643.6
93406.3
93177.9
92959.9
92753.9
92561.2
92383.3
92221.5
92078
91954.5
91853.1
91775.3
91722.4
91695.5
91694.5
91718.3
91766.1
91836.5
91928.1
92038.8
92168.3
92312.4
92470.5
92640.7
92820.7
93007.9
93200.4
93395.9
93591.5
93785.2
93974.6
94157.5
94332.2
94497.8
94653.5
94799.3
94935.6
95063.9
95185.6
95302.1
95414.8
95526.1
95634.3
95740.3
95848.4
95958.6
96067.9
96168.4
96267.7
96398.3
96554.6
96729.8
96908.5
97083.3
97248.9
97411.3
97573.2
97745.5
97944.1
98156.5
98365.6
98566.3
98754.7
98932.7
99105.1
99276.8
99452.7
99595.8
99681.1
99734.9
99778.9
99835.9
99870.5
99889.8
99917.2
99906.9
99959.2
100009
100017
100009
100031
100106
100247
100461
100736
101071
101439
101855
102287
102725
103139
103555
103950
104304
104632
104930
105229
105515
105801
106135
106451
106640
106910
107464
107613
107731
102198
102181
102164
102149
102133
102118
102104
102090
102076
102063
102050
102038
102026
102014
102002
101990
101977
101964
101950
101935
101919
101901
101881
101859
101835
101808
101777
101743
101705
101662
101615
101562
101504
101440
101370
101294
101211
101121
101024
100920
100809
100690
100564
100431
100291
100144
99989.5
99828.6
99660.8
99486.7
99306.2
99119.5
98926.6
98727.6
98523.3
98312.9
98097.1
97875.5
97647.4
97414.1
97176.1
96931.7
96680.7
96427.3
96168.4
95904.4
95636.4
95365.6
95093
94819.8
94547.4
94277.2
94010.7
93749.7
93495.5
93249.5
93013
92787.3
92573.8
92373.9
92188.9
92020.6
91870.7
91741
91633.4
91549.3
91490.1
91456.7
91449
91466.2
91507.7
91572.1
91658
91762.7
91888.8
92027.8
92181.4
92347.2
92522.9
92706
92894.4
93086
93278.2
93468.7
93655.4
93836.1
94008.9
94172.6
94326.3
94470.1
94604.2
94729.9
94848.9
94962.7
95073.3
95181.9
95288.4
95396.4
95507.1
95618.3
95727.1
95826.2
95931.9
96067.6
96226.9
96403.6
96586.1
96766.4
96934.1
97095.6
97258.4
97426.7
97613.4
97816.9
98023.8
98223.8
98411.3
98584.2
98748.9
98906.8
99064.4
99205
99304
99374.3
99442.9
99525.7
99559.5
99554.2
99573.7
99575.6
99660.1
99724.3
99746.4
99738.5
99754.6
99816.5
99958.5
100153
100413
100734
101090
101483
101908
102339
102734
103131
103514
103859
104195
104493
104773
105044
105331
105674
105977
106199
106562
107097
107258
107452
102408
102386
102365
102345
102325
102306
102287
102269
102252
102235
102218
102202
102186
102171
102155
102140
102124
102107
102090
102072
102053
102033
102010
101985
101958
101928
101895
101858
101817
101772
101722
101666
101606
101539
101466
101386
101300
101207
101107
101000
100885
100763
100634
100497
100353
100202
100044
99879
99707.2
99528.8
99344.1
99153.1
98955.5
98752.2
98543.1
98326.9
98107
97881.9
97646.3
97405.7
97160.3
96909.4
96655.4
96393.9
96128.2
95857.9
95583.8
95306.7
95027.6
94747.3
94467.8
94190.5
93917.4
93649.9
93389.2
93137
92894.6
92663.2
92444.2
92239.1
92049.1
91876
91721.5
91587.3
91475.2
91386.6
91322.9
91284.8
91272.2
91284.7
91321.4
91381.3
91462.8
91563.9
91684.8
91820.3
91970.4
92132.5
92304.9
92485
92670.9
92860.1
93050.4
93239.4
93424.8
93604.1
93775.7
93938
94090.4
94232.6
94364.8
94488.6
94605.5
94717.4
94826.2
94933.2
95040.5
95150.8
95263.1
95374.1
95480.6
95579.8
95692.8
95830.3
95990.3
96166.9
96350.6
96535.3
96708.5
96871.6
97035.9
97206
97387.3
97582.9
97784.8
97979.7
98161.9
98329.6
98488
98638.8
98784.2
98915.7
99020.2
99103.4
99188.4
99291.8
99340.8
99319.5
99322.6
99349.9
99443.5
99511.9
99547.9
99542.6
99555.2
99611
99748.1
99932.3
100182
100492
100837
101223
101631
102053
102439
102821
103191
103533
103868
104157
104428
104700
104992
105334
105631
105881
106292
106792
107002
107252
102557
102532
102508
102485
102462
102439
102418
102397
102376
102357
102337
102319
102300
102282
102264
102246
102228
102209
102190
102170
102149
102126
102101
102075
102046
102014
101979
101940
101897
101850
101797
101740
101677
101608
101533
101452
101364
101268
101166
101056
100939
100815
100683
100543
100397
100243
100082
99914.2
99739.6
99558.1
99370.8
99176.3
98975.3
98769.6
98557.6
98336.5
98111
97879.7
97642.3
97399.7
97151.4
96896.7
96634.7
96370.2
96100.3
95825.8
95547.2
95265.5
94981.6
94696.6
94412.3
94130.3
93852.9
93580.8
93315.7
93058.9
92812.5
92576.9
92354.1
92145
91951.4
91774.7
91616.7
91479.2
91363.9
91272.2
91205.3
91163.8
91147.7
91156.7
91190
91246.4
91324.5
91422.7
91539.7
91672.5
91820
91979.9
92150.2
92328.7
92513.2
92701.3
92890.6
93078.9
93263.5
93442.2
93612.9
93774.3
93925.8
94066.9
94198.1
94320.7
94436.2
94546.7
94654.3
94760.7
94868.1
94978.4
95090.9
95201.6
95307.2
95409.3
95527.7
95665.8
95825.5
96000.3
96183.6
96369.8
96548.8
96716.3
96881.2
97052.7
97233.1
97423.4
97619.4
97807.1
97984.6
98150
98304.7
98451.1
98588.5
98712.7
98818.4
98909
99003.5
99118.1
99193.7
99180.2
99159.2
99193.1
99289.9
99360.6
99404.2
99403.5
99416.9
99470
99596.4
99776.5
100019
100322
100662
101043
101435
101846
102225
102595
102956
103296
103625
103910
104184
104460
104754
105090
105391
105660
106084
106561
106822
107116
102658
102631
102605
102579
102554
102530
102506
102483
102461
102439
102418
102397
102377
102357
102338
102318
102298
102278
102258
102236
102213
102189
102163
102135
102105
102072
102035
101995
101951
101902
101849
101790
101726
101655
101579
101496
101406
101309
101205
101094
100975
100849
100715
100574
100426
100270
100107
99937.6
99761.1
99578.8
99388.8
99191.3
98988.1
98779.9
98565.2
98344.2
98115.9
97881.8
97641.8
97395
97142.5
96886
96623.3
96354.8
96081.7
95804.2
95522.6
95238
94950.9
94662.8
94375.3
94090
93810.5
93535.1
93266.7
93006.6
92757.7
92519.1
92293.6
92082.1
91885.9
91706.6
91546.1
91406.1
91288.4
91194.4
91125.1
91081.1
91062.6
91069.1
91099.9
91153.9
91229.7
91325.8
91440.6
91571.7
91717.8
91876.6
92046
92223.7
92407.5
92595.1
92783.9
92971.7
93156
93334.3
93504.5
93665.4
93816.3
93957
94087.7
94209.7
94324.6
94434.3
94541.3
94647.2
94754
94862.8
94973.8
95084.3
95190.9
95297.6
95419
95557.6
95716.6
95889.7
96071.3
96256.2
96437.7
96610.4
96777.3
96948.6
97128.6
97315.6
97505
97690
97865.5
98030.3
98182.7
98325.5
98457.6
98577.6
98683.7
98778.1
98877.4
98994.1
99089.4
99085.8
99052
99086.4
99185.5
99258.9
99302.7
99306.2
99323.2
99372.3
99489
99669.8
99906.6
100204
100544
100919
101301
101703
102077
102439
102795
103133
103457
103745
104021
104299
104593
104926
105235
105512
105937
106407
106706
107028
102722
102694
102666
102639
102613
102587
102562
102538
102514
102491
102469
102447
102426
102405
102384
102364
102343
102322
102300
102278
102254
102229
102202
102173
102142
102108
102071
102030
101985
101935
101881
101821
101756
101685
101607
101523
101433
101335
101230
101117
100998
100870
100736
100593
100444
100287
100123
99951.9
99774.2
99590.8
99400.1
99201
98996.8
98786.8
98570.2
98346.9
98117.8
97882.4
97640.9
97393.2
97139.6
96880.1
96615.5
96345.1
96070.1
95790.7
95507.3
95220.8
94931.8
94641.8
94352.5
94065.6
93783.4
93506.5
93236.3
92974.2
92722.6
92482.4
92255.4
92042.5
91844.9
91664.1
91502
91360.4
91240.9
91145.1
91074.2
91028.5
91008.2
91013.1
91042.4
91095
91169.4
91264.4
91378
91508.4
91653.8
91812.1
91981
92158.4
92341.9
92529.1
92717.7
92905.3
93089.3
93267.4
93437.4
93598.1
93748.7
93889.1
94019.8
94141.5
94256.1
94365.6
94472.2
94577.8
94684
94791.8
94901.2
95011.1
95119.1
95229.5
95352.4
95491.5
95649.7
95821.6
96001.9
96185.2
96366.8
96541.5
96710.8
96882.3
97061.5
97246.8
97433.4
97617.2
97792.3
97956.6
98107.3
98247.6
98376.8
98494.7
98600.7
98696.9
98798.3
98912.6
99013.1
99015.8
98983.6
99017.8
99115
99191.4
99236.4
99241.6
99261
99306.2
99417.8
99600.1
99832.5
100127
100466
100837
101215
101611
101982
102340
102694
103030
103353
103642
103920
104199
104492
104825
105140
105422
105848
106315
106635
106975
102758
102729
102700
102672
102645
102619
102593
102568
102544
102520
102497
102475
102453
102432
102410
102389
102368
102346
102324
102301
102277
102251
102224
102195
102163
102128
102090
102049
102003
101953
101899
101838
101773
101701
101623
101539
101447
101349
101243
101130
101010
100882
100747
100604
100454
100297
100132
99960
99781.4
99597.8
99405.7
99206.2
99001.3
98790.4
98573
98349.2
98119.2
97882.8
97640.2
97391.5
97136.8
96876.6
96611
96339.8
96063.7
95783.2
95498.8
95211.5
94921.4
94630.3
94339.9
94052.1
93768.6
93490.8
93219.4
92956
92703
92461.8
92233.7
92020.1
91821.9
91640.4
91477.5
91335
91214.6
91118
91046
90999.4
90978.1
90982.1
91010.6
91062.4
91136.2
91230.5
91343.7
91473.7
91618.7
91776.7
91945.4
92122.6
92305.9
92493
92681.5
92868.9
93052.7
93230.7
93400.7
93561.3
93711.8
93852.1
93982.7
94104.4
94218.9
94328.3
94434.8
94540.2
94646.2
94753.4
94862
94971.4
95080.4
95192.7
95316.5
95456
95613.5
95784.7
95964.1
96146.5
96327.4
96502.9
96673.5
96845.5
97024.2
97208.6
97394.4
97577.5
97752.4
97916.1
98066.1
98205.2
98332.9
98449.7
98555.4
98652.4
98754.4
98866.3
98964.8
98971.4
98945.2
98978.7
99072.4
99150.7
99197.6
99202.5
99222.7
99265.9
99375.7
99558.1
99787.9
100081
100419
100787
101164
101558
101928
102285
102636
102972
103294
103585
103863
104143
104437
104769
105086
105376
105801
106266
106597
106947
102773
102743
102715
102686
102659
102632
102606
102581
102556
102532
102509
102487
102464
102443
102421
102399
102378
102356
102334
102310
102286
102260
102233
102203
102171
102137
102099
102057
102011
101961
101906
101846
101780
101708
101630
101545
101453
101355
101249
101136
101015
100887
100751
100608
100458
100300
100135
99963.3
99784.7
99600.3
99408
99208.5
99003.2
98791.9
98574.1
98349.9
98119.5
97882.9
97640
97390.9
97135.8
96875.2
96609.1
96337.5
96061.1
95780.1
95495.3
95207.4
94917
94625.5
94334.8
94046.6
93762.6
93484.2
93212.3
92948.5
92694.9
92453.2
92224.8
92010.7
91812.2
91630.4
91467.3
91324.5
91203.9
91106.9
91034.6
90987.5
90965.9
90969.5
90997.7
91049.1
91122.6
91216.7
91329.7
91459.5
91604.4
91762.3
91930.9
92108
92291.3
92478.3
92666.7
92854
93037.8
93215.7
93385.7
93546.3
93696.7
93837
93967.5
94089.2
94203.7
94313.1
94419.6
94525
94630.8
94737.9
94846.3
94955.5
95064.9
95177.9
95302.1
95441.8
95598.9
95769.6
95948.7
96130.7
96311.3
96487.1
96658.2
96830.4
97008.8
97192.7
97378.1
97560.9
97735.6
97899
98048.7
98187.3
98314.4
98430.6
98536.1
98633.4
98735.4
98846.1
98943.4
98951.9
98928.3
98961.2
99053.1
99132.1
99179.1
99183.4
99203.6
99245.9
99355.1
99536.8
99765.8
100058
100396
100763
101139
101532
101902
102258
102610
102946
103268
103559
103838
104118
104413
104745
105063
105356
105781
106245
106581
106935
80147.3
80272.2
80539.3
80963.4
81506.7
82136.3
82773.8
83351.1
83825.1
84201.2
84557.6
84990.9
85603.3
86435
87475.9
88636.3
89829.8
91018.8
92197.2
93426.7
94740.2
96076.1
97273.7
98155.5
99308.6
80228.2
80355.3
80623.2
81046.1
81587.3
82210.6
82841.6
83414.2
83883.4
84255.3
84610.8
85044.1
85656.2
86487.7
87526.9
88682.6
89869.1
91052.7
92227.2
93455.4
94768.2
96101.9
97296.7
98179.6
99355.5
80412.9
80538
80807.4
81223.6
81762
82379.8
82996.3
83557.1
84017.1
84381
84729.3
85155.6
85758.8
86583
87613.2
88759.3
89932.2
91105.2
92272.2
93495.4
94805.1
96134.2
97321.3
98199.1
99378.4
80697.5
80819.4
81095.6
81502.3
82038.1
82650.1
83244
83780.3
84225.3
84578.7
84914.6
85327.7
85913
86722.4
87734.5
88866.2
90019.9
91175.3
92331.3
93545.7
94850.1
96173
97351.3
98222.9
99400
81078.8
81199.9
81478.3
81876.6
82410.5
83013.3
83586.9
84090.6
84513
84851.2
85169.5
85564.8
86120.7
86907.3
87891.5
89001
90131.1
91263
92405.3
93607.3
94903.5
96218.5
97387.3
98251.2
99421.4
81553.4
81679.6
81950.3
82345.5
82874.8
83460.1
84019.1
84491.7
84885.8
85202.6
85496.5
85869.6
86384.7
87138.8
88085.8
89162.2
90263.2
91367.2
92493.9
93680.7
94965.7
96271.2
97429.1
98283.5
99443
82109.1
82250.1
82508.3
82905.8
83424.6
83984.4
84527.1
84982.1
85347.3
85636
85897.4
86242.3
86707.9
87417.9
88319
89350.1
90414.9
91488
92596.2
93765.9
95037
96330.8
97476.3
98319.2
99465.3
82730.6
82892.5
83151.3
83552.4
84056.5
84586.4
85104
85551.8
85892.9
86149.8
86372.4
86679.6
87090.6
87745.1
88592
89566.1
90587.2
91626.1
92712.4
93862.8
95117
96397.2
97528.7
98357.9
99488.9
83402.4
83597.3
83875.9
84281.6
84773.3
85272.9
85754.5
86189.8
86515.6
86738.3
86915.6
87173
87527.2
88119.3
88904.9
89811.6
90782
91782.7
92842.9
93971.2
95205.9
96470
97585.6
98399.2
99514
84129.2
84367.6
84679.8
85096.3
85573.6
86042.7
86489.9
86900
87208.1
87390.2
87516.5
87712.2
88008.7
88537.7
89256.6
90087.7
91001.4
91959.2
92988.3
94091.2
95303.4
96548.8
97646.8
98442.8
99540.9
84920.3
85212.9
85567.7
85992.9
86441.8
86895.4
87321.5
87689.2
87957.8
88100
88168.2
88293
88528
88996
89644.2
90394.9
91246.9
92156.3
93148.9
94222.7
95409.3
96633.3
97711.7
98488.7
99569.7
85803.7
86144.6
86534.2
86960.1
87393.2
87844.7
88245.2
88555.7
88771.1
88872.4
88868.1
88908.6
89078.7
89485.7
90062.5
90731.8
91517.7
92374
93324.4
94365.6
95523.4
96723
97780
98536.5
99600.4
86794.4
87177.1
87578.6
88018.6
88451
88868.2
89242.4
89506
89667.7
89699.2
89600.8
89546.9
89650.4
89995.4
90504.4
91094.9
91812.1
92611.3
93514
94519.1
95645.4
96817.6
97851.2
98586.2
99632.8
87904.9
88326.2
88732
89167.6
89578.2
89961.4
90311.5
90547.5
90638.9
90555.4
90356.7
90219
90249
90520.7
90962.4
91479.2
92126.8
92866.1
93716.6
94682.5
95774.6
96916.7
97925
98637.6
99666.5
89147.3
89582.9
90000.4
90399
90810.4
91184.1
91485
91667.5
91652.7
91439.9
91157.5
90952.1
90896
91069.8
91432
91879.1
92457.6
93135.2
93930.3
94854.7
95910.5
97020
98001.2
98690.5
99701.2
90507.1
90945.4
91367.7
91766
92198.8
92546.8
92766.3
92842.2
92694.4
92374.6
92026.7
91747.1
91592.7
91646.7
91912.1
92289.7
92799.6
93414.8
94153
95034.8
96052.4
97127
98079.5
98744.5
99736.4
91977.7
92436.4
92851.6
93286.2
93693.7
93980.7
94118
94061.8
93782.5
93379
92962.6
92590.5
92329.3
92246.2
92402.7
92709.4
93150.7
93702.1
94383.9
95221.6
96199.5
97237.3
98159.7
98799.7
99771.8
93561.2
94039.8
94457.5
94886.7
95215.4
95437.2
95497.5
95330
94934.1
94451.3
93938.8
93475.5
93104.4
92869.1
92906
93138.3
93509.8
93996
94621.9
95414.5
96351.1
97350.4
98241.5
98855.6
99807.1
95237.2
95719.3
96153.6
96527
96792.4
96945.7
96911.8
96647.9
96154.5
95588.4
94967.4
94426.7
93933.9
93536.5
93446.8
93596.7
93892.7
94312
94880.5
95626.2
96518.4
97475.8
98332.5
98917.9
99847.5
96988.4
97465
97890.9
98207.2
98416.9
98496.3
98362
97994
97426.2
96772.5
96063.8
95434
94800.8
94242.5
94025.6
94087.4
94301
94649.7
95159.1
95855.7
96700
97611.7
98431
98984.8
99890
98799.8
99259.4
99636.1
99907.8
100052
100054
99828.4
99360.5
98720.3
97971.9
97183.4
96433.5
95666.4
94965.4
94617.7
94589.3
94716.4
94991.3
95442.8
96089.7
96884.8
97749.4
98530
99053
99932.4
100636
101058
101378
101612
101702
101620
101309
100753
100026
99177.6
98278.7
97399.9
96519.5
95703.7
95227.2
95098.9
95135.1
95335.1
95729.6
96327
97071.7
97888
98628.8
99122.7
99974.8
102470
102835
103107
103291
103337
103170
102780
102141
101324
100374
99341.4
98342.6
97370
96447
95851.3
95615.3
95556.4
95681.2
96018.2
96566.6
97259.8
98027
98727.2
99194.1
100017
104296
104610
104838
104956
104935
104677
104214
103494
102591
101540
100379
99282.6
98234
97199.8
96477
96132.7
95978
96027.9
96307.4
96806.9
97448.8
98166
98825.1
99267.2
100059
106083
106364
106567
106622
106496
106149
105595
104795
103809
102653
101383
100217
99067.5
97949.3
97095.8
96641.9
96395.3
96373.2
96596.5
97046.7
97637.8
98304.3
98922.3
99341.8
100101
107805
108054
108243
108238
107997
107566
106907
106030
104960
103699
102344
101119
99854.4
98658.9
97700.3
97140.1
96808.5
96716
96884.1
97285.1
97825.8
98441.1
99018.7
99417.2
100143
109450
109672
109837
109746
109411
108877
108129
107180
106027
104676
103255
101978
100625
99333.4
98284.6
97628.9
97219.5
97055.7
97168.4
97520.2
98011.7
98576.1
99114
99492.9
100186
110977
111202
111317
111100
110675
110039
109228
108223
106993
105572
104092
102789
101353
99970.2
98832.5
98096.6
97615.3
97382
97440.2
97743
98187.6
98704.1
99204.5
99565.5
100228
112384
112610
112637
112278
111750
111058
110201
109159
107862
106387
104874
103539
102020
100556
99351.7
98531.9
97989.1
97692.9
97699.1
97952.6
98352.5
98825.4
99290.6
99634.9
100268
113693
113879
113782
113278
112659
111948
111059
109994
108645
107131
105618
104225
102637
101104
99840.3
98949.9
98347
97995.7
97951.8
98153.5
98510
98943.9
99375
99703.3
100310
114879
114985
114738
114104
113421
112704
111788
110714
109335
107790
106293
104840
103208
101616
100295
99345.7
98688.3
98288.3
98196.9
98345.3
98658.5
99057.7
99457
99770.1
100352
115900
115895
115495
114758
114037
113319
112385
111320
109928
108353
106890
105391
103729
102086
100716
99716.1
99010.4
98568.9
98432.4
98526.6
98798.3
99164.9
99536.3
99834.9
100395
116732
116591
116050
115240
114494
113786
112855
111819
110425
108825
107438
105885
104200
102512
101101
100059
99310
98834.9
98655.3
98697
98930.8
99264.5
99612.3
99897.5
100438
117350
117071
116407
115564
114805
114109
113194
112205
110800
109245
107913
106317
104611
102891
101449
100374
99587.6
99082.1
98862
98856.6
99056.9
99357
99684.7
99957.5
100482
117759
117347
116590
115749
114995
114316
113418
112481
111113
109617
108309
106698
104980
103240
101778
100671
99855.1
99318.3
99058.4
99010
99179.9
99444.7
99754.2
100015
100528
117876
117364
116571
115770
115052
114403
113525
112634
111338
109927
108632
107010
105290
103549
102079
100944
100109
99545.2
99244.1
99156.1
99298.4
99528.5
99821
100071
100574
117685
117128
116358
115628
115001
114371
113532
112681
111463
110149
108876
107247
105529
103805
102334
101185
100337
99755.9
99415.9
99290.1
99406.8
99607.8
99883.6
100124
100621
117222
116678
115983
115344
114843
114203
113456
112645
111505
110278
109024
107413
105708
104013
102549
101397
100538
99946.5
99572.6
99411.9
99502.9
99683.3
99941.9
100173
100667
116538
116060
115473
114931
114522
113918
113295
112535
111480
110327
109079
107504
105835
104173
102727
101579
100718
100111
99708.8
99520.6
99587.9
99753
99995.8
100218
100713
115697
115316
114854
114423
114071
113565
113061
112367
111396
110316
109082
107546
105916
104292
102872
101730
100875
100251
99822
99615.3
99660.5
99818.3
100046
100260
100759
114759
114485
114158
113856
113575
113184
112780
112163
111276
110266
109064
107556
105962
104384
102989
101858
101004
100372
99919
99697.3
99724.1
99876.1
100091
100297
100803
113787
113604
113410
113246
113069
112785
112470
111931
111137
110190
109009
107537
105977
104449
103083
101968
101112
100475
100006
99768.5
99779.6
99926.6
100133
100330
100846
112817
112721
112645
112612
112554
112381
112156
111688
110977
110092
108921
107495
105970
104489
103154
102056
101206
100556
100080
99829.8
99827.3
99970.3
100172
100359
100887
111874
111869
111899
111987
112050
111984
111848
111459
110815
109985
108827
107442
105950
104512
103208
102124
101281
100620
100140
99881.6
99867.5
100007
100208
100382
100925
110929
111016
111156
111366
111554
111592
111529
111236
110661
109872
108723
107378
105920
104523
103251
102186
101341
100678
100193
99928
99903.3
100041
100243
100405
100963
110070
110239
110488
110810
111110
111248
111237
111021
110520
109768
108622
107316
105886
104525
103281
102239
101385
100723
100236
99964.5
99930.9
100068
100274
100425
100998
109386
109622
109962
110373
110762
110983
111018
110843
110410
109687
108544
107265
105860
104524
103299
102272
101418
100755
100267
99990
99949.7
100086
100295
100443
101024
108830
109140
109553
110033
110491
110779
110861
110715
110336
109625
108486
107228
105840
104524
103313
102294
101443
100779
100289
100008
99962.6
100098
100310
100457
101043
108399
108770
109240
109774
110283
110624
110746
110625
110288
109583
108445
107202
105827
104525
103325
102311
101462
100798
100306
100022
99971.7
100107
100322
100468
101056
108072
108492
109003
109578
110127
110507
110661
110559
110253
109558
108418
107186
105821
104528
103336
102325
101477
100812
100319
100032
99978.1
100112
100331
100477
101065
107830
108286
108827
109431
110009
110420
110602
110513
110228
109542
108402
107177
105821
104533
103346
102337
101490
100824
100329
100040
99982.7
100116
100337
100483
101071
107655
108136
108698
109323
109920
110354
110560
110479
110211
109535
108393
107176
105824
104540
103355
102347
101501
100834
100337
100045
99985.8
100118
100342
100488
101074
107532
108028
108604
109244
109855
110304
110529
110456
110202
109532
108393
107179
105831
104549
103364
102356
101511
100842
100343
100050
99988
100119
100344
100491
101076
107449
107953
108538
109188
109810
110269
110505
110441
110197
109530
108398
107187
105840
104558
103372
102364
101519
100848
100349
100053
99989.5
100119
100345
100492
101076
107395
107902
108492
109149
109779
110245
110489
110432
110195
109530
108405
107196
105849
104567
103381
102372
101526
100854
100353
100056
99990.4
100119
100346
100493
101076
107363
107870
108462
109123
109758
110229
110479
110427
110195
109534
108413
107207
105859
104577
103389
102378
101531
100859
100356
100057
99990.9
100119
100346
100493
101075
107340
107844
108437
109101
109742
110218
110473
110425
110197
109540
108423
107219
105871
104587
103397
102384
101536
100862
100358
100058
99990.6
100118
100345
100492
101074
)
;

boundaryField
{
    inlet
    {
        type            zeroGradient;
    }
    outlet
    {
        type            waveTransmissive;
        phi             phi;
        rho             rho;
        psi             psi;
        gamma           1.3;
        fieldInf        100000;
        lInf            0.3;
        value           nonuniform List<scalar> 
57
(
100051
100089
100125
100147
100167
100187
100207
100227
100248
100270
100292
100312
100331
100348
100363
100378
100392
100407
100425
100444
100463
100479
100494
100508
100522
100537
100553
100569
100585
100602
100620
100639
100659
100680
100703
100727
100751
100777
100803
100830
100857
100883
100909
100933
100959
100983
101001
101014
101024
101030
101034
101037
101038
101038
101038
101037
101036
)
;
    }
    upperWall
    {
        type            zeroGradient;
    }
    lowerWall
    {
        type            zeroGradient;
    }
    frontAndBack
    {
        type            empty;
    }
}


// ************************************************************************* //
