/*--------------------------------*- C++ -*----------------------------------*\
| =========                 |                                                 |
| \\      /  F ield         | OpenFOAM: The Open Source CFD Toolbox           |
|  \\    /   O peration     | Version:  dev                                   |
|   \\  /    A nd           | Web:      http://www.openfoam.org               |
|    \\/     M anipulation  |                                                 |
\*---------------------------------------------------------------------------*/
FoamFile
{
    version     2.0;
    format      ascii;
    class       volScalarField;
    object      p_0;
    location    "9.153";
}
// * * * * * * * * * * * * * * * * * * * * * * * * * * * * * * * * * * * * * //

dimensions      [1 -1 -2 0 0 0 0];

internalField   nonuniform List<scalar> 
12225
(
104538
104492
104410
104292
104130
103935
103700
103443
103149
102837
102494
102143
101755
101364
100918
100429
99977
98849.9
104525
104482
104401
104285
104121
103927
103693
103436
103142
102830
102487
102137
101750
101359
100920
100454
99959.5
99022.2
104499
104459
104380
104263
104100
103907
103672
103417
103122
102813
102471
102122
101739
101349
100923
100472
99946.2
99158.3
104458
104421
104342
104225
104063
103870
103637
103382
103088
102782
102443
102096
101718
101333
100922
100491
99991.1
99357.3
104396
104362
104284
104167
104006
103813
103582
103328
103037
102733
102398
102054
101685
101307
100908
100498
100063
99617.7
104314
104280
104200
104083
103923
103731
103501
103249
102962
102661
102331
101992
101633
101267
100885
100507
100115
99760.1
104197
104162
104083
103966
103808
103616
103390
103139
102859
102559
102238
101905
101558
101204
100848
100503
100138
99810.5
104060
104028
103950
103833
103677
103486
103263
103012
102742
102444
102131
101805
101471
101127
100788
100451
100123
99811
103917
103883
103807
103689
103535
103345
103126
102875
102617
102320
102014
101695
101372
101041
100715
100394
100086
99790.8
103723
103692
103615
103500
103347
103159
102943
102695
102448
102155
101857
101548
101237
100919
100611
100306
100018
99742.1
103474
103441
103365
103250
103100
102914
102700
102458
102221
101936
101648
101351
101052
100752
100461
100176
99907.8
99653.4
103143
103112
103038
102923
102775
102593
102383
102149
101917
101646
101369
101086
100803
100523
100250
99987.8
99740.4
99508.8
102717
102686
102611
102498
102351
102174
101970
101745
101514
101262
100999
100734
100470
100210
99960.1
99721.2
99497.2
99289.6
102169
102136
102060
101948
101805
101633
101437
101223
100996
100757
100516
100270
100027
99791.5
99565.7
99352.3
99153.4
98970.8
101462
101436
101362
101251
101111
100944
100757
100553
100337
100113
99891.3
99667.3
99448.8
99238.4
99039
98852.8
98681.1
98524.9
100595
100567
100493
100384
100247
100086
99907.2
99714.5
99512.5
99304.9
99098.3
98900.6
98707.6
98524.3
98352.9
98195
98051.6
97923.4
99544
99518.9
99445.4
99337.9
99203.6
99048
98876.5
98694.7
98507.1
98317.8
98132.2
97954.1
97786.6
97630.2
97486.7
97357.5
97243
97143.5
98429.2
98395.4
98320.3
98213.4
98080.8
97928.6
97762.9
97589.5
97413.7
97239.9
97071
96912.9
96766.3
96632.9
96514.4
96411.1
96322.9
96249.5
97423.7
97385.2
97309.8
97202.9
97070.5
96919.4
96756.4
96587.8
96419.3
96255.4
96099.7
95955.6
95825.2
95709.5
95608.4
95523.1
95455.2
95402.3
96589.6
96563.2
96489.8
96382.1
96248.6
96097
95934.5
95767.9
95603.3
95445.4
95297.7
95163.4
95044.6
94942
94856
94785.3
94728.2
94688.5
95948.2
95920.9
95845.4
95734.6
95598.3
95445
95281.7
95115.6
94952.7
94798.1
94655.3
94527.3
94415.6
94321.4
94244.8
94185.5
94142.8
94113.9
95460.7
95428.4
95349.5
95235.3
95095.7
94939.5
94774.7
94608.2
94445.8
94292.7
94152.8
94028.7
93922
93833.4
93762.8
93710.5
93675.6
93656.9
95087.6
95056.8
94975.2
94857.8
94715.2
94556.3
94389.6
94222.2
94059.8
93907.5
93769
93647.1
93543.6
93459.4
93393
93345.4
93315.4
93302
94814.1
94782.3
94698.4
94578.4
94433.3
94272.1
94103.5
93934.8
93772
93620
93482.3
93362
93260.5
93178.5
93115.6
93071.6
93045.4
93035.9
94619.6
94584.3
94498
94376
94229
94066.3
93896.2
93726.4
93563
93410.9
93273.9
93154.5
93054.2
92973.8
92913
92871.7
92848.4
92840.7
94484
94445.9
94357.3
94233.7
94085.5
93921.6
93750.5
93579.8
93415.9
93263.6
93126.8
93008.1
92908.8
92829.5
92770.6
92730.4
92708.2
92702.5
94393.9
94352.9
94262.4
94137.8
93988.7
93823.9
93652.1
93480.9
93316.7
93164.2
93027.5
92909.2
92810.6
92732.2
92673.8
92634.5
92613.3
92608.6
94340.3
94294.5
94202.4
94077.1
93927.5
93762.2
93589.9
93418.4
93254
93101.3
92964.7
92846.6
92748.4
92670.4
92612.4
92573.7
92553.2
92549.2
94311.2
94262
94168.5
94042.7
93892.9
93727.4
93554.9
93383.2
93218.6
93065.9
92929.3
92811.2
92713.2
92635.5
92577.8
92539.5
92519.3
92515.9
94301
94248.8
94154.5
94028.3
93878.1
93712.5
93539.8
93368.1
93203.5
93050.8
92914.2
92796.2
92698.3
92620.7
92563.2
92525
92505.1
92502.2
87395.5
87394.7
87393.4
87391.6
87389.3
87386.7
87383.8
87380.8
87377.8
87374.9
87372.5
87370.6
87369.6
87369.7
87371
87374.1
87379
87386.2
87396
87408.7
87424.7
87444.5
87468.3
87496.6
87529.8
87568.4
87613
87664
87721.8
87787.1
87860.3
87941.9
88032.5
88132.6
88242.7
88363.1
88494.2
88636.2
88789.5
88954.3
89131.3
89320.2
89521.3
89734.9
89961
90199.5
90450.3
90713.1
90987.5
91273.4
91570.6
91878.6
92197
92524.9
92861.9
93207.3
93560
93918.5
94281
94646.7
95014.2
95381.9
95748.1
96110.7
96467.4
96815.9
97153.3
97477.3
97785.3
98075.1
98344.9
98593
98817.1
99016
99188.6
99331.7
99443.9
99525.2
99574.2
99590.5
99573.4
99521.4
99438.5
99327.9
99188.2
99017.3
98816.4
98588.9
98337.3
98065.3
97777.7
97474.3
97154.7
96819.7
96472.7
96118.4
95762.7
95408.6
95058.4
94715.6
94381.8
94060.2
93753.7
93463.6
93187.5
92923
92673.1
92443.8
92242.3
92059.7
91872.6
91686.1
91507.1
91340.7
91181.7
91032.7
90884.6
90730.3
90572.5
90413.2
90253.9
90093.3
89928.8
89758.9
89582.3
89399.3
89209.1
89011.8
88807.2
88596.2
88380.2
88161.4
87942.5
87724.8
87510.4
87301.7
87100.9
86908.5
86726.1
86553.7
86393.3
86244.8
86110.5
85994.2
85898.9
85831.8
85798.1
85782.7
85788.6
85803.7
85808.8
85800.5
85757
85695
85621.4
85521.4
85391.6
85224.3
85016.1
84768.7
84481.4
84152.6
83793.4
83419
83034.5
82647.8
82289.9
81998.1
81798.3
81699.8
81708.8
81830.2
82046.8
82340.5
82668.5
83028.2
83473.7
84003.9
84641.6
85341.5
87452.3
87451.4
87449.9
87448
87445.6
87442.8
87439.8
87436.6
87433.4
87430.5
87427.9
87425.9
87424.8
87424.7
87426.1
87429.1
87434
87441.1
87450.8
87463.4
87479.3
87498.9
87522.5
87550.7
87583.8
87622.4
87666.8
87717.4
87774.9
87839.7
87912.4
87993.5
88083.6
88183.2
88292.7
88412.6
88543.2
88684.8
88837.8
89002.4
89178.3
89366.3
89566.4
89778.9
90003.8
90241.2
90490.8
90752.5
91025.7
91310.3
91606.1
91913
92229.9
92556.2
92891.4
93234.9
93585.9
93943.2
94304.4
94668.3
95034
95399.7
95763.8
96124.5
96479.6
96826.5
97162.3
97484.7
97791
98078.8
98346.5
98593
98815.1
99011.7
99183.2
99325.4
99436
99516.9
99565.5
99578.9
99559.9
99510.7
99428
99316.1
99176.6
99006
98803.8
98576.9
98328.9
98059
97768.2
97461.3
97139.4
96803.9
96457.9
96105.5
95751.1
95398.2
95048.7
94707.1
94375.5
94055.1
93749.2
93459.9
93185.2
92922.4
92672.2
92439.2
92235.3
92054
91870.3
91690.5
91511.9
91346.7
91187.2
91038.7
90894.4
90741.3
90584
90425.5
90267.4
90108.6
89945.8
89777.7
89602.7
89421.3
89233.1
89038.4
88836.8
88628.1
88414.5
88198.6
87982.8
87768.5
87557.9
87352.6
87155.8
86966.8
86787.8
86618.9
86461.5
86314.9
86181.8
86067.4
85972.6
85906.2
85880.1
85865.9
85875.9
85894.5
85904.1
85900.6
85851.4
85786
85710.3
85609.6
85483.8
85318.4
85109.6
84862.2
84574.5
84244.6
83883.6
83509.4
83125.8
82735.5
82370.3
82071.5
81867
81767.9
81778.1
81902.9
82123.8
82419.1
82739.7
83089
83530.3
84054.5
84686.2
85386.9
87565.9
87564.9
87563.2
87561
87558.3
87555.3
87552.1
87548.7
87545.3
87542.2
87539.6
87537.7
87536.5
87536.3
87537.5
87540.3
87544.9
87551.8
87561.2
87573.5
87589.2
87608.7
87632.3
87660.4
87693.2
87731.2
87774.9
87824.7
87881.4
87945.3
88017
88097
88185.9
88284.3
88393
88511.7
88641.1
88781.5
88933
89095.9
89270.4
89456.8
89655.2
89865.8
90088.8
90324.1
90571.5
90830.8
91101.6
91383.6
91676.6
91980.5
92294.6
92618.3
92950.6
93290.7
93637.7
93991.1
94349.4
94710.7
95073.4
95435.8
95796.2
96153
96503.9
96846.7
97178.7
97497.4
97800.6
98085.1
98349.2
98592.3
98811
99003.8
99172.9
99312.7
99419.7
99498.3
99546.3
99560.3
99542.3
99490.9
99407.3
99295.3
99153.5
98982.4
98782.9
98555.7
98304.9
98033.4
97741.8
97433.7
97111.1
96776
96431.7
96081.8
95729.3
95377.7
95032.8
94695.1
94366.1
94047.7
93742.8
93453.9
93179.2
92918.1
92670.5
92433.4
92223.4
92044.5
91868.8
91696.2
91522.2
91360.6
91199.3
91049.6
90912.6
90761.2
90606.3
90449.8
90294.2
90138.7
89979.6
89815.4
89643.8
89465.4
89281
89091.2
88895.8
88693.6
88485.6
88275.7
88065.8
87857.9
87655.3
87457.8
87269.3
87088.4
86917.3
86755.7
86605.4
86463.6
86334.6
86221.3
86126.7
86061.3
86040.5
86030.5
86043
86068.5
86091.4
86101.7
86047.7
85979.9
85898.6
85794.1
85675.6
85516.4
85310.5
85063.4
84775.6
84442.3
84078.3
83703.9
83323.3
82928.2
82549.7
82234.8
82018.2
81916.1
81936.9
82067.1
82292.8
82583.8
82884.5
83221.6
83650.9
84155.5
84771
85473.8
87735.6
87734.5
87732.6
87730.1
87727.2
87723.9
87720.4
87716.8
87713.3
87710.3
87707.7
87705.6
87704.1
87703.5
87704.1
87706.2
87710.3
87716.7
87726
87738.3
87754
87773.3
87796.4
87823.6
87855.4
87892.3
87934.7
87983.2
88038.5
88100.9
88171.1
88249.7
88337
88433.8
88540.3
88657
88784.8
88923.2
89072.1
89232.8
89405.1
89589.2
89785.2
89993.4
90213.8
90446.1
90690.3
90946.4
91213.9
91492.4
91781.8
92081.6
92391.2
92710
93037.5
93373.1
93715.4
94063.4
94416.5
94772.8
95130.2
95487.4
95842.8
96194.4
96540
96877.2
97203.4
97515.8
97812.8
98092.1
98351.6
98590.3
98805.4
98994.1
99158
99293.8
99397.5
99472.3
99518
99530.6
99510.2
99458.3
99377.5
99266.2
99122.6
98948.5
98747.6
98520.8
98269.1
97994.1
97702.6
97395.2
97073.9
96740.9
96399.1
96052
95702.5
95355.1
95013.8
94679.3
94353.1
94038.1
93736.4
93448.8
93175.1
92916.8
92673.5
92438.4
92221.4
92043.7
91873.8
91706.4
91545
91384.7
91221.6
91073.2
90933.5
90788.4
90638.9
90487.5
90336.7
90185.3
90029.7
89871
89706.2
89534.2
89355
89171
88983.7
88791.3
88592.2
88392.4
88192.7
87994.9
87803.5
87616.3
87440.8
87273.2
87112.9
86962.5
86826.8
86694.7
86571.2
86463.3
86371
86299.3
86272.5
86264.4
86272
86308.7
86345.8
86372.8
86336.2
86279.9
86192.9
86079.8
85958.1
85801.3
85605.5
85371.6
85090.8
84749.4
84378.3
84003
83628.8
83228.8
82831.5
82494.7
82264
82166
82193.3
82326.6
82555.2
82828
83092.6
83425.6
83836.8
84312
84902.2
85600.1
87960.8
87959.5
87957.3
87954.6
87951.5
87948
87944.3
87940.7
87937.1
87933.4
87929.9
87926.8
87924.5
87923.2
87923.4
87925.4
87929.4
87935.8
87944.9
87957
87972.1
87990.3
88011.9
88037.5
88067.5
88102.7
88143.4
88190.2
88243.7
88304.4
88372.7
88449.3
88534.6
88629.1
88733.1
88847
88972.7
89107.7
89254.2
89411.9
89581.1
89762.1
89955
90159.9
90376.9
90605.6
90845.9
91097.9
91361.1
91635.1
91919.6
92214.5
92518.7
92831.6
93152.9
93482
93817.4
94158.4
94504.2
94853.3
95204
95554.6
95903.3
96247.9
96586.2
96915.8
97233.6
97537.7
97826.9
98099.5
98353.4
98587
98797.2
98980.7
99138.7
99269.2
99368.9
99439
99480.5
99491.1
99469.2
99416.5
99335.8
99222.8
99076.9
98901.9
98699.9
98472.3
98222.1
97942.1
97653.7
97348.6
97029.7
96699.7
96361.4
96017.8
95672.5
95329.1
94990.8
94658.6
94335.8
94025.4
93727.9
93443.3
93173.5
92920.3
92683.5
92457
92239.8
92056.8
91887.9
91726.5
91576.6
91420
91253.6
91106.9
90968
90827.3
90683.5
90539.5
90396
90250.8
90100.3
89947.6
89790.2
89627.2
89457.2
89280.4
89102.5
88923.5
88735.9
88547.7
88363
88180.6
88004.8
87830.3
87668.5
87520.7
87378.6
87237.3
87117.8
87005.6
86895.1
86791.9
86702.7
86628.8
86583.9
86575.1
86574.2
86616.2
86659
86697.8
86706
86678.6
86591.7
86469.1
86330.7
86164.1
85973.5
85762.7
85512.7
85172.5
84785.2
84401.7
84035.2
83638
83220.5
82856.1
82609.4
82519.7
82549.7
82682.8
82921.3
83175.3
83368.6
83702.1
84094.9
84551.1
85103.5
85776.5
88240.4
88238.8
88236.4
88233.5
88230.3
88226.8
88223
88219.1
88214.6
88209.5
88204.8
88200.8
88197.8
88196.3
88196.3
88198.2
88202.1
88208.3
88216.7
88227.4
88240.5
88256.4
88275.8
88299.3
88327.5
88360.8
88399.8
88444.8
88496.3
88554.9
88621.1
88695.5
88778.5
88870.5
88972
89083.3
89204.5
89337.6
89479.9
89633.5
89798.6
89975.4
90164
90364.7
90577.3
90801.5
91037.2
91284.2
91542
91810.3
92088.9
92377.3
92674.9
92981
93295
93616.2
93943.1
94275.4
94612.5
94953
95295.5
95637.6
95977.2
96312.3
96640.7
96960.2
97268.1
97562.5
97843
98108.2
98355.7
98583.1
98786.8
98964.4
99115.4
99238.6
99332.6
99397.7
99434.1
99441.6
99419
99366.5
99284.1
99167.9
99020.1
98843.2
98640.4
98412.3
98161.5
97886.6
97599.1
97296.4
96980.4
96654.1
96319.9
95979.9
95637.8
95297.7
94962.3
94634.1
94316.3
94010.6
93716.6
93435.9
93172.4
92926.7
92698.6
92481.1
92272.8
92081.3
91913.1
91756.2
91611.1
91457.9
91302.7
91155.8
91018.2
90883.1
90745.1
90607.9
90472.7
90335.7
90191.3
90046.8
89899.6
89746.8
89589.8
89424.6
89255.3
89090.7
88920.8
88744.9
88575.3
88413.5
88258.8
88102.4
87955.7
87827.4
87710.6
87588.2
87481.7
87387.3
87301.6
87215.3
87133.9
87058.9
87000.9
86992.6
86990.9
87027.1
87057.9
87108.1
87169.7
87180
87096
86971.7
86810.3
86624.8
86426.1
86223.2
86012
85703.5
85309
84908.9
84543.7
84151.7
83718.4
83322.9
83060.7
82979
82992.6
83107.1
83340.4
83650.6
83732.6
84036.7
84416.7
84860.1
85367.3
86004.9
88573.7
88571.8
88569.2
88566.2
88562.9
88559.1
88555
88549.8
88543.8
88537.8
88532.3
88527.9
88524.5
88522.5
88522.2
88523.6
88526.6
88531.2
88537.4
88545.4
88555.9
88569.6
88587.1
88609
88635.6
88667.3
88704.3
88747.1
88796.2
88852.3
88915.9
88987.6
89067.8
89156.8
89255.2
89363.3
89481.5
89608.5
89746.6
89895.4
90055.5
90227.3
90411.1
90606.9
90814.4
91033.4
91263.4
91504.3
91755.6
92017
92288.3
92568.9
92858.6
93156.9
93462.5
93774.8
94092.4
94414.8
94741.8
95072.4
95404.5
95735.6
96063.8
96387.3
96703.6
97011.4
97308.4
97592.5
97863.7
98120.6
98360.4
98580.2
98775.9
98945.2
99088.3
99203.7
99289.8
99348
99378.7
99381.3
99355.5
99299.1
99214.1
99099.3
98951.3
98774.4
98572.3
98344.9
98095.6
97825.8
97539.8
97240.6
96928.3
96606.6
96277.3
95940.7
95601.6
95265.4
94934.4
94611.1
94297.7
93995.8
93706.1
93431.3
93175.5
92937.1
92714.5
92503.7
92303.2
92114.5
91950.7
91795.9
91651.9
91505.8
91361
91220.6
91085.9
90957.1
90828.3
90696.2
90567.7
90440.7
90305.6
90170.5
90035.2
89895.4
89752
89604.9
89448.4
89297.2
89149.5
88991.7
88835.3
88693.1
88563.7
88431.1
88303.1
88196.5
88106.9
88006.4
87922.1
87846.7
87785.3
87717.1
87672
87599.4
87542.7
87548
87547.1
87578.6
87588.4
87649.4
87750
87785.4
87733.6
87599
87408.1
87207.1
86997.5
86778.9
86583.8
86323.7
85947.6
85531.5
85160.6
84771.1
84318.3
83892.4
83609.1
83517.3
83473.9
83534.3
83758.9
84159.7
84184.6
84427.7
84787.4
85203.2
85679.9
86285.5
88960
88957.6
88954.8
88951.7
88947.8
88943.3
88937.9
88931.6
88924.7
88918.3
88912.4
88907.4
88903.6
88900.8
88899
88898.7
88899.5
88901.4
88904.7
88910.1
88918.3
88930.2
88946.1
88966.2
88990.8
89020.1
89054.5
89094.3
89140.2
89192.9
89253.1
89321.3
89397.9
89483.3
89577.5
89681.3
89792.8
89917.6
90051
90194.9
90349.8
90516.3
90694.5
90884.6
91086.3
91299.2
91522.8
91756.7
92000.5
92253.9
92516.8
92788.7
93069.1
93357.8
93653.6
93956.1
94263.7
94575.7
94891.1
95209.4
95529.3
95847.8
96163
96473.8
96777.5
97072.7
97357.7
97630.7
97891.4
98138.6
98368.8
98578.1
98763.9
98924
99057
99162.5
99240.8
99292.6
99317.2
99314
99283.6
99227.9
99141.8
99024.1
98875.6
98699.7
98498.8
98273.5
98027.2
97762.5
97477.8
97182.8
96875.1
96558.3
96234.5
95900.2
95565.9
95234.7
94909.2
94591.6
94284.5
93989.3
93706.7
93437.8
93186.8
92953.7
92735.8
92530.6
92336.2
92156.9
91998.1
91848.1
91707.9
91567.6
91431
91300.2
91172.1
91049.7
90934.2
90812.4
90689.8
90572.2
90449
90324.6
90199.9
90076.3
89946.5
89820.2
89682.7
89549.1
89423.6
89288.3
89155.2
89028.1
88919.4
88822.1
88719.9
88630.4
88573.8
88500.1
88448.1
88385.3
88361.9
88302.9
88244.5
88226.5
88207
88224.8
88237.3
88279.9
88277.3
88332.6
88457.5
88494.7
88506.7
88395.2
88151.6
87919.6
87703.2
87469.9
87262.2
87033.6
86691.1
86270.9
85883.1
85500.2
85027.4
84571
84255.5
84104.4
83994.1
84001.1
84233.1
84614.8
84745.6
84908.1
85217.7
85596.3
86046.2
86619.4
89397.1
89394.2
89391.1
89387.4
89382.7
89377.3
89370.7
89363.5
89356.3
89349.2
89342.5
89336.4
89331.3
89326.9
89323.3
89320.4
89318.3
89317.1
89317.5
89320.5
89326.6
89336.5
89350.1
89367.7
89389.6
89415.9
89447
89483.6
89526.1
89575.4
89632.1
89696.8
89769.8
89851.1
89941
90040.2
90149.6
90268.2
90396.3
90534.5
90683.2
90842.9
91014
91196.6
91391.3
91597.2
91813.2
92039.1
92274.4
92518.9
92772.6
93034.5
93304.6
93582.6
93867.5
94158.5
94454.4
94754.4
95057.4
95362.8
95669.1
95973.6
96275.3
96572.8
96863
97144.7
97416.7
97677.5
97926.4
98161.5
98379.3
98576.5
98750.8
98900.2
99022.4
99118.3
99189.2
99234.6
99254
99247
99214.5
99155.1
99065.7
98945.6
98796.8
98622.3
98423.3
98200.6
97957.8
97698.2
97416.3
97124.5
96821
96507.7
96183.8
95858.6
95531.3
95207
94888.3
94578.7
94279.7
93992.9
93718.7
93457.1
93211.6
92984.7
92772.8
92573.4
92385.3
92213.6
92059.1
91915.6
91782.7
91648.5
91519.4
91397.2
91279.5
91164.9
91061.8
90956.4
90842.2
90735.1
90626.9
90517.2
90402.8
90295.2
90181.4
90072.5
89958
89846.2
89741.9
89631.7
89533
89431.2
89337.4
89276.1
89215.4
89139.2
89110.6
89077.5
89072.2
89005.9
89012.9
89007.9
88954.8
88949.5
88957.9
89002.4
89046.1
89124.5
89128.2
89164.1
89285
89324.1
89372.5
89325.4
89051.8
88777.4
88545.9
88303.7
88073.3
87840.7
87527.6
87116.6
86713
86330.9
85845.3
85356.9
85001
84786.6
84647.2
84658.4
84876.8
85160.8
85348.8
85463.1
85744.9
86075.8
86497.3
86994.1
89881.7
89878.2
89874.4
89869.8
89864.3
89858.2
89851.2
89843.2
89835
89826.8
89818.9
89811.5
89804.3
89797.6
89791.3
89785.5
89780.4
89776.4
89774.4
89775.1
89779
89786.4
89797.3
89812
89830.8
89854.1
89882.3
89915.9
89955.5
90001.7
90055.1
90116.2
90185.1
90262.1
90347.9
90442.6
90546.2
90658.9
90780.9
90912.5
91054
91205.7
91368
91541.5
91727.3
91924.8
92132.4
92349.5
92575.3
92809.9
93053.1
93304.3
93563.2
93829.4
94102.1
94380.3
94663.4
94950.2
95239.6
95530.8
95822.3
96112.5
96399.7
96682.6
96958.3
97225.4
97483.7
97731.1
97966.2
98187.4
98391.4
98575.5
98738
98876.7
98989.5
99077.2
99140.7
99179.8
99194
99182.9
99145.8
99081.6
98988.6
98866.7
98718.1
98544.9
98348.1
98128.9
97890.1
97634
97360.5
97071.2
96773.1
96463.6
96147
95826.8
95506.4
95189.5
94879.3
94578.4
94288.1
94009.5
93744.5
93492.3
93253.7
93032.3
92826.4
92632.8
92450.9
92285.7
92139.7
92003.5
91874.7
91748.3
91631.8
91518.3
91411.2
91310.3
91218.5
91127.5
91025.4
90930.6
90839.1
90748
90648
90556
90465.3
90370
90280.1
90193.3
90110
90027.8
89963.5
89897.6
89829.6
89792.3
89772.6
89730.3
89718.5
89721.7
89752.6
89716.8
89721.1
89780.7
89807.4
89798.6
89830.6
89886
89956.8
90078.6
90113.1
90138.6
90225.3
90279.5
90326.6
90322.1
90077.5
89781.8
89528.3
89279.8
89025.1
88756.9
88452.1
88047.4
87641.1
87265.3
86767.2
86247.2
85862.2
85593.3
85458.4
85489.2
85672.2
85877.8
85977.9
86080
86348
86647
87008.6
87429.1
90409.9
90405.9
90401.1
90395.6
90389.4
90382.3
90374.8
90366.3
90357
90347.3
90337.6
90328.1
90318.6
90309.3
90300.1
90291.2
90283
90276.3
90271.6
90269.6
90270.8
90275.4
90283.8
90295.9
90312
90332.6
90357.9
90388.4
90424.8
90467.1
90516.7
90573.6
90638.1
90710.7
90791.6
90879.4
90976.5
91082.7
91198
91322.5
91456.1
91599.1
91752
91916
92092.1
92280
92478.1
92685.3
92900.9
93124.7
93356.4
93595.9
93842.5
94096
94355.6
94620.2
94889.3
95161.7
95436.4
95712.3
95988.2
96262.9
96534.6
96801.7
97062.4
97314.4
97557.7
97790.5
98010.6
98216.7
98406.8
98578.2
98728.5
98855.9
98959.1
99039
99096
99129
99137.3
99120.6
99078.1
99009.2
98912.8
98789.6
98641.6
98470
98275.9
98060.9
97827.1
97575.7
97308.4
97025.8
96727.5
96425.3
96117
95804.2
95492
95184
94883.3
94591.7
94310.7
94040.9
93785.7
93544.2
93313.8
93098
92898.7
92711.5
92536.5
92379.1
92239.7
92112.9
91991
91875
91769.7
91666.4
91571
91487.5
91408.3
91329.8
91245.7
91165.6
91091.6
91018.9
90934.4
90859.4
90795.6
90718
90652.9
90593.9
90540.6
90488.8
90450.8
90423.4
90396.3
90378.5
90388.7
90397.5
90412
90434.3
90480.1
90516.8
90525.3
90605.3
90718.4
90778.4
90827.5
90884.3
90970.4
91116.3
91193.8
91230.6
91279.5
91342.9
91382.5
91369.2
91169
90904.1
90643
90397.4
90115.7
89802.9
89478.4
89076.7
88651.7
88297.3
87802.9
87251.3
86843.6
86536.2
86400.5
86435
86586.5
86692.2
86678
86767
86991.1
87253.3
87543.9
87907.3
90978
90973.3
90967.4
90961
90954.2
90946.4
90937.8
90928.4
90917.8
90906.3
90894.2
90882
90869.6
90857.3
90845.1
90833.5
90822.6
90813.2
90805.8
90800.9
90799.1
90800.6
90805.8
90815
90828.2
90845.9
90868
90895.1
90927.7
90966.3
91011.3
91063
91121.9
91188.7
91263.6
91345.8
91436.5
91535.9
91644.2
91761.5
91887.4
92022
92165.6
92319.3
92484.6
92661.6
92848.8
93044.8
93249
93461.1
93680.5
93907.3
94140.8
94380.5
94626
94876.1
95129.9
95387
95646.1
95906.2
96165.9
96423.9
96679.1
96929.8
97174.7
97411.4
97638.4
97855.7
98060.6
98251.2
98426.6
98585.1
98723.6
98840
98933.6
99004.9
99054.3
99080.7
99082.9
99060.5
99013
98940
98841.1
98717.2
98569.9
98400.3
98209.3
97999
97770.6
97524.4
97261.6
96984.4
96696.3
96397.9
96098.3
95793.8
95491.8
95194.2
94903.1
94620.6
94349.2
94088.6
93842.4
93611
93391
93184.3
92993.8
92816.8
92649.1
92499.5
92367.1
92248.9
92137.5
92032.4
91935.2
91846.4
91765.5
91696.6
91631.2
91568.1
91504.5
91443.8
91389.5
91333.3
91267.8
91210.8
91170.7
91116.9
91077.4
91045.4
91026.9
91012.2
91000.2
91009.2
91031.9
91042.5
91080.5
91137
91198.3
91237.6
91287.1
91411.2
91463.7
91534.8
91686.6
91815.4
91908.4
91981.4
92086
92236.6
92353.3
92413.7
92445.3
92518
92552.4
92489.5
92329.6
92125
91889.4
91645.4
91332.9
90981.4
90615.2
90217
89765.8
89402.8
88929.4
88373.8
87948.4
87615.4
87482.5
87527.7
87608.3
87586.3
87496.6
87546.1
87684.3
87901.4
88115.9
88425.3
91582.4
91576.6
91569.8
91562
91554
91545.4
91535.8
91525
91512.7
91499
91484.1
91468.7
91453.2
91437.9
91422.7
91407.9
91394
91381.5
91371.1
91363.1
91357.9
91355.8
91357.2
91362.8
91372.6
91386.7
91405.7
91429.5
91458.2
91492.2
91531.8
91577.6
91630.3
91690.1
91757.3
91834.2
91918.7
92011.6
92113.4
92223.8
92342.6
92469.4
92603.9
92747.4
92901.4
93066.6
93241.9
93425.5
93617.3
93816.7
94023.1
94236.3
94455.8
94680.8
94911
95145.8
95383.8
95624.8
95867.5
96110.8
96353.7
96594.7
96833
97066.6
97294.2
97514.9
97725.7
97926.4
98116.1
98291.4
98451.7
98596.5
98723.4
98829.2
98913.3
98976.1
99017.4
99036.7
99032.5
99004.4
98952.3
98876
98775.1
98651
98504.9
98338.4
98150.3
97944.9
97722.4
97483.3
97228.1
96958.9
96678.3
96391
96100
95801.3
95510.7
95224.1
94942.2
94668.5
94408.8
94159.3
93921.9
93700.6
93491.3
93294.4
93114
92947.4
92784.5
92643.2
92522.6
92413.4
92311.9
92218.1
92133
92059.2
91994.5
91940.9
91892.2
91847.7
91803.7
91764.9
91731.4
91689.6
91651.6
91618
91594.1
91569.8
91557.8
91552.5
91563.3
91589.9
91615.3
91657
91730.1
91783.8
91854.1
91950.2
92063.5
92137.7
92195.7
92380.2
92500.3
92585.2
92742.4
92919.7
93055.4
93161.2
93299.7
93444.8
93593.4
93676.1
93714.6
93806.1
93826.1
93725.2
93603.7
93466.7
93273.3
93018
92671.5
92276.1
91866
91466.4
91004
90594.7
90134.2
89597.8
89161
88813.4
88678.5
88720.5
88710.7
88544.2
88435.5
88442.7
88473.6
88608.5
88747.9
88993.5
92219.5
92212.6
92204.6
92195.3
92185.2
92174.4
92162.7
92149.9
92135.4
92119.3
92101.5
92082.8
92063.9
92045.2
92026.9
92009.2
91992.6
91976
91961.9
91950.3
91941.4
91935.2
91932.6
91934.3
91940.4
91950.8
91965.7
91985.4
92009.9
92039.2
92073.8
92114
92160.3
92213.2
92273.7
92342.6
92419.5
92504.9
92599.1
92701.7
92812.8
92932.4
93058.9
93192.8
93335.8
93489.3
93652.4
93823.5
94002.1
94188.1
94381.1
94580.1
94785
94994.9
95209.4
95427.8
95649.3
95873.2
96098.9
96325
96550.2
96773.5
96994.1
97210.8
97420.7
97623.9
97818.9
98002.8
98176.6
98337.6
98483.2
98613.9
98728.3
98823.5
98897.8
98952
98985.4
98997.3
98987.1
98953.9
98897.6
98818.2
98716
98592.3
98447.2
98281.8
98100.4
97901.5
97685.9
97454.1
97207.6
96947.8
96677.2
96399.6
96117.1
95832.7
95551.9
95276.4
95006
94740.7
94494
94257.9
94027.9
93820
93620.5
93431.2
93260.9
93106.7
92945.9
92817.6
92707.1
92608.1
92519
92436.8
92365.7
92304.6
92256.7
92218
92187.1
92160.6
92142.1
92128.2
92117.9
92094.7
92084.8
92084.9
92072.1
92079.2
92099.6
92121.9
92161.6
92225.7
92294.4
92375.3
92490.7
92588.9
92702.5
92840.6
92990.9
93110.5
93211.3
93420.8
93594.9
93716.7
93889.4
94104.5
94272.1
94416.6
94603.4
94751.9
94917.4
95015.1
95089.3
95199.1
95195
95097.2
95030.9
94955
94782.8
94507.7
94120.5
93684.8
93239
92832.9
92340.9
91893.7
91434.9
90912.6
90474.7
90119.3
89972.1
89960.1
89859.7
89579.3
89493.8
89448.1
89324.9
89346.8
89426.5
89608.1
92883.7
92875.3
92866.2
92855.3
92842.5
92828.2
92812.7
92796.4
92778.7
92759.6
92739
92716.9
92694.3
92671.6
92649.5
92628.3
92608.2
92589.4
92572.5
92557.7
92545.4
92535.9
92529.7
92527.5
92529.4
92535.5
92545.8
92560.6
92580.3
92604.7
92634.2
92668.9
92709
92755.2
92808.5
92870.2
92937.4
93013.2
93098.3
93192.2
93295
93407.7
93527.2
93651.1
93782.1
93923.7
94075.3
94234.2
94399.7
94572.2
94751.2
94935.9
95125.5
95319.6
95517.8
95719.5
95924
96130.6
96338.7
96546.8
96754.1
96959.7
97162
97360.6
97553.4
97738.4
97916.9
98085.1
98242
98388.3
98520.2
98637.1
98738.8
98823.2
98888.4
98933.6
98959.3
98964.2
98947.8
98909.6
98849.9
98768.8
98666.9
98543.8
98401
98240
98063
97870.6
97662.6
97439.4
97202.5
96953.4
96694.1
96428.1
96157.2
95886
95617.1
95352.6
95095.6
94844.4
94604.6
94378.8
94165.4
93966.5
93778.1
93597.3
93436.1
93289.6
93149.8
93027.5
92924.8
92837.2
92758.9
92689.2
92631.4
92586.4
92553.2
92528.3
92515.3
92507.5
92517
92529.8
92542.3
92547.7
92567.1
92601.1
92607.4
92645.5
92701.6
92751.1
92825.6
92926
93033.1
93164.1
93314
93450.9
93616.3
93801.2
93973.2
94136.9
94306.5
94535.9
94744.4
94913.2
95124.3
95368.2
95562.7
95748.8
95983.5
96156.8
96327.6
96439.5
96572
96689.3
96671.2
96615.2
96618.6
96577.2
96394.4
96094.8
95668.2
95201.6
94724.6
94311.2
93780.6
93304.8
92841.9
92336
91900.1
91533
91358.5
91249.1
91046.4
90698.1
90562.6
90452.5
90165.2
90111.2
90138
90265.6
93567.6
93557.7
93546.6
93533.6
93517.8
93499.6
93479.8
93459
93437.2
93413.9
93389.5
93363.8
93337.2
93310.4
93284.1
93258.9
93235.2
93213.2
93193.2
93175.4
93160
93147.3
93137.6
93131.5
93129.3
93131.1
93137.2
93147.6
93162.7
93182.7
93207.5
93237.3
93272.1
93312
93357.2
93408.5
93470.8
93539.7
93616.7
93701.5
93793.8
93896.8
94008.4
94122.4
94241.2
94369.9
94508.8
94654.8
94806.5
94965.1
95129.6
95299.7
95474.1
95652.1
95833.7
96018.4
96205.6
96394.7
96584.9
96775
96963.9
97151.4
97336.1
97516.3
97691.4
97859.3
98019.9
98172.7
98313.6
98443.8
98562.1
98665.8
98755.1
98828.5
98884.3
98921.4
98939.3
98937.6
98915.5
98872.9
98810.1
98727.6
98625.9
98505.3
98366.3
98210.3
98039.3
97854.3
97655
97441.5
97215.3
96978.1
96731.7
96478.8
96220.8
95963
95708.7
95457.2
95213.3
94977.5
94748
94530.8
94329.2
94141.4
93964.5
93796.9
93645
93507.8
93380.2
93266.8
93173.5
93097.2
93029.9
92972.5
92929.6
92900.5
92880.7
92873.4
92880.1
92896.6
92931.3
92968
93002
93038.2
93091.9
93150.2
93192
93264.9
93352.1
93432.9
93545.2
93684.5
93827.1
94006.6
94191.1
94369.7
94586
94814.7
95007.3
95222.4
95464.5
95720.4
95952.2
96176
96439.4
96707.8
96930.9
97157.9
97433.2
97643.2
97818.6
97958.1
98152.4
98269.4
98262
98276
98330.8
98289.4
98087.7
97766.4
97314
96815.8
96326
95910.3
95363.9
94837.3
94374.2
93892.4
93431.2
93046.6
92846.2
92594.2
92258.9
91866.9
91586.5
91429.2
91036.1
90920.3
90892.4
90952.7
94262.4
94252.2
94239.4
94222.5
94202.3
94179.5
94154.7
94128.8
94101.9
94073.7
94044.5
94014.5
93983.9
93952.7
93922.5
93893.4
93865.8
93840.1
93816.6
93795.3
93776.5
93760.5
93747.3
93737.4
93731.2
93729
93731
93737.5
93748.6
93764.4
93785.4
93811.3
93841.9
93877.5
93918.5
93966.3
94020.3
94080.3
94148.4
94223.7
94304.4
94394.8
94495.1
94599
94707.5
94824.8
94950.4
95082.5
95220.5
95364.8
95514.4
95668.6
95827.4
95989.1
96154.4
96322.3
96492.2
96663.8
96836.1
97008.1
97179
97348.1
97514.8
97677.3
97834.5
97985.8
98129.5
98265.8
98391.8
98505.6
98609.4
98700.7
98777.6
98840.2
98886.5
98915.6
98926.4
98918.3
98891.2
98844.8
98779.7
98696.6
98596.2
98478.6
98344.5
98194.5
98030.4
97853.5
97664.3
97462.3
97248.1
97023.6
96790.7
96552.7
96310.1
96065.9
95826.3
95589.5
95358.6
95138.7
94924.6
94719
94527.1
94350.4
94184.2
94027.5
93885.3
93757
93641.6
93539.5
93456
93390.6
93335.6
93290.8
93263.3
93247.9
93242.1
93253.6
93281.4
93323.8
93380
93437
93495.2
93563
93649.8
93728.1
93814.9
93926.2
94038.8
94160.2
94310.5
94485.6
94669.3
94888.8
95108.9
95337.9
95601.9
95870.4
96094.4
96374.2
96684.1
96966.9
97224.8
97506.3
97820.5
98116.9
98377.1
98640.8
98947.3
99194.4
99380.2
99564.4
99812.7
99929.8
99957.8
100044
100111
100052
99848
99516.4
99050.1
98532.5
98061.5
97647.5
97085
96480.9
96016.3
95555.3
95051.2
94642.5
94422.3
93985.9
93519.1
93076.9
92664.3
92447.4
91970.9
91779.7
91712.5
91688
94963.1
94952.2
94936.6
94915.3
94889.3
94860.3
94829
94796.1
94762.7
94728.5
94693.7
94658.5
94623.2
94588
94553.7
94520.6
94489.3
94460
94432.9
94408.2
94386.3
94367.2
94351
94338.1
94328.8
94323.5
94322.2
94325.3
94332.8
94344.5
94361.4
94383.3
94409.6
94441.1
94477.4
94518.2
94565.4
94618.1
94677.9
94744
94814.3
94894.1
94983.9
95077.3
95175
95280.6
95392.8
95510.5
95634.9
95765.7
95901.1
96040
96182.8
96328.6
96477.3
96628.6
96781.3
96935.3
97089.7
97244.1
97397.3
97548.6
97697.4
97842.1
97981.9
98116.4
98244.4
98364
98474.7
98574.4
98662.8
98741.4
98807.3
98858.9
98895.8
98916.7
98920.9
98907.4
98876
98826.7
98760.2
98677.2
98578.6
98464.9
98336.4
98193.8
98037.7
97869.6
97690.5
97501.4
97301.4
97091.4
96872.8
96649.7
96424.3
96196.3
95971.7
95750.2
95532.5
95326.8
95129.5
94938.8
94759
94592.7
94435.5
94288.8
94155.1
94038.1
93934.5
93841.7
93768.4
93713.9
93668.8
93637.6
93625.7
93624.2
93635.5
93667
93717.3
93784
93858.6
93933.2
94014.9
94114
94228.8
94333.6
94462.6
94612.2
94754.6
94921.2
95110.6
95316.4
95547.8
95803.4
96058.4
96343.1
96655.8
96961.5
97234.9
97584.7
97951.1
98263.5
98560
98895.3
99250.3
99580.4
99885.2
100177
100507
100790
101000
101239
101526
101650
101732
101868
101920
101858
101664
101328
100864
100351
99910.8
99472.1
98881.4
98204.5
97709.7
97291.7
96744.2
96309.4
96032.7
95404.7
94823.6
94314
93824
93455.6
92949.8
92666.7
92580.7
92453.9
95551.8
95539.5
95520.6
95494.9
95463.9
95428.2
95389.3
95348.8
95308
95267.1
95226.4
95186.1
95146.2
95107.3
95069.5
95033.5
94999.4
94967.6
94938.3
94911.6
94887.8
94867
94849.4
94835.2
94824.5
94817.5
94814.4
94815.7
94820.7
94829.6
94843.8
94862.2
94884.9
94913
94945.7
94983.1
95025.2
95072.5
95126
95185.4
95249.3
95320.7
95401.2
95485.7
95574.5
95670
95771.5
95878.4
95991.7
96111
96234
96360.1
96489.5
96622.1
96757
96894.1
97032.6
97172.1
97311.8
97450.8
97589.2
97725.2
97858.9
97988.9
98114.1
98234
98347.8
98454.1
98551.3
98639.3
98716.3
98782.6
98839
98882.3
98910.9
98924.7
98923.3
98905.7
98871.2
98820.3
98753.6
98671.7
98575.5
98465.6
98342.5
98207
98059.4
97900.4
97730.5
97552
97365.6
97170.7
96967.6
96758.6
96548.3
96336.2
96127
95920.8
95716.8
95523.4
95339.1
95161.7
94993.3
94836.3
94687.9
94550.9
94426.5
94319
94224.1
94141.1
94078.4
94032.4
93996.7
93978.8
93980.7
93991.5
94020
94072.4
94142
94229.7
94322.1
94413.9
94517.5
94639.8
94774.1
94911.5
95076.2
95257.6
95437.8
95646.9
95872.4
96111.9
96388.8
96678.5
96970.4
97308.7
97668.2
98009.1
98347.6
98763.4
99168.2
99511.8
99856
100245
100637
101008
101363
101677
102023
102337
102587
102887
103195
103334
103478
103634
103676
103633
103461
103129
102691
102201
101773
101264
100661
99944.8
99402.8
99073.1
98441.6
98008
97609.6
96800.7
96125.4
95527.8
94969.1
94424.9
93953.4
93574.4
93441.9
93225.4
96010.3
95995.8
95974.8
95944.1
95906.6
95864.3
95819.2
95771.5
95723.8
95676.8
95630.8
95585.9
95542.4
95500.3
95460
95421.9
95386.1
95352.8
95322.3
95294.6
95269.9
95248.4
95230.4
95215.8
95204.7
95197.2
95193.5
95194
95197.7
95205.4
95218.1
95234.3
95254.6
95280.4
95310.7
95345.1
95384.5
95428.7
95478.5
95532.9
95592.2
95659.1
95733
95811
95893.3
95981.2
96074.4
96173.3
96278.8
96389.3
96502.7
96618.8
96737.9
96859.9
96984.2
97110.3
97237.7
97365.5
97493.9
97621.1
97747.5
97871.8
97993.4
98111.7
98225
98333.6
98436.1
98531.6
98618
98695.9
98765
98822.1
98869.2
98906.2
98929.2
98937
98930.7
98910
98873.7
98821.8
98755.2
98674.9
98581.4
98475.5
98357.4
98227.8
98087.7
97937.7
97777.1
97607.4
97431.6
97249.8
97061.5
96867.2
96670.3
96471.6
96276.4
96084.5
95893.6
95711.5
95537.9
95371.4
95213
95064.4
94924.8
94797.4
94682.2
94582.5
94495.7
94422.5
94368.9
94329.6
94304.5
94299.2
94312.4
94334.4
94378
94448.1
94533.7
94636.1
94743.2
94851
94977.2
95118.7
95270
95437.8
95634.1
95842.1
96061
96309.2
96566.7
96843.6
97160.4
97482.9
97814.5
98200.5
98600.4
98982.5
99390.9
99857.3
100289
100669
101065
101511
101944
102356
102751
103092
103462
103798
104094
104458
104772
104936
105141
105294
105344
105339
105194
104884
104493
104029
103586
103009
102407
101686
101106
100842
100090
99716.3
99115.3
98148.5
97392.8
96729.3
96112
95465.2
95004
94517.2
94273.6
93999.7
96426
96413
96384.4
96350.9
96307.4
96257.8
96205.7
96150.7
96095.9
96042.1
95990.2
95940.5
95892.9
95847.6
95804.5
95764.4
95727
95692.5
95661.1
95632.9
95607.7
95586.1
95567.9
95553.3
95542.3
95534.7
95531.3
95531.5
95534.4
95541.8
95553.8
95568.5
95587.1
95611.2
95639.6
95671.8
95708.8
95750.7
95797.8
95849.8
95906.2
95968.1
96035.2
96106.8
96183.7
96265.6
96352.1
96444.1
96542.1
96644.4
96749.6
96857.2
96967.4
97079.8
97194.3
97310.3
97427.5
97545.4
97663
97780
97895.5
98009.4
98120.1
98227.7
98330.7
98428.6
98521.1
98606.8
98684.4
98752.7
98813.5
98863.8
98902.4
98932
98950.5
98954.4
98943.5
98919.3
98881.4
98829.5
98763.7
98685.2
98594.6
98492.8
98380.1
98256.7
98123.3
97981.7
97831.6
97671.9
97505.3
97334.6
97159.5
96980.5
96798.2
96612.7
96430.8
96252.4
96074.6
95902.9
95739.8
95583.6
95434.8
95295.2
95164.8
95046.4
94939.4
94848.1
94768.9
94703.2
94657.5
94625.3
94610.3
94616.3
94638
94671.2
94729.5
94814.6
94915.9
95026.3
95145.4
95269.1
95414.6
95574.2
95745.9
95940.8
96164.3
96398.1
96653.8
96938.9
97227.7
97543.9
97896
98253.5
98628.4
99054.5
99487.7
99923
100392
100886
101349
101776
102234
102739
103215
103648
104046
104437
104860
105208
105555
105974
106278
106480
106736
106879
106961
107000
106879
106611
106271
105836
105371
104765
104161
103459
102843
102517
101710
101409
100529
99444.4
98622.3
97926.6
97244.7
96582
96056.7
95499.7
95089.9
94771.9
96825.7
96797.9
96767.1
96721.1
96672.5
96613.5
96552.5
96489.4
96427.3
96366.5
96308.6
96253.9
96202.2
96153.5
96107.7
96065.4
96026.4
95990.8
95958.6
95930
95904.8
95883.3
95865.3
95851.1
95840.4
95833.1
95830.1
95830.3
95833.5
95841.2
95852.7
95866.8
95884.9
95908.3
95935.7
95966.3
96001.4
96041.7
96086.7
96135.5
96188.5
96246.3
96309
96376.3
96448.6
96525.3
96606.4
96692.6
96783.6
96878.2
96975.3
97075.3
97177.6
97282
97388.1
97495.5
97603.6
97712.3
97820.5
97928.2
98034.1
98138.3
98239.7
98337.5
98431.4
98519.9
98603.1
98679.8
98749.1
98809.6
98862.1
98906.2
98938.5
98960.7
98973.8
98975
98961.7
98934.1
98894.1
98841.9
98777.6
98701.4
98614.2
98516.6
98409.3
98292.5
98166
98031.3
97891
97742.7
97586.3
97425.8
97261.1
97095.9
96928.3
96756.4
96587.3
96421.7
96256.8
96095.6
95943
95796.6
95658.1
95527.3
95405.6
95294.6
95195.8
95112.6
95039.7
94981.9
94943
94917.3
94910.6
94925.5
94953.6
94998.7
95072.3
95169
95281.9
95399.7
95526.5
95666.8
95826.6
96002.2
96194
96414.4
96662.2
96923.1
97210.8
97526
97849.2
98202.8
98585.8
98980.1
99398.8
99859.8
100325
100813
101320
101832
102337
102818
103338
103892
104405
104853
105248
105721
106200
106545
106944
107397
107687
107938
108228
108374
108507
108584
108483
108272
107977
107595
107114
106504
105895
105221
104616
104040
103366
102980
101827
100679
99820.2
99086.2
98329.5
97657.8
97063.1
96485.8
95915.8
95538.6
97180.7
97163.2
97115.2
97063.1
96998.9
96929.1
96857.5
96788.2
96719.2
96652.5
96589.4
96529.9
96474.5
96422.7
96374.2
96329.9
96289.3
96252.6
96219.7
96190.6
96165.5
96144.1
96126.5
96112.8
96102.5
96096.1
96093.6
96094.1
96098.5
96106.6
96117.6
96132.1
96150.8
96173.8
96200
96230
96264.3
96302.9
96345.5
96392.3
96443.3
96498.3
96557.5
96620.9
96689.1
96761.6
96838.4
96919.5
97004.9
97093.3
97183.8
97276.7
97371.6
97468.3
97566.7
97666
97766.4
97867.2
97967.2
98066.3
98164.1
98259.5
98352.3
98441.3
98526.8
98607.2
98682
98750.8
98812.3
98866
98910.8
98948.4
98976.1
98992.6
98999.9
98997.3
98982.9
98954.4
98912.8
98859.5
98795.9
98721.8
98638.3
98545.4
98443.6
98333.2
98214.9
98087
97954.3
97816.7
97671.9
97522.6
97367.8
97213.5
97059.6
96900.7
96743.9
96591
96438.6
96288.7
96146.4
96009.4
95880.5
95757.5
95644.3
95541.2
95450.2
95373.3
95306.3
95255.9
95222.3
95202.6
95203.9
95225
95259.7
95316.1
95402.2
95507
95626.4
95753.7
95886.7
96041.4
96213.4
96400.9
96610.6
96853.2
97124.3
97413.1
97726.1
98064.9
98425.2
98811.4
99222.5
99652.8
100110
100605
101104
101631
102159
102701
103247
103779
104351
104938
105485
105956
106398
106971
107448
107779
108233
108696
108984
109294
109589
109757
109950
110055
109981
109826
109568
109261
108773
108155
107539
106901
106357
105512
105004
104339
102981
101841
100975
100161
99369.7
98689.6
98023.9
97446.8
96759.8
96298.8
97554.4
97495.8
97438.8
97367.7
97286
97210
97126.4
97050.9
96974.3
96902.6
96834.8
96771.6
96713.1
96658.8
96608.1
96562
96520.1
96482.4
96448.8
96419.4
96394.3
96373.2
96356.3
96343.2
96333.9
96328.5
96326.4
96328
96333.6
96341.9
96353.3
96368.9
96388.2
96410.4
96436.4
96466.3
96500
96537.3
96578.8
96624.2
96673.3
96726
96782.5
96843.2
96908.4
96977.6
97050.5
97127.1
97207
97289.5
97374.1
97461.2
97550.2
97640.3
97732
97824.6
97917.4
98010.5
98103.2
98194.9
98285.3
98373.1
98458.4
98539.8
98617.5
98690.7
98757.7
98819.4
98874.1
98921.4
98960.1
98990.9
99014.1
99026.5
99029.1
99022.4
99005.8
98977.4
98936.4
98883
98819.8
98746.9
98665.6
98576.9
98480.8
98376.7
98266.9
98148.2
98022.3
97893.5
97759.4
97622.2
97478.8
97334
97192.7
97045.7
96900.9
96760
96619.2
96481.5
96348.9
96220
96098.9
95984.9
95880.3
95784.1
95699.4
95627.7
95566.6
95522.4
95493.5
95479.7
95487.4
95512.9
95555.5
95621.2
95714
95824.5
95949
96083.4
96224.5
96389.9
96571.3
96768.3
96995
97256.9
97546.9
97858.4
98192.9
98555.3
98945.7
99361
99801.8
100266
100754
101281
101813
102365
102915
103490
104069
104648
105264
105878
106453
106952
107475
108113
108548
108889
109404
109854
110161
110517
110804
111014
111264
111382
111344
111238
111010
110777
110291
109665
109040
108462
107940
106923
106437
105430
104032
102912
102044
101113
100326
99645.1
98925.8
98347.1
97578.8
97041
97890.1
97807.2
97744.3
97642.8
97541.3
97450.3
97360
97278
97195.7
97119.9
97047.8
96981.4
96920.3
96864.2
96812.5
96765.4
96722.5
96684
96650.2
96620.7
96595.7
96575.3
96558.9
96546.3
96538.2
96533.7
96532.5
96535.4
96541.8
96550.8
96563.4
96580.1
96599.3
96621.6
96648.1
96678.6
96711.8
96748.3
96788.9
96833.5
96881.4
96932.2
96986.5
97045.2
97108.1
97174.4
97243.9
97316.4
97391.5
97469.3
97548.8
97630.3
97713.7
97798.1
97883.9
97970.5
98057.4
98144.2
98230.2
98314.8
98398.4
98479.6
98558
98632.8
98703.5
98770.4
98830.7
98885.7
98934.6
98975.9
99009.4
99034.1
99052.3
99061.5
99060.4
99050.5
99031.2
99002.1
98962.2
98910.7
98849.1
98778
98698.4
98612.1
98520.6
98421.8
98318.6
98210.7
98093.1
97972.9
97848.2
97722.3
97591.4
97456.5
97326.8
97191.7
97058.5
96928.6
96798.3
96671.7
96548.8
96427.6
96314.9
96208.9
96110.9
96020.9
95942.7
95875.8
95819
95779.9
95754.7
95746.3
95758.1
95787.8
95836.2
95908.4
96005.6
96120.2
96248.5
96387.6
96535.6
96707.4
96895.3
97102.3
97344.7
97625.7
97927.4
98254.7
98607.5
98995.2
99405.7
99847
100320
100813
101329
101884
102438
103012
103585
104189
104800
105423
106073
106707
107305
107840
108427
109064
109487
109882
110443
110861
111206
111577
111861
112134
112427
112541
112545
112471
112283
112099
111613
110990
110379
109788
109204
108132
107545
106306
104967
103872
102971
101955
101159
100465
99736.1
99135.3
98320.2
97739.5
98204.9
98125.5
97995.4
97871.5
97756.7
97653.8
97558.8
97470.4
97384.8
97306.3
97231.8
97163.2
97100
97042.5
96990
96942.2
96899
96860.3
96826.4
96797.1
96772.6
96752.7
96736.7
96725
96717.9
96714.5
96714.7
96718.7
96726
96736.4
96750.4
96767.9
96787.3
96810.4
96837.7
96868.6
96901.9
96938.2
96978.5
97022.3
97068.9
97118.4
97171.7
97229.2
97290.2
97353.8
97419.9
97488.9
97560
97633.3
97708.7
97785.7
97864.3
97943.8
98024.2
98105.4
98186.6
98267.7
98348.2
98427.2
98504.6
98579.7
98651.9
98720.8
98785.2
98846
98901
98949.7
98993.5
99029.6
99058.3
99078.5
99091.3
99097.4
99093.1
99080.3
99059.4
99029.2
98989.6
98940.2
98881.4
98813.6
98737.4
98653.2
98564.9
98470.9
98371.3
98272.2
98164.5
98053.3
97937.9
97821.9
97702.9
97579.5
97460.8
97337.1
97215.3
97095.8
96976
96858.8
96744.2
96632
96527.4
96427.3
96334.9
96251.2
96178.1
96114.3
96061.6
96026.5
96004.9
96001.4
96015.9
96049
96100.9
96176.6
96276.4
96393.4
96523.6
96665.5
96817.2
96990.4
97184.3
97401.6
97657.9
97953
98263
98601.6
98969.7
99376.8
99805.2
100272
100772
101287
101834
102405
102976
103569
104164
104794
105438
106098
106770
107418
108035
108609
109228
109834
110286
110762
111317
111712
112098
112457
112764
113100
113412
113515
113562
113504
113364
113195
112697
112079
111465
110822
110097
109084
108308
107005
105749
104688
103727
102692
101859
101161
100440
99783.6
98983
98374.9
98503.9
98356.5
98190.2
98054.3
97934.3
97823.2
97726.3
97634.7
97547
97466
97389.9
97319.8
97255.3
97196.7
97143.6
97095.4
97052.2
97013.6
96980
96951.4
96927.5
96907.9
96892.6
96881.9
96875.9
96873.9
96875.4
96880.8
96889.5
96901.5
96916.4
96934.1
96955.7
96980.1
97007.9
97039.3
97073.2
97109.7
97149.4
97192.7
97239
97288.2
97340.7
97396.7
97455.4
97516.3
97579.6
97645.6
97713.5
97783.4
97855.1
97928.4
98002.7
98078
98154.1
98230.7
98307
98382.9
98457.9
98531.7
98604
98674
98740.6
98804.1
98863.3
98918.3
98968.5
99011.6
99050.3
99082.3
99106.3
99123.1
99131.4
99133.8
99127.3
99111.6
99089.1
99058.6
99019
98971
98914.8
98850.8
98779.4
98699.8
98614.4
98525.7
98429
98334.2
98235.9
98133.5
98027.6
97921
97812.9
97700.7
97592.9
97480.6
97369.2
97259.8
97150.2
97041.9
96934.8
96831.4
96733.7
96639.4
96552
96473.2
96404.3
96343.2
96293.5
96260.9
96243.8
96242.7
96258
96294.2
96349.2
96425.8
96525
96642.1
96773
96914.9
97066.4
97239.9
97437.7
97664.3
97933.3
98231
98547.6
98895.3
99279.5
99696.6
100142
100635
101153
101687
102258
102838
103427
104035
104648
105306
105978
106662
107347
108012
108641
109245
109866
110452
110963
111495
111999
112406
112815
113166
113516
113891
114190
114294
114376
114320
114222
114044
113526
112923
112257
111566
110694
109788
108799
107522
106343
105315
104308
103292
102433
101729
101038
100305
99568.9
98952.2
98743.2
98570.1
98330.7
98188
98074.2
97960.8
97859.2
97765.2
97677
97595.4
97518.4
97447.2
97382
97322.8
97269.3
97221.2
97178.3
97140.2
97107.3
97079.4
97056
97037.1
97022.7
97013.1
97008.3
97007.7
97010.6
97017.4
97028
97041.5
97057.6
97077.1
97100.2
97125.5
97154
97186.3
97221.1
97257.9
97297.7
97340.9
97387.2
97436.1
97487.6
97542
97598.9
97658.1
97719.3
97783
97848.4
97915.7
97984.4
98054.5
98125.5
98197
98269.3
98342
98414.5
98486.5
98557.4
98626.4
98693.8
98759.1
98821.4
98880.3
98935.1
98985.1
99031
99070
99103.6
99132.1
99152.2
99165.7
99171.1
99169.5
99161.3
99143.8
99119
99088.4
99049.3
99002.3
98948
98887.1
98819.8
98747
98665.8
98583.5
98492.2
98399.1
98306.7
98211
98114.3
98016.8
97918.5
97816.8
97718.9
97618.1
97516.2
97416.3
97316.1
97216.6
97116.8
97020.7
96929.1
96839.9
96757.2
96681.9
96616.1
96556.5
96509.6
96478.5
96464.2
96463.4
96478.9
96516.7
96572.7
96650.6
96748.1
96863.4
96993.4
97130.8
97279.6
97452.4
97652.2
97885.9
98161.2
98457.7
98776.6
99131.7
99530.7
99951.9
100413
100927
101455
102009
102593
103176
103787
104400
105033
105717
106408
107105
107800
108479
109111
109733
110346
110930
111496
112040
112501
112935
113340
113705
114102
114480
114745
114866
114961
114905
114827
114637
114089
113516
112780
111957
111065
110233
109075
107866
106728
105720
104708
103731
102882
102155
101514
100725
100058
99453.9
98843.3
98805
98443.1
98322.7
98198.5
98085.4
97980.1
97882.1
97791.7
97708.9
97631.8
97560.5
97495.2
97435.8
97382
97333.9
97291.4
97253.9
97221.5
97194
97171.5
97153.6
97140.2
97131.7
97128.2
97129.1
97133.6
97142
97154.2
97169.2
97186.9
97208.3
97232.6
97258.8
97288.2
97321.4
97357
97394.5
97434.9
97478.3
97524.4
97572.9
97623.6
97676.9
97732.4
97790.2
97850
97911.7
97975
98039.9
98106.1
98173.3
98241.2
98309.6
98378.5
98447.6
98516.2
98584.4
98651.8
98717.3
98780.6
98841.4
98899.4
98953.9
99004.6
99050.5
99091.9
99127.5
99156.6
99181.4
99198.4
99208
99211.4
99206.5
99195.8
99177.6
99150.8
99119.5
99080.9
99035.2
98982.5
98924.1
98859.3
98792.8
98717
98641.2
98559.3
98471.2
98383.3
98291.6
98201.9
98112.5
98023.7
97932.1
97843.8
97754.1
97661.9
97571.5
97479.8
97388.6
97296
97206.7
97120.1
97035.3
96956.9
96884.3
96820.1
96762.3
96717.7
96686.6
96672.2
96671.2
96687.1
96724.7
96779.4
96858.2
96952.4
97063.7
97189.4
97319.5
97465.2
97634.6
97836.5
98074.7
98346.5
98642.2
98963
99324.7
99728.4
100153
100632
101156
101689
102265
102849
103438
104064
104679
105336
106036
106731
107443
108143
108825
109460
110093
110700
111287
111876
112409
112854
113309
113693
114089
114511
114871
115098
115234
115328
115263
115184
114974
114417
113828
113075
112073
111229
110420
109170
108027
106913
105915
104929
104005
103186
102452
101846
101046
100448
99871.3
98753.3
98809.8
98592.9
98462.7
98322.9
98208.6
98103
98001.8
97908.9
97824.4
97746.5
97674.7
97609.1
97549.8
97496.6
97448.9
97406.9
97370
97338.1
97311.4
97289.6
97272.7
97260.2
97252.7
97250.8
97253.7
97260.2
97270.3
97284.3
97301
97320.6
97343.5
97369.1
97396.7
97427.2
97461
97497.3
97535.7
97576.8
97620.4
97666.3
97714.3
97764.6
97816.9
97871.6
97928.2
97986.3
98046
98107.3
98169.7
98233.2
98297.6
98362.4
98427.6
98493.1
98558.9
98624
98688.1
98751.1
98812.6
98871.9
98928.8
98982.5
99032.6
99078.9
99120.6
99157.3
99189.3
99214.4
99234.8
99249
99254.7
99255.3
99248.3
99234.5
99215.3
99187.7
99155.3
99117
99072.4
99021.5
98965.8
98903.1
98839.9
98770.1
98698.4
98626.5
98548.3
98469.8
98385.1
98300.2
98217.4
98136.8
98055
97976.3
97897.8
97815.7
97734.7
97651.6
97567.9
97483.1
97400
97317.6
97236.6
97161.9
97091.6
97027.7
96971
96927.2
96895.2
96879.9
96876.6
96891.8
96927.4
96979.3
97054.6
97143.8
97249.7
97363.7
97487.4
97628.1
97793.2
97994.5
98231.3
98496.6
98788.6
99111.6
99480.7
99877
100303
100798
101324
101861
102451
103030
103631
104256
104877
105559
106262
106954
107684
108375
109052
109695
110337
110941
111526
112104
112617
113068
113525
113895
114323
114734
115059
115258
115391
115477
115390
115290
115049
114512
113845
113133
112124
111212
110357
109074
107986
106906
105917
104964
104101
103327
102630
102025
101267
100729
100219
98745.5
98721.6
98755.8
98583.6
98451.2
98338.1
98226
98121.2
98026.3
97940
97861
97788.9
97723.4
97664.3
97611.5
97564.6
97523.3
97487.4
97456.6
97430.9
97410
97393.5
97381.5
97375.1
97375.3
97380.8
97389.7
97401.9
97417.4
97436
97457.6
97482
97509.2
97538.7
97570.6
97605
97642.1
97681.5
97723
97766.9
97812.8
97860.8
97911
97962.8
98016.3
98071.4
98127.9
98185.7
98244.8
98305.1
98365.9
98427.3
98489.3
98551.5
98613.4
98675.5
98737.1
98797.7
98856.7
98913.9
98968.7
99020.9
99070.5
99116.4
99158.4
99195.9
99228.3
99256
99277.4
99293.3
99304.3
99307
99303.8
99294.9
99278.8
99257.6
99230
99196.7
99158.7
99115.1
99065.8
99012.7
98953.9
98892.2
98829
98759.5
98693.1
98623.1
98556
98484.9
98409.5
98334.7
98260.8
98187.6
98117.9
98049.6
97977.8
97906.2
97832
97755.3
97677.3
97599.8
97521.4
97444.1
97371.8
97303
97237.9
97180.5
97136.8
97103.8
97085.5
97077.6
97090.4
97122
97168.3
97237
97318.7
97413.5
97517.3
97630.8
97763.6
97924.2
98119.9
98344.7
98608.5
98893.7
99216.9
99587.8
99972.4
100399
100902
101421
101966
102557
103129
103745
104362
104993
105690
106379
107086
107809
108487
109160
109817
110464
111060
111633
112184
112675
113142
113575
113950
114385
114757
115041
115218
115337
115379
115278
115140
114857
114372
113636
112860
112004
111013
110059
108797
107748
106715
105734
104815
104016
103310
102670
102069
101384
100895
100463
99160.3
98801
98880.3
98674.9
98583
98463.7
98344.9
98237
98140
98052.4
97972.7
97900.3
97834.8
97776.2
97724.3
97678.5
97638.3
97603.8
97574.2
97549.6
97529.8
97514.1
97503
97498.5
97501.3
97509.6
97521.1
97535.5
97553.4
97573.7
97597
97623
97652
97683.4
97716.7
97752.3
97790.4
97830.8
97873
97917.2
97963.6
98012
98061.9
98113.1
98165.6
98219.5
98274.6
98330.6
98387.6
98445.3
98503.8
98562.5
98621.5
98680.7
98739.7
98798.2
98855.6
98912.2
98967.4
99020.8
99071.8
99119.8
99164.8
99206
99243.5
99276.8
99305.1
99328.6
99346.2
99358
99364.9
99365.3
99358.6
99347
99329.5
99305.4
99277.9
99244.2
99206.5
99164
99116.6
99065.5
99011.8
98952
98896
98831.9
98769.4
98704.3
98642.7
98583.4
98521.9
98459.9
98395.8
98332
98270.2
98210.5
98149.1
98086.4
98020.4
97951
97878.9
97806.1
97731.1
97656.8
97585.8
97516.6
97449
97389.4
97344
97308.8
97284.9
97272.2
97280.1
97305.3
97342.3
97401.9
97472.3
97552.9
97643.8
97745.5
97869.7
98020.3
98204.7
98418.2
98670.7
98950.4
99273.8
99634.4
100004
100434
100940
101442
101998
102576
103142
103767
104372
105020
105716
106383
107122
107801
108479
109156
109824
110461
111047
111602
112121
112601
113068
113457
113843
114250
114574
114813
114965
115061
115052
114932
114744
114402
113989
113259
112314
111480
110545
109545
108364
107337
106345
105375
104496
103763
103131
102543
101987
101393
100928
100582
99564.1
99087.1
98968.4
98798.9
98688.3
98570.1
98451.8
98343.2
98244.9
98156.9
98077.1
98004.7
97939.7
97881.8
97831.1
97786.6
97748.2
97715.5
97687.7
97664.8
97647.1
97633.7
97625.3
97623.5
97628.7
97639
97652.7
97669.4
97690
97711.8
97737
97765.1
97795.9
97829
97864
97901.3
97940.8
97982.3
98025.6
98070.8
98117.9
98166.4
98216
98266.9
98318.8
98371.8
98425.6
98480.2
98535.4
98591
98646.8
98703
98759.4
98815.6
98871.1
98926.5
98980.6
99033.4
99084.4
99133.2
99180.1
99224.2
99265.3
99302.5
99335.6
99364.1
99388.4
99407.6
99421.2
99429.4
99432
99429.8
99420.4
99405.5
99386.4
99359.9
99331.8
99297.7
99261.1
99219.2
99174.3
99125.1
99076.5
99020.6
98968.7
98912.6
98856.9
98799.1
98741.1
98687.8
98636.2
98587.3
98536.7
98485.3
98433.2
98382.1
98329.5
98275.5
98217.2
98154.9
98088
98018.7
97945.1
97872.3
97801.2
97729.5
97658.6
97595.9
97546.1
97506.5
97475.4
97455.8
97455.5
97470.8
97498.7
97544.3
97598.4
97663.5
97738.7
97827.3
97936.2
98071.5
98241.8
98444.4
98680.7
98951.9
99269.2
99607.5
99963
100397
100904
101388
101947
102502
103072
103687
104285
104947
105623
106286
107025
107662
108357
109043
109702
110318
110892
111426
111918
112385
112826
113169
113553
113910
114185
114381
114504
114558
114505
114363
114120
113723
113338
112656
111723
110713
109819
108851
107761
106764
105812
104867
104035
103375
102795
102249
101749
101296
100790
100530
99648.8
99325.1
99111.5
98933.3
98794.6
98665.2
98546.2
98437.6
98338.8
98250.3
98170.9
98099.2
98035.3
97978.6
97929.3
97886.6
97850.1
97819.6
97794.5
97774.8
97760.3
97750.6
97746
97747.2
97754.1
97765.6
97780.8
97799.5
97820.7
97846.9
97875
97905.5
97938.5
97973.7
98011
98050.5
98091.7
98134.7
98179.6
98226
98273.9
98322.9
98372.6
98423.4
98475.1
98527.5
98580.4
98633.7
98687.2
98740.9
98794.7
98848.4
98902.4
98956.2
99008.9
99060.5
99111.1
99160.6
99208.3
99253.6
99296.1
99335.6
99372.3
99405.4
99434.5
99458.7
99478.8
99494.1
99503.7
99508.3
99506.7
99501.3
99489.2
99471.6
99450
99422.5
99393
99358.2
99323
99281.9
99239.3
99192.4
99147.4
99097.5
99047.4
98997.5
98948.1
98900.1
98850.7
98804
98758.9
98719.7
98681.8
98644.1
98604.7
98563
98518.9
98473.3
98421.9
98365.2
98302.3
98235.3
98162.1
98088.5
98016.1
97940.2
97863.7
97795.9
97740.1
97692.4
97651.4
97621.4
97610.7
97612.6
97628.6
97656.8
97690.4
97736.8
97795.3
97865.1
97952.9
98073.3
98227.5
98413.5
98634.7
98894.5
99188.4
99505.5
99848
100283
100779
101246
101804
102328
102907
103496
104097
104755
105406
106080
106770
107413
108120
108799
109434
110027
110589
111099
111565
112001
112400
112710
113064
113371
113590
113741
113828
113835
113753
113587
113295
112869
112428
111754
110965
109876
108928
108032
107014
106047
105147
104242
103464
102867
102324
101807
101336
101046
100480
100271
99606.1
99374.3
99181.6
99010.8
98862.7
98727.5
98607.3
98499.1
98401.2
98313.5
98235.4
98164.6
98102.6
98048
98000.7
97960.3
97926.3
97898.6
97876.6
97860.2
97849
97842.9
97841.7
97845.7
97854.8
97868.4
97886
97907.4
97932
97960.2
97990.9
98024
98059.4
98097.2
98137
98178.8
98222.1
98267.1
98313.7
98361.7
98410.7
98460.6
98511.2
98562.5
98614.3
98666.5
98719.1
98771.9
98824.5
98877.1
98929.7
98982.1
99034.2
99085.7
99136.3
99185.8
99233.7
99280
99324.4
99366.7
99406.3
99443
99476
99505.5
99530.9
99551.5
99567.8
99579.3
99585.9
99586.9
99582.5
99573.9
99559.3
99539.9
99515.4
99488
99457
99422.5
99387.4
99347.9
99306.3
99262.5
99218.6
99174.5
99128
99084.2
99039.5
98998.9
98958.5
98921
98883.9
98851.7
98823.9
98798.2
98771.4
98740.3
98704.7
98665.5
98619.6
98567.7
98508.3
98442.3
98368.5
98293
98216.5
98134.9
98052.1
97978.3
97913
97854.5
97801.5
97759.7
97736
97721.6
97721.3
97729.9
97742.2
97766.5
97802.3
97849.2
97919.5
98022.5
98158
98324.4
98530.3
98771.9
99036.1
99336.4
99679.8
100103
100550
101004
101564
102062
102639
103198
103805
104442
105069
105743
106376
107055
107752
108407
109017
109591
110133
110614
111049
111443
111779
112058
112368
112614
112782
112887
112930
112889
112783
112591
112268
111831
111301
110607
109863
108880
107924
107071
106146
105179
104344
103486
102768
102199
101711
101228
100790
100581
100037
99906.3
99572.3
99379.5
99203.6
99043.1
98898.1
98765.2
98646.1
98539
98442.8
98356.6
98279.6
98210.8
98150.6
98098.1
98053
98015.1
97983.8
97959
97940.1
97926.8
97918.9
97916.1
97918.2
97925.4
97937.3
97953.6
97974
97998.3
98026
98056.7
98090.2
98126
98164
98204.6
98247.1
98291.4
98337.1
98384.4
98433
98482.7
98533.1
98584.3
98636
98688.2
98740.5
98793.3
98846
98898.7
98951.1
99003.2
99055
99106.4
99157.4
99207.4
99256.2
99303.7
99349.8
99394.2
99436.3
99475.7
99512.2
99546.1
99576.2
99603
99625.4
99643.3
99656.5
99664.4
99668.3
99665.9
99659.1
99647.6
99630.9
99610
99583.3
99555.6
99523.1
99489.6
99453.4
99416
99375.2
99334.6
99292
99252.6
99211
99173.9
99136.2
99101.8
99068.4
99039
99010.6
98985.4
98965.2
98948.8
98933.6
98913.7
98887.2
98853.8
98812.4
98764.2
98706.5
98639.8
98565.2
98485.9
98402.7
98314.1
98224
98143
98066.4
97994.3
97926.9
97871.3
97831.5
97798
97777.1
97763.1
97751.8
97750.6
97760
97786
97838
97918.1
98031.4
98179.6
98364.4
98578.1
98822.1
99105.9
99440.2
99826.8
100236
100686
101223
101699
102262
102799
103425
104024
104615
105279
105872
106566
107230
107855
108446
109003
109516
109967
110358
110716
110980
111205
111468
111639
111758
111816
111814
111728
111593
111370
111037
110602
110022
109333
108525
107698
106819
105976
105127
104163
103396
102610
101933
101373
100929
100507
100137
99947.9
99472.8
99456.4
99530
99358.6
99195.7
99044.7
98906.9
98780.3
98665.1
98560.9
98467.3
98383.4
98308.6
98242.5
98184.8
98135
98092.9
98058
98030
98008.6
97993.3
97983.7
97979.6
97980.7
97986.7
97997.6
98013.1
98033
98057
98084.9
98116.2
98150.2
98187
98226.2
98267.7
98311.6
98357.3
98404.6
98453.4
98503.5
98554.4
98606.3
98658.7
98711.7
98765
98818.5
98872.1
98925.5
98978.9
99031.8
99084.3
99136.3
99187.8
99238.5
99288.3
99337.1
99384.9
99430.8
99474.8
99516.7
99556.9
99594.3
99628.6
99659.7
99686.8
99710.4
99729.7
99744.8
99754.8
99759.8
99760.8
99755.4
99746
99731.1
99712.6
99689.5
99661.3
99632.2
99598.5
99565.4
99527.6
99492.2
99453
99415.6
99376.1
99341.4
99305.7
99274.3
99244
99216.6
99189.5
99167
99147.3
99130.6
99117.5
99108.1
99102.6
99093
99076.2
99049.7
99011.8
98964.6
98906.8
98838.6
98760.8
98675.5
98583.7
98485.2
98385.5
98293.4
98203
98113.1
98027.4
97955
97894.9
97839.7
97794.7
97751.6
97711.8
97681.1
97665
97669
97696.6
97752.2
97841.3
97966.9
98121.4
98302.8
98524.3
98786.8
99094.3
99444.6
99834.5
100284
100762
101223
101777
102297
102914
103481
104053
104701
105260
105943
106570
107163
107730
108260
108736
109153
109498
109820
110038
110197
110381
110491
110552
110559
110517
110399
110232
109992
109645
109212
108645
107985
107190
106420
105628
104793
103969
103092
102351
101652
101000
100474
100018
99650.3
99353.7
99174.7
98826.6
98825.5
99454.5
99298.9
99150
99009.7
98879.7
98760.1
98650.8
98551.6
98462.2
98382.3
98311.4
98248.9
98195.1
98149.2
98110.9
98080.1
98056.3
98039.2
98028.3
98023.4
98023.9
98029.6
98040.4
98056.1
98076.3
98100.8
98129.4
98161.8
98197.3
98235.6
98276.6
98320.1
98366
98413.9
98463.7
98514.8
98567.3
98620.7
98674.9
98729.5
98784.7
98840.3
98895.8
98951.4
99006.7
99061.8
99116.2
99170.1
99223.4
99275.8
99327.4
99377.9
99427.4
99475.3
99522
99567
99610
99650.2
99688.1
99723
99755
99783.8
99808.9
99829.7
99846
99858.2
99864.9
99867.1
99864.4
99856.9
99844.6
99826.5
99806.1
99780.3
99751.3
99719.6
99685.5
99651.6
99613.5
99578.5
99541.6
99507.4
99472.7
99442.2
99412.2
99385.2
99360.2
99338.9
99318.4
99302.1
99290.8
99283.4
99279.3
99277.6
99279.1
99278
99270.1
99249.5
99215
99168.1
99107.8
99035.1
98952
98858.7
98755.3
98644.3
98533
98423.7
98314
98204.1
98097.3
98002.3
97917.6
97837.6
97764.1
97686.1
97614.5
97552.7
97508.5
97486.7
97489
97520.3
97582.7
97676
97796.1
97949.5
98144.3
98381
98657.1
98978.1
99348.4
99761.7
100191
100666
101173
101685
102262
102810
103385
104005
104496
105177
105775
106347
106888
107382
107820
108194
108494
108769
108960
109064
109155
109206
109212
109167
109079
108934
108732
108485
108127
107716
107173
106543
105837
105076
104342
103557
102745
101990
101261
100623
99998.4
99513.3
99043.1
98699.3
98447.7
98298.8
98071.3
98053.7
99326.8
99185
99049.6
98921.3
98801.5
98690.7
98589.2
98496.9
98413.8
98339.8
98274.7
98217.6
98169
98128.4
98095.4
98069.9
98051.5
98040
98034.7
98035.5
98041.8
98053.5
98070.3
98091.9
98118.1
98148.4
98182.8
98220.7
98261.4
98305.4
98352.1
98401.3
98452.6
98505.8
98560.5
98616.5
98673.6
98731.4
98789.8
98848.6
98907.7
98966.7
99025.4
99083.9
99142
99199.5
99256.1
99311.9
99366.7
99420.5
99472.9
99524
99573.8
99621.9
99668.1
99712.3
99754.5
99793.9
99830.7
99864.1
99894.3
99920.6
99943.3
99961.5
99975.4
99984.9
99988.9
99988.5
99982.2
99972.5
99956.8
99936.4
99913
99884.9
99854.9
99820.4
99786.1
99750.2
99713.7
99677.7
99643.1
99611.2
99581.3
99554.1
99528.6
99505.5
99485.8
99468.9
99453.7
99443.2
99439.6
99440.6
99447.1
99455.2
99462.9
99468.5
99467.6
99451.5
99420.1
99371.5
99305.7
99226.7
99135.4
99030
98912.1
98785.5
98657.6
98527.3
98393.9
98258
98126.9
98004.8
97891.3
97780.7
97673.1
97557.9
97450.9
97355.5
97280.2
97231.2
97207.3
97211.2
97240.2
97300.3
97389.3
97512.9
97676.1
97879.8
98120
98415
98752.7
99122.7
99532.8
99981.5
100454
100969
101498
102049
102622
103141
103635
104274
104840
105398
105914
106387
106802
107112
107372
107603
107756
107825
107826
107804
107751
107668
107543
107375
107147
106885
106551
106151
105625
105025
104383
103675
102999
102287
101504
100818
100148
99551
98967.9
98493.7
98058.2
97725.6
97503.2
97375
97194.9
97249.1
99125.9
98998.1
98876.5
98761.3
98653.5
98553.7
98462.1
98379
98304.5
98238.5
98181
98131.4
98090
98056.4
98030.5
98012.1
98000.9
97996.5
97998.4
98006.5
98020.3
98039.5
98063.8
98093
98126.7
98164.4
98206
98251
98299.4
98350.6
98404.5
98460.6
98518.7
98578.6
98639.8
98702.2
98765.4
98829.2
98893.2
98957.5
99021.7
99085.6
99149
99212
99274.1
99335.2
99395.3
99454.3
99511.9
99568.1
99622.7
99675.7
99726.7
99775.9
99822.9
99867.6
99909.6
99948.7
99984.7
100017
100046
100071
100093
100109
100120
100127
100129
100125
100117
100104
100085
100063
100036
100006
99973.5
99937.3
99901.7
99863.4
99828.1
99791.4
99758.7
99727.7
99701.7
99677
99655.9
99636.8
99621.9
99610
99600.2
99594.1
99595.6
99603.2
99618.6
99636.5
99651
99662.5
99664.8
99651.9
99621
99568
99496.7
99408.3
99303.3
99181.9
99046.7
98901.9
98752.5
98595.7
98432.2
98266
98105.9
97954.4
97805.7
97658.4
97509.1
97355.6
97210.5
97079.4
96970.2
96890.1
96835.2
96806.2
96803.8
96834.3
96892.9
96983.2
97107.1
97272.4
97480.3
97742.1
98041.5
98378.9
98768.3
99176.8
99634
100122
100631
101177
101723
102176
102683
103250
103787
104309
104776
105233
105697
105932
106149
106343
106456
106496
106428
106316
106203
106066
105932
105747
105522
105227
104923
104480
103984
103450
102861
102217
101626
100976
100246
99580
99001.6
98451.2
97924.3
97455.6
97082.7
96765.9
96540.6
96431.5
96253.4
96338.8
98827.2
98714.5
98607.6
98506.8
98412.7
98325.9
98246.6
98175.2
98111.7
98056.4
98009
97968.8
97936.8
97912.8
97896.4
97887.4
97885.4
97890.3
97901.5
97919
97942.3
97971.1
98005
98043.7
98086.9
98134.2
98185.5
98240.6
98297.8
98358
98421
98486.1
98553.1
98621.6
98691.4
98762.2
98833.4
98904.9
98976.7
99048.4
99119.7
99190.3
99260.3
99329.4
99397.5
99464.3
99529.6
99593.4
99655.6
99715.9
99774.2
99830.5
99884.5
99936.3
99985.3
100031
100075
100115
100151
100184
100213
100237
100257
100272
100282
100287
100287
100281
100270
100253
100233
100207
100177
100145
100110
100072
100034
99994.5
99957.7
99920.9
99889.2
99858.9
99835.3
99812.8
99795.5
99780.6
99770
99761.7
99757.7
99756.8
99760.8
99771.4
99792.7
99817.4
99837.9
99854.2
99857.5
99845.2
99810.5
99751.7
99672.2
99568
99445.9
99306.4
99149.2
98982
98805.2
98615.5
98417.6
98219
98022.5
97835.5
97646.8
97456.9
97260.6
97065.5
96882.1
96713
96565.2
96449
96360.8
96299.8
96269.7
96269
96297.1
96356.3
96446.8
96578.8
96757.5
96977.5
97232.9
97541.2
97893
98276.4
98706.5
99156
99629.4
100163
100716
101109
101633
102156
102647
103126
103575
103925
104465
104672
104852
104988
105066
105075
104963
104797
104630
104451
104285
104071
103862
103526
103245
102759
102300
101842
101336
100727
100235
99630.1
98990.4
98345.3
97852
97357
96863.2
96432.6
96107.5
95823.3
95589.5
95450.4
95299.9
95350.3
98402.6
98306.5
98215.9
98131.1
98052.6
97980.9
97916.2
97859
97809.2
97767.1
97732.5
97705.6
97685.2
97673.5
97669.2
97672.2
97682.2
97699
97722.4
97751.9
97787.2
97827.9
97873.8
97924.6
97979.9
98039.4
98102.7
98169.5
98238.9
98311.3
98386.1
98462.9
98541.4
98621.3
98702.2
98783.7
98865.7
98947.8
99029.8
99111.4
99192.2
99272.2
99351.3
99429.1
99505.4
99580.1
99653
99724
99792.9
99859.5
99923.7
99985.4
100044
100100
100154
100203
100249
100292
100330
100364
100394
100419
100439
100453
100462
100466
100464
100456
100443
100424
100401
100373
100340
100304
100266
100227
100185
100145
100105
100068
100035
100006
99982.2
99962.5
99948
99935.5
99928.9
99925
99924.2
99926.4
99933
99944.8
99967.8
99993.2
100017
100034
100036
100021
99978.1
99911.1
99817.5
99694.7
99554
99390.8
99207.3
99011.8
98799.3
98572.6
98338.4
98096.6
97864.2
97633.7
97399.2
97161.4
96916.4
96677.9
96454
96244.7
96056.6
95902.6
95779.1
95687.1
95626.2
95595.1
95596
95621.9
95677.6
95773.7
95917.5
96098.8
96325.2
96605.3
96925.3
97280.7
97667.5
98087.5
98518.6
99030.2
99564.2
99989.2
100501
100981
101442
101890
102329
102600
103051
103302
103450
103517
103546
103526
103411
103233
103033
102858
102654
102404
102169
101872
101575
101105
100686
100262
99794.8
99266.2
98852.6
98289.7
97718.7
97127.9
96721.1
96276.3
95791.2
95426.6
95131
94891.3
94656.9
94468.7
94341.9
94345.7
97824
97745.8
97673.2
97606.3
97545.4
97491.1
97443.5
97403
97369.6
97343.5
97324.6
97313.2
97308.9
97312.1
97323
97341.1
97366.3
97398.2
97436.6
97481.1
97531.6
97587.6
97648.8
97714.8
97785.4
97860
97938
98019.2
98104.6
98192.5
98282.4
98374.2
98467.5
98562
98657.3
98753
98848.9
98944.7
99040
99134.7
99228.4
99321
99412.2
99501.8
99589.5
99675.1
99758.5
99839.5
99917.9
99993.6
100066
100136
100203
100266
100325
100380
100432
100479
100521
100558
100590
100617
100638
100653
100662
100665
100662
100654
100638
100617
100591
100560
100525
100485
100444
100401
100357
100314
100271
100232
100197
100167
100142
100124
100109
100100
100095
100094
100097
100101
100110
100123
100143
100164
100184
100195
100191
100166
100112
100032
99918.8
99778.3
99613.7
99421.4
99208
98976.6
98722.7
98456.1
98171.6
97894.2
97616
97335.9
97049.6
96759.5
96465.7
96182.8
95914.5
95664.4
95438.4
95244.8
95083.4
94957.5
94865.8
94808
94785.4
94784.1
94806.3
94866.9
94976
95129.1
95327.2
95570.3
95853.2
96178.5
96537.6
96928.6
97329.2
97800.5
98295.3
98781.8
99257.9
99713.4
100155
100579
100970
101209
101553
101793
101909
101935
101913
101852
101752
101588
101393
101239
101021
100769
100533
100286
99948.2
99512.8
99160.1
98764
98310
97869.1
97469.8
96967.5
96458.5
95953.2
95583.5
95194.4
94753.6
94441.7
94177.2
93965.8
93734
93530.2
93388.4
93368.1
97068.2
97009.6
96956.5
96909.2
96868
96833.2
96805
96783.7
96769.3
96762.1
96762.2
96769.7
96784.1
96805.4
96835
96871.6
96915.1
96965.4
97022.3
97085.4
97154.4
97229.1
97309.1
97394.1
97483.7
97576.9
97673.9
97774.4
97878.1
97984.4
98093.1
98203.5
98315.3
98428.1
98541.5
98655.2
98768.8
98882.1
98994.7
99106.3
99216.7
99325.5
99432.6
99537.5
99640.2
99740.4
99837.9
99932.5
100024
100112
100197
100278
100355
100427
100496
100560
100618
100672
100720
100763
100799
100830
100854
100871
100881
100885
100882
100872
100855
100833
100804
100770
100731
100688
100643
100596
100548
100501
100455
100412
100373
100340
100313
100293
100277
100269
100264
100264
100267
100274
100283
100295
100309
100323
100333
100332
100315
100272
100202
100101
99966.8
99805.2
99610.8
99386
99137.1
98861.5
98562.1
98248.4
97925.4
97596.5
97265.7
96931.1
96589.1
96242.9
95899.7
95571.5
95260.2
94968.3
94705
94472.3
94274.2
94112.6
93986.7
93902
93859
93846.6
93848.5
93886.7
93969.3
94095.1
94261.3
94467.5
94712.7
95004
95341.7
95701.8
96083.7
96505.9
96984.9
97463.2
97911.4
98370.4
98797.1
99198.8
99529.7
99755.5
99981.8
100181
100267
100267
100201
100093
100009
99882.4
99729.1
99583.1
99396
99176.3
98958.6
98724.1
98375.4
98008.7
97692.3
97335
96910.3
96520.7
96129.5
95697.1
95254.4
94835.1
94460
94146.6
93794.8
93501.2
93270.4
93042.4
92826.6
92620.7
92473.3
92443.5
96196.7
96156.8
96122.7
96094.5
96072.4
96057.1
96048.6
96047
96052.5
96065.2
96085.2
96112.4
96147
96188.8
96238.1
96294.6
96358.1
96428.4
96505.3
96588.5
96677.7
96772.6
96872.9
96978.1
97087.8
97202.3
97320.8
97442.7
97567.5
97694.9
97824.4
97955.8
98088.5
98222.1
98356.3
98490.7
98624.7
98758.2
98890.7
99021.9
99151.6
99279.5
99405.2
99528.4
99648.9
99766.5
99880.8
99991.7
100099
100202
100301
100396
100486
100572
100652
100726
100795
100858
100914
100964
101007
101042
101071
101091
101104
101109
101107
101096
101079
101054
101023
100986
100944
100898
100848
100796
100744
100691
100641
100593
100550
100513
100481
100457
100439
100427
100420
100419
100420
100425
100431
100439
100445
100448
100443
100426
100389
100326
100236
100113
99956.1
99765.7
99537.8
99278.4
98987.3
98667.4
98323.7
97966.1
97593.9
97210.8
96825.9
96435.8
96037.2
95636
95244.9
94874.5
94527.1
94197.7
93895.4
93627.5
93397.3
93199.2
93032.1
92912.9
92847
92829.2
92830.8
92853.4
92916
93015.6
93153
93325.1
93539.7
93796.8
94098.9
94459
94839.1
95214.9
95665
96105.1
96518.8
96973.5
97375.2
97768.5
98042.9
98246.9
98390.6
98506.9
98542.9
98543.5
98465.6
98318.9
98229.5
98151
98060.2
97926.7
97774.9
97597.9
97405.7
97165
96856.5
96569.1
96273.5
95945.7
95576
95213.2
94840.3
94470
94130
93741.9
93360.8
93136
92868.7
92596.4
92370
92132.4
91914.4
91709.1
91571.9
91525.8
95367.6
95343.2
95324.8
95312.7
95307
95308
95316
95331.2
95353.5
95383.2
95420.4
95465.1
95517.4
95577.6
95644.9
95719.5
95801.2
95889.7
95984.8
96086.4
96194.2
96307.9
96427.1
96551.6
96680.8
96814.4
96952.1
97093.3
97237.6
97384.6
97533.8
97684.9
97837.3
97990.7
98144.5
98298.5
98452.1
98604.9
98756.6
98906.9
99055.3
99201.6
99345.5
99486.6
99624.7
99759.4
99890.3
100017
100140
100259
100373
100482
100585
100683
100775
100861
100940
101012
101077
101134
101184
101225
101258
101283
101299
101306
101305
101295
101277
101252
101219
101179
101134
101084
101030
100974
100916
100859
100803
100750
100702
100659
100623
100594
100571
100554
100545
100539
100538
100540
100540
100541
100538
100528
100509
100475
100418
100337
100225
100078
99897.8
99679
99414
99121.3
98793.3
98436.2
98057.5
97656.5
97232.9
96799.5
96367.2
95927.8
95479.5
95031.9
94600.5
94197.1
93824.2
93474.1
93142.6
92843.3
92585.6
92357.3
92156.8
92006.9
91913.8
91877.4
91885.9
91906.4
91956.4
92042.2
92157.8
92306.3
92490.5
92714.2
92981.7
93331.5
93736.1
94095.9
94466.9
94867.1
95223.9
95660.9
96052.3
96420.7
96666.4
96863.2
96981
97047.7
97045.7
97023.4
96931.6
96800.5
96702.7
96640.7
96596.2
96447.7
96304.5
96163.7
95982.1
95766.3
95537.5
95322.3
95041.2
94748.7
94423.8
94090.3
93744
93418.4
93150.7
92810.7
92442.5
92251.2
92062.2
91816.5
91585.2
91330
91096.7
90887.8
90747.2
90703
94666.5
94653.7
94647.2
94647.3
94654
94667.7
94688.6
94716.8
94752.3
94795.5
94846.2
94904.7
94970.9
95045.3
95127.6
95216.9
95313.2
95416.5
95526.9
95643.8
95767.2
95896.4
96031.3
96171.6
96316.8
96466.5
96620.3
96777.8
96938.5
97102.1
97267.9
97435.6
97604.7
97774.8
97945.4
98116.1
98286.3
98455.7
98623.9
98790.5
98955.1
99117.3
99276.9
99433.4
99586.6
99736.1
99881.6
100023
100160
100292
100418
100539
100655
100764
100866
100962
101050
101131
101204
101268
101324
101370
101408
101436
101455
101465
101465
101456
101438
101411
101376
101335
101287
101234
101176
101116
101054
100992
100932
100874
100821
100773
100732
100697
100670
100649
100634
100625
100619
100616
100612
100606
100595
100575
100543
100493
100421
100321
100189
100022
99816.5
99570
99284.9
98964
98608.6
98224.5
97810.7
97363.8
96894.9
96422.4
95951.2
95470.4
94981.3
94497.9
94038.5
93613.2
93224.1
92866.4
92524.6
92205.4
91927.7
91680.7
91462.6
91294.1
91183.6
91126.3
91119.6
91141.4
91184.3
91261.9
91365
91502.7
91666.3
91865
92110.3
92424.8
92828.7
93209.5
93532.2
93845
94188.6
94596.4
94970.8
95320.6
95575
95771.3
95887.6
95933.4
95903.3
95860.1
95756.4
95645.4
95555.1
95508.8
95452.3
95275.5
95114.8
94997.1
94815
94635.8
94500
94323.2
94073.5
93822.4
93520.7
93214.8
92912.3
92620.7
92405.7
92113.6
91780.2
91582.3
91445.8
91216.7
90974.1
90697.7
90447.5
90228.9
90078.4
90052.4
94100.2
94094
94094.7
94102.6
94118.3
94141.8
94172.6
94210.8
94256.6
94310
94371.1
94440.2
94517
94602.3
94697.5
94798.2
94906.4
95021.8
95144.1
95273
95408.4
95550
95697.5
95850.4
96008.5
96171.2
96338.2
96509
96683.2
96860.2
97039.6
97220.9
97403.7
97587.5
97771.8
97956.1
98140
98323.1
98504.9
98684.9
98862.9
99038.3
99210.9
99380.2
99546
99707.8
99865.4
100018
100167
100310
100447
100579
100704
100822
100934
101038
101134
101222
101301
101371
101432
101484
101525
101557
101578
101590
101591
101582
101564
101537
101501
101458
101408
101352
101292
101228
101162
101096
101032
100970
100912
100860
100814
100775
100743
100718
100699
100685
100675
100666
100658
100646
100628
100599
100555
100493
100407
100291
100143
99958.1
99733.3
99470
99167
98824.7
98449.3
98039
97588
97101.6
96599.4
96096.9
95593.7
95081.5
94563.5
94055.1
93577.4
93137.4
92735
92366.4
92021.4
91698.2
91407.7
91148.6
90923
90743.2
90623.2
90556.2
90530.3
90542.4
90577
90646.3
90743.5
90869.1
91024.6
91211.1
91447.3
91729.4
92091.9
92486.3
92803.4
93094.4
93419.3
93792.1
94133.4
94461.7
94720.9
94924.2
95045.6
95092.3
95061.4
94994.5
94882
94771.6
94680.8
94637.8
94549.5
94353.7
94183.8
94075.8
93898.6
93755
93686.4
93529.3
93325.5
93109.7
92815.2
92537.8
92283.6
92036.6
91840.1
91607.1
91323.7
91119.8
90972.1
90759.5
90501.5
90210.3
89941.9
89711
89557
89543.9
93651.7
93652.1
93659.2
93674.3
93696.5
93725.8
93763.1
93808.4
93861.7
93923.2
93992.8
94070.1
94155.8
94253.8
94356.4
94465.4
94581.4
94705
94835.9
94974
95118.7
95269.9
95427.2
95590.1
95758.3
95931.3
96108.6
96289.8
96474.6
96662.3
96852.4
97044.5
97238.2
97432.9
97628.1
97823.4
98018.2
98212.1
98404.7
98595.5
98784.1
98970
99153
99332.6
99508.4
99680.2
99847.4
100010
100167
100319
100465
100605
100738
100864
100983
101094
101197
101290
101375
101450
101515
101571
101616
101650
101674
101686
101689
101681
101662
101635
101598
101553
101501
101443
101380
101314
101245
101176
101108
101043
100981
100925
100876
100833
100797
100769
100745
100728
100714
100701
100688
100670
100645
100609
100557
100485
100388
100261
100100
99901.3
99664
99386.5
99066.1
98707.4
98312.9
97875.1
97394.2
96882.7
96358.1
95831.5
95303
94769.2
94233.2
93710.3
93220.4
92768.6
92350.4
91966.3
91615.7
91296
91003.7
90741.9
90516.8
90333.5
90203.2
90125.8
90092.1
90093.9
90118.3
90176.5
90269.4
90388.8
90542.2
90725.8
90956.1
91225.6
91539
91910.4
92222.5
92542.1
92864
93200.4
93514.8
93818.1
94075.3
94278.9
94403.4
94471
94454.9
94374.1
94247.7
94122.7
94023.1
93959.2
93844.6
93651.4
93483.4
93376.7
93214.2
93097.3
93055.2
92913.3
92751.9
92560.4
92277
92031
91815
91600.5
91424.2
91241.6
91004.8
90800.3
90606.6
90411.6
90139.2
89841.6
89556.8
89314.9
89161.7
89159.3
93302.6
93309.3
93323
93343.3
93370.6
93405.5
93448
93498.4
93556.7
93623
93697.5
93780.4
93872.9
93977.3
94086.4
94202
94325.1
94456
94594.2
94739.5
94891.6
95050.3
95215.2
95385.8
95561.8
95742.6
95927.9
96117.2
96310.1
96506
96704.5
96905
97107
97310.2
97513.9
97717.7
97921
98123.3
98324.3
98523.4
98720.2
98914.2
99105.2
99292.7
99476.4
99655.9
99830.6
100000
100165
100324
100476
100623
100762
100894
101019
101135
101243
101341
101430
101509
101578
101636
101684
101720
101746
101760
101763
101755
101737
101709
101671
101625
101572
101512
101447
101379
101308
101236
101166
101097
101033
100974
100921
100875
100837
100805
100779
100758
100741
100725
100708
100686
100656
100614
100556
100476
100371
100235
100065
99856.9
99609.3
99317.6
98982.3
98609.8
98196
97736.2
97236.9
96710.8
96169.1
95623.2
95076.1
94526.1
93977.2
93445.1
92947.3
92485.8
92054
91657.8
91300.9
90983.4
90695
90437.3
90218
90037.6
89898.5
89804.4
89764.1
89759.6
89778.3
89825.5
89912.5
90028.9
90174.3
90360.6
90586.8
90858.4
91145.5
91475.3
91800.3
92122.3
92450.3
92772
93069.2
93350.5
93596.1
93796.1
93930.7
94008.9
94010.7
93929.9
93794.6
93652
93533
93442.6
93313.6
93128.1
92969
92860.8
92721.2
92623.3
92573.9
92450.2
92313.9
92136.3
91882.9
91662.5
91471.8
91282.4
91118.2
90968.9
90766.2
90561.9
90330.6
90144.7
89863.3
89566
89269.7
89020.3
88870.2
88878.3
93039.9
93049.3
93065.7
93089.3
93120.3
93159
93205.5
93260
93322.6
93393.5
93472.7
93560.7
93659.3
93767.7
93880.9
94001.5
94130.1
94266.4
94410.1
94560.9
94718.7
94883
95053.6
95230
95411.8
95598.6
95789.9
95985.3
96184.4
96386.5
96591.2
96798
97006.5
97216
97426.2
97636.4
97846.1
98054.8
98262.1
98467.4
98670.4
98870.5
99067.6
99261.1
99450.6
99635.8
99816.2
99991.4
100161
100325
100483
100634
100779
100916
101044
101165
101276
101378
101470
101552
101624
101684
101734
101772
101799
101814
101817
101810
101792
101764
101726
101679
101625
101564
101497
101427
101354
101280
101208
101137
101071
101009
100954
100906
100865
100831
100803
100780
100760
100742
100721
100696
100662
100617
100554
100469
100358
100216
100038
99822.2
99565.1
99262.1
98916.4
98530.5
98099.4
97625.2
97116.5
96580.3
96026
95466
94904.8
94342.1
93785.2
93248.4
92744.6
92273.3
91830.5
91424.5
91061
90742.3
90458
90207.9
89997.8
89823.1
89680.6
89574.3
89517.9
89505.3
89521.6
89562.8
89645.1
89760.8
89896.2
90081.5
90313.9
90582.2
90863.4
91168.4
91510.7
91812.4
92147.3
92463.8
92751.9
93017.1
93249.8
93444.2
93582.6
93675.4
93685
93609.4
93473.3
93318.7
93178.1
93061.9
92921.5
92749.3
92597.3
92488.6
92374.2
92289
92214.5
92109.2
91981.9
91817.1
91603.5
91402.4
91228.2
91054.2
90894.1
90759.1
90572
90371.8
90132.5
89940.7
89657.2
89366.4
89060.8
88808
88661.8
88678.3
92846.9
92858.4
92877
92903.1
92936.7
92978
93027.4
93084.8
93150.5
93224.8
93307.8
93401.5
93503.2
93612.1
93728.9
93853.5
93986
94126.6
94274.6
94429.5
94591.2
94759.6
94934.3
95114.8
95300.9
95492.1
95687.8
95887.7
96091.2
96297.9
96507.1
96718.6
96931.7
97146
97360.9
97575.8
97790.3
98003.6
98215.5
98425.4
98632.9
98837.5
99039
99236.9
99430.8
99620.1
99804.7
99983.9
100157
100325
100487
100642
100790
100930
101062
101186
101300
101404
101499
101583
101656
101719
101770
101809
101837
101853
101857
101850
101832
101803
101765
101718
101663
101601
101533
101462
101388
101312
101238
101166
101098
101035
100978
100928
100885
100849
100819
100794
100773
100753
100730
100703
100667
100618
100551
100463
100348
100200
100017
99795.5
99530.6
99219.1
98864.9
98467.3
98024.2
97542.1
97027.8
96484.6
95921.6
95351.1
94779.1
94207.8
93646.7
93107.8
92598.7
92118.3
91667
91253.2
90884.3
90564.1
90283.4
90040.8
89837.7
89667.1
89524.1
89415.8
89346.5
89322
89333.4
89372.6
89449.5
89567.5
89702.3
89882.4
90122.8
90383.9
90660.1
90953.7
91302.8
91596.9
91932.5
92245.9
92529
92784.4
93005.8
93193.6
93331.3
93434.7
93446.4
93380.6
93249.4
93087.6
92926.5
92788.5
92640.8
92478.2
92336
92231.8
92131
92050.4
91952.9
91859.5
91734.5
91586.6
91407.9
91224.2
91058.9
90891.7
90732.3
90598.6
90416.2
90222.1
89995.9
89788.5
89509.6
89228
88911.9
88661
88517.4
88539
92710.2
92723.2
92743.4
92771.2
92806.6
92849.9
92901.4
92961.2
93029.4
93106.4
93192.1
93286.8
93389.9
93501.2
93620.4
93747.4
93882.3
94027
94178.9
94336
94500.4
94671.5
94849.1
95032.6
95221.7
95416
95614.8
95817.9
96024.6
96234.4
96446.8
96661.6
96878
97095.8
97314
97532.3
97750.1
97966.7
98181.8
98394.9
98605.7
98813.5
99018.2
99219.2
99416.1
99608.5
99796
99978.1
100155
100325
100489
100646
100797
100940
101074
101200
101316
101422
101519
101604
101679
101743
101795
101835
101863
101880
101885
101878
101860
101831
101793
101745
101690
101627
101559
101486
101411
101335
101259
101186
101117
101052
100994
100943
100899
100862
100831
100804
100782
100760
100736
100707
100669
100618
100550
100458
100340
100189
100001
99775.3
99504.3
99186.8
98825.5
98419.5
97969.8
97483.4
96965.1
96416.9
95847.7
95269.8
94689.7
94112.5
93549.6
93009.7
92495.9
92009.3
91551.8
91132.3
90759.8
90438
90159.6
89922.3
89723.6
89555.6
89414
89305.1
89231.6
89199.2
89204.2
89241.8
89314.6
89429.9
89563.7
89747.9
89992.3
90244
90513.4
90802.8
91154.7
91452.6
91785
92095.8
92375.1
92625.4
92839.9
93021.7
93158
93260.4
93276.2
93221.1
93097.4
92930.1
92754.7
92599.7
92447.7
92293.6
92160
92057.5
91957
91876.4
91769.7
91681
91559.9
91426.5
91272.8
91104.1
90942.2
90778
90617.3
90478.5
90298.1
90112.2
89901.3
89681.1
89409.2
89131.9
88816.4
88559.6
88420.9
88445.6
92617.5
92631.5
92652.8
92681.6
92718.3
92763
92815.9
92877.2
92947
93025.5
93112.8
93208.8
93313.3
93426.2
93547.2
93676.2
93813.4
93958.9
94111.8
94271.4
94437.9
94611
94790.6
94976.2
95167.5
95363.9
95565
95770.3
95979.1
96191.1
96405.7
96622.7
96841.4
97061.3
97281.8
97502.3
97722.3
97941.1
98158.4
98373.7
98586.7
98796.8
99003.6
99206.8
99405.8
99600.3
99789.8
99973.9
100152
100325
100490
100650
100802
100946
101082
101209
101326
101434
101532
101618
101694
101758
101811
101852
101881
101898
101903
101897
101879
101850
101812
101764
101708
101645
101576
101503
101427
101350
101274
101200
101129
101064
101005
100953
100908
100870
100838
100811
100787
100765
100740
100710
100671
100619
100548
100455
100335
100181
99990.5
99760.2
99485
99163.7
98797.4
98386.3
97933.3
97444.3
96922.8
96371
95798
95215.2
94628.8
94048.4
93485.7
92944.5
92426.7
91936
91474.6
91051.4
90676.4
90353.1
90075.6
89840.7
89644.3
89478.4
89338.9
89228.8
89154.8
89118.7
89119.7
89155.5
89228.3
89339.9
89472.1
89661
89907.5
90150.5
90414.7
90698.5
91057.6
91359.7
91688.2
91996.7
92273.4
92521.6
92731.9
92909.4
93044.3
93141.5
93161
93114
92996.8
92827.3
92645
92477.9
92322.5
92174.5
92046
91940.8
91836.8
91753.4
91647.6
91560.1
91444.5
91320.5
91180.9
91023.9
90863
90700.3
90538.2
90393.1
90215.5
90039.2
89837.3
89612.7
89346.6
89069.2
88754.7
88496.5
88360.3
88386.2
92558.6
92573.2
92595.3
92624.9
92662.3
92707.7
92761.5
92823.7
92894.5
92973.9
93062.1
93159
93264.5
93378.4
93500.5
93630.8
93769.1
93915.5
94069.3
94230.2
94398
94572.6
94753.5
94940.4
95133
95330.8
95533.3
95739.9
95950.1
96163.5
96379.6
96597.9
96818
97039.2
97261.1
97483
97704.4
97924.6
98143.4
98360.2
98574.5
98786.1
98994.3
99198.8
99399.2
99595
99785.8
99971.2
100151
100324
100491
100652
100805
100950
101087
101215
101333
101442
101540
101627
101704
101768
101822
101863
101892
101910
101915
101908
101891
101862
101823
101775
101719
101656
101586
101513
101437
101359
101283
101208
101137
101072
101012
100959
100914
100875
100843
100815
100791
100768
100743
100712
100672
100619
100547
100453
100331
100175
99982.9
99749.9
99472.4
99148.6
98779.3
98365.9
97911.2
97420.1
96896.1
96342.3
95767.2
95180.4
94590.5
94009.7
93447.1
92904.1
92383.5
91890.6
91427.2
91001.7
90625.3
90301.3
90023.7
89789.2
89593.2
89428.6
89290.6
89180.4
89105.8
89068.2
89067.4
89102
89175.8
89286.5
89420.4
89610.1
89856
90093.8
90357
90636.8
90995.3
91303.4
91628.5
91935.9
92211
92458.7
92668
92841.1
92974.8
93067.5
93089.4
93046
92932.9
92764.5
92579.9
92405.4
92247.2
92101.7
91974.6
91865.2
91760.9
91674.6
91573.2
91485.7
91374.6
91255.2
91121.9
90971.6
90811.8
90649.7
90488.3
90339.6
90164.1
89995.8
89798.3
89572.1
89310.3
89031.7
88718.8
88461.1
88325.6
88351.5
92525.7
92540.6
92562.8
92592.8
92630.6
92676.5
92730.7
92793.5
92864.8
92944.8
93033.4
93130.9
93237
93351.5
93474.2
93605.1
93744.2
93891.1
94045.5
94207.1
94375.7
94551
94732.7
94920.4
95113.7
95312.3
95515.5
95722.9
95933.9
96148.1
96365
96584.1
96805
97027
97249.6
97472.3
97694.4
97915.4
98135
98352.6
98567.8
98780.1
98989.1
99194.4
99395.5
99592
99783.6
99969.7
100150
100324
100492
100653
100807
100952
101090
101218
101337
101446
101544
101632
101709
101774
101827
101869
101899
101916
101921
101915
101897
101869
101830
101782
101725
101662
101592
101519
101442
101364
101287
101213
101142
101076
101016
100963
100917
100878
100845
100817
100793
100769
100744
100713
100672
100619
100547
100452
100328
100172
99978.6
99744.3
99465.4
99140.4
98770
98355.5
97899.8
97407.3
96881.8
96327
95750.5
95161.6
94571
93990.4
93426.8
92882.4
92360.6
91866.5
91402.5
90976.2
90599.2
90274.5
89996.4
89761.6
89565.1
89400.6
89263.3
89153.7
89078.6
89040.4
89038.8
89072.9
89147.1
89256.8
89393.7
89582.5
89827.5
90063.9
90325.4
90606.1
90961.3
91273.1
91595.8
91903.9
92178.3
92425.1
92634.3
92805.9
92937.8
93028.3
93050.6
93008.4
92897
92730.1
92545.4
92367.6
92207.5
92062.6
91935.2
91823.6
91720.8
91632.3
91534.5
91446.5
91338.1
91220.4
91089.9
90941.8
90783.6
90622.1
90462.4
90312
90138.5
89971.5
89777.9
89551.5
89291.9
89012.3
88701.3
88444.3
88308.5
88334.2
92512.1
92526.9
92549.1
92579.1
92617.1
92663.3
92717.7
92780.7
92852.3
92932.4
93021.5
93119.1
93225.5
93340.2
93463.2
93594.4
93733.7
93880.8
94035.5
94197.4
94366.3
94542
94724
94912
95105.7
95304.5
95508.1
95715.8
95927.1
96141.6
96358.9
96578.4
96799.5
97021.9
97244.8
97467.8
97690.2
97911.7
98131.6
98349.5
98565.1
98777.7
98987
99192.6
99394.1
99590.9
99782.7
99969.2
100150
100324
100492
100654
100807
100953
101091
101219
101338
101448
101546
101634
101711
101776
101830
101872
101901
101919
101924
101918
101900
101872
101833
101785
101728
101664
101595
101521
101444
101367
101289
101215
101143
101077
101017
100964
100918
100879
100846
100818
100794
100770
100745
100714
100673
100619
100547
100452
100328
100171
99977.5
99742.7
99463.3
99138
98767.2
98352.3
97896.2
97403.1
96876.9
96321.8
95744.8
95155.5
94564.9
93984.1
93419.8
92874.8
92352.6
91858
91393.9
90967.5
90590.1
90264.9
89986.4
89751.3
89554.6
89389.7
89252.5
89143.5
89068.2
89029.7
89027.9
89061.7
89136
89244.5
89382.3
89571.9
89816.5
90052
90312.7
90596.7
90945.9
91262
91583.9
91891
92165.7
92412.4
92621.6
92792.8
92924.3
93013.3
93035.6
92993.1
92882.4
92716.4
92532.1
92353.7
92192.8
92047.9
91920.5
91808.1
91706
91616.7
91520.1
91431.5
91324.2
91207.2
91077.7
90930.6
90773.3
90612.3
90453.2
90302.1
90129.5
89962.6
89770.3
89544.5
89285.6
89005.6
88695.7
88438.9
88302.8
88328.4
86035.7
86828.1
87718.2
88700.8
89763
90875.1
91987.5
93076.7
94130.1
95142
96157.4
97155
98141.5
99087.1
99983.4
100672
101054
101002
100458
99449.5
98108.4
96725.9
95397.8
94422
93618.8
86107.9
86904.3
87791
88768.4
89826.4
90933.8
92038.5
93121.1
94168.9
95178.9
96193.8
97188.8
98173.3
99112.1
100003
100682
101056
100996
100444
99432.2
98090.8
96707.6
95380.2
94406
93606.6
86209.3
86998
87873.3
88840.2
89888.3
90985.7
92079.1
93150.9
94192
95199.6
96212.9
97204.5
98189.9
99122.5
100010
100681
101050
100984
100426
99415.3
98076.1
96690.7
95361.6
94386.4
93588.7
86347.7
87122.5
87977.9
88928.4
89960.3
91041.3
92119.5
93176.1
94208.2
95214.9
96224.1
97211.9
98199.3
99126.3
100012
100675
101040
100969
100404
99399
98064.1
96675.3
95342
94362.7
93567.1
86518.2
87281.9
88103.6
89033.8
90043.7
91102.7
92160.9
93197.4
94218.6
95224.5
96227.6
97212.9
98200.9
99123.5
100008
100665
101026
100949
100378
99381.8
98051.6
96660.1
95321.8
94333.9
93534.4
86726.1
87474.3
88248.9
89157.6
90139.1
91171
92203.9
93216.1
94225.9
95228.7
96224.5
97210
98195.9
99115.3
100000
100650
101009
100924
100349
99364.1
98037.9
96644.8
95301.7
94300.5
93486.6
86983.3
87694.8
88418.5
89299.3
90246.3
91245.8
92248.9
93234.5
94232.4
95228.3
96218.7
97205.1
98185.5
99103.2
99989.6
100631
100987
100895
100320
99346.4
98023.8
96629
95280.9
94262.6
93413.4
87292.7
87946.4
88615.3
89457.3
90366.2
91328.7
92298
93256.3
94239.8
95225.6
96212.5
97199.1
98171.8
99088.6
99976.2
100609
100961
100863
100290
99328.9
98010.6
96612.7
95258.6
94220.3
93314.2
87647.6
88227.3
88839.8
89632.9
90502.5
91422.2
92353.9
93284
94248.5
95224.9
96208.8
97191.5
98158.2
99072.8
99961
100583
100932
100830
100260
99312.1
97999.3
96596
95234.5
94173.6
93190.6
88036.2
88537.1
89090.8
89831.8
90657.1
91528.5
92419.7
93317.4
94259.3
95231
96209.5
97184.9
98144.9
99055.3
99944.8
100554
100900
100796
100230
99296
97989.4
96579
95208.5
94123.5
93061.6
88459.2
88872.5
89373.4
90058.9
90829.8
91649.5
92496.6
93358
94276.6
95245.7
96214.5
97181.5
98132
99034.1
99926.9
100523
100865
100762
100201
99281.4
97980.4
96561.9
95181.2
94070.8
92929.5
88918.2
89237.8
89688.3
90313.2
91021.9
91789.4
92587.1
93411.9
94306.5
95268.1
96225.5
97184.2
98121.2
99009.5
99906.9
100490
100829
100730
100174
99268.5
97971.8
96544.7
95153.1
94016.5
92799.5
89404.5
89649.2
90038.4
90593.7
91239.3
91951.6
92695
93483.3
94350.7
95299.5
96245.8
97194.6
98112.4
98987.3
99883.2
100459
100794
100700
100148
99257.9
97963.4
96529.9
95122.8
93962.1
92678.8
89915.7
90113.1
90427.5
90903.7
91486.4
92137.8
92822.7
93572.5
94409.8
95344.3
96278.1
97212.9
98103
98972.8
99858.5
100428
100759
100668
100128
99247.9
97956
96516.3
95092.3
93908.5
92550.8
90460.8
90613.6
90855.9
91248.9
91762
92347.9
92972.9
93682.7
94487.5
95404.2
96323.5
97238.9
98098.2
98957
99826.6
100397
100727
100640
100110
99234.5
97953.7
96503.3
95062.2
93856.5
92415.4
91056.4
91141.9
91320.8
91632.6
92062.8
92583.4
93153.6
93816.8
94588.4
95478.3
96381.5
97271.6
98107.5
98934.1
99791.3
100366
100697
100615
100094
99223.4
97950.4
96491.4
95032.5
93807.3
92282.2
91690
91704.5
91818.4
92048.9
92396.8
92854.5
93360
93974.4
94712.6
95568.9
96453.7
97310.5
98125.5
98910
99759.6
100337
100670
100595
100080
99214.3
97946.3
96479.6
95003.7
93761.8
92156.2
92355.5
92307.3
92346.6
92496.3
92772.7
93157.8
93579.3
94153.6
94857
95677.4
96545.5
97358.4
98137.3
98899.7
99718.7
100314
100646
100579
100071
99207.1
97942
96468.1
94975.9
93718.9
92040
93048.7
92954.4
92914.1
92986.9
93182.5
93481.6
93823.5
94359.7
95030.8
95806.9
96652.3
97418.5
98150.1
98904.4
99676.8
100296
100625
100566
100064
99199.9
97935.9
96454.4
94945.3
93672.7
91920.6
93759.3
93640
93530
93521.4
93620.5
93840.1
94113.5
94603
95243.9
95956.7
96767.3
97485.4
98180.3
98915.8
99661.4
100289
100607
100557
100061
99194
97930.7
96441
94915.5
93627.6
91816.6
94477
94338.9
94182.2
94083.3
94093
94247.1
94445.2
94883.1
95486.6
96117.4
96888.4
97566.6
98211.1
98930
99664.4
100293
100597
100552
100063
99188.9
97925
96426.7
94887
93585.1
91736.4
95202.2
95029.3
94844.2
94664.4
94596.8
94662.4
94794.7
95177.7
95742.5
96286.9
97002
97670.4
98241.1
98951.3
99663.7
100298
100592
100554
100069
99185.1
97918.4
96411.6
94859.9
93545.5
91678.3
95925
95695.4
95487
95252.1
95102.5
95050.8
95160.1
95474
95989.6
96486.1
97109.6
97771.4
98293
98996.1
99685
100295
100587
100558
100078
99183.5
97910.8
96395.3
94833.9
93510.6
91639.3
96624.3
96329.2
96095
95818.4
95599
95456.4
95542.1
95779.1
96233.6
96702.4
97239.8
97854.3
98365
99057.8
99734.2
100295
100582
100563
100091
99184.2
97902.2
96377.7
94809
93479.5
91618.1
97281.5
96926
96666.2
96348
96096.6
95906.9
95917.6
96079.8
96484.6
96913.5
97399
97930.9
98449.6
99089.9
99753.3
100319
100590
100574
100108
99187.1
97892.3
96358.5
94784.4
93448.8
91616
97891.9
97488.5
97199.9
96855.4
96591.3
96362.3
96272.5
96377.3
96732.5
97109.7
97561.2
98015.6
98544.9
99099.1
99750.7
100349
100621
100598
100130
99192.3
97881.5
96337.6
94760
93415.9
91632.5
98456.7
98020.1
97701.1
97341.1
97057.3
96780.7
96606.2
96682.2
96976.6
97295.8
97710.7
98110.6
98634.1
99133.9
99777.6
100372
100672
100636
100157
99200
97869.9
96314.9
94735.7
93380.2
91665.3
98967.1
98500.7
98159.6
97787.1
97461.2
97140
96927.5
96985.3
97212.9
97472.9
97850
98207.8
98690.9
99196.7
99839
100405
100741
100686
100190
99210.6
97858.4
96291.7
94712.4
93347.6
91706.1
99412.2
98918.5
98572.5
98180.1
97804.2
97444.4
97238.7
97268.1
97428.6
97642.9
97974.2
98302
98720.4
99260.3
99898.1
100451
100809
100741
100226
99222.9
97846.5
96266.8
94688.6
93318.6
91748.9
99762.6
99255.4
98899.2
98500.5
98105.6
97718.3
97524.2
97516
97604.8
97802.5
98073.1
98386.5
98763.5
99323.4
99955.3
100510
100861
100796
100265
99236.9
97834.2
96240.1
94663.7
93293
91793.3
100008
99508.4
99096.5
98751.4
98377.5
97961.4
97764.2
97721.8
97746.5
97939.8
98144.9
98452.9
98836.5
99385
100017
100588
100914
100853
100310
99253.2
97822
96211.7
94637.5
93270.3
91837
100139
99657.3
99239.5
98955
98591.9
98150.8
97940.9
97871.9
97858.8
98041.3
98194.6
98511.5
98897.6
99435.1
100077
100677
100993
100923
100361
99272.4
97810.6
96181.6
94610.2
93249.3
91878.4
100107
99671.6
99321.6
99065.4
98716.5
98272.2
98043.2
97956
97940.6
98094.5
98237
98565.5
98928.7
99476.8
100134
100762
101095
101010
100418
99294.7
97800
96150.2
94581.8
93229.3
91916.4
99930.2
99588.7
99280.5
99049.3
98721.9
98301.1
98070.1
97977.3
97989.2
98094.3
98279.9
98575.4
98950.6
99520.3
100196
100842
101198
101103
100479
99320.3
97790.5
96120.5
94549.7
93210
91950.1
99659.6
99375.7
99117.7
98943.1
98615
98248.3
98031.4
97934.7
97984.6
98054.1
98299.5
98542.4
98973.8
99566.7
100266
100927
101298
101198
100546
99350.6
97782.6
96091
94516.7
93191.7
91979.1
99249.9
99001
98820.4
98718.6
98418.7
98122.5
97910.9
97825.4
97907.6
98004.3
98260.8
98513
98987.1
99610
100344
101021
101401
101297
100619
99384.6
97774.9
96060.2
94481.5
93172.2
92002.6
98657.4
98502.9
98469.3
98341.7
98135.1
97891.4
97704.7
97664.3
97773.4
97940.5
98162.2
98482.4
98983.1
99642
100419
101119
101507
101398
100695
99421.7
97768.8
96030.5
94446.1
93152.9
92020.1
97953.7
97868.2
97940.1
97884
97748.1
97557.9
97442.1
97452.6
97593
97819.5
98042.1
98424.1
98956.4
99657.2
100478
101217
101618
101501
100774
99461
97764.9
96002.2
94411.6
93133.8
92031.4
97218.2
97134.6
97215
97311
97257.1
97177.9
97141.3
97200
97379
97644.6
97931.7
98350.3
98908.2
99663
100526
101308
101728
101604
100854
99501.5
97763.6
95976.3
94378.8
93115.3
92036.7
96374.5
96377.5
96432.5
96598
96673.9
96756.5
96791.6
96912.4
97132.5
97451.9
97806.7
98258.7
98858.7
99672.9
100574
101393
101834
101706
100935
99542.5
97766.1
95953.1
94348.5
93098.1
92036.3
95463.6
95590.4
95714.6
95881.2
96068.5
96241
96367.3
96567.7
96838.5
97231.2
97650.7
98137.7
98811
99682.7
100625
101475
101935
101805
101015
99584.1
97771.6
95933.6
94321.6
93083
92030.8
94515.2
94731.3
94929.1
95187.1
95464.9
95685.7
95899.6
96178.7
96519
96970.9
97467.7
98002.1
98754.6
99684.3
100673
101552
102029
101900
101093
99626.3
97780.3
95918.1
94298.5
93070.8
92021.1
93557
93821.8
94101.8
94453.6
94831.3
95183.5
95478.8
95804.8
96211.9
96710.3
97268.4
97871
98693.3
99677.9
100715
101621
102115
101990
101168
99669
97792.2
95907
94279.7
93062
92008.1
92639.4
92941.1
93337.5
93737.8
94180.7
94647.6
95064.8
95444
95900.3
96461.1
97064.5
97744.1
98630.7
99665.1
100747
101682
102191
102074
101239
99711.7
97807.2
95899.7
94265.5
93057.1
91992.9
91728.1
92072
92522.8
92998.7
93514
94040.8
94576.9
95051.1
95565.3
96192.5
96850
97613.8
98564.3
99649.9
100776
101737
102263
102156
101310
99757
97826.4
95894.5
94253.6
93056.2
91975.5
90906.7
91296.8
91774.8
92326.5
92921
93516.6
94117.5
94685
95262.8
95929.8
96650.5
97496
98501.4
99632.7
100796
101780
102323
102229
101376
99803
97851.1
95894.8
94248.3
93061.6
91958.5
90255.2
90692.6
91214.7
91800.5
92422.5
93100.5
93756.3
94399.8
95023.4
95713.2
96493.3
97400.2
98447.2
99612.7
100805
101807
102365
102285
101428
99842.6
97876.1
95900.2
94249.9
93067.5
91946.5
89751
90215.8
90773.9
91377.8
92006.8
92752.2
93475.7
94166.9
94829.6
95542.3
96370.1
97322
98401.1
99592.8
100806
101822
102394
102326
101468
99876.7
97900.2
95909
94256.5
93071.9
91938.9
89370.5
89839.1
90419.7
91050.6
91706.8
92482.3
93266.4
93976.1
94674.7
95413
96273.2
97258.6
98361.3
99573.6
100802
101829
102414
102355
101500
99905.8
97922.9
95919.5
94264.9
93077.2
91932.2
89090.2
89547.5
90142.8
90803.1
91495.2
92280.1
93105.6
93835.5
94552.3
95316.1
96198.5
97207.1
98326.7
99555
100795
101832
102426
102376
101524
99930.9
97943.7
95930.5
94273.5
93083.1
91926
88887.3
89329
89929.8
90612.8
91336.1
92131.8
92981.1
93739.8
94460.6
95241.2
96141.8
97165.5
98296.6
99537
100787
101830
102433
102390
101543
99952.4
97962.6
95941.7
94281.1
93089
91920.7
88743
89172
89773.4
90473.2
91219.4
92026
92887.7
93669.9
94396.2
95184.8
96099.2
97132.4
98271.4
99520.5
100777
101827
102437
102400
101558
99970.7
97979.5
95952.8
94289.3
93093.6
91918
88644
89063.7
89666.5
90378.3
91139.5
91952.7
92820.1
93615.4
94350.6
95144.9
96067.5
97106.2
98251
99506.1
100767
101822
102439
102407
101570
99986.3
97994.6
95963.7
94297.4
93097.7
91916.8
88579.7
88994.2
89598.8
90316.5
91086.7
91904.1
92773.9
93576.2
94318.1
95117.6
96044.2
97085.8
98234.8
99493.9
100759
101818
102439
102412
101580
99999.7
98008.3
95974.3
94305.2
93102
91916.1
88541.7
88953.8
89558.1
90277.4
91052.6
91872.9
92743.8
93550.8
94296.6
95099.5
96027.6
97070.4
98222
99483.5
100751
101813
102439
102416
101588
100011
98020.6
95984.4
94312.7
93106.8
91915.6
88522.4
88932.5
89535.3
90254.8
91032.6
91854.9
92726.4
93536.2
94284.3
95088.4
96016.6
97059.7
98212.5
99475.5
100745
101809
102438
102418
101593
100020
98031.4
95994
94319.9
93111.9
91915
88514
88922
89523.4
90243.1
91022
91845.4
92717.7
93529.1
94278.2
95082.1
96009.8
97052.6
98205.6
99469.2
100740
101807
102438
102423
101602
100033
98045.6
96005.5
94327.7
93117.4
91914.1
)
;

boundaryField
{
    inlet
    {
        type            zeroGradient;
    }
    outlet
    {
        type            waveTransmissive;
        phi             phi;
        rho             rho;
        psi             psi;
        gamma           1.3;
        fieldInf        100000;
        lInf            0.3;
        value           nonuniform List<scalar> 
57
(
93315.4
93282.5
93235.9
93178.5
93111.5
93073.1
92989
92896.7
92768.6
92668.5
92566.5
92464.8
92385
92273
92181.9
92098.7
92025.5
91964.1
91912
91871.6
91853.2
91855.7
91877.1
91914.9
91967
92030.4
92102.4
92175.7
92245.7
92314.1
92379.7
92441.5
92498.9
92551.5
92600.1
92642.5
92679
92709.5
92733.8
92752.4
92765.5
92773.9
92778.2
92779.5
92778
92776.3
92775.6
92776.7
92777.7
92778.7
92779.3
92780.3
92781.1
92781.4
92781
92780.3
92778.8
)
;
    }
    upperWall
    {
        type            zeroGradient;
    }
    lowerWall
    {
        type            zeroGradient;
    }
    frontAndBack
    {
        type            empty;
    }
}


// ************************************************************************* //
