/*--------------------------------*- C++ -*----------------------------------*\
| =========                 |                                                 |
| \\      /  F ield         | OpenFOAM: The Open Source CFD Toolbox           |
|  \\    /   O peration     | Version:  dev                                   |
|   \\  /    A nd           | Web:      http://www.openfoam.org               |
|    \\/     M anipulation  |                                                 |
\*---------------------------------------------------------------------------*/
FoamFile
{
    version     2.0;
    format      ascii;
    class       volScalarField;
    object      T;
    location    "9.153";
}
// * * * * * * * * * * * * * * * * * * * * * * * * * * * * * * * * * * * * * //

dimensions      [0 0 0 1 0 0 0];

internalField   nonuniform List<scalar> 
12225
(
307.037
306.742
306.461
306.258
306.027
305.87
305.592
305.394
305.041
304.817
304.377
304.176
303.712
303.534
302.796
302.7
300.5
299.313
307.237
305.942
305.37
304.92
304.779
304.458
304.495
304.214
304.165
303.915
303.724
303.44
303.183
302.96
302.035
302.142
299.534
299.025
307.409
305.776
305.257
304.631
304.423
304.013
303.866
303.765
303.452
303.572
303.121
303.204
302.613
302.378
301.597
300.542
300.236
298.987
307.33
305.762
305.151
304.79
304.161
304.167
303.437
303.788
303.007
303.416
302.78
303.22
302.334
302.718
302.149
301.956
300.513
298.522
307.18
305.905
304.953
304.922
304.047
304.203
303.424
303.745
303.041
303.141
302.745
303.071
302.384
302.55
302.491
302.914
301.22
299.395
306.878
306.016
304.965
304.917
304.063
304.205
303.487
303.799
302.964
303.185
302.651
303.21
302.283
302.519
301.641
302.181
301.212
300.67
306.854
305.92
305.039
304.811
304.18
304.195
303.671
303.599
303.061
303.137
302.702
302.958
302.325
302.361
301.602
301.748
301.163
301.098
306.804
305.766
304.825
304.609
304.165
304.174
303.687
303.533
303.087
303.189
302.73
302.942
302.404
302.412
301.863
301.944
301.434
301.324
306.763
305.795
304.793
304.561
304.132
304.111
303.667
303.485
303.114
303.129
302.863
302.881
302.465
302.392
302.084
302.023
301.675
301.483
306.653
305.654
304.739
304.523
304.04
304.102
303.679
303.567
303.275
303.17
302.949
302.856
302.601
302.527
302.293
302.109
301.811
301.632
306.599
305.471
304.61
304.541
304.175
304.12
303.643
303.481
303.369
303.248
303.014
302.849
302.681
302.541
302.415
302.236
302.035
301.79
306.443
305.332
304.585
304.436
304.068
304.003
303.792
303.568
303.359
303.293
303.147
303.028
302.841
302.624
302.548
302.44
302.208
301.901
306.185
305.057
304.527
304.363
304.078
303.964
303.796
303.686
303.509
303.349
303.242
303.094
303.014
302.859
302.757
302.537
302.271
302.041
305.812
304.719
304.293
304.105
303.976
303.886
303.694
303.63
303.525
303.397
303.344
303.201
303.149
302.986
302.829
302.645
302.485
302.353
305.435
304.323
303.973
303.863
303.782
303.692
303.666
303.582
303.491
303.455
303.345
303.274
303.138
303.033
302.922
302.775
302.621
302.423
304.853
303.764
303.516
303.494
303.487
303.454
303.431
303.409
303.367
303.299
303.214
303.132
303.04
302.93
302.83
302.715
302.593
302.481
304.256
303.126
302.919
302.917
302.92
302.953
302.965
302.973
302.942
302.883
302.843
302.784
302.701
302.615
302.494
302.406
302.292
302.203
303.495
302.317
302.134
302.11
302.16
302.239
302.226
302.269
302.205
302.171
302.172
302.121
302.056
301.938
301.819
301.715
301.604
301.542
302.738
301.482
301.332
301.211
301.263
301.326
301.27
301.327
301.215
301.211
301.202
301.18
301.121
300.973
300.849
300.715
300.619
300.558
302.152
300.833
300.67
300.408
300.443
300.457
300.381
300.424
300.272
300.336
300.262
300.263
300.167
299.983
299.859
299.676
299.612
299.518
301.642
300.23
299.979
299.682
299.731
299.685
299.58
299.576
299.408
299.509
299.36
299.349
299.222
299.041
298.976
298.768
298.75
298.605
301.282
299.733
299.423
299.179
299.11
298.953
298.87
298.851
298.68
298.717
298.553
298.502
298.44
298.26
298.241
298.009
297.971
297.791
300.995
299.369
299.012
298.828
298.647
298.436
298.354
298.278
298.135
298.089
297.957
297.901
297.813
297.671
297.582
297.368
297.284
297.099
300.842
299.11
298.661
298.461
298.261
298.061
297.918
297.774
297.685
297.602
297.488
297.41
297.257
297.172
297.035
296.932
296.816
296.674
300.702
298.901
298.435
298.193
297.959
297.78
297.606
297.451
297.336
297.213
297.13
297.034
296.953
296.868
296.753
296.651
296.507
296.391
300.632
298.767
298.27
298.011
297.771
297.564
297.377
297.236
297.1
296.997
296.893
296.794
296.703
296.583
296.474
296.333
296.203
296.056
300.515
298.683
298.182
297.913
297.649
297.426
297.234
297.08
296.951
296.842
296.727
296.611
296.476
296.337
296.18
296.021
295.856
295.681
300.427
298.547
298.073
297.825
297.562
297.349
297.177
297.053
296.928
296.806
296.641
296.463
296.241
296.018
295.76
295.507
295.226
294.946
300.512
298.621
298.11
297.867
297.639
297.46
297.314
297.172
296.993
296.78
296.521
296.247
295.942
295.654
295.348
295.089
294.81
294.604
300.693
299.351
299.027
298.832
298.64
298.465
298.286
298.095
297.889
297.673
297.451
297.23
297.013
296.812
296.623
296.457
296.304
296.147
284.124
279.122
279.085
279.431
279.717
280.051
280.358
280.666
280.921
281.144
281.396
281.642
281.895
282.09
282.251
282.454
282.755
283.114
283.453
283.721
283.959
284.19
284.452
284.743
285.014
285.111
285.042
285.003
285.093
285.223
285.31
285.437
285.668
285.973
286.352
286.818
287.397
288.077
288.767
289.351
289.687
289.682
289.409
289.134
289.075
289.297
289.763
290.443
291.01
291.378
291.944
292.649
293.212
293.387
293.399
293.696
294.16
294.736
295.175
295.456
295.569
295.489
295.313
295.114
295.082
295.332
295.703
296.002
296.143
296.088
295.89
295.582
295.263
295.348
295.813
295.44
294.685
296.092
298.732
299.33
297.991
296.595
295.592
294.865
294.074
293.163
292.488
292.902
295.037
298.068
299.735
298.382
295.942
293.898
292.318
291.306
290.518
289.599
288.796
288.353
288.332
288.605
289.074
289.601
289.362
287.208
284.316
285.609
289.668
290.792
288.513
281.733
281.789
281.543
281.566
281.905
281.3
281.012
280.818
280.548
280.256
280.135
280.202
280.254
280.258
280.184
280.258
280.279
280.475
280.316
280.091
279.522
279.085
278.549
278.076
277.586
277.151
277.055
276.534
276.596
275.881
276.172
275.396
276.058
274.684
275.076
275.186
273.889
271.834
271.769
272.075
272.507
274.359
273.675
273.367
270.275
266.553
265.479
266.531
267.541
266.065
265.521
263.911
261.565
257.652
254.551
254.969
259.421
261.322
258.178
250.359
248.287
250.29
248.82
256.586
260.012
264.673
260.335
262.422
269.639
283.855
277.491
277.957
278.59
278.76
278.95
279.2
279.173
279.097
278.972
279.015
279.25
279.621
279.699
279.197
278.406
278.004
278.071
278.632
279.329
280.081
280.753
280.987
280.491
279.455
278.983
279.215
279.608
279.862
280.183
280.448
280.72
280.977
281.278
281.628
282.014
282.463
282.915
283.333
283.746
284.128
284.411
284.569
284.646
284.652
284.659
284.73
285.276
286.285
286.789
286.59
287.13
289.177
290.112
289.377
288.966
289.052
290.049
291.025
291.564
291.932
291.754
291.338
290.441
289.543
289.467
290.05
290.776
291.415
291.661
291.486
291.069
290.669
290.257
290.489
291.663
292.152
291.74
291.221
291.63
293.643
295.272
294.897
294.155
292.714
289.985
287.689
288.413
290.126
290.293
289.343
288.192
287.239
286.653
286.38
285.814
285.269
285.198
286.066
287.122
288.189
289.762
292.86
295.944
295.776
290.222
281.311
284.826
305.635
303.103
295.248
284.097
277.928
279.543
282.205
286.209
284.183
280.695
279.298
279.162
278.718
276.821
274.95
274.427
275.009
274.799
273.812
271.327
269.129
268.403
269.442
270.22
269.653
267.662
266.177
264.905
263.254
261.876
260.042
259.945
258.819
259.519
257.722
260.479
258.76
256.092
268.49
261.61
263.626
263.281
258.273
253.92
254.544
253.972
254.593
246.438
240.725
237.474
236.039
238.714
238.013
235.488
232.826
231.786
226.707
221.275
222.063
229.085
231.581
225.118
213.517
211.558
216.027
219.011
236.973
228.028
237.435
239.844
242.673
242.002
285.318
278.891
278.655
278.793
278.859
278.753
278.8
278.357
277.639
276.865
275.762
274.447
273.744
273.688
275.366
277.701
279.071
279.878
279.509
279.145
278.724
278.267
277.907
278.361
279.079
279.571
280.401
280.882
281.147
281.762
282.426
282.579
282.785
283.048
283.355
283.605
284.129
284.759
285.439
286.17
286.778
287.201
287.395
287.421
287.43
287.573
287.743
287.945
288.224
288.604
288.577
287.837
287.428
287.623
287.527
288.248
288.766
288.036
288.054
288.656
289.823
291.038
291.708
291.97
291.826
291.067
290.025
289.221
289.307
289.887
290.36
290.688
291.136
291.289
290.621
291.246
292.775
293.101
292.629
291.949
291.11
291.566
292.781
293.323
292.522
291.393
290.687
290.407
290.093
289.115
288.27
287.664
287.483
287.928
288.804
289.524
290.205
291.671
293.319
293.776
292.68
291.641
292.717
294.25
293.645
291.997
289.032
287.935
302.539
297.143
291.931
294.744
281.745
284.301
288.818
296.486
297.512
291.344
284.565
282.706
284.837
287.027
285.548
279.672
275.715
277.567
280.276
280.339
277.031
273.007
269.996
268.485
268.204
268.648
268.743
267.318
264.351
262.091
260.716
256.232
252.234
252.111
249.891
254.044
249.844
247.652
291.799
272.89
296.473
290.991
279.764
271.231
253.853
247.424
245.909
237.058
244.601
241.683
231.938
226.185
225.298
224.392
222.024
222.314
219.806
213.947
212.466
214.949
212.304
205.473
203.206
205.807
212.654
227.783
252.793
225.034
230.432
238.697
244.184
238.034
286.527
280.023
279.523
279.117
278.747
278.461
278.208
277.248
275.801
275.242
276.699
278.357
278.924
279.943
280.427
280.535
279.996
279.842
280.029
278.597
277.512
277.713
279.04
280.258
281.3
282.224
283.165
283.908
284.393
284.876
285.546
285.823
286.251
286.676
287.074
287.682
288.096
288.817
289.321
289.969
290.642
291.118
291.542
291.856
292.032
292.049
291.919
291.746
291.612
291.742
292.02
292.076
292.032
291.656
290.387
289.684
290.175
289.744
289.761
290.464
290.759
290.481
290.374
290.24
290.387
290.919
291.361
291.991
292.186
291.887
292.041
291.912
292.169
292.13
291.097
292.483
292.918
291.275
292.513
293.497
290.428
290.18
292.594
291.464
289.871
288.995
287.951
287.606
288.223
288.845
289.109
288.679
288.74
289.235
289.741
290.075
291.377
294.006
296.189
295.644
293.267
291.59
290.565
288.767
286.561
286.675
290.083
290.971
288.792
291.048
290.865
296.165
281.081
285.926
289.677
294.133
297.342
298.627
291.656
284.881
282.702
282.659
285.224
288.7
285.482
279.94
276.548
279.434
279.748
275.36
274.212
274.633
270.084
270.615
270.291
268.945
270.589
265.199
263.202
263.993
259.847
251.573
251.834
252.301
246.172
242.815
303.261
295.379
319.878
318.57
317.198
313.855
266.828
252.539
243.226
232.739
260.242
262.833
248.451
232.443
221.772
220.501
223.837
226.2
224.072
214.771
209.668
208.03
202.588
196.266
198.247
201.471
205.897
228.28
264.578
229.258
227.371
218.705
230.552
231.055
287.755
281.491
280.66
280.141
279.146
278.476
278.034
276.716
275.468
278.006
280.853
281.456
281.797
281.373
280.936
280.046
279.03
277.483
276.842
277.128
278.178
280.528
282.733
283.992
285.333
286.117
287.129
287.6
287.826
288.175
288.409
288.648
288.485
288.94
289.083
289.559
289.786
290.031
290.614
290.843
291.182
291.615
291.858
292.27
292.753
293.367
293.97
294.374
294.596
294.854
294.696
294.861
295.559
295.846
295.366
294.678
294.871
294.058
292.82
291.822
291.217
291.273
291.787
292.063
292.335
292.956
293.014
292.456
291.558
291.335
291.812
290.388
289.346
290.98
290.944
291.421
292.868
292.412
292.382
292.252
290.283
291.082
292.552
290.501
288.547
288.043
287.482
287.998
289.328
290.724
291.467
291.385
291.481
292.035
292.939
293.728
295.121
296.616
296.285
294.425
294.065
294.59
293.58
292.344
291.678
288.861
285.849
287.055
289.807
297.014
295.476
293.743
283.454
290.029
292.371
293.288
291.874
293.218
293.311
289.62
288.5
291.284
290.354
287.692
284.444
285.097
280.336
280.787
288.077
285.115
276.686
281.569
277.741
275.684
274.324
269.721
276.489
274.907
264.649
262.358
271.53
262.631
253.074
254.244
245.665
243.714
285.239
287.693
297.086
317.552
334.437
333.155
278.853
261.477
245.957
230.754
262.325
270.507
263.824
254.145
235.299
220.764
223.466
230.106
232.453
219.625
207.624
203.423
197.489
193.161
202.45
210.118
208.912
208.566
249.749
239.438
233.141
223.19
223.874
223.976
288.824
283.142
281.681
280.507
279.789
278.427
276.613
278.789
281.351
281.223
281.864
280.443
280.045
279.987
278.438
277.525
276.797
277.6
278.714
281.171
284.27
285.977
287.33
287.867
288.164
288.345
288.63
288.776
288.583
288.639
288.431
288.258
288.088
288.102
287.97
288.046
288.255
288.204
288.695
289.349
289.795
290.313
290.803
290.906
291.231
291.646
292.132
292.825
293.66
295.052
295.631
296.656
297.326
298.214
298.982
298.713
299.086
298.361
296.599
294.668
293.218
293.561
294.333
294.408
295.31
296.885
296.344
294.394
291.965
290.151
289.228
288.334
287.996
288.056
287.913
289.897
289.764
288.438
290.43
290.515
287.98
290.071
291.436
288.766
286.938
287.078
287.606
288.014
289.54
291.46
292.438
292.263
292.438
293.785
294.207
293.821
294.17
294.832
294.747
295.476
297.192
296.715
294.486
294.229
293.704
291.929
289.206
285.265
288.994
298.291
293.196
294.765
294.972
293.623
290.624
290.303
292.071
288.473
288.453
294.815
296.744
291.903
291.465
297.086
292.189
289.714
286.579
277.966
282.405
290.955
278.831
280.285
284.936
285.151
282.78
275.353
278.342
282.784
278.917
266.762
273.399
273.928
266.304
261.91
245.024
241.603
266.964
269.315
261.209
286.471
307.706
310.438
281.007
273.173
245.3
229.948
256.082
256.748
254.084
264.02
260.976
232.928
224.079
229.853
237.972
227.832
211.52
201.569
192.45
195.325
221.177
234.34
248.865
216.951
219.315
255.744
244.882
239.13
230.052
224.138
289.436
283.753
280.845
279.454
279.764
278.733
279.775
283.365
283.761
281.243
280.289
279.186
276.862
277.381
277.952
277.524
278.143
280.943
283.716
286.044
287.482
287.12
287.046
286.711
286.669
286.936
287.14
287.554
287.325
287.486
287.066
287.168
287.51
287.793
287.911
288.018
288.787
288.933
289.363
289.606
289.668
289.576
289.565
289.659
289.83
290.26
290.639
291.223
291.523
292.429
292.956
294.034
294.339
294.554
296.232
297.816
298.734
298.982
298.715
297.482
295.94
297.02
298.623
298.663
299.583
301.544
300.252
296
291.057
287.845
286.767
286.724
286.659
287.255
288.767
290.285
289.736
290.464
292.405
289.076
286.432
290.57
290.744
287.518
287.012
287.719
288.598
289.115
291.003
293.227
293.819
293.339
294.177
295.412
294.791
293.617
293.601
293.697
292.785
292.187
291.567
290.23
289.773
290.769
291.413
295.509
297.029
292.511
294.217
296.903
295.577
293.874
298.991
296.899
292.918
289.076
291.559
292.135
286.058
289.09
299.6
296.326
288.567
296.6
299.503
293.756
295.562
287.734
282.061
288.436
285.752
278.463
278.171
294.032
294.438
279.675
282.915
290.335
285.979
274.43
281.833
276.957
272.446
276.502
261.485
248.798
260.183
264.307
249.713
269.638
273.327
287.695
275.084
288.088
242.492
225.709
249.288
246.984
240.661
251.898
271.268
250.09
231.928
232.379
245.35
235.51
217.67
201.957
195.892
225.012
259.4
265.523
260.978
272.46
217.182
242.062
259.759
255.681
234.276
224.082
289.741
283.638
280.113
280.208
280.824
280.742
284.304
285.479
281.623
279.511
278.684
278.842
278.359
277.385
278.6
280.891
282.562
285.367
287.081
287.051
287.067
286.648
286.398
287.239
287.96
288.811
289.495
289.784
289.273
289.227
289.492
289.959
290.298
290.644
290.652
290.465
290.604
290.556
290.466
290.237
289.902
289.575
289.582
289.702
289.794
290.168
290.705
291.434
292.304
292.975
293.692
294.681
295.196
295.736
295.605
296.211
296.601
297.341
297.707
297.419
296.583
297.728
298.915
298.43
299.203
301.998
301.204
295.871
290.995
288.723
288.106
289.164
290.279
290.605
291.195
291.558
291.133
290.64
288.913
286.44
288.323
291.353
288.69
286.306
287.623
289.327
289.88
290.362
292.553
294.473
294.894
295.183
296.573
297.022
295.045
293.065
292.058
290.701
289.108
288.18
287.541
286.975
286.12
285.515
286.549
291.558
293.034
295.13
299.188
291.796
295.855
297.154
292.206
292.841
293.984
294.204
290.887
292.925
293.29
285.707
287.344
287.431
281.771
290.211
297.293
298.68
296.963
297.972
287.344
290.735
294.123
284.758
274.6
288.311
300.284
283.078
276.876
291.69
294.449
271.727
275.741
280.8
278.526
269.91
263.154
260.506
265.013
272.731
248.807
264.129
250.882
270.908
275.085
292.253
254.285
230.409
242.016
240.858
237.564
240.282
265.345
263.374
244.145
237.079
254.205
245.803
219.901
201.696
201.514
240.913
252.952
235.786
227.39
302.818
243.754
223.944
244.278
246.66
233.714
225.209
290.074
283.594
280.805
281.302
281.542
282.86
284.525
284.01
280.442
279.766
278.621
277.295
279.069
279.943
280.742
282.826
284.572
286.895
287.706
286.973
286.504
286.87
287.6
288.425
289.492
290.62
290.876
290.342
289.529
288.354
287.15
287.017
287.268
287.524
287.906
288.168
288.301
288.55
288.529
288.347
288.201
288.31
288.432
288.742
288.711
289.012
289.491
289.639
290.801
291.484
292.862
294.517
294.973
296.674
297.171
297.837
298.315
299.268
299.141
298.759
298.271
297.837
297.2
296.646
297.16
300.277
301.653
297.416
292.155
290.103
291.123
292.736
293.44
291.684
290.338
289.746
289.53
288.59
287.247
288.277
291.546
291.227
287.338
286.68
289.321
290.843
290.598
290.904
293.458
294.872
294.348
294.905
296.633
295.387
291.661
289.231
288.11
287.701
288.307
289.551
290.971
291.029
289.874
287.436
286.952
288.297
285.996
288.56
289.223
294.563
291.66
298.59
299.779
292.73
288.32
289.772
287.996
283.856
289.615
289.02
286.977
291.903
288.017
290.028
286.667
297.167
288.812
298.56
288.159
295.612
303.839
288.213
287.124
290.272
288.949
290.047
284.856
284.12
303.427
275.617
291.138
276.304
305.072
280.477
253.87
255.927
265.361
278.685
256.306
271.452
246.737
261.545
281.35
282.89
275.84
253.065
243.904
236.347
236.316
236.965
259.689
272.157
260.092
250.105
262.84
260.982
227.872
204.422
203.506
237.307
229.56
205.806
210.571
268.111
270.067
225.422
228.671
230.499
227.815
225.289
290.816
284.407
282.339
283.423
282.805
285.587
285.202
282.888
280.878
278.965
278.799
278.843
280.625
281.41
283.206
286.655
288.416
288.724
287.723
286.71
286.751
287.07
287.863
288.553
289.302
289.527
289.963
289.935
289.123
288.81
288.372
288.29
288.743
289.054
288.996
288.867
288.758
289.151
289.697
289.88
289.759
289.921
290.159
290.511
290.426
290.514
290.785
290.752
291.142
291
291.576
293.087
293.944
294.704
295.967
297.191
297.232
297.834
299.14
300.265
301.119
300.68
299.869
300.139
298.547
298.921
301.962
300.484
295.636
293.014
293.013
292.78
291.681
289.749
289.091
289.005
288.61
288.609
289.171
290.837
291.549
289.287
287.097
288.358
291.374
292.223
291.93
292.672
294.325
294.09
293.486
294.749
296.067
294.047
291.124
289.725
288.652
288.539
289.468
290.062
290.554
290.051
290.965
290.375
290.461
292.854
292.361
292.979
292.138
291.892
297.726
297.041
296.709
292.932
291.791
284.899
286.883
281.718
281.798
287.263
281.287
284.992
287.126
292.568
286.093
297.203
290.289
296.04
288.227
297.584
299.577
282.868
296.79
297.71
282.423
294.604
302.39
285.749
303.677
284.933
327.874
272.506
311.522
316.727
270.922
256
263.857
278.444
262.854
289.794
257.921
263.969
286.567
281.219
288.353
288.195
259.074
238.707
238.904
237.302
257.819
273.317
273.265
262.364
274.533
273.368
235.545
209.048
207.95
231.425
220.799
212.068
218.259
261.925
273.204
230.12
234.24
236.289
236.579
232.938
291.721
285.743
283.224
284.748
283.28
285.987
288.229
284.009
280.657
279.349
279.197
279.682
281.209
282.955
285.066
287.023
288.022
288.176
287.334
287.247
287.669
288.384
289.162
288.805
289.365
289.486
289.584
289.925
289.501
289.496
289.392
289.362
289.3
288.868
288.115
287.774
287.941
288.783
290.098
291.233
291.573
291.236
290.342
289.783
289.974
290.27
290.514
291.438
291.774
292.609
293.181
293.406
294.648
295.156
296.342
297.781
298.509
297.782
297.743
298.155
299.172
300.279
301.421
304.02
302.643
299.284
301.719
303.901
299.946
295.351
293.212
292.064
290.692
289.743
289.556
289.96
289.395
290.023
291.302
291.539
289.779
287.01
286.514
289.21
292.296
293.204
293.206
294.285
295.546
294.547
293.076
293.926
294.965
293.435
291.849
290.841
290.394
291.749
293.531
294.335
294.572
294.471
297.395
297.27
295.309
294.514
291.419
288.688
289.253
289.728
297.251
301.228
294.82
286.794
291.155
284.988
283.598
284.202
282.33
284.495
281.348
280.808
281.472
289.798
283.283
293.963
296.077
294.352
289.09
300.565
298.956
282.181
299.658
301.219
284.344
294.926
306.24
290.094
298.51
288.608
336.812
277.619
291.435
318.448
295.289
271.15
274.296
281.983
265.677
305.203
275.899
275.536
289.227
285.16
292.975
315.976
277.555
248.661
243.335
241.966
262.591
272.186
279.254
266.901
281.532
289.886
243.948
211.518
213.617
227.439
211.47
207.13
222.928
270.714
263.518
229.862
242.166
249.349
247.119
241.696
292.569
287.41
283.832
284.758
285.068
285.839
287.695
286.233
282.807
281.046
280.664
282.281
283.906
284.882
286.693
288.998
289.285
289.946
288.414
287.149
286.94
287.251
288.795
289.122
289.627
290.047
289.72
289.389
288.925
288.749
288.73
288.498
287.72
287.133
286.439
286.098
286.099
286.393
286.938
287.534
288.37
288.752
289.043
289.281
289.728
290.555
290.645
291.126
290.467
291.118
291.672
292.757
293.612
294.28
294.95
296.559
298.843
299.922
300.065
299.881
299.234
299.12
298.606
300.341
302.847
300.934
301.124
303.87
301.963
297.658
295.434
293.594
290.932
289.106
289.48
290.23
290.422
290.741
291.117
290.267
288.492
287.221
287.952
290.35
292.497
293.329
294.325
295.74
295.736
293.89
292.606
292.802
292.044
290.382
289.976
290.069
290.647
292.952
294.514
294.897
294.786
293.418
295.885
295.895
295.798
295.847
292.547
292.692
289.043
292.629
294.472
296.641
298.387
292.044
284.361
281.779
276.768
279
279.791
281.76
281.231
280.664
280.715
289.372
279.143
286.6
297.564
292.232
290.821
301.84
304.684
288.125
298.492
303.964
291.495
292.99
301.724
294.702
300.838
285.655
327.37
291.893
286.464
302.458
306.369
288.621
292.413
290.042
270.533
314.701
292.868
291.721
293.518
288.23
300.379
322.035
285.592
257.555
246.095
250.542
268.164
274.762
283.609
274.083
279.865
304.487
259.247
216.117
220.757
224.882
209.661
213.946
233.213
272.589
257.919
226.341
238.129
252.21
250.988
247.297
293.06
287.969
283.668
282.919
285.472
287.785
289.115
287.434
284.309
282.814
281.904
283.306
284.891
286.897
287.7
289.746
289.854
290.551
289.92
288.571
288.872
289.406
290.317
290.723
291.18
291.752
291.601
290.463
289.338
289.451
289.811
290.018
290.004
290.222
290.421
290.852
290.856
290.388
289.918
289.362
289.197
289.244
289.757
290.176
290.591
291.018
291.797
292.269
292.539
292.515
292.458
293.107
293.6
294.935
295.466
296.028
296.403
297.63
298.885
300.506
301.186
301.737
300.865
299.054
302.095
302.924
300.969
303.643
304.785
300.733
296.623
293.806
291.286
289.419
289.725
289.983
291.265
290.802
289.651
288.574
287.911
288.02
289.579
291.689
293.31
294.292
295.387
296.399
296.294
294.361
292.54
291.722
290.5
289.465
289.536
290.307
292.153
295.079
295.975
296.283
297.346
294.064
292.623
290.642
292.55
297.355
297.856
298.06
294.173
291.5
300.527
301.597
293.853
289.936
283.141
284.892
280.243
279.754
280.158
283.323
279.942
281.211
282.176
288.395
280.661
281.111
292.46
288.033
289.137
296.928
303.938
293.41
298.929
302.015
298.798
296.469
300.34
295.656
309.251
288.402
311.234
306.18
298.813
300.792
309.161
300.644
308.181
298.385
277.891
317.39
303.975
304.922
294.948
294.882
311.789
316.964
281.891
257.64
251.024
260.14
274.338
279.975
283.55
276.75
280.189
306.23
269.751
224.334
229.738
223.979
210.452
225.624
247.378
274.686
252.822
220.971
234.737
253.285
253.49
250.793
293.608
288.232
283.095
280.361
283.962
287.277
290.832
291.082
287.517
285.624
283.108
284.086
285.096
286.998
288.28
289.728
290.228
290.211
289.86
288.69
288.431
288.416
288.849
289.035
289.131
289.888
291.098
292.047
291.803
291.559
291.878
292.073
291.738
291.596
291.954
292.4
292.641
292.781
292.596
292.175
291.529
290.656
290.241
289.937
290.266
290.796
291.454
291.45
292.222
292.021
292.342
292.746
292.845
293.446
294.65
296.466
298.121
298.105
298.137
299.789
300.42
300.077
302.599
302.269
300.86
303.023
301.335
301.9
304.871
302.965
298.705
295.052
291.745
289.469
289.548
289.799
290.063
290.105
288.602
287.48
287.875
288.946
290.28
291.526
292.791
294.482
296.224
297.01
296.011
294.772
294.257
293.327
291.998
290.9
291.427
292.77
294.764
296.44
295.734
294.792
298.549
298.539
298.032
294.554
295.571
296.943
296.821
296.702
287.718
290.099
294.181
298.635
296.622
286.443
281.381
281.367
280.582
281.635
286.552
290.032
284.561
283.008
285.348
284.905
278.528
280.739
285.883
283.685
287.772
291.736
298.169
294.794
298.858
297.362
303.608
301.476
300.702
297.133
317.895
298.167
302.051
312.241
313.193
307.31
308.677
309.121
317.676
304.918
288.961
317.408
312.271
312.199
293.553
303.745
316.815
307.677
274.478
258.579
259.372
270.415
281.704
281.413
280.745
280.023
282.768
303.972
274.93
232.306
234.913
222.626
212.379
240.946
259.683
270.82
258.434
228.944
244.881
259.834
256.701
253.274
294.373
289.269
283.477
280.054
283.072
286.44
289.882
292.386
290.152
289.463
286.6
285.558
286.578
287.573
289.424
290.804
291.929
292.336
292.362
291.639
291.02
290.486
290.59
290.568
290.346
290.26
290.169
290.286
290.326
290.644
291.343
292.135
292.808
292.804
292.833
292.827
293.094
293.592
293.708
293.781
293.753
292.985
291.762
291.014
291.135
291.855
292.215
292.465
292.535
292.728
293.211
293.211
294.263
294.424
294.822
295.212
296.819
298.643
298.335
299.738
302.775
301.346
300.175
303.891
302.889
303.095
303.358
301.194
304
305.127
301.414
296.816
292.664
290.454
288.929
289.811
289.254
288.654
288.03
288.03
289.106
290.516
291.56
291.921
292.52
293.988
295.971
296.916
295.973
294.987
294.799
294.372
292.784
291.646
291.81
292.602
293.431
295.111
296.713
294.569
297.187
299.827
302.943
296.989
293.053
292.39
296.774
298.463
294.496
295.398
298.405
299.307
296.44
289.088
283.767
283.692
282.382
280.742
283.425
284.249
284.849
286.914
292.663
290.767
280.114
287.951
283.326
280.916
288.607
288.131
294.635
294.408
296.623
297.015
307.487
302.457
301.581
302.539
321.819
303.81
301.878
313.486
319.64
310.118
308.682
314.918
320.39
306.464
298.499
319.654
318.122
311.887
294.31
311.403
314.295
297.653
272.446
266.231
270.33
280.599
284.624
282.958
277.885
281.26
275.262
297.462
273.862
231.334
235.552
220.655
214.078
249.832
267.76
269.816
279.713
252.039
253.652
262.383
257.387
255.379
295.273
290.964
284.08
281.712
284.746
286.794
289.111
292.03
290.7
290.344
289.311
287.494
287.673
287.638
288.689
290.142
291.091
291.873
292.525
292.74
292.826
292.76
292.985
293.114
293.222
293.426
293.351
293.408
293.489
293.154
292.608
292.271
292.119
292.487
293.19
293.829
293.607
292.23
291.183
291.343
293.069
294.268
293.911
293.207
292.881
292.632
292.053
292.314
292.662
292.758
293.48
293.485
293.926
294.892
295.27
296.522
296.968
298.519
299.546
299.2
299.997
302.357
300.887
302.266
304.795
302.506
303.648
302.018
301.729
305.843
303.82
299.488
294.749
291.037
289.68
289.131
288.855
288.066
287.26
287.998
290.087
291.995
293.065
293.07
293.069
294.245
296.285
296.637
295.284
293.774
294.065
294.437
293.188
291.496
290.864
292.795
294.169
293.653
296.788
294.476
292.269
291.543
297.217
297.352
295.549
293.46
298.342
300.393
293.877
290.743
294.816
302.15
296.263
285.52
282.406
285.564
283.357
281.442
283.866
283.295
284.401
288.678
292.608
291.588
283.976
294.602
284.585
281.679
291.121
285.052
292.33
295.466
294.188
300.178
310.741
301.39
304.096
309.753
321.344
302.264
302.471
315.077
318.288
307.75
309.874
317.982
318.501
304.6
304.085
322.277
320.726
307.972
297.892
314.907
308.094
292.358
279.218
278.875
279.424
286.235
285.811
280.425
268.841
276.22
265.85
288.729
268.727
228.786
236.177
220.065
216.594
258.043
273.079
271.189
283.982
264.318
247.802
256.914
255.061
257.552
296.298
293.23
286.142
282.8
285.921
288.012
289.94
293.294
293.004
291.845
291.032
289.569
289.074
288.715
288.519
289.489
289.962
290.415
291.11
291.453
291.71
292.093
292.459
292.735
293.107
293.184
293.233
293.375
293.495
294.076
294.308
294.049
293.818
293.286
292.432
292.994
294.26
294.774
294.063
292.7
293.872
294.836
295.12
294.952
293.668
292.856
291.75
291.722
291.997
292.702
293.717
294.623
294.636
295.818
295.798
296.379
296.57
297.207
298.667
301.002
301.739
301.226
301.475
301.45
304.42
303.696
301.943
303.996
302.185
303.554
306.534
302.383
297.405
292.796
290.225
289.626
289.158
288.414
287.728
288.392
290.371
292.676
294.035
294.078
293.827
294.576
296.149
297.264
296.24
293.84
292.769
292.979
293.294
292.865
291.246
291.637
294.769
293.125
296.493
297.352
292.86
290.664
295.656
297.826
294.656
292.201
299.062
301.261
295.491
294.84
294.736
298.252
295.677
285.92
283.966
284.495
279.116
274.7
276.974
279.993
284.955
292.003
295.453
293.68
290.852
297.004
287.011
286.508
292.15
282.87
290.626
297.466
292.67
302.343
312.097
300.66
305.467
313.593
316.852
299.672
303.157
315.088
312.41
303.955
310.763
317.743
314.784
302.808
307.839
325.381
320.204
302.97
303.089
315.982
301.776
294.004
290.284
287.293
283.829
289.296
284.552
271.9
259.877
274.716
263.419
282.521
271.545
234.368
236.014
219.62
223.596
264.55
273.641
272
270.368
268.73
240.449
251.46
254.835
261.596
297.189
295.372
289.702
284.917
286.862
287.97
289.395
293.115
294.875
294.516
293.574
292.195
291.161
290.681
290.163
290.539
290.954
291.208
291.784
292.174
292.465
292.722
292.869
292.955
293.122
293.297
293.31
293.054
292.943
293.228
293.949
294.603
294.494
294.941
294.716
293.414
293.529
293.62
294.408
294.358
294.552
295.745
295.719
295.684
293.974
293.626
292.815
292.799
292.969
292.989
293.474
294.351
294.926
295.169
295.956
297.211
298.976
298.917
300.141
299.568
299.483
301.622
303.397
303.777
302.695
303.469
302.107
302.957
305.176
303.21
304.849
306.495
301.206
295.436
291.554
290.267
289.855
289.246
288.958
289.37
290.708
292.735
294.316
295.03
295.218
295.637
296.278
297.689
297.929
296.36
294.163
292.552
292.18
293.407
293.29
291.278
293.811
292.82
292.519
297.331
295.349
293.117
294.434
298.768
297.926
295.259
300.251
299.241
296.686
292.004
295.17
305.173
299.201
287.377
287.328
286.28
278.682
272.792
274.41
278.779
283.2
288.128
292.128
294.257
295.909
297.969
290.351
292.108
291.832
282.251
289.506
295.366
291.641
301.954
310.028
299.817
305.458
312.422
310.304
298.205
304.101
313.453
307.729
302.258
310.013
315.249
312.675
301.265
309.273
327.334
316.874
298.584
307.626
314.563
298.303
299.763
296.275
288.895
285.558
289.51
279.502
261.659
255.266
279.14
265.982
276.036
274.438
239.566
235.857
217.914
234.961
271.86
275.551
274.044
267.956
274.294
235.974
249.013
264.18
270.243
297.697
296.627
292.485
285.948
286.183
287.87
288.693
291.505
293.906
294.842
294.748
293.888
292.657
292.016
291.269
290.834
291.075
291.208
291.491
291.78
292.234
292.472
292.605
292.753
292.787
293.047
293.238
293.402
293.022
293.205
294.059
294.874
295.44
295.348
296.548
295.817
295.289
295.881
295.365
294.788
293.611
293.993
294.478
295.34
294.913
294.495
293.512
293.079
293.184
293.139
294.66
294.825
296.191
296.85
297.454
296.857
297.479
299.22
298.636
301.845
302.417
301.787
301.811
302.876
304.039
303.988
303.832
303.207
304.591
304.954
302.957
305.602
305.595
299.365
293.946
291.377
290.188
289.99
290.176
290.678
291.829
293.126
294.361
295.244
295.938
296.4
296.913
297.519
297.7
298.229
297.49
295.314
293.407
292.785
293.579
291.733
294.075
293.509
290.52
296.137
296.487
296.209
298.218
304.641
298.931
295.523
299.381
303.009
300.847
293.252
294.88
302.04
294.527
284.354
287.505
283.825
275.369
270.756
273.356
282.59
287.767
289.39
291.373
295.081
298.317
298.426
294.294
296.511
293.039
284.624
290.408
292.501
291.686
301.105
306.46
298.037
305.555
309.247
304.82
298.41
305.635
312.775
306.113
301.556
306.652
311.631
312.614
298.554
306.794
326.633
312.247
296.07
311.609
312.581
297.176
305.348
297.208
288.264
286.526
287.388
272.959
252.949
255.341
280.647
265.703
263.797
263.483
241.11
235.902
215.631
247.392
276.566
274.592
273.11
267.664
262.561
230.25
243.62
276.902
278.189
298.017
296.907
294.672
287.997
286.569
287.218
287.763
289.76
292.294
294.066
294.819
294.762
293.945
293.646
293.435
292.619
292.378
292.075
292.151
292.03
292.17
292.393
292.731
292.936
292.934
293.236
293.308
293.735
293.692
293.091
293.982
294.636
295.081
295.357
296.088
296.186
296.133
296.348
295.411
294.107
292.938
293.83
295.263
296.011
295.131
294.27
293.836
292.795
293.162
292.937
294.02
294.998
295.36
297.204
296.398
299.85
299.474
299.731
301.38
300.523
301.873
301.864
303.54
304.072
303.707
303.895
304.243
304.176
303.711
305.057
304.198
303.333
305.823
303.504
297.253
292.426
290.752
290.704
290.605
291.357
292.833
293.91
294.95
295.64
295.889
296.574
297.461
297.792
297.452
297.842
298.993
298.923
296.506
293.957
294.058
292.678
294.86
295.594
290.946
296.881
298.234
299.163
300.857
304.361
298.674
297.563
301.037
302.059
298.015
291.017
297.248
305.072
295.841
286.921
289.81
283.312
273.366
271.605
273.305
284.393
292.612
292.068
294.516
297.905
298.782
297.347
296.795
298.576
293.416
287.462
290.903
290.239
292.273
300.058
302.953
297.138
306.276
305.242
302.329
302.309
308.404
312.104
304.07
298.993
300.995
310.188
318.76
298.636
303.814
324.714
307.642
296.34
315.16
310.01
298.669
308.497
294.334
286.852
285.988
283.558
267.611
247.254
254.433
270.23
259.505
248.665
246.821
249.187
228.898
216.131
259.507
277.836
271.054
267.833
263.422
247.42
228.534
236.166
282.707
282.972
298.169
296.601
295.335
289.607
285.904
286.396
286.645
287.974
289.975
291.93
293.5
294.431
294.522
294.82
295.39
295.272
295.299
294.729
294.506
294.226
293.648
293.474
293.289
292.988
293.262
293.319
293.429
293.749
293.465
292.393
293.549
294.527
294.358
293.68
294.26
294.931
295.048
294.434
293.775
293.382
293.232
294.118
295.148
295.982
295.285
294.449
293.619
293.227
293.14
294.262
295.152
296.194
296.158
298.024
298.578
297.08
299.952
298.975
300.246
301.287
302.599
302.626
302.439
304.806
304.242
303.678
303.855
304.552
303.935
304.199
305.388
303.219
304.21
305.792
301.713
294.787
291.329
291.027
291.257
291.936
293.146
294.366
295.343
295.9
295.936
296.201
296.997
298.268
298.051
297.074
298.776
299.27
299.428
297.3
296.141
294.168
296.378
297.96
293.474
298.929
300.115
300.812
301.879
306.61
299.686
297.695
300.064
304.328
302.196
293.183
297.289
301.756
293.242
287.392
290.884
282.496
271.477
271.39
275.115
285.587
296.301
293.583
296.24
301.304
299.826
297.685
299.447
299.733
294.599
290.88
291.742
289.733
293.319
298.067
300.143
297.322
305.295
302.065
304.866
308.462
310.767
311.067
301.958
297.297
299.132
312.554
324.191
296.248
300.963
322.595
302.958
298.902
318.272
307.81
302.529
309.213
290.171
285.873
284.689
279.945
264.88
242.426
249.332
259.298
251.28
237.02
234.929
253.421
213.828
224.974
269.3
275.318
262.808
263.873
261.332
245.376
232.942
233.8
278.894
283.8
298.004
296.135
297.243
292.265
286.757
285.913
286.872
287.52
288.74
289.966
291.252
292.234
292.626
293.035
293.93
294.874
295.784
295.933
295.976
295.517
294.788
294.498
293.925
293.885
294.407
293.816
294.518
295.396
293.868
292.963
295.509
295.718
294.144
293.831
295.21
295.377
294.781
294.564
294.908
295.049
294.61
295.497
295.467
295.936
294.428
293.652
293.28
292.906
294.159
293.255
294.37
294.681
296.06
296.221
296.882
299.205
300.039
300.034
300.624
301.77
301.059
302.481
302.251
304.051
304.557
303.9
304.422
304.664
304.728
304.19
305.295
304.788
303.445
305.158
304.617
299.149
293.217
290.836
291.089
292.444
293.756
294.982
295.985
296.473
296.389
296.008
296.103
297.375
298.779
297.748
297.365
298.511
299.389
299.642
299.462
295.782
299.222
301.133
296.464
301.147
301.414
301.905
303.987
306.329
298.469
299.132
301.403
304.655
298.654
290.858
298.501
302.929
294.211
288.714
289.111
278.255
270.061
271.606
278.288
287.278
297.221
295.423
296.377
301.781
299.853
297.623
300.504
299.3
295.703
293.682
292.34
290.481
294.221
296.026
298.647
297.456
302.848
302.259
310.263
310.886
310.979
310.561
303.43
301.213
304.269
316.365
317.063
285.113
300.047
321.649
300.842
304.841
320.228
306.072
307.459
307.042
285.687
285.45
282.568
277.051
263.196
238.957
245.481
255.11
246.103
231.548
228.914
240.248
203.09
244.762
274.462
269.672
254.05
261.241
256.405
245.093
237.263
236.086
272.671
281.464
298.469
295.336
293.158
287.302
287.608
286.647
287.27
287.284
288.121
288.936
290.129
291.281
291.668
291.866
292.527
293.505
294.488
295.492
296.103
295.997
296.359
296.086
295.669
296.154
295.777
294.692
295.99
296.188
294.214
294.537
296.245
295.098
293.93
294.835
295.996
295.881
295.164
295.524
295.923
295.444
294.541
294.298
294.442
294.516
294.194
292.914
293.456
292.808
293.553
294.175
294.866
296.642
295.803
298.426
298.844
297.712
299.119
300.407
300.696
302.371
302.277
303.278
303.498
303.987
304.595
303.132
304.577
305.131
304.722
304.471
304.784
305.981
303.952
304.449
305.469
302.799
297.073
292.182
290.333
291.524
293.493
295.485
296.975
297.373
297.512
297.124
296.312
296.36
298.196
298.684
297.501
298.483
297.417
300.135
300.719
297.562
301.204
302.326
299.23
301.788
302.458
302.798
304.316
306.443
299.599
298.648
300.584
305.987
301.11
293.885
298.466
300.536
293.73
289.672
289.112
277.519
271.545
273.101
280.358
289.693
296.859
296.621
297.342
301.497
298.772
297.157
300.426
299.271
297.633
295.623
293.088
292.034
294.244
294.878
297.592
296.533
301.757
305.409
313.195
310.215
311.285
310.199
306.024
305.324
309.001
317.472
306.918
281.409
307.071
319.625
300.244
311.955
319.93
306.403
311.403
301.676
281.44
285.334
279.939
274.975
260.879
238.299
243.989
252.648
242.726
229.844
228.034
222.994
207.133
267.76
274.348
262.175
248.494
260.713
255.391
244.892
239.666
241.499
270.303
278.106
296.196
292.6
290.195
285.829
285.899
288.487
287.043
286.835
286.772
287.595
288.883
290.405
291.072
291.437
291.8
292.247
293.051
294.225
294.876
295.659
296.008
294.86
294.71
295.358
294.169
294.092
295.168
294.099
294.273
295.112
294.753
293.543
294.025
294.993
294.781
294.004
294.529
295.059
294.654
293.637
292.992
294.017
294.357
293.931
292.613
292.243
292.408
292.814
294.428
294.407
295.537
296.1
297.193
297.691
298.438
299.915
300.906
300.537
300.624
302.151
302.25
302.874
303.521
303.448
304.871
303.754
304.385
305.839
304.574
304.416
304.313
305.744
305.182
304.059
305.088
304.658
300.913
295.519
291.468
290.374
291.642
293.972
296.598
298.18
299.027
298.839
298.738
296.955
297.232
299.018
297.745
299.605
296.726
299.113
302.338
297.428
301.165
303.248
300.251
302.231
303.287
302.689
305.513
305.891
298.315
299.523
302.546
306.431
298.921
292.034
298.418
301.467
294.744
288.659
285.95
275.121
271.293
273.788
281.287
292.489
298.087
297.671
297.461
300.013
296.759
295.276
298.884
299.473
299.204
296.464
294.057
293.465
293.811
294.342
296.429
295.922
302.231
308.574
313.6
309.685
310.952
308.258
306.675
307.078
312.13
316.464
305.275
294.392
315.143
312.095
300.309
317.14
318.769
310.467
312.022
294.418
278.702
285.547
277.104
273.405
257.104
239.355
244.02
251.051
239.585
233.191
237.872
218.392
225.557
280.918
271.081
255.455
247.089
257.898
256.284
249.098
240.329
250.311
271.509
274.655
296.308
290.711
290.88
290.295
287.925
290.543
286.84
287.899
286.918
286.758
287.321
288.99
290.286
291.231
291.693
291.834
292.549
293.064
293.378
294.32
294.121
293.762
294.753
295.224
294.854
295.326
295.295
294.608
295.897
295.682
294.6
294.771
295.597
295.373
294.369
294.313
294.737
294.511
293.745
294.28
294.346
294.657
293.26
291.652
291.301
290.95
293.317
293.01
294.826
294.539
295.362
296.98
296.786
298.424
299.396
298.805
299.865
301.043
301.283
302.156
302.394
302.779
304.067
303.892
304.78
304.618
303.601
305.777
305.007
303.867
304.142
305.049
306.377
304.579
304.753
305.355
303.482
299.037
294.489
291.165
290.263
291.44
293.787
296.281
298.262
299.392
300.698
299.932
298.387
299.582
298.12
300.544
297.255
298.919
302.641
297
301.331
302.619
300.855
301.788
303.882
303.187
304.517
304.901
299.786
299.424
301.6
307.091
300.234
294.408
298.264
300.357
294.133
288.887
286.357
275.208
271.702
274.038
280.988
292.963
298.941
299.219
297.879
298.437
295.237
294.981
298.889
300.768
300.305
297.041
294.887
293.989
293.404
293.96
295.333
296.905
303.707
310.752
313.286
308.755
309.266
306.003
307.18
308.346
314.486
315.385
309.91
311.199
315.069
301.724
304.159
320.221
317.595
313.791
307.018
286.705
278.188
285.156
274.056
271.661
252.689
240.156
243.564
250.425
239.235
242.615
257.037
222.588
248.944
282.532
266.665
250.517
247.228
252.365
255.351
252.033
240.12
259.014
272.046
270.332
294.517
290.627
293.287
294.555
292.227
294.778
290.27
289.526
287.478
287.036
287.218
288.443
289.74
291.052
291.824
292.185
292.946
293.023
293.188
293.78
293.851
294.514
295.592
295.642
295.871
295.412
294.896
294.653
294.541
294.141
294.411
294.761
293.521
293.061
293.372
293.664
293.063
292.882
293.907
294.647
293.839
292.082
290.111
288.929
289.846
291.727
293.658
294.075
295.187
295.606
296.206
296.929
297.885
298.474
298.965
300.286
301.16
301.179
301.666
303.081
303.542
303.28
303.674
303.789
304.113
305.3
303.741
304.903
305.808
303.908
304.287
304.331
305.813
305.395
304.406
305.36
305.075
301.612
297.798
293.827
291.304
290.257
290.693
292.528
294.875
297.176
298.031
300.899
299.575
301.042
298.686
301.506
299.134
298.579
304.404
296.899
300.696
302.623
300.106
302.201
304.879
301.61
304.884
305.14
298.758
299.638
303.955
307.848
298.645
292.942
298.052
301.364
294.294
287.795
283.661
272.985
271.139
274.345
281.644
293.964
299.538
299.864
297.931
296.834
294.031
295.453
299.926
302.013
300.923
297.789
295.475
293.372
293.444
293.695
295.309
299.303
305.234
312.171
312.105
306.817
307.306
304.874
307.693
309.343
316.644
316.509
317.01
318.983
310.062
297.993
312.137
320.369
319.143
314.805
299.172
280.812
279.706
283.729
271.384
269.659
248.918
240.179
242.311
250.85
246.394
254.115
273.044
228.576
266.302
281.432
262.898
248.002
248.168
248.799
251.665
252.405
239.581
262.583
270.531
263.356
295.106
293.233
295.26
298.115
296.024
297.251
295.535
294.682
291.735
289.464
288.075
288.14
288.96
290.333
291.68
292.767
293.608
293.545
293.604
294.319
294.904
295.252
295.16
294.661
294.446
293.424
293.234
292.661
291.839
292.584
293.273
292.193
290.479
290.597
291.414
290.964
290.418
291.486
292.065
292.41
290.842
289.744
288.395
289.329
292.161
293.364
295.523
294.924
295.603
295.773
296.17
297.604
297.762
299.471
300.067
300.113
301.064
301.547
301.483
302.329
303.041
303.715
304.155
304.497
304.282
305.388
304.53
303.984
306.059
304.529
304.19
304.606
304.894
305.61
304.5
304.896
305.676
303.734
300.509
296.817
293.887
291.786
290.344
290.11
290.71
294.027
293.45
298.202
298.031
300.549
298.936
301.96
299.971
299.151
306.076
296.775
301.681
302.293
300.646
302.839
304.487
301.793
304.544
304.034
299.951
300.279
303.51
307.506
299.493
294.209
298.027
300.613
293.309
288.083
283.515
272.855
271.397
274.712
282.139
295.232
300.101
299.735
297.695
296.481
294.702
297.088
300.466
302.485
301.378
298.701
294.945
292.95
293.712
293.439
297.263
301.516
306.498
313.008
309.45
304.523
305.685
304.143
307.476
310.826
319.002
318.564
321.489
319.836
308.045
303.553
318.999
318.989
319.138
307.583
290.167
277.962
281.973
280.945
268.999
267.792
247.012
240.507
240.061
250.043
249.921
262.127
276.341
237.325
275.183
280.812
260.172
247.581
250.609
247.222
246.167
252.49
239.545
259.671
267.265
253.942
295.183
294.428
297.776
299.808
298.17
297.905
297.386
297.489
295.347
292.644
290.539
289.771
289.789
290.277
291.188
292.537
293.476
293.878
294.439
295.356
295.538
294.682
293.716
293.147
293.051
292.834
293.121
293.261
293.42
294.288
294.252
293.519
292.673
292.611
292.812
292.576
291.914
291.802
291.221
291.263
290.833
290.264
290.944
292.394
294.482
295.313
295.613
295.335
295.654
296.241
296.816
297.99
298.088
299.331
299.985
300.503
301.682
302.357
302.511
303.111
303.408
303.813
303.853
304.031
304.089
304.963
305.231
303.667
305.547
305.626
304.054
305.044
304.64
305.211
304.892
304.536
305.384
305.037
302.747
299.8
296.75
294.737
293.072
291.743
289.614
292.176
289.711
293.845
294.48
298.232
297.68
301.034
300.455
298.995
307.009
297.285
302.515
302.883
300.309
303.161
304.968
300.602
304.813
304.785
299.281
300.192
305.449
308.376
298.319
292.875
298.18
301.306
293.193
287.399
281.304
271.321
270.701
274.938
282.638
296.252
301.2
299.968
297.21
296.32
295.985
298.19
299.731
301.445
302.321
298.958
293.669
293.132
294.186
293.653
300.096
303.242
307.903
312.002
306.092
303.013
304.247
303.489
308.318
314.356
321.048
319.676
322.24
319.835
311.365
312.769
319.03
316.719
316.461
298.333
283.674
277.985
283.054
277.456
267.616
266.723
247.57
242.142
237.608
249.066
249.835
264.326
272.261
247.739
277.3
280.896
259.326
249.391
254.711
247.638
242.194
249.17
239.687
253.529
263.197
244.371
295.272
297.372
298.99
299.469
298.647
298.43
298.034
298.325
297.389
295.017
292.304
290.65
290.255
290.746
291.395
292.318
292.826
293.308
294.309
294.96
294.468
293.408
292.909
292.873
293.234
293.489
293.757
294.378
294.79
295.059
295.023
295.226
295.278
294.763
295.546
296.264
295.225
293.945
293.037
293.257
292.711
293.233
293.353
294.587
295.981
295.31
296.046
295.422
295.884
296.635
296.893
298.722
298.693
299.925
300.727
300.863
301.518
301.755
302.052
302.883
303.386
304.234
304.657
304.46
304.615
304.95
305.59
303.941
304.793
306.654
304.334
304.946
305.135
304.733
304.8
304.597
304.899
305.48
304.32
302.571
299.891
298.503
297.054
296.962
293.569
295.247
291.429
291.732
291.217
293.744
294.714
299.428
299.451
298.27
307.218
297.776
303.629
302.71
300.859
304.129
304.113
300.868
305.396
303.832
299.858
301.239
305.514
307.429
298.489
293.478
298.406
300.338
292.243
287.364
280.659
271.291
270.942
275.29
283.424
296.697
301.45
300.087
297.372
297.058
297.485
299.024
297.896
300.557
302.949
298.699
292.471
294.047
294.07
295.316
302.702
302.918
308.859
309.513
302.239
302.731
303.452
303.326
310.218
317.32
320.421
318.528
320.459
319.492
316.113
318.425
315.176
314.911
309.042
288.243
279.339
279.182
282.425
274.305
266.934
266.93
251.02
245.681
234.47
248.703
246.852
248.736
269.265
256.069
275.876
281.366
260.044
252.894
260.222
250.59
241.553
244.72
238.297
244.718
260.169
235.823
297.923
302.577
298.604
299.014
299.144
299.123
298.749
298.702
298.516
297.493
295.459
293.179
291.459
290.767
291.053
291.979
292.621
293.029
293.641
293.715
293.124
292.814
293.133
293.747
294.299
294.597
294.941
295.233
295.505
295.473
295.455
295.699
295.428
294.88
295.693
297.083
296.472
295.925
295.494
295.321
295.37
294.711
295.364
295.584
296.165
295.793
295.711
295.884
296.228
296.991
297.523
299.025
298.796
299.726
300.705
301.015
302.29
302.885
303.04
303.501
303.322
303.822
304.332
304.067
304.594
305.049
305.566
304.418
304.303
306.809
305.199
304.554
305.251
304.859
304.558
304.958
304.57
305.369
305.204
304.531
302.832
302.867
300.531
303.084
298.936
301.193
299.139
297.761
294.649
292.087
291.807
296.031
296.926
296.374
306.217
297.704
304.023
303.493
301.013
304.107
304.114
300.346
305.661
304.44
299.618
301.311
307.078
307.971
297.546
292.247
298.717
300.829
292.158
286.772
278.841
270.2
270.216
275.216
284.243
297.649
302.064
300.095
297.292
297.538
298.718
299.342
296.951
300.522
304.253
297.142
292.151
295.268
293.237
297.922
304.071
302.78
309.142
305.363
299.632
302.551
301.254
306.464
314.327
317.927
316.287
315.012
317.291
317.84
317.819
316.608
310.55
312.248
299.271
280.918
278.014
280.601
280.244
271.791
266.998
268.196
256.955
251.825
230.532
243.724
248.689
238.868
269.509
259.053
273.167
282.101
262.229
257.927
266.349
254.131
241.518
241.082
234.729
234.355
260.333
231.054
299.069
302.767
300.666
300.033
299.643
298.952
298.945
299.039
298.95
298.459
297.621
296.488
295.028
293.405
292.113
291.813
292.165
292.736
293.129
293.264
293.132
293.292
293.942
294.658
295.134
295.412
295.615
295.668
295.686
295.746
296.016
296.191
296
295.046
295.222
295.709
295.871
295.812
296.059
296.212
295.679
295.87
295.585
295.811
296.317
295.485
296.292
295.955
296.62
297.603
297.833
299.419
299.612
300.401
301.072
301.263
302.142
302.526
302.785
304.115
304.072
304.547
305.176
304.456
304.771
305.232
305.53
304.804
304.318
306.514
306.02
304.315
304.738
305.319
304.315
304.951
304.542
305.184
305.147
305.358
304.897
306.251
303.265
306.992
303.43
304.156
303.087
303.611
303.997
298.811
294.112
295.03
294.635
293.888
303.443
297.074
304.13
302.842
300.895
304.487
302.925
300.833
306.617
303.527
299.893
302.754
307.446
306.531
296.913
292.484
299.092
299.687
291.12
286.15
277.717
270.28
270.268
275.536
284.93
297.918
302.484
300.708
297.851
298.24
299.19
299.711
297.503
302.613
304.769
295.712
292.967
295.615
292.404
300.91
302.226
302.117
307.145
300.717
298.851
302.676
300.161
311.143
314.667
312.851
309.703
310.888
313.526
314.827
314.915
310.366
305.647
307.591
289.896
275.218
276.684
280.373
277.894
271.023
267.529
270.005
264.157
260.282
230.047
235.441
251.169
253.798
279.716
259.967
271.863
282.807
265.255
264.267
273.093
258.538
242.415
238.783
230.316
225.05
263.369
231.444
298.362
300.062
301.228
300.632
299.465
298.741
299.071
299.086
298.907
298.626
298.232
297.874
297.308
296.45
295.117
293.932
293.158
293.065
293.067
293.22
293.524
293.845
294.362
294.942
295.418
295.729
296.066
296.091
296.137
295.905
296.135
296.108
296.105
296.002
295.621
295.775
295.269
295.623
295.444
295.569
295.543
295.058
295.847
295.469
296.213
295.891
296.325
296.505
297.255
298.026
298.406
299.903
299.925
300.565
301.093
301.634
302.781
303.487
303.113
304.21
304.012
304.137
305.357
304.419
304.736
305.342
305.358
305.035
304.488
305.995
306.231
304.576
304.103
305.431
304.968
304.627
304.886
305.589
305.311
306.127
306.575
307.843
306.241
307.404
306.12
306.286
303.878
301.915
306.061
304.151
300.511
299.51
295.237
291.773
300.793
295.835
302.591
302.593
301.03
304.314
302.762
300.853
306.7
303.699
300.208
303.355
308.408
306.33
295.963
291.625
299.476
299.827
291.063
285.403
276.301
269.648
269.658
275.815
286
298.417
302.658
300.969
298.272
298.581
299.154
300.227
299.849
305.788
304.512
293.896
295.096
294.791
291.985
302.694
299.702
302.038
304.095
296.228
299.945
301.294
304.928
314.7
310.601
305.682
304.188
307.398
309.301
309.631
307.84
303.142
302.483
300.2
281.662
272.375
276.559
279.574
276.053
271.508
268.116
271.454
270.409
269.286
238.69
232.713
239.049
274.032
296.389
266.149
273.133
283.798
269.058
271.269
280.145
263.717
244.143
236.99
226.925
219.33
268.267
233.792
299.473
300.123
300.318
300.121
299.066
298.925
299.036
298.833
298.661
298.559
298.33
298.138
297.872
297.631
297.069
296.304
295.415
294.813
294.333
294.14
294.396
294.598
294.999
295.414
296.008
296.395
296.364
296.476
296.288
296.45
296.475
296.359
296.21
296.145
296.005
295.952
296.034
295.739
295.913
295.582
295.415
295.788
296.017
295.825
296.751
296.197
297.278
297.214
297.878
298.688
299.097
300.283
300.163
301.131
301.739
302.146
302.409
303.524
303.25
304.493
304.359
303.859
305.548
304.703
304.881
305.566
305.504
305.485
304.495
305.772
305.827
305.028
304.18
304.644
306.473
304.136
305.114
306.198
305.954
306.806
308.15
307.617
309.554
306.417
306.337
307.599
306.487
301.77
303.277
302.443
302.472
304.356
298.895
293.57
299.143
293.5
301.109
301.586
300.417
303.863
301.405
301.365
307.328
302.697
300.592
304.992
308.356
304.214
294.589
291.599
299.707
298.705
290.043
284.402
274.908
269.664
269.445
276.157
286.734
298.388
302.941
301.533
298.792
298.65
298.969
300.466
302.568
306.79
301.777
293.168
297.44
292.795
292.459
300.665
295.833
301.461
299.404
295.059
302.141
298.652
315.794
311.331
302.785
299.683
300.986
303.943
304.282
303.726
300.807
298.077
300.828
291.59
276.022
270.144
274.23
277.012
274.656
272.641
268.958
271.616
273.325
274.274
254.986
241.592
232.137
282.28
306.3
276.824
277.642
285.642
273.004
278.247
287.392
269.857
247.075
234.784
224.449
218.262
268.069
240.099
300.803
299.989
299.463
299.513
299.041
299.122
299.049
298.789
298.674
298.687
298.532
298.317
298.065
297.84
297.731
297.452
296.949
296.441
295.931
295.681
295.659
295.844
295.957
296.316
296.654
296.892
296.699
296.559
296.653
296.649
296.741
296.719
296.58
296.454
296.214
296.398
296.213
296.344
296.232
295.823
296.273
296.169
296.703
296.466
297.229
297.251
297.996
297.965
298.833
299.439
299.531
300.745
300.66
301.501
301.773
302.922
302.925
304.074
303.383
304.759
304.831
303.846
305.536
304.606
304.96
305.082
305.182
305.922
304.128
305.757
305.075
305.518
305.016
303.751
307.65
303.449
304.78
305.697
306.462
306.48
308.56
306.375
311.942
308.222
307.071
305.585
305.667
302.525
302.543
300.012
298.945
303.99
301.751
296.552
298.829
293.352
299.406
299.62
299.182
303.129
301.162
301.756
306.751
302.307
301.176
305.905
308.104
302.766
293.317
291.447
300.324
298.47
289.949
283.453
273.406
269.578
269.699
277.454
288.17
298.45
302.725
301.983
299.205
299.027
299.124
301.294
302.977
303.753
296.725
293.077
298.119
290.143
293.831
297.194
294.15
300.577
294.352
295.873
303.125
298.9
322.65
304.579
296.983
297.188
298.703
299.704
299.217
299.021
296.009
295.809
300.663
284.854
272.639
268.878
272.801
274.915
273.331
273.034
269.734
270.873
273.498
274.227
269.151
258.324
253.801
287.294
305.928
287.603
282.747
287.756
277.408
284.499
294.088
276.978
252.146
233.421
221.369
222.401
259.388
246.395
301.179
300.4
299.83
299.756
299.715
299.719
299.573
299.218
299.154
299.096
298.969
298.794
298.44
298.17
298.003
297.865
297.581
297.25
296.909
296.81
296.71
296.82
296.713
296.934
297.125
297.101
296.859
296.868
296.777
297.069
297.047
296.996
296.772
296.652
296.384
296.618
296.718
296.441
296.553
296.484
296.653
296.946
297.085
297.093
297.83
297.599
298.437
298.714
299.359
299.837
300.236
300.943
301.001
302.114
302.239
303.097
302.88
304.418
303.526
304.648
304.958
304.224
305.839
305.024
305.563
304.593
305.208
306.305
304.04
305.809
304.057
305.805
305.998
303.536
306.959
302.766
304.514
304.05
306.644
307.055
309.213
305.979
312.914
310.266
307.953
303.62
299.37
297.142
299.179
297.945
294.206
300.205
301.115
297.985
299.994
293.527
297.574
298.515
299.083
302.93
300.225
301.844
306.301
301.257
301.781
307.218
306.722
300.104
291.964
291.601
300.253
297.143
288.93
281.912
272.18
270.112
269.866
278.262
289.242
298.508
302.653
302.123
299.222
299.106
300.158
301.454
301.41
299.164
294.185
295.615
296.813
287.708
294.637
292.966
294.222
297.341
294.745
299.335
305.191
301.073
313.112
296.063
293.369
294.664
295.634
296.358
296.751
296.635
294.326
294.537
299.183
280.559
271.321
268.029
269.914
271.822
270.907
271.489
270.249
269.618
272.76
270.985
272.122
266.441
274.214
289.861
300.522
297.257
290.745
290.467
282.807
288.968
298.514
284.746
260.464
236.251
220.65
229.783
244.941
244.987
301.385
300.936
300.524
300.292
300.192
300.071
299.956
299.652
299.567
299.395
299.246
299.075
298.751
298.56
298.385
298.228
297.944
297.794
297.56
297.452
297.371
297.492
297.173
297.347
297.424
297.379
297.105
297.247
297.222
297.288
297.417
297.244
296.988
297.039
296.792
296.95
296.867
296.897
296.95
297.011
297.289
297.461
297.806
297.691
298.265
298.288
298.987
299.092
300.108
300.145
300.788
301.461
301.772
302.366
302.673
303.587
303.029
304.51
303.77
304.973
305.009
304.296
305.04
304.994
305.68
304.128
305.448
306.008
304.683
305.273
303.049
306.424
306.277
303.882
305.099
302.166
304.074
303.451
307.364
308.607
309.256
307.796
312.66
308.511
305.226
300.658
294.315
291.438
293.296
295.197
290.085
294.74
296.877
297.887
300.566
293.648
296.84
297.322
297.021
300.974
299.412
301.962
305.261
300.72
302.459
307.31
304.981
298.171
290.825
292.047
300.898
296.873
288.791
280.65
270.861
270.704
270.582
279.601
290.281
298.133
302.378
302.424
299.375
299.236
300.682
301.812
300.143
298.275
294.822
297.254
292.079
285.632
295.025
290.116
295.243
295.578
293.402
302.15
305.94
302.743
300.336
291.346
293.237
292.807
292.263
293.269
294.233
296.745
295.912
296.493
297.884
280.387
272.269
267.815
268.596
269.959
268.997
269.341
270.434
268.488
272.868
268.755
268.178
263.653
268.777
285.793
293.336
303.593
302.409
294.969
289.568
290.499
297.599
291.341
272.629
246.924
227.45
234.146
230.136
242.867
301.463
301.202
300.856
300.616
300.515
300.33
300.17
299.983
299.84
299.639
299.504
299.277
299.065
298.964
298.791
298.608
298.346
298.208
298.048
297.949
297.837
297.96
297.703
297.707
297.736
297.748
297.529
297.63
297.693
297.703
297.619
297.765
297.5
297.431
297.448
297.371
297.407
297.531
297.569
297.697
297.864
298.128
298.331
298.395
299.018
298.95
299.73
299.767
300.691
300.628
301.442
301.877
302.373
302.795
302.878
303.716
303.362
304.766
303.929
304.919
305.065
304.824
304.822
305.339
305.457
303.999
305.692
305.106
305.754
304.311
302.527
306.973
306.116
304.555
303.155
302.73
303.652
304.624
308.131
310.068
309.225
309.497
309.774
303.527
299.04
296.455
291.957
289.695
290.597
294.626
288.783
290.439
291.673
294.408
299.152
294.78
296.654
295.909
296.267
301.053
299.128
301.681
304.14
300.039
303.08
307.378
302.421
295.546
290.068
292.911
300.804
295.209
287.108
278.521
269.956
271.467
271.02
280.673
291.571
297.638
301.345
302.122
299.547
298.751
300.402
301.061
299.662
298.623
297.33
296.713
289.113
289.209
293.21
290.628
297.076
292.73
305.156
308.576
303.76
310.407
292.145
286.338
291.125
289.277
289.772
291.945
293.601
297.782
296.121
297.919
297.983
281.484
274.875
270.297
268.427
269.153
268.522
267.168
269.601
266.482
271.709
269.099
266.119
261.55
256.123
279.652
288.107
303.888
303.978
297.848
294.548
288.293
287.305
292.265
281.384
262.105
241.222
233.416
219.072
230.603
301.553
301.358
301.129
300.869
300.731
300.49
300.282
300.138
300.055
299.86
299.753
299.549
299.38
299.204
299.058
298.806
298.635
298.545
298.405
298.342
298.275
298.313
298.141
298.215
298.192
298.225
298.121
298.151
298.131
298.199
298.089
298.127
298.086
297.996
297.932
298.059
297.941
298.19
298.221
298.36
298.517
298.922
299.008
299.175
299.734
299.751
300.342
300.308
301.146
301.256
302.085
302.164
302.771
302.976
303.402
303.912
303.602
304.631
304.543
304.65
304.915
304.9
304.361
305.704
305.072
304.37
305.225
304.439
306.735
303.376
303.1
306.324
305.606
305.386
301.519
303.112
303.363
306.376
307.396
310.476
308.89
309.406
304.886
299.283
295.737
294.681
291.822
290.973
291.064
296.075
289.981
290.612
288.325
289.895
297.114
293.943
295.647
295.912
295.698
298.881
297.443
301.073
302.676
299.424
303.931
305.898
299.204
293.637
289.633
293.899
301.088
294.691
286.717
277.023
269.553
272.365
271.504
281.095
292.229
296.839
300.135
301.604
300.087
298.752
299.466
299.555
299.09
298.498
295.656
291.188
288.284
292.027
292.128
291.518
296.078
295.697
299.978
302.758
304.635
319.32
293.984
286.889
289.701
286.956
288.093
289.196
286.769
296.833
292.561
292.709
298.898
287.042
278.683
273.473
269.986
268.994
269.45
267.142
270.149
266.154
270.533
269.307
265.216
264.031
252.238
272.037
279.937
300.094
291.534
295.909
296.334
285.19
272.652
285.957
278.832
268.795
251.547
231.283
217.082
207.799
301.722
301.565
301.35
301.121
300.946
300.738
300.639
300.53
300.434
300.291
300.145
299.874
299.788
299.547
299.497
299.289
299.171
299.219
299.082
298.885
298.904
298.877
298.678
298.753
298.737
298.725
298.633
298.641
298.646
298.697
298.637
298.683
298.616
298.628
298.676
298.693
298.757
298.983
298.966
299.309
299.256
299.693
299.762
299.948
300.381
300.526
300.985
301.028
301.793
301.843
302.507
302.5
303.414
303.214
303.565
303.867
304.089
304.36
304.802
304.281
305.149
305.061
304.214
305.309
304.428
305.1
303.883
304.679
306.677
303.009
303.93
304.411
305.906
305.657
300.909
303.184
302.965
307.756
307.08
309.35
306.696
307.96
302.184
299.125
295.672
294.919
292.523
292.007
291.808
296.378
291.668
292.361
286.482
286.929
294.431
292.174
295.27
294.682
293.33
297.655
297.447
300.657
300.942
298.886
304.252
303.547
295.659
291.882
289.824
295.156
301.257
292.647
284.018
274.37
269.308
273.16
271.636
280.843
292.234
295.205
297.805
299.803
299.62
298.804
299.135
299.256
298.986
298.561
296.849
294.283
293.041
294.626
289.27
295.346
296.188
296.589
278.367
286.368
309.05
322.589
299.341
287.074
289.573
289.131
290.09
286.568
284.448
292.487
289.736
287.053
293.707
288.36
283.657
279.749
275.245
271.815
272.436
269.057
272.043
267.211
269.486
268.153
259.933
268.753
255.941
269.409
272.291
297.546
276.017
289.803
296.742
284.033
262.698
273.926
269.033
265.16
255.772
229.582
220.937
201.3
301.89
301.776
301.632
301.524
301.322
301.163
301.024
300.865
300.775
300.672
300.6
300.422
300.361
300.168
300.039
299.819
299.758
299.72
299.631
299.483
299.499
299.462
299.318
299.275
299.346
299.302
299.191
299.32
299.366
299.312
299.379
299.363
299.369
299.404
299.472
299.553
299.588
299.905
299.846
300.104
300.131
300.446
300.481
300.741
301.031
301.13
301.573
301.85
302.161
302.362
303.014
302.829
303.533
303.46
303.707
303.916
304.271
304.167
305.047
303.982
304.818
304.511
304.507
304.509
304.702
305.343
302.945
305.034
305.056
303.936
303.927
303.343
306.435
304.225
302.157
302.254
302.928
307.583
306.193
307.513
305.438
306.989
302.619
301.522
296.823
294.288
293.227
293.535
292.132
294.97
291.832
293.693
286.354
286.211
292.338
290.115
296.054
293.897
293.583
298.02
295.486
298.582
299.451
299.004
303.731
299.664
291.999
290.915
291.125
296.138
300.681
291.878
283.661
273.501
269.939
273.508
270.931
279.126
291.608
293.606
295.011
295.89
296.759
297.879
298.489
300.005
299.709
298.563
294.16
294.336
292.715
292.241
293.358
299.9
293.887
292.052
271.727
274.787
314.543
312.987
295.417
285.01
286.387
287.958
291.863
277.188
278.53
295.062
290.418
285.931
285.163
288.464
285.679
282.195
280.74
277.464
277.65
273.626
277.386
269.316
273.371
265.444
252.054
271.714
255.67
269.471
268.964
295.543
266.633
273.337
294.278
286.614
261.954
262.989
259.845
256.544
256.378
231.726
219.679
206.921
302.126
301.942
301.87
301.801
301.672
301.577
301.458
301.36
301.282
301.098
301.058
300.931
300.779
300.75
300.639
300.504
300.442
300.349
300.357
300.215
300.154
300.111
300.1
299.996
300.128
300.083
300.061
300.066
300.068
300.028
300.109
300.05
300.15
300.203
300.199
300.429
300.419
300.565
300.645
300.943
300.951
301.24
301.288
301.321
301.64
301.911
301.931
302.353
302.611
302.671
303.115
303.234
303.619
303.568
303.619
304.013
304.284
303.818
304.627
304.012
304.247
304.09
304.711
303.388
304.838
304.467
303.313
304.105
303.968
305.235
302.866
303.141
305.054
303.746
303.875
300.757
303.62
305.007
306.049
305.745
304.819
305.349
304.441
303.774
298.357
295.463
293.398
292.819
292.672
291.741
290.628
294.93
286.824
287.446
290.499
288.941
295.118
290.582
293.87
295.61
293.504
299.241
298.958
298.461
301.788
295.088
289.42
291.58
292.739
296.678
299.64
290.088
281.913
272.175
270.599
273.446
269.943
276.386
289.662
291.53
291.033
289.308
289.993
293.008
294.141
298.867
297.694
296.516
293.392
293.556
294.188
293.487
296.993
296.719
293.121
279.427
269.305
269.109
313.503
305.933
293.958
284.891
289.724
289.491
293.485
259.532
273.335
288.298
286.769
283.327
269.197
273.004
285.272
283.364
280.792
275.994
278.723
276.377
281.254
273.304
277.287
253.149
242.254
269.408
254.419
263.888
265.121
289.965
269.313
258.951
282.95
287.776
266.334
257.825
253.595
248.095
250.97
234.696
222.499
206.47
302.315
302.241
302.129
302.058
301.981
301.817
301.751
301.66
301.537
301.495
301.41
301.336
301.25
301.164
301.087
301.018
300.922
300.879
300.883
300.781
300.798
300.713
300.75
300.651
300.694
300.686
300.689
300.601
300.726
300.656
300.726
300.783
300.83
300.927
300.991
301.108
301.128
301.374
301.388
301.514
301.664
301.677
301.72
301.976
302.105
302.273
302.356
302.603
302.676
302.847
303.141
303.255
303.322
303.531
303.314
303.449
303.952
303.747
303.805
303.9
303.461
303.63
304.168
303.007
304.067
303.603
304.202
302.409
303.598
304.353
302.536
302.787
302.728
304.896
303.392
300.81
302.573
301.601
305.784
304.185
305.304
304.416
307.801
304.691
299.168
295.135
293.611
291.863
292.601
292.948
293.765
293.677
289.518
294.137
291.76
292.152
296.393
291.097
296.45
293.404
294.76
299.949
296.657
297.663
298.72
290.23
288.746
293.508
293.975
296.942
298.441
287.825
279.686
270.409
269.756
271.44
267.679
272.019
285.571
289.219
287.712
282.332
281.11
283.247
285.866
298.192
302.02
300.387
299.332
298.256
294.177
290.681
291.273
293.916
287.844
258.927
266.102
272.577
296.707
292.586
289.012
285.941
287.406
285.89
295.976
240.083
249.986
281.877
282.049
278.075
262.461
258.272
272.227
283.536
286.912
278.86
277.54
276.966
277.804
273.952
275.034
255.034
247.92
264.672
255.712
258.687
259.522
281.904
276.143
259.921
269.967
287.885
272.769
257.676
248.733
242.104
243.128
231.441
225.746
210.996
302.367
302.257
302.179
302.108
302.038
301.976
301.884
301.816
301.739
301.662
301.573
301.551
301.464
301.439
301.374
301.35
301.301
301.25
301.242
301.218
301.195
301.175
301.17
301.121
301.169
301.096
301.191
301.14
301.229
301.225
301.276
301.309
301.33
301.417
301.422
301.574
301.628
301.739
301.857
301.827
301.921
301.945
301.962
302.106
302.252
302.35
302.422
302.439
302.636
302.57
302.618
303.025
302.729
302.807
302.729
302.839
303.088
303.312
302.966
303.271
302.994
302.901
302.928
302.915
302.82
303.105
303.292
302.129
303.196
302.553
303.12
301.707
302.127
303.312
302.371
302.585
300.182
302.26
303.625
301.617
303.783
303.696
306.937
304.273
303.528
294.168
291.698
293.174
294.601
292.293
294.221
291.277
292.44
295.123
292.302
294.905
292.252
290.877
295.404
291.504
297.613
297.22
294.358
296.869
293.516
286.992
290.916
296.701
295.124
295.279
295.516
285.769
278.411
269.935
269.372
269.768
265.739
267.743
279.641
285.951
285.454
277.662
273.024
272.584
272.996
286.004
298.45
295.684
294.954
294.585
294.144
294.041
292.618
285.147
272.698
255.167
265.351
280.277
292.974
293.05
289.15
285.612
292.179
288.532
329.934
260.743
229.324
252.846
253.628
261.014
239.026
231.006
255.175
274.762
283.439
285.516
280.282
280.844
269.489
278.982
273.773
276.524
271.312
263.835
255.893
257.799
252.171
273.679
275.018
265.155
260.222
286.101
277.24
258.528
245.662
235.499
236.618
226.477
219.404
211.681
302.116
302.04
301.982
301.909
301.854
301.772
301.717
301.641
301.585
301.525
301.472
301.447
301.401
301.398
301.37
301.379
301.327
301.364
301.278
301.3
301.242
301.245
301.235
301.225
301.25
301.241
301.318
301.297
301.337
301.339
301.343
301.324
301.345
301.371
301.42
301.492
301.581
301.668
301.69
301.787
301.694
301.698
301.767
301.711
301.921
301.931
302.125
302.014
302.046
301.964
302.05
302.03
301.91
301.881
301.816
301.994
302.128
302.483
302.099
302.13
302.012
301.915
301.627
301.798
301.614
301.931
302.06
302.205
301.571
302.002
302.265
301.26
301.531
301.113
301.789
301.097
301.111
301.586
301.105
302.06
300.046
302.651
305.723
305.916
303.524
296.746
294.223
290.004
292.221
291.745
292.859
292.353
295.116
291.213
292.57
292.8
291.435
294.106
293.02
293.996
298.402
293.265
293.791
294.125
287.933
287.227
296.671
298.733
292.267
292.639
292.586
282.271
275.531
268.414
267.218
266.937
263.233
264.43
273.725
281.365
284.2
276.4
269.774
267.04
265.833
276.033
298.326
295.392
291.07
289.64
289.887
293.134
291.64
281.124
260.755
258.455
274.38
286.463
295.689
295.306
264.943
264.905
277.054
284.126
287.968
247.864
231.649
224.336
217.111
239.933
241.828
219.674
234.3
257.288
274.083
267.634
266.311
288.561
267.678
282.85
273.209
280.395
272.039
271.429
258.571
259.356
246.044
266.345
266.844
271.892
252.485
279.717
281.512
257.671
244.373
228.229
230.625
221.186
208.147
211.091
301.455
301.401
301.331
301.265
301.2
301.116
301.061
300.975
300.939
300.875
300.848
300.82
300.806
300.803
300.777
300.781
300.739
300.719
300.671
300.639
300.59
300.588
300.566
300.599
300.614
300.688
300.677
300.749
300.721
300.696
300.669
300.626
300.599
300.628
300.671
300.775
300.838
300.957
300.927
300.937
300.851
300.789
300.765
300.874
300.863
300.947
301.242
301.047
300.995
300.656
300.786
300.586
300.468
300.372
300.445
300.634
300.793
300.906
300.894
300.638
300.739
300.737
300.439
300.458
300.527
300.751
301.072
300.973
301.015
301.114
300.717
301.212
300.244
300.565
300.747
300.354
299.798
299.814
300.494
300.043
300.662
300.714
302.016
305.842
304.073
300.87
295.37
290.958
289.411
289.058
291.902
292.662
292.199
293.61
295.181
291.717
293.763
294.729
293.5
295.153
291.921
289.631
292.488
288.942
286.439
294.245
300.926
295.567
287.538
288.803
288.75
278.45
271.53
265.996
264.434
264.438
261.218
263.97
271.288
275.209
281.167
277.822
271.819
267.695
261.997
262.935
288.928
299.856
292.265
294.423
289.297
286.876
276.793
268.773
255.888
254.803
288.546
291.56
275.282
277.069
238.419
248.363
252.787
256.764
232.865
226.992
227.993
218.821
218.768
226.625
234.96
225.584
229.373
242.774
270.498
243.018
245.848
285.692
261.545
264.442
271.162
276.031
256.061
272.896
258.813
258.329
241.743
261.838
255.885
277.162
250.764
276.662
287.204
254.832
242.067
221.683
222.447
215.886
198.641
209.17
300.487
300.442
300.382
300.318
300.243
300.161
300.074
299.993
299.91
299.86
299.796
299.781
299.755
299.756
299.761
299.728
299.742
299.657
299.649
299.532
299.52
299.445
299.466
299.443
299.487
299.532
299.556
299.602
299.569
299.601
299.472
299.504
299.41
299.446
299.472
299.568
299.641
299.696
299.731
299.692
299.647
299.565
299.5
299.578
299.523
299.732
299.793
299.757
299.475
299.314
299.132
298.97
298.887
298.823
298.958
299.041
299.221
299.363
299.479
299.355
299.621
299.466
299.495
299.409
299.267
299.794
299.752
299.971
300.183
299.728
300.511
299.97
299.755
299.856
299.032
299.435
299.323
298.257
298.602
299.224
298.729
299.817
301.12
300.769
303.566
302.934
298.439
295.156
291.388
289.522
287.656
288.692
289.553
291.494
288.715
291.474
292.209
289.171
289.294
290.747
288.173
290.481
290.06
289.152
296.153
303.159
297.747
286.302
280.771
284.462
284.699
275.03
267.282
262.483
260.798
261.626
258.536
263.178
272.474
273.596
276.117
276.677
274.388
275.006
272.788
265.649
277.237
298.523
289.95
289.439
293.076
293.079
285.229
275.217
262.995
245.361
273.005
295.126
262.879
242.514
235.551
233.803
235.691
231.89
229.385
232.207
221.849
219.638
227.145
235.866
229.843
232.786
237.775
246.628
277.111
236.897
238.334
268.81
241.135
240.152
272.815
272.724
249.316
265.38
251.401
252.392
241.517
263.966
250.059
270.958
260.678
285.577
287.915
250.799
238.333
216.826
215.055
208.464
194.745
204.137
299.482
299.431
299.375
299.311
299.209
299.145
299.007
298.952
298.812
298.786
298.678
298.68
298.636
298.638
298.64
298.597
298.607
298.505
298.51
298.357
298.378
298.242
298.288
298.214
298.264
298.253
298.285
298.316
298.291
298.332
298.253
298.295
298.2
298.272
298.232
298.329
298.333
298.425
298.479
298.385
298.522
298.361
298.383
298.32
298.356
298.287
298.309
298.326
298.02
298.063
297.9
297.795
297.611
297.725
297.794
297.989
297.986
298.369
298.369
298.516
298.574
298.311
298.571
298.177
298.585
298.768
298.784
299.541
298.816
299.408
299.467
299.11
299.879
298.584
298.716
298.546
297.752
297.799
298.061
296.818
298.417
298.923
297.728
300.108
301.343
300.139
301.613
300.023
295.989
292.97
291.304
290.048
288.492
288.154
288.887
289.733
287.336
289.193
291.833
289.332
289.782
295.872
295.593
297.464
300.902
295.763
284.396
278.023
278.438
283.201
281.237
270.969
261.922
258.184
259.224
261.907
257.639
259.116
269.569
275.961
271.846
271.311
270.353
271.125
273.826
275.79
277.898
289.206
284.544
279.613
288.621
283.765
283.022
269.933
256.811
253.314
244.395
285.791
278.349
246.753
251.408
230.843
227.916
229.435
221.432
225.648
228.985
227.782
225.513
228.874
223.132
234.831
242.3
262.2
272.344
232.887
227.432
249.443
228.623
230.676
273.349
259.082
249.75
266.21
245.377
247.941
245.75
268.698
253.893
264.669
290.024
302.73
278.007
246.892
232.695
211.772
208.55
202.753
191.486
201.805
298.561
298.485
298.407
298.333
298.2
298.151
297.974
297.936
297.76
297.742
297.606
297.593
297.529
297.497
297.506
297.429
297.488
297.371
297.435
297.297
297.329
297.237
297.212
297.194
297.117
297.185
297.082
297.193
297.09
297.188
297.129
297.169
297.179
297.164
297.208
297.219
297.24
297.266
297.316
297.292
297.284
297.341
297.269
297.223
297.275
297.053
297.066
296.924
296.879
296.88
296.953
296.937
296.739
296.872
296.939
296.927
297.117
297.234
297.351
297.48
297.431
297.629
297.416
297.563
297.718
297.572
298.327
298.196
298.628
298.75
298.311
299.061
298.62
298.337
298.551
297.244
297.214
297.532
295.929
297.339
297.087
296.571
297.883
297.73
297.988
298.59
301.621
299.305
299.608
298.934
297.013
295.04
292.801
293.483
294.02
291.138
292.904
296.225
293.192
293.973
301.207
299.248
293.372
296.039
295.323
285.191
276.474
276.063
279.016
282.432
278.978
270.871
262.681
259.217
261.603
264.55
260.575
256.541
264.376
277.225
274.272
271.589
275.229
274.837
274.806
279.986
288.404
293.064
288.203
281.764
291.164
283.967
279.785
270.177
276.314
267.678
233.37
264.134
259.516
275.07
267.341
240.962
228.083
222.012
218.543
227.55
223.955
222.432
233.452
226.187
223.699
230.667
238.925
260.841
246.322
230.457
226.579
241.152
226.12
233.514
266.972
244.59
252.258
260.326
238.123
246.65
251.335
272.831
259.398
272.076
336.386
325.307
264.675
243.89
223.128
206.981
205.235
198.157
189.625
202.594
297.713
297.638
297.541
297.488
297.351
297.337
297.17
297.15
296.972
296.946
296.8
296.739
296.665
296.569
296.579
296.443
296.515
296.373
296.458
296.345
296.376
296.344
296.285
296.344
296.196
296.341
296.151
296.344
296.175
296.337
296.278
296.344
296.418
296.35
296.525
296.351
296.561
296.335
296.511
296.363
296.364
296.406
296.28
296.417
296.196
296.287
296.08
296.164
295.985
296.035
296.134
296.077
296.055
296.098
296.119
296.172
296.338
296.526
296.544
296.539
296.83
296.717
296.881
297.068
297.07
297.672
297.493
298.296
298.327
298.089
298.428
297.831
298.105
298.071
297.324
297.198
296.753
295.83
296.437
295.824
295.761
296.264
295.857
295.97
295.913
296.765
298.518
296.947
300.11
300.187
298.777
299.014
298.025
299.046
298.008
296.274
299.424
299.077
295.749
299.773
299.689
290.969
290.776
293.964
286.483
275.681
273.181
276.623
280.115
281.585
277.074
272.165
265.998
262.282
265.163
264.796
263.01
258.098
261.996
275.645
280.343
280.038
286.851
291.497
287.197
280.103
292.646
300.112
292.74
281.23
287.153
285.852
284.422
289.711
285.434
290.911
248.912
245.481
237.267
272.088
259.086
246.621
232.178
225.142
220.939
222.12
215.369
233.085
252.713
243.095
239.012
234.732
234.95
243.61
231.631
229.164
226.942
238.309
230.011
244.034
253.965
239.157
254.157
243.864
236.077
251.116
256.661
273.462
262.676
283.95
360.146
330.729
253.549
239.285
212.94
205.109
205.89
194.732
190.96
205.392
297.02
296.925
296.849
296.773
296.671
296.633
296.508
296.474
296.324
296.286
296.144
296.075
295.961
295.866
295.815
295.69
295.696
295.572
295.613
295.516
295.547
295.511
295.485
295.539
295.438
295.578
295.43
295.617
295.472
295.636
295.575
295.645
295.731
295.662
295.887
295.699
295.958
295.689
295.888
295.668
295.709
295.66
295.508
295.607
295.366
295.589
295.363
295.599
295.368
295.424
295.487
295.39
295.622
295.455
295.739
295.553
295.847
296.089
295.827
296.325
296.053
296.536
296.35
296.55
297.106
296.913
297.553
297.67
297.902
298.2
297.69
297.631
297.625
297.152
297.225
296.617
296.01
295.609
295.456
295.187
294.732
295.702
294.461
294.443
294.991
294.856
294.661
295.575
297.629
297.247
297.236
298.142
299.242
299.203
297.268
297.235
299.684
296.845
294.104
296.232
292.156
286.758
289.465
287.387
277.374
270.93
271.722
274.813
278.844
281.014
277.878
273.466
266.913
262.545
267.795
265.353
261.681
259.799
261.629
267.241
266.197
268.73
280.233
290.601
291.796
276.78
275.079
285.113
286.121
278.464
283.314
286.408
288.239
283.211
265.611
281.083
261.842
240.097
258.102
264.197
255.921
251.765
240.852
228.499
219.276
220.675
223.789
240.572
251.699
249.427
240.68
235.509
232.904
233.471
229.63
228.699
232.087
238.615
236.299
258.857
239.71
239.614
245.914
229.226
241.681
261.217
262.011
272.672
265.536
283.958
336.774
306.271
246.239
230.929
205.682
208.008
207.662
193.163
194.551
208.434
296.581
296.464
296.388
296.259
296.177
296.057
295.972
295.869
295.772
295.696
295.589
295.536
295.424
295.387
295.288
295.243
295.174
295.11
295.087
295.005
295.026
294.937
294.978
294.909
294.931
294.908
294.879
294.92
294.832
294.936
294.83
294.956
294.896
294.966
295.017
294.962
295.101
294.915
295.085
294.875
294.948
294.875
294.786
294.979
294.719
295.082
294.861
295.075
295.06
295.02
295.365
295.045
295.54
295.294
295.468
295.629
295.459
296.054
295.562
296.231
296.127
296.076
296.538
296.351
297.037
297.163
297.16
297.822
297.602
297.651
297.728
296.928
297.2
296.838
296.249
296.436
295.428
295.049
295.096
294.319
294.201
294.789
293.399
293.976
293.729
293.546
292.57
294.694
294.377
293.373
295.103
295.934
296.065
294.474
294.389
296.574
294.85
290.025
290.898
292.657
286.443
283.062
284.63
278.571
270.648
269.409
270.658
272.227
276.704
279.535
277.635
272.739
269.204
266.881
269.824
267.18
261.263
259.123
261.484
268.49
269.916
274.193
282.836
287.092
297.118
296.418
274.641
272.004
276.461
275.964
277.47
290.133
279.897
250.387
269.683
285.043
265.993
250.375
273.687
259.055
256.537
256.018
247.616
234.818
224.999
223.186
224.727
237.5
249.76
247.223
241.567
238.287
236.432
231.744
227.572
227.787
232.47
236.688
247.045
272.593
230.943
239.374
230.728
223.49
252.346
271.16
266.352
273.598
267.114
273.907
293.509
268.373
241.361
222.869
203.574
214.352
208.35
193.589
199.595
212.568
296.262
296.168
296.065
295.96
295.86
295.75
295.663
295.557
295.481
295.38
295.314
295.227
295.162
295.098
295.026
294.979
294.908
294.874
294.804
294.776
294.714
294.664
294.623
294.537
294.518
294.4
294.407
294.283
294.297
294.202
294.176
294.149
294.079
294.176
294.071
294.204
294.059
294.178
294.134
294.165
294.323
294.291
294.629
294.569
294.863
294.983
295.02
295.417
295.231
295.657
295.591
295.583
295.936
295.567
296.112
295.914
296.06
296.417
296.107
296.716
296.391
296.622
296.926
296.94
297.296
297.401
297.257
297.647
297.338
297.172
297.264
296.492
296.585
296.32
295.611
295.66
295.06
294.425
294.387
293.949
293.479
293.613
293.008
293.208
292.264
292.975
292.067
292.847
291.904
292.648
293.271
291.762
292.924
292.297
291.72
292.227
289.204
288.21
290.365
285.645
277.865
278.439
279.409
272.969
268.463
270.382
271.11
269.386
272.877
277.643
276.633
269.886
268.096
268.791
269.567
266.771
260.497
259.296
259.02
262.395
268.994
274.696
275.22
278.195
290.017
305.218
295.043
279.956
275.976
277.476
275.713
285.245
275.413
278.203
277.66
278.024
259.699
257.492
261.825
257.05
259.837
256.753
248.325
239.084
228.801
226.524
225.005
239.888
248.521
249.402
245.382
237.912
233.318
225.107
223.272
227.334
234.186
246.529
252.493
267.179
225.296
233.928
223.031
227.091
259.243
276.88
272.611
275.247
263.596
259.37
257.837
240.012
238.417
219.011
208.048
222.423
208.757
196.761
205.91
218.56
295.926
295.823
295.708
295.599
295.476
295.366
295.242
295.137
295.009
294.906
294.792
294.691
294.599
294.503
294.424
294.321
294.256
294.146
294.083
293.972
293.9
293.803
293.732
293.671
293.603
293.565
293.483
293.462
293.366
293.342
293.28
293.31
293.34
293.379
293.435
293.465
293.715
293.929
294.305
294.561
294.904
295.209
295.356
295.616
295.59
295.718
295.738
295.702
295.856
295.855
295.909
296.119
296.042
296.268
296.393
296.288
296.779
296.526
296.826
297.043
296.757
297.278
297.131
297.05
297.306
296.996
296.778
297.006
296.306
296.233
296.093
295.36
295.408
294.974
294.491
294.225
293.785
293.427
292.993
292.785
292.584
292.012
291.965
292.018
291.073
291.425
291.248
291.295
290.118
291.359
290.943
289.665
290.324
289.24
289.738
289.503
285.441
284.09
283.575
277.55
272.792
274.953
275.468
271.385
269.878
272.642
272.546
268.896
271.697
276.562
272.349
267.164
270.287
271.304
270.473
266.707
259.518
258.975
259.284
261.159
264.675
269.782
271.152
275.376
283.127
290.452
295.377
285.1
279.617
280.868
283.232
274.508
263.139
286.632
269.073
253.36
247.39
258.879
255.597
260.574
262.289
257.798
250.049
243.029
235.38
230.144
227.244
238.327
246.09
249.964
247.889
241.151
233.804
224.537
227.588
236.164
244.442
253.328
240.064
246.674
222.807
229.918
224.315
231.24
258.015
288.613
275.522
267.94
252.704
244.869
236.535
228.879
239.459
221.198
218.748
230.687
212.153
205.045
214.135
226.344
295.521
295.385
295.238
295.09
294.935
294.772
294.616
294.449
294.29
294.128
293.978
293.828
293.687
293.543
293.398
293.248
293.113
292.973
292.843
292.727
292.622
292.546
292.478
292.446
292.425
292.423
292.462
292.483
292.604
292.781
293.013
293.269
293.572
293.926
294.397
294.934
295.424
295.716
295.803
295.763
295.639
295.482
295.29
295.12
294.987
294.896
294.871
294.893
294.95
295.09
295.224
295.421
295.562
295.759
295.888
296.053
296.132
296.183
296.406
296.181
296.308
296.242
295.918
295.907
295.646
295.278
295.214
294.836
294.476
294.4
293.915
293.699
293.497
293.037
292.834
292.497
292.19
291.919
291.686
291.45
291.198
291.002
290.903
290.65
290.498
290.338
290.275
290.298
289.641
289.585
289.14
289.302
288.806
287.13
286.011
284.345
281.421
280.187
279.51
275.723
272.582
272.425
272.706
272.53
273.604
275.657
274.478
272.102
273.676
272.808
267.252
269.478
275.13
273.514
271.827
268.839
260.27
257.465
259.898
263.56
264.947
268.369
272.57
275.629
279.242
284.696
290.419
286.312
281.462
281.199
288.277
285.889
281.158
291.707
276.255
267.583
257.598
264.436
260.183
264.813
264.811
260.814
254.566
249.728
243.845
236.718
231.493
238.342
249.062
255.173
253.413
245.76
239.698
232.195
235.816
242.835
245.981
242.874
230.285
232.138
226.321
230.023
230.274
234.183
252.406
283.617
264.039
251.571
243.403
237.495
231.243
232.524
245.074
230.183
233.291
239.329
221.598
218.805
225.075
234.961
294.708
294.512
294.317
294.122
293.928
293.745
293.565
293.387
293.213
293.044
292.879
292.725
292.573
292.44
292.321
292.229
292.154
292.098
292.068
292.061
292.116
292.212
292.368
292.561
292.84
293.199
293.644
294.119
294.56
294.863
295.145
295.322
295.482
295.642
295.798
295.914
295.967
295.953
295.884
295.811
295.715
295.6
295.454
295.346
295.2
295.055
294.94
294.82
294.736
294.697
294.683
294.706
294.721
294.788
294.809
294.84
294.839
294.867
294.813
294.731
294.703
294.545
294.444
294.325
294.138
294.004
293.884
293.643
293.522
293.353
293.129
292.977
292.809
292.583
292.459
292.307
292.113
292.026
291.977
291.768
291.779
291.828
291.676
291.528
291.643
291.623
291.462
291.026
290.587
290.116
289.297
288.479
287.549
286.185
285.299
284.718
282.893
282.138
281.671
279.006
277.044
276.838
278.385
279.979
280.341
280.351
279.146
277.163
274.712
271.199
271.471
277.372
279.609
277.344
276.468
273.907
265.869
261.792
265.276
269.214
270.744
271.975
274.322
276.894
277.221
279.07
283.702
284.179
280.184
277.919
282.535
296.383
316.449
296.745
278.439
281.374
267.917
268.798
264.912
268.39
268.219
265.408
261.337
258.518
254.644
247.565
241.985
245.654
253.853
260.251
260.56
254.085
246.932
239.865
240.722
242.669
240.978
233.893
234.796
230.914
237.098
237.741
242.342
242.394
251.342
260.839
254.682
244.732
246.723
243.537
241.05
245.598
254.096
243.942
248.234
249.038
236.258
235.538
238.351
244.052
294.37
294.197
294.022
293.862
293.716
293.576
293.447
293.328
293.229
293.161
293.119
293.093
293.121
293.164
293.252
293.388
293.522
293.724
293.931
294.124
294.357
294.583
294.82
295.078
295.35
295.624
295.921
296.214
296.472
296.664
296.87
297.018
297.15
297.284
297.415
297.516
297.61
297.653
297.657
297.682
297.669
297.629
297.563
297.514
297.389
297.248
297.097
296.907
296.718
296.551
296.39
296.246
296.12
296.05
295.993
295.962
295.895
295.878
295.821
295.841
295.831
295.824
295.779
295.725
295.687
295.623
295.528
295.421
295.325
295.185
295.045
294.93
294.816
294.7
294.643
294.575
294.544
294.537
294.587
294.603
294.7
294.77
294.791
294.78
294.849
294.724
294.51
294.143
293.863
293.553
293.115
292.66
292.083
291.416
291.238
290.698
289.715
289.494
288.798
287.287
287.072
287.535
288.26
288.255
287.57
286.994
285.872
284.104
281.935
280.717
282.695
285.016
284.688
283.17
282.463
280.914
276.266
273.37
275.496
277.33
277.734
277.833
278.577
279.463
280.263
280.277
280.505
281.614
280.752
278.803
278.556
285.289
302.424
284.785
278.706
278.759
270.057
272.816
271.04
273.896
273.73
272.179
270.239
268.931
266.996
262.46
258.981
260.278
264.298
267.768
269.534
266.939
261.35
254.124
252.497
251.836
248.224
243.698
251.235
245.242
254.796
254.591
259.213
257.929
262.576
260.037
261.399
256.247
260.558
258.476
257.812
260.842
264.111
258.468
261.291
259.706
252.488
252.387
253.061
255.365
295.878
295.794
295.728
295.683
295.652
295.628
295.613
295.61
295.622
295.65
295.692
295.741
295.817
295.897
296.002
296.117
296.235
296.388
296.533
296.678
296.842
297.004
297.172
297.352
297.529
297.71
297.894
298.081
298.255
298.415
298.58
298.728
298.87
299.013
299.152
299.281
299.415
299.527
299.625
299.735
299.827
299.912
299.989
300.072
300.131
300.177
300.21
300.218
300.203
300.181
300.146
300.102
300.053
300.023
300.004
299.995
299.964
299.954
299.932
299.948
299.949
299.951
299.925
299.898
299.883
299.838
299.783
299.724
299.648
299.559
299.466
299.383
299.301
299.228
299.19
299.159
299.154
299.155
299.187
299.197
299.22
299.224
299.202
299.143
299.102
298.982
298.839
298.644
298.472
298.289
298.063
297.819
297.526
297.228
297.051
296.687
296.261
295.993
295.531
294.911
294.732
294.581
294.386
293.908
293.278
292.662
291.85
290.876
289.88
289.32
289.499
289.468
288.784
287.935
287.3
286.373
284.615
283.401
283.579
283.621
283.304
283.014
283.055
283.213
283.411
283.551
283.606
283.701
283.439
282.883
282.54
282.787
285.836
281.995
281.492
281.168
278.276
279.727
279.134
280.036
279.956
279.534
279.046
278.724
278.195
276.867
275.935
276.394
277.559
278.558
279.454
279.482
278.478
275.975
274.863
274.384
272.348
270.351
274.028
271.243
274.979
274.428
275.656
274.532
275.647
274.261
274.574
272.584
273.576
272.56
272.057
272.563
272.975
270.979
271.492
270.21
267.481
267.305
267.466
268.618
271.84
275.9
280.487
282.06
283.861
286.296
288.959
289.141
291.695
291.24
292.549
296.4
298.775
300.047
300.391
301.237
300.642
297.697
292.786
288.563
295.319
294.162
296.889
295.92
290.708
237.103
245.203
256.503
257.805
258.435
261.914
267.1
264.794
270.045
267.071
267.935
277.907
285.555
289.558
290.637
292.09
290.157
281.208
270.173
260.458
276.77
274.215
286.878
287.198
278.948
227.409
225.786
239.736
243.491
241.676
244.973
251.624
248.04
253.69
250.171
251.14
262.042
273.225
280.3
284.103
284.72
280.296
269.956
266.943
251.457
256.855
248.66
273.227
276.981
269.667
233.854
218.168
226.278
233.336
231.392
234.146
241.391
241.546
245.343
244.891
249.992
254.556
262.736
271.971
279.741
277.706
272.317
264.301
263.311
255.065
246.654
229.299
257.62
265.442
262.585
240.818
220.664
219.118
225.424
225.09
229.026
237.332
242.65
243.914
248.16
252.953
254.811
257.637
267.015
277.227
271.749
265.165
259.579
257.656
262.162
252.358
231.735
246.727
256.62
258.121
239.376
227.404
216.488
218.935
220.801
227.235
236.908
245.517
244.492
255.627
251.708
257.179
257.917
265.988
276.185
267.614
260.617
261.516
267.628
269
258.118
246.876
241.641
251.695
256.335
237.901
233.067
215.505
215.705
219.098
227.121
238.336
248.999
246.312
262.621
252.544
260.01
261.168
267.491
276.056
264.839
257.221
259.987
261.128
265.129
261.493
261.375
240.851
248.767
254.911
238.414
237.207
215.891
215.249
217.948
227.167
240.405
252.377
250.032
262.775
253.677
262.624
264.672
269.907
276.423
262.703
252.618
254.136
263.088
257.971
265.632
271.876
244.16
247.424
253.976
238.821
241.28
217.822
214.307
216.406
227.629
242.69
255.576
255.209
257.807
254.116
264.591
266.451
271.795
276.957
261.414
248.119
250.589
271.397
259.19
267.071
273.391
249.493
247.526
252.749
242.322
244.154
219.721
212.682
214.34
228.284
244.889
257.997
258.643
253.823
254.88
265.514
265.785
272.466
277.843
261.407
245.184
252.372
271.926
263.773
265.39
268.747
254.077
248.416
251.953
247.241
245.733
220.77
211.671
214.286
229.939
247.261
258.916
258.326
253.063
256.018
264.801
263.268
270.456
279.016
262.531
243.98
254.394
272.308
268.53
265.571
263.58
257.172
249.143
251.381
250.552
245.322
221.669
212.243
215.415
231.175
249.202
257.834
255.356
251.922
256.846
262.782
262.413
260.532
277.889
264.139
244.546
251.349
268.711
267.739
267.481
259.204
259.566
249.241
250.624
254.014
245.158
221.399
213.386
215.531
232.13
250.752
255.396
250.912
249.052
257.28
261.03
265.169
247.988
274.561
264.722
246.834
249.373
264.738
266.236
267.637
256.168
261.639
248.919
249.28
256.643
247.043
220.271
213.712
215.923
233.766
252.435
252.748
245.601
245.857
257.249
260.425
265.917
248.591
274.311
264.955
250.476
250.012
263.747
267.979
267.7
255.076
263.358
248.553
247.248
259.287
249.867
220.81
212.679
217.246
235.864
253.961
250.539
240.07
242.87
256.802
260.348
262.722
260.606
276.878
266.404
255.126
251.372
263.318
267.081
267.921
254.783
264.254
248.37
244.961
263.162
249.926
221.987
212.767
218.591
236.583
255.965
248.865
234.833
239.855
256.128
260.472
261.685
267.461
276.536
266.635
259.509
253.91
262.876
266.491
267.655
254.367
263.954
248.166
243.184
267.651
246.105
222.652
214.757
217.001
234.455
259.922
246.52
229.764
237.169
255.393
260.529
264.99
262.1
276.254
264.789
263.471
256.156
262.185
265.549
266.994
253.952
262.887
247.711
242.116
271.51
240.81
221.925
216.462
216.378
236.373
263.459
242.524
225.308
235.458
255.158
259.968
264.686
250.891
274.634
263.894
266.234
257.366
262.393
264.301
265.464
252.869
261.557
246.931
241.52
273.468
239.742
219.864
216.249
218.443
239.534
259.951
237.682
222.582
234.74
255.689
259.433
258.376
240.966
262.393
262.312
267.003
258.211
263.114
264.587
264.053
251.411
259.997
245.648
241.267
274.311
243.465
218.511
216.103
219.908
238.333
250.829
234.378
223.123
234.903
257.065
257.964
255.444
232.307
249.964
260.25
268.574
259.258
263.786
264.587
262.547
250.061
258.236
244.117
241.078
274.208
251.137
221.522
217.593
219.551
240.734
243.467
234.475
227.617
235.444
259.318
256.714
253.041
223.312
242.945
260.804
271.772
259.896
265.395
264.51
260.904
248.731
256.363
242.579
240.925
273.211
260.059
230.217
220.234
220.086
250.579
240.016
237.371
234.104
235.207
259.432
260.598
246.965
217.258
229.224
262.751
277.007
262.19
267.826
263.551
259.016
247.383
254.443
241.157
241.01
272.083
267.246
241.559
225.873
223.475
255.116
238.824
240.482
239.934
235.792
254.523
267.306
242.931
220.461
215.632
260.163
280.484
267.251
270.026
261.215
256.308
245.838
252.425
239.755
241.355
269.329
270.181
251.194
232.679
224.924
246.603
239.73
241.822
242.205
237.629
248.119
270.674
242.29
234.379
220.8
243.142
268.325
267.62
269.118
258.256
253.297
244.214
250.435
238.366
241.872
264.601
267.926
254.093
237.185
224.771
238.732
242.685
240.587
241.065
238.562
244.727
270.217
245.139
250.875
238.838
227.215
246.274
258.687
264.652
255.036
250.671
242.608
248.416
237.039
242.56
256.357
260.898
251.741
235.894
224.613
239.002
242.808
235.73
238.336
237.127
243.32
267.638
251.617
255.936
242.076
227.909
231.729
248.086
260.086
251.827
248.426
241.27
246.419
235.862
243.465
246.433
251.236
247.35
235.24
228.202
244.759
238.502
229.288
235.04
233.538
242.04
263.597
262.119
252.4
233.955
234.779
225.748
242.783
257.646
249.135
246.485
240.011
244.375
234.911
244.621
237.171
242.876
246.364
235.243
234.078
249.533
231.802
223.745
232.434
228.913
242.18
259.519
270.684
251.472
234.231
239.385
228.309
245.441
256.839
246.802
244.895
238.785
242.286
234.396
246.266
230.842
235.64
249.091
236.005
235.56
247.774
225.925
220.496
230.981
225.013
243.967
256.903
268.528
251.063
238.212
239.262
241.493
255.699
255.958
244.552
243.526
237.577
240.145
234.374
248.274
229.125
231.83
251.395
234.501
231.533
240.742
222.299
219.659
229.513
223.144
245.531
255.648
260.064
250.289
240.318
232.966
255.091
263.254
251.866
242.246
242.384
236.333
237.911
235.069
250.806
229.908
229.351
249.349
230.114
224.437
233.355
220.914
221.146
227.876
224.016
245.927
254.444
256.503
252.18
245.466
228.615
249.131
254.752
244.301
240.318
241.482
235.04
235.726
236.67
253.511
234.387
229.977
238.546
228.842
224.964
229.815
221.472
224.78
226.851
227.543
244.528
253.177
258.489
255.061
250.443
231.333
233.069
238.29
238.024
239.81
240.792
233.71
233.728
239.241
256.099
240.289
230.444
235.079
230.355
229.916
228.629
223.245
229.405
226.703
231.803
242.128
256.647
259.384
254.598
249.993
235.323
228.109
230.043
236.744
240.628
240.091
232.4
232.053
242.612
258.167
246.333
227.523
228.063
233.509
236.87
230.366
225.912
233.877
228.47
234.247
240.668
265.255
256.764
251.482
246.635
235.891
230.262
230.52
239.132
241.787
239.159
231.194
230.799
246.51
259.637
253.044
230.725
221.669
230.275
236.431
229.809
228.342
237.529
232.161
233.634
245.133
267.545
251.799
249.002
242.915
233.87
231.95
233.794
242.447
242.58
237.942
230.229
230.094
250.78
260.126
256.874
234.67
219.561
230.008
229.83
228.568
231.741
239.282
236.084
231.577
253.385
262.179
247.518
248.776
240.994
231.072
232.785
237.463
245.419
242.849
236.58
229.723
230.078
255.077
260.121
248.608
241.445
224.017
226.83
226.597
229.138
233.267
238.991
238.123
232.832
258.167
257.167
244.894
251.496
243.234
229.969
232.257
239.754
247.326
242.654
235.47
229.937
230.497
259.007
260.117
227.302
237.006
239.825
227.364
229.381
228.549
231.339
237.628
238.869
237.315
254.788
249.16
245.216
254.678
246.43
230.71
231.526
241.521
248.812
242.364
235.003
231.041
231.248
262.319
260.526
212.25
218.795
239.174
234.548
233.482
226.466
231.244
237.365
241.019
241.558
248.854
241.507
247.468
253.868
245.351
231.114
231.874
244.523
250.335
242.198
235.491
233.147
231.979
264.91
261.689
206.775
205.858
222.064
237.487
235.801
225.988
233.575
239.249
244.698
244.556
244.625
240.29
248.285
249.834
240.549
229.907
233.18
248.639
251.575
242.255
237.092
236.231
231.757
267.003
263.407
201.487
203.269
211.266
227.652
228.763
227.158
234.771
242.121
249.187
248.892
240.936
242.379
250.11
248.409
236.378
228.474
235.391
252.89
252.276
242.721
239.86
240.275
231.324
268.335
265.265
204.158
207.312
213.114
224.887
229.077
225.466
225.374
237.593
249.622
251.028
239.483
243.839
252.554
248.483
233.623
227.753
238.523
256.682
252.603
243.741
243.562
245.022
229.184
269.091
267.15
201.404
207.409
205.68
227.03
236.977
217.815
207.628
225.898
247.972
247.551
238.925
245.014
253.042
246.639
231.429
228.143
242.532
259.721
252.775
245.339
247.674
250.048
225.978
269.612
268.748
196.065
204.266
199.071
217.761
231.098
219.4
206.753
224.348
252.085
244.444
239.249
247.67
252.892
243.081
229.162
229.654
247.556
262.091
253.039
247.5
251.537
254.669
221.173
269.208
269.97
195.031
202.441
216.133
232.166
226.682
218.692
212.4
226.875
252.798
243.739
244.594
250.503
252.383
239.456
227.4
232.407
253.183
263.845
253.708
250.52
255.012
257.697
211.806
269.16
271.202
192.833
201.412
226.886
237.344
210.04
197.593
210.74
220.016
239.237
241.637
249.179
251.145
251.164
236.378
227.239
236.891
258.997
265.402
255.265
254.687
258.151
259.522
205.248
272.206
272.284
195.573
199.185
221.212
229.528
206.549
189.283
213.2
211.555
228.304
249.161
250.89
250.897
250.339
234.475
228.63
242.121
263.572
267.105
257.725
259.629
260.936
262.818
208.837
276.862
272.924
198.5
197.682
214.787
226.764
222.648
195.544
212.119
212.063
226.327
259.403
247.972
249.654
250.041
233.75
230.933
247.023
267.15
269.34
260.82
264.843
263.397
267.379
223.641
279.913
273.007
201.258
196.171
206.895
217.223
220.797
198.51
204.201
222.652
232.884
258.672
242.424
249.436
251.448
235.463
234.102
251.229
270.27
272.16
264.36
269.55
265.667
270.79
245.595
280.053
272.938
202.696
195.929
197.577
203.334
208.149
201.796
206.203
231.794
248.636
252.003
238.546
250.917
254.469
240.233
238.105
255.119
273.454
275.83
268.582
273.184
267.725
270.563
260.611
279.237
273.129
203.722
195.167
192.072
199.697
210.144
207.18
214.856
229.19
255.004
239.957
236.584
254.129
259.245
248.769
244.884
260.594
277.359
280.407
273.948
276.59
269.849
268.917
262.65
280.322
273.866
205.886
194.217
194.334
207.741
219.803
216.46
227.431
228.569
240.968
228.618
240.13
259.819
265.363
259.681
256.251
269.048
282.372
285.529
280.253
281.187
273.586
270.091
262.538
283.599
275.143
209.092
198.205
206.141
222.142
232.111
228.246
239.091
237.809
231.92
231.602
251.048
267.674
272.182
270.003
269.017
278.644
287.972
290.617
286.579
286.608
279.823
275.615
268.498
287.469
277.145
216.594
213.295
226.07
238.296
244.441
241.621
250.577
251.098
242.342
248.231
264.821
275.727
278.794
278.597
279.512
286.73
293.039
295.03
292.144
291.688
286.573
282.956
277.883
290.605
280.288
231.372
235.238
245.525
252.338
256.215
255.241
261.819
263.171
258.748
264.783
275.341
281.928
284.268
285.137
286.845
292.214
296.709
298.343
296.515
295.862
292.202
289.323
285.924
292.754
284.351
249.802
254.448
260.398
264.102
266.696
266.842
270.839
271.875
270.463
274.811
280.924
284.976
287.033
288.524
290.614
294.642
298.11
299.843
299.256
298.769
296.295
294.058
291.594
294.398
288.624
267.851
269.98
272.36
274.325
275.985
277.34
280.045
281.15
281.669
284.35
287.287
289.358
290.825
292.178
293.783
295.988
297.969
299.365
299.908
300.143
299.264
298.09
296.672
296.922
294.153
)
;

boundaryField
{
    inlet
    {
        type            fixedValue;
        value           uniform 300;
    }
    outlet
    {
        type            inletOutlet;
        inletValue      uniform 300;
        value           nonuniform List<scalar> 
57
(
290.93
279.276
269.975
262.843
258.332
256.466
255.04
254.083
252.863
252.038
251.438
250.657
249.26
247.25
244.907
243.093
242.011
241.409
241.083
240.885
240.73
240.82
241.169
241.686
300
300
300
300
300
300
300
300
300
300
300
300
300
300
300
300
300
300
300
300
300
300
300
300
300
300
300
300
300
300
300
300
300
)
;
    }
    upperWall
    {
        type            fixedValue;
        value           uniform 300;
    }
    lowerWall
    {
        type            fixedValue;
        value           uniform 300;
    }
    frontAndBack
    {
        type            empty;
    }
}


// ************************************************************************* //
