/*--------------------------------*- C++ -*----------------------------------*\
| =========                 |                                                 |
| \\      /  F ield         | OpenFOAM: The Open Source CFD Toolbox           |
|  \\    /   O peration     | Version:  dev                                   |
|   \\  /    A nd           | Web:      http://www.openfoam.org               |
|    \\/     M anipulation  |                                                 |
\*---------------------------------------------------------------------------*/
FoamFile
{
    version     2.0;
    format      ascii;
    class       volScalarField;
    object      p;
    location    "9.145";
}
// * * * * * * * * * * * * * * * * * * * * * * * * * * * * * * * * * * * * * //

dimensions      [1 -1 -2 0 0 0 0];

internalField   nonuniform List<scalar> 
12225
(
102685
102626
102523
102379
102190
101970
101714
101446
101142
100840
100503
100174
99810.9
99440.3
99044.7
98636.1
98098.3
97404.6
102680
102625
102522
102378
102188
101969
101714
101444
101141
100839
100502
100173
99810.9
99439.2
99039.1
98621.3
98096.4
97511.1
102677
102622
102519
102375
102185
101966
101711
101441
101139
100837
100501
100169
99810.4
99437.1
99040.8
98616.4
98114.3
97604.1
102669
102615
102513
102369
102179
101960
101706
101436
101135
100833
100499
100165
99809.6
99436.5
99048.9
98628.7
98150.5
97695.9
102656
102604
102504
102360
102169
101951
101698
101429
101130
100827
100497
100161
99810.1
99440
99058.6
98646.5
98198.6
97778
102636
102587
102488
102345
102155
101938
101686
101417
101121
100818
100493
100158
99810.6
99446.7
99073.9
98677.4
98266.7
97883.3
102611
102563
102465
102322
102136
101918
101669
101401
101108
100805
100487
100155
99812.9
99457.3
99098.4
98725.5
98357.5
98014.4
102583
102535
102440
102296
102112
101895
101649
101381
101094
100791
100478
100150
99816
99470.6
99122.8
98768.8
98431.4
98107
102552
102505
102412
102269
102087
101870
101627
101361
101078
100777
100469
100146
99817.7
99481.5
99145.4
98808
98487.2
98183.6
102510
102465
102374
102232
102053
101838
101598
101334
101055
100759
100455
100139
99818.4
99492.2
99168.2
98848.1
98541.8
98251.7
102450
102413
102325
102185
102009
101796
101559
101299
101024
100733
100434
100126
99815.7
99501
99189.6
98885.1
98592.7
98315.1
102379
102345
102260
102123
101949
101739
101507
101250
100981
100697
100406
100107
99807.2
99505.3
99207.9
98917.8
98638.9
98373.4
102293
102257
102174
102040
101869
101664
101436
101187
100923
100648
100366
100079
99789.8
99502.1
99218.7
98943.6
98678.1
98424.9
102170
102142
102060
101931
101764
101566
101343
101101
100846
100581
100309
100035
99759
99486.1
99217.6
98957.2
98705.8
98465.3
102016
101992
101913
101789
101627
101436
101221
100989
100744
100491
100231
99970.5
99709.8
99452.1
99199.3
98953.8
98716.8
98489.4
101829
101800
101724
101606
101452
101269
101065
100844
100611
100371
100126
99880.4
99635.5
99393.9
99157.2
98927.2
98705
98491.2
101585
101561
101490
101379
101233
101061
100868
100660
100442
100217
99988.2
99758.9
99530.9
99306
99085.9
98871.7
98664.5
98464.8
101325
101297
101230
101125
100989
100827
100647
100453
100249
100040
99827.1
99614.1
99402.4
99193.6
98989
98789.8
98596.7
98410
101080
101053
100989
100890
100761
100609
100440
100258
100067
99871.1
99672.2
99472.9
99274.7
99079.1
98887.3
98700.3
98518.7
98342.8
100884
100854
100790
100694
100571
100427
100266
100094
99913.3
99727.8
99539.8
99351.1
99163.3
98977.9
98795.9
98618.2
98445.4
98277.8
100725
100695
100631
100537
100418
100279
100125
99960.1
99787.7
99610.5
99430.9
99250.5
99070.8
98893.1
98718.5
98547.9
98381.6
98220.2
100605
100572
100506
100413
100296
100162
100013
99854.4
99688.2
99517.5
99344.2
99170
98996.5
98824.8
98655.9
98490.5
98329.1
98172.1
100521
100480
100412
100318
100204
100072
99927.4
99773
99611.6
99445.7
99277.1
99107.6
98938.7
98771.5
98606.8
98445.4
98287.6
98134
100458
100412
100341
100247
100134
100005
99863
99711.9
99554.1
99391.7
99226.7
99060.7
98895.1
98731.1
98569.5
98410.9
98255.9
98104.9
100409
100362
100290
100196
100083
99955.4
99816
99667.4
99512.1
99352.3
99189.9
99026.4
98863.3
98701.6
98542.2
98385.6
98232.6
98083.4
100373
100327
100254
100159
100047
99920.8
99782.9
99635.9
99482.4
99324.5
99163.9
99002.3
98840.9
98680.8
98522.9
98367.8
98216.1
98068.2
100352
100305
100230
100135
100023
99897.6
99760.6
99614.8
99462.5
99305.7
99146.4
98986.1
98825.9
98666.9
98510
98355.9
98205.1
98057.9
100343
100292
100215
100120
100008
99883
99746.6
99601.4
99449.9
99294
99135.4
98975.8
98816.4
98658.2
98501.9
98348.4
98198.1
98051.5
100339
100285
100207
100111
99999.6
99874.8
99738.7
99594
99442.9
99287.4
99129.3
98970.1
98811.2
98653.3
98497.4
98344.3
98194.3
98048
100344
100284
100204
100108
99996.1
99871.4
99735.4
99590.9
99440
99284.7
99126.8
98967.8
98809
98651.4
98495.7
98342.7
98192.9
98046.8
92568.3
92568.6
92569.1
92570
92571.4
92573.4
92575.9
92579.3
92583.7
92589
92595.5
92603
92611.9
92622.3
92634.6
92648.9
92665.4
92684.6
92707.1
92733.2
92763.4
92798.2
92838.1
92883.5
92934.8
92992.6
93057.2
93128.9
93207.8
93294.1
93388
93489.8
93599.7
93718.3
93845.4
93981.1
94125.2
94278.3
94440.8
94612.8
94794.4
94985.8
95187.3
95398.5
95619.3
95849.5
96088
96334.7
96587.7
96847.1
97111
97379.1
97651.2
97927.2
98206.7
98489.2
98774.6
99063
99354.5
99648.7
99945.5
100244
100545
100846
101146
101443
101738
102035
102330
102619
102907
103197
103488
103777
104059
104332
104606
104877
105146
105412
105675
105935
106191
106443
106689
106930
107163
107389
107606
107813
108012
108200
108378
108547
108706
108856
108999
109134
109265
109390
109510
109629
109745
109861
109975
110091
110209
110329
110452
110577
110704
110833
110969
111115
111269
111430
111603
111796
112004
112231
112486
112776
113104
113476
113892
114346
114832
115356
115941
116597
117328
118149
119041
120001
121025
122103
123250
124490
125914
127362
128611
129921
131375
132808
134268
135715
137124
138557
140000
141436
142809
144114
145351
146475
147439
148300
148956
149432
149741
149872
149792
149564
149159
148584
147896
147155
146344
145435
144399
143229
141924
140403
138687
136690
134629
132471
130280
128173
126193
124347
92578.8
92578.9
92579.4
92580.2
92581.4
92583.1
92585.8
92589.3
92593.6
92598.7
92604.8
92612.2
92620.7
92630.6
92642.3
92656.1
92672.2
92690.9
92712.9
92738.4
92768
92802.1
92841.3
92885.9
92936.5
92993.4
93056.9
93127.5
93205.4
93290.8
93384
93485.3
93594.9
93713.5
93840.7
93975.2
94117.5
94269.5
94430.7
94600.9
94781.6
94972.3
95172.3
95381.5
95600.7
95829.1
96065.1
96313.5
96563.9
96820.1
97081.7
97348
97618
97891.9
98170.1
98452.3
98737.1
99024.2
99314.4
99608.2
99904.6
100202
100501
100802
101104
101403
101695
101989
102291
102589
102867
103147
103436
103725
104006
104282
104555
104825
105093
105359
105622
105882
106137
106389
106635
106875
107108
107333
107550
107757
107955
108143
108321
108489
108648
108799
108941
109077
109207
109332
109452
109570
109686
109801
109916
110031
110146
110264
110385
110508
110634
110761
110893
111034
111183
111338
111504
111690
111891
112110
112359
112644
112967
113329
113732
114172
114645
115160
115736
116381
117097
117892
118767
119713
120723
121788
122915
124130
125500
126889
128175
129495
130924
132329
133762
135189
136585
138008
139432
140845
142193
143475
144694
145803
146760
147614
148280
148753
149069
149214
149147
148930
148545
147976
147296
146575
145791
144913
143917
142783
141516
140061
138400
136462
134422
132286
130125
128051
126099
124257
92599.9
92600.1
92600.6
92601.4
92602.8
92604.2
92606.4
92609.1
92613.6
92618
92623.3
92629.8
92637.5
92646.5
92657.3
92670.1
92685.1
92702.8
92723.6
92747.8
92776.2
92809.2
92846.9
92890.1
92939.4
92994.9
93057.3
93126.2
93202.4
93286.2
93377.9
93477.6
93585.5
93702
93826.9
93960.1
94101.7
94252.8
94413.5
94582.4
94759.3
94946
95143.4
95349.5
95567.3
95793.3
96025.9
96267.3
96514.9
96766.6
97023
97284.9
97551.4
97822.3
98098.7
98379.6
98661.9
98945.1
99232
99524.6
99821.1
100118
100415
100712
101013
101317
101622
101908
102197
102487
102776
103060
103343
103625
103903
104178
104450
104720
104987
105252
105515
105774
106029
106279
106524
106763
106996
107221
107437
107644
107841
108029
108206
108374
108533
108683
108825
108961
109090
109214
109334
109451
109566
109681
109794
109907
110020
110134
110251
110369
110490
110614
110739
110868
111007
111152
111304
111472
111657
111862
112099
112372
112682
113025
113401
113813
114261
114759
115317
115936
116621
117375
118214
119121
120100
121151
122252
123420
124700
126021
127309
128638
130021
131375
132763
134147
135512
136908
138288
139648
140944
142183
143362
144437
145381
146215
146891
147360
147681
147859
147830
147634
147295
146761
146105
145411
144661
143829
142905
141836
140635
139308
137768
135951
133960
131883
129799
127792
125888
124063
92631.8
92632
92632.3
92632.9
92633.5
92634.9
92637.1
92639.4
92642.4
92646.1
92650.6
92656.1
92662.7
92670.7
92680.2
92691.4
92705
92721
92740
92762.4
92789.2
92820.2
92856
92897.6
92944.9
92998.2
93058.1
93125.3
93199.9
93281.6
93371
93468.5
93573.9
93687.5
93809.7
93940.2
94079.6
94228.2
94385.1
94550.9
94726.7
94912.5
95105.2
95306.6
95518.7
95739.3
95966.7
96202
96444
96690
96940.1
97195.6
97455.9
97722.1
97995
98273
98553
98834.5
99118.6
99405.2
99694.5
99988.1
100285
100583
100885
101182
101477
101771
102062
102348
102633
102917
103198
103477
103753
104026
104297
104565
104831
105095
105356
105614
105868
106117
106361
106599
106831
107055
107270
107476
107673
107860
108037
108204
108363
108512
108654
108789
108917
109041
109159
109275
109388
109501
109611
109721
109831
109940
110051
110161
110274
110392
110507
110618
110739
110872
111009
111153
111315
111496
111714
111972
112260
112573
112913
113291
113708
114174
114699
115278
115913
116609
117393
118249
119183
120201
121270
122405
123589
124830
126071
127373
128704
130009
131348
132674
133982
135323
136643
137936
139164
140358
141492
142510
143434
144249
144916
145389
145702
145908
145933
145766
145488
145032
144447
143802
143081
142283
141440
140464
139337
138143
136786
135138
133254
131277
129303
127387
125544
123755
92674.4
92674.4
92674.6
92674.8
92675.5
92676.5
92677.7
92679.4
92681.7
92684.5
92688.2
92692.5
92697.7
92704
92711.7
92721
92732.4
92746.5
92763.4
92783.7
92808.2
92837
92870.6
92909.6
92954.2
93004.7
93062.1
93126.3
93197.7
93276.9
93363.9
93458.4
93561
93671.8
93790.5
93917.3
94053
94197.1
94350.1
94512.7
94683.6
94863.3
95051.4
95247.8
95455.4
95670.6
95892.4
96121.2
96355.9
96594.3
96837.1
97086.5
97341.2
97600.9
97866.3
98138.9
98414
98690.2
98971.6
99254.8
99540.3
99828.9
100120
100414
100710
101006
101299
101589
101877
102162
102446
102728
103007
103284
103558
103828
104097
104363
104627
104889
105149
105405
105657
105905
106147
106384
106614
106836
107051
107256
107452
107639
107815
107982
108139
108288
108429
108563
108690
108812
108929
109043
109153
109262
109370
109474
109578
109681
109784
109886
109986
110093
110199
110293
110392
110504
110621
110743
110877
111032
111224
111456
111715
111992
112291
112625
113001
113421
113896
114423
114991
115621
116341
117137
118013
118973
119988
121096
122185
123354
124560
125795
127066
128317
129586
130837
132081
133333
134580
135796
136934
138069
139165
140129
141032
141844
142477
142959
143294
143512
143574
143441
143202
142832
142352
141799
141139
140382
139617
138753
137712
136637
135477
134053
132326
130486
128637
126822
125058
123339
92728.7
92728.8
92728.7
92729
92729.1
92729.3
92729.8
92730.6
92731.9
92733.6
92735.8
92738.6
92742.1
92746.5
92751.9
92759
92768
92779.6
92794.3
92812.4
92834.5
92861
92892.1
92928.3
92969.6
93016.7
93069.9
93129.6
93197.1
93273.6
93356.4
93447.2
93546
93652.6
93767.1
93889.9
94021.1
94160.5
94308.6
94466.2
94632.8
94808.5
94992.7
95185.2
95385
95592.2
95806.1
96026.5
96252.2
96482.1
96716.8
96957.9
97205.8
97460.5
97721.1
97986.9
98255.1
98525.2
98798.1
99074
99353.4
99636.7
99923.9
100213
100504
100793
101080
101366
101651
101933
102215
102495
102772
103048
103319
103587
103852
104115
104376
104636
104894
105148
105397
105642
105882
106117
106345
106565
106778
106983
107178
107364
107540
107706
107862
108010
108150
108284
108410
108529
108645
108756
108863
108967
109070
109168
109265
109359
109452
109544
109631
109720
109812
109896
109973
110062
110154
110250
110354
110480
110640
110839
111062
111297
111549
111830
112157
112519
112930
113381
113885
114451
115096
115813
116625
117522
118471
119521
120543
121653
122811
123989
125186
126367
127540
128696
129874
131031
132188
133319
134355
135410
136447
137358
138244
139062
139665
140133
140507
140759
140856
140782
140566
140247
139856
139398
138836
138182
137510
136762
135826
134871
133902
132725
131195
129512
127795
126091
124430
122812
92794.4
92794.2
92794.3
92794.1
92793.7
92793.2
92792.8
92792.7
92792.8
92793.1
92793.8
92794.9
92796.5
92798.7
92801.8
92806.5
92813.1
92822
92834
92849.5
92869.1
92893.1
92921.5
92954.4
92992.1
93035.1
93083.6
93138.8
93201.8
93272.3
93351.2
93437.7
93531.6
93632.8
93742
93859.2
93984.3
94117.8
94259.7
94410.8
94571.7
94742
94921.1
95108.7
95303.9
95501.2
95705.4
95916.1
96131.8
96351.3
96578.1
96812.5
97053.5
97300.8
97554.3
97812.6
98073.4
98336.1
98601.8
98871.2
99145
99421.9
99701.5
99982.8
100264
100545
100826
101107
101386
101666
101944
102222
102498
102772
103041
103306
103567
103825
104081
104337
104591
104842
105087
105328
105565
105797
106024
106239
106451
106655
106849
107034
107209
107374
107530
107677
107817
107948
108073
108191
108304
108412
108516
108615
108712
108804
108892
108977
109057
109138
109212
109279
109349
109416
109476
109541
109608
109674
109747
109842
109967
110126
110306
110496
110695
110918
111191
111485
111823
112192
112615
113107
113670
114319
115073
115910
116798
117802
118772
119817
120888
121995
123096
124196
125285
126346
127432
128491
129545
130575
131524
132513
133448
134289
135153
135932
136539
137005
137376
137652
137816
137833
137673
137399
137068
136675
136210
135704
135168
134536
133728
132912
132125
131188
129872
128353
126776
125199
123664
122161
92872.7
92872.4
92872.2
92871.4
92870.1
92868.7
92867.4
92866
92864.8
92863.6
92862.7
92861.9
92861.4
92861.4
92862.3
92864.4
92868.3
92874.5
92883.5
92896
92912.6
92933.6
92958.7
92988
93021.8
93060.4
93104.6
93155.3
93213.4
93279.1
93351.9
93432
93520.5
93613.7
93715.8
93826
93944.2
94070.4
94204.7
94348.7
94502.5
94665.7
94837.7
95016.7
95201
95391.7
95587.6
95789
95994.9
96206.4
96425.4
96651.9
96885.3
97124.8
97369.9
97619
97871.1
98126.2
98385.4
98648.8
98915.9
99184.8
99454.3
99724.8
99996.3
100269
100542
100816
101089
101364
101639
101913
102188
102460
102729
102991
103248
103499
103749
103998
104247
104493
104733
104968
105201
105429
105652
105866
106074
106275
106468
106650
106824
106988
107144
107290
107428
107557
107679
107796
107906
108011
108111
108204
108294
108380
108460
108535
108601
108664
108725
108773
108817
108859
108898
108938
108979
109016
109056
109115
109202
109319
109455
109598
109743
109904
110108
110348
110608
110878
111208
111630
112145
112727
113408
114181
115014
115945
116873
117863
118856
119872
120880
121869
122862
123833
124808
125754
126705
127620
128492
129407
130211
130978
131840
132530
133123
133629
133988
134265
134504
134621
134555
134362
134090
133763
133374
132998
132624
132118
131465
130805
130190
129472
128368
127016
125591
124151
122760
121387
92964.3
92963.9
92963.1
92961.6
92959.6
92957.2
92954.4
92951.5
92948.5
92945.7
92942.9
92940.3
92937.9
92935.8
92934.3
92933.9
92935.1
92938.4
92944.4
92953.6
92966.4
92983.3
93004.2
93029.2
93058.6
93092.9
93132.6
93178.2
93230.3
93288.9
93354.1
93426.2
93507.2
93592.7
93689.2
93792.2
93902.2
94019.9
94146
94282.2
94426.6
94582.5
94746.3
94915.7
95091.1
95271.4
95456.9
95647.7
95844.6
96048
96258.4
96476.1
96701.1
96933.1
97170.5
97411
97654.1
97901.1
98152.8
98408.2
98666.4
98925.9
99185.4
99444.9
99705.5
99968
100233
100499
100767
101036
101305
101576
101847
102117
102384
102646
102900
103146
103388
103628
103869
104108
104343
104572
104798
105021
105240
105451
105655
105852
106042
106222
106392
106553
106705
106849
106985
107113
107232
107346
107453
107552
107648
107737
107818
107895
107964
108030
108083
108128
108172
108203
108221
108236
108248
108260
108275
108286
108292
108309
108351
108424
108518
108615
108708
108806
108939
109111
109306
109499
109767
110134
110578
111077
111667
112365
113105
113958
114854
115790
116717
117644
118549
119415
120282
121147
122015
122847
123713
124531
125317
126123
126839
127537
128348
128990
129561
130079
130435
130733
131038
131234
131265
131182
130986
130742
130432
130152
129929
129560
129075
128586
128127
127600
126706
125516
124253
122954
121716
120493
93070.2
93069.5
93068.2
93066.1
93063.2
93059.6
93055.4
93050.9
93046.2
93041.6
93037
93032.3
93027.7
93023.3
93019.3
93016.3
93014.7
93014.9
93017.4
93022.6
93031.1
93043.1
93059
93079.2
93103.7
93132.9
93167.1
93206.8
93252.3
93303.6
93360.9
93424.6
93495.1
93572.5
93657.2
93751.6
93855.2
93965.2
94084.4
94212.2
94349
94495.3
94648.2
94807
94970.4
95140.9
95316.2
95497.5
95685.3
95880.4
96080.7
96288.3
96503.4
96725.8
96954.5
97187.3
97421.2
97660.9
97905.1
98152.7
98401
98649.6
98898.6
99148.1
99398.8
99651.9
99907.5
100166
100427
100689
100953
101218
101484
101750
102013
102272
102525
102770
103006
103234
103466
103697
103924
104144
104362
104578
104790
104995
105195
105388
105574
105752
105918
106074
106222
106362
106493
106617
106734
106842
106946
107041
107129
107212
107287
107355
107412
107464
107505
107532
107556
107568
107567
107556
107540
107518
107501
107484
107460
107435
107431
107456
107506
107558
107600
107638
107706
107796
107938
108096
108325
108629
108978
109384
109875
110493
111149
111888
112723
113584
114437
115265
116054
116822
117564
118322
119090
119802
120562
121339
122050
122736
123473
124141
124823
125454
126004
126499
126852
127172
127521
127769
127882
127912
127805
127653
127430
127243
127141
126911
126593
126280
125965
125598
124905
123863
122769
121615
120527
119461
93191.4
93190.3
93188.3
93185.4
93181.6
93176.8
93171.1
93164.9
93158.7
93152
93145.1
93138
93130.7
93123.4
93116.4
93110.2
93105.2
93101.7
93100.2
93101.3
93105.2
93112.2
93122.9
93137.8
93156.9
93180.3
93208.4
93241.5
93279.6
93323
93372.4
93427.8
93489.5
93557.7
93633.2
93717
93809.6
93912.8
94024.2
94143.7
94271.3
94406.2
94547.9
94695.2
94847.4
95005.5
95170.5
95341.7
95519.1
95702.7
95895.5
96093.3
96299
96511.7
96730.7
96955.9
97183.3
97411.1
97644.9
97883.6
98124
98363.4
98602.2
98841.5
99082.5
99326.1
99573
99823.2
100076
100332
100590
100849
101108
101367
101623
101877
102127
102370
102603
102826
103046
103266
103483
103693
103899
104104
104307
104505
104699
104886
105068
105241
105402
105554
105696
105830
105957
106075
106188
106292
106389
106480
106561
106636
106701
106759
106806
106843
106872
106882
106883
106875
106855
106821
106778
106725
106673
106622
106566
106504
106457
106433
106436
106441
106435
106421
106422
106441
106529
106661
106847
107083
107354
107683
108096
108573
109183
109754
110456
111247
112008
112735
113424
114107
114748
115435
116107
116695
117345
118101
118774
119409
120146
120806
121368
122011
122535
123018
123391
123683
124014
124290
124485
124612
124598
124547
124414
124323
124316
124213
124057
123906
123721
123490
122966
122080
121147
120146
119195
118272
93329.3
93327.8
93325
93321.1
93316
93309.6
93302.2
93294.3
93286.3
93277.5
93267.9
93257.8
93247
93236.1
93225.3
93215.2
93206.1
93198.3
93192.4
93188.7
93187.8
93189.8
93195.3
93204.5
93217.5
93234.6
93256.2
93282.5
93313.9
93350.5
93392.5
93439.8
93493.4
93553.5
93620.7
93695.9
93779.7
93871.8
93972.4
94081.1
94197
94319.9
94449.3
94584.2
94724.6
94871.4
95025
95185.5
95352.4
95525.5
95704.9
95893.4
96088.7
96291
96499.8
96713.9
96933.6
97155.3
97379.9
97608
97838.7
98069.9
98300.4
98530.9
98762.6
98997.4
99236
99477.9
99722.9
99970.8
100221
100473
100724
100975
101223
101468
101710
101948
102178
102398
102611
102820
103026
103226
103421
103613
103803
103990
104176
104355
104529
104697
104852
104998
105133
105260
105381
105493
105600
105698
105788
105872
105945
106010
106067
106114
106148
106170
106185
106180
106161
106132
106091
106035
105966
105885
105800
105716
105624
105529
105440
105369
105323
105281
105230
105168
105109
105074
105110
105199
105339
105517
105730
105989
106329
106650
107234
107619
108139
108889
109516
110125
110742
111336
111934
112579
113181
113697
114323
114938
115540
116181
116798
117434
117978
118633
119185
119670
120065
120309
120570
120859
121140
121344
121420
121473
121442
121441
121504
121515
121498
121477
121411
121288
120908
120187
119404
118552
117730
116926
93486.3
93484.3
93480.9
93476
93469.7
93461.8
93452.3
93441.6
93430.1
93417.5
93404.3
93390.3
93375.9
93361.5
93347.2
93333.2
93319.7
93307.3
93296.3
93287.4
93281.1
93277.7
93277.4
93280.6
93287.5
93298.2
93313.3
93332.7
93356.8
93385.8
93419.9
93459.7
93505.7
93558.1
93617.3
93683.6
93757.5
93839
93927.5
94023.9
94127.6
94238.1
94354.7
94477.3
94605.9
94741.2
94883.5
95032.8
95188.7
95351.1
95520.2
95696.7
95880.4
96071.1
96268.2
96471.4
96680.6
96894.4
97111
97330.3
97552.1
97775.3
97998.7
98221.7
98444.6
98673.2
98903
99136.2
99372.3
99611.1
99851.8
100094
100336
100577
100816
101052
101284
101512
101734
101950
102158
102359
102556
102747
102931
103110
103287
103461
103634
103804
103966
104122
104271
104409
104539
104659
104773
104879
104977
105068
105148
105222
105288
105342
105386
105422
105445
105451
105449
105432
105392
105343
105281
105204
105110
105002
104887
104772
104645
104516
104389
104276
104181
104093
104001
103895
103786
103706
103694
103741
103832
103956
104120
104314
104557
104832
105264
105569
105945
106538
107058
107554
108091
108642
109241
109783
110318
110803
111383
111838
112380
112995
113487
114066
114667
115273
115882
116395
116795
117040
117254
117553
117903
118161
118313
118474
118573
118639
118746
118859
118951
119015
119049
119012
118760
118195
117554
116847
116158
115456
93663.1
93660.4
93656.2
93650.6
93643.4
93633.7
93620
93604.1
93588.5
93572.5
93555.4
93537.9
93520.2
93502.1
93483.7
93465.1
93446.8
93429.2
93413
93398.6
93386.4
93376.9
93370.5
93367.2
93367.5
93371.4
93379.3
93391.4
93407.7
93428.6
93454.6
93486.3
93523.9
93567.7
93618
93674.9
93738.4
93808.5
93886.3
93971.2
94062.7
94160.8
94265.1
94375.7
94493.1
94617.4
94748.2
94885.8
95030.3
95181.6
95339.6
95505
95677.5
95856.9
96042.7
96235.2
96433.8
96637.9
96844.3
97053.7
97266.7
97481.7
97698.3
97915.9
98135.6
98352.7
98574
98798.2
99024.8
99253.9
99484.3
99715.9
99947.3
100177
100406
100632
100853
101069
101281
101489
101690
101884
102072
102254
102429
102597
102760
102921
103079
103234
103383
103526
103663
103792
103914
104027
104133
104232
104321
104404
104477
104540
104595
104639
104671
104691
104701
104694
104675
104641
104586
104517
104436
104337
104219
104085
103942
103793
103641
103482
103320
103166
103023
102891
102762
102620
102471
102349
102292
102300
102345
102428
102537
102676
102839
103044
103357
103617
103859
104279
104686
105089
105570
106097
106651
107018
107494
107960
108410
108774
109331
109828
110284
110849
111478
111980
112562
113123
113564
113884
114119
114426
114798
115091
115318
115584
115842
115949
116078
116271
116439
116544
116656
116687
116539
116121
115618
115053
114493
113889
93860.1
93856.6
93850.6
93842.6
93832.8
93820.2
93804.5
93785.9
93766.7
93746.9
93725.4
93702.9
93679.9
93656.4
93632.6
93608.7
93585
93561.9
93540
93519.8
93501.5
93485.6
93472.6
93462.7
93455.9
93452.8
93453.4
93458
93466.7
93479.8
93497.7
93520.9
93549.7
93584.3
93625
93672.1
93725.6
93785.6
93852.3
93925.5
94005.1
94091.5
94184.2
94283.1
94388.7
94501.4
94620.8
94747
94879.9
95019.7
95166.3
95319.9
95480.6
95648.6
95823.4
96004.2
96190.7
96382.1
96579.8
96782.1
96986.7
97193.4
97401.8
97611.5
97822.1
98033.7
98247.1
98462.7
98680.1
98899.4
99119.7
99340.2
99560.9
99779.6
99996.8
100211
100420
100625
100826
101022
101213
101398
101577
101748
101912
102070
102223
102371
102514
102653
102787
102917
103042
103160
103270
103374
103469
103559
103640
103712
103776
103830
103873
103905
103924
103932
103926
103906
103870
103819
103751
103664
103561
103442
103304
103147
102978
102801
102623
102434
102240
102046
101860
101689
101526
101353
101178
101025
100927
100895
100902
100946
101007
101089
101189
101316
101534
101712
101852
102120
102412
102747
103197
103666
104082
104340
104749
105207
105467
105764
106235
106677
107170
107819
108392
108796
109302
109902
110440
110865
111163
111481
111840
112157
112468
112823
113234
113386
113522
113766
113979
114089
114255
114333
114263
113991
113615
113189
112745
112245
94079.7
94074.4
94065.3
94053.1
94038.8
94022.9
94005.4
93986.1
93965.1
93941.1
93914.3
93885.5
93855.4
93824.6
93793.8
93763.3
93733.3
93704.1
93676.1
93649.7
93625.1
93602.8
93583.2
93566.4
93552.7
93542.4
93535.7
93532.8
93534
93539.4
93549.6
93564.6
93584.8
93610.3
93641.4
93678.5
93721.7
93771.2
93826.9
93888.8
93957
94031.5
94112.7
94200.5
94294.6
94395.4
94503.1
94617.9
94739.3
94867.6
95002.8
95145.1
95294.5
95450.8
95613.8
95783.2
95958.9
96140.3
96327.2
96519
96714.5
96912.9
97113.6
97313.3
97516.7
97721
97926.4
98133.2
98341.3
98550.4
98760
98969.2
99178.6
99385.6
99590
99791.6
99988.9
100182
100372
100557
100736
100908
101074
101233
101385
101530
101671
101807
101937
102059
102180
102298
102410
102518
102616
102708
102794
102871
102941
103003
103055
103097
103128
103150
103157
103150
103129
103094
103042
102975
102892
102790
102666
102529
102372
102198
102005
101803
101597
101381
101157
100927
100702
100496
100303
100107
99914.9
99747.6
99617.5
99542.3
99513.6
99519.3
99539.2
99572
99616.9
99674.4
99801.7
99893.6
99932.4
100085
100295
100561
100955
101349
101599
101803
102158
102520
102646
102798
103121
103614
104161
104811
105337
105707
106193
106823
107475
107986
108354
108681
109034
109381
109776
110205
110702
110929
111078
111344
111577
111676
111867
111973
111965
111818
111561
111269
110936
110542
94327.2
94319.3
94307.3
94292
94273.1
94253.1
94231.6
94208.9
94182.4
94151.6
94118.4
94083
94046
94008.1
93969.6
93931.2
93893.2
93856.4
93821.1
93787.6
93756.3
93727.5
93701.3
93677.9
93657.4
93640.1
93626.1
93615.7
93609.3
93607.1
93609.3
93616
93627.7
93644.7
93666.7
93693.9
93726.9
93765.8
93810.6
93861.5
93918.4
93981.6
94051.3
94127.8
94210.9
94300.5
94396.9
94500.7
94610.2
94727.2
94851.4
94982.6
95121
95266.2
95418.1
95576.6
95741.3
95912
96088.2
96269.3
96454.5
96643.2
96834.3
97026.6
97221.2
97417.2
97613.8
97811.5
98009.8
98208.5
98407.5
98605.3
98802.3
98997.3
99189.1
99378.4
99563.5
99744.8
99922.4
100095
100260
100418
100570
100714
100853
100985
101115
101234
101350
101457
101563
101668
101768
101863
101951
102033
102106
102173
102232
102281
102321
102350
102369
102376
102372
102352
102317
102267
102200
102116
102018
101901
101759
101605
101431
101242
101028
100805
100572
100333
100083
99820.5
99562.2
99323.9
99103.8
98889.6
98689.7
98515.9
98364.3
98250.8
98187.1
98157
98136.5
98123.5
98123.9
98118.2
98151.9
98184.7
98151.7
98204.9
98349.5
98526.6
98815
99130.7
99291.3
99443.2
99722.4
99968
99992.7
99989.7
100238
100786
101322
101833
102342
102749
103271
103894
104600
105204
105653
106009
106389
106779
107244
107733
108241
108557
108731
108997
109238
109329
109510
109626
109666
109623
109475
109309
109082
108791
94609
94599.7
94583.9
94564.1
94541.7
94516.2
94487.5
94455.4
94420.3
94382
94341.1
94298.1
94253.1
94206.4
94158.7
94110.7
94063.6
94017.8
93973.9
93932.3
93893.3
93857.4
93824.5
93794.6
93767.8
93744.1
93723.5
93706
93692.1
93681.9
93675.8
93674.3
93677.7
93685.8
93698.7
93716.7
93740
93768.8
93803.1
93843.1
93889.1
93941.4
94000.1
94065.3
94137.3
94216
94301.3
94393
94493
94599.8
94713.4
94833.8
94961.3
95095.9
95237.5
95385.8
95540.4
95701
95867
96038
96213.1
96391.8
96572.9
96756.3
96941.1
97127.4
97314.5
97502.3
97690.5
97878.1
98065.8
98252
98436.3
98618.9
98798.2
98974.7
99147.3
99315.7
99478.7
99636.5
99787
99930.7
100069
100198
100324
100443
100558
100663
100760
100857
100946
101037
101122
101204
101280
101350
101412
101467
101513
101551
101579
101596
101604
101598
101581
101548
101498
101433
101353
101253
101139
101008
100853
100683
100493
100288
100059
99818.4
99565.4
99303.1
99028.5
98738.2
98449.8
98184.1
97939.9
97712.2
97508.7
97328.2
97165.9
97024.4
96929.8
96867.2
96807.8
96753.9
96711.7
96653.2
96613
96612.6
96532.4
96494.9
96562.5
96650
96812.9
97047.6
97178.4
97259.6
97431.8
97591.6
97546.3
97484.8
97779
98275.7
98739.9
99127.7
99577.5
100010
100539
101122
101811
102515
103069
103497
103925
104366
104877
105405
105890
106281
106479
106730
106973
107063
107203
107312
107384
107422
107385
107322
107192
106997
94866.1
94855.9
94838.3
94815.7
94789.2
94757.6
94721.5
94681.2
94637.6
94591.4
94542.4
94491.5
94438.2
94382.7
94325.4
94267.9
94211.7
94157.4
94105.5
94056.5
94011.2
93969.7
93931.7
93897.1
93865.5
93836.7
93810.7
93787.7
93767.9
93751.4
93738.6
93730
93725.7
93726.1
93731.4
93741.6
93756.9
93777.5
93803.5
93834.9
93872.1
93915.2
93964.8
94020.9
94083.7
94153.4
94229.9
94313.3
94403.9
94501.6
94606.2
94717.6
94835.9
94961.6
95094.4
95234
95380.1
95532.2
95689.8
95852.2
96018.9
96189.3
96362.2
96537.4
96713.8
96891.4
97069.5
97247.4
97425.8
97603
97779.6
97955
98127.7
98297.5
98464.8
98629.6
98789.9
98945
99094.6
99237.6
99376
99506.1
99630.8
99747.4
99859.9
99967.7
100065
100159
100241
100326
100404
100481
100555
100624
100689
100747
100796
100838
100871
100895
100913
100917
100914
100895
100864
100819
100757
100678
100586
100474
100345
100201
100035
99848.8
99647.9
99427.9
99186.5
98928
98658.6
98377.5
98084.4
97770.6
97456.5
97166.8
96902.7
96663.2
96455.9
96269.1
96099.1
95941
95818.6
95727.7
95640.6
95550.7
95473.4
95383.8
95289.9
95240
95154.4
95042
95026.2
95041.8
95091.4
95228.8
95324.8
95351.2
95436.9
95533
95485
95437.7
95784.5
96209.8
96553.7
96872.1
97215.7
97628.7
98148.1
98698.6
99310.8
100040
100712
101239
101710
102196
102731
103268
103721
104139
104372
104593
104829
104908
104983
105069
105157
105255
105306
105321
105273
105161
95077.8
95066.9
95046.6
95020.6
94990.6
94954.3
94912.8
94865.7
94815.3
94762.2
94705.8
94648
94587.4
94523.9
94458.2
94392.5
94328.4
94266.8
94208.7
94154.6
94104.5
94058.9
94017.4
93979.7
93944.9
93912.6
93882.7
93855.2
93830.5
93808.9
93791
93777
93767
93761.4
93760.5
93764.5
93773.7
93787.8
93807.3
93832.2
93862.6
93898.9
93941.4
93990.4
94046.3
94108.9
94178.5
94255
94338.6
94429.2
94526.6
94630.8
94741.9
94860.1
94985.5
95118
95257.2
95402.4
95553
95708.3
95867.5
96030.8
96196.8
96365.1
96534.6
96704.9
96875.6
97045.5
97215.2
97383.5
97550
97715.3
97878.1
98037.6
98193.7
98346.9
98496.1
98638.7
98776
98907
99033.8
99152.5
99264.3
99371.7
99471.7
99567.6
99651.8
99732
99805.5
99876.4
99945.2
100012
100076
100134
100187
100234
100271
100302
100323
100335
100340
100333
100317
100288
100243
100186
100114
100022
99918.2
99795
99653.5
99497.4
99321.2
99121.6
98909.4
98677.3
98424.9
98149.4
97865
97568.5
97261
96930.1
96595.8
96282.8
95999.9
95749.4
95534.1
95341.1
95163.3
94995.7
94849.7
94735.2
94624.7
94506.4
94403.7
94295.2
94159.7
94052.2
93959.9
93808.9
93721.5
93672.4
93622.3
93652.3
93698.3
93712
93740.2
93808.7
93766.1
93779.3
94120
94469.4
94736
94906.2
95169.9
95544.3
96042.2
96595
97154.2
97837.8
98584.9
99210.3
99723.2
100242
100792
101320
101738
102139
102422
102616
102822
102874
102871
102917
103007
103143
103255
103332
103347
103293
95287.9
95274
95250.8
95220.1
95184.3
95143.7
95097
95042.3
94985.2
94925
94860.9
94796.3
94729.3
94658.9
94585.6
94512
94440.5
94372.7
94309.4
94250.2
94195.1
94144.6
94098.9
94057.5
94019.5
93983.9
93950.6
93919.4
93890.5
93864.2
93841.2
93822
93807
93796.2
93789.8
93788.2
93791.6
93800
93813.7
93832.7
93857.2
93887.4
93923.8
93966.7
94016.3
94072.7
94136.1
94206.4
94283.7
94368
94459.2
94556.9
94661.4
94772.8
94891.5
95017.3
95149.9
95288.5
95432.5
95581
95733.4
95889.7
96048.7
96210.4
96373.2
96536.5
96700.2
96862.7
97024.5
97184.6
97342
97497.6
97650.2
97799.7
97945.3
98087.1
98225
98355.8
98481.2
98601.1
98715.3
98823.4
98923.8
99021.3
99109.5
99191.9
99265.5
99333.4
99398.4
99459.2
99519.6
99576.2
99629.7
99676.7
99718.2
99752.1
99778.9
99797.8
99808.7
99810
99803.4
99786.2
99755.4
99715.7
99658.3
99589.4
99507.2
99405
99289.3
99156
99002.7
98835.1
98649.1
98438.3
98213
97972
97708.9
97421.7
97123.9
96812.1
96491.4
96150.5
95800.9
95466.8
95164.4
94901.6
94676
94474.6
94288.3
94115.1
93956.5
93818.5
93688.4
93548
93419.1
93298.4
93143.8
92995.7
92872.9
92712
92565.8
92457
92326.9
92257.3
92240.3
92237.7
92242.9
92300.4
92242.5
92366.2
92701.9
92948.5
93145
93180.1
93347.7
93664.1
94102.4
94658.3
95230.2
95873.5
96624.2
97327.6
97890.1
98437
98996.9
99504.7
99892.6
100277
100595
100773
100924
100936
100862
100859
100939
101095
101245
101370
101435
101421
95496.5
95479.2
95447.4
95406.8
95368.5
95325.3
95273.5
95210.2
95145.1
95078.1
95007.2
94935.8
94862.5
94786.6
94707.6
94627.6
94549.5
94475.5
94406.6
94342.3
94282.4
94227.4
94177.8
94133.3
94091.9
94052.3
94014.7
93979.5
93946.7
93916.6
93889.5
93865.5
93845.4
93829.6
93818.5
93812
93810.2
93813.4
93821.9
93835.8
93855.1
93880
93911
93948.5
93992.6
94043.6
94101.4
94166.1
94237.8
94316.5
94401.9
94493.9
94592.5
94697.8
94810.4
94929.9
95056.3
95188.7
95326.6
95468.7
95615
95765
95917
96071.9
96228
96384.5
96541.3
96696.6
96850.7
97003
97152.2
97298.8
97442
97581.8
97716.7
97847.4
97974.5
98094.2
98208.4
98318.4
98419.9
98517.3
98607.8
98693.8
98770.9
98840.2
98905
98963.8
99021.3
99073.4
99125
99170.9
99213.9
99249.7
99281
99303
99319
99326.1
99326.7
99318.5
99300
99272.5
99229.3
99178.5
99110.7
99029.5
98937.2
98825.3
98698
98555
98390.9
98212.6
98017
97797.5
97559.8
97309.9
97036.2
96741.3
96433.3
96109
95775.6
95428.4
95067
94715.1
94394.3
94115.6
93878.4
93666.9
93469.4
93290.2
93125.9
92971
92824.2
92670.9
92512.6
92379.2
92219.2
92037.7
91882.3
91714
91532.4
91377.5
91194.7
91044
90952.7
90917.3
90928.9
90953.8
90921.9
91156.6
91454.1
91606.3
91673
91697.1
91773
92030.8
92395.6
92894.1
93478.7
94118.2
94838.2
95579.3
96193.6
96764.1
97330.9
97810.9
98169.6
98549.7
98868.7
99035.1
99119.5
99085.4
98960
98902.5
98961.2
99119.6
99290
99451.2
99549.5
99573.5
95694.7
95681.2
95627.9
95579.4
95538.2
95495.5
95440.5
95368
95293.5
95220
95141.9
95065.3
94986.4
94905.3
94821.9
94737.3
94653.9
94574.6
94500.4
94431.2
94366.5
94307.3
94254
94205.9
94161.4
94118
94076
94036.3
93999.3
93965.2
93934.3
93906.6
93882.2
93861.9
93846.1
93835.2
93829.1
93827.9
93831.7
93840.9
93855.6
93875.8
93902.1
93934.7
93973.9
94020
94073
94132.8
94199.5
94273.2
94353.4
94440.3
94533.6
94633.5
94740.6
94854.4
94975.1
95101.8
95234.1
95369.9
95510.5
95654.7
95800.8
95949.1
96098.3
96248.2
96398
96546.2
96692.7
96836.9
96978.6
97116.5
97250.9
97381.4
97506.6
97626.8
97743
97852.8
97956.5
98056.5
98146.8
98233.5
98315.2
98388.8
98455.4
98514.5
98571.5
98622.9
98672.7
98716
98757.3
98793.4
98826.2
98851.7
98872.8
98884.4
98890.1
98886.9
98877.1
98859
98829.2
98791.9
98737.7
98675
98597.8
98505.6
98402.2
98280.7
98142.6
97990.9
97817.2
97628.4
97423.7
97198
96950.4
96691.2
96408.8
96105.7
95788.6
95455.8
95111.7
94758.1
94389
94021.9
93684.9
93388.9
93138
92914.5
92705.9
92516.8
92347.6
92183.1
92021.9
91868.2
91681.5
91526.1
91366.8
91164.2
90976.7
90793.9
90599.3
90415.2
90200.9
89984.5
89826
89745.6
89763.3
89775
89757.6
90074.6
90282.5
90347.4
90301.5
90347.8
90401.6
90628.1
90953.6
91356.3
91893.4
92532
93227.7
93966.3
94621.3
95210.7
95780.1
96229.9
96565.9
96939.2
97227
97372.2
97399
97326
97167.9
97055.1
97082
97225.3
97401.7
97584.4
97708
97775.5
95900.6
95864.7
95801.1
95739.5
95688.7
95647.4
95592.5
95515.1
95432.2
95349.2
95265.6
95183.4
95100
95014.6
94927.4
94839.5
94752.8
94669.7
94591
94517.2
94448.7
94385.9
94328.5
94275.5
94227.7
94179.7
94133
94088.9
94048.2
94010.8
93976.1
93944.7
93916.9
93893
93873.1
93858
93847.8
93842.7
93842.5
93847.4
93857.9
93874.1
93896.3
93924.7
93959.6
94001.2
94049.7
94105.2
94167.6
94236.7
94312.5
94394.9
94483.6
94578.5
94680.8
94789.5
94905
95026.3
95153.5
95283
95418.5
95557.1
95697.6
95840.2
95983.1
96126.4
96269.4
96411
96550.2
96686.5
96820.3
96950.3
97076.2
97197.6
97313.6
97424.5
97529.9
97630.5
97724.6
97814
97895.5
97971.4
98043.7
98106.1
98164.2
98215.8
98265
98308.5
98348.5
98383.5
98415.6
98442.7
98465.1
98481
98491.7
98493.3
98489.5
98476.8
98457.5
98429.9
98389.2
98341.3
98277.9
98203.5
98116.7
98014.4
97901.2
97770.8
97622.5
97461.7
97279.3
97081.1
96867.5
96635.2
96380.6
96112.4
95823.7
95512.6
95186.6
94846.4
94494.4
94134.2
93760.7
93382
93030.2
92719.5
92452.3
92215.5
91996.1
91794.7
91618.3
91449.1
91282.1
91123.2
90918.3
90734
90577.4
90371.1
90157.9
89951.8
89747.7
89548.2
89318.7
89059.3
88846.7
88713.8
88727.9
88737.1
88745.3
89028.8
89143.2
89128.1
89058.3
89107.2
89201
89407.6
89716.1
90052.3
90509.2
91112.5
91784.5
92493.8
93165.3
93767.9
94333.2
94753.7
95075.4
95437
95674.9
95777.4
95752
95660.7
95477.7
95318.4
95306.8
95424.6
95591.6
95781.1
95927.4
96035
96095.9
96059
95975.2
95889.8
95832.4
95790.1
95737
95653.9
95560
95468
95378.7
95291.5
95203.8
95114.2
95023.4
94932.6
94843.5
94757.7
94675.8
94598.6
94526.8
94460.2
94398.2
94340.8
94287.7
94236.3
94185.6
94137.4
94093
94052.8
94015.3
93980.7
93949.4
93922.1
93898.9
93880.2
93866.3
93857.5
93853.8
93855.1
93861.8
93874.3
93892.9
93917.6
93948.7
93986.4
94030.9
94082.4
94140.9
94206
94278
94356.2
94441.1
94531.3
94629.6
94733.7
94844.6
94960.9
95082.3
95207.7
95337.5
95470.9
95605.9
95742.9
95880.5
96017.7
96154.1
96289.2
96421.7
96550.9
96676.8
96799.1
96916.9
97029.5
97137.1
97238.9
97334
97425.7
97510.8
97589.8
97663.5
97729.9
97792
97845.3
97895.8
97940.8
97981.4
98016.4
98047
98074.2
98097.9
98116.5
98128.8
98135.7
98136.6
98129.4
98116.5
98094.9
98066.1
98028.2
97977.7
97919
97846.9
97762
97666.3
97554.1
97431
97291.6
97134.2
96964.7
96775
96568.7
96347
96106.2
95845.9
95569.3
95275.2
94957.7
94624.7
94277.8
93919.2
93554.1
93178
92791.3
92426.8
92102.9
91819.4
91568.1
91337.6
91124.2
90937.9
90764.2
90592.1
90427.6
90224.4
90004.9
89844.7
89637.7
89412.1
89185.5
88965.9
88757.1
88526.9
88246.7
87995.8
87814.3
87817.1
87814.3
87878.9
88020.2
88091.8
88035.8
87988.3
88045.2
88185.7
88364.8
88624.7
88921.3
89317.1
89862
90497.2
91163.9
91824.4
92431.6
92982.7
93376
93687.8
94030.9
94216.7
94256.7
94182.3
94084.6
93889.1
93692.7
93639.5
93725.2
93871.6
94054
94217.7
94360.5
96283.3
96254.3
96147.9
96046.1
95980.1
95927.2
95869.1
95780
95675.1
95574.5
95479.8
95389.6
95298.6
95204.7
95110.2
95016.8
94925.5
94837.5
94753.2
94673.2
94598.1
94527.9
94462.3
94400.8
94343.1
94288.1
94234.3
94182.4
94134.7
94091.5
94051.5
94014.3
93980
93949.3
93923
93901.4
93884.5
93872.4
93865.3
93863.4
93866.9
93876.1
93891.3
93912.7
93940.5
93974.8
94015.8
94063.8
94118.7
94180.4
94248.9
94323.3
94405.3
94490.3
94585.7
94685.7
94792.3
94904.3
95020.8
95141.6
95266.4
95394.7
95524.5
95656.1
95788.4
95920.1
96050.8
96179.3
96305.5
96428.1
96546.7
96661.6
96771.6
96876.2
96975.4
97068.8
97154.9
97237.3
97313.7
97383.1
97449.2
97506.8
97559.2
97605.7
97648.5
97685.8
97717.1
97744.3
97767
97787.4
97802.4
97812.9
97816
97814.8
97806
97791
97769.6
97739.4
97701.2
97652.8
97592.9
97524.1
97443.8
97348.8
97243.6
97122.1
96989.2
96841.4
96675.7
96497.6
96301
96086.6
95858.7
95610.3
95343.9
95060
94760.6
94438.7
94100
93748.1
93383.9
93014.6
92637.1
92245.7
91871.3
91534.6
91236
90970.3
90728.6
90503.9
90306.4
90126.9
89948.2
89779
89582.8
89349.1
89155.6
88955.7
88724.2
88486.8
88247.7
88029
87812.5
87522.7
87252.3
87038.8
87009.7
86999
87120.2
87149.2
87202.4
87160.8
87121.9
87187.2
87324.7
87475.4
87677.5
87928.1
88278.2
88762
89348.8
89968
90597.8
91197.4
91722.6
92089.3
92399.7
92713.2
92846.5
92819.8
92702.5
92597.5
92404.4
92175.1
92075.5
92124.1
92246.3
92415
92587.6
92752.7
96489.6
96480.4
96325.4
96205.6
96123
96041.7
95973.6
95884.8
95775.7
95667.9
95567.9
95475.5
95383
95285.8
95188.2
95092.6
94999.6
94909.8
94823.4
94741.1
94663.3
94590
94521
94456.1
94394.5
94335.7
94278.7
94223.9
94173.1
94127.5
94085.2
94045.4
94008.4
93974.8
93945.6
93921.4
93901.9
93887
93877
93872.1
93872.7
93878.9
93891.2
93909.5
93934.4
93965.8
94003.8
94048.7
94100.4
94159
94224.4
94294.6
94373.4
94456.7
94547.9
94644.7
94747.1
94855.2
94967.6
95084
95204
95327.3
95451.9
95578.6
95705.5
95831.8
95957.3
96079.9
96200
96316.3
96428.3
96536.3
96638.6
96735.8
96827.3
96912.7
96991.1
97064.6
97132.9
97194
97251.7
97301.2
97345.2
97385.5
97420.2
97449.2
97472
97492.2
97507.4
97521.1
97528
97530.5
97525.5
97516.2
97498.8
97476.7
97446.8
97408.2
97360.6
97301.9
97233.9
97155.5
97066.4
96962.4
96847.7
96717.3
96574.7
96417.6
96244.1
96058
95855.4
95633.4
95399
95145.2
94873.7
94583.8
94278.7
93953.9
93610.5
93255.2
92887.2
92513.3
92134.7
91742.2
91358.9
91010.2
90698.5
90419.3
90166.7
89931.9
89722.9
89536.1
89349.1
89172.2
88984.3
88749.8
88528.3
88321
88091.2
87848.1
87596
87358.2
87153.3
86882.2
86602
86375.2
86290
86269.8
86402.6
86428.7
86441.5
86421.3
86400.4
86464
86570.1
86690.1
86859.5
87067.9
87372.2
87795.2
88323.8
88892.9
89481.5
90059.3
90549.1
90889.3
91204.9
91480.8
91557.5
91478.3
91325.8
91209.5
91018
90758.7
90610.5
90616.7
90716.7
90871.1
91048.7
91223.3
96854.9
96688.3
96504.9
96341.1
96246.9
96143.5
96056.9
95968.3
95861.9
95751
95645.7
95548.2
95452.7
95353.5
95254.1
95157.4
95063.5
94972.2
94884.1
94800
94720
94643.9
94572.1
94504.2
94439.4
94377.5
94317.8
94260.4
94206.9
94159.6
94115.2
94073.2
94033.7
93997.8
93966.2
93939.4
93917.7
93900.6
93888.2
93880.7
93878.7
93882.5
93892.2
93908
93930.2
93959
93994.6
94036.9
94085.9
94141.9
94203.4
94271.9
94347.7
94428.9
94516.7
94610.4
94709.5
94813.9
94922.7
95035.2
95151.1
95269.7
95389.7
95511.7
95633.7
95754.6
95874.8
95992.3
96106.6
96217.1
96323.1
96424.5
96520.2
96610.6
96695.1
96773.2
96845.2
96910.6
96971.3
97025.3
97074.7
97117.3
97154.3
97187.5
97213.9
97235.1
97250.5
97263.8
97272.2
97279.4
97279.6
97274.9
97262.7
97245.9
97220.7
97191.6
97154.2
97107.8
97051.1
96983
96906.9
96819.9
96721.8
96609.3
96484.8
96345.7
96193.6
96027.8
95846.9
95653.3
95445.1
95217.4
94976.4
94717.8
94442.1
94147.5
93836.8
93509.4
93162.5
92804.6
92434.4
92056.4
91676.1
91285.4
90894.4
90535.1
90212.3
89920.5
89658.9
89415.5
89195.1
88998.7
88805.3
88615.5
88432.3
88206.4
87964.7
87745.5
87514.1
87270.1
87014.8
86763.6
86551.1
86307.1
86034.2
85810.9
85668.7
85637.4
85709.8
85794.6
85760.1
85721.6
85745
85805
85889.4
85990.6
86139.6
86320.9
86587.3
86954.6
87419.8
87936
88478.9
89020.1
89469.9
89787.3
90106.9
90339.7
90364
90249.7
90067.7
89941.3
89740.2
89453.2
89255.9
89217.5
89296.6
89435.6
89617.2
89795.1
97034.6
96821.6
96680.9
96499.4
96372.5
96252.7
96147.5
96049.7
95943.5
95832
95722.5
95619.6
95518.2
95415.6
95314.4
95217.1
95123
95030.8
94941
94855.1
94773
94694.5
94619.8
94549.1
94481.6
94416.8
94354.8
94295.4
94239.7
94189.9
94143.7
94099.7
94057.9
94019.7
93986
93957
93933
93913.9
93899.4
93889.7
93885.3
93886.7
93894.1
93907.5
93927.4
93953.7
93987.2
94027.1
94073.2
94126.5
94186.1
94252.4
94325.3
94404.2
94489.1
94579.8
94675.9
94776.9
94882.1
94990.9
95103.1
95217.5
95333
95450.3
95567.7
95683.4
95798
95910.3
96018.7
96123.6
96223.6
96318.8
96408.1
96491.8
96569.9
96641.1
96706.8
96765.1
96818.4
96865.7
96907
96943.3
96973.2
96998.6
97016.9
97030.9
97039.7
97046.7
97049.6
97050.6
97044.5
97033.1
97014.7
96990.8
96958.7
96922.1
96876.6
96822.6
96757.8
96681.8
96597.7
96502.4
96394.6
96273.7
96139.2
95991.8
95830.4
95656.7
95468.8
95268.3
95054.4
94821.9
94575.3
94312.4
94032.6
93734.6
93419.3
93088.9
92739.4
92379.2
92007.6
91626.6
91244.3
90857.1
90461.3
90092.9
89760.6
89457.3
89187.8
88939.5
88707.6
88499.6
88300.4
88097.3
87911.4
87697
87447.1
87213.1
86976.8
86734
86482.4
86222.2
85996.8
85779.1
85523
85315.9
85137.9
85098.3
85115.7
85200.2
85155
85087.2
85134.8
85176.3
85244.7
85342.8
85476.8
85645.9
85885.7
86205
86608.7
87072.1
87567.1
88061.1
88467.4
88771.3
89087.7
89275.9
89256.4
89117
88920.7
88782.7
88559.5
88236.1
88006.5
87932.1
87984.4
88103.1
88279.4
88458.5
97268.5
97080.7
96850.9
96672.3
96519.4
96376.9
96255.1
96140.8
96028.5
95916.2
95804.2
95698
95591.3
95483.4
95379.2
95280.8
95186.6
95093.9
95002.3
94914.2
94829.8
94748.6
94671.1
94597.5
94527.1
94459.3
94394.7
94333.2
94275.4
94222.9
94174.5
94128.2
94084.2
94043.4
94007.4
93976.2
93949.9
93928.4
93911.8
93900
93893.2
93892
93897
93908
93925.5
93949.3
93980.2
94017.5
94061.7
94112.5
94169.8
94233.6
94303.8
94380.1
94462.2
94549.8
94642.8
94740.5
94842.1
94947.1
95055.3
95165.4
95276.2
95388.4
95500.8
95611.2
95719.9
95826.4
95928.7
96027.4
96121
96209.7
96292.1
96368.9
96440.1
96504.4
96563.2
96614.9
96660.7
96701.3
96734.9
96764.1
96786.2
96803.2
96813.8
96821.1
96824.6
96826.2
96823.8
96817.7
96805.3
96787.5
96763.4
96732.9
96694.4
96650.1
96596.1
96533.7
96461.2
96377.8
96286
96182.3
96064.4
95934.6
95790.6
95634.3
95464.1
95283.1
95088.9
94881.8
94661.7
94424.7
94173
93906.5
93622.9
93322.2
93003.4
92670.1
92319
91956.7
91584.5
91202.1
90817.6
90434.8
90039.3
89663.3
89322.7
89009.2
88733.3
88484.1
88240.8
88019.8
87813.1
87599.3
87404.6
87199.6
86951.6
86706.6
86465
86221.6
85975.3
85715
85476.3
85279
85042
84859.1
84669
84632
84630.6
84662.5
84613.6
84533.2
84571.1
84578
84630.5
84725.3
84846
85013.8
85235.7
85512.5
85860.8
86274.6
86718.1
87157.3
87519.7
87820.9
88123.5
88267
88211.2
88058.5
87870.4
87701
87450.5
87087.3
86836.5
86738.4
86748.5
86840.2
87008.7
87188.8
97337.7
97172.3
96964.6
96799.8
96643.6
96497.6
96367.1
96240.5
96120.2
96004.8
95889.5
95779.1
95669.8
95558.5
95451.2
95350.5
95254.8
95160.7
95067.3
94976.8
94890.1
94806.3
94725.9
94649.4
94576.1
94505.5
94437.8
94373.8
94313.8
94258.6
94207.4
94158.7
94112.3
94069.3
94030.7
93997.1
93968.6
93944.7
93925.6
93911.5
93902.4
93898.7
93901.3
93909.7
93924.9
93946
93974.6
94009.2
94051.3
94099.7
94154.5
94216
94283.4
94357
94436.3
94520.8
94610.6
94704.8
94802.8
94903.8
95007.6
95113.4
95219.5
95326.4
95433.5
95538.3
95641
95741.3
95837.2
95929.1
96016.2
96097.8
96173.4
96242.9
96306.7
96364
96415.5
96460.3
96498.7
96532.1
96558
96579
96593.2
96602.4
96606.5
96608.2
96607.1
96602.7
96594.1
96580.9
96562.6
96539
96509.3
96471.8
96427.2
96375
96313.4
96242.8
96162.7
96072.4
95972.4
95859.1
95731.1
95591.9
95439
95274.9
95096.9
94908.3
94707.7
94494.4
94267.8
94026.7
93770.5
93500.2
93213.3
92910
92589
92253.5
91901.9
91538.2
91165.6
90783.7
90397.4
90017.7
89626.8
89247.9
88899.9
88577.5
88298.4
88046.9
87794.9
87560.8
87344.7
87124.5
86916.4
86713.8
86474.9
86225.3
85978.3
85733.6
85492
85239.9
84995.1
84800.5
84588.2
84427
84247.5
84204.2
84210.1
84188.2
84123.7
84045.9
84043.2
84022.9
84059.6
84146.4
84256.5
84421.1
84627.3
84868.3
85168.1
85534.7
85925.1
86307.5
86630.8
86932.2
87209.8
87307.8
87223.7
87068.4
86889.1
86688.1
86403.2
86031.9
85724.6
85595.3
85574.3
85643.5
85804.3
85976.6
97331.9
97169.4
97045.2
96911.9
96758.5
96614.7
96482.9
96352
96222.4
96100.3
95982
95864.8
95750.8
95639
95531
95427.7
95328.8
95232
95136.2
95043.3
94954
94867.5
94784.1
94704.6
94628.2
94554.4
94483.8
94417.2
94354.8
94296.8
94242.7
94191.3
94142.5
94097.2
94056.2
94020
93988.7
93962.6
93941.1
93924.4
93912.9
93906.9
93907.1
93912.7
93925.5
93944.3
93970.4
94002.7
94042.2
94088.3
94140.6
94199.6
94264.2
94335.1
94411.5
94492.9
94579.5
94670
94764.3
94861.3
94960.7
95061.8
95163.5
95265
95366.3
95465.3
95561.6
95655.2
95744.4
95829.1
95909.4
95983.8
96052.4
96114.2
96170.1
96220.1
96263.7
96301
96331.9
96357.1
96375.4
96388.1
96394.9
96397.3
96396.8
96393.3
96386.5
96375.6
96360.8
96341.1
96316.9
96287.2
96251.8
96207.5
96157.2
96097.4
96028.6
95950.3
95863.3
95765.4
95656.8
95533
95395.7
95247.4
95085.8
94913.7
94728.6
94533.1
94326.4
94106.8
93873.6
93627.6
93367.9
93094
92804.2
92499.2
92176
91839.1
91488.4
91124.3
90751.5
90371.2
89984.8
89606.4
89221.9
88844.6
88492.3
88163.6
87880.7
87622.2
87365.2
87120.8
86894.5
86670.7
86449.2
86241
86011.9
85766.2
85516.8
85271.7
85033.9
84792
84554.4
84346.3
84163.4
84012.5
83864.9
83794.8
83805.1
83760
83683.4
83609.9
83555.2
83523.8
83549.6
83620.4
83720.8
83872.2
84058
84267.2
84525.9
84846.2
85182.2
85507.8
85801.2
86098.3
86338.2
86394.7
86291.3
86132.2
85941.7
85736
85411.9
85003.2
84666.9
84512.5
84482.5
84538.3
84670
84808.7
97454.6
97279.6
97167.6
97034.3
96882.8
96739
96601
96464.8
96330.7
96200.5
96075
95953.6
95836.5
95724.5
95616.3
95510.6
95407.7
95307.4
95209.1
95113.6
95021.8
94932.9
94846.6
94763.6
94684
94607.4
94534.1
94464.9
94399.7
94338.4
94280.9
94226.4
94175.1
94127.3
94083.9
94044.9
94010.8
93981.9
93957.9
93938.8
93924.9
93916.6
93914.3
93917.7
93927.8
93944.5
93967.9
93998
94034.9
94078.6
94128.2
94184.8
94246.7
94314.8
94388.3
94466.5
94549.7
94636.6
94726.9
94820.1
94914.9
95011.1
95107.9
95203.8
95298.7
95391.5
95481.4
95568.2
95650.3
95727.5
95800.3
95867.2
95928.2
95982.3
96030.2
96071.9
96107.1
96136.3
96159.2
96175.9
96186.9
96192.1
96192.3
96189.4
96184.4
96175.3
96162.2
96144.9
96124.7
96099.1
96068.8
96032.7
95991
95940.3
95884.2
95817.6
95742.3
95657
95563.2
95456.9
95338.9
95204.4
95058.9
94901.8
94732.4
94552.4
94360.5
94157.7
93945.1
93719
93479.9
93228.8
92965.3
92687.8
92395.9
92090.2
91764.9
91427.3
91078.1
90715.4
90342
89963.1
89580.2
89202.2
88823.5
88451.2
88098.5
87767.6
87476.3
87207.3
86948.3
86695.7
86460.5
86233.9
86002.6
85786.3
85563.8
85325.7
85079
84836.9
84601.8
84369.9
84149.5
83925.9
83770.5
83627.2
83512.8
83422.1
83422.7
83377.3
83286.8
83210.5
83123
83088.8
83107.5
83158.8
83244.1
83371.3
83529.3
83707.1
83929.4
84204.7
84488.7
84759.6
85030.2
85311.9
85503.2
85527.1
85412.6
85244.6
85036.4
84820.4
84486.3
84018.3
83691.3
83541.6
83519.8
83552
83601.1
83670.9
97754.7
97508.8
97336.2
97175.5
97011.6
96860.6
96717
96575.3
96437.8
96305.4
96175.8
96050
95929.9
95816.1
95706.1
95597.2
95490
95386
95285
95186.8
95092.4
95001.3
94912.5
94826.6
94744
94664.3
94588
94515.9
94447.8
94383.3
94322.2
94264.7
94210.4
94159.8
94113.5
94071.9
94035
94003
93976.1
93954.4
93938.3
93927.9
93923.3
93924.5
93932.2
93946.6
93967.5
93995.3
94029.6
94070.9
94117.9
94172
94231.3
94296.4
94367.1
94442
94521.7
94605.1
94691.3
94780.2
94870.5
94961.3
95052.6
95142.8
95231.3
95317.5
95400.7
95480.3
95555.2
95624.8
95689.2
95747.9
95800.5
95846.8
95886.6
95919.8
95946.6
95967.3
95981.8
95990.5
95993.9
95992
95986.9
95979.6
95968.9
95953.5
95934.4
95911.7
95886
95854.9
95819.1
95777.5
95729.5
95673.1
95610.5
95537.5
95455.4
95363.8
95263.3
95148.7
95020.1
94876.3
94722.8
94557.2
94380.1
94191.8
93993.1
93783.1
93564.3
93331.7
93086.8
92830.9
92563.5
92282.5
91989.1
91682.9
91356.1
91018.2
90671.2
90311.1
89938.3
89560.7
89182.2
88805.3
88431.5
88069.5
87719.5
87388.4
87085.7
86807.2
86546.8
86286
86043.7
85816.9
85578.8
85355
85136.1
84903.7
84663.4
84427.8
84196.1
83976.9
83775
83546.1
83411.7
83282.8
83182.5
83096
83083.6
83035.2
82928.2
82839.8
82744.9
82706.5
82718
82752.7
82816.3
82915.1
83040.6
83183.9
83374.4
83606.7
83842.4
84067.1
84313.3
84565.4
84705
84698.7
84572.6
84391.9
84178.6
83915.5
83597.7
83118.8
82851.4
82711.2
82609.1
82580.9
82575.7
82598
97915.3
97676.4
97462.7
97288.6
97123.1
96966
96816
96671.3
96531.9
96396.4
96264.5
96137.3
96015.3
95897.9
95784.2
95672.8
95563.6
95457.3
95354
95253.4
95156.2
95062.5
94971.3
94882.7
94797.5
94715.4
94636.7
94562.2
94491.8
94424.8
94360.9
94300.7
94243.9
94190.8
94142
94097.9
94058.6
94024.1
93994.5
93970.2
93951.8
93939.5
93933
93932.5
93938.3
93950.6
93969.4
93995.1
94027.1
94066.3
94111
94162.7
94219.8
94282.2
94350.2
94422.2
94498.6
94578.7
94661.1
94745.9
94831.8
94917.9
95004.1
95089.1
95171.7
95251.8
95328.4
95400.9
95468.7
95530.9
95587.4
95638.1
95682.8
95721
95753
95778.4
95797.4
95810.2
95816.9
95818.2
95814.6
95806.8
95796.6
95783.5
95766.6
95745.5
95721.2
95693.6
95662.5
95626.6
95585.6
95538.9
95485.2
95424.3
95355.5
95276.4
95188.3
95090.6
94981.7
94858.7
94719.8
94568.4
94407.4
94233.3
94048.3
93851.8
93645.5
93428.3
93201.5
92962.3
92711.9
92451.8
92180
91896.2
91600.7
91294.5
90969.7
90625.9
90282.3
89923.8
89552.6
89177.4
88803.5
88427.2
88056.3
87705.7
87357
87028.8
86722.8
86439.6
86173
85902.8
85653.5
85425.8
85180
84952.2
84734.5
84504.1
84271.5
84045.7
83818.7
83613.9
83424
83205.7
83083.4
82974.8
82873.7
82798.1
82779.3
82720.8
82605.9
82501.1
82410.8
82361.4
82362
82380.4
82418.5
82488.3
82578.4
82683.4
82841.6
83033.5
83221.9
83403.4
83617.5
83827.2
83903.7
83866.8
83720.3
83523.2
83296.6
82985.5
82591.1
82132.2
81928.3
81797.5
81659.8
81584.7
81562.6
81598.9
97972
97771.2
97565.1
97382.3
97214.1
97055.6
96904
96756.9
96615.2
96478.2
96344.6
96215.4
96091.4
95971.7
95855.7
95742.3
95631.1
95522.7
95417.6
95315.2
95215.7
95119.3
95025.9
94935.1
94847.7
94763.8
94683.1
94606.1
94533.1
94463.5
94397.1
94334.3
94275.3
94220.3
94169.3
94123
94081.6
94045
94013.2
93987
93966.5
93951.9
93943.6
93941.2
93945.4
93955.9
93972.9
93996.7
94026.8
94063.9
94106.7
94156
94211.1
94271.1
94336.6
94406
94479.4
94556.2
94635.2
94716.1
94797.9
94879.7
94961.1
95040.9
95117.8
95191.8
95261.9
95327.7
95388.5
95443.7
95492.9
95536.2
95573.4
95604
95628
95645.9
95657.2
95662.5
95662.2
95656.6
95646.6
95633.5
95617.7
95598
95575.2
95549.4
95520.5
95488.2
95451.9
95410.9
95365.5
95313.9
95255.1
95189.6
95115.3
95030.7
94936.7
94833.2
94715.8
94584.1
94436.3
94277.8
94109.2
93926.9
93733.4
93529
93314.5
93090.2
92854.7
92607.8
92352.6
92088.7
91814.9
91525.7
91227.8
90921.3
90596.2
90261.2
89914.1
89559.1
89182.3
88811.4
88440.9
88065.9
87698.4
87356.7
87003
86683
86379.2
86088.8
85810
85533.6
85286
85055.3
84802.2
84575.4
84362.2
84131.6
83907.1
83692.5
83469.5
83278.6
83097.2
82900.7
82784.8
82693.7
82588.6
82523.6
82502.3
82433.6
82317.8
82200.3
82115.8
82054.6
82036.7
82036.1
82050.7
82090.6
82142.9
82212.2
82333.6
82489.9
82635.9
82775.4
82953.2
83094.4
83096
83042.6
82872.3
82640
82382
82064
81634.5
81241.8
81010.2
80882.4
80751.6
80679.3
80710.2
80763.4
98031.2
97848
97658.3
97478.7
97309.4
97149.2
96996.6
96848.8
96705.6
96566.9
96432
96301.2
96175
96052.7
95933.8
95818
95704.5
95593.9
95486.5
95382.2
95280.8
95182
95086.2
94993.1
94903.2
94816.8
94733.7
94654
94577.8
94505.3
94436.3
94370.9
94309.3
94251.9
94198.9
94150.5
94106.8
94068.1
94034.4
94006.3
93984
93967.2
93957
93952.6
93954.9
93963.5
93978.6
94000.6
94028.7
94063.7
94104.5
94151.6
94204.4
94262
94324.8
94391.6
94461.7
94535.1
94610.5
94687.4
94764.9
94842.1
94918.2
94992.2
95062.9
95130.1
95193.3
95252.1
95305.8
95353.8
95395.6
95431.3
95460.5
95483.2
95499.2
95509
95512.3
95510
95502.5
95490
95474.1
95455
95433
95407.7
95380
95349.7
95316.1
95279
95237.8
95192.2
95142.4
95086.1
95022.9
94952.8
94873.3
94783.4
94684
94573.9
94448.5
94307.8
94152.6
93987.5
93810.8
93620.5
93419.2
93206.6
92983.5
92750.6
92506.4
92252.5
91992.6
91724.4
91446.4
91153.1
90854.5
90547.7
90221.1
89885.9
89543.9
89192.8
88827.6
88449.3
88081.1
87712.8
87372.9
87014.8
86652.4
86359
86029.8
85730.6
85447.4
85168.2
84929.5
84692.3
84440.1
84223.8
84019.1
83786.3
83568.6
83364.4
83148
82970.1
82798.3
82627.7
82517.7
82432.1
82327.6
82277.1
82257.9
82179.8
82062.5
81941.7
81854.4
81783.6
81745.7
81725.2
81720.2
81728.9
81745.2
81783.7
81868
81992.6
82103.3
82198.7
82332.3
82383
82325.1
82251
82068.2
81809
81491.2
81260.8
80854.9
80548.8
80194.9
80033.8
79916.4
79858.8
79838.3
79836.7
98094.6
97920
97743.6
97571.3
97404.9
97245
97091.8
96943.6
96799.6
96659.7
96523.8
96391.8
96263.6
96138.9
96017.3
95898.8
95783.1
95670.3
95560.6
95454
95350.3
95249.3
95151.1
95055.6
94963.1
94874
94788.2
94705.7
94626.8
94551.5
94479.9
94411.9
94347.7
94287.5
94231.8
94180.8
94134.8
94093.7
94057.9
94027.8
94003.7
93985.1
93973.1
93966.6
93967.1
93973.9
93987.1
94007.2
94033.4
94066.3
94105.1
94149.8
94200.3
94255.5
94315.4
94379.4
94446.4
94516.1
94587.7
94660.2
94732.9
94805
94875.5
94943.3
95007.6
95067.8
95124.1
95175.6
95221.7
95262
95296
95323.4
95344.2
95358.5
95366.2
95367.6
95363.1
95353.2
95338.4
95319.1
95296.5
95271.3
95243.6
95213.3
95180.8
95145.7
95107.3
95065.8
95020.4
94971.2
94917.1
94856.5
94789.5
94714.9
94630.4
94536.1
94431.4
94313.7
94180.3
94031.7
93869.8
93697.7
93512.5
93314.3
93105.9
92885.1
92653.4
92411.7
92158.4
91898
91633.9
91359.8
91076.5
90778.9
90480.6
90173
89844.4
89511.6
89173.6
88827.3
88463.5
88093.2
87727.2
87358.8
87029.9
86667.4
86305.1
86025.8
85669.7
85373.9
85094.1
84819.9
84587.3
84338.7
84094.9
83899
83689.8
83452.1
83245.3
83056.3
82855
82686.2
82527
82383.8
82284.2
82187.9
82090.3
82059.3
82045.3
81961.1
81843.4
81725.6
81627.1
81547.3
81492.1
81452.2
81427.6
81403.8
81388.3
81398.1
81450.8
81537.3
81618
81675.4
81761.6
81711.1
81595.8
81488
81297.2
81062.8
80633.8
80523.9
80096.4
79757.6
79435.6
79216
79106.2
79050.3
79003.6
78945.6
98159.5
97991.1
97823.5
97658.6
97497.4
97340.1
97187.5
97039.4
96895.4
96755.1
96618.4
96485
96355
96228.4
96104.9
95984.4
95866.7
95751.9
95639.9
95530.8
95424.4
95320.7
95219.9
95122
95027.1
94935.3
94846.7
94761.4
94679.6
94601.3
94526.7
94455.9
94389.1
94326.5
94268.3
94214.7
94166.1
94122.7
94084.8
94052.3
94026
94005.5
93991.5
93983.5
93982
93987.2
93998.7
94017
94041.5
94072.4
94109.2
94151.7
94199.7
94252.4
94309.4
94370.3
94434
94499.9
94567.4
94635.5
94703.2
94769.7
94834.2
94895.7
94953.5
95006.9
95055.8
95099.6
95137.6
95169.5
95194.9
95213.4
95225.4
95230.6
95229.6
95222.5
95209.9
95192.3
95170
95144
95114.9
95083.8
95050.3
95014.8
94977.3
94937.4
94894.8
94850
94800.9
94748.2
94690.4
94626.1
94555.9
94477
94387.7
94289.1
94179.1
94054
93913
93757.3
93589.3
93409.5
93216.1
93010.7
92794.6
92565.6
92325.3
92073.4
91812.7
91547.9
91276
90993.8
90704
90402.4
90105.5
89795.9
89466.7
89137.6
88803
88460.9
88099.1
87739.4
87376.5
87011
86693
86315.5
85980.5
85685
85301.2
85046
84762.4
84491.7
84252.1
84001.3
83777.3
83590.9
83370.9
83138.8
82955
82775.8
82590
82428
82287
82173.5
82079.3
81969.6
81880.8
81872.8
81859.4
81775.6
81662.6
81545.1
81437.9
81351.1
81277.1
81216.6
81165.4
81114.8
81072.8
81055.7
81088.9
81126.4
81180.8
81198.1
81207.6
81084
80918.3
80768.5
80575.3
80356.8
79896.3
79742.8
79363.5
78975.9
78702.3
78480.4
78370.9
78304.8
78255.8
78214.4
98219.9
98058.2
97897.8
97739.4
97583.3
97429.8
97279.7
97133.1
96989.9
96849.8
96712.8
96578.9
96448
96320.1
96195
96072.5
95952.9
95836
95721.8
95610.4
95501.6
95395.5
95292.1
95191.5
95093.8
94999.1
94907.6
94819.2
94734.4
94653.2
94575.6
94502
94432.5
94367.4
94306.8
94250.8
94199.9
94154.3
94114.1
94079.7
94051.3
94029.1
94013.1
94003.4
94000.3
94003.8
94013.8
94030.4
94053.4
94082.5
94117.5
94158
94203.6
94253.8
94308
94365.7
94426
94487.9
94551.2
94614.6
94677.3
94738.1
94796.1
94850.9
94901.7
94947.9
94989.2
95024.7
95054.1
95076.9
95093
95102.3
95105
95101
95090.9
95075.1
95054
95028.3
94998.8
94966.1
94930.8
94893.5
94854.3
94813.6
94771.2
94727.1
94681.2
94632.4
94580.1
94524.4
94463.6
94396.6
94323.1
94239.8
94147
94044.8
93929
93796.5
93648.6
93486.8
93312.1
93124.3
92923.7
92711.8
92487.1
92249.8
91999.5
91736.8
91468.8
91194.8
90913
90623.7
90325.6
90023.5
89728.3
89414.3
89090.4
88762.9
88431.9
88092.3
87731.2
87392
87022
86667.2
86357.1
85970.9
85650.8
85331.5
84953.1
84732.6
84423.3
84154.5
83923.1
83677.3
83469.1
83282.2
83067.4
82859.4
82716.3
82523.1
82349.1
82203
82117.5
82000.3
81906.6
81789.9
81712.9
81716
81702
81626.2
81517.8
81398.8
81288.4
81190
81094.7
81010.1
80927
80853.5
80797.4
80753.4
80758.3
80768.4
80773.6
80751.8
80702.4
80552.6
80338.9
80119.4
79920.7
79682.7
79355.5
79030
78673.4
78305.7
78040.9
77835.9
77713.9
77638.1
77597.5
77604.1
98270.3
98115.8
97962.1
97809.9
97659.4
97510.5
97363.9
97219.8
97078.3
96939.4
96803.1
96669.3
96538.1
96409.4
96283.3
96159.7
96038.6
95920
95804
95690.4
95579.5
95471
95365.1
95261.9
95161.6
95064.3
94970
94878.9
94791.2
94707.2
94626.8
94550.4
94478.2
94410.4
94347.2
94288.8
94235.6
94187.8
94145.7
94109.4
94079.2
94055.3
94037.7
94026.7
94022.1
94024.3
94032.9
94048.1
94069.6
94097.1
94130.4
94169.1
94212.6
94260.4
94312
94366.5
94423.3
94481.3
94540.1
94598.7
94655.9
94710.8
94762.5
94810.3
94853.8
94892.1
94924.9
94951.6
94971.7
94985.1
94991.8
94991.5
94984.5
94971.1
94951.8
94927.2
94897.7
94863.8
94826.9
94787.4
94745.7
94702.4
94657.8
94611.9
94565.1
94517.2
94467.7
94415.4
94360.5
94302.4
94239
94169.7
94093.2
94006.9
93911.3
93804.9
93683.1
93544.2
93390.5
93222.7
93040.6
92845.3
92638.3
92419.2
92184.6
91937
91674.5
91400.4
91121.8
90836.3
90544.6
90248.3
89945.9
89645.1
89350.5
89030.9
88714.6
88386.5
88064.7
87720.8
87373.4
87040
86664.1
86332.5
86011.2
85641.1
85321.7
84994.9
84688.4
84400.8
84082.2
83815.6
83598.1
83346.5
83142.2
82976.4
82777
82608.8
82468.6
82294.5
82133.7
82015.3
81948.2
81851.6
81771.8
81661.3
81598.7
81601.2
81585.4
81512
81406.5
81287.2
81174.8
81060.7
80942.8
80833.4
80718.7
80619.2
80551.7
80489.5
80445.1
80413.1
80394.7
80340.7
80238.3
80097
79864.3
79543.9
79319.2
79091.8
78852.4
78422.4
78033.6
77711.4
77437.4
77231.5
77119.1
77046.1
77014.3
77034.6
98304.6
98157.7
98011.3
97865.5
97720.8
97577.2
97435
97294.5
97155.9
97019.2
96884.5
96751.7
96621
96492.5
96366.1
96241.9
96119.8
96000
95882.4
95767.1
95654.2
95543.8
95435.8
95330.3
95227.5
95127.6
95030.7
94937.1
94846.8
94760
94677
94598
94523.2
94452.9
94387.4
94326.9
94271.8
94222.2
94178.3
94140.4
94108.7
94083.4
94064.6
94052.5
94047
94048.1
94055.8
94069.9
94090.2
94116.5
94148.4
94185.5
94227.1
94272.7
94321.8
94373.3
94426.6
94480.8
94535
94588.4
94640.1
94688.9
94734
94774.9
94810.7
94840.8
94864.8
94882.2
94892.8
94896.5
94893.2
94883.2
94866.5
94843.6
94814.9
94781.2
94743.2
94701.7
94657.3
94610.7
94562.5
94513.3
94463.5
94413.1
94362
94310.4
94257.6
94203
94146.2
94085.5
94019.9
93948.8
93869.8
93781.9
93683.9
93572.7
93445.1
93301.2
93142.1
92968.2
92779.5
92577.6
92362.5
92133.5
91889.8
91629.4
91352.9
91065.2
90770.6
90476.3
90174.9
89876.5
89573.5
89271.4
88973
88643.2
88345.2
88011.9
87699.6
87347
87017.5
86671.9
86321.6
85996.4
85663.5
85321.1
85002.9
84698.3
84400.6
84080.4
83788
83532.1
83287.7
83052.7
82847.9
82674.6
82485.5
82360.2
82235.8
82092.4
81945
81867.8
81806.1
81735.6
81671.8
81594.2
81536.1
81542
81509.5
81433.1
81328.5
81208.1
81088.2
80957.2
80820.6
80689.1
80553.2
80425.7
80335.2
80258.8
80176.7
80076.3
80035.3
79899.1
79801
79640.3
79425.3
79107.8
78790.8
78566.7
78319.3
77900.5
77521.4
77179
76885.8
76699.8
76588.9
76528.1
76505.2
76533.3
98317
98177.9
98038.9
97900
97761.7
97623.9
97486.9
97350.9
97216.1
97082.6
96950.5
96819.9
96690.7
96563.2
96437.3
96313.2
96190.9
96070.5
95951.9
95835.5
95721.1
95609
95499.3
95391.9
95287.2
95185.1
95085.9
94989.9
94897.2
94808.1
94722.8
94641.6
94564.8
94492.5
94425.2
94362.9
94306.2
94255.1
94210
94171
94138.4
94112.3
94092.8
94080
94074
94074.6
94081.9
94095.5
94115.1
94140.6
94171.5
94207.3
94247.4
94291.1
94337.7
94386.5
94436.5
94486.8
94536.7
94585
94630.9
94673.6
94712.1
94745.6
94773.6
94795.3
94810.3
94818.5
94819.6
94813.5
94800.3
94780.3
94753.8
94721.4
94683.4
94640.9
94594.5
94545
94493.1
94439.5
94385
94330
94275.2
94220.5
94165.7
94111
94055.5
93998.9
93940.3
93877.8
93811.2
93738.9
93658.5
93569.3
93468.6
93352.5
93219.9
93071.3
92907.1
92726.4
92530.8
92320.6
92096.2
91856.9
91602
91329.8
91041.6
90738.9
90435.1
90127.4
89812.1
89523
89206.7
88899.7
88591.8
88272.2
87965.7
87644.3
87322.4
86984.1
86648.3
86311.3
85982.3
85653.5
85323.6
84999.8
84686.9
84378.9
84078.9
83797.9
83537.8
83261.5
83021.8
82792.1
82598.8
82427.9
82263.5
82156.8
82064.3
81923.9
81790.7
81752.8
81704
81648.8
81623.4
81591.9
81581.2
81533.6
81471.9
81390.6
81283.3
81155.8
81020.1
80871.9
80722.9
80575.9
80425.1
80276.9
80149.2
80043.4
79954.8
79798.6
79687.4
79516.2
79400.9
79206.1
78980.7
78714.2
78376.7
78076.8
77795.2
77433.7
77064.3
76697.9
76404.9
76216.8
76108.9
76070.1
76058
76096.7
98301.4
98170.6
98039.5
97908
97776.4
97645
97513.8
97383.1
97253
97123.6
96994.9
96867.2
96740.6
96615
96490.6
96367.4
96245.6
96125.3
96006.6
95889.6
95774.4
95661.2
95550.1
95441.2
95334.9
95231.2
95130.4
95032.7
94938.3
94847.4
94760.4
94677.5
94599.2
94525.5
94456.9
94393.6
94335.9
94284
94238.3
94198.9
94166
94139.7
94120.2
94107.5
94101.6
94102.5
94109.8
94123.6
94143.3
94168.6
94199
94234.1
94273.2
94315.4
94360.1
94406.5
94453.5
94500.3
94546
94589.5
94630
94666.6
94698.4
94724.7
94744.8
94758.2
94764.5
94763.5
94755.1
94739.4
94716.3
94686.5
94650.4
94608.4
94561.5
94510
94455.1
94397.7
94338.5
94278.3
94217.7
94157.2
94097.5
94038.6
93980.8
93923.5
93866
93808
93748
93684.6
93617
93543.5
93463
93372.6
93268.3
93147.5
93010.8
92858.3
92688.4
92501
92297.8
92079
91844.2
91593.9
91326.8
91044.6
90745.7
90441.6
90123.2
89803.7
89484.6
89171.8
88852.2
88538.2
88223.3
87908.4
87595.1
87273
86949.1
86618.4
86288.4
85961.3
85634.2
85314.5
84995.2
84678.2
84368.2
84063.7
83775.2
83501.3
83233.3
82989.2
82786.2
82600.7
82404.1
82239.5
82111.9
81979.9
81884.3
81787.9
81730.7
81675.1
81639.3
81592.1
81611.6
81611.4
81591.3
81540.5
81468.7
81382.3
81266.1
81125.9
80973.6
80812.8
80651.6
80489.1
80320.7
80153.8
79994
79861.4
79740.4
79599.7
79448.6
79277.2
79047.6
78806
78547.9
78276.6
77979.9
77665
77339.7
76993.6
76623.6
76257.4
75986.7
75791.9
75689.2
75669.1
75663.4
75694.5
98256.9
98133.9
98010.3
97886
97761.3
97636.3
97511
97385.7
97260.5
97135.6
97010.9
96886.7
96762.9
96639.8
96517.5
96396
96275.4
96155.9
96037.6
95920.7
95805.4
95691.8
95580.1
95470.4
95363.1
95258.4
95156.5
95057.6
94962.1
94870.2
94782.3
94698.5
94619.4
94545.1
94476
94412.4
94354.6
94302.8
94257.4
94218.4
94186.1
94160.6
94141.9
94130.2
94125.3
94127.1
94135.5
94150.1
94170.7
94196.7
94227.6
94262.8
94301.6
94343.2
94386.8
94431.4
94476.3
94520.3
94562.5
94602.1
94637.8
94669.1
94694.9
94714.7
94727.7
94733.6
94731.9
94722.6
94705.5
94680.9
94648.9
94610.2
94565.1
94514.3
94458.9
94399.4
94336.8
94272.2
94206
94139.4
94073.2
94007.7
93943.9
93881.6
93821.2
93761.8
93702.7
93643.5
93582.5
93517.8
93447.5
93374.2
93296.2
93204
93095.9
92971.1
92830.6
92674.7
92498.3
92303
92092.7
91866.7
91621.7
91359.1
91076.6
90785.8
90483.9
90166.2
89839.7
89511.1
89184.7
88856
88527.9
88205.9
87883.4
87563.4
87241.7
86920.3
86595.5
86272.8
85951
85629.3
85309.5
84999.4
84679.7
84369.6
84071.5
83766.4
83485.9
83218.5
82957.2
82713.7
82486.2
82267.8
82109.7
81982.8
81877.8
81793.8
81717.5
81659.6
81628.8
81620.7
81622.7
81634.5
81644.4
81635.3
81611.2
81563.4
81492.8
81402.3
81275.2
81121.1
80955.3
80787.4
80613.4
80435.2
80249.1
80064.2
79879.5
79728.2
79546.4
79443.1
79264.8
79027.4
78730.1
78436.8
78147
77857.1
77538.7
77207.3
76867.3
76548.7
76198.7
75854.2
75607.8
75424.4
75329
75305.1
75302.6
75313.4
98198.2
98081.7
97964.2
97845.9
97726.8
97607.2
97487
97366.4
97245.5
97124.5
97003.5
96882.4
96761.5
96640.8
96520.5
96400.7
96281.5
96163.1
96045.6
95929.2
95814.2
95700.7
95588.9
95479.1
95371.4
95266.3
95163.9
95064.5
94968.5
94876.2
94788
94704.1
94624.8
94550.5
94481.6
94418.3
94361
94309.9
94265.3
94227.4
94196.3
94172.2
94155.1
94144.9
94141.6
94145
94154.9
94171.1
94193
94220.2
94252.2
94288.1
94327.3
94369.1
94412.4
94456.2
94499.8
94542.1
94582
94618.7
94651
94678.3
94699.6
94714.3
94721.9
94721.9
94714
94698
94674.2
94642.5
94603.4
94557.5
94505.3
94447.6
94385.2
94319.1
94250.3
94179.7
94108.1
94036.5
93965.7
93896.2
93829.1
93764.2
93701.7
93640.7
93580.6
93521.6
93461.6
93400.6
93337.1
93263.3
93176
93078.6
92967.9
92842.4
92699.3
92534.4
92350.7
92149
91933
91701.8
91448.1
91182.4
90892.9
90589.1
90273
89946
89611.9
89273.9
88936.2
88599
88263.8
87931.4
87601
87274.5
86950.1
86627.1
86306.4
85987.4
85671
85356
85039
84729.5
84408.5
84109.1
83814.5
83505.5
83228.4
82943.6
82655.2
82412
82195.6
82013.2
81899
81808.5
81739.3
81650.1
81576.7
81549.5
81566.5
81595.4
81649.1
81625
81663.7
81658
81640.6
81603.9
81537.9
81444.3
81307.9
81141.6
80964.4
80789.6
80603.5
80413.4
80215.5
80016.7
79818.8
79651.3
79423.4
79300.1
79069.5
78790
78469.1
78131.5
77820.3
77503.7
77185.3
76828.5
76472.5
76173.1
75836.7
75535.3
75315.9
75142.1
75054.4
75014.3
75005.5
75010.6
98139.6
98028.1
97915.5
97801.8
97687.2
97571.8
97455.5
97338.6
97221.2
97103.3
96985.1
96866.6
96748
96629.3
96510.8
96392.4
96274.5
96157.1
96040.4
95924.6
95810
95696.7
95585.1
95475.4
95367.7
95262.4
95159.9
95060.5
94964.4
94872
94783.8
94700
94621
94547.1
94478.7
94416.1
94359.5
94309.4
94265.9
94229.2
94199.5
94176.9
94161.3
94152.8
94151.2
94156.4
94168.1
94185.8
94209.3
94238
94271.2
94308.2
94348.3
94390.5
94434
94477.7
94520.7
94562
94600.5
94635.2
94665.3
94689.8
94707.9
94719.1
94722.7
94718.4
94706
94685.2
94656.3
94619.5
94575.1
94524
94466.3
94403.5
94336.1
94265.1
94191.8
94116.7
94041
93965.5
93890.9
93818.6
93749
93682.4
93618.6
93557.3
93498.1
93438.1
93377.5
93315.4
93248.6
93173.6
93087.7
92989.1
92876.3
92747.5
92600.5
92431.5
92245.1
92042.2
91822.9
91585.6
91329.8
91057.8
90768.3
90452.7
90121.1
89785.4
89443.5
89097.8
88752.7
88406.6
88062.4
87723.7
87388.2
87055.9
86729
86404.5
86086
85764.1
85454.8
85138.4
84825.8
84516.5
84200.5
83900.1
83586
83289.9
83003.8
82692.5
82427.7
82247.8
82090.9
81932.7
81775.3
81678.4
81581.1
81505.9
81468
81504.3
81533.7
81578.5
81601.3
81598.7
81660.9
81675.2
81673.5
81645.4
81587.2
81492.1
81349.9
81171.8
80984.4
80799.4
80606.6
80405.3
80199.5
79988.2
79787.2
79587
79370.1
79173.1
78918.8
78617.8
78273.9
77918.3
77587.5
77257.5
76923.7
76549.8
76203.9
75901.5
75575.7
75305.9
75083.9
74929.5
74853.6
74810.7
74792.2
74791.6
98087
97979.3
97870.3
97760.2
97649.1
97536.9
97423.8
97309.8
97195
97079.6
96963.6
96847.1
96730.3
96613.2
96496.1
96379
96262
96145.5
96029.6
95914.4
95800.2
95687.2
95575.8
95466.1
95358.5
95253.3
95150.8
95051.4
94955.4
94863.2
94775.2
94691.7
94613.1
94539.7
94471.9
94410
94354.4
94305.2
94262.8
94227.3
94198.9
94177.7
94163.6
94156.6
94156.7
94163.5
94176.8
94196.2
94221.1
94251.2
94285.7
94323.8
94364.8
94407.8
94451.6
94495.5
94538.3
94579.1
94616.7
94650.2
94678.7
94701.4
94717.2
94725.9
94726.7
94719.2
94703.5
94679.2
94646.6
94606.1
94557.7
94502.7
94441.3
94374.6
94303.8
94229.1
94152.6
94074.1
93995
93916.5
93838.8
93764.6
93693.4
93625.6
93561.5
93500.4
93440.3
93380.5
93318.7
93254.6
93186.1
93109.8
93023
92923.5
92809.2
92678.7
92530.6
92361.5
92173.5
91971.9
91754
91512.5
91257.4
90973.4
90667.1
90341.1
90005.7
89662.8
89313.5
88963
88612.2
88259.7
87910.6
87567.1
87224.7
86890.5
86560.5
86234.4
85914
85593.4
85286
84959.4
84656.6
84354.5
84032.6
83736.9
83420.2
83117.6
82820.4
82530.3
82300.5
82107
81898.8
81731.8
81615.2
81507.1
81445.9
81440.5
81465
81469.9
81504.5
81537.5
81572.3
81594.5
81667.8
81701.4
81711.5
81686.8
81633.1
81534.3
81388.3
81203.7
81007.4
80810.1
80615.6
80406.5
80193.3
79971.9
79760.6
79533.8
79306
79063.7
78804.8
78496.6
78128.4
77757
77412.2
77067.7
76717
76344.9
76025.2
75705
75396.8
75143.6
74904.5
74772.7
74703.9
74661.3
74638.3
74631.6
98042.6
97937.8
97831.7
97724.3
97615.8
97506.1
97395.4
97283.6
97170.9
97057.3
96943
96828.1
96712.6
96596.8
96480.7
96364.6
96248.5
96132.7
96017.3
95902.6
95788.8
95676.1
95564.8
95455.3
95347.8
95242.7
95140.3
95041
94945.2
94853.2
94765.4
94682.2
94604
94531.1
94463.9
94402.7
94347.8
94299.6
94258.1
94223.7
94196.5
94176.5
94163.7
94158.1
94159.5
94167.8
94182.5
94203.3
94229.6
94260.9
94296.6
94335.8
94377.6
94421.2
94465.6
94509.8
94552.6
94593.1
94630.2
94663
94690.4
94711.7
94726
94732.8
94731.7
94722
94703.8
94677
94641.7
94598.3
94547.4
94489.5
94425.6
94356.2
94282.7
94205.9
94126.6
94046.1
93964.6
93883.4
93803.9
93727.8
93655.9
93587.9
93525.1
93462.8
93400.8
93339
93276.7
93211.7
93142.3
93065.2
92977.4
92876.7
92760.8
92629.5
92480.7
92314.5
92123.2
91920.6
91699.8
91458.8
91196
90902.1
90586.9
90256.4
89914.7
89567.8
89213.5
88859.1
88504.3
88147.7
87795.1
87445.9
87099.6
86765.6
86430.6
86105.3
85784.2
85463.2
85150.5
84825.9
84530.7
84224
83900.3
83610.7
83287.6
82987.2
82708.3
82431.5
82189.5
81937.4
81707.3
81555.9
81455.6
81402.9
81386.8
81377.7
81387.9
81417.7
81476.8
81532.4
81574.5
81633.1
81684
81730.8
81750.2
81726.9
81672.3
81568.8
81420.5
81232.8
81028.7
80822.7
80623.3
80411.6
80193.4
79966
79739.7
79498.4
79247.9
78984.9
78721.5
78405
78020
77631.1
77281
76918.1
76551.1
76192.7
75878
75558.1
75278.5
75027.9
74776.9
74662.2
74593.6
74547.2
74522.5
74513.9
98007.1
97904.5
97800.5
97695.1
97588.5
97480.7
97371.7
97261.6
97150.5
97038.3
96925.3
96811.6
96697.2
96582.3
96467
96351.6
96236.1
96120.8
96005.8
95891.4
95777.9
95665.5
95554.4
95445
95337.6
95232.6
95130.3
95031.2
94935.5
94843.7
94756.1
94673.2
94595.4
94522.9
94456.2
94395.6
94341.4
94293.8
94253.2
94219.7
94193.5
94174.5
94162.8
94158.4
94161
94170.4
94186.2
94208.2
94235.6
94268
94304.7
94344.7
94387.3
94431.6
94476.4
94520.8
94563.8
94604.2
94641
94673.2
94700
94720.3
94733.6
94739.1
94736.4
94725.2
94705.3
94676.7
94639.5
94594.2
94541.4
94481.7
94415.7
94344.6
94269.3
94191.2
94110.5
94028.1
93945.3
93862.3
93782
93705.1
93631.7
93566.2
93502.3
93439.2
93377
93314
93249.6
93183.6
93113.8
93035.8
92946.4
92844
92726.8
92594.3
92445
92279
92094.9
91885.6
91660.3
91413.3
91141.6
90844.6
90526.1
90193.1
89849.2
89498.6
89139.2
88781
88422.4
88062.9
87707.5
87353.9
87006.7
86669.8
86332.5
86008.4
85683.5
85364.6
85051.1
84732.2
84434.4
84105.8
83800.2
83513.5
83185.6
82890.3
82616.4
82337.1
82091.5
81823.9
81613.3
81488.3
81383.5
81323
81285.9
81285.4
81323.5
81383.1
81464.3
81530.7
81576.9
81644.5
81707.2
81760.6
81785.8
81769.5
81704.5
81597.4
81446.8
81257.2
81047.8
80835.4
80629.9
80417.8
80196
79965.4
79728.6
79481.5
79217.2
78957
78662.9
78336.4
77940.1
77539.4
77184.1
76813.9
76421.6
76080.2
75761.6
75451.1
75196.1
74942
74702.2
74585.8
74513.7
74460.1
74432.7
74424.2
97980
97879
97776.5
97672.6
97567.4
97460.9
97353.2
97244.3
97134.3
97023.2
96911.1
96798.3
96684.7
96570.5
96455.9
96340.9
96225.9
96110.9
95996.3
95882.1
95768.8
95656.5
95545.5
95436.2
95329
95224
95121.8
95022.8
94927.3
94835.6
94748.3
94665.6
94588
94515.9
94449.5
94389.4
94335.7
94288.8
94248.9
94216.1
94190.6
94172.4
94161.6
94158.1
94161.6
94171.9
94188.7
94211.6
94239.9
94273.2
94310.6
94351.3
94394.5
94439.3
94484.5
94529.2
94572.3
94612.6
94649.3
94681.2
94707.4
94727.1
94739.6
94744.2
94740.5
94728.3
94707.2
94677.2
94638.8
94592.1
94538
94477.1
94410
94337.6
94261.1
94182
94100.4
94016.7
93932.9
93849.9
93769.7
93694.1
93623.1
93553.6
93488.4
93424.7
93361.6
93298.4
93234
93167.7
93096.5
93016.7
92925.9
92822
92703.8
92570.9
92421.2
92253.9
92066.3
91857.5
91626.6
91375
91101.3
90803.8
90485.5
90152.3
89807.6
89449.4
89085.5
88724.4
88362.6
88000.6
87642.6
87286
86937.5
86597.1
86259.9
85934
85603.9
85288.9
84976.7
84659.6
84358.2
84029
83730.5
83438.1
83112.1
82819.8
82531.4
82253.7
81993.9
81750.9
81573.6
81432.1
81331.1
81271.2
81236.6
81239.9
81287.2
81359.2
81451.3
81528.3
81582.2
81650.7
81731
81788.6
81813.8
81795.5
81729.1
81620.4
81467.7
81277.4
81065.1
80846.8
80635.9
80422.1
80198
79966.3
79723.7
79474.1
79204.8
78928.6
78621.5
78302.3
77885.7
77472.4
77115.8
76740.9
76329.2
75999.2
75679.9
75384.3
75135.1
74878
74651.6
74532.7
74454.3
74395.4
74365.8
74358.3
97960
97860
97758.6
97655.8
97551.6
97446.1
97339.2
97231.2
97122
97011.6
96900.3
96788.1
96675.1
96561.4
96447.3
96332.7
96218
96103.3
95988.9
95874.9
95761.7
95649.5
95538.6
95429.4
95322.2
95217.3
95115.2
95016.2
94920.8
94829.2
94742
94659.5
94582.2
94510.3
94444.3
94384.5
94331.2
94284.8
94245.3
94213.1
94188.2
94170.7
94160.5
94157.7
94161.9
94172.9
94190.4
94214
94243
94276.8
94314.8
94356.1
94399.8
94444.9
94490.4
94535.3
94578.5
94618.9
94655.4
94687.1
94713
94732.2
94744.1
94748.1
94743.7
94730.8
94708.9
94678.2
94638.8
94591.3
94536.4
94474.7
94406.7
94333.9
94256.2
94175
94092.3
94008.8
93925.5
93843.7
93764
93687.8
93615.6
93546.1
93479.8
93415.7
93352.6
93289.4
93224.9
93157.9
93085.2
93004
92912.3
92807.1
92688.3
92554.7
92403.8
92234.4
92045.2
91835.5
91605.3
91350.9
91074
90776.7
90458
90123.9
89777.8
89417
89050.6
88685
88319.8
87955.5
87594.7
87235.8
86886.2
86543.4
86206.8
85877.6
85545.9
85233.1
84919.4
84602.7
84299.5
83984.5
83682.8
83377.9
83059.8
82766.8
82470.9
82192.6
81934.8
81703.7
81532.1
81392.9
81294.5
81235.1
81201
81210.7
81265.5
81342.2
81439
81527.4
81592.3
81667.8
81754.6
81813.7
81833.8
81815.1
81747.4
81637.1
81483.1
81292.5
81078.5
80856.3
80641.3
80424.7
80198.9
79966.9
79720.5
79467.5
79195.6
78906.9
78594.2
78263.3
77848.1
77427.3
77065.6
76665.4
76264.7
75941.5
75626.1
75341.2
75090.4
74835.4
74616.8
74495.9
74410.8
74347.5
74318
74312.5
97945.8
97846.6
97745.9
97643.9
97540.4
97435.5
97329.3
97221.8
97113.1
97003.3
96892.5
96780.7
96668.1
96554.8
96441
96326.7
96212.3
96097.7
95983.4
95869.6
95756.4
95644.3
95533.5
95424.3
95317.2
95212.4
95110.3
95011.4
94916
94824.5
94737.4
94655.1
94577.9
94506.2
94440.4
94380.9
94327.9
94281.7
94242.7
94210.8
94186.4
94169.3
94159.7
94157.3
94162
94173.6
94191.6
94215.6
94245.1
94279.4
94317.8
94359.5
94403.5
94448.8
94494.6
94539.6
94582.9
94623.3
94659.7
94691.3
94716.9
94735.8
94747.3
94750.9
94746.1
94732.7
94710.3
94679.1
94639.2
94591.3
94535.9
94473.5
94404.6
94330.4
94252.2
94170.9
94088.2
94004.8
93921.3
93839.4
93760
93683.8
93610.3
93540.9
93474.4
93410
93346.8
93283.6
93219.2
93151.3
93077.3
92995.3
92902.9
92797.3
92677.9
92543.4
92391.5
92220.8
92030.6
91820.1
91589.3
91336
91057.1
90756.6
90438.4
90103.1
89754.3
89393.5
89027.2
88657.9
88289.5
87923.1
87560
87199.8
86849.4
86505.2
86168.5
85836.8
85506
85192.8
84877.1
84562.2
84257
83945.2
83645.5
83334.1
83021.9
82725.5
82430.1
82152.2
81896.8
81673.9
81502.2
81365
81266.7
81202.3
81175.9
81192
81250.9
81331.3
81429.7
81526.9
81602.5
81689.4
81775.1
81832.7
81848.4
81828.8
81760.3
81648.8
81494
81303.2
81088.5
80864.2
80646.1
80427.9
80199.4
79968.6
79719.5
79464.3
79190
78893.4
78577.1
78233.5
77818.5
77399.2
77029.5
76616.5
76222.8
75901.4
75592.7
75312.6
75059.7
74808.5
74593.6
74470.4
74380.2
74313.3
74283.1
74280
97936.2
97837.5
97737.4
97635.8
97532.8
97428.3
97322.5
97215.5
97107.1
96997.7
96887.2
96775.8
96663.4
96550.4
96436.7
96322.7
96208.3
96094
95979.8
95866
95752.9
95640.8
95530
95420.9
95313.7
95209
95107
95008.1
94912.8
94821.4
94734.4
94652.1
94575
94503.4
94437.8
94378.4
94325.6
94279.7
94240.9
94209.3
94185.2
94168.4
94159.1
94157.1
94162.1
94174
94192.4
94216.7
94246.5
94281.1
94319.8
94361.7
94405.9
94451.4
94497.3
94542.4
94585.7
94626.1
94662.6
94694.1
94719.4
94738.1
94749.4
94752.8
94747.8
94734.2
94711.5
94679.9
94639.6
94591.3
94535.6
94472.8
94403.6
94329
94250.3
94168.6
94085.4
94001.8
93918.6
93836.7
93757.2
93680.8
93607.9
93537.9
93471.2
93406.5
93343.1
93279.8
93215.2
93146.6
93071.7
92989.1
92896.3
92790.5
92670.8
92535.8
92383.3
92212
92021.2
91809.8
91577.3
91322.4
91043.8
90743.1
90424
90088.7
89739.1
89378.1
89011.2
88639.9
88269
87900.9
87536.1
87175.6
86824.1
86478.8
86141.3
85808.9
85480.2
85164.9
84848.4
84535.8
84228.5
83918.3
83616.4
83305.2
82996
82696.3
82402.6
82125.9
81872.4
81653.8
81481.8
81345.1
81240.4
81182.4
81159.3
81178.5
81240.9
81324.4
81424.4
81525.9
81610.3
81703
81789.5
81845.2
81859.7
81837.9
81768.9
81656.4
81501.3
81310.5
81095.6
80871.6
80649.3
80428.3
80201.6
79971.6
79719.7
79462.9
79186
78885.5
78565.5
78213.4
77798.3
77380.3
77005.7
76589.7
76202.1
75877.2
75571
75292.6
75041
74790
74578.7
74453
74359.4
74291.1
74260.6
74258.3
97930.2
97831.9
97732
97630.7
97528
97423.8
97318.3
97211.5
97103.4
96994.2
96883.9
96772.6
96660.5
96547.6
96434.1
96320.1
96205.9
96091.6
95977.4
95863.7
95750.7
95638.6
95527.9
95418.8
95311.6
95206.9
95104.9
95006.1
94910.8
94819.5
94732.5
94650.3
94573.3
94501.8
94436.2
94377
94324.3
94278.5
94239.9
94208.5
94184.5
94167.9
94158.8
94157
94162.2
94174.3
94192.9
94217.4
94247.4
94282.2
94321
94363.1
94407.4
94453
94499
94544.2
94587.5
94627.9
94664.3
94695.9
94720.9
94739.6
94750.8
94754
94748.9
94735.1
94712.4
94680.6
94640.2
94591.6
94535.5
94472.4
94402.8
94327.8
94249
94167.3
94084.1
94000.3
93917
93835.1
93755.6
93679.2
93606.1
93536.1
93469.2
93404.4
93340.8
93277.4
93212.5
93143.3
93068
92985
92892.1
92786.3
92666.3
92530.9
92378.1
92206.5
92015.3
91803.1
91569.5
91313.6
91034.7
90734
90414.4
90078.5
89728.9
89367.6
89000
88628.1
88256.2
87887
87521
87160.4
86808
86461.8
86123.8
85791
85463.6
85147.1
84830.6
84519.4
84210.8
83901.3
83597.3
83287.1
82979.3
82678.2
82384.2
82109.2
81856.3
81639.2
81467.8
81331
81227.4
81170.3
81148.8
81170
81234.1
81320
81421.8
81524.6
81614.1
81709.4
81797.5
81852.3
81867
81843.1
81773.8
81660.9
81505.8
81315.2
81100.3
80876.5
80653.2
80429.5
80202.6
79971.1
79720.8
79463.1
79182.9
78880.4
78558.9
78200.4
77785.6
77369
76990.3
76573
76192.9
75863
75557
75279.9
75030.8
74779
74568.8
74441
74346.4
74277.8
74246.6
74244.7
97926.9
97828.8
97729.1
97627.9
97525.3
97421.3
97316
97209.3
97101.4
96992.3
96882.1
96770.9
96658.9
96546.1
96432.6
96318.7
96204.6
96090.3
95976.2
95862.5
95749.5
95637.5
95526.8
95417.7
95310.6
95205.9
95103.9
95005.1
94909.8
94818.5
94731.6
94649.4
94572.4
94501
94435.5
94376.3
94323.7
94278
94239.4
94208.1
94184.2
94167.7
94158.7
94157
94162.3
94174.5
94193.2
94217.9
94248
94282.8
94321.7
94363.9
94408.3
94454
94499.9
94545.1
94588.5
94628.9
94665.3
94696.8
94722
94740.6
94751.7
94754.9
94749.7
94735.8
94712.9
94681
94640.5
94591.7
94535.5
94472.2
94402.5
94327.6
94248.5
94166.8
94083.4
93999.6
93916.2
93834.3
93754.8
93678.4
93605.2
93535.2
93468.2
93403.2
93339.5
93276
93210.8
93141.4
93065.9
92982.7
92889.6
92783.7
92663.6
92528.1
92375.1
92203.4
92011.9
91799.3
91565.1
91308.5
91029.3
90728.4
90408.5
90072.3
89722.1
89360.6
88992.5
88620.7
88248.4
87878.8
87512.4
87151.7
86798.9
86452.2
86113.8
85781.1
85454
85137.1
84820.5
84508.1
84201
83891.5
83586.6
83277
82969.3
82667.8
82373.3
82099.4
81847
81631
81459.4
81322.3
81219.7
81163.1
81142.5
81165.2
81230.4
81317.1
81419.7
81523
81615
81712.7
81801.4
81855.6
81870.1
81845.7
81776.4
81663.4
81508.1
81317.5
81102.8
80879.2
80655.4
80430.8
80203.5
79970.8
79721.1
79461.8
79181.1
78877.7
78554.1
78192.1
77778.5
77362.5
76980.8
76563.3
76187.4
75854
75548.9
75273.2
75025.1
74772.2
74561.8
74432.9
74338.8
74270.7
74239.1
74237.2
97925.7
97827.6
97728
97626.9
97524.4
97420.4
97315.1
97208.5
97100.6
96991.6
96881.5
96770.4
96658.4
96545.6
96432.2
96318.3
96204.2
96089.9
95975.9
95862.2
95749.2
95637.2
95526.5
95417.4
95310.3
95205.6
95103.6
95004.8
94909.5
94818.2
94731.3
94649.1
94572.2
94500.8
94435.3
94376.1
94323.5
94277.9
94239.3
94208
94184.1
94167.7
94158.7
94157
94162.5
94174.7
94193.4
94218.1
94248.2
94283.2
94322.1
94364.3
94408.7
94454.4
94500.4
94545.6
94589
94629.4
94665.8
94697.2
94722.5
94741.1
94752.2
94755.3
94750.1
94736.1
94713.1
94681.3
94640.7
94591.9
94535.5
94472.1
94402.4
94327.4
94248.4
94166.5
94083.1
93999.2
93916
93834.1
93754.5
93678
93604.9
93534.9
93467.8
93402.7
93339
93275.3
93210.1
93140.5
93064.9
92981.7
92888.4
92782.5
92662.4
92526.8
92373.8
92202
92010.3
91797.5
91562.9
91306.1
91026.7
90725.7
90405.7
90069.4
89719
89357.4
88989.1
88617.2
88244.8
87875
87508.6
87147.7
86794.8
86448
86109.3
85776.8
85449.8
85132.7
84816.3
84503.9
84196.8
83886.8
83582.7
83272.7
82964.8
82663.5
82369.3
82095.2
81843.5
81627.6
81455.7
81318.4
81216.3
81159.9
81139.6
81163.1
81228.9
81316.3
81418.7
81521.1
81615.4
81714.8
81802.9
81856.4
81871.3
81846.7
81777.7
81664.6
81509.2
81318.6
81103.7
80880.3
80656.6
80431.7
80204.1
79970.8
79721.2
79461.4
79180.4
78876.3
78551.6
78189
77776.1
77359.4
76976.2
76560.7
76184
75850
75544.3
75270.8
75022.5
74768.8
74558.2
74429.1
74335.6
74268.1
74236.3
74234.3
122718
121237
119878
118640
117506
116443
115443
114478
113507
112494
111481
110494
109513
108553
107649
106772
105855
105046
104167
103312
102605
101971
101227
100172
98638.7
122603
121128
119775
118543
117414
116355
115362
114397
113423
112410
111400
110419
109441
108486
107585
106715
105813
105004
104131
103276
102577
101950
101203
100143
98608.6
122417
120951
119606
118379
117257
116205
115219
114250
113270
112260
111257
110283
109313
108367
107471
106617
105739
104937
104077
103235
102548
101931
101186
100131
98594
122147
120701
119369
118151
117039
115995
115013
114036
113048
112046
111052
110086
109130
108203
107315
106489
105634
104845
104003
103177
102509
101902
101162
100108
98574.8
121783
120366
119057
117857
116753
115716
114735
113752
112761
111765
110782
109828
108890
107989
107119
106328
105497
104732
103909
103105
102460
101867
101134
100083
98554.7
121319
119937
118662
117490
116391
115357
114379
113397
112409
111420
110450
109512
108601
107734
106895
106130
105333
104597
103793
103020
102402
101825
101101
100054
98533.6
120740
119405
118175
117036
115945
114917
113943
112968
111988
111013
110056
109142
108271
107450
106649
105903
105147
104431
103653
102923
102336
101776
101063
100024
98511.1
120046
118765
117578
116476
115411
114399
113431
112469
111497
110542
109601
108717
107896
107130
106376
105657
104937
104237
103496
102816
102265
101721
101021
99990.5
98488.5
119234
118004
116865
115805
114792
113807
112850
111902
110940
110003
109088
108243
107481
106777
106071
105384
104706
104028
103334
102694
102188
101661
100975
99954.8
98465.9
118300
117126
116035
115030
114070
113127
112189
111261
110321
109398
108520
107727
107033
106397
105742
105089
104463
103811
103163
102558
102102
101596
100924
99917
98443.2
117233
116130
115100
114151
113236
112342
111448
110548
109637
108729
107900
107176
106555
105987
105391
104781
104203
103583
102976
102413
102006
101526
100869
99877.2
98419.3
116014
115011
114064
113173
112302
111465
110636
109770
108882
108006
107242
106595
106048
105545
105017
104461
103914
103335
102774
102261
101902
101451
100810
99835.7
98394
114657
113774
112927
112106
111292
110514
109749
108923
108065
107240
106552
105986
105513
105079
104625
104123
103604
103070
102562
102106
101789
101372
100749
99792.4
98367.6
113194
112431
111688
110952
110212
109491
108785
108012
107202
106446
105841
105357
104947
104591
104215
103765
103292
102804
102344
101949
101669
101288
100684
99747.6
98340
111646
110993
110352
109715
109059
108397
107749
107047
106307
105634
105130
104722
104364
104083
103788
103396
102981
102540
102125
101789
101544
101199
100618
99701.4
98311.2
110035
109483
108938
108398
107825
107231
106657
106041
105389
104816
104421
104082
103782
103561
103349
103021
102659
102267
101906
101625
101415
101107
100549
99654
98281.4
108378
107918
107465
107011
106522
106003
105520
105001
104451
103994
103695
103432
103200
103034
102895
102638
102327
101984
101683
101458
101282
101012
100478
99605.4
98250.8
106682
106311
105947
105575
105171
104730
104341
103932
103499
103160
102943
102768
102607
102502
102431
102246
101992
101701
101457
101288
101146
100913
100406
99555.8
98219.4
104935
104653
104379
104095
103774
103409
103110
102827
102518
102294
102154
102072
101986
101947
101946
101832
101636
101406
101213
101102
100998
100804
100325
99499.6
98182.2
103138
102940
102761
102573
102343
102060
101840
101689
101509
101392
101338
101343
101340
101368
101431
101397
101258
101096
100956
100902
100836
100685
100237
99439.5
98143
101317
101191
101107
101023
100903
100719
100568
100535
100489
100470
100513
100601
100689
100786
100909
100955
100879
100784
100699
100697
100671
100562
100147
99378.6
98103.4
99509.8
99441.5
99437.5
99454.7
99454.2
99389
99314.8
99360.7
99448.9
99539.6
99671.8
99849.8
100028
100201
100389
100506
100498
100466
100444
100487
100505
100435
100055
99317.5
98063.4
97760.1
97744.1
97790.3
97890.7
97994.7
98061.1
98091.4
98178.3
98386.9
98600
98831.1
99097.2
99363.1
99611
99865.2
100051
100116
100142
100187
100272
100337
100304
99962.4
99256
98023.4
96088.5
96126.4
96208.7
96352.2
96535.3
96723.9
96884.1
97018.3
97320.1
97659.6
97996.9
98345.1
98698.8
99017
99336.3
99591.5
99729.2
99815.9
99924.7
100057
100169
100169
99867.4
99193.8
97983.2
94478.7
94580.9
94699.7
94867.3
95094.6
95380.1
95669.2
95894.4
96269.3
96727.8
97170
97597
98029.9
98420.8
98806.1
99130
99337.8
99488.8
99657.7
99843.8
100001
100031
99770
99130.5
97942.6
92917
93083.4
93255.9
93444.6
93696.9
94036.9
94436.9
94787.4
95235.8
95805
96349.8
96856.9
97359.7
97822.4
98271.2
98664.2
98944.2
99162.9
99391
99634.8
99834.4
99890.8
99670.5
99065.9
97900.9
91409.5
91621.3
91856
92079.7
92349.5
92715.2
93188.1
93668.2
94204.8
94877.6
95530.3
96119.7
96692.4
97222.1
97732.4
98194.6
98548.6
98838.7
99127.4
99427
99669.1
99750.5
99568.6
98999.4
97856.8
89987
90217.4
90499.6
90775.4
91069.4
91449.7
91965.2
92551
93188.5
93957.2
94718.9
95393.2
96036.6
96631.5
97203.4
97731
98159.2
98522.6
98873.1
99223
99508.2
99614.7
99468.3
98933
97811.1
88651.8
88885.5
89189.1
89519.8
89854.1
90252.3
90799.5
91465.8
92206.7
93064
93920.5
94678.5
95391.9
96052.3
96683.5
97274.4
97776.3
98213.9
98627
99023.8
99349
99484.3
99370
98866.1
97762.2
87383.4
87617.7
87925.1
88293.3
88678.7
89107.5
89689.6
90422.7
91261.2
92198.6
93131.7
93964.9
94745.8
95471.2
96160.1
96816
97391.4
97904.4
98380.7
98826.2
99186.1
99354.4
99270.2
98796.7
97707.6
86172.3
86409
86713.1
87095.3
87526.7
88006.6
88635.1
89421.5
90345.1
91358
92356.2
93255.5
94100.1
94887.3
95634.3
96354.6
97004.7
97594.8
98134.3
98631
99021.8
99224.8
99169.5
98724.1
97646.9
85006
85248.1
85551.5
85934.6
86397.3
86945.8
87626
88449.9
89443.3
90531.1
91591.1
92551.5
93456.9
94303.9
95107.4
95890.1
96616.5
97285.4
97889.4
98437.8
98858.5
99096.2
99067.8
98648.4
97580.9
83860.8
84118.9
84438.3
84822
85305.6
85931.5
86657.4
87504.5
88556.9
89712.5
90832.2
91852.1
92816
93722.4
94579.5
95424.4
96228.1
96976.8
97647.4
98245.6
98698.3
98968.7
98965.3
98570.3
97510.9
82767.1
83036.7
83376.7
83765.3
84268.8
84970.6
85716.4
86590.2
87692.4
88901
90075
91155
92177.4
93142.2
94051.2
94958.3
95839.6
96669.6
97408.8
98054.9
98543.5
98843.2
98862.5
98490.3
97439.2
81737.7
81980
82323.8
82715.5
83234.9
83973.5
84739.5
85662.8
86809.2
88055.5
89280.8
90425.7
91511.7
92536.9
93501.5
94473.2
95436.4
96353.3
97166
97862.1
98391.7
98717.3
98757.8
98407.9
97368.3
80842.6
80999.6
81324.8
81712.8
82238.6
82962.3
83744.1
84743.6
85922.6
87190
88461.9
89672.4
90823.3
91909.1
92933.2
93971.3
95020.9
96028.8
96920.7
97672
98244.6
98592.4
98651.6
98323.7
97296.5
79950.3
80209.6
80499.9
80875.8
81389.3
82029.9
82814.6
83895.1
85081.9
86359
87671.8
88938.1
90145.6
91287.6
92369.5
93473.4
94608.9
95707.5
96680.9
97490.8
98104.4
98472.2
98547.2
98240.7
97227.6
79113.5
79437.6
79687.5
80169.5
80728.1
81231.9
82059.2
83127.3
84289.5
85569.1
86917.9
88229.9
89483.1
90676
91812.8
92981.9
94201.5
95390.7
96447
97316.7
97969.4
98356.6
98444
98160.3
97162.5
78386.7
78644.2
78910.2
79481.7
80066.2
80683.2
81500.4
82420
83546.3
84824
86198.9
87547.8
88838.7
90077.2
91266.6
92499
93800.9
95079.2
96218.4
97148.2
97839.6
98245
98342.9
98083.2
97102
77734.9
77949.4
78355.7
78798.4
79336.5
80038.2
80823.1
81737.8
82854.1
84129.9
85516.9
86891.1
88214.7
89494.4
90733.8
92027.4
93409.5
94774.5
95996.1
96985.8
97716.5
98138.2
98243.7
98012.2
97046.6
77150.7
77417.9
77790
78113
78574.1
79249.1
80080.4
81083.4
82211.8
83485.3
84874.9
86263.4
87615.3
88931.3
90216.8
91569.7
93029.1
94478.7
95781.3
96832.6
97602.2
98037.3
98146.6
97949
96995.7
76643.1
76880.8
77133.6
77494.9
77973
78610.9
79477.8
80481.9
81599.3
82874.5
84269.3
85668.3
87044.7
88391.9
89719.3
91129
92662.2
94193.7
95575.6
96689.2
97499
97944
98051.2
97896.5
96948.4
76210.9
76380.8
76603.2
76980.5
77479.7
78136.2
78956.4
79922.2
81014.9
82292.3
83696.6
85108.5
86506.2
87879.7
89244.7
90708.7
92311.5
93921
95377.6
96559.3
97407
97863.6
97958.3
97855.8
96903.9
75793.2
75943.1
76179.1
76511.1
77002.1
77655.1
78466.7
79397.3
80468.9
81747.7
83161.5
84588.1
86002.7
87397.3
88796.3
90311.9
91979.8
93662.9
95190.5
96439.3
97324.6
97797.6
97870.6
97826.3
96861.7
75381.1
75526.2
75746.1
76065.7
76540.5
77182.6
77970
78883.6
79948.5
81223.4
82637.8
84074.3
85502.5
86914.8
88346
89913.6
91645.8
93402.5
95002.2
96319.8
97243
97736
97785
97806.7
96818.3
75060.8
75175.2
75367.8
75691.4
76162.2
76782.4
77538.1
78434
79498.5
80766.4
82172.7
83612.2
85047.8
86473.6
87933.1
89548.6
91336.6
93161.8
94829.4
96210.5
97170.4
97684.2
97721.6
97788
96780.4
74836.4
74931.2
75107.1
75420.3
75876.3
76476.9
77204.6
78088.1
79151.4
80410.7
81809.2
83248.1
84686.5
86122.6
87603.7
89262.2
91088.4
92968.3
94691.3
96123
97116.8
97646.4
97683.5
97771.5
96752
74671.9
74760.9
74926.8
75218.3
75660.3
76237.7
76945.7
77825
78883.9
80132.4
81524.8
82962.8
84402.3
85846.7
87343.1
89034.5
90890.6
92813.4
94580.8
96052.7
97078.1
97619.6
97663.3
97757.6
96731.5
74550.3
74640.2
74802
75086.1
75498.2
76042
76746.1
77624.6
78677.1
79915.8
81304.2
82741.4
84181.6
85632.6
87138.8
88857.7
90733.7
92689.7
94492.5
95996.2
97049.1
97600.4
97655.6
97744.6
96717.3
74457.7
74550.1
74710.7
74982.8
75376.1
75903.1
76596
77469.6
78517.7
79749.8
81135.4
82571.8
84012.8
85468.4
86982.5
88718.2
90609.9
92591.1
94422.1
95950.6
97026.7
97585.3
97658
97730.2
96708.1
74389.2
74477.1
74637.5
74900.5
75284.9
75801.3
76485.9
77354.6
78398.1
79625.7
81008.2
82443.6
83886.4
85345.1
86866.1
88606.8
90512.7
92512.6
94365.9
95914
97008
97572.8
97659.6
97720.6
96702.8
74343.2
74424.8
74580.2
74839.7
75218.6
75727.3
76406.1
77270.7
78310.5
79534.4
80913.7
82348.4
83793.3
85254.8
86780
88520.7
90438.4
92451.2
94321.2
95884.9
96991.8
97562.8
97659.2
97714.5
96700.5
74312.2
74390.7
74542.2
74797.4
75171.6
75674.1
76349
77210.2
78246.8
79468.1
80843.9
82278.6
83725.7
85189.7
86717.7
88457.4
90383.1
92404
94286.1
95861.8
96977.8
97555.4
97656.9
97711
96700.7
74291.8
74368.4
74517.1
74768.3
75139
75636.2
76309.2
77166.2
78200.6
79419.8
80793
82228
83677
85143.1
86673.2
88411.7
90343.5
92368.2
94258.6
95843.8
96966.3
97549.6
97653.4
97709.5
96702.6
74278.4
74353.8
74500.5
74748.6
75116.9
75611.3
76279.8
77134
78167.1
79384.8
80756.3
82191.8
83642.2
85109.9
86641.6
88379.1
90313.8
92341.6
94237.7
95830
96957.2
97544
97650.5
97709.4
96705.7
74270.1
74343.9
74489
74735.3
75101.4
75593.7
76259.2
77111
78142.7
79359.2
80729.9
82166
83617.5
85086.3
86618.9
88356.3
90291.9
92321.9
94222.5
95819.5
96949.9
97539.2
97648.4
97710.2
96709.3
74266.6
74338.4
74480.7
74723.7
75085.3
75574.6
76236.2
77085.8
78116.2
79331.8
80702.7
82139.7
83592.3
85061.7
86594.6
88332
90268.8
92301.7
94206.9
95809.6
96944.1
97536.4
97647.6
97712.4
96716
)
;

boundaryField
{
    inlet
    {
        type            zeroGradient;
    }
    outlet
    {
        type            waveTransmissive;
        phi             phi;
        rho             rho;
        psi             psi;
        gamma           1.3;
        fieldInf        100000;
        lInf            0.3;
        value           nonuniform List<scalar> 
57
(
98021.3
97977.5
97957
97937.7
97917.9
97897.8
97874.9
97850.1
97825.1
97798.1
97770.4
97741.5
97711.7
97680.9
97649.3
97617
97584.2
97550.9
97513.5
97472.1
97429.9
97386.9
97342.6
97296.7
97249.2
97199.4
97147.1
97094
97040.1
96983.1
96922.2
96857.6
96789.3
96718.2
96644.7
96568.6
96492.8
96417.5
96343.9
96272.5
96204.6
96140.7
96081.3
96026.9
95975
95926.9
95893.9
95871
95855.3
95844.1
95836.3
95833.1
95835.4
95841.9
95849.9
95859
95873.5
)
;
    }
    upperWall
    {
        type            zeroGradient;
    }
    lowerWall
    {
        type            zeroGradient;
    }
    frontAndBack
    {
        type            empty;
    }
}


// ************************************************************************* //
