/*--------------------------------*- C++ -*----------------------------------*\
| =========                 |                                                 |
| \\      /  F ield         | OpenFOAM: The Open Source CFD Toolbox           |
|  \\    /   O peration     | Version:  dev                                   |
|   \\  /    A nd           | Web:      http://www.openfoam.org               |
|    \\/     M anipulation  |                                                 |
\*---------------------------------------------------------------------------*/
FoamFile
{
    version     2.0;
    format      ascii;
    class       volScalarField;
    object      p_0;
    location    "9.156";
}
// * * * * * * * * * * * * * * * * * * * * * * * * * * * * * * * * * * * * * //

dimensions      [1 -1 -2 0 0 0 0];

internalField   nonuniform List<scalar> 
12225
(
99519.5
99481.6
99425.3
99353.3
99253.7
99140.5
99000.4
98849.5
98672.2
98495.5
98293.7
98093.3
97864.1
97633.2
97362.3
97075.5
96832.2
96236.3
99514.6
99479.4
99423.9
99352.5
99252.6
99139.9
98999.6
98849.3
98671.6
98495.9
98293.7
98093.9
97865.4
97634.5
97370.6
97097
96824.5
96333.8
99507.6
99475.4
99420.9
99349.5
99250.2
99138.2
98997.7
98849
98670.3
98496.1
98294.2
98095.3
97869.1
97638.6
97381
97117.9
96830.6
96383.8
99499.1
99469
99415.6
99344.3
99245.9
99134.7
98994
98848.2
98668.1
98496.9
98294.8
98097.8
97874.4
97646.2
97396.6
97143.1
96860.5
96491.8
99488.8
99460
99407.4
99336.5
99239.3
99128.7
98989
98845.1
98667.8
98494.4
98295.4
98099.6
97881.1
97656.6
97416
97169.6
96906.7
96625.8
99473.9
99447.4
99395.2
99325.2
99229.3
99119.5
98981.6
98838.9
98665.3
98493.4
98294.5
98102.6
97890
97672.3
97442.1
97211.1
96961.4
96706.6
99457.8
99429.6
99378.4
99309.5
99215.5
99106.4
98971.6
98828.9
98660.5
98488.8
98296.8
98105.6
97901.5
97689.4
97472.1
97254.2
97025.7
96794.8
99434.2
99409.1
99359.5
99291.9
99199.9
99091.5
98960.2
98817.3
98654.6
98481.2
98301.5
98109.3
97913.5
97706.7
97499.8
97288.1
97077.9
96865.8
99408.7
99386.9
99339.3
99273
99183.1
99075.6
98947.5
98805.2
98647.9
98474.7
98303.8
98112.3
97924.3
97722.9
97525.4
97321
97123.9
96926.8
99374.2
99357.3
99312.6
99247.9
99160.7
99054.6
98930.4
98789.8
98638.3
98467.4
98304.1
98114.5
97935.5
97740.9
97553.6
97359
97175
96992.4
99336.6
99318.7
99277.5
99214.8
99130.8
99027.1
98907.1
98769.8
98624.1
98457.6
98301.1
98116.9
97946.4
97761.2
97583.7
97402.1
97230.1
97063.1
99281.3
99268.2
99231.4
99171.2
99091.1
98990.4
98875.2
98742.6
98603.1
98443.6
98293.2
98118.6
97955.7
97783
97616
97448.9
97289.7
97137.7
99209.7
99202.2
99170.2
99113.8
99037.7
98941.7
98831.7
98706
98572.4
98424.2
98277.9
98117.9
97963
97804.6
97649.7
97497.9
97352.8
97215.7
99120.4
99117.4
99090.1
99038.3
98967
98876.8
98773.1
98655.6
98529.5
98392.7
98256.2
98110.7
97966.8
97823.2
97682.8
97546.8
97417.3
97295.7
99008.8
99010
98986.1
98939.3
98873.7
98790.9
98695
98587.2
98471.3
98348.2
98222.2
98091.6
97962.6
97835.2
97711.2
97592.1
97479.3
97374.1
98878
98875.3
98853.2
98811.3
98752.3
98677.9
98591.4
98495
98391.5
98282.7
98171.1
98057.3
97945
97835.3
97729.4
97628.5
97533.8
97446.1
98699.9
98702
98683.7
98647.8
98596.5
98531.9
98456.5
98373
98283.7
98190.7
98095.8
98000.7
97907.2
97816.6
97730.3
97649.2
97573.9
97505.2
98511.8
98507.3
98490.6
98460
98416.3
98361.3
98297.4
98226.9
98152.2
98075
97997.2
97920.3
97845.9
97774
97707.4
97645.6
97589.7
97539.9
98309.9
98316.9
98305.3
98279.9
98242.8
98195.9
98141.5
98082.1
98019.5
97955.7
97892.3
97830.5
97771.7
97716.8
97666.7
97621
97581.6
97548.3
98160.5
98159.4
98148.5
98126.3
98093.8
98052.9
98005.8
97954.7
97901.6
97848.1
97795.7
97745.7
97699
97656.7
97619.3
97587.3
97560.9
97540.5
98008.9
98024.5
98018.9
97999.9
97970.9
97934.3
97892.6
97847.7
97801.7
97755.9
97711.9
97670.8
97633.5
97600.8
97573.3
97551.3
97534.9
97524.4
97899
97919.3
97916.4
97899.5
97872.7
97839.1
97801.1
97760.8
97720
97680
97642.3
97607.8
97577.6
97552.2
97532.2
97517.8
97509.2
97506.3
97819.2
97838.8
97837.2
97821.5
97796.3
97764.8
97729.5
97692.5
97655.4
97619.7
97586.5
97557
97532
97512.1
97497.7
97489.1
97486.2
97489.1
97757.2
97778.4
97777.2
97762.4
97738.3
97708.4
97675
97640.3
97605.9
97573.1
97543.2
97517.3
97496.1
97480.2
97470
97465.6
97467
97474.1
97716.4
97734.7
97733.3
97718.8
97695.5
97666.6
97634.6
97601.5
97568.9
97538.2
97510.7
97487.4
97468.9
97455.9
97448.6
97447.2
97451.7
97461.9
97687.1
97703.8
97701.8
97687.5
97664.8
97636.6
97605.5
97573.4
97542.1
97513
97487.1
97465.6
97449
97438
97432.8
97433.5
97440.1
97452.5
97673.3
97683.2
97680.2
97665.9
97643.6
97616
97585.5
97554.1
97523.6
97495.5
97470.7
97450.4
97435.1
97425.4
97421.6
97423.8
97431.9
97445.5
97663.9
97670
97666.1
97651.7
97629.8
97602.6
97572.5
97541.6
97511.6
97484.1
97460
97440.4
97426
97417.1
97414.2
97417.4
97426.5
97441.2
97657.2
97661.6
97656.2
97643
97621.6
97594.8
97565
97534.4
97504.7
97477.5
97453.8
97434.6
97420.6
97412.3
97409.9
97413.6
97423.3
97438.8
97657.1
97658.7
97652.6
97639.3
97617.9
97591.2
97561.6
97531.1
97501.5
97474.5
97451
97432
97418.2
97410
97407.9
97411.8
97421.9
97437.8
90088.5
90091.3
90097.3
90106.3
90118.7
90134.2
90153.1
90175.4
90201.1
90230.2
90262.9
90299
90338.7
90382
90428.7
90479
90532.8
90590
90650.7
90714.7
90782.1
90852.9
90927.2
91004.7
91085.9
91170.7
91259.4
91351.8
91448.5
91551.9
91657.6
91767.5
91881.9
92000.8
92124.5
92252.9
92386.1
92524.5
92668.1
92816.9
92971
93130.3
93294.9
93464.9
93640.2
93820.6
94005.9
94196.2
94391.2
94590.7
94794.5
95002.7
95215
95431
95650.6
95873.2
96098.5
96326
96555.3
96785.5
97016.1
97246.1
97474.7
97700.9
97924
98142.8
98356
98562.4
98760.4
98948.5
99125.2
99289.2
99439.4
99574.3
99692.3
99792.1
99873
99934.5
99975.4
99994.8
99992.8
99969.5
99925.3
99859.8
99774
99669.9
99548.2
99410
99257.6
99093
98917.8
98734.7
98547
98353.1
98151.7
97945.4
97737.2
97529.5
97323.2
97117
96912
96710.4
96511.5
96308
96103
95896.1
95684.1
95476.1
95268.3
95062.9
94860.9
94662.8
94468.1
94277.6
94092.5
93911.2
93734
93566.4
93406.3
93260.4
93127.9
92963.3
92878.2
92728.7
92596.5
92465.6
92340.7
92210.8
92073.3
91919.1
91754.9
91583.7
91409
91232.7
91053.9
90866.6
90667.9
90463.8
90265.8
90085.5
89928.1
89794.7
89686.8
89602.6
89541.2
89498.5
89471.9
89457.6
89450
89447.5
89447.6
89448.9
89443.4
89428.1
89403.9
89386.2
89371.9
89321.3
89218
89097.3
88981.2
88878.8
88796.7
88718.2
88582.8
88415.5
88190.3
87951.9
87849.5
87763.3
87774
87949.2
88308
88818.7
89478.8
90332
91402.4
92580.3
93447.2
94553.7
90116.1
90118.9
90124.8
90133.8
90145.9
90161.3
90180
90202
90227.5
90256.4
90288.7
90324.6
90364.1
90407
90453.5
90503.5
90557.1
90613.9
90674.1
90737.6
90804.5
90874.9
90948.7
91025.7
91106.5
91191
91279.4
91371.9
91468.3
91569.3
91674.5
91784
91897.9
92016.3
92139.5
92267.4
92400.3
92538.1
92681.1
92829.3
92982.7
93141.4
93305.2
93474.5
93649.2
93828.9
94013.7
94203.7
94397.9
94596.6
94799.7
95007.2
95218.7
95434
95652.7
95874.5
96098.9
96325.5
96553.8
96783.2
97012.7
97241.6
97469.1
97694.3
97916.4
98134.2
98346.5
98551.9
98748.7
98935.5
99111.1
99273.9
99422.7
99556.5
99674
99773.5
99854.1
99915.3
99956
99975.5
99973.7
99951
99907.3
99842.1
99756.5
99652.5
99530.6
99391.9
99239.4
99075.2
98899.8
98715.6
98527.3
98334.7
98134.2
97927.8
97719.9
97512.2
97304.6
97100.2
96898
96696.6
96498.9
96289.3
96084.6
95879.9
95672.5
95464.7
95258
95053.2
94852.1
94655.2
94461.5
94272.6
94090.4
93912.2
93738.6
93574.9
93415.1
93272.1
93145.4
92989.5
92893.3
92752.8
92627.2
92501.5
92380.3
92254.8
92123.4
91972.8
91813
91645.8
91475.9
91304.7
91132.6
90951.4
90756.8
90555.7
90360.9
90183.3
90030
89900.5
89797.1
89717.7
89661.1
89622.7
89600.3
89590.2
89585.5
89585.4
89588.1
89592.6
89588.2
89574.1
89553.6
89541.5
89536.4
89492
89383.6
89257.4
89139.8
89038.9
88964.4
88898.2
88757.7
88593.5
88346.2
88081
87993.9
87898.8
87885.6
88051.1
88406.1
88909.2
89560.1
90406.1
91468.4
92627.5
93491.3
94601.2
90171.5
90174.3
90180
90188.8
90200.7
90215.7
90234
90255.6
90280.6
90309
90340.8
90376.2
90415.1
90457.7
90503.9
90553.4
90606.2
90662.1
90721.3
90784
90850.1
90919.4
90991.9
91068.1
91148
91231.6
91319.1
91410.5
91506
91605.7
91709.6
91817.7
91930.3
92047.4
92169.2
92295.7
92427.2
92563.9
92705.7
92852.8
93005
93162.4
93324.8
93492.8
93666.1
93844.5
94027.4
94218.2
94410.5
94607.6
94809.2
95015.1
95225
95438.7
95655.9
95876
96098.6
96323.4
96549.9
96777.4
97004.8
97231.5
97456.9
97680.1
97900.3
98116.3
98326.4
98529.4
98724
98908.5
99081.7
99242.3
99389.1
99521.1
99637
99735.5
99815.2
99875.7
99916.1
99935.5
99934
99911.8
99868.8
99804.3
99719.1
99615.2
99494.3
99356.6
99203.8
99039
98863.1
98677.8
98488.4
98296.1
98097
97890.7
97682.5
97477.7
97274
97070.2
96867.1
96663.7
96462.6
96257.9
96054.2
95851.1
95645.8
95439.6
95235.1
95033.2
94835
94640.8
94450
94264.7
94086.5
93913.7
93748.5
93591.2
93434.2
93295.8
93176.1
93031.8
92931.2
92803.9
92689.5
92573.5
92458.7
92341.2
92223.2
92080.2
91929.4
91769.9
91608.9
91447.8
91289.1
91120
90934.6
90739.6
90551.9
90381.5
90236.3
90116
90022.6
89953.4
89909
89880.5
89867.9
89869
89871.8
89877.1
89884.8
89895.6
89892.1
89879
89858.8
89859.8
89865.3
89838.1
89729.6
89592.7
89473.9
89379.7
89322.9
89279.3
89138.4
88990.5
88682.3
88358.3
88269.5
88192.4
88135.7
88276.8
88618.7
89105.9
89735.7
90565.1
91596.1
92695.5
93615.1
94688.1
90253.7
90256.3
90261.9
90270.4
90282
90296.6
90314.5
90335.5
90359.9
90387.6
90418.9
90453.8
90492.2
90534.1
90579.4
90627.8
90679.3
90734.2
90792.3
90853.6
90918.1
90985.8
91057
91131.6
91209.9
91291.8
91377.5
91467.1
91560.6
91658.2
91760
91866.2
91976.8
92092.1
92212
92336.9
92466.7
92601.6
92741.6
92886.8
93037.3
93193
93353.8
93520
93691.4
93868.1
94049.4
94237.2
94427.9
94623
94822.6
95026.3
95233.9
95445.2
95659.9
95877.6
96097.8
96319.8
96543.5
96768
96992.5
97216.2
97438.6
97658.8
97875.9
98088.8
98295.7
98495.4
98686.5
98867.7
99037.8
99195.7
99340.2
99470
99583.9
99680.5
99758.4
99817.4
99856.9
99875.8
99874.3
99852.4
99810.2
99746.8
99662.6
99559.5
99439
99301.5
99149.6
98986.4
98811.9
98627
98436.8
98241.9
98040.1
97834.3
97629.6
97427.3
97225.7
97021.4
96817.9
96615.7
96414.8
96214
96012.1
95809.1
95605.2
95402
95201.1
95003.2
94808.9
94619
94433.6
94254.1
94081.8
93917
93762.2
93614.3
93468.3
93333.7
93219.9
93096.2
92986.8
92877
92781.9
92679.3
92573.5
92466.9
92368.5
92239.9
92104.3
91956.3
91808.3
91661.4
91520.5
91371.3
91200.6
91014.7
90835.2
90676.5
90545.4
90440.3
90362.6
90308.3
90281.4
90271
90270.8
90291.3
90310.6
90326.1
90340.2
90356.8
90358.1
90347
90329.4
90340.1
90348.5
90338.2
90251.9
90107.1
89988.8
89904.7
89859.3
89818.7
89700.8
89592.3
89198.5
88798
88641.9
88607.5
88521.2
88630.5
88949.8
89413.4
90013.7
90810
91793.5
92838.7
93784.5
94808.1
90361.8
90364.1
90369.8
90377.9
90389.1
90403.3
90420.5
90441
90464.7
90491.8
90522.3
90556.1
90593.3
90633.7
90677.4
90724.7
90775.4
90829
90885.5
90944.7
91007.1
91072.8
91141.8
91214.4
91290.5
91370.1
91453.4
91540.5
91631.5
91726.6
91825.9
91929.9
92038.5
92152.1
92269.4
92391.7
92519.1
92651.6
92789.3
92932.2
93080.4
93233.7
93392.2
93555.7
93724.6
93898.9
94077.8
94262
94450.2
94642.6
94839.3
95040.2
95244.9
95453.1
95664.6
95879
96095.7
96314.4
96534.5
96755.4
96976.3
97196.3
97414.9
97631
97843.8
98052.2
98254.9
98450.4
98637.3
98814.4
98980.9
99135.5
99277
99403.9
99515.1
99609.3
99685.2
99742.1
99780.4
99798.8
99796.5
99774.5
99732.9
99670.9
99588.1
99485.9
99366.1
99230.1
99080.1
98918.2
98745.5
98563.2
98373.1
98175.9
97972
97766.3
97563.4
97363.4
97165.3
96960.9
96759.4
96557.7
96357.5
96158.2
95956.9
95755.2
95554.8
95355.4
95158.5
94965.1
94774.7
94589.9
94411.6
94239.9
94075.5
93921.4
93778.1
93643.1
93516.4
93389.6
93282.5
93176.4
93070.5
92975.7
92902.8
92818
92726
92632.4
92553.9
92448.9
92333.6
92204.9
92076.7
91948.9
91822.7
91693.7
91543.9
91378.3
91211.6
91067
90954.1
90868.5
90815.8
90782.6
90772.7
90789.9
90803.7
90843.1
90891.5
90924.4
90950.3
90972
90984.3
90979.9
90967.6
90982.6
90988.7
90986
90941.6
90805.2
90692.7
90611.6
90550.2
90476.5
90387.8
90325.9
89862.1
89391.6
89145.1
89136.2
89028.5
89111.5
89402.2
89833.7
90398.2
91155.9
92090.7
93066.3
93992
94972.3
90495.1
90496.9
90502.1
90510
90520.7
90534.4
90551.2
90570.8
90593.8
90619.8
90649
90681.1
90716.3
90754.8
90797.1
90843.2
90892.5
90944
90998
91055.2
91115.2
91178.5
91245.1
91315.1
91388.6
91465.5
91546
91630.2
91718.3
91810.5
91907
92007.9
92113.6
92224.3
92338.9
92458.7
92583.5
92713.4
92848.4
92988.6
93133.8
93284.2
93439.7
93600.3
93766.1
93937
94112.4
94293.3
94477.6
94666.4
94859.4
95056.5
95257.5
95461.8
95669.3
95879.7
96092.3
96306.8
96522.6
96739.2
96955.7
97171.4
97385.4
97596.8
97804.6
98007.8
98205.3
98395.8
98577.9
98750.2
98912.2
99062.5
99200.1
99323.7
99431.9
99523.3
99596.8
99651.7
99688
99705.8
99703.5
99681.2
99639.5
99577.8
99496.2
99395.6
99277.6
99143.7
98995.5
98834.8
98664.4
98485.2
98295.6
98097.7
97895.4
97692.7
97491.5
97292.4
97094.8
96892.9
96691.1
96489.1
96289.3
96091.7
95892.8
95693.4
95496.2
95300.7
95108.6
94920.6
94735.9
94557.6
94386.8
94223.2
94068.6
93926.4
93795.6
93676.6
93569.3
93456.1
93366.2
93275.3
93191.4
93113.2
93053.5
92991.3
92919.5
92844.6
92778.8
92704.4
92613
92515.8
92416.8
92314.9
92198.4
92084
91952.1
91814.8
91676
91551
91460.3
91393.7
91366.8
91366.8
91375.9
91426.4
91469.5
91517.6
91601.3
91662.4
91707.8
91743.8
91766.6
91771.9
91766.1
91776.1
91787.7
91793.2
91786.7
91678.4
91570.1
91469
91360.6
91241.1
91155.1
91110.9
90629.5
90122.9
89831.4
89790.5
89653.3
89718.8
89979.1
90373.1
90889.9
91605.3
92466.4
93370.3
94264.9
95194.5
90652.1
90653.8
90658.5
90665.8
90675.9
90688.7
90704.3
90723.3
90744.8
90769.4
90796.9
90827.4
90861.2
90898.4
90938.8
90982.3
91028.7
91078.1
91129.8
91184
91241.2
91301.9
91365.7
91432.9
91503.3
91577.2
91654.7
91735.9
91820.9
91910
92003.3
92100.9
92203.1
92309.6
92421.4
92538.2
92659.9
92786.6
92918.4
93055.2
93197.1
93344.2
93496.5
93653.8
93815.9
93983.1
94154.7
94330.7
94510.9
94695.3
94884
95076.5
95272.8
95472.5
95675.1
95880.5
96088.2
96297.5
96508.2
96719.6
96930.9
97141.4
97350
97556
97758.1
97955.6
98147.4
98332.4
98509.2
98676.5
98833.3
98978.5
99111.3
99230.6
99335.2
99423.6
99494.7
99547.7
99582.3
99598.8
99596.5
99574.4
99532.2
99470.3
99389.2
99289.5
99173
99041.9
98897.2
98739.7
98571.6
98394.1
98206.9
98012.1
97813.3
97612.9
97411.2
97211.2
97009.7
96812.2
96613.1
96412.3
96213.6
96018.3
95822.2
95625.6
95432
95240.5
95053.6
94871.8
94694.3
94523.9
94361.9
94208.2
94064.6
93934
93816.4
93713.5
93621.9
93532.9
93463.5
93394.6
93338.2
93278.3
93232
93197
93151.3
93104.8
93045.6
92999.7
92939.3
92885.4
92810.7
92733
92630.3
92533.8
92426.4
92317.3
92218.6
92122.9
92063.2
92018.9
92008.5
92048.5
92086.7
92163.7
92257.8
92318.3
92428.4
92532.3
92603.4
92672.2
92707.7
92711.4
92708.9
92720.7
92752.5
92771
92774.5
92698.4
92578.6
92426.1
92265.4
92118
91998.4
91921.2
91477.7
90991.2
90695.9
90575.1
90401.2
90460.4
90688.3
91035.8
91483.7
92132.7
92914.5
93752.3
94590.6
95469
90833.2
90833.9
90838.2
90844.8
90853.8
90865.3
90879.7
90897
90917.2
90940.3
90966.2
90995.2
91027.9
91063.6
91101.7
91142.5
91185.8
91231.4
91279.6
91330.7
91385.1
91442.7
91503.6
91567.7
91635
91705.7
91779.7
91857.3
91938.7
92023.9
92113.4
92207.1
92305.2
92407.6
92516
92629.1
92747
92870
92998.2
93131.4
93269.6
93413.2
93561.8
93715.3
93873.8
94037
94204.2
94375.5
94550.9
94730.3
94913.7
95101
95291.9
95486.1
95683.2
95882.8
96084.6
96287.9
96492.4
96697.5
96902.7
97107
97309.5
97509.2
97705.2
97896.3
98081.8
98260.6
98431.6
98593.6
98745.1
98885.1
99012.6
99127.1
99227.3
99312
99380
99430.7
99463.9
99479.1
99476.1
99453.7
99411.5
99349.8
99269.5
99171.1
99056.1
98927.1
98785.8
98632.7
98468.3
98293.9
98110.1
97919.6
97725.1
97526.2
97323
97124.4
96924.7
96727.3
96530.3
96331.2
96133.7
95940.6
95747.5
95555.2
95366.6
95180.4
94999.2
94823.9
94653.5
94492.1
94340.4
94197.9
94066.2
93948.1
93845.2
93756.5
93681.8
93619.3
93568.3
93529.1
93497.9
93471.3
93442.1
93434
93417.4
93396.9
93355.9
93337.3
93307.2
93294.6
93234.9
93175.7
93098.5
93029.4
92966.9
92889.8
92837.2
92779.9
92755.9
92751.7
92755.6
92825.6
92905.9
92997.2
93145.5
93245.6
93364.5
93514.8
93632.1
93740.5
93802.5
93804
93801.7
93812.9
93869.6
93911.1
93904.7
93835.3
93702.1
93488.4
93290.3
93134.9
92954.8
92784.2
92426.6
91999.1
91710.1
91476.8
91293.9
91343.4
91532.5
91814.5
92180.2
92739.3
93446.9
94211.5
94966.2
95781.7
91036.1
91036.3
91039.9
91045.6
91053.5
91063.9
91077.1
91093.1
91111.9
91133.4
91157.6
91184.8
91214.9
91247.4
91282.4
91320
91359.8
91401.8
91446.5
91494.4
91545.5
91599.8
91657.3
91717.8
91781.5
91848.5
91918.8
91992.6
92070.2
92151.9
92237.6
92327.6
92421.9
92520.2
92623.4
92731.5
92844.8
92963.4
93087.4
93216.4
93350.7
93490
93634.5
93783.9
93938.1
94097
94259.9
94426.7
94597.4
94771.7
94949.4
95130.6
95315.2
95503.2
95694.1
95887.4
96082.8
96279.4
96477
96675
96872.8
97069.8
97265.2
97458
97647.1
97831.6
98010.3
98182.3
98346.7
98502.5
98648.3
98782.9
98905.1
99014.3
99109.8
99190.5
99255.2
99303.4
99334.5
99348.3
99344.2
99321.3
99279
99217.8
99138.5
99042.2
98929.8
98803.6
98665.6
98516.6
98356.4
98185.4
98005.8
97819.8
97629.3
97432.9
97229.3
97032.6
96834.1
96638.3
96444.4
96248.5
96051.8
95860.9
95671.6
95483.5
95299.6
95119.7
94945
94776.9
94614.8
94462.5
94321.1
94190.9
94073.9
93971
93883.4
93809.5
93752.3
93714.6
93683.5
93674.2
93670.1
93695.2
93685.2
93695.4
93710.9
93710.8
93706.1
93718.8
93708
93722
93686.1
93655.7
93622.3
93583.2
93579.2
93541.5
93535.5
93521.6
93529
93571.6
93604.4
93692.3
93820.7
93932.4
94114.4
94281.7
94413.6
94584.6
94769.1
94931.5
95015.9
95042
95049.7
95037.5
95111.9
95190.4
95191
95081.6
94932.8
94703.8
94486.6
94328.8
94068.8
93754
93532.6
93153.6
92837
92520.8
92335.4
92344.5
92493.4
92704
92991.5
93451.1
94058.5
94728
95403.1
96135.8
91259.5
91259.9
91262.8
91267.7
91274.6
91284
91295.9
91310.2
91327.2
91346.7
91368.7
91393.1
91419.9
91448.7
91479.9
91513.5
91549.3
91587.7
91629
91673.6
91721.4
91772.2
91826
91882.8
91942.7
92005.8
92072.3
92142.3
92215.8
92293.1
92374.4
92459.9
92550.2
92643.1
92741.2
92844.5
92953.3
93067.4
93186.6
93310.9
93440.4
93574.9
93714.4
93858.9
94008.6
94162.5
94320.7
94483.1
94649.1
94818.4
94990.7
95165.6
95343.2
95523.9
95707.6
95894
96082.7
96272.4
96462.8
96653.3
96843.2
97032.1
97219.3
97404.1
97585.6
97762.6
97934.1
98099.1
98256.6
98405.6
98545
98673.5
98790.3
98894.2
98984.8
99061.3
99122.5
99167.8
99196.6
99208.7
99203.8
99180.7
99138.5
99077.7
98999.7
98905.7
98796.4
98673.8
98539.7
98394.8
98238.6
98071.3
97896.1
97714.6
97527.5
97333.7
97134.7
96939.2
96742.2
96548.3
96359.5
96165.8
95968.7
95781.3
95595.1
95410.8
95231.9
95058.1
94890.1
94729.2
94576.3
94434.4
94304.5
94187.1
94085.4
93999.7
93931
93873.4
93834.1
93819.8
93810.7
93828.6
93852.7
93915.7
93936.3
93967.7
94015.2
94045.7
94081.4
94126.2
94137.2
94173.2
94176.1
94183.5
94206.6
94197.8
94249.5
94263.5
94303.3
94339.9
94373.5
94460.6
94535.4
94636
94808.1
94962
95159.6
95391.6
95573.3
95749.7
95972.7
96200.1
96326.6
96411.4
96417.4
96385.9
96478.4
96583.2
96617.9
96467.1
96257.9
96053.6
95831
95677.6
95345.5
94901.8
94843
94455.9
94079.3
93768.2
93561
93465.7
93563.2
93698.6
93916.9
94247.3
94737.7
95312.7
95898
96535.1
91502.7
91503.1
91505.4
91509.4
91515.3
91523.3
91533.6
91545.9
91560.5
91577.4
91596.3
91617.3
91640.5
91665.6
91693
91722.6
91754.5
91789.2
91826.9
91867.7
91911.6
91958.4
92008
92060.7
92116.5
92175.5
92237.8
92303.5
92372.6
92445.2
92521.4
92601.3
92684.7
92774.7
92869.3
92968.8
93073.1
93182.6
93296.8
93415.8
93539.9
93669.2
93803.5
93942.5
94086.4
94234.8
94387.7
94544.9
94705.8
94870
95037
95206.3
95377.3
95550.3
95725.7
95903.9
96084.7
96266.9
96449.8
96632.6
96814.6
96995.2
97174
97349.9
97522.7
97691.6
97855.2
98012.8
98163.1
98305
98437.6
98559.8
98670.7
98769.3
98855
98927
98984.5
99026.6
99052.8
99062.9
99056.7
99033.3
98991.8
98932.3
98856.5
98765.3
98659.2
98540.4
98410.9
98270.5
98118.5
97955.6
97785
97607.7
97423.8
97234
97040.2
96847.4
96653.2
96461.2
96279.6
96085.6
95886.6
95706.5
95524
95344.4
95170.2
95001.7
94840
94686.2
94542.7
94411.7
94294.5
94189.5
94102.8
94033.7
93981.3
93948.1
93932.4
93935.3
93950.7
93992.2
94043.9
94129.9
94193.1
94258.2
94332.9
94401.9
94475.4
94550.7
94599.9
94663.2
94710.8
94750.3
94820.2
94850.2
94940.7
95018.1
95101.8
95205
95275
95406.2
95535.4
95650.5
95858.8
96063.9
96285.7
96558.3
96807.1
97028.2
97252.2
97502.4
97706.3
97902
97905.9
97872
97968.9
98060.2
98095.3
97986.6
97707
97501.8
97272
97124.1
96755.1
96284.1
96325.2
95886.7
95453.2
95124.6
94987.4
94728.3
94739.3
94799.4
94944.4
95132.4
95500.1
95973.1
96458.8
96979.8
91763.7
91763.8
91765.5
91768.5
91773.1
91779.4
91787.5
91797.5
91809.2
91822.9
91838.2
91855.3
91874.4
91895.6
91919.1
91944.9
91973.1
92004.1
92038
92074.7
92114.2
92156.5
92201.7
92250.1
92301.7
92356.6
92414.7
92476.2
92541.1
92609.5
92681.5
92757.4
92837.6
92922.4
93012.2
93106.8
93205.6
93309.7
93418.5
93532.1
93650.5
93774.2
93902.8
94036.3
94174.3
94316.7
94463.4
94614.2
94769.1
94927.6
95089
95252.7
95417.8
95583.7
95750.8
95920.1
96091.9
96265.5
96439.8
96614.1
96788
96960.1
97130
97297.3
97461.2
97621.2
97776.2
97925.6
98068.3
98202.9
98328.6
98444.2
98548.9
98641.9
98722.6
98790.2
98843.9
98882.9
98906.6
98914.9
98907.7
98883.9
98842.6
98784.1
98710.6
98622.8
98520.7
98406.7
98282.6
98147.2
98000
97842
97676.4
97503.8
97323.7
97138
96948.8
96759.3
96569.1
96379.9
96196.8
96009.2
95815.7
95637.5
95458.6
95282.5
95112.1
94949.9
94795.8
94650.9
94517.6
94398.1
94295.1
94201.9
94131
94077.9
94042.9
94029.1
94036.6
94063.3
94104.9
94166.9
94241.6
94357.1
94460.6
94563
94669.7
94777.3
94888.4
94993.3
95091
95184.3
95267.4
95347.7
95450.2
95528.5
95642.9
95779.1
95899.9
96066.3
96192
96371.5
96569.1
96716.2
96960.4
97215.5
97481.4
97782.1
98083.3
98384.3
98633.7
98864.5
99126.2
99426.2
99500.1
99482.7
99540.3
99600.1
99554.3
99527.6
99264.8
99025.5
98793.1
98635.2
98283.4
97844.9
97883.7
97409.5
96928.5
96532.8
96403.9
96077.5
95981
95993.5
96059.1
96111.1
96344.6
96684.9
97077.9
97469.1
92041
92040.4
92041.2
92043
92046
92050.3
92055.9
92062.9
92071.5
92081.5
92092.9
92106.1
92121.1
92138.3
92157.6
92179.2
92203.3
92230.1
92259.6
92291.8
92326.7
92364.5
92405.3
92449.3
92496.5
92547.1
92601.1
92658.5
92719.4
92784
92852.2
92924.5
93000.9
93081.6
93167
93257
93351.3
93450.1
93553.5
93661.2
93773.8
93891.3
94014
94141.4
94273.4
94409.6
94549.8
94693.7
94841.2
94992.6
95147.3
95304.6
95463.9
95623.5
95782.9
95943.3
96105.7
96269.9
96435
96600.2
96765.1
96928.6
97089.5
97247.7
97402.5
97553.6
97700
97840.5
97974.8
98101.6
98220
98329
98427.4
98514.6
98590.2
98653.6
98703.4
98739.2
98760.6
98767.6
98759.8
98736.2
98695.8
98638.9
98567.2
98482.2
98384
98275.2
98157.2
98027.9
97886.5
97734
97573.4
97405.6
97229.8
97048.5
96863.3
96677.5
96491.1
96305.2
96122.3
95939.4
95753.4
95574.5
95399.5
95227.6
95060.8
94905.4
94759.6
94623.7
94500.2
94393.1
94301.9
94226.5
94170.9
94136
94118.4
94121.8
94149.3
94198.7
94268.1
94353.2
94454.8
94590
94727.4
94866.4
95009.5
95154.3
95302.7
95440.9
95584.9
95714.6
95834.5
95966.2
96102.8
96231.2
96374.4
96553.8
96707.9
96919.7
97105.8
97331.6
97593.6
97800
98083.9
98396.6
98716.3
99055.2
99393.4
99768.6
100084
100310
100597
100906
101091
101127
101140
101178
101043
101037
100842
100586
100372
100172
99884.5
99468.5
99449.7
98990
98462.2
98036.2
97778
97536.8
97304.5
97273.3
97228.6
97164.3
97242.6
97445.7
97741.4
98005.5
92332.7
92331.4
92331.1
92331.3
92332.2
92334
92336.8
92340.5
92345.4
92351.5
92358.8
92367.8
92378.6
92391.4
92406.4
92423.7
92443.5
92465.8
92490.6
92517.9
92548
92581
92617.1
92656.4
92699.1
92745.4
92795.3
92848.8
92906.1
92967
93031.8
93100.8
93173.9
93251.2
93332.8
93418.7
93508.6
93602.7
93701
93803.4
93910.1
94021.3
94137.4
94258.3
94383.7
94513.5
94647.3
94784.3
94924.4
95068.4
95215.5
95364.9
95516.9
95670
95822.1
95974
96127.3
96282.1
96437.3
96592.6
96748
96902.4
97054.1
97203.2
97348.9
97490.5
97627.9
97760
97885.7
98004.2
98114.9
98217
98309.2
98390.7
98461
98520.1
98566.6
98599.3
98618.4
98624
98615.5
98592
98552.9
98498.5
98429.9
98348.5
98254.3
98150.4
98038.2
97915.4
97780.3
97634
97478.7
97315.8
97144.5
96967.2
96786.5
96604.7
96422.8
96241.2
96061.1
95881.6
95701.9
95520.1
95354.1
95188.3
95026.5
94877.2
94740.1
94613.4
94500
94402.3
94321.7
94260.2
94219.2
94201.7
94204.6
94227.5
94272.9
94341.8
94436.9
94547.7
94677.3
94824.1
94991.8
95168.8
95346.1
95525.6
95710.7
95885.6
96075.3
96239.4
96408.7
96594.3
96761.8
96934.6
97115.4
97334.2
97526.4
97777
98022.5
98290.9
98603
98879.7
99206.7
99586.1
99962.1
100353
100729
101159
101539
101797
102101
102375
102629
102738
102738
102742
102614
102560
102419
102181
101989
101735
101494
101101
100951
100612
100055
99590.2
99231.7
99147.3
98756.5
98634.9
98454.2
98259.3
98179.2
98247.8
98440.1
98591
92638.4
92636.1
92634.4
92632.7
92631.2
92629.8
92629.2
92629.6
92630.3
92632
92634.9
92639.3
92645.6
92653.8
92664.1
92676.8
92691.9
92709.7
92729.9
92752.7
92778.2
92806.4
92837.8
92872.4
92910.6
92952.3
92998
93047.5
93101.1
93158.6
93220.2
93285.9
93355.8
93429.9
93507.9
93589.9
93675.8
93765.6
93859
93956.4
94057.8
94163.1
94272.9
94387.6
94506.1
94628.6
94755.9
94886.5
95018.8
95154.8
95294.6
95436.4
95580.1
95725.5
95870.1
96013.7
96157.8
96303.1
96448.5
96593.6
96739
96884
97026.5
97165.9
97302.3
97434.7
97562.6
97685.6
97802.8
97913.5
98016.4
98111.1
98197
98273
98338.1
98392.6
98435.9
98466.1
98483.6
98488.3
98479.3
98455.8
98417.8
98365.5
98300.1
98223.2
98134.6
98036.2
97929.8
97813.2
97684.6
97544.6
97394.9
97237.2
97071.2
96898.1
96721.9
96544.8
96367.4
96190.5
96014.1
95837.8
95661.6
95485.8
95319.7
95160.4
95006
94862.5
94732.1
94614.8
94511.9
94425.3
94357.1
94308.9
94280.7
94276
94297.8
94341.4
94407.6
94495.1
94609.3
94746.9
94900.1
95066.1
95259.8
95468.3
95678.5
95892.6
96113.3
96324.5
96556.7
96756.8
96976.5
97213.1
97401.6
97614.3
97840.2
98092.2
98327.3
98616.7
98920.4
99232
99594.1
99941.8
100320
100758
101197
101644
102065
102536
102948
103267
103588
103863
104138
104303
104311
104276
104217
104132
104021
103822
103631
103328
103084
102719
102385
102252
101700
101165
100768
100641
100242
100016
99704.5
99376.8
99143.2
99061.6
99145.7
99216.6
92957.2
92953.7
92950.3
92946.5
92942.4
92937.8
92933.1
92928.9
92925.4
92922.3
92920.3
92919.6
92920.7
92923.9
92929.3
92937
92947.2
92960.1
92975.8
92994.1
93015.2
93039.1
93066
93096.3
93130.1
93167.1
93208.7
93254.3
93304.1
93357.8
93415.8
93478.1
93544.7
93615.5
93690.3
93768.9
93851
93936.8
94026.2
94119.1
94215.8
94315.9
94419.9
94528.5
94641.2
94757
94876.4
94999.3
95124.6
95253.1
95385
95518.5
95653.6
95790.6
95927.5
96063.4
96199.1
96334.9
96470.2
96605
96740.2
96875.4
97008.6
97138.7
97265.4
97388.4
97507.1
97620.7
97728.9
97831.2
97926.8
98014.2
98093.6
98164.1
98224.4
98274.6
98314.6
98342.4
98357.9
98362
98353.5
98330.9
98294.8
98245.2
98183.2
98110.3
98027.7
97935.6
97834.9
97724.1
97602.1
97468.7
97325.3
97173.1
97012.8
96845
96673.5
96501.6
96328.9
96155.9
95983.1
95810.3
95638.4
95467.8
95303.1
95147.6
95000.9
94865.4
94741.8
94631.7
94537.2
94460.9
94403.4
94369.3
94355.9
94365.9
94400.3
94461.2
94547.6
94655.2
94786.2
94946.5
95122.2
95314.9
95529.9
95761.7
96002.9
96249.4
96501.1
96746.8
97014
97257.8
97526.3
97800.4
98012.9
98272.2
98552.7
98821.8
99108.8
99431
99777.5
100136
100542
100966
101405
101885
102394
102886
103362
103867
104293
104678
105027
105325
105612
105809
105833
105782
105794
105711
105639
105479
105251
104914
104620
104280
103835
103841
103347
102751
102264
101969
101668
101334
100927
100496
100119
99873.1
99833.4
99795.4
93289.7
93284.1
93277.3
93272.3
93265.5
93256.9
93247.1
93237.4
93228.5
93220.4
93213.1
93207.1
93202.8
93200.5
93200.5
93203
93208.1
93216.1
93226.9
93240.7
93257.5
93277.2
93299.9
93326.1
93355.8
93389.2
93426.6
93468.1
93513.7
93563.9
93618.5
93677.4
93740.7
93808.2
93879.6
93954.7
94033.4
94115.4
94200.9
94289.9
94382.3
94477.8
94576.8
94679.9
94786.2
94895.2
95008.2
95124.7
95242.4
95362.5
95487
95613.8
95740.5
95867.8
95995.7
96123.5
96251.1
96378.2
96504.3
96629.2
96754
96879.1
97002.3
97122.3
97239.5
97352.9
97462.3
97567.1
97666.5
97760.4
97848.5
97929.2
98002
98067
98122.7
98168.7
98205.9
98232
98245.8
98249
98241.1
98220.1
98186.1
98139.8
98081.8
98013.5
97936.5
97850.8
97755.7
97650.7
97534.9
97408.8
97272.5
97127
96973.1
96811.4
96645.1
96477.9
96309.6
96140.3
95971.3
95802
95633.8
95468.6
95308.3
95157.4
95016.9
94887.2
94771
94668.2
94582.5
94515.6
94466.4
94442.4
94442.7
94465.7
94512.8
94586.3
94689.5
94815.5
94966.4
95144.1
95341.3
95556.2
95792.5
96045.3
96313.3
96586.9
96866.1
97143.8
97442.6
97730.5
98043.3
98342.6
98592.4
98904.9
99223.8
99505.5
99853.7
100210
100587
101004
101433
101928
102424
102947
103518
104039
104581
105114
105571
106005
106386
106704
107010
107229
107269
107235
107297
107218
107209
107085
106782
106438
106071
105762
105321
105305
104894
104290
103712
103264
102958
102563
102088
101580
101078
100686
100502
100304
93640.7
93635.7
93629.6
93617.4
93603.7
93589.2
93573.1
93556.2
93540
93525.1
93511.7
93499.9
93490
93482
93476.4
93473.4
93473.4
93476.4
93482.5
93491.8
93504.2
93520
93539.1
93561.7
93587.9
93617.7
93651.4
93689.3
93731.4
93777.9
93828.8
93884.2
93944
94007.9
94075.6
94147.3
94222.4
94300.9
94382.7
94467.9
94556.3
94647.6
94742.1
94840.1
94940.9
95044.2
95151.1
95261.1
95372.7
95486.1
95602.2
95720.6
95839.6
95958.7
96077.8
96197
96315.9
96433.8
96550.5
96666.4
96781.9
96896.8
97010.3
97120.5
97227.4
97331.1
97431
97526.9
97618.1
97703.9
97784.2
97858.6
97925.3
97984.7
98036
98078.1
98112.1
98136.7
98149.7
98152.8
98145.6
98126.6
98095.1
98052.3
97998.4
97935.2
97863.3
97783.6
97694.4
97595.1
97485.8
97366.7
97238.2
97100.5
96954.3
96799.7
96639.2
96476.7
96312.5
96146.8
95981.2
95816
95651.8
95491.1
95335.8
95189.9
95054.8
94928.8
94815.6
94717.5
94638.7
94583
94545.8
94530
94538.3
94570.6
94630.7
94716.7
94833.2
94975
95142
95337.1
95551.9
95783.8
96041.8
96314
96601.1
96899.4
97201.4
97508.9
97836.6
98166.9
98511.5
98835.9
99131.9
99488.9
99820.4
100127
100530
100920
101335
101816
102260
102811
103349
103928
104537
105080
105694
106248
106750
107219
107627
107958
108286
108529
108587
108590
108669
108610
108653
108549
108179
107833
107425
107139
106738
106606
106326
105719
105096
104512
104112
103686
103172
102597
102002
101486
101143
100834
93944.2
93938.5
93928.4
93914.2
93896.3
93876
93854.4
93831.7
93808.8
93787.2
93767.4
93749.8
93734.6
93721.8
93711.6
93704.2
93699.9
93698.8
93701.1
93706.8
93715.9
93728.6
93745
93764.9
93788.5
93815.8
93847.1
93882.4
93922.1
93966
94014.1
94066.5
94123.3
94184.5
94249.5
94318.4
94391.1
94466.9
94545.7
94628.1
94713.3
94800.9
94891.9
94986.4
95083.2
95182
95284.1
95389.4
95496
95603.8
95713.7
95825.4
95937.4
96048.8
96160.3
96272.2
96384
96494.2
96603.3
96711.6
96819.2
96925.9
97030.5
97132.8
97231.9
97327.5
97419.2
97507
97590.8
97670
97743.5
97811.9
97873.6
97928.4
97975.9
98014.8
98045.9
98069.2
98081.6
98084.3
98078
98061.1
98032.3
97993.1
97943.3
97884.4
97816.9
97741.9
97657.8
97563.7
97460.5
97347.9
97226.3
97095.7
96956.4
96808.9
96654.5
96497.2
96336.8
96174.2
96011.8
95849.9
95689.9
95532.9
95380.9
95238.9
95108.1
94988.6
94881.9
94788.4
94711.5
94658.9
94627.3
94616.7
94632.2
94674.3
94744.1
94840.6
94967.6
95118.5
95296.8
95507.2
95732
95980.7
96254.6
96542.2
96844.4
97161.6
97480.8
97813.2
98163.8
98528.4
98896.8
99244.3
99579.5
99964.6
100311
100660
101097
101511
101972
102496
102969
103555
104130
104763
105387
105970
106646
107205
107744
108243
108674
109021
109367
109634
109725
109755
109833
109817
109859
109763
109388
109026
108642
108349
107998
107708
107579
106992
106329
105670
105142
104670
104145
103525
102870
102239
101728
101363
94196.3
94185.8
94172.3
94153.5
94130.9
94104.9
94077.6
94049.6
94021.5
93994.5
93969.4
93946.8
93927.1
93910.4
93896.8
93886.1
93878.7
93874.8
93874.2
93877.4
93884
93894.6
93908.9
93926.9
93948.8
93974.5
94004.1
94037.9
94075.9
94117.9
94164.6
94215.3
94270.3
94329.9
94393.1
94459.8
94530.7
94604.5
94681.1
94761.5
94844.9
94929.7
95017.8
95109.9
95203.5
95299.2
95398.3
95499.6
95602
95705.8
95811.2
95917.4
96023.6
96129.2
96235.2
96341.5
96447.4
96551.7
96654.2
96756.4
96858
96958.2
97056.2
97151.4
97243.8
97333.2
97419
97500.9
97578.7
97652.3
97720.7
97784
97841.6
97892.5
97937.1
97973.8
98002.4
98024.4
98036.8
98039.3
98034
98019.2
97992.5
97956.1
97909.9
97854.7
97791
97719.7
97640
97550.5
97452.4
97345.7
97229.8
97105.2
96971.5
96829.9
96681.3
96528.8
96372.6
96213.2
96053.5
95894.3
95737.8
95583.8
95434.6
95294.2
95165.4
95048.8
94947.8
94861.1
94786.9
94735.3
94707.2
94700.8
94723.4
94773.2
94848.6
94950.6
95086
95242.4
95430.3
95648.9
95882.2
96144.2
96431.3
96730.3
97045.9
97373.6
97707.7
98058.6
98430.6
98819
99206.7
99570.9
99940.7
100338
100702
101102
101561
101992
102498
103036
103547
104155
104769
105446
106073
106712
107422
107985
108548
109075
109522
109895
110243
110529
110669
110717
110797
110815
110813
110729
110401
110016
109690
109369
109043
108640
108439
108019
107373
106693
106069
105517
104974
104334
103643
102916
102266
101788
94424.5
94415.7
94398.3
94377.2
94349
94317.6
94285.2
94251.6
94218.4
94186.3
94156.2
94128.8
94104.7
94084.1
94067.1
94053.5
94043.6
94037.3
94034.6
94035.8
94040.6
94049.4
94062
94078.5
94099
94123.4
94151.8
94184.5
94221.3
94261.9
94307.5
94357.1
94410.5
94468.4
94530.1
94595
94664.2
94736.3
94810.8
94889.3
94970.8
95053.8
95139.6
95229.3
95320.8
95414
95510
95608.1
95706.9
95806.8
95907.8
96009.1
96110.3
96211
96311.6
96412.6
96513.2
96612.2
96709.4
96806
96901.7
96996.1
97088.2
97177.4
97263.5
97346.7
97426.9
97503.6
97576.3
97645.1
97709.2
97768.1
97822.1
97869.5
97911.3
97946.3
97973.3
97993.8
98006.2
98008.4
98003.9
97991.4
97967.6
97933.6
97890.9
97839.3
97779.4
97711.4
97635.8
97551.1
97457.7
97356.4
97245.7
97126.3
96997.7
96861.5
96718.4
96570.6
96418.9
96263.5
96106.7
95949.8
95795.4
95644.8
95498.8
95359.5
95232
95114.3
95012.5
94929.8
94860.7
94813.4
94790.7
94788.5
94813.6
94868.5
94946.4
95053.5
95193.1
95354.9
95550.2
95773.3
96013.8
96285.3
96583.4
96891.2
97215.9
97551.3
97896.7
98264
98654.8
99058.5
99459
99837.5
100236
100637
101021
101463
101940
102386
102927
103470
104017
104640
105295
105998
106631
107321
108027
108608
109193
109742
110203
110598
110936
111245
111431
111502
111588
111618
111573
111501
111232
110825
110556
110217
109868
109462
108999
108752
108187
107551
106850
106217
105640
105002
104288
103503
102745
102131
94661.7
94643.1
94620.6
94589.7
94555.2
94516.3
94476.7
94437.8
94399.9
94363.6
94329
94297.4
94269.1
94244.5
94223.9
94207.4
94194.8
94186.4
94181.9
94181.4
94184.9
94192.3
94203.7
94219.2
94238.8
94262.4
94290
94321.9
94357.9
94398.1
94442.2
94490.5
94542.6
94599.1
94659.4
94722.9
94790.6
94861.4
94934.5
95011.5
95091.5
95173.2
95257.6
95345.3
95434.8
95526.1
95619.6
95714.1
95809.4
95905.7
96002.8
96100
96196.9
96293.6
96390
96485.9
96581.5
96675.6
96767.9
96859.6
96950.2
97039.1
97125.7
97209.8
97291
97368.8
97443.6
97515
97583
97647.3
97707.6
97762.7
97813.4
97858.3
97897.2
97930.7
97956.4
97975.6
97988.6
97991
97986.4
97975.7
97955.7
97924
97884.5
97836.2
97780.4
97715.8
97644.1
97564
97474.9
97378.3
97272.6
97157.5
97033.6
96902.1
96764.1
96620.7
96472.9
96321.4
96168.1
96014.1
95860.9
95713.5
95571.1
95434.2
95308.5
95192.5
95089.4
95007.9
94943.2
94898.4
94877
94876.2
94901.7
94959.4
95038.4
95150.6
95291.7
95453.9
95653.3
95881
96124.6
96404.9
96709
97022.5
97352.3
97694.1
98048.2
98430.2
98834
99246.4
99653.9
100045
100462
100865
101281
101746
102229
102693
103252
103807
104385
105018
105711
106413
107072
107782
108466
109077
109678
110241
110716
111123
111462
111792
112004
112110
112194
112229
112161
112102
111882
111467
111236
110879
110482
110075
109515
109243
108752
108187
107439
106745
106134
105516
104794
103982
103122
102407
94872.8
94858
94826.7
94790.8
94747.5
94699.6
94652.5
94607.7
94565.1
94525.5
94487.5
94452.6
94420.9
94393
94369.2
94349.7
94334.6
94323.9
94317.6
94315.3
94317.5
94323.9
94334.6
94349.2
94368
94390.9
94417.9
94449.1
94484.6
94524.2
94567.7
94615.2
94666.5
94722.2
94781.7
94844.6
94911.2
94981.1
95053.6
95129.3
95208
95288.7
95371.9
95457.6
95545.4
95634.7
95725.3
95816.8
95909.1
96002.4
96096.1
96189.9
96283.5
96376.8
96469.2
96560.6
96651.6
96741.4
96829.5
96916.5
97002.4
97086.4
97168
97247.1
97323.5
97397
97467.5
97534.7
97598.4
97658.4
97715
97766.9
97814.4
97857.2
97893.7
97925.6
97950.6
97968.6
97981.9
97985.8
97980.7
97971.2
97954.5
97925.8
97889.4
97844.2
97792.4
97731.5
97663.1
97587.1
97502.6
97409.9
97309.1
97198.3
97078.5
96951
96817.2
96677.9
96533.5
96384.8
96235
96085
95933.7
95787.9
95647.5
95513.9
95391.3
95279.1
95177.1
95096.4
95032.1
94984.5
94961.4
94960.2
94988.4
95046.6
95124.4
95237.8
95378.7
95539.1
95742.5
95970.9
96217.4
96503.1
96808.9
97124.2
97458.4
97803.7
98166.2
98557.9
98967.8
99382.7
99793.8
100197
100623
101034
101480
101952
102433
102922
103487
104053
104652
105295
106010
106700
107390
108098
108769
109403
110007
110580
111064
111485
111846
112176
112397
112535
112608
112654
112577
112526
112345
111959
111730
111337
110901
110482
110034
109515
109095
108580
107819
107090
106461
105873
105146
104326
103379
102613
95107.8
95065.3
95024.9
94972.8
94920.7
94865.7
94812.2
94763.4
94715.9
94672.9
94631.8
94594.3
94560.1
94529.8
94503.7
94481.9
94464.6
94451.9
94443.8
94440.2
94441
94446.4
94456.2
94470.2
94488.4
94510.8
94537.3
94568.1
94603.2
94642.2
94685.7
94733
94784.2
94839.5
94898.7
94961.2
95027.1
95096.2
95168
95242.6
95320.1
95399.9
95481.6
95565.4
95651.4
95738.8
95826.9
95916.2
96006.3
96097.1
96187.8
96278.5
96368.8
96458.7
96547.7
96635.6
96722.6
96808.4
96892.8
96975.7
97057.4
97137.1
97214.5
97289.4
97361.4
97430.7
97497.1
97560.5
97620.4
97677.1
97730.2
97779.6
97824
97864.6
97899.4
97929.7
97954.7
97972.1
97984.8
97990.9
97986.3
97977
97962.5
97937.8
97904.3
97862.8
97813.6
97757
97691.8
97619.2
97538.5
97449.4
97352.9
97247.3
97131.7
97008.1
96877.8
96741.8
96600.7
96454.3
96306.8
96160
96011.6
95866.6
95726.3
95594.3
95475.4
95365.3
95265.1
95184.3
95116.9
95066.5
95042.2
95040.6
95070.9
95127.3
95201.2
95314.4
95454.5
95614.7
95819.8
96044.5
96292.5
96580.4
96883.7
97199.8
97534.9
97880.8
98249.9
98648
99057.6
99471.1
99882.9
100296
100723
101147
101608
102079
102561
103076
103643
104208
104811
105480
106191
106875
107580
108283
108943
109587
110187
110762
111262
111703
112081
112395
112625
112769
112836
112897
112823
112769
112614
112282
112013
111573
111121
110699
110251
109621
109251
108748
107993
107238
106618
106058
105327
104514
103511
102731
95316
95271.5
95216
95143.1
95074.5
95016.5
94956.3
94902.8
94852.2
94805.8
94762.3
94722.8
94686.7
94654.7
94626.9
94603.4
94584.6
94570.4
94561.1
94556.3
94556.1
94560.6
94569.8
94583.3
94601.2
94623.2
94649.4
94680.2
94715.3
94754.5
94798.1
94844.9
94895.8
94950.8
95009.6
95071.6
95137
95205.7
95276.7
95350.1
95426.6
95505.5
95585.7
95668.3
95753
95838.9
95925.2
96012.6
96100.7
96189.1
96277.1
96364.9
96452.1
96539.1
96625.2
96710
96793.6
96876
96957.1
97036.6
97114.5
97190.5
97264.1
97335.2
97403.5
97469.2
97531.7
97591.7
97648.3
97702.1
97752.2
97799
97841.3
97879.6
97913.5
97942
97966.8
97984.3
97996.1
98003.9
98001.4
97992.3
97979.8
97959.1
97927.9
97890
97843.1
97790.4
97728.9
97659.5
97582
97496.1
97402.6
97301.6
97191.1
97071.7
96944.8
96811.8
96673.9
96529.8
96383.5
96238.3
96093
95949.6
95808.8
95677.1
95558
95447.8
95349.1
95266.9
95197.1
95146.4
95122.1
95119.9
95148.6
95201.9
95272.3
95384.7
95519.6
95678.4
95883
96102.6
96350.1
96637.5
96934.7
97251
97582.2
97927.1
98300.3
98700.2
99105.2
99515.1
99926.2
100343
100768
101203
101667
102138
102624
103154
103719
104278
104876
105568
106259
106947
107642
108339
108992
109633
110230
110802
111317
111767
112146
112449
112686
112817
112891
112966
112911
112839
112692
112398
112071
111584
111118
110705
110232
109585
109211
108699
107964
107192
106591
106068
105324
104504
103516
102744
95531.9
95462.9
95375.5
95291.9
95207.4
95146.1
95086.5
95029.3
94976.5
94926.6
94880.7
94839
94801.2
94767.9
94738.9
94714.4
94694.5
94679.5
94669.3
94663.8
94662.8
94666.8
94675.6
94688.9
94706.5
94728.3
94754.5
94785.3
94820.4
94859.9
94904.3
94950.1
95000.8
95055.6
95113.9
95175.6
95240.7
95309.1
95379.4
95452.2
95527.9
95605.8
95685.3
95767.1
95850.8
95935.1
96020
96105.5
96191.5
96277.7
96363.5
96449
96533.9
96618.4
96702.1
96784.3
96864.9
96944.3
97022.5
97098.7
97173.5
97246.1
97316.3
97383.9
97448.8
97511.2
97570.5
97627.4
97681.3
97732.2
97780
97824.3
97865
97901.4
97934.7
97961.8
97985.8
98004.1
98015.1
98023.5
98024.1
98015.6
98005
97987.6
97959.1
97924
97880.4
97830.4
97773
97706.6
97632
97549.4
97458.4
97360.5
97254.3
97139.4
97015.9
96885.6
96750.8
96609.8
96464.5
96320.9
96178.4
96036.4
95896.4
95763.9
95642
95531.3
95432.6
95347.7
95276
95225.7
95201.6
95197.7
95223.4
95269.5
95336.3
95444.7
95571.1
95728.8
95931.3
96144.6
96392
96674.2
96964.4
97277.4
97603
97945.3
98319
98714.1
99112.8
99516.8
99926.1
100342
100765
101205
101665
102135
102627
103159
103717
104273
104873
105561
106225
106909
107595
108275
108925
109559
110152
110712
111229
111670
112047
112338
112574
112702
112790
112864
112839
112739
112580
112295
111914
111393
110903
110486
110007
109339
108955
108434
107735
106981
106383
105890
105133
104298
103394
102639
95741.4
95619.6
95512.5
95415
95326.3
95257.8
95202
95142.5
95088.2
95036.6
94988.9
94945.3
94905.9
94871.4
94841.5
94816.1
94795.4
94779.8
94769.1
94763.2
94761.7
94765.4
94774
94787.2
94804.6
94826.4
94852.6
94883.5
94918.6
94957.9
95000.7
95048.3
95099.2
95154
95212.2
95273.9
95339
95407
95477.1
95549.6
95624.7
95701.9
95780.9
95861.8
95944.2
96027.2
96110.7
96194.6
96278.8
96363.5
96447.6
96531.3
96614.2
96696.6
96778.1
96858
96936.3
97013
97088.5
97162
97233.8
97303.3
97370.5
97435.1
97497
97556.7
97613.5
97667.7
97719.1
97767.5
97813
97855
97894.5
97929.3
97961.5
97988.3
98010.8
98030.2
98041.4
98049.6
98052.9
98046.2
98036.2
98022
97996.7
97964
97924.4
97876
97822.3
97759.6
97687.7
97607.8
97519.9
97424.3
97321.3
97210.2
97090.3
96962.1
96830
96691.7
96548.8
96406.4
96265.7
96125.2
95987.3
95853.3
95729.2
95616.8
95517.4
95429
95354.5
95306.4
95280.9
95271.6
95291.3
95326.5
95390.1
95493.4
95612.6
95770.6
95967.1
96173.8
96419.5
96692.2
96974.4
97280.4
97598.8
97937.6
98307.3
98694.8
99083.5
99480.2
99885.4
100296
100715
101155
101608
102077
102571
103098
103645
104196
104802
105464
106106
106772
107456
108112
108757
109374
109956
110498
111011
111434
111806
112078
112299
112445
112537
112600
112590
112459
112272
111972
111554
111026
110519
110065
109563
108872
108493
107967
107312
106609
106023
105500
104736
103905
103109
102359
95922.1
95772.6
95619.2
95520.2
95437
95364.2
95302.5
95239.7
95182.9
95130.1
95081.4
95037.1
94997
94961.6
94930.9
94904.8
94883.6
94867.3
94856.2
94850.2
94848.8
94852.3
94860.8
94874
94891.7
94913.6
94940.1
94971.2
95006.5
95045.7
95088.3
95137.1
95187.9
95242.8
95301
95362.7
95427.7
95495.6
95565.9
95638.4
95713
95789.8
95868.4
95948.4
96029.6
96111.7
96194.4
96277.2
96360.3
96443.7
96526.4
96608.6
96690
96770.6
96850.2
96928.2
97004.6
97079.1
97152.1
97223.3
97292.6
97359.5
97424.2
97486.4
97545.7
97602.8
97657.4
97709.7
97758.9
97805.5
97849.1
97889.5
97927.5
97961.4
97992.3
98019.3
98040.8
98060.3
98073
98080.7
98086
98081.7
98071.6
98059.9
98038.9
98008.2
97971.7
97926.1
97874.3
97815.4
97746.8
97669
97583.7
97490.8
97390
97282.1
97165.8
97039.9
96909.6
96774
96633.6
96491
96351.6
96212.3
96075.4
95941.6
95814.4
95701.2
95601.1
95507.8
95432.4
95386
95354.9
95337.9
95348.5
95373.7
95434.6
95533.2
95647.7
95804.5
95990.5
96189.5
96431.3
96692
96965.7
97262.8
97571.7
97905.6
98269.2
98646.3
99021.5
99410.4
99809.5
100213
100626
101062
101509
101972
102463
102979
103508
104056
104657
105290
105916
106559
107233
107862
108500
109086
109649
110179
110677
111083
111436
111693
111894
112051
112135
112180
112156
111992
111765
111442
111008
110498
109981
109468
108944
108235
107822
107330
106716
106062
105497
104910
104143
103360
102614
101871
95964.8
95909.2
95720.2
95631.8
95545.5
95467.2
95396.9
95331
95271.9
95217.6
95167.8
95122.7
95082.2
95046.1
95014.9
94988.5
94966.8
94950
94938.4
94932.5
94931.3
94934.8
94943.2
94956.5
94974.6
94997
95023.7
95054.9
95090.3
95130
95173.8
95223
95273.2
95328.2
95386.5
95448
95512.8
95580.9
95651.8
95724.3
95798.7
95875.2
95953.3
96032.6
96113.3
96194.8
96276.8
96358.8
96440.9
96523
96604.4
96685.4
96765.4
96844.5
96922.4
96998.6
97073.1
97145.9
97216.8
97285.6
97352.7
97417.3
97479.7
97539.6
97597
97651.9
97704.2
97754.3
97801.6
97846.5
97888.6
97928
97964.4
97997.9
98027.5
98054.6
98076.1
98095
98109.8
98116.9
98123.5
98122.2
98112.5
98101.9
98085.5
98057.5
98023.4
97981.2
97931.2
97874.5
97809.8
97734.9
97651.5
97560.9
97462
97356
97243.2
97120.1
96991
96858.3
96719.1
96576.5
96437.3
96297.7
96162.9
96029
95900.6
95787.9
95683.1
95585.1
95511.4
95463.2
95421.5
95397.8
95399.8
95418.6
95477.4
95567.7
95676.2
95828.5
96000.7
96191.8
96428.6
96675.4
96939.8
97225.9
97524
97850.8
98206
98568.4
98930.1
99311.1
99701.2
100095
100500
100929
101370
101824
102306
102805
103315
103859
104447
105052
105657
106283
106930
107533
108147
108703
109249
109761
110229
110625
110947
111200
111376
111520
111587
111610
111538
111336
111070
110729
110287
109797
109260
108702
108169
107430
107003
106533
105961
105346
104771
104136
103389
102666
101953
101208
95962.1
95973.6
95843.3
95748.1
95651.3
95568.4
95496.3
95428.8
95367.9
95312
95261
95215
95173.8
95137.4
95105.6
95078.8
95056.9
95039.7
95027.7
95021.7
95020.6
95024.2
95032.4
95045.8
95064.4
95087.4
95114.4
95145.6
95181.1
95221
95265.1
95313.1
95365.1
95420.8
95479.5
95541.1
95606
95674.3
95745.3
95817.9
95892.3
95968.7
96046.4
96125.3
96205.6
96286.4
96367.4
96448.5
96529.6
96610.4
96690.7
96770.3
96849
96926.6
97002.6
97077.2
97149.8
97220.5
97289.4
97356
97420.7
97483.1
97543.2
97600.7
97656.1
97708.9
97759.3
97807.4
97852.7
97895.9
97936.3
97974.6
98009.6
98042.4
98071.1
98097.7
98120
98138.1
98154.4
98162.7
98168.5
98171.2
98163
98152.7
98140.2
98115.6
98084
98045.4
97998.2
97942.6
97880.3
97809.5
97728.8
97640.3
97543.2
97438.3
97327.6
97207.1
97079.2
96948.3
96810.4
96668.8
96527.9
96389.8
96255.7
96121.1
95995.4
95878.3
95765.3
95666.4
95594
95538.4
95482.3
95454.5
95450.5
95464.2
95519.5
95596.9
95697.7
95842.9
95998.1
96182.2
96409.8
96641.6
96895.2
97166.4
97452.1
97770.6
98113
98457.5
98806.5
99177.8
99555.8
99938.1
100333
100754
101182
101624
102092
102570
103068
103598
104173
104750
105331
105938
106546
107118
107689
108229
108751
109231
109669
110056
110348
110586
110730
110839
110885
110876
110734
110491
110195
109837
109383
108910
108335
107760
107224
106476
106047
105598
105042
104444
103839
103193
102505
101841
101150
100395
96133.4
96034.7
95972.1
95864.4
95765.9
95680.6
95604.1
95534.5
95471.4
95413.7
95361.4
95314.6
95272.9
95236
95203.6
95176.4
95154.3
95136.9
95124.8
95118.4
95117.5
95121.3
95129.5
95143
95162.2
95185.8
95213.1
95244.7
95280.5
95320.7
95365.2
95412.9
95466.2
95522.6
95581.9
95644
95709.1
95777.3
95848
95920.7
95995.2
96071.3
96148.9
96227.5
96307.2
96387.2
96467.3
96547.4
96627.6
96707.4
96786.5
96864.9
96942.1
97018.1
97092.3
97164.9
97235.5
97304.2
97370.9
97435.5
97497.9
97558
97615.8
97671.1
97724.3
97774.8
97823.3
97869.3
97913.1
97954.6
97993.6
98030.6
98064.6
98096.4
98125
98150.6
98173.6
98191.7
98207.8
98219.4
98223.7
98228.9
98224.6
98213.5
98203.6
98185
98154.5
98118.7
98075.5
98022.8
97961.1
97892.9
97815.4
97730.1
97635.2
97531.5
97421.7
97303.9
97177.1
97047.4
96911.6
96770.2
96629.2
96491.3
96352.2
96218
96092.5
95966.8
95850.4
95753.9
95678.6
95607.7
95541.2
95511.9
95499.5
95506
95554.3
95616.3
95708.3
95842.9
95981.7
96159.9
96373.1
96588
96828.6
97081.9
97353.7
97661.9
97989
98314.2
98649.3
99009.5
99372.9
99740.9
100125
100532
100949
101375
101824
102284
102766
103270
103839
104377
104931
105517
106071
106619
107144
107668
108153
108598
109020
109379
109643
109843
109957
110022
110036
109981
109772
109489
109167
108786
108321
107857
107238
106664
106143
105397
104968
104521
103978
103363
102724
102105
101504
100891
100207
99443.4
96445.3
96171.9
96077.8
95977.5
95890.6
95802.4
95719.8
95646.6
95581.7
95522.9
95469.5
95421.5
95379.1
95341.8
95309.3
95281.9
95259.8
95242.6
95230.5
95224.1
95223.4
95227.4
95236
95249.9
95269.4
95293.4
95321.3
95353.5
95390.1
95430.9
95475.9
95524.7
95578.1
95635
95694.9
95757.3
95822.7
95890.8
95961.3
96034
96108.5
96184.4
96261.7
96339.9
96418.8
96498.2
96577.8
96657.2
96736.6
96815.5
96893.5
96970.4
97046.1
97120.2
97192.6
97263.3
97331.9
97398.6
97463
97525.4
97585.6
97643.7
97699.2
97752.4
97803.5
97851.9
97898.5
97942.3
97984.5
98024.2
98062.1
98097.5
98131
98161.4
98190.2
98215.3
98238.5
98257.4
98273
98287
98292.7
98296.9
98297.5
98288
98276.6
98264.9
98238.8
98203.9
98162.5
98114.2
98055.4
97988.4
97912.5
97829.5
97737.7
97635.2
97526.3
97410.4
97284.2
97156.1
97020.7
96879.4
96738.1
96594.5
96452.9
96319.3
96187.4
96057.6
95943.4
95846.3
95760.5
95672.4
95603.6
95570
95541.2
95541.1
95577.9
95620.8
95705.4
95826.7
95949.6
96119.5
96314.9
96511
96736.2
96970.6
97228.4
97520
97832.3
98140.1
98457.2
98805.8
99151.5
99502.7
99874.7
100261
100666
101078
101507
101947
102409
102894
103425
103930
104458
105020
105516
106045
106523
107024
107461
107867
108278
108595
108830
108988
109068
109083
109050
108941
108685
108369
108014
107609
107147
106673
106026
105450
104924
104225
103773
103323
102767
102129
101472
100883
100352
99781.4
99098.1
98348.2
96633.4
96360.5
96206.9
96099.5
96017.7
95924.8
95840.9
95765.2
95698.7
95638.8
95584.6
95535.8
95492.9
95455.4
95423.1
95395.9
95374.1
95357.5
95345.9
95339.9
95339.4
95343.8
95353.1
95367.6
95387.4
95411.8
95440.4
95473.5
95511
95552.5
95598
95647.6
95701.3
95759.1
95819.6
95881.7
95947.2
96015.4
96085.9
96158.8
96233.2
96309
96386.1
96463.9
96542.4
96621.3
96700.6
96779.5
96858.1
96936
97012.8
97088.1
97162.2
97234.8
97305.3
97374
97440.5
97505.2
97567.6
97628.1
97685.9
97741.8
97795
97846.1
97895
97941.5
97986.3
98028.5
98069.2
98107.3
98144.1
98178
98210.8
98240.1
98268.6
98293.2
98316.6
98336.3
98352.4
98366.7
98375.9
98379.5
98382.1
98378
98364.8
98353.6
98335.8
98305.1
98263.8
98216.4
98161.3
98097.7
98023.1
97940.6
97851.3
97750.5
97642.5
97526.4
97400.6
97272.4
97135.8
96997
96851.9
96704.6
96565.5
96427.3
96287.1
96157.7
96042.7
95936.6
95836.5
95737.7
95668.7
95621.5
95575.4
95570.3
95588.7
95613.7
95692.2
95793.9
95899.6
96057.2
96231.9
96408.1
96616.6
96829.3
97071.8
97343.3
97639.9
97926.4
98232.8
98562.2
98889.2
99224
99577.1
99945.7
100330
100727
101137
101556
101996
102452
102942
103422
103920
104437
104890
105394
105832
106296
106686
107041
107429
107711
107917
108040
108072
108030
107942
107782
107504
107169
106777
106349
105896
105397
104745
104151
103598
102975
102496
102013
101404
100768
100124
99575.4
99075.2
98522.5
97836.5
97137.7
96680.1
96496.3
96354.9
96239.6
96143.8
96050.7
95967.1
95891.5
95823.9
95763
95708
95659.1
95616.1
95578.5
95546.4
95519.7
95498.4
95482.4
95471.6
95466.2
95466.2
95471.3
95481.4
95496.6
95516.9
95541.8
95571.3
95605.2
95643.5
95685.6
95731.7
95781.9
95835.7
95892.4
95952.8
96016.9
96083.3
96152.2
96223.3
96296.4
96371
96447
96524
96601.7
96680.1
96758.8
96837.6
96915.9
96993.6
97070.3
97145.8
97219.7
97292.2
97363
97431.9
97498.8
97563.6
97626.3
97686.7
97745.1
97800.8
97854.6
97905.7
97954.8
98001.6
98046.4
98089
98129.8
98168.5
98205.4
98240.8
98273.8
98306
98334.7
98362.8
98387
98410.3
98430.4
98447.7
98462
98473.5
98479.3
98481.8
98481.2
98472
98457.3
98442.6
98419.7
98383.8
98335.7
98280.2
98218.8
98147.2
98065.3
97977.1
97878.3
97770.9
97654.7
97529.4
97398.9
97262.4
97125.4
96976.3
96830.1
96686.7
96538.8
96395.1
96264.7
96141.3
96022.6
95908.8
95804.3
95730.2
95662.9
95606.7
95594
95586.7
95598.2
95665.1
95739.5
95827.9
95973
96124.6
96279
96469.5
96655.4
96880.3
97140.4
97402.2
97674.5
97968.2
98274.4
98584.5
98902.5
99229.1
99580
99946
100326
100715
101113
101528
101960
102409
102859
103321
103787
104215
104672
105078
105497
105828
106135
106477
106720
106892
106991
106978
106878
106734
106535
106248
105907
105491
105043
104585
104053
103407
102785
102210
101639
101109
100576
99922.9
99306.3
98709.3
98211.7
97723.7
97175.4
96503.1
95882
96727.9
96585.4
96460.9
96349.4
96250.4
96159.6
96076.1
96001.6
95934.4
95873.6
95819.2
95770.9
95728.3
95691.2
95659.7
95633.6
95613
95597.9
95588.1
95583.6
95584.4
95590.5
95601.6
95617.8
95638.9
95664.7
95695.1
95729.9
95769.1
95812.4
95859.6
95910.7
95965.3
96022.8
96083.7
96148.6
96216
96285.6
96357.2
96430.9
96505.9
96582.1
96659.3
96737.2
96815.7
96894.4
96972.9
97050.6
97127.6
97203.4
97277.9
97350.8
97422.3
97491.8
97559.4
97625
97688.4
97749.5
97808.4
97865.2
97919.1
97971.1
98020.7
98068.2
98113.3
98156.7
98197.7
98237.4
98274.8
98310.9
98345
98377.2
98408.8
98437.3
98465.2
98490.1
98512.9
98534.1
98551.6
98567.1
98579.3
98587.2
98591.4
98591.2
98586.7
98573.1
98556.3
98535.6
98507.2
98465.1
98410.4
98347.8
98277.1
98195.6
98106.5
98007.6
97901.1
97784.7
97659.3
97525.8
97389.9
97248.6
97098.6
96951.9
96798.3
96647.4
96504
96368
96233
96102.4
95976.2
95866.8
95782.4
95694.7
95632.1
95603.8
95571.3
95571.8
95621.1
95666.6
95735.4
95866.1
95995
96126.4
96296.2
96453.6
96666.5
96897.7
97134.6
97390.6
97666.3
97950.8
98245.4
98547.1
98847.7
99174.2
99521.5
99882.7
100251
100629
101018
101421
101830
102240
102669
103084
103484
103882
104259
104633
104908
105155
105411
105596
105718
105801
105773
105622
105419
105192
104896
104554
104129
103661
103186
102598
101965
101317
100726
100152
99567.1
98956.5
98303.1
97700.2
97159.4
96699.8
96227.8
95682.3
95049.9
94538.2
96784.1
96661.5
96546.7
96441
96345
96256.5
96175.3
96102
96035.6
95975.7
95922.1
95874.7
95832.9
95796.8
95766.1
95740.9
95721.4
95707.3
95698.6
95695.2
95697.2
95704.3
95716.6
95733.9
95756.1
95783.1
95814.6
95850.5
95890.9
95935.4
95983.8
96036.1
96091.8
96150.6
96212.8
96278.5
96346.6
96416.7
96488.9
96563.1
96638.7
96715.4
96793
96871.3
96949.9
97028.5
97106.7
97184.1
97260.6
97335.9
97409.9
97482.2
97552.9
97621.6
97688.2
97752.6
97815.1
97875.1
97932.5
97987.9
98040.9
98091.5
98139.7
98186
98230
98272.2
98312
98350.6
98386.9
98422.3
98456
98488.1
98518.9
98547.7
98575.1
98601
98623.6
98646
98663.9
98680.2
98693.5
98702.4
98708.9
98709.6
98706.4
98696.6
98680.4
98657.5
98630.2
98595.6
98546.9
98486.2
98416.2
98334.6
98243.3
98143.6
98035.8
97918
97792.2
97655.7
97517.5
97370
97221.3
97069.5
96911.5
96760.8
96612.4
96465.8
96319.1
96176.7
96039.7
95926.2
95825.3
95719.7
95649.5
95597.5
95542.4
95531.7
95560.5
95581.2
95632.1
95732.5
95832.7
95951.3
96087.4
96235.1
96419.4
96621.5
96838.5
97077.7
97329.8
97594.1
97871.1
98154.3
98443.9
98751.3
99078.1
99412.1
99756.1
100108
100471
100835
101203
101580
101958
102327
102686
103036
103377
103697
103930
104087
104235
104353
104414
104472
104458
104287
104032
103771
103474
103126
102711
102212
101695
101081
100433
99772.1
99160.7
98535.4
97924.7
97239.1
96601.7
96016.1
95503
95056.2
94599.5
94057.9
93475.7
93086.5
96854.3
96744.3
96638.8
96539.3
96447.4
96363
96284.8
96213.5
96148.7
96090.2
96037.9
95991.6
95951.1
95916.1
95886.8
95862.9
95844.6
95831.9
95824.5
95822.5
95825.8
95834.4
95848
95866.8
95890.4
95918.8
95951.7
95989
96030.7
96076.6
96126.5
96180
96236.9
96297
96360.2
96426.2
96495.3
96566.9
96639.8
96714.5
96790.9
96868.3
96946.4
97025
97103.6
97182.1
97260.3
97337.5
97413.7
97488.5
97562
97633.7
97703.6
97771.5
97837.3
97900.8
97962
98020.9
98077.4
98131.4
98183.2
98232.6
98279.6
98324.4
98367.3
98408.4
98447.4
98485.2
98520.7
98555.2
98588
98620
98650.1
98679.2
98706.3
98732.6
98755.3
98778.4
98797.2
98813.7
98828.5
98838.4
98845.5
98848.3
98845.2
98836.8
98823.2
98801
98771
98736.5
98692.4
98636.9
98570.7
98491
98399.6
98299.7
98188.8
98070
97942.7
97803.9
97661.5
97510.1
97359.3
97198.7
97039.3
96880.2
96720.1
96561.3
96401.7
96248.4
96105.8
95982.7
95858.1
95740.9
95655.9
95575.1
95498
95471.2
95477
95471.1
95510.5
95567.5
95646.3
95742.7
95850.6
95977.6
96131.3
96304.9
96506.1
96725.8
96953.1
97199.6
97455.6
97713.7
97991.1
98282.1
98586.9
98900.5
99216.9
99547
99875.2
100209
100546
100882
101219
101541
101843
102148
102430
102682
102872
102936
102982
103036
103053
103067
103068
102914
102635
102345
102033
101684
101271
100764
100193
99564.8
98903.3
98232.8
97587.2
96903.4
96256.6
95559.8
94948.9
94380.7
93881.3
93427.4
92963.9
92451
91918
91580.7
96933.2
96832.9
96736.1
96643.8
96557.4
96477.3
96403
96334.8
96272.7
96216.5
96166.3
96121.8
96083.1
96050
96022.5
96000.5
95984
95973
95967.5
95967.3
95972.4
95982.8
95998.2
96018.7
96044.1
96074.2
96108.9
96148
96191.4
96238.9
96290.3
96345.2
96403.5
96465.1
96529.7
96597
96666.9
96738.9
96813.2
96888.8
96965.8
97043.9
97122.7
97201.7
97280.7
97359.5
97437.5
97514.6
97590.6
97665.2
97738.3
97809.4
97878.7
97945.8
98010.8
98073.4
98133.7
98191.5
98247.1
98300
98350.5
98398.5
98444.6
98488.4
98530.2
98570.1
98608.1
98644.7
98680
98713.7
98746
98777.3
98807.1
98835.7
98862.9
98889.1
98912.4
98935.4
98955.4
98972.1
98987.6
98998.9
99005.5
99010
99008.3
98999
98985.5
98966.9
98937.7
98899.2
98853.6
98798.9
98734.6
98657.7
98568.4
98468.2
98355.8
98236.3
98105.1
97964.6
97817.5
97662.1
97502.7
97334.2
97167.5
96995.1
96824.5
96652.2
96480.4
96319.5
96171.8
96027.4
95879.5
95753.6
95644
95537.7
95440.7
95395.7
95356.6
95348.7
95350.6
95372.9
95432.7
95496.8
95576.9
95680
95801.8
95948.9
96129.4
96325.3
96533.9
96765
97002.9
97236
97488.7
97760.4
98040.7
98341.4
98639.4
98942.1
99249.2
99556.4
99863.9
100161
100451
100715
100965
101202
101421
101603
101719
101709
101687
101666
101672
101636
101623
101502
101232
100926
100608
100245
99833.4
99322.2
98714.8
98065.5
97403.8
96725.2
96025
95323.5
94618.1
93940.3
93343.8
92803.6
92317.9
91847
91366.9
90894.9
90412.1
90117.5
97018.3
96926.5
96838.3
96753.8
96674
96599.2
96529.9
96465.9
96407.5
96354.7
96307.6
96266
96230
96199.5
96174.5
96155.1
96141.1
96132.5
96129.4
96131.6
96139.1
96151.7
96169.5
96192.2
96219.8
96252.1
96288.9
96330.1
96375.6
96425.1
96478.2
96534.9
96595
96658.4
96724.5
96793.1
96864.2
96937.4
97012.6
97089.6
97167.9
97246.8
97326.5
97406.3
97485.8
97564.7
97642.9
97720.1
97796
97870.6
97943.4
98014.2
98083.2
98149.7
98214.1
98275.9
98335.5
98392.5
98446.9
98498.8
98548.4
98595.4
98640.3
98682.9
98723.8
98762.7
98800.2
98835.7
98870.1
98902.8
98934.6
98965.3
98995.1
99023.2
99050.4
99076.2
99099.9
99122.4
99143
99160.4
99175.8
99187.8
99194.7
99198.9
99198.4
99189.6
99174.8
99155.7
99128.1
99089.5
99041
98982.5
98915
98837.7
98748.1
98646.2
98532.7
98409.7
98274.1
98130
97974.8
97813.6
97644.2
97468.3
97289.7
97107.4
96925.4
96738.7
96559.9
96390.9
96224.3
96055.5
95892.7
95746.2
95612.2
95480.5
95377.6
95287
95225
95191.7
95155.8
95155.5
95182
95209.4
95263.8
95340.6
95432.1
95557.3
95710.4
95877.7
96067.1
96281.8
96508
96725.7
96955.8
97211.8
97479.2
97752.3
98034
98316.9
98601.3
98881.2
99148.7
99406.5
99638
99844.3
100045
100211
100357
100445
100481
100427
100397
100286
100284
100214
100162
100063
99830.3
99524.2
99201.1
98832.8
98413.1
97900.4
97284.7
96614.3
95961.1
95274.7
94537.4
93827.9
93096.5
92419.1
91810.9
91283.1
90804.6
90332.9
89841.3
89398.9
88970.3
88740
97108
97025.2
96945.5
96869.2
96796.9
96728.9
96665.3
96606.8
96553.5
96505.3
96462.3
96424.8
96392.5
96365.6
96344.2
96328.1
96317.5
96312.2
96312.2
96317.5
96328
96343.6
96364.4
96390
96420.3
96455.2
96494.8
96538.7
96586.7
96638.6
96694
96753
96815.4
96880.8
96948.9
97019.5
97092.4
97167.3
97244.1
97322.2
97401.4
97482
97563.5
97643.5
97723.6
97803.3
97882
97959.7
98035.9
98110.6
98183.4
98254.3
98322.9
98389.2
98453.2
98514.7
98573.5
98629.7
98683.6
98734.6
98783.3
98829.4
98873.5
98915.4
98955.3
98993.1
99029.5
99064.2
99097.9
99130.1
99161.2
99191.2
99220.2
99248
99274.7
99300.1
99324.1
99346.1
99366.3
99384
99398.6
99410.1
99417.4
99420.3
99418.6
99410.7
99395.1
99372.2
99342.9
99304.4
99254.8
99193.3
99121.1
99039.3
98946.4
98840.7
98723.1
98594.2
98453.3
98301.8
98138.8
97968.5
97787.9
97603.4
97413.8
97221.2
97023.8
96827.4
96640.3
96450.9
96259.8
96072.6
95893.7
95720.9
95557.7
95413.6
95276.7
95153.2
95072.3
94993.9
94930.8
94907.2
94889.9
94885.6
94911
94959.4
95026
95128.1
95250.2
95389.7
95555.3
95753.5
95966.2
96179.8
96396.1
96628.3
96878.9
97134.1
97396.6
97666.1
97920.9
98171.8
98410.8
98624.2
98804.2
98963.4
99081.5
99162.1
99233.4
99223.3
99189.7
99119.9
99112.8
98953
98906.3
98812.2
98722
98620.4
98434.2
98144.9
97818
97447.5
97027.1
96512.9
95908
95238.3
94588
93900.1
93164.3
92425.6
91693.6
91000.9
90388.5
89832.1
89334.4
88876.8
88394.3
87972.2
87607.7
87420.2
97200.3
97126.9
97056.3
96988.9
96924.9
96864.6
96808.3
96756.6
96709.5
96667.3
96630
96597.7
96570.6
96548.6
96531.9
96520.4
96514.1
96513
96517.2
96526.6
96541.1
96560.6
96585
96614.2
96648.2
96686.8
96729.8
96776.9
96828
96882.9
96941.5
97003.5
97068.6
97136.5
97207.2
97280.3
97355.6
97432.8
97511.4
97591.4
97672.5
97754
97835.4
97918.2
98000.1
98080.9
98160.9
98239.5
98316.4
98391.7
98464.9
98536
98604.8
98671.3
98735
98796.3
98855.1
98910.9
98964.2
99014.7
99062.9
99108.5
99151.8
99192.9
99232.1
99269.3
99305
99338.8
99371.5
99402.8
99433.1
99462.2
99490.5
99517.7
99543.5
99568
99591.4
99612.6
99632
99648.9
99662.2
99672.2
99678.5
99679.3
99675.3
99666.1
99648
99621.8
99588.4
99546.3
99494.3
99429.8
99353.6
99265.6
99166.5
99054.8
98930.8
98793.9
98644.9
98484
98311.9
98129.6
97939.4
97743.8
97541.5
97334.5
97123.1
96916.1
96706.9
96492.4
96282.5
96074.9
95870.6
95670.5
95485.4
95313.3
95140.8
94999.1
94881.4
94761.9
94680.7
94617.1
94555.9
94523.3
94515.5
94533.6
94577.3
94650
94744.5
94862.1
95004.8
95178
95381.3
95592.3
95800.6
96015.1
96242.6
96487.1
96736.3
96975.4
97209.5
97439.3
97653.3
97830.5
97973.6
98077.7
98120.9
98124.9
98108.9
98022.8
97938.8
97837.2
97774.5
97672.7
97559.4
97444
97324
97213.1
97058.5
96796.3
96473.6
96101.8
95689.2
95178.6
94591.2
93939.5
93284.7
92591.5
91871.1
91119.4
90366.5
89668.8
89062
88480.2
87953.9
87475.6
86999.5
86630.9
86333.9
86166
97291.8
97228.7
97168.2
97110.4
97055.7
97004.4
96956.8
96913.2
96874
96839.3
96809.2
96783.9
96763.4
96747.8
96737.2
96731.7
96731.2
96735.8
96745.4
96760.1
96779.6
96804.1
96833.4
96867.4
96906
96949
96996.2
97047.5
97102.6
97161.5
97223.9
97289.6
97358.3
97429.7
97503.7
97580.1
97658.5
97738.5
97820
97902.6
97986
98069.8
98153.9
98237.8
98321.3
98404.4
98486.1
98566.2
98644.5
98720.9
98795.1
98867
98936.4
99003.4
99067.6
99129.2
99187.9
99243.8
99297
99347.5
99395.3
99440.6
99483.6
99524.3
99562.8
99599.4
99634.4
99667.6
99699.4
99729.9
99759.3
99787.2
99814.4
99840.4
99864.9
99888.1
99909.7
99929.3
99947
99961.6
99973.1
99980.6
99983.8
99981.7
99974.2
99960.8
99939.2
99909.1
99869.9
99821.8
99763.4
99693
99610.6
99515.5
99408.4
99288.4
99155.2
99008.6
98849
98676.8
98493.5
98299.3
98096.9
97886
97667
97443
97218.3
96990.2
96754.6
96519.7
96286.1
96051.6
95820.3
95597.2
95385.2
95175.2
94979.6
94814.1
94648.7
94504.3
94392.7
94280.4
94185.8
94122
94082
94069.7
94086.1
94129.7
94200.5
94296.4
94413.5
94554.2
94753.5
94961
95165.4
95372.3
95591
95814.1
96039.5
96259.6
96472.8
96680
96862.6
97007.7
97114.8
97167.7
97161.2
97108.7
97005.2
96874.4
96751.6
96628.1
96473.8
96384.9
96240.1
96122
95980.5
95859.2
95729.4
95492.5
95187.7
94811.2
94404.4
93905.5
93339.8
92714.4
92064.7
91353.4
90614.6
89888.1
89145.9
88451.2
87826.9
87245.7
86703.6
86188.7
85716.1
85370.3
85130.7
85009.9
97378.1
97326
97276.5
97229.6
97185.5
97144.7
97107.3
97073.6
97044
97018.5
96997.3
96980.6
96968.5
96961
96958.3
96960.4
96967.4
96979.2
96995.7
97017.1
97043.3
97074.2
97109.7
97149.7
97194.1
97242.7
97295.4
97352
97412.4
97476.4
97543.6
97614
97687.3
97763.3
97841.7
97922.2
98004.5
98088.4
98173.6
98259.8
98346.5
98433.6
98520.6
98607.4
98693.5
98778.8
98863.2
98946.4
99026.4
99104.7
99180.7
99254.2
99325
99393.1
99458.2
99520.6
99580
99636.5
99690
99740.8
99788.8
99834.3
99877.2
99917.7
99955.9
99992
100026
100059
100089
100119
100147
100173
100199
100223
100245
100266
100285
100302
100316
100328
100336
100339
100338
100331
100318
100298
100271
100234
100188
100132
100064
99984.9
99893.3
99788.3
99670.4
99539.6
99395
99236.3
99064.3
98878.6
98680.7
98472.1
98251.8
98022.4
97786.9
97544.7
97298.9
97045.9
96786.4
96526.3
96263.8
96003.9
95747
95496.3
95250.2
95009.7
94792.2
94585
94383
94215.2
94055.8
93901.5
93777.2
93679.9
93609.2
93566.8
93556.8
93572
93617.5
93686.8
93781.4
93909.9
94086.6
94291.6
94501.6
94701.6
94906.7
95114
95322
95525.2
95715.7
95890.1
96036.9
96151.6
96217
96235.8
96215.4
96146.2
95964.7
95779.6
95621.4
95479.5
95305.8
95145.7
94963.5
94842.4
94701.9
94564.8
94458
94238.2
93968.2
93594.2
93187.8
92700
92158.4
91559.9
90920.1
90210
89440.8
88732.5
88018.9
87342
86689.7
86096.4
85552.6
85033.7
84564.1
84209.7
84008
83936.3
97452.5
97412.5
97375
97340.3
97308.3
97279.5
97253.8
97231.6
97213.3
97198.8
97188.4
97182.3
97180.4
97183
97190
97201.6
97217.8
97238.6
97264
97294
97328.6
97367.5
97410.9
97458.4
97510.2
97566
97625.7
97689.2
97756.2
97826.6
97900.1
97976.7
98055.9
98137.7
98221.7
98307.6
98395.2
98484.2
98574.3
98665.2
98756.5
98847.9
98939.1
99029.8
99119.6
99208.2
99295.3
99380.6
99465.4
99547.8
99626.1
99701.8
99775
99845.2
99912.3
99976.2
100037
100095
100149
100201
100249
100295
100339
100379
100417
100453
100486
100517
100547
100575
100601
100625
100648
100669
100689
100706
100721
100734
100743
100749
100752
100749
100742
100728
100707
100679
100643
100597
100541
100474
100395
100303
100200
100082
99950.3
99805.2
99646.3
99473.2
99285.8
99084.1
98868.2
98639.8
98401
98153.2
97897.8
97633.9
97360.8
97081.8
96797.4
96507.9
96218.2
95931
95643.6
95361.5
95083.3
94815.8
94564.2
94317.5
94089.5
93881.7
93675.1
93487.1
93330.7
93202.7
93102.6
93030.8
92990.6
92975.4
92993.7
93043.2
93132.2
93257.7
93409.1
93601.7
93812.9
94013.2
94209.7
94404.3
94600.3
94783.4
94944.8
95080.1
95187.1
95268.3
95292.6
95289.1
95269.9
95183.4
94974.1
94751.4
94570
94392.7
94217.7
94015.2
93777.4
93620.4
93484.9
93331.9
93233.1
93034.3
92802.6
92446.5
92045.1
91570.4
91043.2
90458.3
89829.3
89163.1
88376.8
87664.3
86953.4
86287.8
85632.4
85013.2
84452.1
83971.5
83504.8
83164.7
82988.6
82948.1
97502.6
97474.9
97449.8
97427.4
97407.9
97391.4
97378.1
97368.2
97361.8
97359.3
97360.7
97366.1
97375.6
97389.4
97407.4
97429.7
97456.5
97487.6
97523
97562.8
97606.9
97655.2
97707.6
97764.1
97824.6
97888.9
97956.8
98028.3
98103.1
98181.2
98262.2
98346
98432.4
98521.1
98611.9
98704.4
98798.5
98893.7
98989.9
99086.6
99183.6
99280.5
99377.1
99472.9
99567.6
99660.9
99752.6
99842.2
99929.4
100014
100097
100177
100254
100327
100397
100464
100527
100587
100644
100697
100747
100794
100837
100878
100916
100951
100984
101015
101043
101069
101092
101114
101134
101151
101167
101180
101190
101197
101200
101200
101195
101185
101169
101146
101116
101077
101030
100972
100904
100824
100733
100628
100509
100377
100230
100068
99893.2
99703.3
99498.1
99278.4
99043.2
98795.4
98537.1
98268.6
97990
97700.9
97402.2
97096
96784.7
96467.7
96149.7
95833.5
95516.6
95202.4
94892.5
94593.8
94305.1
94026.5
93767.9
93517.2
93275.3
93058.7
92874.5
92718.2
92588.7
92488
92416.3
92374.1
92369.1
92409.2
92491.6
92601.5
92745.9
92925.2
93127.5
93326.3
93524
93715.2
93895.1
94051.1
94182.4
94272.6
94342.7
94397
94377.3
94350.4
94314.4
94199.5
94009.9
93800.1
93600.5
93394.3
93181.6
92961.2
92691.7
92483.9
92310.6
92167.6
92049.2
91873.9
91660.5
91326.5
90961.3
90491.1
89974.3
89402.4
88794.6
88151.1
87377.1
86644.1
85935.7
85248.6
84603
83976.8
83398.4
82908.2
82467.8
82165.2
82021.1
82020
97524.6
97507.4
97493.3
97482
97473.8
97468.3
97466.1
97467.2
97471.9
97480.3
97492.5
97508.7
97528.8
97553
97581.3
97613.9
97650.6
97691.5
97736.6
97785.8
97839.2
97896.5
97957.9
98023.2
98092.2
98164.8
98240.9
98320.4
98403.1
98488.8
98577.4
98668.6
98762.2
98857.9
98955.6
99054.9
99155.5
99257.2
99359.7
99462.5
99565.5
99668.3
99770.5
99871.8
99971.9
100070
100167
100261
100353
100442
100528
100612
100692
100768
100841
100910
100976
101039
101098
101153
101205
101253
101298
101339
101378
101413
101445
101475
101501
101525
101547
101566
101582
101596
101607
101615
101621
101622
101619
101612
101600
101581
101557
101525
101485
101436
101377
101308
101228
101136
101031
100912
100780
100633
100471
100295
100103
99897.2
99675.7
99438.7
99186.6
98920.2
98641.4
98352.3
98054.3
97741.5
97421.1
97091.9
96754.5
96413
96072
95729.6
95383.3
95039.9
94702.7
94374.5
94056.2
93751.8
93462.1
93177.4
92908.8
92669.9
92462
92279.3
92124.9
91999.5
91905.7
91848.8
91828.6
91857
91929
92032.5
92172.4
92340.7
92533.9
92730.7
92920.2
93109.4
93282.7
93415
93525
93584.8
93618
93645.1
93609.5
93555.8
93484.6
93351.6
93188.7
92999.8
92794
92572.1
92331.1
92078.5
91798.9
91523.5
91325.6
91192.8
91046
90876.5
90680.5
90325.9
90002.9
89566.2
89055.8
88506.9
87929.9
87241.9
86494.7
85758.5
85061.2
84353.7
83683.8
83056.8
82473.5
81973.4
81557.4
81287
81186.3
81233.2
97527.4
97518.6
97513.4
97511.2
97512.3
97515.8
97522.7
97532.9
97546.7
97564.2
97585.5
97610.6
97639.6
97672.7
97709.8
97751
97796.2
97845.6
97898.9
97956.3
98017.7
98083
98152.1
98225
98301.4
98381.4
98464.7
98551.3
98640.9
98733.4
98828.6
98926.4
99026.4
99128.4
99232.3
99337.6
99444.2
99551.7
99659.8
99768.3
99876.6
99984.7
100092
100198
100303
100407
100508
100607
100703
100796
100886
100972
101055
101134
101209
101281
101349
101413
101473
101530
101584
101633
101679
101722
101761
101796
101828
101857
101883
101905
101924
101940
101954
101964
101972
101976
101976
101972
101964
101951
101932
101906
101873
101833
101785
101727
101658
101579
101488
101385
101269
101138
100994
100835
100660
100471
100266
100046
99810.7
99560.3
99293
99011.3
98716.1
98411.6
98093.6
97764.1
97424.8
97075.4
96718.7
96357.4
95994.4
95629.7
95262.4
94897.2
94535.6
94183.1
93843.8
93517.7
93200.9
92891.9
92605.8
92349.4
92121.7
91921.1
91750.1
91607.5
91500.2
91433.4
91406
91426.4
91493
91594.5
91727.5
91886.4
92070.5
92261.6
92443.8
92620.9
92782.6
92906.8
93005.9
93055.1
93061.8
93061.6
93028
92954.8
92849.3
92712.6
92557.2
92381.5
92177.2
91944.9
91683.8
91415.6
91123.6
90835.1
90602.9
90468.6
90301.4
90124.1
89912.8
89552.2
89241.6
88834.6
88346.2
87825.9
87267.2
86514.3
85797.6
85082.5
84385.5
83656.5
82960.2
82330.9
81744.2
81242
80846.1
80614.4
80556.7
80639.9
97520
97518.8
97520.5
97525.1
97532.9
97543.7
97557.9
97575.6
97596.8
97621.6
97650.2
97682.7
97719.1
97759.4
97803.7
97852
97904.3
97960.6
98020.8
98085
98153.1
98224.9
98300.5
98379.7
98462.4
98548.6
98638
98730.5
98826
98924.3
99025.1
99128.5
99233.9
99341.4
99450.5
99561
99672.7
99785.2
99898.2
100011
100124
100237
100349
100459
100569
100676
100781
100884
100984
101080
101173
101263
101348
101429
101506
101580
101649
101715
101777
101835
101890
101941
101988
102031
102071
102106
102138
102166
102190
102211
102228
102242
102253
102261
102265
102265
102262
102253
102240
102222
102197
102165
102126
102079
102023
101957
101881
101793
101693
101581
101455
101315
101160
100991
100806
100606
100390
100159
99912.5
99650.8
99372.2
99078
98771.6
98451.9
98119.9
97776.4
97422
97057.4
96684.1
96305.5
95926.8
95546.7
95160.9
94773.8
94390.4
94019.9
93665
93321.9
92985.5
92661
92361
92089.7
91847.8
91636.1
91453.2
91302
91187.7
91113
91082.3
91098.4
91160.9
91258.3
91386.5
91537.8
91716.2
91896.3
92065.9
92233.7
92382
92500.4
92610.3
92650.5
92644.9
92629.1
92590.9
92504.7
92383.6
92242
92087.1
91917.2
91711.5
91467.6
91196.9
90918
90626.5
90348.2
90096.6
89937.7
89752.6
89574.9
89327.4
88956.1
88646.5
88268.1
87803.2
87306.4
86722.5
85971.7
85270.6
84571.5
83858.7
83113.5
82407.5
81769.4
81185.7
80680.6
80306.4
80109.6
80083.5
80193.2
97508.4
97512.6
97519.7
97529.8
97543.1
97559.5
97579.4
97602.8
97629.8
97660.5
97694.9
97733.2
97775.4
97821.5
97871.5
97925.5
97983.5
98045.4
98111.2
98180.8
98254.3
98331.4
98412.3
98496.6
98584.4
98675.5
98769.9
98867.2
98967.5
99070.5
99176.1
99283.9
99393.9
99505.8
99619.2
99734.1
99850
99966.6
100084
100201
100318
100434
100549
100663
100776
100887
100995
101101
101204
101304
101399
101491
101578
101661
101739
101814
101884
101951
102015
102075
102131
102183
102230
102274
102314
102349
102381
102408
102432
102451
102467
102479
102488
102493
102495
102492
102485
102474
102456
102433
102404
102367
102323
102270
102208
102136
102053
101959
101852
101732
101598
101450
101288
101110
100917
100708
100484
100244
99989
99717.9
99430.4
99127
98810.3
98480.3
98137.9
97783.2
97417.6
97040.7
96653.6
96262.6
95872.6
95477.3
95073.8
94670.5
94272.9
93890.1
93523
93166.2
92815.6
92480
92168.6
91886.9
91634
91412.3
91222.1
91067
90948.8
90870.2
90836.9
90850.2
90908.5
91002.4
91127.5
91275.9
91449
91622.2
91779
91936.1
92080.3
92197.2
92308.2
92342
92338.9
92321.2
92268.2
92170.1
92047.1
91904.2
91745.3
91573.4
91362.2
91105
90825.9
90545.6
90266.4
89988.7
89726
89538
89339.7
89161.4
88876.4
88510.8
88194.4
87843.1
87398.6
86902.5
86289.7
85574.8
84879.9
84180.7
83450
82699.4
81994.3
81347.8
80766.1
80272.5
79913.8
79738.6
79730.8
79857.7
97496.1
97504.3
97515.5
97529.7
97547.2
97567.9
97592.2
97620
97651.4
97686.6
97725.5
97768.3
97814.9
97865.5
97920
97978.5
98040.9
98107.1
98177.3
98251.2
98328.9
98410.2
98495.1
98583.5
98675.3
98770.4
98868.6
98969.8
99073.9
99180.6
99289.8
99401.2
99514.8
99630.2
99747.1
99865.4
99984.6
100105
100225
100345
100465
100584
100702
100819
100935
101048
101159
101268
101373
101476
101573
101667
101755
101839
101918
101993
102064
102131
102195
102254
102311
102365
102415
102460
102500
102535
102567
102594
102617
102635
102650
102661
102668
102672
102671
102666
102657
102642
102621
102595
102562
102522
102473
102416
102349
102272
102184
102084
101972
101846
101706
101552
101384
101200
101001
100785
100554
100308
100046
99767.4
99472.6
99162.3
98838.2
98500
98149.4
97787
97412.4
97024.6
96627.3
96228.4
95828
95418.2
95004.1
94592.4
94186.6
93794.5
93416
93046.2
92685.7
92341.8
92022.3
91731.9
91470.2
91240.3
91046.2
90887.6
90767.4
90687.9
90652.2
90663.4
90719.1
90812
90933.6
91080.8
91248.3
91420.7
91572.2
91717.9
91862.9
91985
92080.9
92117.8
92119.2
92099.2
92032.4
91926.7
91803.6
91658.5
91494.2
91315.5
91096.3
90826
90544.5
90270.3
89998.8
89726.4
89462.9
89248.1
89029.9
88837.7
88540.8
88186.5
87870.9
87521
87097.5
86589.7
85963.9
85280
84587.4
83884.7
83142.6
82394.4
81689.6
81038.6
80461.6
79979.6
79635
79469
79469.2
79606.1
97484.8
97496
97510.2
97527.5
97548.1
97572.1
97599.6
97630.6
97665.4
97703.9
97746.2
97792.4
97842.4
97896.4
97954.3
98016.1
98081.8
98151.4
98224.8
98302
98382.9
98467.4
98555.5
98647
98741.8
98839.9
98941.1
99045.2
99152.2
99261.7
99373.7
99487.9
99604.2
99722.3
99841.9
99962.8
100085
100207
100330
100452
100574
100696
100816
100935
101053
101168
101281
101392
101500
101604
101704
101799
101888
101973
102052
102127
102199
102266
102329
102390
102449
102503
102554
102599
102640
102676
102707
102733
102755
102773
102787
102797
102803
102805
102803
102796
102785
102768
102745
102716
102680
102637
102585
102524
102454
102373
102281
102177
102060
101931
101787
101628
101455
101266
101062
100842
100606
100355
100087
99803
99503
99187.7
98858
98513.6
98156.8
97788.1
97405.6
97010
96606.5
96200.9
95790.3
95372.3
94953.6
94536.6
94124.5
93724.2
93334.9
92955.3
92588.8
92238.7
91913.1
91616
91348.5
91112.5
90913.9
90753.7
90632.9
90553.4
90516.9
90526.3
90579.9
90671.5
90791.2
90936.1
91098.5
91270.9
91423.3
91561.1
91707.1
91834.5
91925.3
91969.7
91963.6
91935.8
91860.7
91753.8
91629.4
91481.5
91311.5
91124.2
90895.8
90613.6
90336
90069.2
89803.5
89537.1
89277.8
89043
88805.4
88593.1
88298.5
87964.8
87639.3
87289.3
86874.6
86349.2
85729.4
85059.7
84372.6
83665.1
82921
82178.5
81470.1
80817
80245.3
79775.6
79437.9
79273.6
79275
79419.5
97475.3
97488.7
97505.1
97524.7
97547.6
97573.9
97603.7
97637.2
97674.3
97715.2
97760
97808.6
97861.2
97917.6
97978
98042.3
98110.4
98182.5
98258.3
98337.9
98421.2
98508.1
98598.5
98692.2
98789.4
98889.7
98993.1
99099.4
99208.5
99320.2
99434.2
99550.5
99668.7
99788.8
99910.4
100033
100157
100281
100406
100530
100654
100777
100899
101019
101138
101255
101370
101483
101592
101698
101799
101894
101985
102070
102150
102226
102298
102366
102430
102491
102550
102604
102655
102700
102741
102777
102808
102834
102856
102874
102887
102896
102901
102902
102899
102891
102878
102859
102835
102804
102766
102720
102666
102603
102530
102446
102352
102245
102125
101992
101845
101683
101506
101314
101107
100883
100644
100389
100117
99828.2
99524.8
99205.6
98871.3
98522.4
98160.8
97786.3
97398.1
96997.9
96590.4
96178.6
95761.3
95339.4
94917.1
94495.9
94078.6
93671.6
93274.4
92889.3
92518.9
92164.8
91834.8
91532.5
91260.3
91020.7
90818
90656.3
90535.5
90456.9
90421.5
90429.8
90480.5
90569.9
90689.2
90831.5
90990.2
91161.5
91316.7
91453.3
91597
91725.6
91818.8
91861.4
91852.7
91818.9
91740.9
91634.8
91507.8
91356.4
91180.3
90983.9
90744
90461.3
90185
89924
89666.4
89403.3
89142
88899.7
88652.3
88417.8
88129.9
87813.3
87478.5
87125.2
86708
86169.9
85561.4
84903
84219
83507.8
82767.8
82030.7
81317.7
80663.9
80096.6
79634.9
79301.4
79134.3
79133.9
79286
97467.8
97482.8
97500.8
97522
97546.5
97574.4
97605.8
97640.9
97679.8
97722.4
97768.9
97819.3
97873.6
97931.8
97993.9
98059.9
98129.9
98203.7
98281.2
98362.6
98447.5
98536.2
98628.2
98723.7
98822.4
98924.3
99029.3
99137.2
99247.8
99361
99476.5
99594.1
99713.8
99835.3
99958.3
100082
100208
100333
100459
100585
100710
100834
100957
101079
101199
101317
101432
101546
101656
101762
101864
101961
102052
102138
102219
102296
102368
102436
102502
102563
102621
102676
102726
102772
102812
102848
102880
102906
102927
102944
102957
102966
102970
102971
102966
102957
102943
102924
102898
102866
102826
102779
102723
102658
102584
102498
102401
102292
102171
102036
101886
101722
101543
101348
101138
100912
100670
100413
100137
99846.2
99539.6
99217.3
98880
98527.7
98161.6
97782.9
97391.5
96988.6
96577.8
96161.6
95740.8
95316.1
94890.9
94466.3
94045.3
93633.4
93231.9
92844.7
92471.4
92114.1
91780.2
91473.7
91198.3
90956.9
90751.7
90587.8
90467.1
90389.7
90355.9
90364.2
90412.3
90499.7
90617.7
90758.2
90915
91084.2
91242.7
91382.3
91523.2
91650
91742.9
91784.4
91775.3
91738.4
91660.6
91553.9
91424.3
91269.9
91087.9
90883.3
90635.7
90354.1
90079.5
89823.2
89571.8
89311.1
89043.5
88797.9
88551.6
88297.6
88016.2
87708
87367.8
87008.9
86581.3
86044
85447
84795.6
84112.5
83400.2
82666
81932.8
81216.8
80562.3
79997.1
79540.1
79209.4
79039
79035.7
79195.4
97462.4
97478.4
97497.4
97519.7
97545.2
97574.2
97606.8
97643
97683
97726.8
97774.4
97826
97881.5
97940.9
98004.2
98071.4
98142.5
98217.5
98296.3
98378.8
98464.9
98554.8
98648
98744.6
98844.3
98947.3
99053.4
99162.4
99274.1
99388.2
99504.8
99623.4
99744
99866.4
99990.4
100116
100242
100368
100495
100621
100747
100872
100996
101119
101239
101358
101475
101588
101699
101806
101908
102005
102097
102184
102266
102343
102416
102484
102550
102611
102670
102724
102774
102820
102860
102896
102927
102953
102975
102992
103004
103013
103017
103017
103012
103002
102987
102967
102941
102907
102867
102819
102762
102696
102620
102533
102435
102325
102202
102065
101914
101748
101567
101371
101159
100932
100688
100428
100151
99858.1
99549.3
99224.8
98885.1
98530.2
98161.2
97779.8
97386.2
96981.7
96568.9
96150.4
95727.1
95300.1
94872.7
94445.9
94023.1
93608.3
93204.4
92815.8
92440.3
92080.9
91744
91434.6
91156.8
90914.4
90708.5
90543.1
90421.8
90345.1
90312.3
90320.8
90367.5
90453.2
90570
90709.7
90865.6
91032.3
91192.7
91335.1
91475.1
91600.5
91690.5
91733
91723.6
91684.7
91607.4
91500
91368.9
91211.7
91025
90813.9
90564.2
90284.2
90010.3
89756.6
89509
89250.5
88976.3
88729.2
88486.2
88220.5
87941.8
87634
87292.3
86926.6
86492
85961.2
85373.1
84726.1
84042.4
83330.5
82601.3
81870.6
81153.5
80498.3
79933.6
79478.7
79150.2
78977.2
78971.1
79137.1
97458.6
97475.2
97494.9
97517.8
97544
97573.7
97607
97644
97684.7
97729.3
97777.7
97830
97886.2
97946.4
98010.5
98078.4
98150.3
98226.1
98305.6
98388.9
98475.7
98566.2
98660.2
98757.5
98858
98961.7
99068.6
99178.2
99290.6
99405.4
99522.6
99641.9
99763.1
99886.1
100011
100136
100263
100390
100517
100644
100771
100896
101021
101144
101265
101384
101501
101615
101726
101832
101934
102032
102125
102213
102295
102373
102446
102515
102581
102643
102700
102755
102805
102850
102891
102926
102957
102983
103004
103021
103034
103042
103046
103046
103040
103030
103015
102994
102967
102934
102893
102844
102786
102720
102643
102556
102456
102345
102221
102084
101932
101765
101583
101386
101172
100944
100699
100437
100160
99865.3
99555
99229.2
98887.8
98531.2
98160.6
97777.6
97382.8
96977.4
96563.4
96143.4
95718.3
95290
94861.5
94433.5
94009.7
93593.5
93188.2
92798.1
92421.4
92061.3
91722.7
91410.7
91131.2
90888.6
90682.9
90516.7
90394.7
90317.9
90285.2
90293.8
90340
90424.7
90540.8
90680.2
90835.3
91000.2
91160.2
91305.2
91445.8
91569.9
91657.5
91700.5
91691.8
91651.1
91573.8
91466.3
91334
91174.9
90984.8
90770.1
90520.3
90242.2
89969
89715.9
89469.9
89212.8
88935.2
88686.3
88445.2
88174.5
87895.8
87586.4
87243.2
86873.2
86436.8
85912.6
85329.2
84684.2
84000
83288.8
82562.6
81833.2
81116.3
80461
79896.3
79442.1
79115.1
78940.4
78931.2
79103.2
97456.5
97473.4
97493.4
97516.6
97543.2
97573.3
97607
97644.4
97685.5
97730.5
97779.3
97832.1
97888.7
97949.3
98013.8
98082.2
98154.6
98230.8
98310.7
98394.4
98481.7
98572.6
98667
98764.7
98865.6
98969.8
99077
99187.1
99299.8
99415
99532.6
99652.3
99773.9
99897.2
100022
100148
100275
100402
100530
100657
100784
100910
101034
101158
101279
101399
101516
101630
101741
101847
101950
102048
102141
102229
102312
102390
102463
102533
102598
102660
102718
102772
102822
102867
102907
102943
102974
103000
103021
103038
103050
103059
103062
103062
103056
103046
103031
103010
102983
102949
102907
102858
102800
102733
102656
102568
102468
102356
102232
102094
101942
101774
101592
101394
101180
100951
100705
100443
100164
99869.3
99558.3
99231.6
98889.3
98531.8
98160.4
97776.6
97381.1
96975.2
96560.6
96139.7
95713.8
95284.8
94855.7
94427.2
94003
93586.1
93180.1
92789
92411.7
92051.5
91712
91398.5
91118.4
90875.8
90670
90503.5
90380.9
90303.8
90270.8
90279.2
90325.3
90409.5
90525.2
90664.5
90819.1
90983.3
91142.2
91289.1
91430
91553.3
91639.6
91682.9
91674.3
91632.8
91555.1
91447.6
91314.5
91154.1
90962.6
90746.3
90496.7
90220.7
89948
89694.4
89448.5
89192.1
88914.3
88663.8
88422.7
88150.4
87871.2
87561.2
87216.5
86844.7
86408.2
85888.1
85306
84661.9
83977.2
83266.5
82541.8
81813
81096.9
80442.2
79877.4
79423.3
79097.1
78921.5
78910.9
79085.7
97455.6
97472.5
97492.6
97515.9
97542.7
97572.9
97606.8
97644.3
97685.7
97730.8
97779.9
97832.8
97889.7
97950.4
98015.1
98083.7
98156.3
98232.6
98312.8
98396.6
98484.1
98575.2
98669.7
98767.6
98868.8
98973.1
99080.5
99190.7
99303.6
99419
99536.7
99656.5
99778.3
99901.8
100027
100153
100280
100407
100535
100662
100789
100915
101040
101164
101285
101405
101522
101636
101747
101854
101956
102054
102147
102235
102318
102397
102470
102540
102606
102668
102726
102780
102829
102874
102915
102950
102981
103007
103028
103045
103057
103066
103069
103069
103063
103053
103037
103016
102989
102955
102913
102864
102806
102739
102661
102573
102473
102361
102237
102099
101946
101778
101595
101397
101183
100954
100708
100445
100167
99871.3
99560
99233
98890.3
98532.5
98160.9
97776.8
97381
96974.8
96560
96138.8
95712.6
95283.4
94854
94425.4
94001.1
93584
93177.7
92786.2
92408.6
92048.3
91708.7
91394.7
91114.4
90871.6
90665.7
90499
90376.2
90298.8
90265.6
90273.7
90319.9
90403.8
90519.4
90658.5
90813
90976.7
91135.4
91283
91424
91546.8
91632.6
91676
91667.1
91625.5
91547.6
91439.8
91306.3
91145.5
90953.8
90737
90487.6
90212.6
89940.2
89686.2
89439.9
89183.4
88906.8
88655.4
88413.8
88141.6
87861.7
87552.1
87206.9
86834.2
86397.5
85878.7
85296.8
84653.3
83968.6
83258.2
82533.8
81805.5
81090.1
80435.7
79870.8
79416.7
79090.8
78914.7
78904.3
79078.6
95539.7
96535.7
97502.8
98394.6
99188.6
99897.5
100480
100969
101392
101783
102198
102621
103063
103502
103941
104323
104612
104707
104317
103295
101536
99207.2
96586.3
94468.2
93629
95609.6
96603.2
97561.8
98441
99220.6
99915.9
100490
100971
101387
101773
102186
102608
103049
103488
103928
104306
104593
104683
104290
103261
101491
99161.1
96544.8
94438.1
93589.9
95696.8
96678.3
97620.1
98479.3
99233.4
99903
100461
100926
101333
101710
102120
102540
102981
103423
103874
104256
104549
104641
104248
103230
101446
99116.5
96503.7
94400
93525.9
95812.3
96771
97688
98520.5
99235.9
99863.4
100399
100842
101237
101606
102011
102428
102868
103317
103785
104176
104479
104578
104193
103182
101399
99066.5
96457.9
94353.8
93436
95959.3
96883.7
97768.6
98564
99218.9
99794.1
100307
100721
101101
101463
101862
102275
102716
103172
103662
104065
104385
104495
104125
103124
101345
99010.1
96407.5
94300.3
93322.9
96136.7
97016.3
97862.9
98602.9
99177.8
99702
100194
100570
100933
101286
101678
102088
102532
102994
103506
103926
104269
104396
104045
103056
101282
98948.4
96353.4
94241.1
93192.3
96340.9
97169.5
97967.3
98635.8
99125.7
99599.3
100061
100398
100740
101081
101468
101874
102320
102788
103318
103762
104133
104282
103953
102979
101211
98882.2
96295.9
94177.7
93048.2
96577.1
97348.2
98078.8
98670.3
99081.9
99496.1
99911.5
100214
100529
100855
101236
101638
102086
102562
103097
103571
103978
104155
103851
102893
101134
98811.8
96235.8
94111.6
92894.7
96850.5
97548.2
98201.7
98718.7
99053.8
99393.5
99751.3
100024
100308
100617
100987
101386
101838
102320
102852
103356
103804
104015
103738
102799
101051
98737.6
96174
94044.6
92737.8
97157.7
97765.4
98362.7
98798.8
99042
99299.7
99591
99830.2
100082
100369
100726
101125
101578
102067
102595
103127
103612
103864
103616
102697
100962
98661.4
96111.8
93977.6
92586.4
97497.8
98019.9
98561.9
98887.1
99044.2
99218.2
99438.4
99638.7
99857.1
100119
100461
100857
101300
101800
102332
102893
103409
103703
103484
102587
100869
98583.1
96049.4
93911.7
92450.7
97879.2
98319.6
98711
98941.2
99052.5
99143.9
99297.8
99454.8
99638.1
99872.1
100197
100584
101010
101523
102068
102659
103200
103530
103344
102470
100772
98505.1
95987
93845.9
92300.7
98303.9
98616.6
98827.8
98993.3
99070
99082.8
99173.4
99283.5
99428.3
99632.6
99938.6
100309
100724
101248
101806
102428
102985
103345
103194
102347
100673
98426.6
95924.4
93777.2
92157.4
98762.8
98944.8
98991.9
99076.6
99110.6
99042.4
99062.8
99126.3
99231.5
99404.4
99688.5
100038
100445
100977
101546
102195
102768
103150
103036
102216
100572
98344.7
95864
93707.6
92029.1
99236.7
99331.7
99251
99195
99160.9
99012.9
98960.3
98984.4
99051.4
99191.5
99450.1
99777.6
100169
100707
101287
101960
102551
102952
102877
102081
100468
98260.7
95803.9
93645.4
91908.3
99714.7
99672.6
99511.3
99332.6
99202.9
98989.6
98869.6
98860
98888.3
98996.5
99226
99528.6
99901.1
100443
101035
101724
102340
102756
102717
101940
100360
98175
95745.5
93592.5
91804.6
100227
99965.7
99735.7
99472.6
99243.3
98981.6
98802.9
98756.1
98744.2
98821.2
99017.9
99292.1
99647.9
100192
100798
101492
102132
102561
102552
101797
100248
98087.7
95689.4
93548.4
91722.6
100694
100262
99947.5
99590.6
99295
98992.4
98758.2
98675.5
98624.5
98668.7
98827.9
99075.4
99401.4
99953.2
100576
101263
101920
102371
102382
101651
100132
97999.1
95636.4
93512.6
91664.9
101024
100536
100166
99710.7
99360.3
98999.5
98716
98605.6
98517.5
98527.6
98650.2
98865.8
99153.7
99717.4
100357
101037
101699
102175
102198
101492
100002
97899.8
95579.4
93480.2
91626.6
101258
100804
100364
99833.1
99420.9
98991.3
98672
98540.6
98409
98390.3
98490.2
98647.9
98921.8
99491.7
100134
100811
101478
101971
102001
101321
99860.6
97794.7
95525.6
93460.6
91620.2
101534
101050
100501
99920.9
99451.7
98970.1
98645.6
98492.3
98303.8
98268
98352.5
98435.2
98733
99289.2
99920.7
100598
101259
101763
101801
101146
99714.7
97690
95477.4
93453.7
91645.5
101802
101219
100582
99972.2
99446.7
98940.4
98608.6
98425
98212.8
98162
98213
98255.3
98577.6
99106.4
99722.1
100396
101044
101555
101602
100968
99565.1
97586.4
95435.1
93459.4
91688.1
101960
101308
100618
99993.7
99411.5
98889.3
98537.6
98308.1
98131
98054
98064.2
98113
98422.2
98928.8
99533.6
100201
100845
101353
101407
100789
99413.9
97484
95398.5
93476.9
91750.2
102022
101294
100585
99961.1
99322.7
98792.9
98442.2
98173.3
98026.2
97933.4
97931.1
97982.4
98258.5
98749.7
99351.5
100016
100657
101159
101215
100610
99262.3
97382.9
95367.1
93505.1
91831.5
101989
101180
100471
99829.2
99161.3
98638.2
98293.6
98034.8
97883.8
97794.4
97806.5
97862.1
98113.7
98586.2
99178.3
99844.8
100472
100964
101023
100431
99109.8
97283.4
95340.8
93543.5
91931.4
101837
101000
100276
99609.4
98960.5
98449.9
98100.1
97861.7
97719.3
97634.5
97670.6
97743.3
97989.5
98441.6
99018.7
99678.9
100296
100774
100831
100248
98955.7
97185.5
95319.4
93591.7
92046.8
101531
100722
99986.3
99340.1
98722.9
98208.7
97825.1
97628.3
97527.5
97453.6
97514.4
97615
97862.6
98297.9
98868.2
99513.9
100131
100594
100644
100064
98800.7
97089.4
95301.8
93649
92175.6
101045
100276
99557.4
98955
98357.4
97838.3
97438.3
97340.7
97300.6
97262.4
97342.7
97477
97724.8
98153.3
98724.3
99361.8
99975.6
100419
100462
99885.1
98650.8
96999.4
95288.5
93711.7
92310.3
100393
99673.9
99004
98389.4
97839.4
97378.2
97094.5
96986.7
97050.9
97056.3
97160.8
97325.9
97586.4
98013.5
98591.2
99225.9
99826.3
100252
100283
99709.1
98504.4
96914.8
95277.6
93775.9
92446.8
99614.8
98980.1
98387.3
97763.8
97289.2
96888.1
96655.6
96533.7
96760.2
96817.5
96959.2
97164
97446.7
97880.1
98469.3
99094.2
99680.2
100091
100105
99532.3
98358.9
96833.5
95269.4
93843.6
92588.9
98711.8
98173.6
97674.4
97152.5
96720.7
96358.6
96056.1
96026.6
96385.8
96539.9
96727.3
96994
97302.3
97752.9
98352.9
98964.2
99538.8
99931.9
99929.9
99356.7
98216.9
96755.4
95263.6
93913.7
92734.1
97690.5
97219
96811
96422.6
96040.2
95739.4
95416.8
95521.8
95930.1
96220.3
96464.6
96797.8
97154.2
97625.2
98236
98841.4
99402
99773.9
99754.3
99182.9
98079
96679.9
95259.4
93985.1
92880
96595.3
96183.9
95858.3
95552.7
95241.1
95005.5
94839.4
95027.6
95442.4
95864.6
96190.3
96570.7
96998.1
97493.6
98117.3
98725.1
99268.2
99618
99580.8
99012.7
97945.2
96607.1
95256.2
94056.2
93024.2
95446
95121
94863.3
94640.4
94437.2
94295.7
94300.2
94527.6
94964.4
95488.5
95914.3
96338
96830.6
97361.5
97995.2
98609.7
99137.8
99465.8
99412.1
98848.6
97816
96536.9
95253.5
94126.1
93165.1
94185.8
93935.7
93767.9
93659.4
93598.3
93615.9
93721.6
93989.6
94467.6
95073.5
95598.7
96093
96642.4
97222.9
97866.3
98486.8
99005.3
99313
99242.9
98686.5
97689
96468.6
95251.7
94196
93302.5
92844.9
92675.6
92594.1
92579.6
92653.9
92815.6
93031.6
93397.5
93935.8
94611.1
95227.9
95818
96432.2
97071
97734.3
98358.1
98870.8
99159.4
99073.7
98525.5
97563.2
96400.4
95248.7
94264
93434
91483.4
91416.3
91434.2
91503.9
91676.3
91937.3
92279.7
92778.7
93399.2
94136.5
94842
95527.4
96213
96911.2
97602.6
98231.1
98739.7
99009.4
98910.6
98370.5
97443
96334.6
95245.2
94329.9
93558.3
90099.9
90165.7
90282.5
90445.7
90702.4
91081.5
91549.1
92150.4
92861
93667.2
94459.5
95232.7
95988.2
96746.9
97469.4
98108.7
98612.2
98863.9
98754.4
98222.3
97328.9
96271.2
95241.1
94392.8
93675.5
88760.2
88950.3
89151.4
89413.3
89736.2
90225.5
90816.6
91505.9
92314.7
93200.9
94078.7
94933
95761.8
96580.3
97334.6
97989.8
98488.8
98724.3
98605.8
98081.2
97221.2
96210.3
95236.5
94450.1
93787.4
87483.5
87757.2
88042
88396.9
88797.9
89357.4
90057
90852.7
91760.2
92729.9
93694.3
94624.7
95536.4
96412.6
97201.1
97873.5
98370
98591.8
98464.9
97948.2
97119.3
96151.9
95231.9
94502.3
93894
86279.9
86596.2
86962.1
87396.3
87894.2
88514.8
89318.2
90219.5
91209.7
92255.6
93303.6
94314.4
95310.7
96243.5
97070.6
97761
98255.5
98466.4
98331.3
97823.1
97022.9
96095.7
95227.9
94550.9
93993.8
85168.6
85519
85935.6
86444.4
87030.4
87732.9
88624.7
89606.2
90665.6
91787.2
92911.4
94010.2
95085
96074.8
96942.5
97652.8
98145.5
98348.3
98205.7
97706.2
96931.6
96042.4
95226.6
94595.2
94086.3
84131.2
84521
84980.5
85556.8
86222.6
87014.4
87970.8
89011.9
90128.3
91324.9
92525.5
93711.1
94860.2
95909
96817.8
97549.2
98041.1
98238
98088.9
97597.7
96845.9
95993
95226.3
94636.7
94171.1
83169.9
83589.7
84104.8
84738.7
85484.9
86346.9
87357.9
88449.7
89608.2
90866.7
92147
93414
94635.7
95744.5
96696.9
97449
97942.3
98135.3
97980.9
97497.6
96766.6
95948
95226.7
94675.5
94248.2
82264.2
82700.4
83262
83957.5
84774.3
85697.6
86763.8
87904
89093.4
90397.9
91756.1
93106
94402.9
95573.7
96572.2
97345.9
97843.1
98033.2
97874.2
97398.5
96688.7
95904.8
95227.1
94714.4
94325
81491.9
81941.6
82531
83280.7
84141.2
85123.4
86237.3
87422.4
88640.5
89970.6
91390.2
92816.2
94183.2
95413
96453.7
97249.1
97752.4
97941.1
97779.4
97310.7
96622.1
95871.3
95226
94749.8
94392.6
80908.9
81368.4
81977.5
82752.9
83645.6
84671
85816.8
87035.1
88284
89630.6
91094.4
92578.4
94000.6
95279.2
96353.8
97169.1
97679.9
97868.6
97706.5
97243.7
96572.8
95847.8
95225.6
94777.2
94442.1
80474.4
80940.6
81561
82345.3
83265.6
84317.5
85487.6
86731.2
88003.7
89363.2
90860.2
92387.4
93850.9
95168.1
96270.6
97103.8
97622.5
97812.4
97651.3
97193.7
96536.8
95831.7
95225.9
94798.4
94477.7
80147.9
80621.7
81250.7
82040.9
82977.7
84045.4
85234.9
86497
87787.1
89159
90679.1
92236.7
93730
95076.8
96202.6
97051.1
97577.5
97769.5
97610.3
97157.1
96511.1
95821
95226.7
94814.3
94503.4
79901.7
80384.5
81020.2
81815.2
82759.3
83838.4
85042.7
86317.2
87621
89007.2
90542.4
92119.7
93634.5
95002.9
96147.8
97009
97542.7
97737.3
97580.5
97131
96493.1
95814.4
95227.8
94826.2
94521.6
79720.7
80209.2
80848.2
81645.1
82594.1
83682.9
84897.6
86181.1
87496.3
88896.1
90440.9
92029.9
93559.7
94944.3
96104.1
96975.7
97516
97713.8
97559.5
97112.8
96480.9
95810.7
95229
94835.2
94534.4
79591.8
80079.5
80719
81517.2
82471.8
83568.1
84789.1
86079.4
87405.1
88816.2
90366
91962.2
93502
94898.6
96069.8
96949.9
97496
97697.1
97545.2
97100.7
96473.1
95808.9
95230.3
94842
94543
79501.4
79984.5
80623.2
81423.7
82383.6
83484.6
84709
86005.2
87339.7
88759.1
90311.2
91911.6
93458.1
94863.6
96043.5
96930.3
97481.5
97685.8
97536.2
97093.3
96468.6
95808.3
95231.6
94847.3
94548.5
79439.8
79917.9
80556
81358.4
82321.3
83424.6
84650.9
85951.7
87293.1
88718
90271.2
91873.9
93425
94836.8
96023.4
96915.7
97471.3
97678.5
97530.9
97089.3
96466.4
95808.6
95233.2
94851.4
94551.8
79400.7
79874.7
80512.2
81314.9
82278.5
83382.6
84609.9
85913.8
87259.8
88688.3
90242.1
91846.1
93400.2
94816.5
96008.2
96904.9
97464.1
97674.1
97528.3
97087.7
96466
95809.6
95234.8
94854.4
94553.6
79378.4
79849.3
80485.3
81287.1
82250
83354.2
84582
85887.8
87236.5
88667.1
90221.3
91826.1
93382.2
94801.6
95997.1
96897.4
97459.7
97672
97527.8
97087.8
96466.7
95811
95236.4
94856.6
94554.2
79367.2
79835.6
80470
81270.5
82232.5
83336.3
84564.3
85871
87221
88652.2
90206.5
91812.1
93369.9
94791.6
95989.7
96892.8
97457.7
97672.4
97529.9
97090.9
96470.2
95814.1
95238.8
94858.4
94554.3
)
;

boundaryField
{
    inlet
    {
        type            zeroGradient;
    }
    outlet
    {
        type            waveTransmissive;
        phi             phi;
        rho             rho;
        psi             psi;
        gamma           1.3;
        fieldInf        100000;
        lInf            0.3;
        value           nonuniform List<scalar> 
57
(
92550.3
92490.1
92427
92363.6
92296.7
92219.6
92133.8
92042.6
91947.5
91851.5
91796.7
91706
91630.9
91551.5
91511.8
91488.1
91481.2
91491.5
91520.5
91577.8
91660.7
91754.7
91864.6
91988.1
92123.8
92268.3
92419.5
92569.5
92714.9
92860.9
93006.3
93150
93290.9
93429
93565.4
93697.4
93823.8
93944.7
94061
94172.1
94277.3
94376.1
94468
94552.9
94638.5
94715.7
94773.2
94815.1
94845.9
94868.3
94884.4
94895.5
94903
94907.7
94910.5
94911.8
94912.4
)
;
    }
    upperWall
    {
        type            zeroGradient;
    }
    lowerWall
    {
        type            zeroGradient;
    }
    frontAndBack
    {
        type            empty;
    }
}


// ************************************************************************* //
