/*--------------------------------*- C++ -*----------------------------------*\
| =========                 |                                                 |
| \\      /  F ield         | OpenFOAM: The Open Source CFD Toolbox           |
|  \\    /   O peration     | Version:  dev                                   |
|   \\  /    A nd           | Web:      http://www.openfoam.org               |
|    \\/     M anipulation  |                                                 |
\*---------------------------------------------------------------------------*/
FoamFile
{
    version     2.0;
    format      ascii;
    class       volScalarField;
    object      pMean;
    location    "9.156";
}
// * * * * * * * * * * * * * * * * * * * * * * * * * * * * * * * * * * * * * //

dimensions      [1 -1 -2 0 0 0 0];

internalField   nonuniform List<scalar> 
12225
(
98310.4
98290.6
98276.9
98269.9
98255.6
98246.2
98227.8
98218.2
98196.7
98187.9
98163.2
98156.4
98125.4
98119.1
98078.3
98038.6
97949.5
97583.5
98305.9
98289.6
98276.3
98269.4
98255
98245.6
98227.1
98217.6
98196
98187.5
98162.5
98155.9
98125
98117.2
98076.6
98042.7
97950.4
97789.3
98302.2
98288
98275.3
98268
98253.6
98244.2
98225.6
98216.3
98194.6
98186
98161.7
98153.8
98125.6
98113.8
98078.9
98043.6
97976.2
97887.4
98297.1
98285.1
98273.2
98265.5
98251.2
98241.5
98223.5
98213.6
98192.8
98183.4
98160.3
98150.7
98124.5
98111.6
98079.8
98052
98003.5
97934.7
98290.5
98280.7
98269.6
98261.5
98247.6
98237.3
98220.5
98209.4
98190.4
98179.1
98158.8
98146.2
98124.7
98108.4
98081.8
98057.5
98017.7
97985
98282.2
98274.5
98263.7
98255.5
98242
98231.4
98215.3
98203.7
98186
98173.8
98155.6
98142
98123.6
98106.7
98085.3
98060
98037.9
98017.5
98271.9
98265.6
98255.2
98246.8
98234.2
98223
98208.2
98195.7
98179.9
98166.4
98151
98136
98121.4
98103.8
98089.5
98068.6
98058.2
98043.3
98261.2
98255.5
98245.9
98237.2
98225.5
98213.9
98200.4
98187.2
98173.2
98158.9
98145.7
98130.1
98118.6
98101.3
98092.5
98074.7
98073
98058
98250.4
98244.9
98236.1
98227.2
98216.4
98204.6
98192.1
98178.6
98166
98151.3
98139.9
98124.4
98114.7
98098.7
98092.4
98078.3
98078
98066
98236.8
98231.3
98223.6
98214.6
98204.7
98192.9
98181.4
98167.9
98156.6
98142
98132.1
98117.2
98109
98094.6
98089.6
98077.8
98077.1
98068.8
98219.9
98214.4
98207.8
98199.1
98189.9
98178.4
98167.7
98154.7
98144.2
98130.6
98121.2
98108.1
98100.1
98088.6
98082.9
98074.4
98071.7
98066.5
98199.3
98193.6
98188.4
98179.9
98171.6
98160.5
98150.6
98138.3
98128.7
98116.2
98107.5
98096
98088.5
98079.2
98073.5
98067.1
98063.5
98059.9
98174.5
98169.3
98164.7
98157.2
98149.2
98139.3
98129.9
98119
98109.7
98099.1
98090.6
98081.3
98074.1
98066.9
98061.4
98056.6
98053
98050.2
98146.3
98141.5
98137.5
98131
98123.7
98114.8
98106.2
98096.7
98088.2
98079.2
98071.5
98063.9
98057.5
98051.8
98047.1
98043.3
98040.3
98038.2
98116.2
98112.5
98108.7
98103.3
98096.8
98089.2
98081.4
98073.3
98065.7
98058.2
98051.5
98045.4
98040.1
98035.5
98031.8
98028.9
98026.7
98025.2
98088.5
98085.7
98082.4
98077.9
98072.3
98065.8
98059
98052.1
98045.5
98039.3
98033.7
98028.8
98024.5
98020.9
98018
98015.9
98014.3
98013.4
98069.9
98068
98065.2
98061.3
98056.3
98050.7
98044.7
98038.8
98033.1
98027.9
98023.1
98018.9
98015.4
98012.4
98010.1
98008.5
98007.3
98006.7
98070.2
98068.5
98066
98062.2
98057.5
98052.2
98046.6
98041
98035.7
98030.7
98026.2
98022.3
98018.9
98016.1
98013.9
98012.2
98011
98010.3
98089.9
98088
98085.2
98081.2
98076.3
98070.8
98065
98059.2
98053.6
98048.4
98043.6
98039.3
98035.6
98032.4
98029.7
98027.5
98025.9
98024.6
98120.6
98118.5
98115.1
98110.6
98105.1
98099.1
98092.8
98086.4
98080.3
98074.4
98069
98064.1
98059.7
98055.8
98052.5
98049.7
98047.3
98045.3
98155.4
98152.9
98148.8
98143.6
98137.5
98130.9
98123.9
98116.9
98110.1
98103.6
98097.4
98091.8
98086.6
98082
98077.9
98074.3
98071.2
98068.5
98189.3
98186.2
98181.4
98175.6
98168.9
98161.6
98154.1
98146.5
98139
98131.8
98125
98118.6
98112.8
98107.4
98102.6
98098.3
98094.4
98091
98219.5
98215.8
98210.3
98203.8
98196.6
98188.8
98180.8
98172.7
98164.7
98156.9
98149.5
98142.5
98136
98130.1
98124.6
98119.7
98115.2
98111.2
98244.8
98240.5
98234.2
98227
98219.3
98211.2
98202.8
98194.3
98185.9
98177.7
98169.8
98162.3
98155.3
98148.9
98142.9
98137.4
98132.5
98127.9
98265
98259.8
98252.7
98245
98237
98228.7
98220
98211.2
98202.5
98193.9
98185.7
98177.8
98170.5
98163.6
98157.2
98151.4
98146
98141.1
98280.7
98274.4
98266.3
98258.1
98250
98241.5
98232.7
98223.7
98214.8
98205.9
98197.4
98189.3
98181.7
98174.5
98167.9
98161.7
98156.1
98150.9
98292.5
98284.6
98275.6
98267.1
98258.8
98250.3
98241.4
98232.4
98223.3
98214.3
98205.6
98197.3
98189.5
98182.2
98175.3
98169
98163.1
98157.7
98301.2
98291.4
98281.3
98272.6
98264.4
98255.9
98247
98237.9
98228.8
98219.7
98210.9
98202.5
98194.6
98187.1
98180.1
98173.7
98167.7
98162.2
98307.3
98295.2
98284
98275.4
98267.4
98259
98250.2
98241.1
98231.9
98222.8
98214
98205.5
98197.5
98189.9
98182.9
98176.3
98170.3
98164.7
98313.2
98297.7
98285.6
98276.8
98268.6
98260.3
98251.5
98242.4
98233.2
98224.1
98215.2
98206.7
98198.7
98191.1
98184
98177.4
98171.4
98165.8
98310.3
98309.9
98309.1
98308
98306.5
98304.6
98302.4
98299.8
98296.8
98293.3
98289.5
98285.2
98280.6
98275.7
98270.5
98265
98259.3
98253.4
98247.3
98241
98234.6
98228
98221.3
98214.5
98207.6
98200.7
98193.6
98186.6
98179.5
98172.4
98165.3
98158.3
98151.2
98144.3
98137.4
98130.7
98124
98117.5
98111.2
98105.1
98099.2
98093.5
98088.1
98082.9
98078.1
98073.6
98069.5
98065.8
98062.5
98059.7
98057.3
98055.4
98054
98053.1
98052.9
98053.2
98054.2
98055.8
98058.1
98061
98064.7
98069.1
98074.1
98080
98086.5
98093.7
98101.7
98110.4
98119.7
98129.6
98140.2
98151.4
98163.2
98175.4
98188.2
98201.4
98215.1
98229
98243.3
98257.9
98272.7
98287.7
98302.9
98318.1
98333.4
98348.6
98363.8
98378.9
98393.8
98408.5
98423
98437.1
98450.9
98464.2
98477.1
98489.6
98501.5
98512.8
98523.5
98533.7
98543.2
98552.1
98560.3
98567.9
98574.8
98581.1
98586.9
98592
98596.6
98600.7
98604.4
98607.6
98610.5
98612.9
98615.1
98617
98618.7
98620.1
98621.4
98622.5
98623.6
98624.6
98625.8
98627.1
98628.7
98630.7
98633.4
98636.8
98641.2
98646.9
98653.9
98662.6
98673.4
98686.2
98701.6
98719.6
98740.4
98764.2
98791
98820.9
98853.9
98889.8
98928.6
98970.1
99014.5
99061.1
99110
99160.7
99213.3
99267.5
99323
99379.4
99436.4
99493.8
99551
99607.6
99663
99716.8
99767.8
99815.6
99859.1
99897.5
99929.5
99954.6
99971.3
99978.9
99976.2
99963.2
99939.2
99904.5
99859.1
99804.4
99740.4
99669.7
99592.7
99512.2
99427.6
99342.9
99256.1
99172.9
98303.3
98303
98302.2
98301
98299.5
98297.6
98295.4
98292.8
98289.8
98286.4
98282.6
98278.5
98274
98269.2
98264.1
98258.8
98253.3
98247.5
98241.6
98235.5
98229.3
98222.9
98216.4
98209.8
98203
98196.2
98189.4
98182.5
98175.5
98168.6
98161.7
98154.7
98147.9
98141.1
98134.4
98127.8
98121.3
98114.9
98108.7
98102.7
98096.9
98091.3
98086
98081
98076.3
98071.9
98067.8
98064.2
98060.9
98058.1
98055.7
98053.8
98052.4
98051.5
98051.2
98051.5
98052.4
98053.9
98056.1
98059
98062.6
98066.9
98071.8
98077.5
98083.9
98091
98098.8
98107.3
98116.5
98126.3
98136.7
98147.6
98159.2
98171.3
98183.8
98196.8
98210.2
98224
98238
98252.4
98267
98281.7
98296.6
98311.6
98326.6
98341.5
98356.5
98371.2
98385.9
98400.3
98414.4
98428.3
98441.7
98454.8
98467.4
98479.6
98491.2
98502.3
98512.8
98522.7
98531.9
98540.6
98548.6
98556
98562.8
98568.9
98574.5
98579.5
98584
98588
98591.6
98594.7
98597.5
98599.9
98602
98603.9
98605.5
98606.8
98608
98609.1
98610.1
98611
98612.1
98613.2
98614.7
98616.5
98619
98622.1
98626.2
98631.5
98638.2
98646.4
98656.7
98669
98683.7
98701.1
98721.2
98744.2
98770.2
98799.1
98831.1
98866.1
98903.8
98944.3
98987.5
99033
99080.7
99130.3
99181.7
99234.7
99289.1
99344.3
99400.2
99456.5
99512.7
99568.3
99622.8
99675.8
99726.1
99773.3
99816.4
99854.5
99886.4
99911.6
99928.7
99936.8
99935
99923.1
99900.3
99867.2
99823.4
99770.3
99708.2
99639.3
99564
99485.2
99402.3
99319.1
99233.3
99148.3
98290.6
98290.3
98289.5
98288.3
98286.7
98284.7
98282.4
98279.8
98276.8
98273.4
98269.7
98265.6
98261.3
98256.7
98251.9
98246.8
98241.6
98236.2
98230.6
98224.9
98219.1
98213.1
98206.9
98200.7
98194.3
98187.9
98181.3
98174.7
98168.1
98161.4
98154.8
98148.1
98141.5
98135
98128.5
98122.2
98115.9
98109.8
98103.8
98098
98092.4
98087
98081.9
98077
98072.4
98068.1
98064.2
98060.6
98057.4
98054.6
98052.2
98050.3
98048.9
98047.9
98047.5
98047.7
98048.6
98050
98052
98054.8
98058.2
98062.2
98067
98072.4
98078.5
98085.4
98092.9
98101.1
98109.9
98119.3
98129.4
98140
98151.2
98162.9
98175
98187.6
98200.6
98213.9
98227.5
98241.4
98255.5
98269.8
98284.2
98298.7
98313.2
98327.7
98342
98356.3
98370.4
98384.2
98397.8
98411.1
98424
98436.5
98448.6
98460.2
98471.3
98481.8
98491.8
98501.2
98510
98518.3
98525.9
98532.9
98539.3
98545.2
98550.5
98555.2
98559.5
98563.2
98566.6
98569.6
98572.2
98574.5
98576.5
98578.2
98579.7
98580.9
98582
98582.9
98583.7
98584.4
98585.2
98586.1
98587.2
98588.6
98590.5
98593.1
98596.6
98601.1
98607
98614.4
98623.6
98634.8
98648.3
98664.3
98682.9
98704.3
98728.6
98755.7
98785.9
98818.7
98854.4
98892.7
98933.7
98976.9
99022.3
99069.5
99118.6
99169.2
99221.2
99274.1
99327.8
99381.9
99436
99489.6
99542.2
99593.4
99642.1
99688
99729.9
99767.2
99798.6
99823.7
99841.2
99850
99849.6
99839.5
99819
99788.5
99747.8
99698.2
99639.6
99574.4
99502.7
99427.5
99348
99268
99185
99101.1
98273.2
98272.9
98272.1
98270.9
98269.3
98267.3
98265
98262.3
98259.3
98256
98252.4
98248.5
98244.4
98240
98235.4
98230.7
98225.8
98220.8
98215.7
98210.4
98205
98199.4
98193.8
98188
98182.1
98176.1
98170.1
98163.9
98157.8
98151.6
98145.4
98139.2
98133
98126.9
98120.8
98114.8
98108.9
98103.1
98097.4
98091.9
98086.6
98081.4
98076.5
98071.8
98067.3
98063.2
98059.4
98055.9
98052.8
98050
98047.7
98045.8
98044.3
98043.3
98042.8
98042.9
98043.6
98044.8
98046.7
98049.2
98052.3
98056.1
98060.5
98065.6
98071.3
98077.8
98084.9
98092.6
98101
98110
98119.5
98129.7
98140.3
98151.5
98163.1
98175.1
98187.4
98200.1
98213.1
98226.4
98239.8
98253.4
98267.1
98280.9
98294.6
98308.4
98322
98335.6
98348.9
98362
98374.8
98387.4
98399.5
98411.3
98422.6
98433.4
98443.7
98453.6
98462.8
98471.6
98479.8
98487.4
98494.4
98500.9
98506.8
98512.2
98517.1
98521.5
98525.4
98528.9
98532
98534.7
98537.1
98539.2
98541
98542.6
98543.8
98544.9
98545.7
98546.4
98546.9
98547.3
98547.7
98548.1
98548.7
98549.6
98550.8
98552.6
98555.1
98558.7
98563.4
98569.4
98577.2
98586.9
98598.6
98612.7
98629.3
98648.5
98670.4
98695.1
98722.6
98752.7
98785.4
98820.8
98858.7
98898.7
98940.9
98985
99030.9
99078.4
99127.1
99177
99227.6
99278.8
99330
99380.8
99430.8
99479.5
99526.2
99570.1
99610.4
99646.5
99677
99701.8
99719.4
99729.1
99730
99721.9
99704.2
99677
99640.2
99594.8
99540.9
99480.5
99413.7
99343.3
99268.5
99193
99114.2
99034.1
98252
98251.7
98251
98249.9
98248.3
98246.4
98244.2
98241.5
98238.6
98235.4
98231.9
98228.2
98224.3
98220.2
98215.9
98211.5
98207
98202.4
98197.6
98192.8
98187.8
98182.8
98177.7
98172.4
98167
98161.6
98156.1
98150.6
98145
98139.4
98133.7
98128.1
98122.5
98116.8
98111.3
98105.8
98100.3
98095
98089.7
98084.6
98079.6
98074.8
98070.1
98065.7
98061.5
98057.5
98053.9
98050.5
98047.5
98044.8
98042.5
98040.6
98039.1
98038
98037.4
98037.4
98037.8
98038.9
98040.5
98042.6
98045.4
98048.8
98052.8
98057.5
98062.8
98068.7
98075.3
98082.5
98090.3
98098.7
98107.6
98117.1
98127.1
98137.5
98148.4
98159.7
98171.3
98183.2
98195.4
98207.8
98220.4
98233.1
98245.9
98258.8
98271.7
98284.5
98297.2
98309.8
98322.2
98334.4
98346.3
98357.9
98369.1
98380
98390.3
98400.2
98409.7
98418.6
98427
98435
98442.3
98449.2
98455.5
98461.3
98466.7
98471.5
98475.8
98479.8
98483.3
98486.3
98489.1
98491.5
98493.6
98495.5
98497
98498.3
98499.3
98500.1
98500.6
98500.9
98501.1
98501.1
98501
98500.9
98500.8
98500.9
98501.3
98502.1
98503.5
98505.8
98509.1
98513.6
98519.6
98527.3
98537
98548.8
98562.9
98579.5
98598.5
98620.1
98644.4
98671.2
98700.5
98732.2
98766.5
98802.8
98841.1
98881.4
98923.5
98967.1
99012.2
99058.2
99105.2
99152.9
99200.5
99248
99294.8
99340.6
99384.6
99426.1
99464.4
99498.8
99528.2
99552.3
99570
99580.3
99582.6
99576.7
99561.9
99538.5
99506.1
99465.7
99417.1
99362.5
99301.4
99237
99168
99098.1
99024.8
98950.1
98228.6
98228.4
98227.8
98226.7
98225.3
98223.5
98221.4
98218.9
98216.2
98213.1
98209.8
98206.3
98202.6
98198.8
98194.8
98190.7
98186.5
98182.3
98177.9
98173.5
98169
98164.4
98159.8
98155
98150.2
98145.4
98140.5
98135.5
98130.5
98125.5
98120.5
98115.4
98110.4
98105.4
98100.4
98095.4
98090.6
98085.7
98081
98076.3
98071.7
98067.3
98063
98058.9
98055
98051.3
98047.8
98044.6
98041.7
98039.1
98036.9
98035
98033.4
98032.3
98031.6
98031.4
98031.6
98032.4
98033.7
98035.6
98038
98040.9
98044.5
98048.6
98053.4
98058.7
98064.7
98071.2
98078.3
98086
98094.2
98102.9
98112.1
98121.8
98131.8
98142.2
98152.9
98163.9
98175.2
98186.6
98198.2
98210
98221.8
98233.6
98245.4
98257.2
98268.8
98280.4
98291.7
98302.8
98313.6
98324.1
98334.3
98344
98353.4
98362.2
98370.7
98378.6
98386.1
98393.1
98399.6
98405.6
98411.1
98416.2
98420.8
98425
98428.7
98432.1
98435.1
98437.7
98440.1
98442.1
98443.9
98445.3
98446.5
98447.5
98448.1
98448.5
98448.7
98448.7
98448.3
98447.9
98447.2
98446.4
98445.6
98444.9
98444.3
98444
98444.1
98444.9
98446.6
98449.4
98453.4
98458.9
98466.2
98475.4
98486.8
98500.3
98516.2
98534.4
98555.2
98578.2
98603.7
98631.4
98661.5
98693.7
98727.9
98764
98801.9
98841.3
98882.2
98924.2
98967.1
99010.7
99054.4
99098.2
99141.6
99183.9
99224.8
99263.7
99299.6
99332
99359.9
99383.1
99400.4
99411.1
99414.7
99411
99399.2
99379.7
99351.9
99316.7
99273.9
99225.4
99170.7
99112.9
99050.4
98987.1
98920.2
98852.1
98204.2
98204
98203.5
98202.6
98201.3
98199.7
98197.7
98195.5
98193
98190.2
98187.1
98183.9
98180.5
98177
98173.3
98169.5
98165.7
98161.8
98157.8
98153.8
98149.7
98145.5
98141.3
98137.1
98132.8
98128.5
98124.1
98119.8
98115.4
98110.9
98106.5
98102
98097.6
98093.2
98088.8
98084.4
98080.1
98075.8
98071.5
98067.3
98063.2
98059.2
98055.3
98051.5
98047.9
98044.5
98041.3
98038.3
98035.5
98033
98030.8
98028.9
98027.4
98026.2
98025.3
98024.9
98025
98025.5
98026.5
98028
98030
98032.5
98035.6
98039.2
98043.3
98048
98053.3
98059.2
98065.5
98072.4
98079.8
98087.7
98096
98104.7
98113.8
98123.3
98133
98143
98153.2
98163.6
98174.2
98184.8
98195.5
98206.2
98216.8
98227.4
98237.9
98248.2
98258.4
98268.3
98277.9
98287.3
98296.2
98304.8
98313
98320.8
98328.1
98335
98341.5
98347.5
98353.1
98358.2
98362.9
98367.1
98371
98374.5
98377.5
98380.3
98382.7
98384.8
98386.7
98388.3
98389.6
98390.6
98391.4
98392
98392.2
98392.2
98392
98391.4
98390.6
98389.6
98388.3
98386.8
98385.1
98383.4
98381.8
98380.2
98378.9
98378.2
98378.2
98379.1
98380.9
98384.1
98388.9
98395.4
98403.7
98414.2
98426.6
98441.3
98458.3
98477.5
98498.9
98522.5
98548.3
98576.2
98606
98637.8
98671.2
98706.2
98742.7
98780.4
98819
98858.3
98898
98937.9
98977.5
99016.2
99053.7
99089.4
99122.7
99152.8
99178.8
99200.7
99217.4
99228.3
99233
99231.3
99222.3
99206.6
99183.1
99153.2
99116.1
99074
99026
98975.2
98919.7
98863.4
98803.5
98742.7
98180
98179.9
98179.5
98178.7
98177.6
98176.2
98174.5
98172.6
98170.3
98167.8
98165.1
98162.2
98159.1
98155.9
98152.5
98149.1
98145.6
98142
98138.4
98134.7
98131
98127.3
98123.5
98119.7
98115.9
98112.1
98108.3
98104.4
98100.5
98096.6
98092.7
98088.8
98084.9
98081.1
98077.2
98073.4
98069.5
98065.7
98062
98058.2
98054.5
98050.9
98047.4
98043.9
98040.6
98037.5
98034.5
98031.7
98029.1
98026.7
98024.5
98022.6
98021.1
98019.8
98018.8
98018.3
98018.1
98018.4
98019
98020.2
98021.7
98023.8
98026.3
98029.4
98032.9
98037
98041.6
98046.7
98052.3
98058.4
98065
98071.9
98079.3
98087.1
98095.3
98103.7
98112.4
98121.4
98130.5
98139.8
98149.2
98158.7
98168.2
98177.7
98187.1
98196.5
98205.7
98214.8
98223.7
98232.4
98240.8
98248.9
98256.6
98264
98271
98277.7
98283.9
98289.7
98295.1
98300.1
98304.7
98308.9
98312.7
98316.1
98319.2
98321.9
98324.3
98326.3
98328.2
98329.7
98331.1
98332.1
98332.9
98333.5
98333.8
98333.9
98333.7
98333.2
98332.4
98331.4
98330
98328.3
98326.3
98323.9
98321.4
98318.6
98315.8
98313
98310.3
98308
98306.2
98305.1
98304.8
98305.6
98307.8
98311.5
98316.9
98324.1
98333.1
98344.3
98357.4
98372.7
98390.2
98409.6
98431.1
98454.6
98480
98507.4
98536.4
98567
98599.1
98632.4
98666.6
98701.6
98737.2
98773.2
98808.8
98843.8
98877.6
98910
98940.2
98967.8
98991.6
99011.8
99027.5
99038.4
99043.7
99043.6
99037.1
99024.7
99005.3
98980.4
98948.9
98913
98871.7
98827.9
98779.5
98730.6
98677.9
98624.8
98157.2
98157.2
98156.9
98156.2
98155.3
98154.1
98152.7
98150.9
98149
98146.8
98144.4
98141.8
98139.1
98136.2
98133.2
98130.1
98127
98123.8
98120.5
98117.2
98113.9
98110.6
98107.2
98103.9
98100.5
98097.1
98093.8
98090.4
98086.9
98083.5
98080.1
98076.7
98073.2
98069.8
98066.4
98063
98059.7
98056.3
98052.9
98049.6
98046.2
98043
98039.8
98036.6
98033.6
98030.6
98027.8
98025.2
98022.7
98020.4
98018.3
98016.4
98014.8
98013.4
98012.3
98011.6
98011.2
98011.2
98011.6
98012.3
98013.5
98015.1
98017.2
98019.7
98022.6
98026.1
98030
98034.4
98039.2
98044.5
98050.2
98056.3
98062.8
98069.7
98076.8
98084.3
98092
98099.8
98107.9
98116
98124.3
98132.6
98140.9
98149.2
98157.4
98165.6
98173.6
98181.4
98189
98196.4
98203.5
98210.3
98216.9
98223
98228.9
98234.3
98239.4
98244.1
98248.4
98252.4
98256
98259.2
98262.1
98264.7
98267
98268.9
98270.6
98272
98273.1
98274.1
98274.8
98275.4
98275.6
98275.6
98275.4
98274.9
98274.2
98273.2
98271.8
98270.2
98268.1
98265.7
98262.9
98259.7
98256.2
98252.4
98248.4
98244.3
98240.3
98236.3
98232.7
98229.7
98227.3
98225.8
98225.4
98226.3
98228.8
98232.8
98238.5
98246.2
98255.6
98267.2
98280.7
98296.2
98313.5
98332.8
98353.9
98377.1
98401.8
98428.1
98455.8
98484.8
98514.7
98545.6
98577.1
98609
98640.6
98671.7
98701.9
98730.7
98757.7
98782.4
98803.8
98822
98836.3
98846.5
98852.1
98853.1
98848.5
98838.9
98823.1
98802.7
98776.3
98746.4
98711.6
98674.8
98633.3
98591.8
98546.4
98501.2
98136.5
98136.6
98136.4
98135.9
98135.2
98134.2
98133
98131.6
98129.9
98128
98126
98123.7
98121.3
98118.8
98116.2
98113.5
98110.7
98107.9
98105
98102.1
98099.1
98096.2
98093.3
98090.3
98087.3
98084.3
98081.3
98078.3
98075.3
98072.3
98069.3
98066.2
98063.2
98060.2
98057.2
98054.1
98051.1
98048.1
98045
98042
98038.9
98035.9
98033
98030
98027.2
98024.4
98021.8
98019.2
98016.8
98014.6
98012.5
98010.6
98008.9
98007.4
98006.2
98005.3
98004.7
98004.4
98004.5
98004.9
98005.7
98006.9
98008.5
98010.5
98012.9
98015.7
98019
98022.7
98026.8
98031.3
98036.2
98041.5
98047.1
98053
98059.3
98065.7
98072.4
98079.3
98086.2
98093.3
98100.5
98107.6
98114.8
98121.9
98128.9
98135.8
98142.6
98149.1
98155.5
98161.6
98167.5
98173.1
98178.4
98183.4
98188
98192.3
98196.2
98199.8
98203
98205.9
98208.5
98210.8
98212.8
98214.5
98216
98217.1
98218.1
98218.8
98219.2
98219.5
98219.6
98219.5
98219.2
98218.7
98217.9
98216.8
98215.4
98213.7
98211.7
98209.4
98206.6
98203.4
98199.8
98195.8
98191.3
98186.4
98181.3
98175.9
98170.6
98165.2
98159.8
98154.9
98150.5
98146.8
98144
98142.3
98141.9
98142.9
98145.5
98149.8
98155.8
98163.7
98173.5
98185.2
98198.7
98214.1
98231.2
98250.4
98271
98293.3
98316.8
98341.6
98367.5
98394.3
98421.8
98449.7
98477.3
98504.6
98530.9
98556.1
98579.7
98601.5
98620.2
98636
98648.4
98657.6
98662.7
98664.2
98660.9
98653.4
98640.8
98624.3
98602.6
98578.2
98549.5
98519
98484.3
98450
98411.7
98374.3
98118.7
98118.8
98118.7
98118.3
98117.8
98117
98116
98114.8
98113.5
98111.9
98110.2
98108.3
98106.3
98104.1
98101.9
98099.6
98097.2
98094.7
98092.2
98089.7
98087.1
98084.6
98082
98079.4
98076.8
98074.2
98071.5
98068.8
98066.2
98063.5
98060.8
98058.1
98055.3
98052.6
98049.9
98047.1
98044.3
98041.5
98038.7
98035.9
98033.1
98030.2
98027.4
98024.7
98021.9
98019.3
98016.7
98014.2
98011.8
98009.6
98007.4
98005.5
98003.7
98002.1
98000.8
97999.7
97998.9
97998.3
97998.1
97998.2
97998.7
97999.5
98000.6
98002.2
98004.1
98006.4
98009.1
98012.1
98015.6
98019.4
98023.5
98028
98032.8
98037.9
98043.3
98048.8
98054.5
98060.4
98066.4
98072.4
98078.5
98084.6
98090.6
98096.6
98102.4
98108.2
98113.8
98119.1
98124.3
98129.2
98133.9
98138.3
98142.4
98146.2
98149.6
98152.8
98155.6
98158
98160.2
98162.1
98163.7
98165
98166.1
98166.9
98167.5
98167.8
98168
98167.9
98167.7
98167.3
98166.7
98165.9
98164.9
98163.7
98162.3
98160.6
98158.5
98156.1
98153.4
98150.3
98146.7
98142.8
98138.3
98133.3
98127.9
98122
98115.9
98109.3
98102.6
98095.8
98089
98082.4
98076.1
98070.3
98065.3
98061.2
98058.2
98056.4
98056
98057.3
98060.1
98064.8
98071.1
98079.4
98089.4
98101.2
98114.7
98130.1
98147.1
98165.6
98185.2
98206.2
98228.2
98251.1
98274.8
98298.7
98322.4
98346
98368.5
98390
98410.1
98428.5
98444.4
98457.6
98467.7
98475.2
98479.2
98480.4
98477.8
98471.9
98461.8
98448.6
98430.9
98411.4
98388.2
98363.6
98335.1
98307.7
98276.3
98246.3
98104
98104.2
98104.2
98103.9
98103.5
98102.9
98102.2
98101.3
98100.2
98098.9
98097.5
98096
98094.3
98092.6
98090.7
98088.8
98086.7
98084.7
98082.6
98080.4
98078.3
98076.1
98073.8
98071.6
98069.3
98067
98064.6
98062.3
98059.9
98057.4
98055
98052.5
98050
98047.5
98044.9
98042.3
98039.7
98037.1
98034.4
98031.7
98029
98026.2
98023.5
98020.8
98018.1
98015.5
98012.9
98010.4
98008
98005.7
98003.5
98001.4
97999.5
97997.8
97996.3
97995.1
97994.1
97993.3
97992.8
97992.7
97992.8
97993.3
97994
97995.2
97996.6
97998.4
98000.6
98003.1
98005.9
98009.1
98012.6
98016.4
98020.5
98024.8
98029.3
98034
98038.9
98043.8
98048.9
98054
98059.1
98064.1
98069.1
98074.1
98078.8
98083.5
98088
98092.2
98096.2
98100
98103.5
98106.8
98109.7
98112.4
98114.7
98116.7
98118.5
98119.9
98121
98121.8
98122.4
98122.8
98122.9
98122.9
98122.6
98122.1
98121.4
98120.5
98119.5
98118.3
98117
98115.5
98113.7
98111.8
98109.7
98107.2
98104.4
98101.3
98097.8
98094
98089.6
98084.8
98079.5
98073.7
98067.3
98060.5
98053.3
98045.7
98037.8
98029.7
98021.4
98013.3
98005.3
97997.8
97990.8
97984.4
97979.1
97974.9
97971.9
97970.4
97970.5
97972.2
97975.5
97980.7
97987.6
97996.2
98006.5
98018.6
98032.2
98047.4
98063.6
98081.1
98099.5
98118.7
98138.7
98158.8
98178.8
98198.7
98217.4
98235
98251.5
98266.4
98279.3
98289.5
98297
98302.3
98304.7
98304.9
98302.3
98297.4
98289
98278.5
98264.3
98248.9
98230.3
98211.1
98188.4
98167.2
98142.2
98119.4
98092.6
98092.8
98092.9
98092.7
98092.4
98092
98091.5
98090.8
98090
98089
98088
98086.8
98085.5
98084.1
98082.6
98081.1
98079.5
98077.9
98076.2
98074.4
98072.6
98070.8
98068.9
98067
98065
98062.9
98060.9
98058.7
98056.5
98054.3
98052
98049.7
98047.3
98044.9
98042.5
98040
98037.4
98034.8
98032.2
98029.5
98026.8
98024.1
98021.4
98018.6
98015.9
98013.2
98010.6
98008
98005.5
98003.1
98000.8
97998.7
97996.6
97994.8
97993.1
97991.7
97990.5
97989.5
97988.8
97988.4
97988.3
97988.4
97988.9
97989.7
97990.8
97992.2
97993.9
97995.9
97998.2
98000.8
98003.8
98006.9
98010.3
98014
98017.8
98021.8
98025.8
98030
98034.2
98038.4
98042.7
98046.8
98050.9
98054.8
98058.6
98062.3
98065.7
98068.9
98071.9
98074.6
98077
98079.2
98081
98082.6
98083.8
98084.8
98085.5
98085.9
98086
98085.8
98085.4
98084.8
98084
98083
98081.8
98080.5
98079
98077.3
98075.5
98073.5
98071.3
98069
98066.5
98063.8
98060.9
98057.6
98054
98050.1
98045.8
98041.2
98036
98030.4
98024.3
98017.6
98010.4
98002.7
97994.5
97985.9
97976.9
97967.7
97958.2
97948.7
97939.3
97930.2
97921.4
97913.2
97905.9
97899.5
97894.3
97890.5
97888.1
97887.3
97888.1
97890.6
97894.8
97900.6
97908.1
97917.3
97927.9
97940
97953.1
97967.4
97982.4
97998.3
98014.9
98031.5
98047.9
98064.1
98079
98092.8
98105.6
98116.8
98126.4
98133.5
98138.2
98141.1
98141.3
98139.9
98136.6
98131.9
98124.7
98116.1
98104.8
98092.7
98078.1
98063.7
98046.1
98030.6
98011.5
97995.4
98084.2
98084.4
98084.5
98084.5
98084.4
98084.1
98083.8
98083.4
98082.9
98082.2
98081.5
98080.7
98079.8
98078.8
98077.7
98076.6
98075.5
98074.2
98073
98071.6
98070.2
98068.7
98067.2
98065.5
98063.8
98062
98060.2
98058.2
98056.2
98054.1
98051.9
98049.7
98047.4
98045
98042.6
98040.1
98037.5
98034.9
98032.2
98029.5
98026.7
98023.9
98021.1
98018.3
98015.4
98012.7
98009.9
98007.2
98004.6
98002
97999.6
97997.3
97995.1
97993.1
97991.3
97989.7
97988.3
97987.1
97986.2
97985.6
97985.2
97985.2
97985.3
97985.8
97986.6
97987.7
97989
97990.7
97992.6
97994.7
97997.2
97999.8
98002.7
98005.7
98008.9
98012.2
98015.6
98019.1
98022.6
98026.1
98029.5
98032.8
98036.1
98039.2
98042.1
98044.8
98047.3
98049.5
98051.5
98053.2
98054.6
98055.8
98056.6
98057.2
98057.4
98057.4
98057.1
98056.5
98055.6
98054.4
98053.1
98051.5
98049.8
98047.9
98045.8
98043.6
98041.2
98038.7
98036
98033.1
98030.1
98027
98023.7
98020.1
98016.3
98012.2
98007.8
98003.1
97998
97992.5
97986.5
97980.1
97973.1
97965.6
97957.7
97949.2
97940.1
97930.6
97920.8
97910.6
97900.1
97889.5
97878.9
97868.4
97858.1
97848.4
97839.3
97831.2
97824.1
97818.4
97813.9
97810.9
97809.6
97809.8
97811.7
97815.1
97820.1
97826.7
97834.6
97843.9
97854.2
97865.7
97877.8
97890.7
97903.9
97917.2
97930.2
97942.7
97954
97964.1
97973
97980.6
97986.6
97990.5
97992.2
97992.6
97990.4
97987
97982.5
97977.3
97970.6
97963.3
97954
97944.7
97933.3
97923
97909.9
97899.6
97885.6
97875.8
98078.2
98078.5
98078.7
98078.7
98078.7
98078.7
98078.6
98078.4
98078.2
98077.9
98077.6
98077.2
98076.8
98076.3
98075.7
98075
98074.3
98073.6
98072.7
98071.7
98070.7
98069.6
98068.3
98067
98065.5
98063.9
98062.2
98060.4
98058.5
98056.5
98054.4
98052.2
98049.9
98047.5
98045
98042.4
98039.8
98037
98034.2
98031.4
98028.5
98025.5
98022.6
98019.6
98016.6
98013.7
98010.7
98007.9
98005.1
98002.4
97999.8
97997.3
97995
97992.8
97990.9
97989.1
97987.5
97986.2
97985.2
97984.3
97983.8
97983.5
97983.5
97983.7
97984.3
97985.1
97986.1
97987.4
97989
97990.8
97992.9
97995.1
97997.5
98000.1
98002.8
98005.5
98008.4
98011.2
98014.1
98016.9
98019.7
98022.3
98024.8
98027.1
98029.2
98031.1
98032.7
98034.1
98035.2
98036
98036.5
98036.7
98036.6
98036.3
98035.6
98034.6
98033.3
98031.8
98029.9
98027.8
98025.5
98023.1
98020.4
98017.6
98014.6
98011.5
98008.2
98004.8
98001.2
97997.5
97993.6
97989.6
97985.4
97981
97976.3
97971.3
97966.1
97960.5
97954.6
97948.3
97941.5
97934.3
97926.5
97918.3
97909.7
97900.5
97890.7
97880.5
97869.9
97858.9
97847.6
97836.1
97824.5
97812.9
97801.4
97790.3
97780
97770.5
97761.9
97754.4
97748.3
97743.6
97740.4
97738.7
97738.5
97739.9
97742.7
97747
97752.6
97759.4
97767.3
97776.3
97785.8
97795.7
97805.8
97815.9
97825.6
97834.6
97842.3
97848.9
97854
97857.9
97860.2
97860.7
97859.3
97857
97852.4
97846.9
97840.8
97834.6
97827.7
97821.2
97813.2
97806
97797.3
97790.4
97781
97775.3
97765.9
97761.6
98073.8
98074.1
98074.4
98074.5
98074.7
98074.9
98075
98075.2
98075.4
98075.6
98075.8
98076
98076.1
98076.1
98076.1
98076
98075.8
98075.4
98075
98074.4
98073.7
98072.9
98072
98070.9
98069.6
98068.2
98066.6
98064.9
98063.1
98061.1
98059
98056.7
98054.4
98051.9
98049.3
98046.6
98043.8
98041
98038
98035
98031.9
98028.8
98025.6
98022.4
98019.3
98016.1
98013
98010
98007
98004.1
98001.3
97998.7
97996.2
97993.9
97991.8
97989.9
97988.3
97986.8
97985.6
97984.6
97983.9
97983.5
97983.3
97983.4
97983.7
97984.3
97985.1
97986.2
97987.5
97989.1
97990.8
97992.7
97994.8
97996.9
97999.2
98001.5
98003.9
98006.3
98008.6
98010.8
98013
98015
98016.8
98018.4
98019.8
98021
98021.9
98022.4
98022.7
98022.7
98022.4
98021.8
98020.9
98019.6
98018.1
98016.2
98014
98011.6
98008.9
98005.9
98002.7
97999.3
97995.8
97992.1
97988.2
97984.2
97980.1
97975.8
97971.3
97966.7
97962
97957
97951.9
97946.5
97941
97935.2
97929.1
97922.7
97916
97908.8
97901.3
97893.3
97884.9
97876
97866.7
97856.9
97846.6
97835.8
97824.6
97813
97801
97788.8
97776.3
97763.9
97751.5
97739.6
97728.2
97717.6
97707.7
97698.9
97691.5
97685.3
97680.5
97677.2
97675.3
97674.9
97675.9
97678.3
97681.8
97686.4
97692.1
97698.9
97706
97713.1
97720.3
97727.1
97733.8
97739.5
97743.8
97746.9
97748.2
97748.4
97746.9
97744
97739.5
97734.3
97727.3
97719.6
97711.6
97704.2
97696.8
97690.4
97683.2
97677.5
97670.8
97666.7
97660.3
97658.6
97653.3
97654
98070.1
98070.2
98070.5
98070.6
98070.9
98071.4
98072
98072.8
98073.6
98074.5
98075.4
98076.3
98077.1
98077.8
98078.3
98078.8
98079.1
98079.2
98079.2
98079
98078.6
98078.1
98077.4
98076.5
98075.4
98074.1
98072.6
98071
98069.1
98067.1
98065
98062.7
98060.3
98057.7
98055
98052.1
98049.2
98046.2
98043
98039.8
98036.5
98033.2
98029.9
98026.5
98023.1
98019.8
98016.5
98013.2
98010.1
98007.1
98004.1
98001.4
97998.8
97996.3
97994.1
97992.1
97990.3
97988.7
97987.4
97986.4
97985.5
97985
97984.7
97984.6
97984.8
97985.3
97986
97986.9
97988
97989.3
97990.8
97992.5
97994.3
97996.1
97998
98000
98002
98003.9
98005.7
98007.5
98009.1
98010.6
98011.8
98012.8
98013.6
98014.1
98014.3
98014.2
98013.8
98013.1
98012
98010.6
98008.9
98006.8
98004.5
98001.8
97998.8
97995.6
97992
97988.2
97984.2
97979.9
97975.5
97971
97966.3
97961.4
97956.4
97951.3
97946
97940.5
97934.9
97929
97923
97916.8
97910.3
97903.7
97896.8
97889.6
97882.1
97874.3
97866
97857.3
97848.3
97838.9
97829
97818.6
97807.8
97796.6
97784.9
97772.9
97760.3
97747.5
97734.5
97721.5
97708.5
97695.9
97683.8
97672.2
97661.4
97651.6
97642.9
97635.5
97629.4
97624.7
97621.4
97619.5
97619
97619.7
97621.3
97624.1
97627.9
97632.4
97637.3
97642
97646.3
97650.2
97653.7
97656.3
97657.5
97657.2
97654.9
97651.3
97646.2
97639.9
97632.2
97623.9
97614.5
97604.7
97594.8
97586.1
97577.8
97571.1
97564.2
97559.7
97554.4
97552.4
97548.6
97550.4
97548.6
97553.6
98065.2
98065.2
98065.2
98065.6
98066.3
98067.6
98069
98070.8
98072.5
98074.4
98076.1
98077.8
98079.3
98080.7
98081.9
98082.9
98083.7
98084.2
98084.6
98084.7
98084.6
98084.3
98083.8
98083
98082.1
98080.9
98079.5
98077.9
98076
98074
98071.8
98069.5
98066.9
98064.2
98061.4
98058.4
98055.3
98052.1
98048.8
98045.4
98042
98038.5
98034.9
98031.4
98027.8
98024.3
98020.8
98017.5
98014.2
98011
98007.9
98005
98002.3
97999.8
97997.5
97995.4
97993.5
97991.8
97990.5
97989.3
97988.4
97987.8
97987.4
97987.3
97987.4
97987.7
97988.3
97989.1
97990.1
97991.3
97992.6
97994
97995.6
97997.2
97998.8
98000.4
98002.1
98003.6
98005
98006.3
98007.5
98008.5
98009.2
98009.7
98009.9
98009.8
98009.4
98008.7
98007.6
98006.2
98004.5
98002.4
97999.9
97997.1
97994
97990.6
97986.9
97982.9
97978.6
97974
97969.2
97964.2
97958.9
97953.6
97948.1
97942.4
97936.6
97930.6
97924.5
97918.2
97911.8
97905.1
97898.3
97891.2
97884
97876.5
97868.9
97860.9
97852.7
97844.2
97835.3
97826.1
97816.5
97806.6
97796.3
97785.5
97774.3
97762.7
97750.7
97738.3
97725.3
97712.1
97698.7
97685.3
97671.9
97658.9
97646.2
97634
97622.4
97611.7
97602.1
97593.6
97586.3
97580.5
97576
97572.8
97571
97570.2
97570.3
97571.4
97573.5
97576
97578.9
97581.2
97582.9
97584
97584.6
97584.2
97582.4
97578.9
97573.1
97565.8
97557.3
97547.6
97536.6
97525.3
97513.5
97501.6
97490
97479.8
97470.3
97463.2
97456.6
97452.7
97448.4
97448.1
97446.5
97451.1
97452.4
97461.2
98058
98057.9
98057.6
98058.5
98060.1
98062.9
98065.4
98068.6
98071.4
98074.3
98076.9
98079.4
98081.6
98083.6
98085.3
98086.7
98087.9
98088.7
98089.3
98089.7
98089.8
98089.6
98089.3
98088.6
98087.7
98086.6
98085.3
98083.7
98081.9
98079.9
98077.6
98075.2
98072.6
98069.9
98066.9
98063.9
98060.7
98057.4
98054
98050.4
98046.9
98043.2
98039.6
98035.9
98032.3
98028.7
98025.1
98021.6
98018.2
98015
98011.9
98008.9
98006.1
98003.6
98001.2
97999
97997.1
97995.5
97994
97992.9
97991.9
97991.3
97990.8
97990.7
97990.7
97991
97991.6
97992.3
97993.2
97994.2
97995.4
97996.7
97998.1
97999.5
98000.9
98002.3
98003.6
98004.8
98006
98006.9
98007.7
98008.3
98008.6
98008.6
98008.4
98007.8
98006.9
98005.7
98004.1
98002.1
97999.8
97997.2
97994.1
97990.7
97987
97982.9
97978.6
97973.9
97969
97963.8
97958.3
97952.7
97946.8
97940.7
97934.6
97928.2
97921.7
97915
97908.2
97901.2
97894
97886.7
97879.2
97871.5
97863.6
97855.5
97847.1
97838.6
97829.8
97820.7
97811.3
97801.6
97791.7
97781.4
97770.7
97759.6
97748.2
97736.3
97724.1
97711.3
97698.1
97684.7
97671.1
97657.4
97643.8
97630.4
97617.3
97604.6
97592.5
97581.2
97570.7
97561.4
97553.1
97546.4
97541
97536.7
97533.7
97531.6
97530.5
97530.1
97530.5
97531.3
97532.2
97532.4
97531.9
97530.4
97528.2
97525.1
97520.4
97513.6
97504.3
97493.6
97481.7
97468.6
97454.5
97440.2
97425.9
97412
97398.2
97386.5
97375.8
97367.9
97361.1
97357.5
97353.7
97354.6
97354.6
97361.6
97365.3
97377.2
98048.2
98047.7
98047.6
98050.1
98053.4
98058
98062.2
98066.7
98070.6
98074.4
98077.8
98080.9
98083.6
98086
98088
98089.7
98091.1
98092.2
98093
98093.5
98093.7
98093.6
98093.3
98092.8
98091.9
98090.9
98089.6
98088
98086.2
98084.2
98082
98079.5
98076.9
98074.1
98071.2
98068.1
98064.8
98061.5
98058
98054.4
98050.8
98047.1
98043.4
98039.7
98036
98032.3
98028.7
98025.2
98021.8
98018.5
98015.4
98012.4
98009.6
98007
98004.6
98002.5
98000.6
97998.9
97997.5
97996.3
97995.4
97994.7
97994.3
97994.1
97994.2
97994.4
97994.9
97995.6
97996.4
97997.4
97998.5
97999.7
98000.9
98002.2
98003.4
98004.6
98005.7
98006.7
98007.5
98008.2
98008.7
98009
98008.9
98008.6
98008
98007.1
98005.8
98004.1
98002.1
97999.7
97996.9
97993.8
97990.3
97986.4
97982.2
97977.6
97972.8
97967.6
97962.2
97956.5
97950.6
97944.4
97938
97931.4
97924.6
97917.7
97910.6
97903.4
97896
97888.5
97880.7
97872.9
97864.8
97856.6
97848.1
97839.5
97830.7
97821.6
97812.4
97802.9
97793.1
97783.1
97772.8
97762.2
97751.2
97740
97728.4
97716.4
97703.8
97690.9
97677.6
97664.1
97650.3
97636.5
97622.7
97609
97595.6
97582.5
97569.9
97558.1
97547
97536.9
97528
97520.5
97514.3
97509.1
97505
97501.9
97499.5
97497.8
97496.8
97495.8
97494.9
97493.2
97490.7
97487
97482.3
97476.5
97469.1
97459.1
97446.7
97432.8
97417.6
97401.4
97384.2
97367.2
97350.3
97334.3
97318.5
97305.3
97293.3
97284.6
97277.4
97274
97270.4
97272.2
97273.3
97282.3
97287.9
97302.4
98029.6
98030.8
98031.4
98037.5
98044.1
98051.9
98058.4
98064.7
98069.9
98074.6
98078.7
98082.3
98085.5
98088.2
98090.5
98092.4
98094
98095.2
98096.1
98096.7
98097
98097.1
98096.8
98096.3
98095.6
98094.5
98093.2
98091.7
98089.9
98087.9
98085.7
98083.3
98080.6
98077.8
98074.9
98071.7
98068.5
98065.1
98061.6
98058
98054.3
98050.6
98046.9
98043.2
98039.5
98035.8
98032.2
98028.7
98025.3
98022
98018.9
98015.9
98013.1
98010.5
98008.2
98006
98004.1
98002.5
98001.1
97999.9
97999
97998.4
97998
97997.8
97997.8
97998.1
97998.5
97999.2
98000
98000.9
98001.9
98002.9
98004.1
98005.2
98006.2
98007.2
98008.1
98008.9
98009.5
98010
98010.2
98010.1
98009.8
98009.2
98008.2
98006.9
98005.3
98003.3
98000.9
97998.1
97994.9
97991.4
97987.4
97983.2
97978.5
97973.5
97968.2
97962.6
97956.8
97950.7
97944.3
97937.7
97930.8
97923.8
97916.6
97909.2
97901.7
97894
97886.2
97878.1
97870
97861.7
97853.2
97844.5
97835.7
97826.7
97817.4
97808
97798.4
97788.5
97778.5
97768.2
97757.7
97746.9
97735.8
97724.5
97712.8
97700.6
97687.9
97674.9
97661.6
97648
97634.2
97620.3
97606.3
97592.4
97578.6
97565.3
97552.3
97540
97528.4
97517.8
97508.4
97500.3
97493.3
97487.3
97482.2
97478.2
97474.7
97471.8
97469.4
97466.9
97464.4
97461
97456.6
97451
97444
97435.6
97425.5
97412.7
97397.3
97380.6
97362.3
97343.2
97323.3
97303.8
97284.5
97266.6
97249
97234.5
97221.4
97211.9
97204.3
97201.1
97197.9
97200.5
97202.6
97213.4
97220.6
97237.4
98001
98000.6
98007.1
98020.5
98033.5
98045.7
98054.9
98063.1
98069.4
98075
98079.7
98083.7
98087.1
98090.1
98092.6
98094.6
98096.3
98097.7
98098.7
98099.3
98099.7
98099.8
98099.6
98099.2
98098.4
98097.4
98096.2
98094.6
98092.9
98090.9
98088.7
98086.3
98083.7
98080.9
98077.9
98074.8
98071.6
98068.2
98064.7
98061.1
98057.5
98053.8
98050.1
98046.4
98042.7
98039
98035.4
98032
98028.6
98025.3
98022.2
98019.3
98016.6
98014
98011.7
98009.6
98007.7
98006.1
98004.7
98003.6
98002.8
98002.1
98001.7
98001.6
98001.6
98001.9
98002.3
98002.9
98003.6
98004.5
98005.4
98006.3
98007.3
98008.3
98009.2
98010
98010.7
98011.3
98011.7
98011.9
98011.8
98011.5
98010.9
98010
98008.7
98007.1
98005.1
98002.7
98000
97996.9
97993.3
97989.4
97985.1
97980.5
97975.5
97970.1
97964.4
97958.5
97952.3
97945.8
97939
97932.1
97924.9
97917.6
97910
97902.3
97894.4
97886.3
97878.1
97869.8
97861.2
97852.6
97843.8
97834.8
97825.7
97816.4
97806.9
97797.2
97787.4
97777.3
97767.1
97756.8
97746.1
97735.2
97724.1
97712.7
97700.9
97688.6
97675.9
97663
97649.7
97636.1
97622.4
97608.4
97594.3
97580.2
97566.2
97552.6
97539.3
97526.7
97514.7
97503.7
97494
97485.3
97477.7
97470.8
97464.9
97459.9
97455.5
97451.6
97447.8
97444
97440
97435.1
97429
97421.6
97412.6
97401.8
97389.1
97373.6
97355.8
97336.4
97315.3
97293.5
97271.3
97249.5
97228
97208.5
97189.4
97173.8
97159.7
97149.6
97141.6
97138.6
97135.9
97139.6
97142.6
97154.8
97163.4
97182.3
97939.8
97952.4
97967.7
97998.4
98021.7
98039.9
98051.9
98061.7
98069
98075.3
98080.4
98084.8
98088.4
98091.5
98094.2
98096.3
98098.1
98099.5
98100.6
98101.3
98101.7
98101.9
98101.7
98101.3
98100.6
98099.6
98098.4
98096.9
98095.2
98093.2
98091.1
98088.7
98086.1
98083.4
98080.4
98077.4
98074.1
98070.8
98067.3
98063.8
98060.2
98056.6
98052.9
98049.2
98045.6
98042
98038.5
98035
98031.7
98028.5
98025.5
98022.6
98019.9
98017.4
98015.2
98013.1
98011.3
98009.7
98008.4
98007.3
98006.5
98005.9
98005.5
98005.4
98005.4
98005.7
98006.1
98006.6
98007.3
98008.1
98008.9
98009.8
98010.6
98011.4
98012.2
98012.8
98013.4
98013.7
98013.9
98013.8
98013.5
98012.9
98012.1
98010.8
98009.3
98007.3
98005
98002.3
97999.3
97995.8
97991.9
97987.7
97983.1
97978.1
97972.8
97967.1
97961.1
97954.8
97948.3
97941.5
97934.5
97927.2
97919.8
97912.2
97904.4
97896.4
97888.2
97879.9
97871.5
97862.9
97854.1
97845.3
97836.2
97827.1
97817.8
97808.3
97798.7
97788.9
97778.9
97768.8
97758.5
97748.1
97737.5
97726.6
97715.4
97704
97692.2
97680.1
97667.5
97654.6
97641.4
97627.9
97614.2
97600.2
97586
97571.8
97557.7
97543.8
97530.3
97517.3
97505
97493.8
97483.7
97474.5
97466.3
97458.7
97452
97446.2
97441
97436
97431
97426
97420.7
97414.4
97406.9
97397.9
97386.9
97373.8
97358.7
97340.9
97320.9
97299.2
97275.6
97251.5
97227.3
97203.5
97180.2
97159.2
97139
97122.6
97107.8
97097.2
97088.9
97086.3
97084.1
97089
97093.1
97106.7
97116.4
97137.2
97865.7
97877.8
97923
97974.9
98012
98036.1
98050.3
98061
98068.9
98075.6
98081
98085.6
98089.4
98092.6
98095.3
98097.5
98099.4
98100.8
98101.9
98102.7
98103.2
98103.3
98103.2
98102.8
98102.1
98101.2
98100
98098.5
98096.9
98095
98092.8
98090.5
98088
98085.3
98082.4
98079.4
98076.2
98073
98069.6
98066.1
98062.6
98059
98055.4
98051.8
98048.2
98044.7
98041.3
98037.9
98034.6
98031.5
98028.6
98025.8
98023.1
98020.7
98018.5
98016.6
98014.8
98013.3
98012
98011
98010.2
98009.7
98009.3
98009.2
98009.2
98009.5
98009.8
98010.3
98010.9
98011.6
98012.4
98013.1
98013.8
98014.5
98015.1
98015.6
98015.9
98016
98016
98015.7
98015.1
98014.3
98013.1
98011.6
98009.8
98007.5
98004.9
98001.9
97998.5
97994.8
97990.6
97986
97981.1
97975.8
97970.2
97964.3
97958
97951.5
97944.7
97937.6
97930.4
97922.9
97915.3
97907.4
97899.4
97891.3
97883
97874.6
97866
97857.2
97848.4
97839.4
97830.3
97821
97811.7
97802.1
97792.4
97782.6
97772.7
97762.6
97752.4
97742
97731.4
97720.6
97709.6
97698.3
97686.5
97674.5
97662.1
97649.3
97636.2
97622.9
97609.1
97595.2
97581
97566.7
97552.5
97538.5
97524.7
97511.4
97498.9
97487.4
97477
97467.3
97458.5
97450.2
97442.8
97436.2
97430.2
97424.3
97418.2
97412
97405.5
97398
97389.1
97378.6
97365.9
97350.8
97333.5
97313.6
97291.7
97268
97242.4
97216.3
97190.4
97165
97140.4
97118.3
97097.4
97080.4
97065.1
97054.4
97046.1
97043.9
97042.6
97048.8
97054
97069.1
97079.9
97102.2
97756.6
97818.2
97897.7
97962.2
98005.7
98033.2
98049.3
98060.5
98068.7
98075.7
98081.3
98086.1
98090
98093.2
98096
98098.3
98100.1
98101.6
98102.7
98103.5
98104
98104.2
98104.1
98103.7
98103.1
98102.2
98101
98099.6
98098
98096.2
98094.1
98091.8
98089.4
98086.8
98084
98081
98077.9
98074.7
98071.4
98068
98064.6
98061.1
98057.6
98054.1
98050.6
98047.2
98043.8
98040.5
98037.4
98034.3
98031.5
98028.8
98026.3
98023.9
98021.8
98019.9
98018.2
98016.8
98015.6
98014.6
98013.9
98013.3
98013
98012.9
98012.9
98013.2
98013.5
98013.9
98014.5
98015.1
98015.7
98016.3
98016.9
98017.4
98017.9
98018.2
98018.3
98018.2
98017.9
98017.4
98016.6
98015.5
98014
98012.3
98010.1
98007.6
98004.7
98001.4
97997.7
97993.6
97989.2
97984.3
97979.2
97973.6
97967.7
97961.5
97955.1
97948.3
97941.3
97934
97926.6
97918.9
97911.2
97903.2
97895.1
97886.8
97878.5
97870
97861.3
97852.6
97843.7
97834.7
97825.6
97816.4
97807
97797.5
97788
97778.2
97768.4
97758.4
97748.3
97738.1
97727.7
97717.1
97706.3
97695
97683.4
97671.6
97659.4
97646.8
97633.9
97620.6
97606.9
97593
97578.8
97564.5
97550.3
97536
97522.1
97508.5
97495.8
97484
97473.3
97463.1
97453.8
97444.9
97436.7
97429.4
97422.6
97415.8
97408.6
97401.3
97393.6
97385
97374.9
97363.1
97348.8
97331.9
97312.7
97291.1
97267.5
97242.2
97215
97187.4
97160
97133.5
97107.9
97085.2
97064
97046.7
97031.3
97020.8
97013
97011.5
97011.3
97018.8
97025.2
97041.9
97053.8
97077.7
97621.7
97803.6
97910.2
97971.4
98007.2
98032.3
98049.1
98060.5
98068.8
98075.8
98081.5
98086.3
98090.3
98093.6
98096.3
98098.6
98100.5
98101.9
98103.1
98103.9
98104.4
98104.6
98104.5
98104.2
98103.6
98102.7
98101.6
98100.3
98098.7
98096.9
98095
98092.8
98090.4
98087.8
98085.1
98082.2
98079.3
98076.1
98072.9
98069.7
98066.3
98062.9
98059.5
98056.1
98052.7
98049.4
98046.2
98043
98039.9
98037
98034.2
98031.6
98029.2
98027
98025
98023.2
98021.6
98020.2
98019.1
98018.1
98017.4
98016.9
98016.6
98016.5
98016.5
98016.7
98017
98017.4
98017.9
98018.4
98018.9
98019.4
98019.9
98020.2
98020.5
98020.6
98020.5
98020.2
98019.7
98018.9
98017.8
98016.5
98014.8
98012.7
98010.3
98007.5
98004.3
98000.7
97996.8
97992.4
97987.7
97982.6
97977.1
97971.3
97965.2
97958.8
97952.1
97945.2
97938
97930.6
97923
97915.2
97907.3
97899.3
97891.1
97882.8
97874.5
97866
97857.4
97848.7
97839.9
97831
97822
97813
97803.7
97794.4
97785
97775.4
97765.7
97756
97746.1
97736.2
97726
97715.7
97705.1
97694.1
97682.7
97671.1
97659.1
97646.8
97634
97620.8
97607.2
97593.3
97579.2
97564.9
97550.6
97536.2
97522
97508.4
97495.4
97483.4
97472.2
97461.6
97451.6
97442.2
97433.5
97425.4
97417.8
97410
97401.9
97393.5
97384.7
97375
97363.7
97350.6
97334.8
97316.6
97295.8
97272.9
97248
97221.3
97192.9
97164.1
97135.8
97108.5
97082.3
97059.3
97038.2
97021.1
97006.1
96996.3
96989.3
96988.8
96989.8
96998.8
97006.7
97025.2
97038.4
97063.8
97506.7
97820.1
97936.9
97983.5
98009.4
98031.2
98048.6
98060.3
98068.7
98075.7
98081.4
98086.3
98090.2
98093.5
98096.3
98098.6
98100.4
98101.9
98103
98103.9
98104.4
98104.6
98104.6
98104.3
98103.7
98102.9
98101.8
98100.6
98099.1
98097.4
98095.4
98093.3
98091
98088.6
98085.9
98083.2
98080.3
98077.3
98074.2
98071
98067.8
98064.5
98061.2
98057.9
98054.7
98051.5
98048.3
98045.3
98042.3
98039.5
98036.9
98034.4
98032.1
98029.9
98028
98026.3
98024.8
98023.5
98022.4
98021.5
98020.9
98020.4
98020.1
98020
98020
98020.2
98020.4
98020.8
98021.2
98021.6
98022
98022.3
98022.6
98022.8
98022.9
98022.8
98022.5
98022
98021.3
98020.2
98018.9
98017.3
98015.3
98013
98010.3
98007.2
98003.8
97999.9
97995.6
97991
97986
97980.6
97974.9
97968.9
97962.6
97956
97949.1
97942
97934.7
97927.2
97919.5
97911.7
97903.7
97895.6
97887.5
97879.2
97870.9
97862.6
97854.1
97845.5
97836.9
97828.2
97819.4
97810.5
97801.5
97792.4
97783.3
97774
97764.6
97755.2
97745.7
97736
97726.1
97716.2
97705.9
97695.2
97684.2
97672.8
97661.1
97649
97636.5
97623.4
97609.8
97596
97582
97567.7
97553.4
97538.9
97524.6
97510.9
97497.8
97485.5
97473.8
97462.7
97452.2
97442.3
97433.1
97424.2
97415.7
97407.1
97398
97388.6
97378.7
97367.9
97355.6
97341.2
97324.3
97304.9
97282.9
97259
97233
97205.3
97176
97146.6
97117.7
97090
97063.7
97040.7
97020.1
97003.5
96989.5
96980.7
96974.9
96975.8
96978.3
96989.1
96998.7
97019
97033.7
97060.7
97677.5
97877
97956
97993.1
98011.6
98031.5
98048.8
98060.6
98068.9
98075.7
98081.3
98086.1
98090
98093.3
98096
98098.3
98100.1
98101.6
98102.7
98103.5
98104.1
98104.3
98104.3
98104
98103.5
98102.7
98101.7
98100.5
98099.1
98097.5
98095.6
98093.6
98091.4
98089
98086.5
98083.8
98081
98078.1
98075.2
98072.1
98069
98065.8
98062.7
98059.5
98056.4
98053.3
98050.3
98047.3
98044.5
98041.8
98039.3
98036.9
98034.7
98032.7
98030.8
98029.2
98027.8
98026.6
98025.5
98024.7
98024.1
98023.7
98023.4
98023.3
98023.3
98023.4
98023.6
98023.9
98024.2
98024.5
98024.8
98025
98025.2
98025.2
98025.1
98024.9
98024.4
98023.7
98022.7
98021.4
98019.8
98017.9
98015.7
98013.1
98010.1
98006.8
98003
97998.9
97994.4
97989.5
97984.3
97978.7
97972.7
97966.5
97960
97953.2
97946.2
97939
97931.5
97923.9
97916.2
97908.4
97900.4
97892.3
97884.2
97876.1
97867.9
97859.7
97851.4
97843
97834.6
97826.2
97817.6
97809
97800.3
97791.6
97782.8
97773.9
97764.9
97755.9
97746.7
97737.4
97728
97718.4
97708.5
97698.2
97687.6
97676.5
97665.2
97653.4
97641
97628
97614.6
97600.9
97587
97572.8
97558.5
97544.1
97529.7
97515.9
97502.7
97490.1
97478
97466.4
97455.4
97445
97435.3
97425.7
97416.4
97406.9
97397
97386.6
97375.6
97363.8
97350.4
97335
97317.1
97296.8
97274
97249.3
97222.6
97194.3
97164.5
97134.9
97105.7
97078.1
97052
97029.4
97009.6
96994.1
96981.4
96974.2
96969.9
96972.6
96976.9
96989.7
97001.2
97023.5
97039.8
97068.7
97830
97922.2
97952.1
97998.6
98015.4
98032.5
98048.6
98060.4
98068.8
98075.4
98081
98085.7
98089.6
98092.8
98095.5
98097.7
98099.6
98101
98102.2
98103
98103.5
98103.8
98103.8
98103.6
98103.1
98102.4
98101.4
98100.3
98098.9
98097.4
98095.6
98093.7
98091.6
98089.3
98086.9
98084.3
98081.6
98078.8
98076
98073
98070
98067
98064
98060.9
98057.9
98055
98052.1
98049.3
98046.6
98044
98041.6
98039.3
98037.2
98035.3
98033.6
98032.1
98030.7
98029.6
98028.6
98027.9
98027.3
98026.9
98026.6
98026.5
98026.5
98026.6
98026.7
98026.9
98027.2
98027.4
98027.6
98027.7
98027.7
98027.5
98027.3
98026.8
98026.1
98025.2
98023.9
98022.4
98020.6
98018.5
98015.9
98013.1
98009.8
98006.2
98002.2
97997.8
97993.1
97987.9
97982.5
97976.6
97970.5
97964.1
97957.4
97950.4
97943.3
97936
97928.5
97920.8
97913.1
97905.2
97897.3
97889.3
97881.3
97873.3
97865.3
97857.2
97849.2
97841.1
97833
97824.9
97816.7
97808.4
97800.1
97791.8
97783.5
97775
97766.5
97757.9
97749.2
97740.4
97731.4
97722.3
97712.8
97702.9
97692.7
97682.1
97671.1
97659.6
97647.4
97634.7
97621.4
97607.9
97594
97580
97565.7
97551.3
97537
97523.1
97509.7
97496.8
97484.2
97472.2
97460.7
97449.9
97439.6
97429.3
97419.2
97408.8
97398.1
97386.8
97374.7
97361.9
97347.6
97331.2
97312.6
97291.6
97268.1
97243
97215.9
97187.4
97157.6
97128.1
97099.1
97071.9
97046.5
97024.8
97006.2
96992.3
96981.4
96976.2
96973.9
96978.7
96985.2
97000.2
97014
97038.3
97056.5
97087.2
97899.7
97929.6
97953.1
98002.2
98019.8
98035.7
98049.9
98060.9
98068.9
98075.3
98080.6
98085.2
98089
98092.1
98094.8
98097
98098.8
98100.2
98101.3
98102.2
98102.7
98103
98103.1
98102.9
98102.4
98101.8
98100.9
98099.8
98098.6
98097.1
98095.4
98093.6
98091.6
98089.4
98087.1
98084.7
98082.1
98079.5
98076.7
98073.9
98071.1
98068.2
98065.3
98062.4
98059.6
98056.8
98054
98051.4
98048.8
98046.4
98044.1
98042
98040
98038.2
98036.6
98035.2
98033.9
98032.9
98032
98031.3
98030.7
98030.3
98030.1
98030
98029.9
98030
98030.1
98030.2
98030.3
98030.4
98030.5
98030.4
98030.3
98030
98029.5
98028.8
98027.9
98026.7
98025.2
98023.4
98021.3
98018.9
98016.1
98012.9
98009.4
98005.5
98001.2
97996.6
97991.5
97986.1
97980.4
97974.4
97968
97961.4
97954.5
97947.5
97940.2
97932.8
97925.2
97917.6
97909.9
97902.1
97894.3
97886.4
97878.6
97870.8
97863
97855.2
97847.4
97839.7
97832
97824.3
97816.5
97808.7
97800.9
97793.2
97785.4
97777.4
97769.5
97761.5
97753.4
97745.1
97736.7
97728.1
97719.1
97709.8
97700
97689.8
97679.2
97668
97656.1
97643.6
97630.6
97617.3
97603.6
97589.5
97575.3
97561
97546.7
97532.8
97519.2
97506
97493
97480.5
97468.6
97457.2
97446.3
97435.3
97424.4
97413.1
97401.6
97389.5
97376.5
97362.7
97347.5
97330.3
97311.1
97289.5
97265.6
97240.4
97213.3
97184.8
97155.3
97126.4
97098
97071.7
97047.5
97027.1
97010.2
96998.3
96989.5
96986.7
96987
96994.3
97003.3
97020.9
97037
97063.4
97083.7
97116.3
97920.2
97936.1
97986.4
98012.6
98026
98039.9
98051.8
98061.3
98068.7
98074.8
98079.9
98084.3
98087.9
98091
98093.6
98095.7
98097.5
98098.9
98100.1
98100.9
98101.5
98101.8
98101.9
98101.8
98101.4
98100.8
98100.1
98099.1
98097.9
98096.5
98095
98093.3
98091.4
98089.4
98087.2
98084.9
98082.5
98080
98077.5
98074.8
98072.2
98069.4
98066.7
98064
98061.3
98058.7
98056.1
98053.7
98051.3
98049
98046.9
98044.9
98043.1
98041.4
98039.9
98038.6
98037.4
98036.5
98035.6
98035
98034.5
98034.1
98033.9
98033.7
98033.7
98033.6
98033.7
98033.7
98033.7
98033.7
98033.6
98033.3
98033
98032.5
98031.7
98030.8
98029.6
98028.2
98026.4
98024.4
98022
98019.2
98016.1
98012.6
98008.8
98004.6
98000
97995
97989.7
97984
97978.1
97971.8
97965.3
97958.5
97951.4
97944.3
97936.9
97929.4
97921.9
97914.2
97906.6
97898.9
97891.3
97883.6
97876.1
97868.5
97861
97853.6
97846.2
97838.9
97831.6
97824.4
97817.2
97810
97802.8
97795.7
97788.5
97781.3
97774
97766.7
97759.3
97751.7
97744
97736
97727.6
97718.8
97709.6
97699.9
97689.7
97678.9
97667.3
97655.1
97642.5
97629.4
97615.8
97601.9
97587.7
97573.6
97559.4
97545.3
97531.7
97518.1
97504.7
97491.8
97479.3
97467.5
97455.8
97444.2
97432.4
97420.4
97408.1
97395.2
97381.3
97366.6
97350.6
97332.9
97313.2
97291.2
97267.2
97242
97215.2
97187.1
97158.4
97130.4
97102.9
97078
97055.3
97036.8
97021.9
97012.5
97006.2
97006.2
97009.3
97019.5
97031.4
97051.6
97070.3
97098.9
97121.5
97155.8
97946.6
97928.3
97978.5
98002.5
98025.9
98040.9
98052.3
98061.1
98068
98073.7
98078.7
98082.9
98086.4
98089.4
98091.9
98094
98095.8
98097.2
98098.4
98099.2
98099.9
98100.2
98100.4
98100.3
98100
98099.5
98098.9
98098
98096.9
98095.7
98094.3
98092.7
98091
98089.1
98087.1
98085
98082.8
98080.5
98078.1
98075.7
98073.2
98070.7
98068.2
98065.7
98063.2
98060.8
98058.4
98056.1
98053.9
98051.8
98049.9
98048.1
98046.4
98044.9
98043.5
98042.3
98041.3
98040.4
98039.6
98039
98038.6
98038.2
98038
98037.8
98037.7
98037.6
98037.5
98037.4
98037.3
98037.1
98036.8
98036.4
98035.8
98035.1
98034.1
98032.9
98031.4
98029.7
98027.6
98025.3
98022.5
98019.4
98016
98012.2
98008
98003.4
97998.5
97993.2
97987.6
97981.7
97975.5
97969
97962.2
97955.3
97948.1
97940.8
97933.4
97925.9
97918.3
97910.8
97903.2
97895.7
97888.3
97880.9
97873.7
97866.5
97859.4
97852.4
97845.5
97838.7
97832
97825.4
97818.9
97812.4
97805.9
97799.5
97793.1
97786.6
97780.2
97773.7
97767
97760.3
97753.3
97746
97738.2
97730.2
97721.6
97712.5
97702.7
97692.3
97681.1
97669.4
97657.1
97644.3
97630.9
97617.1
97603.1
97589.1
97574.9
97560.9
97547.1
97533.3
97519.5
97506.1
97493.2
97480.8
97468.4
97456.1
97443.5
97430.8
97417.8
97404.1
97389.5
97373.9
97357.3
97339.2
97319.1
97297
97273.1
97248.2
97221.9
97194.7
97167.2
97140.4
97114.4
97091.2
97070.6
97054.5
97042
97035.4
97031.9
97035.1
97041.3
97054.7
97069.6
97092.7
97113.9
97144.8
97169.8
97205.7
97981.6
97950.3
97993.4
98013.8
98035.7
98047.3
98055.8
98062.6
98068.2
98073
98077.4
98081.3
98084.6
98087.3
98089.7
98091.8
98093.5
98094.9
98096.1
98097
98097.7
98098.1
98098.3
98098.3
98098.2
98097.8
98097.2
98096.5
98095.6
98094.5
98093.2
98091.8
98090.3
98088.6
98086.8
98084.9
98082.9
98080.8
98078.7
98076.5
98074.2
98072
98069.7
98067.4
98065.2
98063
98060.8
98058.8
98056.8
98054.9
98053.2
98051.5
98050
98048.7
98047.5
98046.4
98045.4
98044.6
98044
98043.4
98043
98042.6
98042.4
98042.2
98042
98041.8
98041.6
98041.4
98041.1
98040.8
98040.3
98039.6
98038.8
98037.8
98036.5
98035
98033.3
98031.2
98028.8
98026.1
98023
98019.5
98015.7
98011.5
98007
98002.1
97996.8
97991.2
97985.3
97979.1
97972.6
97965.9
97958.9
97951.8
97944.5
97937.1
97929.7
97922.2
97914.7
97907.3
97899.9
97892.6
97885.5
97878.4
97871.6
97864.8
97858.2
97851.8
97845.5
97839.3
97833.3
97827.4
97821.6
97815.9
97810.4
97804.8
97799.3
97793.7
97788.2
97782.6
97776.9
97771
97764.8
97758.3
97751.4
97744
97736.1
97727.6
97718.4
97708.5
97697.8
97686.5
97674.7
97662.2
97649
97635.4
97621.6
97607.7
97593.7
97579.7
97565.8
97551.7
97537.7
97523.8
97510.5
97497.5
97484.5
97471.5
97458.2
97444.9
97431.2
97416.8
97401.5
97385.3
97368.2
97349.8
97329.6
97307.7
97284.1
97259.8
97234.3
97208.3
97182.3
97157.3
97133.3
97112.3
97094.2
97080.9
97071.3
97067.7
97067.5
97074
97083.5
97100.3
97118.4
97144.3
97168.2
97201.4
97228.8
97266.1
98041.4
98009.9
98019.6
98029
98043.5
98051.8
98057.4
98062.4
98067
98071.2
98075.1
98078.6
98081.6
98084.3
98086.6
98088.6
98090.3
98091.8
98093
98094
98094.7
98095.3
98095.6
98095.7
98095.7
98095.5
98095.1
98094.5
98093.7
98092.8
98091.8
98090.6
98089.3
98087.9
98086.3
98084.6
98082.9
98081.1
98079.2
98077.2
98075.3
98073.3
98071.3
98069.3
98067.3
98065.4
98063.5
98061.7
98059.9
98058.3
98056.8
98055.4
98054
98052.9
98051.8
98050.9
98050
98049.3
98048.7
98048.2
98047.8
98047.5
98047.2
98046.9
98046.6
98046.4
98046.1
98045.7
98045.2
98044.7
98043.9
98043
98042
98040.6
98039.1
98037.3
98035.1
98032.7
98029.9
98026.8
98023.3
98019.5
98015.3
98010.7
98005.8
98000.5
97994.9
97989
97982.7
97976.2
97969.5
97962.5
97955.4
97948.1
97940.8
97933.3
97925.9
97918.5
97911.1
97903.8
97896.7
97889.7
97882.9
97876.3
97869.9
97863.7
97857.7
97851.9
97846.3
97840.9
97835.7
97830.6
97825.7
97821
97816.4
97811.9
97807.4
97802.9
97798.4
97793.8
97789.1
97784.2
97779
97773.4
97767.3
97760.7
97753.5
97745.7
97737.2
97727.9
97717.9
97707.1
97695.7
97683.6
97670.7
97657.5
97643.9
97630.1
97616.2
97602.3
97588.2
97574
97559.7
97545.6
97531.9
97518.4
97504.7
97491.1
97477.1
97463.1
97448.8
97433.9
97417.9
97401.2
97383.8
97365.3
97345.1
97323.5
97300.6
97276.9
97252.6
97228
97204
97181.2
97159.6
97141.2
97126.1
97116
97109.6
97109.3
97112.6
97122.9
97135.8
97156.1
97177.5
97206.3
97232.9
97268.3
97298
97336.6
98071.8
98049
98041.7
98042
98050
98055.5
98059
98062.4
98066.1
98069.7
98073
98076
98078.7
98081.2
98083.3
98085.3
98087
98088.4
98089.7
98090.7
98091.5
98092.2
98092.6
98092.9
98093
98092.9
98092.7
98092.3
98091.7
98091
98090.2
98089.2
98088.1
98086.9
98085.6
98084.2
98082.7
98081.2
98079.6
98077.9
98076.2
98074.5
98072.8
98071
98069.3
98067.7
98066
98064.5
98063
98061.6
98060.3
98059.1
98057.9
98056.9
98056
98055.2
98054.5
98053.9
98053.4
98052.9
98052.5
98052.2
98051.8
98051.5
98051.2
98050.8
98050.4
98049.9
98049.2
98048.5
98047.5
98046.4
98045
98043.4
98041.6
98039.4
98037
98034.2
98031
98027.6
98023.7
98019.5
98014.9
98010
98004.7
97999.1
97993.1
97986.9
97980.4
97973.6
97966.6
97959.4
97952.1
97944.7
97937.3
97929.8
97922.4
97915.1
97907.9
97900.9
97894
97887.4
97881
97874.8
97869
97863.3
97858
97852.9
97848.1
97843.5
97839.2
97835.1
97831.2
97827.5
97824
97820.6
97817.2
97813.9
97810.5
97807.1
97803.6
97799.8
97795.6
97791
97785.8
97780.1
97773.8
97766.8
97759.1
97750.6
97741.3
97731.2
97720.3
97708.6
97696.3
97683.4
97670.2
97656.7
97643
97629.2
97615.2
97600.8
97586.4
97572.1
97558.1
97544.1
97530
97515.7
97501.2
97486.7
97471.9
97456.4
97440
97423
97405.5
97387
97367
97345.9
97323.9
97301.2
97278.3
97255.6
97233.9
97213.8
97195.3
97180.1
97168.5
97162.1
97159.5
97163.1
97170.4
97184.8
97201.8
97225.9
97251
97282.9
97312.7
97350.6
97382.6
97422.4
98077.7
98066.8
98056
98051.1
98053.7
98056.9
98059.3
98061.7
98064.7
98067.6
98070.5
98073.1
98075.5
98077.8
98079.9
98081.7
98083.4
98084.9
98086.1
98087.2
98088.2
98088.9
98089.5
98089.9
98090.1
98090.2
98090.2
98090
98089.6
98089.1
98088.5
98087.8
98086.9
98086
98084.9
98083.7
98082.5
98081.2
98079.9
98078.5
98077.1
98075.6
98074.2
98072.7
98071.3
98069.9
98068.5
98067.2
98066
98064.8
98063.7
98062.7
98061.8
98060.9
98060.2
98059.5
98058.9
98058.4
98058
98057.6
98057.2
98056.8
98056.5
98056.1
98055.7
98055.2
98054.7
98054
98053.2
98052.2
98051.1
98049.7
98048.1
98046.2
98044.1
98041.6
98038.8
98035.7
98032.2
98028.4
98024.2
98019.6
98014.7
98009.5
98003.8
97997.9
97991.6
97985.1
97978.3
97971.2
97964
97956.7
97949.2
97941.8
97934.3
97926.8
97919.5
97912.3
97905.3
97898.5
97892
97885.8
97879.8
97874.2
97868.9
97864
97859.3
97855
97851.1
97847.4
97844.1
97841
97838.2
97835.7
97833.3
97831.1
97828.9
97826.9
97824.8
97822.7
97820.3
97817.7
97814.7
97811.2
97807.1
97802.4
97797.1
97791.2
97784.3
97776.8
97768.3
97758.9
97748.7
97737.7
97726
97713.8
97701.1
97688
97674.7
97661.1
97647.3
97633
97618.7
97604.4
97590.1
97575.8
97561.3
97546.6
97531.9
97517.1
97501.9
97486.1
97469.5
97452.6
97435
97416.8
97397.4
97377.3
97356.4
97335.2
97314
97293.8
97274.8
97257.9
97243
97231.8
97224.3
97222.1
97223.9
97232
97243.9
97262.9
97284.2
97312.5
97341.6
97377
97410.2
97450.6
97484.8
97525.8
98071.6
98067.5
98061.4
98056.4
98055.6
98056.9
98058.5
98060.3
98062.5
98064.8
98067.2
98069.4
98071.6
98073.7
98075.6
98077.4
98079
98080.5
98081.8
98083
98084
98084.9
98085.6
98086.2
98086.6
98086.9
98087.1
98087.1
98087
98086.8
98086.4
98085.9
98085.4
98084.7
98083.9
98083.1
98082.2
98081.2
98080.2
98079.1
98078
98076.9
98075.8
98074.6
98073.5
98072.4
98071.4
98070.4
98069.4
98068.5
98067.6
98066.9
98066.1
98065.5
98064.9
98064.4
98063.9
98063.5
98063.1
98062.8
98062.4
98062.1
98061.7
98061.2
98060.7
98060.2
98059.5
98058.6
98057.7
98056.5
98055.1
98053.5
98051.6
98049.4
98046.9
98044.2
98041
98037.6
98033.7
98029.5
98025
98020.1
98014.8
98009.2
98003.2
97996.9
97990.3
97983.5
97976.5
97969.2
97961.8
97954.3
97946.8
97939.2
97931.7
97924.4
97917.2
97910.2
97903.5
97897
97890.9
97885.1
97879.7
97874.7
97870.1
97865.9
97862.1
97858.8
97855.8
97853.2
97851
97849.1
97847.5
97846.2
97845.2
97844.2
97843.5
97842.8
97842.1
97841.4
97840.4
97839.1
97837.4
97835.1
97832.2
97828.8
97824.7
97819.8
97814.1
97807.5
97799.9
97791.5
97782.1
97771.9
97761
97749.6
97737.6
97725.1
97712.2
97699.1
97685.5
97671.5
97657.3
97643.2
97628.8
97614.3
97599.7
97584.8
97570
97555
97539.7
97523.7
97507.3
97490.6
97473.1
97455.3
97436.9
97417.9
97398.5
97379.1
97360
97342.5
97326.5
97313
97302.1
97295.2
97292.1
97294.4
97300.9
97313.6
97330.2
97353.6
97379.5
97411.7
97444.6
97483.5
97520
97562.4
97598.4
97640
98064.6
98062.5
98059.8
98056.6
98054.9
98055
98056
98057.3
98058.9
98060.7
98062.5
98064.5
98066.4
98068.3
98070.1
98071.8
98073.5
98075
98076.4
98077.7
98078.9
98079.9
98080.8
98081.6
98082.3
98082.9
98083.3
98083.6
98083.8
98083.9
98083.8
98083.7
98083.5
98083.2
98082.8
98082.3
98081.7
98081.1
98080.5
98079.8
98079.1
98078.3
98077.6
98076.8
98076.1
98075.3
98074.6
98073.9
98073.3
98072.7
98072.1
98071.6
98071.1
98070.6
98070.2
98069.9
98069.5
98069.2
98068.9
98068.6
98068.3
98067.9
98067.5
98067
98066.4
98065.7
98064.9
98063.9
98062.7
98061.3
98059.6
98057.7
98055.6
98053.1
98050.3
98047.2
98043.7
98039.9
98035.7
98031.1
98026.2
98020.9
98015.3
98009.3
98003
97996.5
97989.6
97982.5
97975.2
97967.8
97960.2
97952.6
97945
97937.5
97930.1
97922.8
97915.8
97909.1
97902.7
97896.7
97891.1
97885.9
97881.1
97876.8
97873
97869.7
97866.9
97864.6
97862.7
97861.3
97860.3
97859.7
97859.4
97859.6
97859.9
97860.5
97861.2
97862.1
97862.9
97863.7
97864.2
97864.4
97864.1
97863.2
97861.8
97859.8
97857
97853.5
97849
97843.6
97837
97829.7
97821.4
97812.2
97802.4
97791.9
97780.7
97769
97756.9
97744.3
97731.1
97717.5
97703.7
97689.9
97675.5
97661.1
97646.6
97631.9
97617
97601.9
97586.7
97570.9
97554.9
97538.6
97521.5
97504.4
97487
97469.4
97451.6
97434.3
97417.7
97403.2
97390.5
97380.6
97373.8
97371.4
97373
97379.9
97391.2
97408.6
97430.1
97457.9
97488.1
97524.1
97560.5
97602.7
97642.1
97685.8
97723
97764.5
98057.2
98055.4
98053.9
98052.3
98050.9
98050.5
98051
98052
98053.3
98054.7
98056.3
98058
98059.8
98061.6
98063.4
98065.1
98066.8
98068.4
98070
98071.4
98072.8
98074
98075.2
98076.3
98077.2
98078.1
98078.8
98079.5
98080
98080.5
98080.8
98081.1
98081.2
98081.3
98081.4
98081.3
98081.2
98081
98080.8
98080.6
98080.3
98080
98079.6
98079.3
98079
98078.6
98078.3
98078
98077.7
98077.4
98077.1
98076.9
98076.7
98076.5
98076.3
98076.1
98075.9
98075.7
98075.5
98075.2
98074.9
98074.5
98074.1
98073.5
98072.8
98072
98071
98069.8
98068.4
98066.7
98064.9
98062.7
98060.2
98057.5
98054.4
98050.9
98047.1
98042.9
98038.4
98033.5
98028.2
98022.6
98016.7
98010.4
98003.8
97996.9
97989.8
97982.5
97975
97967.4
97959.8
97952.1
97944.6
97937.1
97929.8
97922.8
97916.1
97909.7
97903.8
97898.3
97893.2
97888.7
97884.7
97881.2
97878.3
97876
97874.3
97873.2
97872.5
97872.3
97872.7
97873.5
97874.8
97876.4
97878.3
97880.5
97882.9
97885.4
97887.9
97890.4
97892.5
97894.3
97895.7
97896.4
97896.7
97896.2
97895.1
97893.1
97890
97885.9
97880.7
97874.7
97867.7
97859.8
97851.2
97841.9
97831.7
97821.1
97809.9
97798.1
97785.6
97772.6
97759.4
97746
97732.2
97718.1
97703.9
97689.5
97674.9
97659.9
97645
97629.7
97614.4
97598.6
97582.3
97566.2
97550
97533.9
97518.3
97503.3
97489.5
97478.1
97468.9
97462.7
97460.3
97462.4
97468.6
97480.3
97496.3
97518.3
97544.6
97576.6
97610.7
97650.1
97689.6
97734.4
97775.9
97820.3
97858.2
97898.8
98048.1
98046.4
98045.3
98044.6
98044
98043.7
98044
98044.8
98045.8
98047.1
98048.6
98050.2
98051.9
98053.6
98055.4
98057.2
98058.9
98060.7
98062.4
98064
98065.6
98067.1
98068.6
98069.9
98071.2
98072.4
98073.6
98074.6
98075.6
98076.5
98077.3
98078
98078.6
98079.2
98079.7
98080.2
98080.6
98080.9
98081.2
98081.5
98081.7
98081.9
98082
98082.2
98082.3
98082.4
98082.5
98082.6
98082.7
98082.8
98082.9
98083
98083
98083.1
98083.1
98083.1
98083.1
98083
98082.9
98082.7
98082.4
98082
98081.5
98080.9
98080.1
98079.1
98078
98076.6
98075
98073.2
98071
98068.6
98065.9
98062.8
98059.4
98055.7
98051.6
98047.1
98042.3
98037.1
98031.5
98025.6
98019.4
98012.8
98006
97998.9
97991.6
97984.1
97976.6
97968.9
97961.3
97953.7
97946.2
97938.9
97931.9
97925.2
97918.8
97912.9
97907.5
97902.6
97898.2
97894.5
97891.3
97888.8
97887
97885.8
97885.3
97885.4
97886
97887.3
97889.2
97891.5
97894.4
97897.7
97901.3
97905.2
97909.4
97913.7
97918
97922.3
97926.3
97929.9
97933.1
97935.7
97937.8
97939.2
97939.9
97939.6
97938.2
97935.7
97932.2
97927.7
97922.3
97916.1
97908.9
97901
97892.3
97883
97872.9
97862.3
97850.7
97838.7
97826.4
97813.7
97800.6
97787.3
97773.7
97759.9
97745.8
97731.3
97716.9
97702.3
97687.9
97673.1
97657.9
97643.1
97628.3
97614.1
97600.7
97588.2
97577.5
97569.3
97563.8
97561.4
97563.2
97569.7
97580.3
97596.5
97617
97643.5
97673.9
97709.7
97747.2
97789.4
97831.5
97877.9
97920.7
97965.1
98003
98042
98036.7
98035.4
98034.7
98034.4
98034.3
98034.3
98034.7
98035.5
98036.5
98037.8
98039.2
98040.8
98042.5
98044.3
98046.2
98048.1
98050
98051.9
98053.9
98055.8
98057.6
98059.5
98061.3
98063
98064.7
98066.3
98067.9
98069.4
98070.8
98072.2
98073.5
98074.8
98075.9
98077.1
98078.1
98079.1
98080.1
98081
98081.9
98082.7
98083.4
98084.2
98084.9
98085.6
98086.2
98086.8
98087.4
98088
98088.5
98089
98089.4
98089.9
98090.2
98090.6
98090.9
98091.1
98091.2
98091.3
98091.3
98091.2
98090.9
98090.6
98090.1
98089.4
98088.5
98087.4
98086.2
98084.6
98082.9
98080.8
98078.5
98075.9
98072.9
98069.6
98066
98062
98057.7
98053
98047.9
98042.5
98036.8
98030.7
98024.2
98017.5
98010.6
98003.4
97996
97988.5
97980.9
97973.3
97965.8
97958.4
97951.1
97944.1
97937.4
97931.2
97925.3
97920
97915.2
97911
97907.5
97904.6
97902.4
97901
97900.3
97900.3
97901
97902.4
97904.5
97907.4
97910.8
97914.9
97919.4
97924.5
97930
97935.8
97941.8
97948.1
97954.4
97960.6
97966.7
97972.4
97977.7
97982.4
97986.6
97990.2
97992.9
97994.5
97995.1
97994.5
97992.9
97990.4
97986.9
97982.6
97977.3
97971.2
97964.2
97956.5
97947.9
97938.7
97928.7
97918
97907
97895.4
97883.4
97871.1
97858.5
97845.6
97832.3
97818.7
97805.1
97791.5
97778.2
97764.6
97750.9
97737.6
97724.5
97712.4
97701.4
97691.5
97683.9
97679.1
97677
97678.4
97684
97694.6
97709.2
97729.4
97754
97784.5
97818.2
97857.2
97897.3
97941.5
97985.5
98032.6
98075.6
98119
98156.2
98192.7
98024.3
98023.4
98023
98023.1
98023.4
98023.8
98024.5
98025.3
98026.5
98027.8
98029.4
98031
98032.9
98034.8
98036.8
98038.8
98040.9
98043.1
98045.3
98047.4
98049.6
98051.8
98053.9
98056.1
98058.1
98060.2
98062.2
98064.2
98066.1
98068
98069.9
98071.7
98073.4
98075.1
98076.8
98078.4
98079.9
98081.5
98082.9
98084.4
98085.7
98087.1
98088.4
98089.6
98090.8
98092
98093.1
98094.1
98095.1
98096
98096.9
98097.7
98098.4
98099.1
98099.7
98100.1
98100.5
98100.7
98100.9
98100.8
98100.7
98100.4
98099.9
98099.2
98098.3
98097.2
98095.8
98094.2
98092.4
98090.2
98087.8
98085
98081.9
98078.5
98074.8
98070.7
98066.2
98061.5
98056.3
98050.8
98045
98038.8
98032.4
98025.7
98018.8
98011.6
98004.3
97997
97989.6
97982.2
97974.9
97967.8
97961
97954.4
97948.2
97942.5
97937.3
97932.6
97928.6
97925.3
97922.6
97920.7
97919.6
97919.3
97919.8
97921
97923.1
97926
97929.6
97934.1
97939.2
97945
97951.4
97958.3
97965.8
97973.6
97981.7
97990.1
97998.5
98007
98015.3
98023.3
98031
98038.2
98044.7
98050.6
98055.6
98059.6
98062.4
98064.2
98064.9
98064.7
98063.4
98061.3
98058.2
98054.3
98049.4
98043.8
98037.1
98029.9
98021.9
98013.1
98003.8
97993.8
97983.4
97972.5
97961.3
97949.6
97937.5
97925.1
97912.7
97900.5
97888.4
97876.2
97864.2
97852.6
97841.4
97831.4
97822.8
97815.8
97811.1
97809.4
97810.6
97815.6
97824.6
97838.7
97856.8
97880.1
97908.2
97941.6
97977.8
98018.9
98060.8
98106.1
98150.8
98197.3
98239.6
98281
98316.2
98349
98012.9
98012.4
98012.4
98012.8
98013.3
98014.1
98014.9
98016
98017.3
98018.8
98020.4
98022.2
98024.1
98026.2
98028.3
98030.5
98032.8
98035.2
98037.6
98040
98042.5
98045
98047.4
98049.9
98052.4
98054.9
98057.4
98059.9
98062.3
98064.7
98067.1
98069.5
98071.8
98074.1
98076.3
98078.6
98080.7
98082.9
98085
98087
98089
98091
98092.9
98094.7
98096.5
98098.2
98099.8
98101.4
98102.8
98104.2
98105.5
98106.7
98107.8
98108.8
98109.7
98110.4
98111
98111.5
98111.8
98111.9
98111.9
98111.7
98111.3
98110.7
98109.8
98108.8
98107.4
98105.9
98104
98101.9
98099.5
98096.8
98093.8
98090.4
98086.8
98082.7
98078.4
98073.7
98068.7
98063.3
98057.7
98051.7
98045.5
98039
98032.3
98025.5
98018.5
98011.5
98004.5
97997.6
97990.8
97984.2
97977.9
97971.9
97966.4
97961.4
97957
97953.1
97949.9
97947.5
97945.8
97945
97945
97945.8
97947.5
97950.1
97953.6
97958
97963.2
97969.2
97976.1
97983.6
97991.9
98000.8
98010.3
98020.2
98030.6
98041.3
98052.1
98063
98073.8
98084.5
98094.8
98104.6
98113.9
98122.4
98130
98136.6
98142.1
98146.7
98150.1
98152.5
98153.8
98154.3
98153.7
98152.4
98150.2
98147.1
98143
98138.4
98132.9
98126.6
98119.6
98111.8
98103.6
98094.5
98084.9
98074.8
98064.3
98053.6
98042.7
98031.9
98021.4
98010.8
98000.5
97990.7
97981.4
97973.6
97967.5
97963.1
97961.1
97962
97966.2
97974.1
97986
98002.6
98023.3
98049.1
98079.3
98114.4
98152
98193.9
98236.4
98281.7
98325.5
98370.4
98410.7
98448.8
98480.9
98508.7
98006.4
98006.3
98006.4
98007
98007.7
98008.6
98009.6
98010.8
98012.1
98013.6
98015.3
98017.2
98019.1
98021.2
98023.4
98025.7
98028.1
98030.5
98033.1
98035.7
98038.3
98041
98043.8
98046.5
98049.3
98052.2
98055
98057.8
98060.7
98063.5
98066.4
98069.2
98072.1
98074.9
98077.7
98080.4
98083.2
98085.9
98088.6
98091.2
98093.8
98096.3
98098.8
98101.2
98103.5
98105.7
98107.9
98109.9
98111.9
98113.7
98115.5
98117.1
98118.5
98119.9
98121.1
98122.1
98123
98123.7
98124.3
98124.6
98124.8
98124.8
98124.6
98124.2
98123.5
98122.6
98121.5
98120.2
98118.6
98116.7
98114.5
98112.1
98109.4
98106.4
98103
98099.4
98095.5
98091.2
98086.6
98081.8
98076.6
98071.2
98065.5
98059.5
98053.4
98047.2
98040.9
98034.5
98028.2
98021.9
98015.9
98010
98004.5
97999.3
97994.6
97990.5
97986.9
97983.9
97981.7
97980.3
97979.6
97979.9
97981
97983
97985.9
97989.8
97994.7
98000.5
98007.3
98014.9
98023.4
98032.8
98043
98053.8
98065.4
98077.6
98090.4
98103.5
98116.9
98130.4
98144.1
98157.5
98170.7
98183.5
98195.8
98207.2
98217.8
98227.4
98236.1
98243.7
98250.1
98255.6
98260
98263.6
98266
98267.8
98268.7
98268.7
98267.9
98266.4
98264
98260.7
98256.6
98251.6
98245.9
98239.1
98231.7
98223.5
98215.1
98206.3
98197.1
98187.8
98178.8
98170
98161.4
98153.5
98146.3
98140.5
98136.4
98134.2
98134.4
98137.3
98143.5
98153.3
98167.1
98185.3
98207.6
98234.6
98265.6
98300.9
98338.4
98379.6
98421
98464.8
98506.4
98548.1
98585.1
98618.9
98646.5
98668.3
98009.9
98009.7
98009.9
98010.3
98010.9
98011.6
98012.5
98013.6
98014.8
98016.1
98017.6
98019.3
98021.1
98023
98025
98027.2
98029.5
98031.8
98034.3
98036.8
98039.4
98042.1
98044.9
98047.7
98050.6
98053.6
98056.6
98059.6
98062.7
98065.8
98068.9
98072
98075.2
98078.4
98081.5
98084.7
98087.9
98091
98094.1
98097.2
98100.3
98103.2
98106.2
98109
98111.8
98114.5
98117.1
98119.6
98121.9
98124.2
98126.3
98128.3
98130.1
98131.8
98133.3
98134.7
98135.9
98136.9
98137.7
98138.4
98138.9
98139.2
98139.3
98139.2
98139
98138.5
98137.8
98136.9
98135.7
98134.4
98132.8
98130.9
98128.8
98126.5
98123.9
98121
98117.8
98114.3
98110.6
98106.6
98102.3
98097.8
98093.1
98088.1
98082.9
98077.7
98072.3
98066.9
98061.6
98056.3
98051.2
98046.3
98041.7
98037.6
98033.8
98030.6
98028
98026
98024.8
98024.4
98024.8
98026
98028.2
98031.3
98035.4
98040.5
98046.6
98053.8
98061.9
98071.1
98081.2
98092.4
98104.4
98117.3
98131
98145.6
98160.7
98176.4
98192.5
98208.8
98225.3
98241.8
98258.2
98274.3
98289.8
98304.5
98318.4
98331.3
98343.4
98354.5
98364.5
98373.6
98381.7
98388.8
98395
98400.4
98405
98408.8
98411.9
98414.3
98415.7
98416.1
98415.6
98414
98411.4
98407.8
98403.3
98397.9
98392
98385.5
98378.4
98371.2
98364.1
98357.3
98350.7
98344.8
98339.7
98335.9
98333.6
98333.2
98335.2
98339.4
98346.9
98357.8
98372.6
98391.6
98414.5
98441.7
98472.2
98506.5
98542.8
98582
98621
98661.7
98699.9
98737.4
98769.7
98798.3
98820.4
98835.4
98023.9
98023.5
98023.3
98023.3
98023.6
98023.9
98024.4
98025.1
98025.9
98026.9
98028
98029.2
98030.6
98032.2
98033.8
98035.6
98037.5
98039.6
98041.7
98044
98046.4
98048.8
98051.4
98054
98056.8
98059.6
98062.5
98065.5
98068.5
98071.6
98074.8
98078
98081.2
98084.5
98087.8
98091.2
98094.5
98097.9
98101.2
98104.5
98107.8
98111
98114.2
98117.3
98120.4
98123.4
98126.2
98129
98131.6
98134.2
98136.6
98138.8
98140.9
98142.9
98144.7
98146.4
98147.9
98149.2
98150.4
98151.5
98152.3
98153
98153.5
98153.9
98154.1
98154.2
98154.1
98153.8
98153.3
98152.6
98151.8
98150.8
98149.5
98148.1
98146.4
98144.5
98142.4
98140
98137.4
98134.5
98131.4
98128
98124.5
98120.7
98116.7
98112.6
98108.5
98104.3
98100
98095.9
98091.9
98088.1
98084.5
98081.3
98078.6
98076.3
98074.7
98073.6
98073.3
98073.7
98075
98077.2
98080.3
98084.3
98089.3
98095.4
98102.5
98110.7
98120.1
98130.6
98142.2
98154.8
98168.5
98183.2
98198.9
98215.5
98232.9
98250.9
98269.5
98288.5
98307.8
98327.2
98346.6
98365.8
98384.4
98402.4
98419.6
98435.9
98451.4
98466
98479.7
98492.4
98504.3
98515.2
98525.3
98534.5
98543.1
98551.1
98558.4
98564.9
98570.4
98574.9
98578.4
98580.6
98581.6
98581.6
98580.4
98578.3
98575.2
98571.4
98567.1
98562.2
98557.5
98553
98548.5
98544.6
98541.4
98539.5
98538.7
98539.8
98543
98548.2
98556.2
98567.5
98582.5
98601.4
98623.9
98650.2
98679.3
98711.6
98745.5
98781.7
98817.5
98854
98888.1
98920.7
98948
98971.1
98987.4
98995.5
98044
98043.2
98042.5
98042.1
98041.8
98041.7
98041.7
98041.8
98042.1
98042.5
98043.1
98043.9
98044.7
98045.8
98046.9
98048.2
98049.7
98051.2
98053
98054.8
98056.8
98058.8
98061
98063.4
98065.8
98068.3
98071
98073.7
98076.6
98079.5
98082.5
98085.6
98088.7
98091.9
98095.2
98098.5
98101.9
98105.2
98108.6
98112
98115.3
98118.6
98121.9
98125.2
98128.3
98131.4
98134.4
98137.4
98140.2
98142.9
98145.5
98147.9
98150.2
98152.4
98154.5
98156.4
98158.2
98159.8
98161.3
98162.7
98163.9
98165
98166
98166.9
98167.6
98168.2
98168.7
98169.1
98169.3
98169.5
98169.4
98169.3
98169
98168.5
98167.8
98167
98165.9
98164.7
98163.2
98161.5
98159.6
98157.4
98155
98152.5
98149.7
98146.8
98143.8
98140.8
98137.6
98134.6
98131.6
98128.8
98126.2
98123.9
98122
98120.6
98119.7
98119.5
98119.9
98121
98123
98125.8
98129.6
98134.2
98140
98146.8
98154.7
98163.8
98174.1
98185.6
98198.3
98212.2
98227.2
98243.4
98260.7
98279
98298.2
98318.2
98338.9
98360.1
98381.7
98403.6
98425.5
98447.4
98468.7
98489.5
98509.5
98528.8
98547.3
98565
98581.8
98597.7
98612.9
98627.3
98640.8
98653.7
98666
98677.7
98688.8
98699.1
98708.5
98717
98724.1
98729.9
98734.4
98737.6
98739.5
98740.2
98739.9
98738.8
98736.9
98734.5
98732
98729.5
98726.8
98724.6
98722.9
98722.3
98722.8
98724.8
98728.4
98734
98742
98753
98767.5
98785.5
98806.8
98831.5
98858.5
98888.2
98919.1
98951.9
98984.1
99016.5
99046.3
99074.3
99096.9
99114.9
99126
99127.9
98066.5
98065.2
98064.1
98063.1
98062.3
98061.6
98061
98060.6
98060.3
98060.2
98060.2
98060.4
98060.7
98061.2
98061.8
98062.5
98063.5
98064.5
98065.7
98067.1
98068.6
98070.2
98072
98073.9
98076
98078.1
98080.4
98082.9
98085.4
98088.1
98090.8
98093.7
98096.6
98099.7
98102.8
98105.9
98109.2
98112.4
98115.7
98119
98122.4
98125.7
98128.9
98132.2
98135.4
98138.5
98141.6
98144.6
98147.5
98150.3
98153
98155.6
98158
98160.4
98162.6
98164.8
98166.8
98168.7
98170.5
98172.2
98173.8
98175.3
98176.7
98178
98179.2
98180.4
98181.5
98182.5
98183.5
98184.3
98185.1
98185.8
98186.3
98186.8
98187.1
98187.2
98187.2
98187
98186.6
98186
98185.2
98184.2
98182.9
98181.5
98179.9
98178.1
98176.1
98174.1
98172
98169.9
98167.8
98165.9
98164.1
98162.7
98161.5
98160.8
98160.6
98160.9
98161.9
98163.6
98166.1
98169.5
98173.7
98178.9
98185.2
98192.6
98201.1
98210.9
98222
98234.3
98247.8
98262.7
98278.8
98296.2
98314.7
98334.4
98355.1
98376.7
98399.1
98422.1
98445.7
98469.5
98493.6
98517.6
98541.2
98564.4
98586.8
98608.6
98629.7
98649.9
98669.4
98688
98706
98723.3
98739.9
98755.9
98771.5
98786.6
98801.1
98814.8
98827.7
98839.6
98850.1
98859.2
98866.8
98873
98877.7
98881
98883.2
98884.5
98884.8
98884.6
98884
98883.1
98882
98881.3
98880.8
98881.1
98882.4
98885
98888.7
98894.4
98902
98912.6
98926
98942.8
98962.5
98985.1
99009.8
99036.7
99064.5
99093.9
99122.4
99150.9
99176.6
99200.3
99218.8
99232.3
99238.8
99235.4
98088.5
98086.7
98085.1
98083.6
98082.3
98081
98079.9
98079
98078.1
98077.5
98077
98076.6
98076.4
98076.3
98076.4
98076.7
98077.1
98077.6
98078.3
98079.2
98080.2
98081.4
98082.8
98084.3
98085.9
98087.7
98089.6
98091.7
98094
98096.3
98098.8
98101.4
98104.1
98106.9
98109.8
98112.8
98115.8
98118.9
98122.1
98125.3
98128.5
98131.7
98135
98138.2
98141.3
98144.4
98147.5
98150.5
98153.4
98156.3
98159.1
98161.8
98164.4
98166.9
98169.3
98171.6
98173.8
98175.9
98177.9
98179.9
98181.8
98183.7
98185.5
98187.2
98188.9
98190.6
98192.3
98193.9
98195.5
98197
98198.5
98199.9
98201.3
98202.5
98203.7
98204.7
98205.6
98206.4
98206.9
98207.3
98207.4
98207.4
98207.1
98206.6
98205.9
98205.1
98204.1
98202.9
98201.6
98200.4
98199.1
98197.9
98196.8
98196
98195.5
98195.4
98195.6
98196.5
98197.9
98200.1
98203
98206.8
98211.4
98217.1
98223.8
98231.6
98240.7
98251
98262.6
98275.5
98289.7
98305.4
98322.4
98340.6
98360.2
98380.9
98402.8
98425.8
98449.6
98474.1
98499.1
98524.6
98550.4
98576.1
98601.6
98626.6
98651
98674.8
98697.9
98720.2
98741.9
98762.8
98783.1
98802.8
98822
98840.8
98859.2
98877.2
98894.6
98911.2
98927
98941.7
98955.2
98967.1
98977.3
98986.1
98993.3
98999.1
99003.4
99006.8
99009
99010.5
99011.5
99012.1
99012.4
99012.7
99013.2
99014.2
99016
99018.9
99022.6
99028.1
99035.2
99045
99057.4
99072.7
99090.7
99111.4
99133.6
99157.9
99182.7
99209
99234.1
99259.2
99281.3
99301.3
99316.2
99325.9
99328.5
99320.8
98108.1
98105.9
98103.9
98101.9
98100.1
98098.4
98096.9
98095.4
98094.1
98093
98092
98091.1
98090.5
98089.9
98089.5
98089.3
98089.3
98089.4
98089.7
98090.1
98090.7
98091.5
98092.4
98093.5
98094.8
98096.2
98097.8
98099.6
98101.5
98103.6
98105.8
98108.1
98110.6
98113.2
98115.9
98118.7
98121.5
98124.5
98127.5
98130.6
98133.7
98136.8
98139.9
98143.1
98146.2
98149.3
98152.3
98155.3
98158.2
98161.1
98164
98166.7
98169.4
98172
98174.5
98176.9
98179.3
98181.6
98183.9
98186.1
98188.3
98190.5
98192.6
98194.7
98196.9
98199
98201.1
98203.2
98205.4
98207.5
98209.6
98211.7
98213.7
98215.7
98217.5
98219.3
98221
98222.5
98223.8
98224.9
98225.9
98226.6
98227.1
98227.4
98227.5
98227.4
98227.2
98226.7
98226.2
98225.5
98224.9
98224.3
98223.8
98223.5
98223.5
98223.8
98224.5
98225.7
98227.6
98230.1
98233.3
98237.4
98242.4
98248.4
98255.5
98263.7
98273.1
98283.8
98295.8
98309.2
98323.9
98340.2
98357.9
98376.9
98397.2
98418.8
98441.7
98465.7
98490.6
98516.2
98542.5
98569.2
98596.3
98623.4
98650.2
98676.7
98702.6
98728
98752.7
98776.6
98800.1
98822.8
98844.9
98866.6
98888
98909.1
98929.8
98950.1
98969.9
98988.9
99007.1
99024
99039.9
99054.2
99066.6
99077.6
99086.9
99094.6
99100.8
99105.8
99109.6
99112.6
99114.8
99116.6
99118
99119.1
99120.3
99121.9
99124
99126.9
99130.6
99135.8
99142.5
99151.5
99162.8
99176.8
99193.1
99211.9
99231.9
99253.9
99276.2
99299.8
99322.1
99344.2
99363.3
99380.2
99392
99398.8
99398.3
99387.1
98124.5
98121.9
98119.5
98117.2
98115
98112.9
98111
98109.2
98107.5
98105.9
98104.5
98103.3
98102.2
98101.3
98100.5
98099.9
98099.5
98099.2
98099.1
98099.2
98099.4
98099.9
98100.5
98101.3
98102.2
98103.3
98104.7
98106.1
98107.8
98109.6
98111.6
98113.7
98115.9
98118.3
98120.8
98123.4
98126.1
98129
98131.8
98134.8
98137.8
98140.8
98143.9
98146.9
98150
98153
98156
98159
98162
98164.9
98167.7
98170.5
98173.2
98175.9
98178.5
98181.1
98183.6
98186.1
98188.6
98191
98193.4
98195.9
98198.3
98200.8
98203.2
98205.7
98208.2
98210.8
98213.4
98216
98218.6
98221.2
98223.7
98226.2
98228.7
98231.1
98233.3
98235.4
98237.3
98239.1
98240.6
98242
98243.1
98244
98244.7
98245.2
98245.5
98245.6
98245.6
98245.5
98245.3
98245.2
98245.2
98245.3
98245.7
98246.3
98247.4
98248.9
98251
98253.8
98257.3
98261.7
98266.9
98273.2
98280.5
98289
98298.7
98309.7
98322.1
98335.8
98351
98367.7
98385.9
98405.4
98426.4
98448.7
98472.3
98497.1
98522.8
98549.4
98576.5
98604.2
98632.2
98660.3
98688.2
98715.8
98742.9
98769.4
98795.3
98820.5
98845.3
98869.4
98893.1
98916.3
98939.4
98962.3
98984.8
99007
99028.7
99049.5
99069.6
99088.3
99106.1
99122.2
99136.5
99149.1
99160.1
99169.4
99177
99183.4
99188.4
99192.5
99195.8
99198.4
99200.6
99202.4
99204.1
99206
99208.3
99211.3
99214.8
99219.7
99225.9
99234.3
99244.6
99257.5
99272.3
99289.5
99307.8
99327.9
99348.1
99369.5
99389.5
99409.3
99425.9
99440.3
99449.8
99454.2
99451.1
99437.3
98137.3
98134.5
98131.8
98129.2
98126.8
98124.4
98122.1
98120
98118
98116.1
98114.4
98112.9
98111.5
98110.2
98109.2
98108.2
98107.5
98106.9
98106.5
98106.3
98106.3
98106.5
98106.8
98107.3
98108
98108.9
98110
98111.3
98112.7
98114.3
98116.1
98118
98120.1
98122.3
98124.6
98127.1
98129.7
98132.4
98135.2
98138
98140.9
98143.9
98146.8
98149.8
98152.8
98155.8
98158.8
98161.8
98164.8
98167.7
98170.6
98173.4
98176.2
98179
98181.7
98184.4
98187
98189.7
98192.3
98194.9
98197.5
98200.2
98202.9
98205.6
98208.3
98211.1
98213.9
98216.8
98219.7
98222.7
98225.7
98228.6
98231.6
98234.5
98237.4
98240.2
98242.9
98245.4
98247.8
98250
98252
98253.8
98255.4
98256.8
98257.9
98258.8
98259.5
98260.1
98260.4
98260.7
98260.9
98261.2
98261.5
98261.9
98262.5
98263.5
98264.8
98266.5
98268.9
98271.9
98275.6
98280.2
98285.6
98292.1
98299.7
98308.4
98318.3
98329.6
98342.2
98356.2
98371.7
98388.7
98407.3
98427.3
98448.7
98471.5
98495.7
98521
98547.3
98574.5
98602.3
98630.7
98659.4
98688.3
98717
98745.3
98773.2
98800.6
98827.4
98853.6
98879.4
98904.5
98929.4
98953.8
98978.2
99002.4
99026.3
99049.8
99073
99095.3
99116.7
99137
99156.1
99173.7
99189.3
99203.3
99215.4
99225.9
99234.6
99242
99248
99252.9
99257
99260.3
99263
99265.3
99267.4
99269.5
99272
99274.9
99278.3
99282.9
99288.7
99296.6
99306.1
99318
99331.7
99347.6
99364.6
99383.2
99401.9
99421.5
99439.7
99457.7
99472.4
99485
99492.5
99495.2
99490.2
99474.5
98146.9
98143.8
98141
98138.2
98135.5
98132.9
98130.4
98128
98125.8
98123.7
98121.8
98120
98118.4
98116.9
98115.6
98114.4
98113.5
98112.7
98112.1
98111.6
98111.4
98111.4
98111.5
98111.8
98112.3
98113
98113.9
98115
98116.3
98117.8
98119.4
98121.2
98123.1
98125.2
98127.5
98129.8
98132.3
98134.9
98137.6
98140.4
98143.2
98146.1
98149
98152
98155
98158
98160.9
98163.9
98166.9
98169.8
98172.8
98175.6
98178.5
98181.3
98184.1
98186.9
98189.7
98192.5
98195.2
98198
98200.8
98203.6
98206.4
98209.3
98212.3
98215.3
98218.3
98221.5
98224.6
98227.8
98231.1
98234.3
98237.5
98240.7
98243.9
98247
98250
98252.8
98255.5
98258.1
98260.4
98262.5
98264.4
98266.1
98267.6
98268.8
98269.8
98270.6
98271.3
98271.8
98272.3
98272.8
98273.4
98274
98274.9
98276
98277.5
98279.5
98282
98285.2
98289.1
98293.8
98299.4
98306
98313.7
98322.6
98332.7
98344.1
98356.9
98371.2
98386.9
98404.2
98423
98443.3
98465.1
98488.3
98512.8
98538.5
98565.3
98592.9
98621.2
98650.1
98679.3
98708.6
98737.8
98766.8
98795.3
98823.3
98850.8
98877.6
98904.1
98930.1
98955.7
98981.1
99006.4
99031.5
99056.4
99080.9
99105.1
99128.5
99151
99172.3
99192.5
99211.1
99227.8
99242.6
99255.6
99266.9
99276.5
99284.7
99291.4
99296.9
99301.5
99305.3
99308.4
99311.1
99313.4
99315.7
99318.2
99321.1
99324.3
99328.8
99334.3
99341.8
99350.7
99361.9
99374.7
99389.7
99405.6
99423.1
99440.6
99459
99475.8
99492.5
99505.7
99517
99523.1
99524.4
99518
99501
98153.5
98150.3
98147.3
98144.4
98141.6
98138.8
98136.2
98133.7
98131.3
98129
98126.9
98125
98123.2
98121.5
98120.1
98118.8
98117.6
98116.7
98115.9
98115.3
98114.9
98114.7
98114.7
98114.9
98115.3
98115.9
98116.7
98117.7
98118.8
98120.2
98121.7
98123.4
98125.2
98127.2
98129.4
98131.7
98134.1
98136.7
98139.3
98142
98144.8
98147.7
98150.6
98153.5
98156.5
98159.5
98162.5
98165.5
98168.5
98171.4
98174.4
98177.3
98180.2
98183.1
98186
98188.8
98191.7
98194.5
98197.4
98200.3
98203.2
98206.1
98209.1
98212.1
98215.2
98218.3
98221.5
98224.8
98228.1
98231.5
98234.9
98238.3
98241.7
98245.1
98248.5
98251.8
98255
98258
98260.9
98263.7
98266.2
98268.6
98270.7
98272.6
98274.3
98275.7
98276.9
98278
98278.8
98279.6
98280.3
98280.9
98281.6
98282.5
98283.5
98284.8
98286.4
98288.5
98291.1
98294.4
98298.4
98303.3
98309
98315.7
98323.5
98332.5
98342.8
98354.3
98367.2
98381.6
98397.5
98415
98434
98454.5
98476.5
98499.9
98524.7
98550.7
98577.7
98605.7
98634.3
98663.5
98693
98722.7
98752.3
98781.6
98810.5
98838.9
98866.8
98894.2
98921.2
98947.7
98973.9
98999.8
99025.8
99051.5
99077.2
99102.4
99127.3
99151.5
99174.8
99196.8
99217.7
99237
99254.3
99269.9
99283.4
99295.3
99305.5
99314.2
99321.4
99327.3
99332.4
99336.5
99339.8
99342.7
99345.2
99347.7
99350.2
99353.1
99356.2
99360.5
99365.8
99372.9
99381.4
99392.1
99404.3
99418.6
99433.8
99450.5
99467.1
99484.7
99500.5
99516.3
99528.5
99538.8
99543.9
99544.3
99536.7
99518.9
98157.8
98154.6
98151.5
98148.5
98145.5
98142.7
98139.9
98137.3
98134.8
98132.4
98130.2
98128.2
98126.3
98124.5
98122.9
98121.5
98120.3
98119.2
98118.4
98117.7
98117.2
98116.9
98116.8
98116.9
98117.2
98117.7
98118.4
98119.3
98120.4
98121.7
98123.1
98124.8
98126.6
98128.6
98130.7
98132.9
98135.3
98137.8
98140.4
98143.1
98145.9
98148.8
98151.7
98154.6
98157.6
98160.5
98163.5
98166.5
98169.5
98172.5
98175.5
98178.5
98181.4
98184.3
98187.3
98190.2
98193.1
98196
98198.9
98201.8
98204.8
98207.8
98210.8
98214
98217.1
98220.4
98223.7
98227
98230.4
98233.9
98237.4
98240.9
98244.5
98248
98251.5
98254.9
98258.2
98261.4
98264.4
98267.3
98270
98272.5
98274.8
98276.8
98278.6
98280.2
98281.5
98282.7
98283.7
98284.5
98285.3
98286.1
98287
98287.9
98289
98290.4
98292.1
98294.3
98297
98300.4
98304.5
98309.3
98315.1
98321.9
98329.8
98338.9
98349.2
98360.8
98373.8
98388.3
98404.3
98421.8
98441
98461.6
98483.7
98507.3
98532.2
98558.4
98585.6
98613.8
98642.6
98672
98701.7
98731.6
98761.4
98790.9
98820.1
98848.8
98877
98904.7
98932
98958.8
98985.5
99011.8
99038.1
99064.3
99090.4
99116.1
99141.5
99166.2
99189.9
99212.4
99233.8
99253.5
99271.4
99287.3
99301.3
99313.5
99324.1
99333.1
99340.6
99346.9
99352.1
99356.5
99360
99363
99365.7
99368.2
99370.6
99373.5
99376.6
99380.8
99385.9
99392.8
99401
99411.2
99423
99436.9
99451.6
99467.8
99483.8
99500.8
99516
99531.2
99542.8
99552.5
99556.9
99556.6
99548.4
99530
98160.3
98157
98153.9
98150.8
98147.7
98144.8
98142
98139.3
98136.7
98134.3
98132
98129.9
98128
98126.1
98124.5
98123
98121.7
98120.6
98119.7
98119
98118.4
98118.1
98118
98118
98118.3
98118.7
98119.4
98120.3
98121.3
98122.5
98124
98125.6
98127.4
98129.3
98131.4
98133.6
98136
98138.5
98141.1
98143.8
98146.5
98149.4
98152.3
98155.2
98158.2
98161.2
98164.2
98167.2
98170.2
98173.2
98176.2
98179.1
98182.1
98185.1
98188
98190.9
98193.9
98196.8
98199.7
98202.7
98205.7
98208.8
98211.9
98215
98218.2
98221.5
98224.8
98228.3
98231.7
98235.3
98238.8
98242.4
98246
98249.6
98253.1
98256.6
98260
98263.3
98266.4
98269.3
98272.1
98274.7
98277
98279.1
98281
98282.6
98284
98285.3
98286.3
98287.3
98288.1
98289
98289.9
98290.9
98292
98293.5
98295.2
98297.4
98300.2
98303.6
98307.7
98312.7
98318.5
98325.3
98333.3
98342.4
98352.7
98364.4
98377.4
98392
98408
98425.6
98444.8
98465.5
98487.7
98511.3
98536.3
98562.6
98589.9
98618.2
98647.1
98676.6
98706.5
98736.4
98766.3
98796
98825.3
98854.2
98882.5
98910.4
98937.9
98964.9
98991.7
99018.3
99044.8
99071.3
99097.6
99123.6
99149.3
99174.2
99198.2
99221
99242.6
99262.7
99280.7
99296.9
99311.2
99323.6
99334.4
99343.6
99351.3
99357.8
99363.1
99367.6
99371.2
99374.3
99376.9
99379.5
99381.9
99384.8
99387.7
99391.8
99396.8
99403.5
99411.5
99421.6
99433.1
99446.7
99461.1
99477
99492.8
99509.5
99524.3
99539.2
99550.4
99559.8
99563.8
99563.2
99554.6
99536.2
98161.4
98158
98154.8
98151.7
98148.6
98145.7
98142.8
98140.1
98137.5
98135.1
98132.8
98130.7
98128.7
98126.8
98125.2
98123.7
98122.4
98121.2
98120.3
98119.5
98119
98118.6
98118.4
98118.5
98118.7
98119.2
98119.8
98120.6
98121.7
98122.9
98124.3
98125.9
98127.7
98129.6
98131.7
98133.9
98136.3
98138.7
98141.3
98144
98146.8
98149.6
98152.5
98155.4
98158.4
98161.4
98164.4
98167.4
98170.4
98173.4
98176.4
98179.4
98182.4
98185.3
98188.3
98191.2
98194.1
98197.1
98200.1
98203
98206.1
98209.1
98212.2
98215.4
98218.6
98221.9
98225.3
98228.7
98232.2
98235.8
98239.4
98243
98246.6
98250.2
98253.8
98257.3
98260.7
98264
98267.1
98270.1
98272.9
98275.5
98277.9
98280
98281.9
98283.6
98285
98286.3
98287.4
98288.4
98289.3
98290.1
98291
98292
98293.2
98294.7
98296.5
98298.7
98301.5
98304.9
98309.1
98314
98319.9
98326.7
98334.7
98343.8
98354.1
98365.8
98378.9
98393.4
98409.5
98427.1
98446.3
98467.1
98489.3
98513
98538
98564.3
98591.6
98619.9
98648.9
98678.5
98708.3
98738.3
98768.3
98798
98827.4
98856.3
98884.7
98912.6
98940.2
98967.3
98994.2
99020.8
99047.5
99074
99100.4
99126.5
99152.3
99177.3
99201.5
99224.3
99246.1
99266.2
99284.4
99300.7
99315
99327.6
99338.4
99347.8
99355.5
99362
99367.5
99372
99375.6
99378.7
99381.4
99383.9
99386.3
99389.2
99392.1
99396.1
99401
99407.7
99415.6
99425.6
99437
99450.5
99464.8
99480.6
99496.2
99512.8
99527.5
99542.2
99553.3
99562.5
99566.5
99565.8
99557
99538.8
99081.4
98980.9
98880.7
98785
98693.4
98607.8
98529.8
98460.8
98401.7
98353.1
98314.3
98285.5
98263
98247.6
98230.6
98214.9
98189.1
98158.3
98116
98072.1
98026.2
97988.1
97960.1
97942.5
97953.9
99055.8
98957.2
98858.5
98764.7
98674.8
98591.1
98514.9
98447.7
98390.4
98343.5
98306.4
98279
98257.7
98243.2
98227
98211.8
98186.5
98156
98114.1
98070.5
98024.9
97987
97959.4
97942.1
97953.8
99011.9
98915.4
98819.7
98728.9
98642.1
98561.6
98488.6
98424.5
98370.2
98326.1
98291.6
98266.6
98247.4
98234.7
98220.2
98206.2
98182
98152.4
98111.3
98068.4
98023.4
97986.2
97958.9
97941.7
97954
98950.4
98856.9
98765.4
98678.8
98596.3
98520.1
98451.5
98391.8
98341.6
98301.4
98270.5
98248.8
98232.5
98222.4
98210.1
98197.9
98175.4
98147.1
98107.1
98065.2
98021.1
97984.5
97957.7
97940.8
97953.5
98872.4
98783.1
98696.7
98615.4
98538.4
98467.7
98404.5
98350.1
98305.1
98269.8
98243.4
98225.9
98213.4
98206.5
98197
98187.2
98166.8
98140.2
98101.7
98061.1
98018
97982.3
97956.2
97939.6
97953
98781
98696.9
98616.6
98541.6
98470.9
98406.5
98349.7
98301.4
98262.4
98232.8
98211.6
98198.9
98190.7
98187.5
98181.5
98174.5
98156.6
98132
98095.3
98056.1
98014.3
97979.7
97954.3
97938.3
97952.5
98678.8
98600.7
98527.4
98459.4
98395.8
98338.4
98288.6
98247
98214.6
98191.2
98175.9
98168.5
98165.1
98166
98163.8
98159.9
98145
98122.7
98088
98050.5
98010.1
97976.8
97952.1
97936.7
97952
98568.5
98497.1
98431.4
98370.9
98314.9
98265
98222.6
98188.3
98163
98146.1
98137
98135.2
98137
98142.4
98144.3
98143.9
98132.1
98112.4
98080
98044.3
98005.5
97973.5
97949.8
97935.1
97951.5
98452.7
98388.5
98330.7
98278.1
98230
98187.9
98153.3
98126.6
98108.5
98098.5
98095.8
98099.8
98107
98117.1
98123.2
98126.6
98118.1
98101.2
98071.2
98037.6
98000.4
97969.9
97947.3
97933.3
97951
98333.6
98276.9
98227.3
98182.7
98142.7
98108.5
98081.9
98062.9
98052.2
98049.1
98052.9
98063
98075.6
98090.5
98101.1
98108.2
98103.2
98089.3
98061.9
98030.5
97995.1
97966.2
97944.6
97931.5
97950.5
98213.4
98164.4
98123.1
98086.4
98054.5
98028.2
98009.7
97998.4
97995
97998.8
98009.2
98025.2
98043.3
98063
98078
98089.1
98087.7
98076.9
98052.1
98023.1
97989.4
97962.2
97941.9
97929.6
97949.9
98094
98052.6
98019.6
97990.7
97966.9
97948.4
97937.9
97934
97937.8
97948.4
97965.2
97987.1
98010.5
98035
98054.4
98069.5
98071.6
98063.9
98042
98015.3
97983.6
97958.2
97939.1
97927.8
97949.3
97977.2
97943.1
97918.3
97896.9
97881
97870.2
97867.4
97870.5
97881.4
97898.5
97921.6
97949.1
97977.6
98006.7
98030.5
98049.5
98055.2
98050.7
98031.6
98007.4
97977.6
97954
97936.3
97925.9
97948.8
97864.2
97837.2
97820.3
97806
97797.8
97794.3
97798.9
97808.8
97826.5
97849.8
97878.7
97911.6
97944.9
97978.6
98006.6
98029.4
98038.7
98037.4
98021
97999.4
97971.6
97949.8
97933.4
97924
97948.2
97756.1
97735.8
97726.4
97719
97718.2
97721.5
97733.1
97749.6
97773.6
97802.8
97837.1
97875
97912.9
97950.9
97982.8
98009.3
98022.1
98024
98010.4
97991.3
97965.4
97945.6
97930.6
97922.1
97947.6
97653.9
97640
97637.6
97636.6
97642.7
97652.5
97670.5
97693.2
97723.1
97757.8
97797.2
97839.6
97881.8
97923.8
97959.5
97989.4
98005.6
98010.6
97999.8
97983.2
97959.3
97941.5
97927.7
97920.3
97947.1
97558.4
97550.4
97554.6
97559.5
97572
97587.7
97611.6
97640.2
97675.3
97715.2
97759.2
97805.9
97851.9
97897.6
97936.8
97970
97989.4
97997.5
97989.3
97975.2
97953.3
97937.3
97925
97918.6
97946.5
97470.3
97467.8
97478.1
97488.4
97506.6
97527.7
97557
97590.9
97630.8
97675.4
97723.5
97774.1
97823.5
97872.6
97914.9
97951.2
97973.7
97984.6
97979.1
97967.4
97947.3
97933.3
97922.2
97916.9
97945.9
97390
97392.3
97408
97423
97446.2
97472.3
97506.2
97544.9
97589.1
97637.7
97689.5
97743.5
97796
97848
97893.2
97932.4
97957.7
97971.5
97968.5
97959.3
97941.1
97929
97919.3
97915.1
97945.4
97318.4
97324.7
97345
97364.1
97391.7
97422.2
97460.2
97502.9
97550.7
97602.8
97657.6
97714.5
97769.7
97824.2
97871.9
97913.7
97941.7
97958.1
97957.7
97951
97934.8
97924.8
97916.5
97913.3
97944.9
97256
97265.7
97290
97312.6
97344.1
97378.5
97420
97466.1
97517
97571.8
97629.2
97688.3
97745.7
97802.3
97852.3
97896.2
97926.6
97945.5
97947.5
97943
97928.8
97920.7
97913.8
97911.8
97944.5
97203.1
97215.7
97243.4
97268.9
97303.9
97341.4
97386
97434.9
97488.1
97545
97604.4
97665.2
97724.2
97782.5
97834.3
97880.1
97912.6
97933.6
97937.9
97935.6
97923.1
97917
97911.3
97910.4
97944
97160
97174.9
97205.5
97233.4
97271.3
97311.3
97358.6
97409.4
97464.4
97522.8
97583.5
97645.4
97705.5
97764.9
97818
97865.4
97899.7
97922.7
97929
97928.6
97917.9
97913.5
97909
97909.1
97943.7
97126.9
97143.8
97177
97206.6
97246.9
97288.8
97337.9
97389.9
97446
97505.3
97566.6
97629.1
97689.7
97749.7
97803.7
97852.3
97888
97912.6
97920.8
97922.3
97913.1
97910.5
97906.9
97908.1
97943.4
97104.1
97122.7
97158
97189
97231
97274
97324.2
97376.7
97433.4
97492.8
97554.1
97616.4
97676.9
97737
97791.6
97840.8
97877.6
97903.6
97913.4
97916.5
97908.9
97907.8
97905.2
97907.3
97943.2
97091.8
97111.8
97148.9
97180.9
97223.8
97267.3
97317.7
97370
97426.6
97485.4
97545.8
97607.3
97667.2
97727
97781.5
97831.1
97868.6
97895.6
97906.9
97911.4
97905.1
97905.5
97903.7
97906.7
97943.1
97090.2
97111.2
97149.6
97182.3
97225.4
97268.6
97318.6
97370
97425.6
97483.1
97542
97602.1
97660.8
97719.7
97773.7
97823.2
97861.1
97888.8
97901.2
97907
97902
97903.6
97902.5
97906.4
97943.1
97099.3
97121.1
97160.3
97193
97235.8
97278.1
97326.8
97376.7
97430.6
97486.1
97542.9
97600.9
97657.9
97715.4
97768.3
97817.2
97855.1
97883.2
97896.6
97903.4
97899.4
97902.1
97901.6
97906.2
97943.2
97118.8
97141
97180.4
97212.7
97254.6
97295.3
97342.1
97389.7
97441.2
97494
97548
97603.5
97658.3
97713.8
97765.2
97813.1
97850.7
97878.9
97893
97900.6
97897.5
97901.1
97901
97906.3
97943.4
97148.6
97171
97210
97241.4
97281.7
97320.4
97364.5
97409.3
97457.5
97506.9
97557.6
97609.9
97661.9
97714.8
97764.2
97810.8
97847.6
97875.6
97890.2
97898.4
97896.1
97900.5
97900.7
97906.7
97943.7
97188.8
97210.9
97249
97278.9
97317.1
97353.3
97393.9
97435.2
97479.4
97524.8
97571.5
97620
97668.6
97718.4
97765.4
97810.1
97845.9
97873.4
97888.2
97896.8
97895.3
97900.2
97900.7
97907.2
97944.1
97239.1
97260.6
97297.2
97325.3
97360.7
97393.8
97430.3
97467.4
97506.8
97547.5
97589.6
97633.8
97678.3
97724.5
97768.7
97811.1
97845.4
97872.2
97887
97895.9
97894.9
97900.4
97901
97907.9
97944.6
97299.6
97320
97354.5
97380.6
97412.6
97441.7
97473.6
97505.7
97539.7
97575.1
97611.9
97651.1
97691
97733.2
97774
97813.8
97846.3
97872.1
97886.6
97895.5
97895
97900.8
97901.5
97908.9
97945.2
97369.9
97388.7
97420.6
97444.1
97472.2
97496.7
97523.4
97549.8
97577.9
97607.3
97638.2
97671.8
97706.6
97744.2
97781.2
97818
97848.3
97872.8
97886.9
97895.8
97895.5
97901.6
97902.3
97910.1
97946
97455.1
97471.6
97500
97520.1
97543.3
97562.1
97582.6
97602.4
97623.4
97645.9
97669.9
97696.9
97725.8
97758.2
97790.8
97824
97851.8
97874.7
97888
97896.6
97896.6
97902.8
97903.4
97911.5
97946.8
97557.4
97570.6
97594.4
97610
97627.2
97639.3
97652.5
97664.4
97677.2
97691.4
97707.4
97726.9
97749.1
97775.4
97802.9
97832
97856.8
97877.7
97890.1
97898.2
97898.2
97904.4
97904.9
97913.1
97947.8
97670
97679.5
97697.9
97708.3
97718.8
97723.7
97729
97732.2
97736.2
97741.4
97748.9
97760.3
97775.2
97794.9
97816.9
97841.4
97862.9
97881.5
97892.7
97900.2
97900.3
97906.3
97906.6
97914.9
97948.9
97792.4
97798
97810.4
97814.7
97818
97815.2
97811.7
97805.7
97800
97795.8
97794.1
97796.9
97803.9
97816.5
97832.5
97852.1
97870
97886.1
97896
97902.7
97902.7
97908.5
97908.5
97916.9
97950
97924.1
97925.3
97930.9
97928.5
97924.1
97913
97900
97884.1
97868.2
97854
97842.7
97836.3
97834.9
97840
97849.7
97864.1
97878
97891.4
97899.8
97905.7
97905.5
97910.9
97910.7
97919.1
97951.3
98064.1
98060.1
98058.4
98048.7
98036
98016.1
97993.1
97966.8
97940.2
97915.5
97894.2
97878.1
97867.8
97865.1
97868.1
97877
97886.8
97897.4
97904.1
97909
97908.5
97913.5
97913.1
97921.4
97952.7
98210.6
98201.2
98191.6
98174.3
98152.8
98123.5
98090.1
98053
98015.3
97979.8
97947.9
97921.8
97902.3
97891.5
97887.6
97890.7
97896.3
97903.8
97908.8
97912.6
97911.8
97916.4
97915.7
97923.9
97954.2
98362.2
98347.1
98329.4
98304.1
98273.4
98234.2
98190
98141.9
98092.9
98046
98003.1
97966.8
97937.9
97918.7
97907.7
97905
97906.2
97910.6
97913.7
97916.5
97915.3
97919.4
97918.5
97926.5
97955.7
98516.5
98495.7
98469.8
98436.4
98396.2
98346.7
98291.7
98232.3
98171.9
98113.4
98059.3
98012.5
97974.1
97946.4
97928.3
97919.6
97916.4
97917.7
97918.9
97920.5
97918.9
97922.5
97921.4
97929.1
97957.3
98670.3
98643.6
98609.9
98568.1
98518.5
98458.9
98393
98322.4
98250.4
98180.4
98115.1
98057.9
98010
97973.9
97948.6
97934.2
97926.6
97924.8
97924.2
97924.6
97922.6
97925.7
97924.4
97931.8
97958.9
98831
98798.2
98756.5
98706.1
98646.8
98576.7
98499.5
98417
98332.9
98250.7
98173.7
98105.4
98047.6
98002.7
97969.9
97949.6
97937.5
97932.5
97929.9
97929.1
97926.6
97929.2
97927.7
97934.8
97960.6
98984.8
98946.2
98897.3
98838.8
98770.1
98690
98602
98508.2
98412.3
98318.5
98230.1
98151.1
98083.6
98030.2
97990.4
97964.4
97948
97940
97935.4
97933.6
97930.6
97932.8
97931.1
97937.7
97962.3
99111.9
99068.6
99013.9
98948.7
98872.3
98784
98687
98583.7
98478.1
98374.6
98276.7
98188.7
98113.2
98052.8
98007.2
97976.5
97956.7
97946.2
97940.1
97937.3
97934
97935.7
97934.1
97940.2
97963.6
99215
99168.1
99108.9
99038.2
98955.5
98860.5
98756.1
98645.2
98531.7
98420.1
98314.5
98219.2
98137.2
98071.2
98020.9
97986.4
97963.8
97951.4
97943.9
97940.3
97936.8
97938.2
97936.5
97942.2
97964.7
99296.7
99247.2
99184.5
99109.5
99021.9
98921.5
98811.3
98694.2
98574.3
98456.4
98344.5
98243.4
98156.3
98085.7
98031.7
97994.3
97969.4
97955.5
97946.9
97942.8
97939
97940.2
97938.5
97943.8
97965.5
99360.1
99308.6
99243.4
99165.2
99073.7
98969.1
98854.3
98732.4
98607.5
98484.6
98368
98262.3
98171.1
98097.1
98040.1
98000.4
97973.8
97958.6
97949.3
97944.7
97940.7
97941.7
97940
97945
97966.1
99408.2
99355.3
99288.3
99207.6
99113.2
99005.4
98887.1
98761.5
98632.9
98506.2
98385.9
98276.8
98182.5
98105.8
98046.6
98005.1
97977.1
97961
97951.1
97946.1
97942
97942.9
97941.1
97945.9
97966.4
99443.7
99389.9
99321.6
99239.1
99142.5
99032.3
98911.5
98783.1
98651.7
98522.2
98399.2
98287.7
98191
98112.3
98051.4
98008.6
97979.6
97962.8
97952.4
97947.1
97942.8
97943.7
97941.9
97946.5
97966.7
99469
99414.7
99345.5
99261.6
99163.5
99051.6
98928.9
98798.6
98665.2
98533.8
98408.9
98295.5
98197.2
98116.9
98054.8
98011
97981.3
97963.9
97953.2
97947.8
97943.4
97944.2
97942.4
97946.8
97966.8
99486.2
99431.6
99361.8
99277
99177.9
99064.9
98940.9
98809.4
98674.6
98541.8
98415.6
98300.9
98201.5
98120.2
98057.2
98012.7
97982.4
97964.7
97953.7
97948.2
97943.7
97944.5
97942.6
97947
97966.8
99497
99442.1
99372
99286.8
99187.1
99073.4
98948.8
98816.4
98680.8
98547.1
98420
98304.5
98204.3
98122.3
98058.7
98013.7
97983.1
97965.1
97954
97948.4
97943.9
97944.6
97942.8
97947.1
97966.7
99503.3
99448.3
99378.1
99292.6
99192.7
99078.7
98953.7
98820.9
98684.8
98550.6
98422.9
98306.8
98206
98123.5
98059.5
98014.2
97983.4
97965.3
97954.1
97948.4
97943.9
97944.6
97942.7
97947
97966.5
99506.6
99451.7
99381.7
99296.3
99196.4
99082.4
98957.3
98824.3
98687.9
98553.3
98425.3
98308.8
98207.6
98124.8
98060.5
98014.9
97983.8
97965.6
97954.3
97948.6
97944
97944.7
97942.8
97947
97966.5
)
;

boundaryField
{
    inlet
    {
        type            zeroGradient;
    }
    outlet
    {
        type            waveTransmissive;
        phi             phi;
        rho             rho;
        psi             psi;
        gamma           1.3;
        fieldInf        100000;
        lInf            0.3;
        value           uniform 100000;
    }
    upperWall
    {
        type            zeroGradient;
    }
    lowerWall
    {
        type            zeroGradient;
    }
    frontAndBack
    {
        type            empty;
    }
}


// ************************************************************************* //
