/*--------------------------------*- C++ -*----------------------------------*\
| =========                 |                                                 |
| \\      /  F ield         | OpenFOAM: The Open Source CFD Toolbox           |
|  \\    /   O peration     | Version:  dev                                   |
|   \\  /    A nd           | Web:      http://www.openfoam.org               |
|    \\/     M anipulation  |                                                 |
\*---------------------------------------------------------------------------*/
FoamFile
{
    version     2.0;
    format      ascii;
    class       volScalarField;
    object      p;
    location    "9.133";
}
// * * * * * * * * * * * * * * * * * * * * * * * * * * * * * * * * * * * * * //

dimensions      [1 -1 -2 0 0 0 0];

internalField   nonuniform List<scalar> 
12225
(
94681.3
94763.1
94921.6
95143.8
95387.4
95677.1
95955
96250.1
96522.5
96777.9
97011.5
97218.4
97392.8
97531
97610.8
97624.8
97353.4
95552.2
94668.5
94754.9
94914.4
95138
95379.7
95671.9
95947.5
96245
96516.9
96773
97006.9
97215.1
97392
97534.8
97616
97651.4
97369
96401.1
94648.3
94737.4
94898
95120.3
95364.4
95658.9
95929.1
96232.4
96502.6
96760.5
96995.9
97206.9
97390.1
97539.7
97634.7
97689.4
97566.7
97248.4
94617.8
94707.6
94869.2
95090.5
95338
95628
95901
96209.5
96476.7
96737
96974.8
97190.6
97381
97545.6
97671.9
97773.7
97787.6
97905.5
94569.2
94662.5
94825.1
95045.3
95295.8
95582
95861.4
96164.3
96437.9
96698.9
96941
97163.3
97362.5
97534.2
97684.9
97835.6
97922.9
98202.6
94503.2
94597.4
94760.7
94980.4
95233.5
95516.5
95802.8
96100.7
96381.9
96642.4
96891.3
97122
97329.7
97512.1
97680.7
97839.5
98002.6
98279.2
94412.5
94506.7
94670.7
94890.7
95146.4
95429.1
95720.5
96018.5
96304.4
96568.4
96821.8
97060.1
97277.2
97473.3
97660.7
97827
98013.3
98267.3
94311.3
94404.1
94567.9
94788.6
95046.4
95330.2
95624
95925
96216.3
96488.2
96746.2
96992.8
97215.5
97423.2
97618
97809.7
97999.9
98223.9
94199.2
94293.1
94456.8
94678
94937.8
95222.7
95517.8
95822.7
96118.8
96398.2
96660.8
96918.7
97142.9
97370
97564.7
97773.7
97961.1
98158.7
94049.6
94145.3
94309.8
94531.4
94793.2
95079.8
95378.8
95682.6
95988.9
96273.7
96543.4
96809.4
97044.3
97282.8
97483.2
97692.4
97885.3
98067.5
93853
93949.4
94114.9
94337.7
94601.4
94890.1
95193.9
95496.7
95817.6
96106.5
96386.5
96658
96908.1
97150.7
97372.7
97581.6
97790
97969.6
93598.2
93690.2
93856.8
94081.2
94347.4
94639.1
94949.1
95256.4
95585
95882
96175.3
96455.2
96719.6
96970.5
97211
97431.4
97652.3
97837.5
93259.5
93349.4
93517.2
93743.1
94011.7
94308.7
94624.8
94944
95271.2
95583
95892.5
96184
96463.3
96727.7
96981.8
97216.7
97445.8
97652.1
92812.1
92903.7
93073.3
93301.6
93574.1
93876.6
94200.2
94529.5
94863.2
95187.6
95517.5
95823.1
96118.9
96400.7
96670.4
96923.3
97165.7
97394.5
92223.2
92325.9
92499.8
92731.9
93008.9
93318.1
93648.7
93990.6
94336.5
94679.7
95019
95346.7
95663.1
95966
96256.4
96529.5
96792.1
97042.5
91483.2
91595.2
91773.9
92010.6
92293.3
92609.7
92949.4
93303.3
93663.7
94024.5
94381.4
94730.5
95069.7
95397
95711.8
96013.1
96301.8
96577.6
90596.1
90700.3
90880.3
91121.1
91409.5
91733.3
92082.5
92448.5
92824.6
93203.8
93581.4
93953.8
94318.1
94672.5
95015.7
95347
95665.8
95972.4
89606.2
89714
89895.9
90140.2
90433.4
90763.8
91121.8
91499.1
91888.9
92284.8
92681.9
93076.4
93465.2
93846
94217.3
94577.8
94926.7
95263.8
88702.2
88805.3
88988.9
89235.8
89532
89866.8
90230.9
90616.3
91016.3
91424.9
91837.1
92249.1
92657.6
93060.1
93454.7
93839.8
94214.6
94578.5
87929.1
88048.3
88236.3
88484.9
88782.7
89119.7
89487.4
89878
90285
90702.4
91125.4
91550
91973.1
92391.7
92803.8
93207.9
93602.6
93987.2
87324.7
87442.3
87631
87880
88178.3
88516.4
88886.2
89280.2
89691.8
90115.4
90546.1
90979.7
91413.2
91843.7
92268.9
92687.1
93096.8
93497.2
86845.1
86967.2
87156.3
87405.1
87703.1
88041.7
88412.6
88808.5
89223.3
89651.3
90087.6
90528
90968.8
91407.9
91842.6
92271.2
92692
93104.2
86485.8
86604.3
86792.4
87040.5
87338.2
87676.8
88048.3
88445.5
88862.4
89293.4
89733.5
90178.7
90625.2
91070.3
91511.9
91948
92377.1
92798
86219.5
86333.4
86520.1
86767.4
87064.6
87403
87774.7
88172.8
88591
89024
89466.8
89915.2
90365.8
90815.5
91262
91703.6
92138.6
92565.9
86025.6
86136.9
86321.7
86567.9
86864.5
87202.7
87574.6
87973.1
88392.2
88826.5
89271.1
89721.9
90175.3
90628.2
91078.3
91523.8
91963.1
92395
85889.7
85998.4
86181.3
86426.6
86722.9
87060.9
87432.7
87831.5
88251.1
88686.3
89132.1
89584.4
90039.7
90494.9
90947.6
91395.9
91838.2
92273.3
85802.4
85905.1
86086.2
86330.7
86626.6
86964.5
87336.3
87735.1
88155.1
88590.9
89037.4
89490.8
89947.3
90404.1
90858.5
91308.7
91753.1
92190.4
85744
85845.5
86025.4
86269.6
86565.3
86903
87274.7
87673.6
88093.9
88530.1
88976.8
89430.9
89888.4
90346.1
90801.7
91253.2
91699
92137.8
85712.9
85811.7
85990.4
86234.2
86530.2
86867.9
87239.8
87638.6
88059.1
88495.7
88942.1
89396.9
89854.8
90313.2
90769.4
91221.8
91668.5
92108.3
85703.3
85797.8
85975.6
86219.1
86515
86852.7
87224.5
87623.4
88044
88480.5
88927.5
89382.3
89840.4
90299
90755.6
91208.3
91655.6
92096.1
98622.6
98618.3
98609.5
98596
98577.9
98554.9
98527.2
98494.6
98457.2
98414.9
98367.8
98316.2
98260.2
98200
98135.6
98066.9
97994.3
97918
97838.1
97754.4
97667.1
97576.6
97483.4
97387.8
97290.5
97191.5
97090.3
96986.7
96881
96773.7
96665.6
96557.5
96449.9
96343.5
96238.7
96136
96035.6
95938
95843.4
95751.9
95663.9
95580
95500.8
95426.5
95356.7
95290.9
95229
95170.5
95115.2
95062.6
95011.6
94960.9
94909.6
94856.7
94800.8
94740
94672.5
94596.3
94509
94408.1
94291.6
94157.2
94002.3
93824.7
93622.2
93392.9
93135.5
92848.9
92532.5
92186.2
91809.2
91401.2
90963.1
90496.7
90004.7
89489.5
88953.3
88399.1
87829.9
87249
86659.4
86064.6
85474.6
84892.6
84323.2
83770.5
83232
82711
82226.9
81770.6
81348.7
80961.9
80609.5
80299.9
80033.4
79811.7
79633.5
79497.2
79402.3
79354.5
79343.7
79368
79424.1
79508.5
79621.5
79760.9
79923.1
80105
80303.9
80514.5
80731.4
80949
81159
81358.3
81545.5
81718
81867.5
81980.1
82062.7
82112.1
82141.9
82135.7
82103.6
82050.9
81983.9
81908.1
81828.2
81751.4
81683.2
81629.8
81599
81596.5
81625.5
81689.3
81788.6
81922.9
82090.7
82288.7
82511.9
82751.7
82996.9
83235.5
83452.6
83634.8
83767.8
83840.3
83846.4
83777.1
83625.1
83397.5
83087.1
82693.8
82222.9
81702.2
81160.7
80627.1
80117.3
79638.6
79201
78816.3
78498.5
78260.4
78109.2
78056.2
78103.8
78256.9
78490.7
78801.4
79198.7
79660.3
80180.5
80743.2
81343.3
81965.8
82582.9
83207.1
83833.3
84453.8
85056.4
85625.5
98615.1
98610.7
98601.8
98588.3
98570.1
98547.2
98519.5
98487
98449.4
98407
98359.9
98308.4
98252.6
98192.8
98128.5
98059.6
97986.6
97910.4
97831
97748.3
97662.4
97573.4
97480.9
97384.7
97286.2
97186.4
97085.1
96981.5
96875.9
96768.9
96661.2
96553.4
96446.1
96340
96235.6
96133.2
96033.1
95935.6
95841.3
95750.6
95663.2
95579.6
95500.7
95426.8
95356.6
95290.6
95228.7
95170.3
95115.1
95062.3
95011.1
94960.2
94908.9
94855.8
94799.3
94738
94670.1
94593.6
94506
94404.8
94288
94153.2
93998
93820.2
93617.6
93388.7
93131.4
92844.9
92529.6
92184.6
91808.8
91402.1
90965.1
90499.7
90008.6
89495.1
88961.5
88409.4
87842.7
87264.9
86678.3
86085.2
85496.1
84914.1
84345.4
83793.3
83260.9
82745.9
82260.9
81802.8
81383
80996.7
80641.7
80335.1
80067.5
79847
79672.9
79538.5
79447.2
79394
79380.8
79403.8
79461.7
79544.8
79657.9
79797.2
79959
80140.4
80338.7
80548.6
80764.6
80980.3
81188.7
81388.1
81576.7
81749.3
81896.8
82011.1
82094
82143.4
82176.6
82167.9
82135.6
82083.2
82016
81939.1
81857.8
81779.7
81710.6
81655.8
81623.1
81618.4
81647.2
81711.3
81808.6
81941.5
82108.9
82305.4
82526.8
82764.4
83008.1
83245.3
83461.2
83641.2
83773.9
83848.9
83853.9
83782.3
83633.3
83403.8
83092.6
82699.1
82227.9
81701.2
81160.1
80629.5
80122.5
79645.3
79205.8
78819
78501.4
78268
78119.4
78069.2
78120.4
78276.9
78510.5
78822.1
79222.8
79686.8
80207.2
80768.2
81365.8
81993.8
82605.3
83228.2
83854.7
84476.6
85082
85654.1
98600.9
98596.4
98587.4
98573.8
98555.4
98532.3
98504.3
98471.3
98433.6
98391.5
98345.1
98293.9
98238.5
98179
98115.1
98046.9
97975.2
97900.2
97821.4
97738.7
97652.7
97564.1
97472.3
97377.2
97279.1
97178.9
97076.6
96972.4
96866.8
96760.2
96653.1
96545.9
96439.3
96333.8
96230.1
96128.4
96028.9
95932
95838.2
95747.8
95660.9
95577.9
95499.5
95425.6
95355.6
95290
95228.2
95169.9
95114.6
95061.8
95010.2
94958.9
94907.1
94853.3
94796.1
94733.8
94664.9
94587.4
94498.9
94396.9
94279.2
94143.8
93988.3
93810.3
93607.9
93379.4
93122.7
92837
92522.9
92179.7
91805.9
91401.6
90967.4
90504.5
90015.9
89505.8
88976.7
88428.5
87864.6
87289.9
86709.7
86125.7
85538.7
84954.8
84388.2
83839.8
83311.4
82806.2
82327.6
81875.1
81454.5
81065.6
80713.4
80407.7
80143.7
79921.8
79748.8
79617.2
79525.5
79471.7
79455.8
79474.9
79526.4
79615
79729.7
79869.6
80031.2
80211.3
80407.5
80614.9
80828.1
81041.4
81249.1
81449.4
81637.8
81808.4
81954.1
82071.8
82155.7
82206.7
82236.9
82228.9
82197.4
82146.3
82079.6
81999.9
81916.5
81837.3
81766.3
81709.4
81673.2
81666.1
81691.1
81751
81848
81980.6
82144.7
82338.7
82557.2
82791.3
83030.8
83263.6
83475.8
83653.9
83784.9
83856.3
83859.3
83788.5
83637
83406.2
83096.5
82700.6
82225.2
81698.8
81161.4
80635.5
80131.3
79654.6
79214
78825.9
78510.2
78277.4
78138.5
78094.7
78153.2
78313.3
78547.6
78864.1
79270.9
79738.7
80259.3
80819.3
81422.1
82039
82650.6
83272.1
83899.6
84524.8
85134.4
85710.2
98581.7
98577.1
98568.1
98554.5
98536.1
98512.9
98484.8
98451.9
98414.7
98373.2
98327.1
98276.4
98221.8
98163.2
98100
98032.5
97961.7
97887.5
97809.5
97727.5
97641.8
97552.7
97460.4
97365
97267.1
97166.8
97064.5
96960.7
96855.5
96749.6
96643.1
96536.8
96431.2
96326.7
96223.8
96122.9
96024.2
95928.2
95835.1
95745.3
95658.8
95576.6
95498.7
95424.9
95355.5
95290.2
95228.5
95170.2
95114.8
95061.5
95009.4
94957.6
94905
94850.1
94791.8
94728.2
94657.7
94578.5
94488.3
94384.9
94266.4
94130.4
93974.6
93796.7
93594.7
93366.7
93110.5
92825.6
92512.2
92170.6
91799.8
91399.6
90970.1
90511.8
90026.5
89521.1
88999.2
88457.1
87898.2
87329.1
86754.1
86177.8
85599.7
85023.4
84460.6
83914.1
83390.5
82893.3
82422.5
81975.7
81555.7
81168.5
80821.5
80518
80257.8
80041.5
79866
79733.3
79641.3
79587.9
79571.2
79589.2
79641.1
79725.2
79837.6
79976.7
80136.6
80314.5
80508.3
80712.8
80923.4
81134.7
81341.3
81540.7
81727.4
81896.1
82041.1
82160.1
82244.6
82294.9
82324.9
82317.8
82287
82237.8
82172.1
82090.3
82004.5
81923.7
81850.5
81790.4
81750.4
81739.4
81761.9
81820.4
81913.1
82040.5
82200.1
82390
82604.2
82832.1
83066.6
83294.3
83500.9
83673.7
83800.3
83868
83868.5
83796.1
83643.5
83411.2
83100.9
82702.1
82224.7
81700.9
81172
80651.9
80148
79669.5
79228.3
78841.9
78529.3
78303
78168.2
78133.1
78200.1
78363.2
78603.8
78928.5
79341.5
79813.7
80334.7
80894.4
81499.1
82111.1
82719.9
83339.9
83971
84601
85215.8
85795.5
98559.1
98554.5
98545.5
98531.8
98513.5
98490.4
98462.7
98430.5
98394
98353.1
98307.7
98257.9
98204
98146.3
98084.1
98017.7
97947.4
97873.1
97794.8
97712.7
97626.8
97537.6
97445.3
97350.3
97252.8
97153
97051.3
96948.1
96843.7
96738.5
96633
96527.8
96423.3
96320
96218.2
96118.4
96020.8
95925.7
95833.4
95744.4
95659.1
95577.5
95499.8
95426.5
95357.7
95292.5
95230.7
95172.1
95116.4
95062.6
95009.9
94957.2
94903.5
94847.3
94787.3
94721.7
94649.3
94568.2
94476.2
94371.3
94251.5
94114.7
93958.6
93780.4
93578.2
93350.9
93096.7
92813.5
92501.1
92160.7
91792.5
91396
90971.7
90520.7
90043.5
89544.8
89029.7
88494.7
87942.7
87382.5
86815.6
86244.8
85674.5
85109.9
84558.2
84020.2
83502.3
83011.6
82547.2
82105.5
81688.3
81303.8
80963.2
80665.5
80409.7
80195
80021.3
79888.9
79796.5
79743.2
79726.1
79740.7
79791.2
79873.1
79983.2
80119
80275.7
80451.3
80642.7
80844.6
81052.6
81261
81465.1
81661.7
81846.2
82013.6
82157.1
82275.4
82359.4
82407.3
82442.1
82434.5
82404.1
82356.5
82290.3
82207.9
82121
82038.3
81962
81897.7
81854.7
81839.9
81855.7
81907.1
81998.5
82121.2
82275.2
82459.4
82665.6
82887.8
83115.4
83336.1
83534.6
83700.4
83821.8
83885.2
83881.1
83804.5
83649.7
83417.1
83107
82707.4
82227.5
81708.5
81186.3
80669.8
80166.6
79688.3
79250.7
78867.9
78560.2
78342.9
78209.6
78184.5
78259.5
78428.7
78680.6
79016.9
79434.8
79912.6
80434.3
80991.4
81596.6
82206.9
82812.6
83430.4
84066.1
84703.7
85324.3
85909.3
98535.5
98530.8
98521.8
98508.2
98490.1
98467.4
98440.2
98408.9
98373.2
98333
98288.4
98239.4
98186.2
98129
98067.6
98001.8
97931.6
97857.2
97778.7
97696.4
97610.7
97522
97430.4
97336
97239
97139.8
97038.8
96936.3
96832.9
96728.7
96624.4
96520.5
96417.5
96315.6
96215.3
96116.8
96020.5
95926.5
95835.3
95747.3
95662.8
95582.1
95505.3
95432.5
95364.2
95298.2
95235.8
95176.7
95120.4
95065.8
95012.1
94958.6
94903.6
94846.1
94784.5
94716.8
94641.8
94558.1
94463.8
94357.1
94235.5
94097.2
93940.8
93763.3
93561.2
93334.2
93082.5
92802.7
92493
92155.7
91790.8
91397.5
90977
90532
90064.3
89575.4
89068.3
88542.7
88000.5
87450.6
86895.2
86333.6
85770.9
85216.8
84676.8
84148.7
83638.7
83156.8
82700.7
82265.9
81851
81475.7
81143
80851.3
80598.6
80386
80213.9
80081.2
79987.7
79935
79912.9
79930.3
79980.8
80060.4
80167.3
80298.2
80450.7
80623.1
80810.9
81009.5
81213.8
81418.4
81619.2
81812.4
81994.4
82159.4
82302.7
82420
82502.5
82553.1
82583.5
82578.6
82550.3
82503.7
82435.5
82353.4
82266.1
82180.6
82100.2
82031.3
81985.2
81966.9
81977.3
82022
82104.3
82222.2
82370.5
82548.1
82746.8
82960.8
83178.5
83389.5
83580
83737.6
83851.5
83908.4
83898.5
83816.3
83657.5
83425.3
83116.4
82716.6
82238.2
81722.3
81203.4
80688.3
80187.2
79714.3
79284.3
78910.2
78607.2
78382.6
78265.2
78248.1
78331.3
78511.4
78775.6
79127.8
79549.8
80034.3
80557
81109.2
81714.7
82323.5
82928
83543.5
84182.4
84828.4
85455
86048.1
98513.2
98508.6
98499.6
98486.2
98468.3
98446
98419.6
98389.1
98354.1
98314.8
98271.4
98223.2
98170.4
98113.3
98051.8
97985.8
97915.6
97841.3
97763.3
97681.7
97596.9
97508.9
97417.9
97323.9
97227.3
97128.5
97028.1
96926.7
96824.5
96721.8
96618.8
96516.5
96415
96314.7
96215.8
96118.8
96024.2
95931.9
95842.3
95756.1
95673.2
95593.7
95517.2
95443.4
95373.2
95308.1
95245.7
95185.7
95128.2
95072.5
95017.6
94962.5
94905.9
94846.8
94783.9
94714.8
94637.7
94551.2
94454
94344.7
94221.3
94080.9
93922.4
93745.2
93545.4
93319.5
93069.1
92793.3
92488.5
92156.4
91797.2
91407.9
90991.1
90551.7
90092.9
89614.7
89117.2
88602.3
88073.2
87533.4
86988.2
86437.6
85885.1
85342.5
84815.5
84300
83801.6
83329.2
82880.9
82452.3
82045.6
81680.2
81355
81069.2
80821.2
80612.3
80442.5
80310.1
80216.1
80166.2
80151.2
80167.2
80213.4
80287.6
80390.4
80516.1
80663.4
80829.9
81012
81205.6
81405.8
81607.5
81806.3
81996.5
82174.7
82336.6
82480.4
82596.2
82678
82731.1
82756.5
82753.8
82727.9
82681
82611.2
82528.2
82441
82352.5
82268.1
82194.6
82144.6
82120.4
82125.3
82162.1
82236.6
82345.5
82486.3
82655.6
82845.3
83051.8
83258.8
83458.3
83636.8
83784.5
83889.9
83939.6
83922.7
83833.9
83671.2
83438.6
83130.9
82731.3
82253.3
81741.4
81224.6
80713.7
80221.4
79758.4
79340.3
78976.7
78678.6
78462.7
78342.9
78328.8
78420.2
78610.4
78889.6
79257.8
79684.8
80176.3
80698.1
81248.3
81853
82460.2
83064.8
83679.6
84319.8
84969.9
85605.7
86209.3
98494.8
98490.1
98481.2
98467.9
98450.3
98428.5
98402.6
98372.8
98338.6
98299.8
98256.6
98209
98156.6
98099.9
98038.8
97973.4
97903.7
97829.9
97752.4
97671.4
97587.1
97499.5
97408.8
97315.2
97219.3
97121.6
97022.6
96922.6
96821.8
96720.5
96619.3
96518.6
96418.6
96319.8
96222.5
96127.1
96033.9
95943
95855.1
95770.6
95689.8
95612.1
95536.5
95463.2
95393.8
95327.4
95263.6
95202.3
95142.9
95085.2
95028.4
94971.4
94913
94852
94787
94715.7
94636.7
94548.7
94449.4
94337
94211
94070
93910.1
93730.3
93531.7
93309.5
93060.1
92785.3
92484.8
92160.3
91810.4
91427.6
91015
90583.1
90134.6
89667.5
89180.7
88676.9
88160.6
87631.8
87096.3
86558
86020.1
85491.1
84976.3
84472.8
83987.1
83525.3
83084.4
82663.9
82270.5
81915.4
81598.6
81318.8
81078.2
80874.9
80709
80578.9
80501.2
80451.2
80433.2
80445.1
80484
80551
80646.9
80768
80909.9
81070
81246.3
81434.7
81630.8
81830.2
82027.5
82215.8
82389.6
82549.9
82690.5
82804.9
82887.4
82939.3
82967.6
82964.2
82938.4
82891
82822
82736.6
82646.8
82554.8
82467.6
82390.9
82334.8
82302.3
82299.5
82327.7
82393.1
82493.1
82624.8
82783.7
82963.6
83156.4
83356
83543.4
83708.5
83843.4
83938.4
83980
83955.6
83859.8
83693.2
83459.1
83152.5
82753.1
82276.7
81768.6
81254.6
80751.6
80274
79822.1
79419.3
79068
78784.3
78577.1
78442.1
78429.9
78526.9
78727.5
79024.6
79406.4
79841.5
80340.6
80857.9
81414.6
82016.6
82613.6
83220.3
83839.4
84480.7
85133.3
85779.8
86394.8
98482.8
98478.1
98469.1
98456
98438.8
98417.4
98392
98362.3
98328.5
98290.2
98247.4
98200
98148.3
98092.3
98031.9
97966.9
97897.7
97824.7
97748
97667.9
97584.4
97497.7
97407.9
97315.4
97220.7
97124.4
97026.8
96927.9
96828.3
96728.4
96628.7
96529.4
96430.9
96333.7
96238.2
96144.6
96052.8
95963.3
95876.6
95792.9
95712.4
95633.3
95559.3
95489.3
95420.6
95354.1
95290
95227.8
95166.7
95107.1
95048
94988.7
94927.8
94864.1
94796.4
94722.5
94641.2
94551.2
94450.2
94336.3
94207.4
94064.3
93905.4
93725.7
93525.2
93305.1
93060.7
92788.8
92489
92167.4
91826.2
91454.4
91050.7
90629.2
90192.1
89734.3
89257.7
88767
88264.4
87750
87226.1
86698.7
86176.7
85664.2
85161.7
84671.5
84199
83747.7
83314.6
82902.7
82521.1
82177.5
81869.2
81598.6
81369.2
81179
81029.2
80914.4
80823
80763.4
80739.6
80747.3
80781.2
80841.6
80929.3
81046.2
81184.6
81341.7
81515.6
81700.8
81891.2
82086.4
82281.3
82468
82639.9
82797.8
82936.3
83049.7
83131.7
83179.4
83216.5
83211.4
83183.3
83137.3
83072.2
82982.7
82884.8
82788
82700.1
82619.8
82555.2
82515.9
82504
82522.1
82577.4
82667.8
82787.8
82934.9
83104
83284.6
83472.9
83646.5
83797.1
83917.5
83999.4
84031.5
83999.7
83896.9
83724.6
83489.6
83183.9
82785.4
82311.3
81807.2
81297.4
80806.2
80341.9
79902.2
79512.4
79171.5
78893.6
78692
78563.1
78554.2
78656.1
78867.7
79181.1
79575.7
80022.4
80529.8
81042.5
81605.7
82201
82790.8
83394.5
84020.8
84667.1
85324.1
85983.6
86604.4
98479.9
98475.1
98466.1
98453
98435.8
98414.7
98389.5
98360.1
98326.5
98288.8
98246.6
98200
98148.8
98093.3
98033.4
97969.2
97900.9
97828.8
97753.4
97674.6
97592.4
97506.9
97418.2
97326.9
97233.5
97138.4
97041.8
96944.1
96845.8
96747.4
96649.2
96551.7
96455
96359.6
96265.9
96174
96083.9
95996.1
95910.5
95827.4
95746.8
95670.6
95596.6
95525.2
95456.6
95390.1
95325.6
95262.5
95200.5
95139.3
95078
95016.1
94952.5
94885.8
94815
94738.3
94654.3
94562
94458.7
94343
94214.1
94068.9
93907.8
93729.6
93530.2
93309.6
93068.3
92804
92510.7
92190.1
91852.4
91490.7
91098.6
90687.2
90261.9
89815.2
89348.5
88870.9
88384.5
87887.4
87378.3
86861.1
86349.7
85853.1
85366.9
84893.5
84435.1
83994.1
83570.1
83168.5
82798.1
82464.8
82166.9
81906.1
81686.9
81504.8
81353.5
81234.3
81144.5
81086.1
81062.8
81068.3
81099.1
81157.3
81242.4
81354.4
81490.2
81645
81817.4
82000.7
82186.7
82376.1
82568.1
82754.5
82926.4
83080.3
83218.8
83332.5
83415
83465.5
83496.8
83495.7
83466.8
83419.6
83354.4
83261.2
83155.9
83054.6
82966.2
82880.4
82805.8
82762.4
82743.4
82750.4
82793.9
82873.1
82978
83110
83267.9
83435.7
83608.6
83768.9
83905.8
84010.9
84077.9
84098.2
84058.2
83948.2
83769.5
83533.8
83228.7
82831.4
82360.1
81860.4
81358
80878.8
80423.8
79997.8
79617.4
79284
79011.2
78809.9
78703.5
78702.1
78812
79035.5
79361.5
79767.7
80227.2
80739.2
81254.3
81819.5
82405.4
82992.4
83592.6
84221.9
84879.8
85545.7
86217.8
86839.9
98488.3
98483.3
98474.2
98461
98443.7
98422.5
98397.4
98368.2
98335
98297.5
98255.7
98209.6
98159.2
98104.8
98046.2
97983.5
97916.8
97846.3
97772
97694.2
97612.8
97528.2
97440.7
97350.9
97259.1
97165.6
97070.6
96974.6
96878.2
96781.6
96685.5
96589.9
96495.3
96401.7
96309.6
96219.2
96130.8
96044.7
95960.7
95879.2
95800.8
95724.7
95650.7
95579.1
95509.5
95441.6
95375.1
95310.3
95246.8
95183.3
95119.7
95055.3
94989
94919.6
94845.7
94766.5
94679.7
94584.1
94479.2
94361.2
94230.7
94086.3
93924.3
93745.4
93548.1
93329.2
93087.9
92826.4
92542
92229.5
91897.8
91544.8
91162.2
90759
90344.9
89912.9
89460.8
88996.8
88525.1
88043.6
87550.8
87046.5
86542.4
86055.1
85586.2
85133.6
84694
84265.5
83852.9
83462.4
83102.4
82778.7
82491.1
82239.3
82023.7
81839.4
81687.6
81573.1
81490.8
81439.5
81414.5
81415.2
81446.3
81508.8
81595.3
81702
81830.4
81979
82146.7
82327.5
82514.8
82700.4
82889.4
83074.4
83246.5
83400.8
83537
83651.2
83736.4
83790.2
83818.5
83817.1
83790.5
83739.8
83666.6
83570.4
83463
83358.9
83263.7
83171.3
83089
83041
83015.8
83009.1
83037.8
83104.2
83194.8
83312.1
83457.2
83610.4
83765
83914
84036
84126.2
84178.7
84186.2
84136.3
84017.9
83832.8
83596.2
83291.4
82895.5
82426.8
81931.8
81438.1
80973.3
80521.3
80112.7
79741.6
79419.8
79158.4
78965
78871.2
78880.2
78999.1
79233.1
79569.1
79984.7
80459.3
80970.7
81489.7
82059.4
82638.4
83217.3
83819
84448.9
85120.9
85796.6
86475.6
87100.1
98510.1
98504.9
98495.7
98482.4
98464.8
98443.3
98418.1
98389
98355.7
98318.6
98277.5
98232.5
98183.5
98130.4
98073
98011.5
97946
97876.9
97804.4
97728.4
97649
97566.5
97481.1
97393.1
97303
97211.1
97118
97023.9
96929.1
96834.1
96739.6
96645.7
96552.8
96461.2
96371
96282.4
96195.6
96110.9
96028.4
95948.4
95870.7
95795.1
95721.8
95650.1
95579.7
95510.6
95442.8
95376.3
95310.7
95244.8
95178
95110.6
95040.7
94968
94891.3
94808.7
94719.6
94621.3
94513.6
94394.7
94262.2
94116.4
93954.9
93776.8
93580.2
93364.9
93128
92868.1
92587.8
92282.7
91958.2
91616.6
91245.9
90851.6
90448.6
90031
89593.6
89144.4
88688.9
88224.4
87747.8
87260.1
86768
86287.4
85831.7
85397.6
84976.6
84563
84163
83784.6
83436
83122
82843.4
82600.5
82390.5
82213.4
82068.6
81958.3
81878.9
81828.9
81804.8
81806.1
81840.1
81900.8
81982.1
82087.1
82209.7
82349.9
82510.5
82686.8
82875.8
83061.9
83246.4
83429.6
83603.7
83760
83896.3
84008.8
84097.8
84152.9
84178.2
84174.4
84151.8
84101.2
84018.4
83918.9
83810.8
83701.3
83593.3
83495
83409.8
83351.5
83315.1
83295
83308.4
83361.9
83438.8
83541.5
83673.8
83812.4
83948.9
84082.6
84191.7
84267.9
84305.1
84300.5
84239.9
84111.7
83920.6
83681.2
83377.4
82983.5
82516.4
82025.8
81540.2
81093.1
80647
80257.5
79900.1
79589
79329
79160
79075.6
79092.4
79219.4
79463
79807.3
80232.5
80721.6
81231.1
81753.1
82329.5
82903.6
83466.3
84076.5
84711.8
85391.7
86076.1
86755.2
87387
98546.8
98541.4
98531.9
98518.5
98500.9
98479
98453.2
98423.7
98390.6
98353.8
98313
98268.6
98220.6
98169
98113.8
98054.9
97992.1
97925.5
97855
97781.2
97704.3
97624.3
97541.5
97455.8
97367.5
97277.3
97185.8
97093.3
97000.2
96907.1
96814.6
96723.1
96632.6
96543.2
96454.6
96366.7
96280.1
96196
96114.7
96036.5
95961.1
95885.7
95812.3
95740.5
95670.3
95600
95530.4
95461.4
95393.1
95324.8
95255.2
95184
95110.7
95034.2
94954.7
94869.7
94777.8
94677
94566.4
94445.7
94312.4
94165.5
94003.4
93826.4
93631.3
93416.2
93183.7
92930.4
92656.5
92358.2
92038
91706.2
91350.9
90968.7
90575.3
90171
89748.7
89314.7
88874.9
88427.9
87968.7
87498.6
87023.5
86553.9
86105.8
85684.4
85281.8
84884.2
84499
84134
83796.7
83493.4
83224.9
82992.4
82790.2
82619
82480.5
82373.1
82293.9
82243.9
82222.1
82229.8
82266.3
82323.8
82400.1
82505.5
82628.3
82765.8
82918.5
83086.5
83268.9
83457.6
83639.8
83821.5
83997.2
84153.3
84290.8
84405.8
84496.2
84555.5
84573.5
84572.1
84554
84504
84413.5
84306.6
84195.1
84079
83963.6
83860.8
83773.7
83698.4
83642.5
83610.8
83612.4
83649.9
83710.3
83799.2
83917.9
84043.4
84163.4
84276.7
84378.5
84441.2
84462.5
84446.2
84374.3
84235.2
84037.5
83796
83492.8
83100.6
82635.2
82148.7
81669.7
81236.8
80809.9
80434.4
80096.1
79801.5
79559.9
79398
79323
79342.2
79476
79729.1
80079.2
80514.5
81015
81525.6
82051
82631.8
83197.3
83744.1
84368.1
85013.7
85690.7
86387.5
87064
87698.2
98599
98593.3
98583.1
98569.2
98551.5
98529.5
98503.1
98472.8
98438.9
98401.9
98362.3
98319.7
98273.8
98224.5
98171.7
98115.5
98055.3
97991.4
97924.1
97853.6
97779.9
97703
97623
97539.9
97454.1
97366.2
97276.8
97186.5
97095.9
97005.4
96915.5
96826.3
96737.7
96649.8
96562.7
96475.9
96390.4
96307.1
96225.8
96146.3
96069.2
95996.7
95924.9
95852.9
95779.7
95709
95639.2
95568.5
95498.1
95426.7
95353.9
95278.8
95201.8
95122.1
95038.9
94950.8
94855.8
94753.1
94640.5
94517.7
94383.6
94236.8
94074.4
93896.9
93704.6
93492.9
93262.6
93012.7
92744.9
92456.7
92144.3
91819.8
91477.9
91108.9
90726.8
90336.5
89929.7
89510.5
89085.6
88654.9
88213
87760.3
87303
86848.6
86408.9
85997.2
85609.9
85230.8
84860.8
84510.6
84184.5
83890.9
83633.5
83415.1
83219.3
83055.3
82922.6
82819.8
82743.1
82693.8
82674.1
82685
82722.4
82780.9
82860.9
82963
83083.3
83220.3
83366.2
83523.9
83697.8
83887
84070.9
84251
84426.5
84585.5
84723.1
84840.7
84932.3
84991.3
85006.9
85010.6
84998.8
84943.7
84847.5
84733
84617.3
84499.2
84381.4
84273.7
84177.3
84083.5
84007.9
83967.9
83958.9
83974.9
84018.5
84093.9
84196.2
84304.1
84399.7
84501.1
84597.1
84648
84655.6
84627.8
84545.9
84396.2
84189.8
83945.8
83644.7
83253.6
82790.4
82306
81832.8
81407.9
81010.7
80644
80330.1
80056.1
79842.5
79686.6
79615.1
79633.8
79774
80034.7
80392.2
80833.3
81344.1
81857
82383.6
82965.6
83518.9
84058.8
84692.5
85349.1
86021.5
86725.8
87402.3
88030.3
98666.6
98660.9
98648.7
98634
98615.1
98591.9
98564.7
98533.9
98500.1
98463.5
98424.2
98382.8
98339.7
98294.2
98245.3
98192.9
98136.6
98076.7
98013.1
97946.2
97876.2
97803
97726.7
97647.4
97565.5
97481.3
97395.3
97308.1
97220.3
97132.3
97044.4
96956.7
96869.3
96782.7
96696.7
96611.2
96527
96445
96364.7
96285.9
96209.4
96135.3
96062.4
95988.7
95914.6
95841.3
95768.9
95697.8
95625.8
95552.3
95476.5
95398.3
95317.7
95234.4
95147.4
95056.1
94958
94852.6
94738.5
94614.2
94478.8
94331
94169.8
93993
93801.1
93592.2
93366.9
93123.3
92860.5
92581.2
92278.4
91960.5
91631.3
91276.5
90905.1
90528.1
90137.4
89734.1
89324.8
88910.4
88485.1
88049.2
87608.4
87171.2
86743.4
86341.2
85965.6
85603.7
85248.8
84915
84601.1
84315.9
84064.2
83847.9
83666.8
83515.5
83392.6
83298.4
83229.1
83184.7
83168
83179.7
83218.6
83279.9
83360.9
83456.8
83569.5
83705.1
83851
84003.3
84170.6
84354.9
84539.6
84718.6
84894
85055.3
85195.7
85311.8
85406.5
85464.1
85481
85489.6
85476.9
85414.2
85317.6
85202.8
85086
84968
84847.1
84730.3
84619.3
84510.2
84420.8
84371.7
84347
84338.2
84366.7
84431.7
84514.9
84604.1
84691.9
84779.4
84855.4
84894.9
84889.2
84849.9
84759.7
84601.8
84385.5
84139.4
83840.3
83450.7
82989
82505.7
82036
81615.9
81239.3
80894.3
80596
80346.8
80140.6
80013.9
79952.2
79971.3
80113.6
80381.5
80750.7
81191.3
81715.2
82226.2
82753
83330.3
83869.7
84416.1
85052.5
85725.1
86388
87091.2
87767.3
88394.4
98749.7
98742.5
98726.4
98711
98688
98661.3
98631.6
98599.7
98566.3
98531.4
98495
98457.4
98418.1
98376.8
98333.1
98286.3
98235.7
98181.2
98122.8
98060.7
97995.2
97926.3
97854.5
97779.8
97702.1
97622
97539.9
97456.1
97371.2
97285.7
97199.9
97114
97028
96942.7
96858.5
96774.5
96691.3
96610.3
96530.9
96452.5
96375.6
96300.2
96226
96151.7
96076.8
96002.2
95928
95853.3
95778.9
95703.3
95625.4
95544.7
95461
95375
95284.6
95189.1
95088.1
94979.8
94863.2
94737.4
94601.9
94453.4
94292.2
94116.9
93927.1
93721.5
93498.2
93260.6
93004.7
92733.6
92443.6
92132.5
91813.2
91474.6
91114.6
90749.7
90374.6
89987.2
89593.6
89195.7
88787.9
88368.7
87944
87522.8
87109.6
86717.1
86352.2
86006.8
85664.6
85343.2
85046.6
84773.2
84529.3
84318.1
84147.6
84003.2
83889.6
83804
83744.5
83708
83695.7
83709.4
83749
83809
83890.1
83985.4
84093.7
84225.1
84372.9
84525.1
84684
84858.2
85044.7
85224.4
85401
85562.8
85701.4
85820
85916.5
85976.1
85997.2
86013.4
85986.3
85921.2
85828.4
85718.1
85603.2
85485.7
85361.3
85233.5
85106.9
84985.9
84884.6
84819
84769.9
84739.9
84758.3
84812.5
84876.4
84948
85028.5
85105.1
85168.3
85197.2
85175.9
85124.7
85026.1
84860.2
84633.2
84385.1
84087.7
83699.3
83240.7
82755.7
82289.3
81871.3
81507.8
81182.8
80900.8
80646
80471.8
80376.4
80332.1
80349.8
80495
80771.1
81152.7
81594.4
82130.1
82634.1
83163.4
83728.1
84266.6
84815.3
85459.9
86159.5
86791.3
87489.6
88163.1
88807
98845.9
98836.6
98818.9
98793.4
98762.2
98728.4
98693.8
98660
98628.2
98598.4
98570.2
98541.2
98509.2
98474.3
98436.5
98395.5
98350.8
98302.4
98250.2
98194.1
98134.2
98070.8
98004.1
97934
97860.9
97785.4
97707.5
97627.6
97546.3
97463.8
97380.9
97297.4
97213.6
97130.2
97047.5
96965.1
96883.6
96803.7
96724.8
96646.7
96569.6
96493.6
96418.4
96342.3
96266
96190.8
96114.9
96037.9
95960.4
95882.6
95802.1
95719
95632.8
95543.4
95450.5
95352.4
95248.5
95137.5
95019.5
94892
94754.8
94606.5
94445.9
94272.5
94083.8
93882.8
93665.2
93432
93183.6
92917.7
92639
92338.7
92026.8
91704.1
91357.7
91003.2
90643.9
90272.5
89894.4
89512.3
89123.4
88722.1
88313.8
87906.7
87508.5
87127.1
86772.8
86439.1
86115.5
85803.5
85522.4
85263.4
85030.8
84833.2
84669.7
84531.9
84422.3
84342.3
84288.7
84258.8
84252
84268.9
84309
84368.6
84453.6
84553.5
84661.6
84784.6
84927.9
85082.8
85238.3
85408
85595.3
85777
85951.8
86116.9
86252.7
86373.5
86472
86532.5
86559.3
86579.8
86533
86475.3
86391
86287.2
86176.4
86058.2
85926.5
85784.6
85642.4
85508.4
85390.7
85300.7
85231.4
85190.9
85198.8
85234.8
85277.8
85332.3
85403.7
85477.4
85530.2
85556.2
85521
85459.9
85353.2
85179
84940.8
84684.3
84390.2
84007.4
83553.5
83065
82600.2
82184.3
81828.7
81520.8
81254.4
81007.4
80845.7
80777
80755.7
80773.9
80921.8
81207.2
81600.1
82047.5
82593.1
83084.2
83614.7
84167.6
84713.8
85267.1
85916.1
86642.5
87228.1
87925.3
88595.8
89255.1
98956.8
98950.7
98930
98889.5
98836.9
98790.5
98749
98713.6
98684.6
98661.8
98642.4
98624
98603.9
98579.9
98551.3
98518
98480.4
98438.8
98393
98343.3
98289.5
98232.1
98171.1
98106.7
98039.3
97968.9
97895.9
97820.6
97743.4
97664.7
97585.3
97505.3
97424.6
97343.8
97263.4
97183.2
97103.5
97024.3
96945.9
96868.3
96790.7
96713.6
96637.3
96561
96484.4
96407.7
96330.8
96252.9
96173.8
96092.8
96009.9
95924.2
95835.3
95743.2
95647.6
95546.6
95440.8
95328.6
95208.6
95080.1
94942.1
94793.9
94633.1
94462.1
94277.3
94078.6
93867
93638.8
93398.7
93140.3
92869.3
92581.8
92276.6
91966.1
91635.9
91290.6
90944.7
90590.2
90228.7
89861.6
89491.1
89108.9
88718.3
88326.2
87942.1
87573.1
87230.1
86908.1
86602.2
86298.7
86031
85785.8
85564.8
85377.8
85225
85096.5
84992.4
84917.2
84867.5
84841.2
84839.9
84861.5
84905.8
84969.7
85056.3
85155.8
85265.8
85383.1
85520
85680.3
85842.3
86010
86191.7
86374.5
86547.1
86712.1
86847.4
86968.3
87072.6
87134.6
87178.2
87180.7
87130.4
87083.4
87012
86917.6
86811.8
86685
86537.2
86380.6
86222.9
86070.9
85933.7
85820.8
85735.2
85682.5
85674.3
85690.9
85721.9
85768.9
85838.2
85912.3
85957.7
85975.1
85930.8
85854
85747.7
85567.3
85318.5
85046.8
84746
84381.9
83934.6
83441.8
82977
82561.2
82210.5
81913.6
81648.2
81422.7
81267.6
81220.6
81223.2
81245.4
81397.5
81693.1
82102.4
82549.1
83101
83581.6
84108.2
84654
85205.5
85772.5
86417.3
87140.3
87715.8
88403.4
89069.6
89725.4
99056.2
99046.7
99017.9
98963.3
98899
98844.5
98800.4
98765.5
98740.7
98723.1
98709.2
98698.5
98688.2
98674.5
98655.4
98630.5
98600.8
98566.4
98527.3
98483.7
98435.7
98383.8
98328
98268.9
98206.4
98140.6
98072.2
98001.7
97928.9
97854.5
97779.2
97702.9
97625.9
97548.2
97470.4
97392.5
97314.5
97237
97159.8
97082.8
97005.5
96928.2
96851.6
96774.6
96697.6
96620.6
96543.2
96464.7
96384.5
96301.9
96217.3
96129.5
96039.3
95945.6
95848.2
95746.6
95638.9
95525.3
95404.2
95275.1
95136.4
94988.6
94830.1
94660.7
94479.1
94283.5
94076.9
93853.5
93618.2
93368.7
93102.7
92826.5
92530.2
92226.5
91912.9
91579.4
91242.6
90901.3
90553.6
90201.6
89847.4
89483
89109
88731.4
88359.9
88003.2
87669.1
87357.9
87062.7
86777.5
86517.2
86283
86071
85889.9
85745.6
85631.5
85536.2
85467
85422.8
85400
85401.5
85428.6
85479.6
85551.4
85636.4
85733.6
85849.2
85969.1
86100.1
86258.9
86427.4
86595.4
86780.6
86966.4
87139.1
87303
87437.4
87560.8
87670.1
87731.7
87795.3
87778.1
87746.8
87706.4
87645.6
87560.4
87451.4
87309.4
87146.6
86975.8
86802.3
86632.4
86476
86342
86239.1
86170.2
86145.8
86157.6
86194
86247.3
86321.4
86390.4
86427.4
86418.9
86388.2
86290.5
86199.1
86011.2
85755.2
85471
85158.9
84817.3
84375.9
83877.3
83409.4
82994.1
82647.2
82359.7
82083.7
81880.2
81728.4
81701.1
81726.2
81753.2
81916.5
82222.3
82648.7
83095.9
83643.5
84122.7
84633
85181.7
85736
86323.5
86968.6
87662.4
88257.8
88933.9
89587.7
90228.8
99121.9
99108.7
99064.6
99001.7
98931.9
98878.4
98838.9
98809.3
98790.4
98776.6
98767.8
98762.9
98759.2
98752.7
98741
98723.5
98700.5
98672.1
98638.7
98600.5
98557.9
98510.8
98459.7
98405
98346.8
98285.3
98221.3
98154.9
98086
98015.6
97944.1
97871.2
97797.4
97722.7
97647.7
97572.4
97496.8
97421.2
97345.7
97269.8
97193.5
97117.1
97040.4
96963.1
96886
96809.1
96732
96653.2
96572.1
96488.5
96403.1
96314.5
96223.5
96129.4
96031.2
95928.9
95820.7
95706.6
95584.9
95455.3
95317.1
95169.8
95012.8
94844.8
94666
94474
94270.3
94053.5
93822.2
93580.6
93320.9
93052.1
92767.6
92469
92167.1
91847
91517.8
91186.7
90850.7
90511.3
90170.5
89822.2
89463.1
89098.5
88738.1
88391.9
88065.6
87763.8
87478.6
87206.1
86956
86731.7
86528.1
86351.5
86212.5
86107.5
86025.8
85965.2
85928.7
85912.6
85916.6
85948.6
86005
86084.6
86170.7
86267.1
86385.7
86514.2
86641.8
86794.9
86971.4
87146.6
87338.8
87528.6
87701.7
87865.5
88004.1
88131
88241.7
88309.7
88379.8
88364
88350.5
88314.2
88260.5
88182.1
88062.8
87906.4
87732.2
87549.2
87360.2
87173.1
86998.1
86845.4
86727.3
86645.9
86608.8
86623.3
86668
86733.4
86809.6
86874.5
86913.7
86911.6
86877.5
86786
86671.4
86497.4
86236.7
85939.3
85629.1
85302.4
84866.8
84363.2
83889
83474.8
83129.1
82849.5
82569.3
82374.3
82223.9
82221.9
82264.3
82294.2
82475.1
82790.4
83229.5
83692.7
84215.6
84701.8
85187.1
85744.7
86307.3
86916.6
87571.3
88227.9
88840.4
89515.2
90152.2
90781.1
99126.6
99130.3
99065.1
98997.2
98935
98887.1
98858.9
98841.4
98831.2
98825.2
98823.7
98825.3
98827
98826.6
98822.1
98811.5
98794.7
98772.2
98744.6
98712.1
98674.8
98632.8
98586.5
98536.5
98482.6
98425.7
98365.9
98303.3
98238.5
98172.3
98104.7
98035.5
97965.2
97893.9
97822.1
97749.9
97677.3
97604.2
97530.3
97456.1
97381.7
97306.6
97230.4
97153.5
97076.9
97000.9
96923.6
96844
96761.7
96677.4
96591.8
96503
96412.1
96317.8
96218.9
96116
96007.4
95893
95771.8
95642.9
95505.5
95359.2
95203.9
95037.9
94861.4
94673.3
94472
94261
94034.5
93798.4
93547.7
93284
93010.9
92720.2
92425.6
92119.6
91799.7
91477.7
91152.3
90824.7
90495.2
90162.8
89818.8
89468
89118
88781.8
88463.2
88169.8
87894.3
87633.8
87392.6
87179.4
86984.8
86816.3
86682.4
86581.2
86509.4
86459.3
86432.1
86426.1
86437.5
86473.3
86532.2
86616.4
86707.7
86802.9
86920.5
87057.8
87187.8
87340.1
87524.8
87705.3
87899.4
88093.7
88272.3
88439
88583.8
88712.3
88825
88905.8
88964
88966
88970.1
88940.9
88891.7
88812.4
88679.9
88512.6
88329.1
88134.9
87930.4
87726
87532.3
87363.8
87231.4
87139.5
87092.4
87109.1
87160.6
87239.3
87320.6
87389.1
87435.3
87447.2
87410
87347.3
87229.6
87048.8
86781.6
86467.6
86162.7
85842
85422.5
84915.1
84433
84016.9
83669.9
83369.6
83119.1
82919.8
82770.2
82799.1
82851.9
82881.1
83084.9
83414.5
83853
84348
84826.3
85323.6
85785.5
86350.7
86924.8
87550.5
88212.1
88834.4
89465
90138
90758.8
91391.7
99110
99050.1
99019.6
98946.1
98904.9
98868.7
98855.6
98856.2
98858.7
98864.3
98871.6
98880.3
98888.6
98894.4
98895.7
98891.1
98880.5
98864
98842.1
98815.1
98783.1
98746.2
98705
98659.9
98611
98558.7
98503.6
98445.5
98385.5
98323.9
98260.3
98195.1
98128.6
98061.1
97992.8
97923.9
97854.3
97783.9
97712.4
97640.4
97567.7
97494.1
97419.4
97344.1
97268.6
97193
97115.2
97034.9
96951.9
96867.1
96780.4
96694
96603.4
96508.9
96410
96306.8
96198.6
96084.1
95963.2
95834.9
95699.3
95554.6
95401.1
95237.7
95063.7
94879.4
94681.9
94474.8
94254.8
94022.5
93780.4
93522.7
93257.9
92977.8
92688.3
92394.1
92085
91771.5
91455.7
91139.4
90820.8
90503.3
90174.3
89837.7
89498.4
89172.1
88861.7
88575.7
88310.5
88060.8
87828.4
87625.4
87441.1
87281.5
87154.7
87058.6
86991.8
86949
86931.3
86936
86961.2
87002.6
87061.5
87145.7
87243.7
87338.8
87454.7
87600
87735.8
87893.9
88083.9
88265.8
88465.2
88664.9
88849.5
89021.1
89173.4
89307.4
89420.7
89509.4
89558.2
89576.2
89597.7
89577.8
89532.6
89445.2
89303.2
89129.2
88937.9
88732.5
88514.4
88295.2
88085.3
87902.8
87757.7
87658.9
87607.2
87626.3
87683.8
87772.6
87865.5
87945
88003
88035.4
88023.8
87964.8
87845.5
87664.4
87394.7
87064.1
86760.7
86423.3
86046.1
85537.3
85047.5
84625.9
84278.8
83952.1
83726.3
83521.8
83378.6
83430.1
83492.8
83516.5
83746
84100.4
84530.1
85057.6
85485.1
85981.2
86433.4
87001.3
87593.6
88222.8
88887.9
89483.3
90128.5
90799.2
91399.6
92040
99031.7
98975.3
98917.2
98859.5
98847.5
98837
98837.4
98856.6
98874.9
98893.4
98910.4
98926.5
98941.6
98953.3
98959.8
98960.7
98956
98945.8
98929.5
98908
98881.7
98850.4
98815
98775.3
98731.5
98684.4
98634.2
98581.2
98526.1
98468.9
98409.5
98348.5
98286.1
98222.5
98158
98092.6
98026
97958.7
97890
97820.3
97749.7
97678.1
97605.5
97531.8
97457.4
97382.2
97304.6
97224.4
97141.6
97057.6
96972.7
96886.3
96795.9
96701.4
96603.2
96499.8
96392.1
96278.1
96158.3
96030.8
95896.6
95753.7
95601.9
95441.4
95270.5
95089.6
94897.2
94693.2
94479.7
94252.4
94017.1
93767.2
93508.2
93239.3
92956
92670.2
92372.6
92067.5
91760.5
91454.2
91146.9
90842.5
90529.2
90206.7
89879.1
89561.6
89260.3
88980.8
88726
88486.5
88263.9
88068.5
87896.6
87746.5
87628.9
87536.9
87476.4
87438.5
87426.2
87439.9
87479.8
87530.1
87586.7
87670.7
87776.1
87873.7
87990.4
88144.6
88286.9
88449.9
88642.6
88836.8
89041.9
89246.1
89430.9
89605
89764.9
89904.9
90020.7
90117.6
90167.1
90200.8
90232
90220
90173.4
90078.4
89934
89756.8
89559.3
89342.6
89114.1
88883.6
88661.5
88469.4
88317.9
88217.4
88162.8
88182
88243.3
88338.2
88446.7
88542.1
88621.6
88678.5
88686.5
88628.4
88506.7
88306.7
88070.4
87735.4
87428
87095.2
86695.9
86226.7
85732.8
85302.4
84948.3
84620.8
84392.4
84181.1
84050.1
84118.6
84190
84203.5
84464.8
84852.2
85271.3
85822.1
86191
86671.2
87140.5
87704
88319.9
88937.5
89601.7
90175.7
90825.5
91496.4
92062.1
92707.7
98887.2
98757.2
98716.6
98728.6
98757.1
98795.4
98816.9
98851.8
98886.7
98915.2
98940.3
98964
98985.6
99003.2
99015.9
99022.8
99024.2
99020.2
99010.2
98994.8
98974.1
98948.4
98918.4
98883.7
98845
98802.8
98757.3
98709.3
98658.6
98605.8
98550.9
98494.3
98436.4
98377
98316.3
98254.4
98191.7
98127.8
98061.9
97994.9
97926.7
97857.3
97786.5
97713.8
97640.8
97567.1
97490.7
97411.1
97329.5
97247.3
97164.2
97077.5
96987.7
96893.8
96796.6
96694.1
96586.8
96473.5
96354.9
96228.7
96095.8
95955.2
95805.6
95647.8
95480.1
95302.2
95114.8
94915
94706.9
94485.7
94256
94014.8
93761.3
93501.7
93227.2
92947.5
92661.2
92365.1
92066.9
91769.3
91472.6
91179
90882.2
90574
90259.6
89950.5
89658.6
89385.1
89140.3
88911.9
88698.3
88510
88348.2
88210.1
88101.1
88015.3
87962.4
87929.4
87919.8
87937.9
87987.4
88055.6
88106.1
88189.1
88304.7
88407.2
88528.4
88693.9
88837.2
89007.6
89207.1
89413.1
89621.4
89829.6
90018.6
90196
90361.3
90507.2
90627.8
90732.8
90788.9
90833.7
90875.1
90869.4
90815.2
90716.4
90576.4
90398.9
90195.5
89968.9
89733.6
89495.2
89267.7
89073.5
88922.9
88822.4
88766.6
88780.8
88843.5
88944.5
89071.5
89186.4
89287.8
89366.1
89387.3
89328.2
89211.3
89017.3
88778.8
88470.5
88168.1
87843.9
87438.7
86989.6
86488.1
86046.5
85655.9
85348.8
85115.5
84901.2
84788.1
84879.9
84935.1
84944.6
85245.1
85672.8
86083.4
86631.4
86951
87406.3
87906
88469.4
89102.4
89700.3
90358.9
90911
91552.7
92223.6
92743.3
93391.1
98614
98508.7
98604.1
98694
98728
98753.5
98795.3
98846.5
98895.7
98933.2
98966.2
98997.5
99024.6
99048.5
99067.9
99080.5
99087.8
99089.1
99084.3
99073.9
99057.8
99037.1
99011.9
98982
98948.3
98911.2
98871
98827.9
98782.3
98734.6
98684.6
98632.7
98579.3
98524.3
98467.7
98410
98351.1
98290.2
98227.7
98163.9
98098.1
98030.9
97961.8
97890.6
97819.4
97747.5
97672.7
97594.6
97515
97434.5
97353.4
97266.6
97177.6
97085
96988.7
96887.5
96781.4
96669.2
96551.8
96427.4
96295.8
96157.6
96010.7
95855.5
95691.4
95517.4
95334.1
95139.5
94936.2
94721.8
94497.1
94264.1
94016.8
93764
93499.4
93225.7
92949.2
92663.2
92373.8
92084.4
91797.4
91513
91231.7
90938.4
90638.3
90338
90056.1
89789.1
89551.9
89336.4
89132.7
88950.9
88797.2
88669
88571.3
88492.8
88449.9
88421.5
88414.9
88432.7
88484.8
88570.8
88626.9
88702.2
88826.9
88942.6
89066.2
89245.8
89389.1
89570.6
89778.6
89992.9
90206.5
90419.1
90613.3
90795
90965.1
91117
91244.3
91355.4
91421.6
91473
91525
91525.6
91462.7
91366.1
91233.3
91058.8
90849.7
90615.7
90376.3
90136.3
89912.4
89723.4
89580.2
89486.5
89435
89438.4
89500.9
89605.9
89751.6
89887.1
90002.7
90093.1
90125.8
90069.2
89961.2
89786.7
89536.2
89273.4
88979.4
88664.3
88270.1
87805.5
87310.1
86856.9
86427.7
86141.5
85901
85690.6
85594.7
85701.4
85730.5
85761.6
86095.7
86558.3
86976
87475.7
87786.4
88207.9
88730.2
89303.9
89937.1
90515
91165.6
91690.9
92315.9
92961.4
93485.4
94077.8
98306.8
98361.9
98564.5
98654
98685.1
98713.8
98770.3
98846.9
98904.9
98948.7
98988.4
99026.4
99057.9
99086.9
99111.6
99128.9
99140.7
99146.2
99146.2
99140.4
99129.7
99114.5
99094.3
99069.8
99041.4
99009.9
98975.2
98937.6
98897.9
98855.6
98810.7
98763.6
98715
98664.5
98612.2
98558.8
98503.3
98446
98387.6
98327.3
98264.4
98199.7
98132.8
98063.9
97994.7
97924.3
97851
97774.8
97696.8
97617.7
97537.5
97452.4
97364.9
97273.7
97178.6
97078.9
96974.1
96863.6
96747.7
96625.6
96495.9
96359.9
96215.8
96063.7
95903.1
95733.4
95554.3
95365.3
95167.1
94959.3
94739.8
94513.8
94274
94026.7
93771.7
93504.7
93236.1
92960.7
92680.5
92399
92121.1
91845.4
91577.3
91299.8
91014.2
90724.7
90451.4
90193.5
89962.4
89759.5
89566.7
89392.2
89244.7
89123.9
89031.8
88969.3
88932.8
88913.9
88912
88929.3
88979.8
89076.9
89149.6
89211
89343.6
89484
89603.5
89797.3
89950.3
90140.7
90355.4
90578.1
90797.8
91014.2
91212.2
91396.8
91573.7
91730.9
91865.7
91982.1
92061.3
92118.9
92177.6
92188.4
92121.6
92032.5
91908.4
91739.5
91525.4
91285.9
91045.8
90814.1
90604.4
90429.3
90302.8
90224.2
90182.5
90173.6
90232.1
90333.2
90493.8
90650.1
90774.1
90868.8
90911.6
90865.2
90764.7
90616.1
90386.7
90147.7
89863.1
89553.4
89164.4
88661.1
88165.1
87710.5
87309.1
87008.5
86756.8
86554.3
86472.8
86584.4
86582.4
86657.7
87024.1
87513
87943.5
88366.8
88695.6
89086.9
89621
90204
90819.1
91381.6
92020.8
92526.6
93136.9
93723.7
94259.4
94787
97992.5
98371
98533
98613.7
98661.8
98704.6
98757.7
98847.7
98913.9
98962.6
99006.2
99048.8
99083.8
99116.6
99145.2
99167.1
99183.5
99193.7
99199.4
99199.6
99194.7
99185.3
99170.6
99151.3
99128.1
99101.6
99072.2
99040.2
99005.8
98968.5
98928.7
98886.8
98843.1
98797.1
98749.3
98700.1
98648.4
98595.4
98541
98484.4
98425.2
98363.7
98300.1
98234.1
98166.6
98097.3
98025.2
97950.5
97874.2
97796.8
97717.5
97634.8
97549
97459.5
97365.9
97267.7
97164.4
97056.1
96941.6
96821.8
96694.5
96561.2
96419.8
96271.3
96114.4
95949.1
95774.6
95591
95398
95196.5
94982.8
94762.7
94530.8
94289.2
94042.9
93784.1
93522.3
93257.2
92986.2
92712.9
92443.1
92176.5
91918.6
91657.5
91386.6
91110.7
90845
90597.8
90372.3
90181.4
90000.3
89834
89692.9
89578.3
89489.7
89440.3
89413
89403.2
89412.6
89431.1
89474.9
89576.3
89671.5
89728.2
89864.7
90026.2
90155.2
90344.5
90518.6
90715.5
90937.9
91169.2
91392.5
91612.3
91816.1
92005.3
92188
92352.3
92495.6
92618.8
92709.1
92773.5
92832.7
92859.4
92795.8
92717.1
92604.7
92441.1
92227.5
91985
91747.9
91536.3
91351.6
91202.4
91103.8
91044.3
91017.6
91008.4
91055.2
91138.3
91303.5
91478.4
91610.4
91711.4
91762.7
91727.3
91634.6
91511
91313.8
91095.7
90817.4
90511.7
90129.5
89635.3
89126.4
88684.6
88271.9
87952.1
87692
87494.1
87427.5
87523.9
87506.1
87638.8
88030.4
88539.5
88961.2
89316.4
89655.8
90044.3
90579.2
91161.4
91751
92299
92910.3
93434.1
94002.4
94532
95050.1
95520.8
97380.6
98446.7
98420.1
98577.1
98651.2
98713
98772.3
98853.7
98921.6
98975.3
99021.4
99067.4
99105.5
99140.7
99172.9
99198.5
99219.6
99234.9
99245.6
99251.4
99252.2
99247.7
99238.2
99223.7
99205.1
99183.5
99159.2
99132.1
99102.2
99069.4
99034.5
98997.4
98958.3
98916.6
98873.2
98828
98780.3
98731.5
98680.7
98628
98572.8
98515.2
98455.5
98392.5
98326.8
98258.7
98187.9
98115
98040.7
97964.9
97886.2
97806.6
97722.9
97635.4
97543.4
97446.9
97345.3
97239.1
97126.7
97009
96884.3
96753.7
96615.3
96470.4
96317.6
96156.5
95986.9
95808.6
95620.8
95424.9
95217.5
95002.7
94778.2
94542.6
94303.6
94054.1
93798.5
93542.6
93281.2
93016.6
92753.9
92495.9
92246.2
92000.6
91744.6
91483.4
91226.4
90989.5
90770.2
90587.9
90419.9
90263.9
90130.2
90021.6
89939.4
89897.9
89877.9
89877.1
89895.4
89927.1
89962.1
90065.4
90179.6
90239.7
90380.8
90555.2
90700.1
90888.4
91078.3
91285
91514.7
91752.7
91980.1
92203.6
92412.7
92607.3
92796.3
92968.6
93120.6
93252.2
93352.7
93424.4
93480.6
93525.2
93473.4
93407.8
93309.1
93149.8
92944.2
92705.7
92477.7
92296.9
92147.1
92036
91975.3
91935
91931.3
91942.5
91974
92022.2
92175.8
92358.9
92499.5
92613.4
92675
92650.2
92568.3
92466.7
92299.5
92102.4
91828.2
91517
91143.1
90673.6
90186.6
89737.8
89306.8
88967.6
88694.4
88499.5
88453.1
88510.4
88496.6
88704.3
89100.6
89609.5
90005.4
90310.1
90643.5
91059
91589.1
92161.2
92721.4
93266.4
93828.5
94370.6
94882.4
95370.2
95843.3
96277.1
96913.6
98351.9
98270.7
98528.8
98648.2
98731.2
98793.4
98862.2
98930.3
98986.9
99035.4
99083.9
99125.9
99162.5
99198.4
99227.8
99252.8
99273.6
99288.8
99299.4
99305.4
99306.1
99301.6
99291.8
99278.1
99261.5
99241.9
99219.5
99194.4
99166.6
99136.5
99103.9
99068.9
99031.6
98992.6
98951.5
98907.8
98862.7
98815.7
98767
98716.1
98662.7
98606.8
98547.3
98484.2
98417.8
98348.6
98277.9
98206
98132.2
98055.7
97978.2
97896.5
97811
97720.9
97626.1
97526.4
97422.4
97312.3
97197
97075.1
96947.3
96812.3
96670.9
96522.6
96365.8
96201.1
96028
95845.7
95655.1
95454.1
95244.6
95027.7
94798.6
94566.1
94326.3
94077.5
93829.1
93577.7
93322.3
93067.2
92817.5
92575.1
92343.4
92103.1
91857.4
91611.5
91383
91172.5
90993.9
90839.4
90697.2
90573.3
90472.4
90397.2
90360.7
90346.7
90352.4
90380.2
90424.1
90463.3
90566.6
90691.5
90762
90908.7
91093.6
91254.6
91445.6
91648
91866.4
92101.6
92345
92577.9
92805
93019
93219
93416.2
93597.1
93757.6
93898.7
94010.6
94088.6
94139.3
94201.5
94170.1
94120.8
94035.9
93884.2
93689.8
93462.7
93255.9
93115.1
93009.1
92948.4
92928
92905.6
92928.5
92964.7
92994.7
93006.1
93131
93305
93450.5
93584.8
93662.2
93649.4
93581
93498
93357.3
93179
92905.3
92581.6
92215
91771.7
91315.5
90857.9
90418.1
90060.6
89766.1
89578.9
89553.7
89566.6
89568.1
89840.5
90245.2
90717
91076.7
91349.1
91664.3
92113.8
92642.5
93191.7
93725.2
94269.8
94784.9
95321
95771.9
96226.4
96641
97064.2
97315.7
98113.1
98288
98520.3
98648.8
98745.9
98811.7
98872.4
98939.1
98996.3
99049.1
99098.9
99146.3
99184.1
99223.6
99259.3
99288.6
99315.3
99336
99351.4
99362.5
99369.1
99370.1
99365.9
99357.9
99346.5
99331.9
99314.7
99294.8
99272.5
99247.7
99220.1
99189.7
99157.3
99122.9
99086.1
99046.9
99006
98963.1
98918.7
98872.2
98823.5
98772.2
98716.9
98657.1
98593.2
98526.5
98458.4
98389.4
98318.2
98244.2
98168.9
98089.3
98005.7
97917.7
97825
97727.5
97626
97518.6
97406.1
97287.3
97162.6
97031.6
96894.1
96750.2
96598.1
96438.6
96270.9
96094.5
95909.5
95715.5
95511.8
95302.4
95081.4
94855
94625.5
94385.2
94143.3
93901.7
93656.8
93410.3
93169.5
92934.8
92714.6
92492.4
92262.7
92031.9
91811.2
91610.2
91437.7
91293.6
91166.7
91055.7
90964.2
90896.7
90865.1
90856.2
90866.8
90901.8
90960.2
91017.3
91109.6
91240
91338.5
91487.9
91674.5
91853.9
92050.8
92264.2
92492.7
92734.5
92984.1
93221.3
93450.9
93670.4
93877.4
94082.6
94273.2
94444.4
94597.5
94722.1
94805.2
94847.8
94923.1
94920.4
94891
94820.9
94682.4
94504.2
94294.5
94126.1
94035.7
93981.8
93980.4
93996.6
93989.9
94032.8
94082.2
94133.7
94131.2
94215.9
94357.7
94501.3
94660.7
94759.1
94763.9
94712.3
94641
94522.7
94358.5
94081.9
93738.1
93372.8
92956.9
92532.7
92058.3
91617.4
91256.4
90937.3
90766.3
90751.7
90722.3
90745.6
91069.1
91467.2
91880.3
92194.1
92447.6
92742.7
93219.6
93734.4
94256.3
94771.4
95308.7
95789.6
96288.9
96691.3
97101.5
97471
97874.5
98310.7
98177
98400.6
98561.8
98667.4
98745.5
98816.5
98878.6
98946.1
99006.1
99062.5
99113.8
99166.3
99207.8
99248.9
99291.9
99327.3
99360
99387.2
99408.1
99424.6
99437
99444.3
99446.6
99444.7
99439.2
99430.7
99419.3
99405.2
99388.7
99369.6
99347.5
99322.6
99295.7
99266.3
99234.5
99200.1
99164.1
99126
99086.1
99044.2
99000.5
98954.3
98903.5
98847.6
98787
98723.6
98659
98593.3
98525.3
98454.7
98381.5
98304.2
98222.4
98136.6
98046.5
97951.8
97852.9
97748.7
97639.2
97523.9
97402.8
97276.4
97143.4
97004.1
96857
96702.8
96540.7
96370.4
96191.6
96004.8
95808.4
95606.2
95394.4
95174.9
94954.6
94725.3
94490.2
94257.2
94024
93787.3
93555.2
93330.2
93118
92915.2
92703.5
92489.4
92280.2
92088.4
91922.4
91786.4
91675.7
91580.9
91502.6
91441.7
91413.8
91410.6
91427
91466
91538.6
91615.7
91708.9
91836.4
91965.2
92122.2
92310.2
92503.6
92709.3
92931.9
93169.7
93420.2
93675.8
93915.3
94147.6
94373.8
94586.9
94799.4
95000.8
95183.7
95354.2
95493.3
95583.1
95617.1
95696.8
95729.5
95722.2
95670.1
95551.6
95398.8
95218.3
95102.6
95073
95075.9
95129.6
95172.3
95180.7
95231.8
95293.4
95373.9
95394.5
95442.1
95535
95671.1
95852.4
95972
96000.5
95969
95902
95803.4
95640.3
95355.9
94995.6
94623
94232.5
93836.8
93326.3
92903.3
92563.1
92218
92076.3
92046.4
91976.9
92032.9
92393.7
92754.1
93098.3
93355.9
93596.5
93892.4
94374.3
94849.9
95348.2
95850
96380.8
96828.5
97274.8
97642.4
98000.1
98335.7
98684.2
98687
98353.8
98527.1
98599.4
98695.1
98754.5
98814.5
98877.6
98946.6
99010.9
99073.9
99128.8
99184.3
99233.9
99276
99326.7
99368.5
99407.7
99441.8
99469.4
99492.1
99510.7
99524.6
99533.9
99539
99540.5
99538.8
99534
99526.6
99516.3
99503.6
99487.8
99469.3
99448.5
99424.9
99398.7
99369.9
99339.3
99306.4
99271.7
99235.2
99196.5
99155.2
99109
99057.7
99001.8
98943
98882.7
98821
98756.4
98688.8
98617.5
98542.3
98463.7
98381
98294.1
98202.9
98106.9
98005.9
97899.7
97788.8
97672.2
97550.7
97422.6
97288.2
97146.4
96997.9
96842
96678.2
96506.2
96326.7
96138.6
95943.7
95741.9
95530.7
95318.4
95101.4
94875.4
94649.9
94427.9
94203.4
93980
93765.6
93560.9
93373.6
93183.8
92988.3
92794.1
92612.9
92459.3
92325.4
92226.3
92151.7
92092.2
92042.3
92020.5
92019.2
92044
92086.1
92167.3
92264.2
92365.9
92495.4
92645.6
92815.5
93007.6
93210.8
93425.7
93657.4
93904.5
94163.5
94425
94667.5
94903
95137.2
95355
95575.6
95790
95984.2
96170
96326.1
96429.4
96459.8
96529.7
96603.8
96619.5
96593.2
96502.3
96383.4
96252.1
96200.3
96232.2
96290.8
96388.2
96437.8
96469
96523.2
96608.8
96717.8
96788.2
96813.8
96858.9
96983.4
97177.3
97310.4
97365.2
97353.2
97283.5
97196.9
97021.4
96725.7
96355.3
95980.9
95618.2
95221.7
94682.2
94294.9
93954.7
93608
93510
93431.4
93337.6
93431.1
93803.2
94097.8
94364.8
94556.4
94797.3
95116.7
95558.8
95988.9
96472.5
96966.9
97479.7
97884.6
98284.5
98614
98926.8
99210.3
99494.2
98593.1
98492.8
98579.4
98631.6
98686.1
98740.2
98804.9
98871.5
98949.9
99013
99080
99145.2
99202.3
99259.4
99308.7
99361.9
99412.8
99459.7
99500.8
99535.8
99565.4
99590.7
99611.8
99628.9
99642
99651.1
99656.9
99659.8
99659.6
99656.6
99651.3
99642.7
99631.3
99617.3
99600.2
99580.6
99558.4
99533.9
99507
99478.1
99447.4
99414.3
99377.8
99336.7
99291
99241.1
99188.2
99133
99075.3
99014.3
98949.8
98881.7
98809.6
98734.1
98654.9
98571.5
98484.3
98391.2
98294.5
98192.6
98086.6
97975
97858.6
97735.8
97606.7
97471.4
97329
97179.8
97023
96859
96687.1
96507.7
96320.9
96129.3
95928.3
95723.7
95518
95303.9
95086.6
94874.5
94663.5
94450.4
94246
94051.6
93873.9
93705.5
93533
93359.2
93187.4
93041.3
92924.3
92827.6
92767.2
92731.3
92698.3
92687.5
92689
92726.2
92776.8
92862.1
92975.1
93091.9
93228.5
93392
93576.5
93774.5
93984.9
94207.6
94449.6
94706.3
94971.5
95237.3
95483
95721.9
95963.6
96189.6
96421
96648.3
96854.7
97047.6
97218.7
97343.7
97382.2
97434.9
97550.8
97591.8
97601
97547.7
97471.3
97410.5
97425.8
97507.8
97609.5
97727
97781.6
97850.6
97914.6
98025.9
98181.7
98303.8
98335.8
98349.9
98456.3
98646.1
98781.3
98860
98859
98784.4
98695.3
98502
98191.6
97818.8
97451.4
97115.1
96681.3
96157.1
95808.2
95415.9
95123.1
95029.2
94897.6
94809.7
94929.8
95274
95490.3
95669
95805.2
96056.1
96387.3
96766.3
97169.1
97651.6
98131.2
98595.1
98958.1
99313.3
99601
99861.7
100090
100304
98470.4
98482.4
98570
98620.7
98646.9
98693.8
98779.3
98852.6
98942.1
99015.2
99082.8
99158.1
99222.4
99284.5
99342.2
99402.2
99461.7
99516.1
99564.3
99606.9
99644.3
99677.3
99706.6
99732.4
99754.2
99772
99786.2
99797.5
99805.6
99811.4
99814.2
99813.6
99810.2
99803.8
99794.2
99782.5
99768.1
99751
99731.2
99708.7
99684
99656.4
99625.7
99590.8
99551.6
99508.6
99462.3
99412.5
99359
99302.1
99241.5
99177.3
99109.1
99037.5
98962.2
98882.7
98798.7
98711
98619.6
98522.8
98421.8
98316
98204.9
98088.2
97965.3
97837.4
97701.7
97560
97410.8
97255.2
97092.2
96921.7
96744.6
96562.7
96373.2
96177.5
95981.6
95780.9
95573.6
95370.5
95172.9
94973.6
94778.3
94595.9
94427.4
94275.6
94125.5
93978.3
93826.1
93681.2
93580.7
93495
93442.4
93424.2
93406.2
93404
93422.1
93475.7
93542
93634.3
93759
93893.1
94041.3
94216.5
94411.7
94617.2
94834.9
95065.2
95316.2
95579.2
95848.2
96114.7
96364.4
96608.6
96857.4
97095.8
97340.1
97578.5
97794.6
97996
98184.9
98331.5
98388.7
98429.4
98577.8
98648.7
98703.1
98702.3
98681
98699.4
98777.8
98895.6
99025.1
99114.2
99195.9
99317.9
99406.8
99539
99767.5
99936.2
99999.4
100011
100104
100255
100376
100466
100472
100393
100291
100084
99761.5
99394.7
99031.3
98688.5
98217.1
97749.2
97403.2
96967.5
96747.1
96584.3
96439.3
96393.9
96526.4
96780.8
96917.8
96989.1
97116
97371.6
97679
98011.8
98418.1
98896.1
99341.6
99736.1
100053
100354
100593
100790
100969
101109
98386.9
98451.7
98538.4
98586.4
98617.9
98665.9
98764
98845.4
98923.6
99000.4
99076.8
99161.1
99237
99306.4
99373.3
99441.4
99507.4
99567.7
99622.1
99671.7
99716.8
99757.7
99795.4
99829.5
99859.5
99885.5
99908
99927.5
99944.2
99958.3
99969.4
99977.2
99982.1
99983.7
99982.3
99978.4
99971.7
99962.1
99949.9
99934.5
99916
99894.5
99869.9
99841.5
99809.2
99772.9
99732.6
99688.1
99639.6
99587.6
99531.6
99472.1
99408.8
99341.9
99271.1
99196.3
99117.6
99034.8
98948.3
98857.2
98761.6
98661.8
98556.9
98446.9
98331
98210.1
98082.3
97948.1
97807.4
97659.9
97506.5
97345.7
97178.8
97006.4
96828.5
96642.7
96456.4
96268.1
96073.1
95878.8
95692.6
95508.6
95325.1
95152.3
94994.5
94856.9
94724.8
94603.5
94481.5
94353.3
94251.9
94183.8
94134.5
94119.9
94127
94138.3
94173.2
94245.8
94333.9
94438.2
94573.4
94723.5
94886.8
95074.2
95278
95492.5
95720.2
95959.9
96218.8
96488.3
96758.8
97027.5
97280.5
97529.9
97790.4
98042
98298.6
98551.1
98777.4
98990.5
99201.1
99373.8
99459.3
99496.9
99661.2
99769
99881.3
99948.2
99997.5
100098
100230
100372
100517
100550
100664
100845
100984
101155
101460
101677
101785
101824
101912
101992
102077
102163
102185
102115
102002
101779
101458
101100
100731
100361
99876.7
99472.6
99087.8
98657.2
98470.1
98217.9
98126.8
98131.8
98246.3
98349.8
98421.4
98380.1
98542.2
98792.6
99052.4
99382.7
99809.1
100269
100652
100956
101219
101455
101633
101768
101889
101960
98320.5
98413.8
98503.5
98562.2
98626.6
98686.2
98769.3
98844.5
98914.8
98995.1
99082.9
99172.1
99254.4
99331.6
99406.7
99480.8
99550.7
99614.9
99674.8
99731.2
99783.7
99832.6
99878.3
99920.3
99958.4
99992.8
100024
100052
100077
100100
100119
100136
100149
100159
100166
100170
100171
100169
100164
100156
100145
100130
100112
100091
100065
100035
100000
99961.8
99919.2
99872.7
99822.2
99768.1
99710.2
99648.3
99582.6
99513.1
99439.8
99362.6
99281.4
99196.3
99107.2
99013.9
98915.6
98812.3
98704.2
98590.6
98471.5
98345.3
98213.5
98074.9
97931.2
97781.2
97624.9
97462.3
97295.9
97120.3
96944.6
96767.8
96585.4
96401.9
96226.2
96056
95887.1
95724.5
95577.3
95452.5
95337.3
95234.3
95146.1
95048.2
94963.8
94903
94859.7
94829.8
94857.1
94890
94953.6
95042.6
95150
95272.1
95419.5
95583.7
95763.2
95964.4
96178.4
96403.3
96643.8
96894.9
97161.6
97438.3
97708.3
97978.2
98236.5
98490.6
98764.6
99030
99297.2
99567.6
99812.2
100038
100270
100475
100600
100650
100796
100953
101131
101276
101411
101590
101764
101927
102078
102085
102214
102440
102653
102890
103250
103523
103680
103768
103843
103849
103876
103944
103994
103946
103828
103591
103275
102925
102538
102126
101665
101295
100853
100464
100253
99973.4
99979
99962.5
100004
99964.8
99968.2
99899.7
100088
100310
100539
100908
101346
101745
102020
102233
102431
102595
102711
102789
102837
102837
98231.9
98341.9
98438.1
98520.7
98627.5
98701.9
98770.3
98837.9
98917.7
99011.4
99103.5
99190.7
99275.5
99359.2
99440.7
99518.9
99593
99663.6
99731.4
99796.2
99857.5
99915.8
99970.6
100022
100070
100114
100156
100194
100229
100261
100290
100317
100340
100360
100377
100390
100400
100407
100411
100411
100408
100402
100392
100378
100359
100336
100309
100277
100242
100202
100158
100110
100058
100002
99942
99878.7
99811.5
99740.8
99666.1
99588
99506.1
99420
99329.4
99234.2
99134.3
99029.2
98919.9
98802.6
98680.3
98552
98419.8
98281.5
98136.2
97984.6
97830.5
97665.9
97500.9
97336.7
97167.5
96995.9
96832
96675.4
96522
96370.5
96235.1
96121.1
96022.6
95935
95876.2
95807.5
95752.7
95722.1
95691.6
95682.1
95717.1
95760
95844.1
95943.7
96065.9
96205.3
96364.6
96540.4
96734.7
96947.3
97171.3
97408.5
97661.3
97922.8
98194.7
98474.6
98746.3
99016
99283.1
99546.7
99830.8
100113
100392
100678
100943
101186
101435
101675
101851
101934
102041
102239
102468
102702
102930
103182
103391
103580
103730
103768
103903
104154
104451
104746
105139
105475
105661
105808
105868
105842
105806
105826
105890
105867
105734
105493
105182
104834
104420
103972
103545
103143
102684
102342
102074
101844
101872
101712
101674
101572
101528
101489
101690
101852
102109
102517
102915
103185
103330
103475
103609
103705
103763
103769
103732
103700
98126.7
98249.4
98358
98447.8
98557.7
98646
98723.6
98806.8
98906.7
99009.4
99103.6
99194.9
99286.1
99376.4
99464.5
99549.9
99632.9
99713.5
99791.7
99866.7
99938.3
100007
100072
100134
100194
100250
100303
100353
100399
100444
100485
100523
100558
100589
100617
100642
100663
100681
100695
100705
100712
100715
100714
100709
100699
100685
100666
100643
100615
100583
100546
100505
100460
100412
100359
100303
100243
100180
100113
100043
99969
99891.1
99809.4
99723.4
99633.1
99538.1
99437.6
99332.2
99220
99104
98984.7
98858.8
98725.3
98585.7
98444.2
98293
98138.8
97986.9
97833.2
97676
97522.2
97379.7
97243.5
97106.7
96981.9
96876.9
96796.6
96729.3
96683.6
96635.1
96618.5
96609.3
96616.5
96652.1
96693.5
96757.7
96857.5
96971.4
97104.6
97261.8
97432.8
97619.2
97825
98045.4
98278.6
98525.7
98787.9
99056
99331.7
99614
99890.7
100163
100439
100714
101007
101307
101598
101898
102181
102443
102706
102980
103215
103361
103455
103652
103891
104223
104552
104862
105106
105330
105486
105602
105764
106035
106402
106728
107138
107532
107714
107894
107973
107966
107914
107859
107859
107842
107704
107459
107151
106797
106362
105897
105498
105030
104585
104246
103978
103787
103611
103325
103253
103174
103114
103152
103289
103434
103760
104151
104419
104529
104581
104689
104752
104772
104767
104694
104598
104581
97996.1
98131.5
98252
98332
98445.6
98550.3
98648.1
98752.6
98865.8
98975.8
99079.9
99181.6
99281.9
99381.1
99479
99575.4
99670
99762
99851.3
99937.7
100022
100103
100182
100258
100331
100401
100467
100531
100593
100651
100706
100758
100806
100851
100893
100931
100966
100996
101023
101045
101064
101078
101088
101094
101095
101090
101081
101068
101049
101026
100998
100967
100931
100891
100847
100799
100748
100693
100636
100574
100510
100442
100370
100295
100215
100132
100043
99951.4
99855.3
99753
99642.9
99528.7
99409
99282.9
99152.6
99016.7
98875.2
98736.3
98598.4
98459.1
98316.5
98183.6
98063.6
97949.8
97837.5
97741.3
97673.8
97618.5
97589.4
97577
97584.6
97590
97636.6
97700.7
97770.9
97871.2
97987.9
98119.2
98272.5
98447.4
98632.5
98834
99051.2
99279.2
99520.6
99774.3
100041
100315
100596
100880
101159
101435
101719
102007
102312
102628
102926
103237
103538
103821
104101
104401
104692
104932
105070
105238
105449
105841
106247
106601
106907
107181
107363
107588
107825
108122
108529
108867
109278
109690
109861
110038
110156
110182
110158
110053
109933
109866
109723
109468
109163
108779
108332
107854
107478
106967
106490
106154
105834
105519
105152
104888
104815
104771
104737
104836
104859
105087
105445
105716
105804
105798
105819
105873
105849
105797
105734
105601
105492
105498
97817.4
97949.8
98073.9
98192.5
98312.7
98432.2
98551.4
98672.9
98794.9
98913.3
99028.4
99141.8
99254.9
99367.2
99478.2
99587.6
99695.2
99800.8
99904.7
100007
100107
100204
100299
100391
100480
100567
100651
100731
100809
100884
100956
101024
101090
101151
101209
101263
101313
101359
101401
101438
101471
101499
101522
101541
101554
101563
101566
101564
101556
101544
101528
101507
101481
101451
101418
101381
101340
101295
101248
101198
101144
101088
101028
100965
100899
100828
100753
100676
100592
100504
100410
100310
100205
100095
99977.1
99858.7
99740.9
99611.4
99484.3
99362
99237.2
99112.9
99006.6
98911.1
98818
98737.6
98674.6
98622.9
98614.7
98628.1
98653.1
98696.7
98769.5
98849.2
98954.4
99088.5
99219.4
99378.5
99558
99748.9
99956.2
100178
100409
100650
100905
101167
101438
101719
102002
102286
102567
102846
103141
103447
103760
104089
104392
104710
105030
105336
105637
105957
106285
106615
106867
107054
107243
107596
107993
108381
108786
109120
109369
109728
110085
110421
110838
111190
111573
111959
112136
112312
112453
112493
112475
112345
112148
111983
111770
111501
111179
110758
110293
109828
109425
108890
108340
107998
107473
107052
106666
106482
106410
106370
106382
106483
106464
106787
107063
107147
107098
107050
107037
106989
106897
106801
106684
106521
106421
106409
97570.9
97712.3
97852.1
97989.4
98125.5
98262
98398.4
98533.9
98668.1
98800.9
98932.5
99063.1
99193
99321.8
99449.3
99575.8
99701.2
99825.3
99947.7
100068
100187
100303
100417
100529
100638
100745
100849
100950
101049
101144
101236
101325
101411
101492
101570
101643
101713
101777
101837
101892
101943
101988
102027
102062
102091
102114
102132
102144
102151
102152
102149
102140
102127
102110
102088
102063
102035
102004
101969
101932
101891
101849
101803
101754
101702
101647
101589
101526
101459
101386
101308
101225
101137
101044
100944
100844
100739
100631
100523
100415
100308
100205
100103
100018
99945.5
99885
99833.1
99795.7
99793.8
99811.2
99855
99932.9
100022
100123
100266
100413
100566
100765
100960
101169
101410
101645
101893
102157
102426
102703
102985
103271
103557
103844
104131
104420
104725
105047
105366
105702
106008
106327
106671
106997
107316
107660
108019
108396
108764
109067
109337
109601
109915
110312
110793
111160
111512
112021
112518
112909
113313
113700
114019
114363
114572
114758
114880
114905
114856
114695
114455
114170
113834
113509
113135
112696
112217
111750
111230
110726
110084
109688
109016
108598
108292
108168
108029
107967
108017
108096
108120
108430
108542
108464
108378
108309
108203
108049
107929
107806
107632
107461
107355
107281
97240.4
97395.8
97551.2
97705.8
97859.9
98014.1
98168.1
98321.9
98475.3
98628.1
98780.1
98931.5
99082.1
99231.9
99380.9
99529.2
99676.5
99822.5
99967.1
100110
100252
100392
100530
100667
100801
100932
101062
101188
101311
101432
101549
101662
101772
101878
101980
102077
102169
102257
102339
102416
102488
102554
102614
102668
102715
102757
102793
102822
102846
102864
102876
102884
102886
102884
102877
102867
102854
102837
102818
102796
102771
102745
102716
102684
102649
102612
102572
102527
102477
102423
102363
102300
102231
102157
102078
101995
101906
101816
101725
101633
101545
101459
101377
101304
101245
101196
101165
101152
101156
101181
101236
101315
101423
101558
101715
101885
102082
102292
102504
102747
103015
103251
103527
103812
104094
104393
104689
104978
105276
105574
105868
106172
106492
106826
107147
107472
107777
108085
108448
108813
109157
109520
109914
110313
110743
111163
111574
111919
112263
112646
113075
113425
113878
114506
115103
115555
115940
116375
116636
116930
117179
117346
117405
117377
117277
117063
116759
116366
115914
115465
115030
114548
114018
113487
112898
112369
111762
111299
110609
110210
109942
109785
109563
109527
109607
109661
109751
109937
109904
109751
109701
109562
109351
109117
108952
108794
108592
108408
108262
108123
96798.1
96971.3
97145.6
97320.4
97495.5
97671.1
97847.1
98023.4
98199.7
98376
98552.2
98728.2
98904
99079.6
99254.8
99429.6
99603.8
99777.4
99950.2
100122
100293
100462
100630
100796
100960
101122
101281
101438
101592
101743
101890
102034
102174
102310
102441
102567
102688
102804
102913
103017
103115
103206
103291
103369
103440
103504
103562
103613
103657
103695
103727
103753
103774
103790
103802
103809
103814
103815
103814
103810
103805
103797
103788
103776
103762
103746
103725
103701
103673
103640
103602
103560
103513
103460
103402
103339
103270
103200
103127
103053
102983
102913
102849
102794
102750
102717
102703
102706
102722
102765
102833
102920
103039
103187
103352
103551
103769
103995
104247
104511
104779
105064
105362
105651
105960
106289
106590
106886
107209
107512
107812
108132
108464
108783
109089
109382
109678
109987
110358
110766
111168
111553
111956
112385
112855
113344
113835
114323
114827
115303
115700
116070
116579
117220
117824
118318
118709
119170
119421
119640
119893
120017
119996
119869
119673
119383
118997
118526
117971
117371
116849
116242
115620
115022
114431
113751
113282
112737
112122
111673
111411
111170
111002
111048
111134
111174
111266
111300
111195
111048
111005
110804
110531
110217
109959
109737
109521
109310
109097
108919
96219.3
96414.3
96611.1
96809.4
97009
97209.8
97411.6
97614.3
97817.7
98022
98227.1
98432.8
98639.1
98845.6
99052.5
99259.6
99466.8
99673.9
99880.7
100087
100292
100497
100701
100903
101103
101302
101498
101692
101883
102071
102256
102436
102613
102784
102951
103113
103268
103418
103561
103698
103827
103950
104064
104171
104271
104363
104447
104524
104593
104655
104711
104760
104803
104841
104874
104903
104928
104951
104971
104989
105007
105022
105036
105048
105057
105065
105069
105070
105066
105058
105045
105027
105002
104974
104940
104898
104852
104804
104749
104698
104647
104594
104549
104512
104480
104465
104469
104483
104517
104576
104654
104759
104895
105046
105228
105439
105667
105920
106193
106475
106778
107092
107401
107722
108062
108382
108701
109033
109348
109649
109963
110288
110583
110852
111152
111415
111689
112024
112411
112836
113277
113686
114101
114561
115098
115658
116193
116741
117295
117885
118417
118922
119496
120055
120615
121140
121586
122037
122283
122421
122644
122692
122568
122332
122022
121634
121144
120571
119888
119153
118487
117740
117034
116383
115757
114946
114426
113874
113394
113011
112745
112494
112460
112538
112597
112622
112660
112594
112452
112331
112190
111963
111674
111306
110956
110650
110391
110142
109872
109667
95538.4
95757
95978
96201.3
96426.8
96654.1
96883.4
97114.6
97347.5
97582.2
97818.5
98056.1
98295.1
98535.3
98776.7
99019
99262.1
99505.8
99749.9
99994.2
100238
100482
100726
100968
101209
101449
101686
101921
102154
102383
102609
102831
103048
103260
103467
103668
103862
104050
104231
104404
104570
104727
104876
105016
105147
105270
105385
105491
105589
105679
105761
105836
105904
105966
106023
106075
106124
106170
106214
106256
106299
106339
106380
106419
106456
106490
106521
106550
106573
106591
106606
106613
106614
106612
106603
106586
106567
106540
106509
106480
106448
106415
106391
106369
106354
106358
106375
106407
106459
106528
106621
106744
106887
107053
107253
107475
107716
107985
108271
108577
108896
109218
109555
109900
110235
110568
110906
111229
111533
111839
112143
112417
112681
112946
113213
113477
113766
114115
114524
114926
115345
115765
116228
116761
117369
117986
118611
119216
119777
120420
121055
121690
122319
122853
123400
123951
124464
124868
125107
125185
125314
125246
125015
124701
124300
123785
123144
122425
121599
120739
119919
119082
118308
117567
116869
116062
115358
114880
114561
114315
114067
113902
113924
113973
114010
114027
114014
113907
113769
113621
113337
113071
112740
112360
111961
111589
111257
110948
110631
110400
94876.6
95115.3
95357.2
95602.3
95850.5
96101.8
96355.9
96612.6
96872.1
97134.1
97398.5
97665.3
97934.3
98205.4
98478.4
98753.2
99029.6
99307.3
99586.2
99866
100146
100427
100707
100988
101267
101545
101821
102096
102367
102636
102901
103161
103417
103668
103913
104152
104384
104608
104825
105033
105233
105423
105605
105777
105940
106093
106237
106371
106497
106613
106721
106821
106913
106998
107077
107151
107221
107289
107356
107422
107488
107554
107621
107686
107750
107812
107870
107924
107973
108018
108057
108089
108116
108137
108151
108160
108163
108159
108152
108142
108128
108117
108109
108102
108106
108127
108157
108206
108270
108352
108463
108595
108746
108930
109140
109375
109628
109908
110206
110518
110846
111185
111528
111869
112214
112555
112880
113192
113499
113796
114071
114327
114591
114853
115098
115370
115692
116055
116424
116792
117177
117609
118136
118753
119409
120057
120744
121435
122125
122813
123467
124146
124788
125399
125978
126515
127015
127328
127522
127600
127568
127398
127111
126731
126228
125571
124770
123910
122956
121966
121048
120155
119304
118480
117716
117003
116346
115829
115548
115350
115170
115116
115130
115171
115212
115228
115182
115068
114958
114761
114427
114101
113706
113294
112850
112442
112047
111667
111312
111029
94303.9
94558.7
94817.4
95080.1
95346.7
95617
95891.1
96168.7
96449.8
96734.2
97021.8
97312.7
97606.5
97903.2
98202.5
98504.4
98808.5
99114.8
99422.8
99732.3
100043
100355
100666
100978
101290
101601
101910
102218
102523
102824
103123
103417
103706
103990
104267
104538
104802
105058
105305
105543
105772
105992
106201
106400
106590
106769
106939
107098
107248
107388
107518
107639
107751
107854
107952
108045
108134
108220
108306
108392
108478
108567
108656
108745
108833
108918
109000
109076
109147
109214
109273
109328
109376
109416
109451
109481
109502
109519
109531
109535
109539
109546
109550
109558
109578
109611
109654
109715
109789
109886
110006
110144
110309
110506
110726
110958
111229
111518
111821
112145
112485
112827
113164
113514
113864
114192
114512
114831
115131
115410
115682
115946
116198
116446
116690
116973
117307
117666
118005
118339
118705
119176
119742
120407
121092
121751
122455
123193
123960
124703
125398
126091
126779
127483
128089
128608
129056
129319
129407
129456
129326
129096
128768
128279
127664
126879
125967
125002
123935
122827
121851
120900
119973
119111
118330
117678
117098
116511
116252
116094
115967
115968
115993
116056
116116
116137
116072
115938
115832
115622
115292
114936
114496
114042
113556
113101
112659
112234
111838
111504
93828.3
94095.5
94367.3
94643.8
94924.8
95210.2
95500
95794.1
96092.3
96394.6
96700.9
97011
97324.8
97642.2
97962.8
98286.5
98613.1
98942.3
99274.1
99607.9
99943.3
100280
100618
100956
101294
101631
101967
102302
102634
102964
103290
103611
103927
104238
104543
104840
105130
105412
105685
105948
106201
106444
106677
106898
107110
107311
107503
107684
107855
108015
108164
108302
108430
108550
108664
108774
108880
108983
109085
109187
109290
109396
109502
109609
109716
109819
109919
110014
110104
110188
110265
110337
110403
110459
110512
110558
110595
110628
110656
110674
110693
110713
110728
110750
110783
110825
110879
110949
111033
111139
111265
111411
111588
111788
112010
112259
112541
112833
113145
113482
113826
114163
114510
114869
115207
115532
115862
116178
116464
116740
117017
117277
117517
117763
118019
118302
118621
118952
119268
119605
119987
120493
121087
121764
122446
123116
123831
124579
125353
126132
126872
127601
128344
129059
129674
130206
130620
130889
130915
130861
130717
130419
130034
129437
128723
127826
126844
125778
124630
123470
122406
121390
120422
119548
118780
118147
117573
117043
116766
116644
116558
116589
116628
116705
116790
116825
116764
116614
116477
116274
115945
115565
115104
114612
114098
113594
113117
112663
112229
111858
93446.1
93722.9
94004.8
94291.8
94583.9
94881
95182.9
95489.7
95801.2
96117.4
96438.2
96763.4
97092.8
97426.3
97763.7
98104.7
98449.1
98796.6
99147
99499.8
99854.8
100212
100570
100928
101287
101646
102004
102360
102714
103065
103413
103756
104095
104427
104753
105072
105383
105686
105979
106262
106535
106796
107047
107286
107516
107735
107946
108146
108334
108510
108674
108828
108973
109110
109240
109365
109485
109602
109717
109831
109947
110065
110184
110304
110422
110539
110652
110759
110863
110961
111052
111139
111218
111289
111355
111414
111465
111511
111550
111582
111613
111641
111668
111702
111743
111795
111858
111934
112026
112138
112270
112424
112611
112821
113043
113301
113589
113884
114205
114552
114892
115234
115594
115948
116281
116615
116947
117251
117535
117813
118086
118339
118581
118831
119090
119364
119662
119969
120288
120638
121047
121565
122168
122827
123491
124178
124912
125660
126444
127241
128017
128804
129586
130278
130883
131412
131800
132012
132027
131929
131772
131402
130979
130335
129524
128560
127501
126341
125128
123920
122787
121714
120727
119847
119077
118423
117864
117466
117162
117033
117007
117053
117103
117186
117286
117336
117290
117144
116970
116752
116424
116023
115552
115032
114495
113959
113456
112975
112518
112127
93148
93431.9
93721.4
94016.4
94316.9
94622.7
94933.8
95250.3
95572
95898.7
96230.5
96567.1
96908.5
97254.4
97604.6
97958.9
98317
98678.6
99043.4
99411
99781
100153
100527
100902
101277
101652
102026
102399
102770
103139
103503
103863
104219
104568
104911
105247
105574
105893
106203
106501
106789
107065
107329
107583
107827
108060
108284
108500
108703
108894
109074
109242
109400
109548
109688
109823
109954
110082
110209
110335
110462
110590
110719
110848
110975
111101
111223
111339
111453
111561
111663
111759
111849
111932
112009
112078
112140
112196
112244
112287
112327
112363
112401
112442
112488
112550
112619
112700
112798
112915
113053
113214
113404
113616
113851
114120
114404
114704
115036
115381
115723
116077
116438
116785
117126
117465
117790
118091
118376
118652
118921
119173
119417
119667
119922
120190
120473
120767
121090
121449
121869
122381
122969
123610
124272
124979
125730
126489
127295
128104
128912
129740
130540
131228
131823
132331
132687
132841
132821
132722
132532
132133
131685
131033
130165
129132
127995
126755
125481
124237
123049
121933
120930
120041
119258
118595
118083
117751
117468
117325
117340
117401
117462
117548
117650
117709
117675
117541
117347
117106
116771
116353
115870
115335
114782
114228
113704
113202
112734
112332
92921.8
93211
93506.1
93806.9
94113.6
94425.9
94744
95067.6
95396.8
95731.4
96071.4
96416.6
96766.9
97122
97481.9
97846.1
98214.5
98586.7
98962.3
99340.9
99722.3
100106
100492
100878
101266
101653
102040
102426
102809
103190
103568
103941
104308
104671
105026
105375
105715
106046
106367
106678
106979
107267
107542
107808
108063
108306
108542
108767
108981
109184
109374
109552
109718
109875
110023
110167
110306
110443
110579
110715
110852
110988
111125
111261
111395
111527
111655
111779
111900
112015
112124
112229
112327
112418
112503
112580
112650
112713
112770
112821
112867
112910
112955
113001
113054
113122
113195
113280
113382
113504
113646
113810
114004
114223
114465
114732
115023
115335
115664
116009
116358
116716
117074
117425
117772
118110
118430
118732
119019
119294
119558
119809
120056
120302
120552
120810
121080
121364
121684
122042
122464
122963
123542
124178
124855
125577
126332
127109
127931
128761
129608
130453
131238
131919
132520
133011
133338
133474
133415
133293
133075
132678
132197
131541
130656
129573
128366
127068
125737
124458
123234
122088
121064
120161
119373
118720
118264
117943
117695
117558
117581
117661
117732
117818
117910
117972
117946
117824
117624
117367
117027
116592
116097
115553
114987
114422
113884
113368
112894
112487
92755.1
93048.2
93347.2
93652.3
93963.4
94280.5
94603.6
94932.4
95267.1
95607.5
95953.4
96304.9
96661.7
97023.6
97390.4
97761.8
98137.6
98517.5
98901
99287.7
99677.5
100070
100464
100859
101256
101652
102048
102443
102836
103226
103613
103995
104372
104743
105108
105466
105816
106157
106487
106809
107120
107418
107703
107977
108239
108490
108734
108967
109187
109394
109590
109774
109947
110111
110268
110418
110564
110709
110852
110994
111137
111279
111422
111563
111703
111840
111973
112102
112228
112348
112463
112574
112678
112775
112866
112950
113026
113095
113157
113214
113264
113314
113363
113414
113473
113541
113618
113707
113812
113937
114082
114250
114447
114670
114914
115187
115483
115794
116126
116472
116826
117186
117545
117900
118248
118584
118905
119209
119495
119769
120031
120284
120529
120767
121009
121259
121519
121795
122108
122466
122887
123381
123957
124595
125282
126005
126767
127562
128399
129257
130130
130978
131744
132420
133023
133495
133804
133932
133850
133695
133464
133070
132560
131893
131008
129905
128645
127304
125931
124612
123363
122197
121154
120236
119448
118817
118397
118081
117856
117735
117754
117846
117927
118009
118089
118153
118133
118019
117821
117556
117207
116764
116259
115708
115134
114560
114013
113489
113009
112600
92636.4
92932.1
93233.9
93542.1
93856.4
94176.8
94503.4
94835.9
95174.4
95518.8
95869
96224.9
96586.3
96953
97324.7
97701.2
98082.3
98467.6
98856.7
99249.2
99644.9
100043
100443
100845
101247
101650
102052
102454
102853
103250
103643
104033
104417
104794
105165
105531
105889
106236
106574
106903
107220
107525
107817
108098
108367
108625
108873
109108
109330
109539
109739
109928
110108
110279
110440
110596
110749
110897
111044
111191
111338
111485
111631
111777
111920
112060
112197
112331
112460
112584
112705
112819
112928
113030
113125
113213
113294
113367
113433
113493
113549
113601
113654
113710
113771
113840
113919
114010
114118
114244
114392
114564
114762
114987
115235
115510
115806
116121
116455
116803
117159
117521
117883
118239
118587
118924
119246
119549
119834
120109
120372
120625
120864
121095
121332
121575
121827
122098
122409
122768
123190
123682
124253
124896
125582
126306
127076
127884
128740
129624
130502
131334
132091
132776
133374
133829
134128
134251
134164
133980
133736
133343
132814
132132
131247
130142
128855
127479
126078
124724
123451
122271
121214
120287
119501
118896
118495
118180
117966
117857
117876
117973
118065
118146
118217
118277
118261
118150
117956
117686
117333
116885
116373
115816
115237
114656
114103
113573
113089
112681
92555.5
92853
93156.8
93467
93783.5
94106.2
94435.1
94770.1
95111.3
95458.4
95811.5
96170.4
96534.9
96904.7
97279.8
97659.9
98044.6
98433.5
98826.3
99222.8
99622.5
100025
100429
100834
101241
101648
102055
102460
102863
103265
103664
104058
104447
104829
105207
105578
105940
106291
106633
106966
107287
107596
107894
108180
108455
108717
108966
109203
109426
109637
109838
110030
110216
110391
110558
110717
110873
111025
111175
111324
111474
111623
111772
111920
112066
112209
112349
112486
112618
112746
112869
112987
113099
113204
113302
113393
113477
113553
113622
113684
113743
113797
113854
113911
113973
114044
114124
114217
114326
114454
114604
114777
114977
115203
115455
115731
116029
116346
116681
117030
117387
117750
118112
118468
118817
119156
119477
119778
120064
120340
120604
120854
121088
121316
121547
121786
122035
122306
122616
122976
123398
123888
124458
125101
125784
126512
127287
128107
128978
129870
130743
131564
132321
133013
133603
134048
134342
134463
134384
134183
133924
133525
132983
132287
131398
130297
129003
127602
126183
124808
123513
122322
121253
120321
119543
118955
118563
118246
118038
117938
117959
118057
118158
118245
118310
118365
118345
118237
118047
117774
117417
116965
116449
115889
115306
114721
114163
113630
113144
112731
92504.2
92802.9
93108
93419.4
93737.2
94061.3
94391.6
94728.3
95071.1
95420.1
95775
96135.8
96502.2
96874.2
97251.4
97633.7
98020.6
98411.7
98806.9
99205.9
99608.2
100013
100419
100827
101237
101647
102056
102464
102871
103276
103678
104075
104467
104853
105234
105607
105972
106326
106670
107005
107329
107641
107942
108232
108509
108774
109025
109263
109488
109701
109904
110099
110285
110463
110632
110794
110952
111106
111258
111409
111560
111711
111862
112011
112159
112304
112446
112585
112719
112849
112975
113094
113208
113316
113416
113509
113594
113671
113742
113806
113866
113923
113980
114038
114102
114173
114254
114348
114458
114587
114738
114913
115114
115342
115595
115874
116173
116491
116825
117173
117530
117893
118254
118612
118962
119300
119620
119922
120209
120485
120748
120995
121228
121453
121682
121919
122167
122438
122748
123108
123530
124021
124588
125229
125913
126645
127424
128253
129129
130018
130886
131704
132467
133161
133742
134182
134471
134590
134523
134322
134045
133638
133087
132381
131488
130388
129094
127683
126253
124865
123558
122357
121279
120344
119578
118992
118605
118286
118083
117989
118012
118111
118217
118310
118372
118422
118399
118292
118106
117829
117470
117016
116498
115935
115349
114762
114201
113666
113177
112762
92475.5
92774.9
93080.6
93392.7
93711.1
94036
94367.2
94704.7
95048.5
95398.4
95754.4
96116.2
96483.8
96856.9
97235.3
97618.7
98006.8
98399.3
98795.8
99195.8
99600.5
100006
100414
100824
101235
101646
102057
102467
102876
103282
103686
104085
104478
104866
105249
105624
105989
106345
106691
107027
107352
107666
107969
108260
108539
108805
109058
109297
109523
109737
109941
110136
110323
110502
110674
110837
110996
111152
111306
111457
111609
111761
111913
112063
112212
112358
112502
112641
112777
112908
113034
113155
113270
113378
113480
113573
113659
113738
113809
113875
113935
113993
114050
114109
114173
114245
114326
114421
114531
114661
114812
114988
115190
115418
115673
115952
116252
116570
116903
117251
117609
117971
118333
118692
119041
119378
119699
120001
120289
120564
120826
121072
121304
121530
121757
121993
122241
122512
122822
123182
123604
124095
124662
125301
125986
126720
127502
128335
129210
130098
130965
131781
132549
133240
133817
134255
134540
134656
134594
134398
134111
133699
133142
132430
131535
130436
129143
127730
126293
124900
123586
122381
121297
120358
119599
119014
118629
118309
118109
118018
118042
118142
118251
118348
118408
118457
118431
118324
118139
117859
117501
117044
116525
115961
115374
114785
114222
113686
113196
112780
92463.7
92763.1
93068.9
93381.2
93699.9
94025.1
94356.6
94694.5
95038.7
95389
95745.4
96107.7
96475.8
96849.4
97228.3
97612.2
98000.9
98393.9
98791
99191.9
99596.5
100003
100412
100822
101234
101646
102057
102468
102878
103285
103688
104089
104483
104872
105255
105630
105996
106353
106700
107036
107362
107676
107980
108271
108551
108818
109071
109310
109537
109751
109955
110151
110339
110518
110687
110854
111015
111171
111325
111478
111630
111782
111934
112085
112234
112381
112525
112664
112800
112932
113059
113180
113295
113404
113506
113600
113686
113765
113837
113902
113963
114021
114079
114138
114202
114274
114355
114450
114561
114690
114842
115018
115220
115449
115703
115982
116282
116601
116935
117283
117641
118003
118366
118724
119074
119411
119732
120035
120322
120597
120859
121105
121337
121562
121790
122025
122273
122545
122854
123215
123636
124127
124694
125332
126018
126753
127537
128371
129246
130134
131000
131814
132587
133276
133850
134286
134570
134685
134624
134429
134139
133725
133167
132453
131556
130458
129167
127754
126315
124920
123603
122394
121307
120366
119610
119026
118641
118322
118123
118034
118058
118158
118269
118367
118427
118473
118446
118339
118155
117873
117515
117058
116538
115973
115385
114796
114232
113695
113204
112788
86140.8
86666.3
87182.8
87699
88206.1
88701.3
89206.4
89730.3
90259.1
90802.3
91373.6
91946
92461.2
92873.1
93151.6
93264.4
93214.8
93078.6
92981.2
92949.2
92958.6
92940.4
92810.8
92428.6
91557.8
86186.1
86713
87233.2
87750.6
88256.9
88751.5
89257.1
89780.5
90305.9
90846.3
91415.3
91984.3
92493.2
92898.2
93169.3
93274.5
93219.4
93083.9
92987.4
92956.5
92965.2
92945.5
92815.2
92433.5
91570.4
86253.5
86785
87310.8
87831.1
88338.2
88833.7
89340.9
89861.8
90380.7
90917.2
91483.5
92047.2
92546.3
92940.6
93201
93296.3
93231.9
93095.2
92998.1
92965.3
92971
92949.8
92818.8
92432.4
91592.5
86347.6
86885.1
87418.7
87943.2
88452.1
88951.3
89462.4
89979.1
90488.7
91018.8
91579
92133.9
92618.6
92998.9
93245.5
93327.9
93252.3
93112.2
93014.8
92978.7
92980.2
92958.2
92828.3
92447
91628.7
86469.2
87014.3
87555.2
88082.7
88595.6
89099.6
89616.5
90131.5
90629.3
91150
91699.5
92240.8
92708.4
93071.7
93303.2
93370.1
93280.7
93134.8
93036.1
92995.2
92990.8
92968.5
92840.4
92470.1
91677.5
86616.5
87171.8
87717.8
88245.6
88764.6
89272.6
89793.5
90313.8
90800.2
91307.7
91842.9
92366.2
92814.1
93157.8
93372.6
93422.6
93316.6
93163.2
93061.4
93014.4
93002.4
92980.5
92855.8
92502.6
91739.4
86786.9
87355.7
87905.5
88433
88959.6
89469.9
89990.6
90521
90999
91489.4
92009.9
92513.6
92936.6
93257.2
93453.1
93484.7
93360.2
93197.6
93090
93036.1
93014.5
92994
92875
92543.4
91815.8
86981
87564.9
88116.9
88647.7
89183.7
89695.8
90212.1
90750.3
91223.5
91696.4
92202.3
92684.9
93077.2
93370.5
93545.6
93556.3
93411.7
93238.5
93121.6
93059.7
93027.1
93009
92897.9
92592.1
91907.9
87200.5
87798.3
88352.6
88891.3
89437
89952.3
90463.6
90999.3
91470.8
91932.7
92420.9
92875.3
93235.7
93498.6
93651.1
93638.7
93472.5
93285.9
93156.3
93084.7
93040.3
93025.5
92924.6
92648.6
92017.6
87444.6
88055.2
88613.9
89165.1
89716.8
90237.4
90747.2
91264.2
91737.1
92198.1
92666.8
93083.1
93411.6
93644.1
93769.1
93730.8
93543.3
93339.6
93194
93110.7
93054
93042.1
92954.5
92712.5
92146.2
87713.7
88331.7
88897.2
89468.1
90020
90547.3
91062.4
91547.5
92020.3
92487.9
92937.1
93308.5
93604.6
93807.9
93897.1
93827.6
93621.9
93398
93234.5
93137.6
93071.8
93059
92987.6
92783
92294.5
88009.7
88622.8
89198.8
89795.4
90345.8
90879.1
91404.2
91855.9
92321.8
92799.7
93224.8
93551.2
93814.2
93986.3
94033.1
93927.7
93701.8
93459.5
93278
93165.4
93090.8
93077.4
93023.7
92859.1
92464.2
88329.5
88927.5
89523.4
90145.5
90694.1
91234.4
91764.5
92191.6
92644.5
93132.2
93526.8
93811.9
94042.1
94176.5
94178.7
94036.7
93784.7
93523.3
93324.8
93194.4
93110.7
93097.8
93062.9
92940.2
92656.9
88672.8
89256.8
89882.5
90521.7
91063.6
91616.8
92140.1
92549.8
92991.4
93483.8
93846.8
94092.6
94289
94382.3
94338.6
94161.4
93875.2
93590.1
93374.4
93225
93131.5
93120.5
93105.3
93024.8
92874.3
89049.9
89634.3
90287.2
90921.9
91454.4
92024.9
92532.6
92927.8
93367.5
93855.3
94187.4
94394.3
94552.5
94605.5
94515.6
94301.8
93975.5
93660.6
93426.1
93257.1
93153.3
93145.8
93151.7
93110.7
93116.7
89459.5
90055.3
90729.5
91338.2
91868
92452.1
92945.7
93331.3
93775.7
94246.8
94546.8
94715.2
94829.2
94841.6
94705.7
94453.1
94084.4
93735
93479
93290.3
93176.3
93173.3
93202.9
93196.6
93380.7
89890.2
90499.2
91184.9
91768.3
92309.2
92894.4
93383.8
93769
94216.9
94654.5
94922.4
95054.4
95118.3
95085.8
94903.7
94612.1
94201
93813.2
93533
93324.2
93200.3
93203.8
93258.4
93282.4
93658.4
90347.9
90971.1
91652.1
92221.1
92785.2
93353.9
93843.4
94243.6
94684.8
95074.3
95312.6
95410.8
95422.3
95339.3
95107.9
94776.8
94325.2
93896.7
93588.1
93358.7
93225.3
93237.5
93318.6
93367.7
93948.6
90847.9
91485.1
92138.2
92705.5
93291.2
93840.9
94325.4
94755.9
95179.5
95518.5
95727
95792.2
95753.1
95615.8
95329.8
94953.7
94463.2
93990.7
93647.7
93395.7
93252.9
93277.3
93381.8
93470
94274.6
91401.9
92030.4
92647
93222.1
93810
94353.5
94830.5
95290.6
95700.6
95994.1
96167.7
96198.9
96112.4
95919.2
95575
95144.8
94614.7
94096.4
93711.8
93435.3
93283.7
93324.9
93446.7
93595.1
94626.6
92003.7
92593.7
93188.1
93769.4
94339.4
94877
95352.5
95824.5
96236.1
96489.2
96624.2
96622.7
96489.8
96236.7
95834.4
95342.8
94768.9
94206
93776.2
93474.5
93315.8
93377.7
93518.3
93730.9
94928.6
92637.4
93188.5
93773.5
94347.1
94892.1
95411.2
95887.2
96360.3
96771.4
96996
97096
97064.1
96883.8
96566.5
96105.7
95547.1
94923.2
94317.3
93840.8
93513.3
93349.5
93435.7
93598.7
93875.6
95171
93286.5
93822.5
94392.6
94943.2
95474.8
95968.3
96436.1
96910.4
97307.8
97513.2
97582.7
97520.3
97293.3
96913
96389.6
95757.8
95076.5
94428.5
93907
93552.7
93385.8
93498.8
93687.8
94025.4
95377.6
93941.8
94475.2
95017.8
95545.2
96080.7
96552.4
97005.8
97479.7
97849.2
98041.8
98082.3
97987.8
97719.1
97279.2
96690.4
95975.6
95229.4
94537.7
93977
93594.1
93425.2
93566.6
93784.9
94177.8
95558.9
94607.3
95137.7
95638.8
96151.6
96686.8
97145.4
97590.9
98053.7
98396.7
98577.2
98593.1
98471.3
98160.8
97658.4
97006
96200
95383.2
94643
94051.6
93638.3
93468.7
93639.2
93889.3
94330.4
95717.9
95296.2
95808.2
96266.2
96766.3
97285.9
97727.8
98168.5
98612.4
98940.7
99111.6
99116.3
98978.4
98620.4
98044.3
97323.8
96426.9
95537.6
94742.6
94127.6
93685.3
93516.6
93715.5
93999.4
94481.8
95859.2
96015.1
96481.7
96911.7
97382.1
97890.7
98290.2
98711.9
99144.9
99472.1
99641.5
99653.5
99506.6
99099.6
98439.1
97634.5
96651.8
95690.3
94837.2
94198.8
93732.4
93570.1
93793.6
94114.1
94631.1
95986.2
96752.5
97150.2
97565.7
97992.3
98480.8
98822.3
99222.7
99657.1
99989.5
100166
100198
100039
99581.6
98835.3
97931.5
96867.1
95835.2
94927.6
94263
93777.2
93630.6
93867.4
94228.4
94772
96096.2
97484.4
97830.4
98205.4
98620.8
99030.8
99337.1
99738.8
100178
100511
100700
100754
100574
100055
99225.6
98216.8
97072.4
95970
95018.7
94321.3
93821.3
93691.3
93942.5
94342.2
94904.8
96193.3
98211.7
98533.7
98842.4
99262
99552.8
99875.9
100297
100734
101059
101266
101330
101114
100526
99611.6
98497.6
97272.7
96098
95110.8
94375.3
93867.9
93753
94018.3
94458.3
95033.7
96282.3
98958.3
99229.7
99501.9
99859.1
100083
100455
100882
101308
101636
101863
101917
101651
100993
99992.6
98774.1
97467.7
96219.3
95202.3
94420.5
93917.5
93815.3
94096.5
94579.3
95159.2
96363.9
99720.1
99913.1
100184
100419
100652
101055
101476
101885
102239
102484
102500
102180
101458
100369
99047
97656.8
96337.7
95285.8
94462.8
93969.7
93878
94175.6
94702.7
95281.3
96438
100490
100607
100844
100988
101265
101674
102100
102484
102863
103107
103071
102703
101920
100740
99315.9
97839.8
96449.6
95361.5
94507.8
94022.7
93941.6
94254.2
94825.6
95398.6
96504.7
101256
101288
101457
101584
101892
102305
102753
103129
103500
103713
103635
103229
102383
101108
99580.5
98017.8
96554.5
95426.9
94553.4
94074.3
94002.3
94334.4
94942.3
95512.3
96564.1
102035
101994
102101
102246
102561
102968
103429
103828
104170
104341
104234
103793
102871
101490
99852.4
98197.8
96658.8
95484.9
94600.2
94124.2
94060.6
94417.5
95048.2
95629.6
96616.1
102826
102778
102842
103005
103303
103687
104128
104558
104876
105015
104891
104404
103384
101885
100129
98377.1
96762.5
95536.7
94646.2
94172.1
94119.9
94496.1
95148.8
95748.6
96660.9
103649
103621
103635
103790
104070
104431
104852
105289
105596
105720
105583
105031
103897
102274
100401
98550.9
96864.3
95585.1
94688.6
94217.7
94178.7
94570.5
95247.9
95856.5
96697.3
104535
104493
104444
104590
104839
105175
105599
106041
106339
106456
106297
105659
104404
102657
100665
98718.4
96962.5
95630.4
94726.8
94260.5
94235.4
94644.5
95340.2
95950.3
96726.5
105430
105356
105282
105401
105593
105915
106360
106819
107114
107222
107020
106276
104901
103032
100920
98876.5
97053.9
95672.3
94760.8
94300.4
94291.2
94717.6
95423.1
96032.4
96750
106304
106210
106120
106165
106325
106656
107109
107584
107900
107998
107732
106875
105388
103401
101169
99027.6
97137.7
95713.2
94791.3
94337.3
94345.1
94785.9
95500.3
96104.4
96756
107128
106998
106919
106907
107059
107376
107819
108300
108651
108739
108408
107451
105861
103756
101414
99171.6
97213.9
95754.1
94819.2
94370.6
94394.3
94849.2
95572.5
96167.2
96749.2
107923
107747
107643
107628
107772
108056
108482
108967
109344
109424
109036
108004
106318
104095
101650
99307.4
97283.1
95793.2
94845
94400.4
94438
94907.2
95636.1
96220.9
96737.7
108700
108477
108327
108306
108434
108699
109109
109591
109978
110052
109620
108531
106759
104424
101874
99439.2
97349
95830.1
94869.5
94427.1
94476.3
94959.5
95692.2
96268.7
96739.3
109419
109148
108975
108940
109047
109302
109702
110176
110559
110624
110163
109027
107173
104741
102083
99563.1
97415.6
95866.3
94892.7
94450.6
94509.3
95006.1
95744
96312.9
96750.1
110104
109791
109603
109557
109647
109893
110289
110758
111128
111175
110697
109519
107583
105059
102292
99686.2
97488.1
95905.8
94916.7
94472.7
94540.2
95051.3
95795.6
96358.4
96767.7
110695
110370
110170
110107
110182
110425
110815
111281
111636
111663
111170
109957
107959
105354
102496
99803.8
97563.1
95947.3
94940.8
94492.2
94566.1
95089.8
95840.5
96400.3
96789.2
111148
110823
110614
110535
110600
110836
111220
111681
112028
112042
111539
110294
108259
105595
102671
99903.5
97628.4
95984.4
94961.8
94507.6
94584.9
95117.4
95873.9
96433
96809.4
111497
111174
110956
110864
110919
111147
111527
111982
112326
112333
111826
110553
108495
105792
102808
99987.3
97684.8
96017
94980.5
94520.4
94598.6
95136.7
95898.2
96457.2
96826.8
111764
111442
111217
111113
111159
111379
111759
112207
112549
112554
112048
110754
108677
105951
102920
100058
97733.3
96045
94997
94531.3
94608.5
95150
95915.5
96474.2
96840.8
111967
111646
111412
111297
111335
111551
111931
112376
112716
112720
112217
110912
108818
106077
103013
100120
97774.9
96069.1
95011.5
94540.6
94615.7
95158.8
95927.2
96485.2
96851.3
112118
111796
111556
111433
111464
111675
112055
112502
112839
112844
112342
111034
108929
106176
103090
100172
97810.6
96089.8
95023.9
94548.3
94620.8
95164.1
95934.4
96491.6
96858.9
112229
111905
111660
111530
111557
111762
112142
112591
112928
112933
112431
111126
109016
106254
103154
100218
97841.4
96107.6
95034.5
94554.5
94624.2
95166.6
95938.1
96495.3
96864
112307
111981
111734
111599
111621
111822
112200
112651
112989
112994
112492
111194
109083
106316
103206
100258
97867.8
96123.2
95043.5
94559.2
94626.1
95167.1
95939.3
96497.1
96866.9
112359
112033
111783
111645
111664
111863
112238
112689
113028
113035
112534
111242
109133
106365
103249
100291
97890.4
96136.8
95051.1
94562.8
94626.8
95166
95939
96497.8
96868.1
112393
112066
111816
111676
111692
111888
112262
112713
113052
113062
112563
111276
109171
106403
103284
100320
97909.5
96148.7
95057.7
94565.4
94626.7
95164.2
95937.7
96497.7
96867.9
112415
112087
111836
111694
111709
111903
112275
112726
113066
113078
112581
111299
109197
106431
103312
100343
97925.9
96159.1
95063.3
94567.1
94625.8
95161.7
95935.7
96496.9
96867.1
112427
112100
111847
111705
111718
111910
112280
112732
113074
113093
112601
111326
109229
106465
103344
100370
97944.4
96169.6
95068.3
94568.2
94624
95158.4
95933.2
96495.8
96865.7
)
;

boundaryField
{
    inlet
    {
        type            zeroGradient;
    }
    outlet
    {
        type            waveTransmissive;
        phi             phi;
        rho             rho;
        psi             psi;
        gamma           1.3;
        fieldInf        100000;
        lInf            0.3;
        value           nonuniform List<scalar> 
57
(
92391.6
92412.4
92444.2
92493.3
92559.1
92641.5
92741.3
92859.1
92995.3
93150.4
93323.6
93514.6
93724.6
93945.4
94176.6
94413.6
94655.8
94885.6
95127.2
95384.1
95593.1
95788.2
95942.2
96083.5
96214.4
96337.2
96453.6
96559.9
96657.3
96750.3
96838.5
96920.5
96996.6
97066.7
97129.3
97181.5
97224.2
97261.8
97281.2
97298.9
97304.9
97294
97288
97288.6
97295.6
97307.2
97319.6
97331.5
97342.1
97350.6
97357.7
97362.9
97366.6
97368.6
97369.4
97369.4
97368.8
)
;
    }
    upperWall
    {
        type            zeroGradient;
    }
    lowerWall
    {
        type            zeroGradient;
    }
    frontAndBack
    {
        type            empty;
    }
}


// ************************************************************************* //
