/*--------------------------------*- C++ -*----------------------------------*\
| =========                 |                                                 |
| \\      /  F ield         | OpenFOAM: The Open Source CFD Toolbox           |
|  \\    /   O peration     | Version:  dev                                   |
|   \\  /    A nd           | Web:      http://www.openfoam.org               |
|    \\/     M anipulation  |                                                 |
\*---------------------------------------------------------------------------*/
FoamFile
{
    version     2.0;
    format      ascii;
    class       volScalarField;
    object      pMean;
    location    "9.135";
}
// * * * * * * * * * * * * * * * * * * * * * * * * * * * * * * * * * * * * * //

dimensions      [1 -1 -2 0 0 0 0];

internalField   nonuniform List<scalar> 
12225
(
98313
98293.2
98279.5
98272.5
98258.2
98248.8
98230.3
98220.7
98199.2
98190.5
98165.8
98158.9
98128
98121.7
98080.9
98041.2
97952
97586.1
98308.5
98292.1
98278.9
98271.9
98257.6
98248.2
98229.6
98220.2
98198.5
98190.1
98165.1
98158.4
98127.6
98119.7
98079.1
98045.2
97952.9
97791.8
98304.7
98290.6
98277.9
98270.6
98256.2
98246.7
98228.1
98218.8
98197.1
98188.6
98164.2
98156.4
98128.2
98116.3
98081.4
98046.2
97978.8
97890
98299.7
98287.6
98275.8
98268.1
98253.8
98244
98226
98216.2
98195.4
98185.9
98162.9
98153.3
98127.1
98114.1
98082.4
98054.6
98006.1
97937.2
98293
98283.2
98272.2
98264.1
98250.2
98239.9
98223
98212
98192.9
98181.6
98161.4
98148.7
98127.2
98110.9
98084.3
98060.1
98020.2
97987.5
98284.8
98277.1
98266.3
98258
98244.6
98234
98217.9
98206.3
98188.5
98176.3
98158.2
98144.6
98126.2
98109.2
98087.8
98062.5
98040.4
98020
98274.5
98268.1
98257.8
98249.3
98236.7
98225.6
98210.8
98198.2
98182.5
98168.9
98153.5
98138.5
98123.9
98106.4
98092.1
98071.1
98060.7
98045.8
98263.8
98258.1
98248.4
98239.7
98228
98216.5
98202.9
98189.7
98175.7
98161.4
98148.3
98132.6
98121.1
98103.8
98095
98077.2
98075.5
98060.5
98252.9
98247.5
98238.7
98229.7
98218.9
98207.1
98194.6
98181.1
98168.5
98153.9
98142.4
98126.9
98117.2
98101.2
98094.9
98080.8
98080.5
98068.5
98239.3
98233.8
98226.1
98217.1
98207.2
98195.4
98183.9
98170.4
98159.1
98144.5
98134.6
98119.7
98111.5
98097.1
98092.1
98080.3
98079.5
98071.3
98222.4
98216.9
98210.3
98201.5
98192.4
98180.9
98170.2
98157.2
98146.7
98133.1
98123.7
98110.6
98102.6
98091.1
98085.4
98076.9
98074.2
98069
98201.8
98196.1
98190.8
98182.4
98174
98163
98153.1
98140.8
98131.2
98118.6
98110
98098.5
98090.9
98081.7
98075.9
98069.6
98065.9
98062.3
98177
98171.7
98167.2
98159.6
98151.7
98141.7
98132.3
98121.4
98112.2
98101.5
98093.1
98083.8
98076.5
98069.3
98063.9
98059
98055.4
98052.7
98148.8
98143.9
98140
98133.4
98126.2
98117.3
98108.6
98099.1
98090.6
98081.6
98073.9
98066.3
98059.9
98054.2
98049.5
98045.7
98042.7
98040.7
98118.6
98114.9
98111.1
98105.7
98099.2
98091.6
98083.8
98075.7
98068.1
98060.6
98053.9
98047.8
98042.5
98037.9
98034.2
98031.3
98029.1
98027.6
98090.9
98088.1
98084.8
98080.2
98074.6
98068.1
98061.3
98054.4
98047.9
98041.7
98036.1
98031.1
98026.8
98023.3
98020.4
98018.2
98016.7
98015.8
98072.3
98070.3
98067.6
98063.7
98058.7
98053
98047.1
98041.2
98035.5
98030.2
98025.5
98021.3
98017.7
98014.8
98012.5
98010.8
98009.7
98009.1
98072.5
98070.9
98068.3
98064.6
98059.9
98054.5
98048.9
98043.4
98038
98033.1
98028.6
98024.7
98021.3
98018.5
98016.3
98014.6
98013.4
98012.6
98092.3
98090.4
98087.6
98083.6
98078.7
98073.1
98067.3
98061.5
98056
98050.7
98046
98041.7
98037.9
98034.7
98032.1
98029.9
98028.2
98027
98123.1
98120.9
98117.5
98113
98107.6
98101.5
98095.2
98088.8
98082.7
98076.9
98071.4
98066.5
98062.1
98058.3
98054.9
98052.1
98049.7
98047.7
98157.9
98155.3
98151.2
98146.1
98140
98133.3
98126.4
98119.4
98112.5
98106
98099.9
98094.2
98089.1
98084.4
98080.3
98076.7
98073.6
98070.9
98191.8
98188.7
98183.9
98178.1
98171.4
98164.1
98156.6
98149
98141.5
98134.3
98127.5
98121.1
98115.3
98109.9
98105.1
98100.7
98096.9
98093.5
98222
98218.4
98212.9
98206.3
98199.1
98191.4
98183.3
98175.2
98167.2
98159.4
98152
98145
98138.5
98132.6
98127.1
98122.1
98117.7
98113.6
98247.4
98243
98236.7
98229.6
98221.9
98213.8
98205.4
98196.9
98188.4
98180.2
98172.3
98164.9
98157.9
98151.4
98145.4
98139.9
98135
98130.4
98267.6
98262.4
98255.3
98247.6
98239.6
98231.3
98222.6
98213.8
98205
98196.5
98188.2
98180.4
98173
98166.1
98159.8
98153.9
98148.5
98143.6
98283.3
98277
98268.9
98260.7
98252.6
98244.1
98235.3
98226.3
98217.3
98208.5
98200
98191.9
98184.2
98177.1
98170.4
98164.3
98158.6
98153.4
98295.1
98287.3
98278.2
98269.7
98261.4
98252.9
98244
98235
98225.8
98216.9
98208.2
98199.9
98192.1
98184.7
98177.9
98171.5
98165.6
98160.3
98303.8
98294
98283.9
98275.3
98267
98258.5
98249.6
98240.5
98231.3
98222.3
98213.5
98205.1
98197.1
98189.7
98182.7
98176.2
98170.2
98164.7
98309.9
98297.8
98286.7
98278
98270
98261.6
98252.8
98243.7
98234.5
98225.4
98216.5
98208.1
98200
98192.5
98185.4
98178.9
98172.8
98167.2
98315.8
98300.3
98288.2
98279.4
98271.2
98262.9
98254.1
98245
98235.8
98226.7
98217.8
98209.3
98201.2
98193.6
98186.6
98180
98173.9
98168.3
98312.8
98312.5
98311.7
98310.5
98309
98307.2
98305
98302.3
98299.3
98295.9
98292
98287.7
98283.1
98278.2
98273
98267.5
98261.8
98255.9
98249.8
98243.5
98237.1
98230.5
98223.8
98217
98210.1
98203.1
98196.1
98189
98182
98174.9
98167.8
98160.7
98153.7
98146.7
98139.9
98133.1
98126.5
98120
98113.6
98107.5
98101.6
98095.9
98090.5
98085.4
98080.5
98076.1
98072
98068.3
98065
98062.1
98059.7
98057.8
98056.4
98055.6
98055.3
98055.7
98056.6
98058.2
98060.5
98063.5
98067.2
98071.5
98076.6
98082.5
98089
98096.3
98104.2
98112.9
98122.2
98132.2
98142.8
98154
98165.7
98178
98190.8
98204
98217.6
98231.6
98245.9
98260.5
98275.3
98290.4
98305.5
98320.7
98336
98351.3
98366.5
98381.5
98396.5
98411.2
98425.6
98439.7
98453.5
98466.9
98479.8
98492.2
98504.1
98515.4
98526.2
98536.3
98545.8
98554.7
98562.9
98570.5
98577.4
98583.7
98589.5
98594.6
98599.2
98603.3
98607
98610.1
98613
98615.4
98617.6
98619.5
98621.2
98622.6
98623.8
98624.9
98626
98627.1
98628.2
98629.5
98631.1
98633.1
98635.8
98639.2
98643.6
98649.2
98656.3
98665
98675.7
98688.6
98703.9
98721.9
98742.7
98766.5
98793.3
98823.1
98856.1
98892
98930.8
98972.3
99016.6
99063.2
99112.1
99162.8
99215.4
99269.5
99325
99381.3
99438.3
99495.6
99552.8
99609.4
99664.8
99718.5
99769.5
99817.3
99860.8
99899.1
99931.1
99956.2
99972.9
99980.4
99977.8
99964.8
99940.7
99906.1
99860.7
99805.9
99742
99671.3
99594.4
99513.9
99429.4
99344.7
99258
99174.8
98305.9
98305.5
98304.7
98303.6
98302
98300.2
98297.9
98295.3
98292.3
98288.9
98285.1
98281
98276.5
98271.7
98266.6
98261.3
98255.8
98250
98244.1
98238
98231.8
98225.4
98218.9
98212.2
98205.5
98198.7
98191.8
98184.9
98178
98171.1
98164.1
98157.2
98150.3
98143.5
98136.8
98130.2
98123.7
98117.4
98111.2
98105.2
98099.4
98093.8
98088.5
98083.4
98078.7
98074.3
98070.3
98066.6
98063.3
98060.5
98058.1
98056.2
98054.8
98053.9
98053.6
98053.9
98054.9
98056.4
98058.6
98061.5
98065.1
98069.4
98074.3
98080
98086.4
98093.5
98101.4
98109.8
98119
98128.8
98139.2
98150.2
98161.7
98173.8
98186.4
98199.4
98212.8
98226.5
98240.6
98255
98269.6
98284.3
98299.2
98314.2
98329.2
98344.2
98359.1
98373.9
98388.5
98402.9
98417.1
98430.9
98444.4
98457.4
98470.1
98482.2
98493.8
98504.9
98515.4
98525.3
98534.6
98543.2
98551.2
98558.6
98565.4
98571.5
98577.1
98582.1
98586.6
98590.6
98594.1
98597.2
98600
98602.4
98604.5
98606.3
98607.9
98609.3
98610.5
98611.5
98612.5
98613.5
98614.5
98615.7
98617.1
98618.9
98621.4
98624.5
98628.6
98633.9
98640.5
98648.8
98659
98671.3
98686.1
98703.4
98723.5
98746.5
98772.4
98801.3
98833.4
98868.3
98906
98946.5
98989.7
99035.1
99082.8
99132.3
99183.8
99236.7
99291
99346.2
99402.1
99458.4
99514.6
99570.1
99624.6
99677.5
99727.8
99775
99818.1
99856.1
99888
99913.2
99930.3
99938.4
99936.6
99924.6
99901.9
99868.7
99825
99771.9
99709.8
99640.9
99565.7
99487
99404.1
99320.9
99235.2
99150.2
98293.2
98292.8
98292
98290.8
98289.2
98287.3
98285
98282.3
98279.3
98275.9
98272.2
98268.1
98263.8
98259.2
98254.4
98249.3
98244.1
98238.7
98233.1
98227.4
98221.5
98215.5
98209.4
98203.1
98196.8
98190.3
98183.8
98177.2
98170.5
98163.9
98157.2
98150.6
98144
98137.4
98131
98124.6
98118.3
98112.2
98106.3
98100.5
98094.9
98089.5
98084.3
98079.4
98074.8
98070.6
98066.6
98063
98059.8
98057
98054.7
98052.8
98051.3
98050.4
98050
98050.2
98051
98052.4
98054.5
98057.2
98060.6
98064.7
98069.5
98074.9
98081
98087.9
98095.4
98103.6
98112.4
98121.9
98131.9
98142.6
98153.8
98165.5
98177.6
98190.2
98203.2
98216.5
98230.1
98244
98258.1
98272.4
98286.8
98301.3
98315.8
98330.3
98344.6
98358.9
98373
98386.9
98400.5
98413.7
98426.7
98439.2
98451.2
98462.8
98473.9
98484.4
98494.4
98503.8
98512.7
98520.9
98528.5
98535.5
98541.9
98547.8
98553
98557.8
98562
98565.8
98569.2
98572.1
98574.7
98577
98579
98580.7
98582.2
98583.4
98584.4
98585.3
98586.1
98586.8
98587.6
98588.5
98589.6
98591
98592.9
98595.5
98599
98603.5
98609.4
98616.7
98625.9
98637.1
98650.6
98666.6
98685.2
98706.6
98730.9
98758
98788.1
98821
98856.6
98894.9
98935.9
98979
99024.4
99071.6
99120.6
99171.3
99223.2
99276.1
99329.8
99383.9
99437.9
99491.4
99544
99595.2
99643.9
99689.7
99731.7
99768.9
99800.3
99825.4
99842.9
99851.7
99851.2
99841.1
99820.7
99790.2
99749.5
99699.8
99641.3
99576.1
99504.5
99429.2
99349.8
99269.8
99186.9
99103.1
98275.7
98275.4
98274.6
98273.4
98271.8
98269.8
98267.5
98264.8
98261.8
98258.5
98254.9
98251
98246.8
98242.5
98237.9
98233.2
98228.3
98223.3
98218.1
98212.8
98207.4
98201.9
98196.2
98190.4
98184.6
98178.6
98172.5
98166.4
98160.2
98154.1
98147.9
98141.7
98135.5
98129.3
98123.2
98117.2
98111.3
98105.5
98099.9
98094.4
98089
98083.8
98078.9
98074.2
98069.8
98065.6
98061.8
98058.3
98055.2
98052.5
98050.1
98048.2
98046.7
98045.8
98045.3
98045.4
98046
98047.3
98049.2
98051.6
98054.8
98058.5
98063
98068.1
98073.8
98080.3
98087.4
98095.1
98103.5
98112.5
98122.1
98132.2
98142.9
98154
98165.6
98177.6
98190
98202.7
98215.7
98228.9
98242.4
98256
98269.7
98283.5
98297.3
98311
98324.6
98338.2
98351.5
98364.6
98377.5
98390
98402.1
98413.9
98425.2
98436
98446.4
98456.2
98465.5
98474.2
98482.4
98490
98497
98503.5
98509.4
98514.8
98519.7
98524.1
98528
98531.5
98534.5
98537.2
98539.7
98541.8
98543.5
98545.1
98546.3
98547.3
98548.2
98548.8
98549.4
98549.8
98550.2
98550.6
98551.1
98552
98553.2
98555
98557.5
98561.1
98565.8
98571.8
98579.6
98589.2
98601
98615.1
98631.6
98650.9
98672.8
98697.4
98724.8
98754.9
98787.7
98823
98860.9
98900.9
98943.1
98987.1
99033
99080.4
99129.2
99179
99229.6
99280.8
99331.9
99382.7
99432.7
99481.4
99528
99571.9
99612.2
99648.3
99678.8
99703.5
99721.2
99730.8
99731.7
99723.6
99705.9
99678.8
99641.9
99596.6
99542.6
99482.3
99415.5
99345.1
99270.3
99194.9
99116.2
99036.2
98254.5
98254.2
98253.5
98252.4
98250.8
98248.9
98246.6
98244
98241.1
98237.9
98234.4
98230.7
98226.7
98222.6
98218.4
98214
98209.4
98204.8
98200.1
98195.2
98190.3
98185.3
98180.1
98174.8
98169.5
98164.1
98158.6
98153
98147.4
98141.8
98136.2
98130.5
98124.9
98119.3
98113.7
98108.2
98102.8
98097.4
98092.2
98087
98082
98077.2
98072.5
98068.1
98063.9
98059.9
98056.3
98052.9
98049.9
98047.2
98044.9
98043
98041.5
98040.4
98039.9
98039.8
98040.3
98041.3
98042.9
98045.1
98047.9
98051.3
98055.3
98060
98065.3
98071.2
98077.8
98085
98092.8
98101.2
98110.1
98119.6
98129.6
98140.1
98151
98162.2
98173.8
98185.8
98197.9
98210.4
98223
98235.7
98248.5
98261.4
98274.3
98287.1
98299.8
98312.4
98324.8
98337
98348.9
98360.5
98371.7
98382.5
98392.9
98402.8
98412.3
98421.2
98429.6
98437.5
98444.9
98451.8
98458.1
98463.9
98469.3
98474.1
98478.4
98482.3
98485.8
98488.9
98491.6
98494
98496.2
98498
98499.5
98500.8
98501.8
98502.5
98503.1
98503.4
98503.6
98503.6
98503.5
98503.3
98503.3
98503.4
98503.8
98504.6
98506
98508.2
98511.5
98516
98522
98529.7
98539.4
98551.2
98565.3
98581.8
98600.9
98622.5
98646.7
98673.5
98702.8
98734.5
98768.7
98805
98843.3
98883.6
98925.6
98969.2
99014.2
99060.3
99107.3
99154.9
99202.5
99250
99296.8
99342.5
99386.5
99428
99466.3
99500.7
99530.1
99554.2
99571.9
99582.1
99584.4
99578.5
99563.7
99540.3
99507.9
99467.5
99419
99364.4
99303.3
99238.9
99169.9
99100.1
99026.8
98952.2
98231.1
98230.9
98230.2
98229.2
98227.7
98225.9
98223.8
98221.4
98218.6
98215.6
98212.3
98208.8
98205.1
98201.2
98197.3
98193.2
98189
98184.7
98180.4
98175.9
98171.4
98166.9
98162.2
98157.5
98152.7
98147.8
98142.9
98137.9
98133
98127.9
98122.9
98117.9
98112.8
98107.8
98102.8
98097.9
98093
98088.1
98083.4
98078.7
98074.2
98069.7
98065.4
98061.3
98057.4
98053.7
98050.2
98047.1
98044.2
98041.6
98039.3
98037.4
98035.9
98034.7
98034
98033.8
98034.1
98034.9
98036.2
98038
98040.4
98043.4
98046.9
98051.1
98055.8
98061.2
98067.2
98073.7
98080.8
98088.5
98096.7
98105.5
98114.7
98124.3
98134.4
98144.8
98155.5
98166.5
98177.8
98189.2
98200.8
98212.5
98224.3
98236.2
98248
98259.8
98271.4
98282.9
98294.3
98305.4
98316.2
98326.7
98336.8
98346.6
98355.9
98364.8
98373.2
98381.2
98388.7
98395.7
98402.2
98408.2
98413.7
98418.7
98423.4
98427.5
98431.3
98434.6
98437.6
98440.3
98442.6
98444.6
98446.4
98447.9
98449
98450
98450.6
98451
98451.2
98451.2
98450.8
98450.3
98449.7
98448.9
98448.1
98447.4
98446.8
98446.4
98446.5
98447.4
98449.1
98451.8
98455.8
98461.4
98468.6
98477.8
98489.1
98502.7
98518.6
98536.8
98557.5
98580.5
98606
98633.7
98663.8
98696
98730.1
98766.2
98804
98843.4
98884.3
98926.3
98969.1
99012.7
99056.5
99100.3
99143.6
99185.9
99226.8
99265.6
99301.5
99334
99361.9
99385
99402.4
99413.1
99416.7
99412.9
99401.2
99381.7
99353.8
99318.7
99275.8
99227.4
99172.7
99114.9
99052.5
98989.2
98922.3
98854.3
98206.6
98206.5
98205.9
98205
98203.7
98202.1
98200.2
98197.9
98195.4
98192.6
98189.6
98186.3
98182.9
98179.4
98175.7
98172
98168.1
98164.2
98160.2
98156.2
98152.1
98147.9
98143.8
98139.5
98135.2
98130.9
98126.6
98122.2
98117.8
98113.4
98108.9
98104.5
98100
98095.6
98091.2
98086.8
98082.5
98078.2
98073.9
98069.7
98065.6
98061.6
98057.7
98053.9
98050.3
98046.9
98043.7
98040.7
98037.9
98035.4
98033.2
98031.4
98029.8
98028.6
98027.8
98027.4
98027.4
98028
98028.9
98030.4
98032.4
98034.9
98038
98041.6
98045.8
98050.5
98055.8
98061.6
98068
98074.9
98082.3
98090.2
98098.5
98107.3
98116.4
98125.8
98135.6
98145.6
98155.8
98166.2
98176.7
98187.4
98198
98208.7
98219.4
98230
98240.5
98250.8
98260.9
98270.9
98280.5
98289.8
98298.8
98307.4
98315.6
98323.4
98330.7
98337.6
98344.1
98350.1
98355.7
98360.8
98365.5
98369.7
98373.5
98377
98380.1
98382.8
98385.2
98387.4
98389.2
98390.8
98392.1
98393.2
98393.9
98394.5
98394.7
98394.7
98394.5
98394
98393.1
98392.1
98390.8
98389.3
98387.6
98385.9
98384.2
98382.7
98381.4
98380.6
98380.6
98381.5
98383.4
98386.6
98391.3
98397.8
98406.2
98416.6
98429
98443.7
98460.6
98479.8
98501.3
98524.8
98550.6
98578.5
98608.2
98640
98673.4
98708.4
98744.9
98782.6
98821.1
98860.4
98900.1
98940
98979.6
99018.3
99055.7
99091.5
99124.7
99154.8
99180.9
99202.8
99219.5
99230.4
99235
99233.3
99224.4
99208.6
99185.1
99155.3
99118.2
99076.1
99028.1
98977.3
98921.8
98865.6
98805.7
98744.9
98182.4
98182.3
98181.9
98181.1
98180
98178.6
98176.9
98175
98172.7
98170.2
98167.5
98164.6
98161.5
98158.3
98154.9
98151.5
98148
98144.4
98140.8
98137.1
98133.4
98129.7
98125.9
98122.1
98118.3
98114.5
98110.7
98106.8
98103
98099.1
98095.2
98091.3
98087.4
98083.5
98079.6
98075.8
98072
98068.2
98064.4
98060.6
98056.9
98053.3
98049.8
98046.3
98043
98039.9
98036.9
98034.1
98031.5
98029.1
98026.9
98025.1
98023.5
98022.2
98021.3
98020.7
98020.5
98020.8
98021.5
98022.6
98024.2
98026.2
98028.8
98031.8
98035.4
98039.5
98044.1
98049.2
98054.8
98060.9
98067.5
98074.5
98081.9
98089.7
98097.8
98106.3
98115
98123.9
98133.1
98142.4
98151.8
98161.2
98170.7
98180.2
98189.7
98199.1
98208.3
98217.4
98226.3
98234.9
98243.3
98251.4
98259.2
98266.6
98273.6
98280.2
98286.4
98292.2
98297.6
98302.6
98307.3
98311.5
98315.3
98318.7
98321.7
98324.4
98326.8
98328.9
98330.7
98332.3
98333.6
98334.7
98335.4
98336
98336.3
98336.4
98336.2
98335.7
98334.9
98333.9
98332.5
98330.8
98328.8
98326.5
98323.9
98321.1
98318.3
98315.5
98312.8
98310.5
98308.6
98307.6
98307.2
98308.1
98310.2
98313.9
98319.3
98326.5
98335.6
98346.6
98359.8
98375.1
98392.5
98412
98433.4
98456.9
98482.2
98509.7
98538.7
98569.2
98601.3
98634.6
98668.8
98703.8
98739.4
98775.4
98811
98846
98879.8
98912.1
98942.4
98969.9
98993.7
99014
99029.7
99040.5
99045.9
99045.8
99039.3
99026.9
99007.5
98982.6
98951.1
98915.2
98873.9
98830.2
98781.7
98732.9
98680.2
98627.1
98159.6
98159.6
98159.3
98158.6
98157.7
98156.5
98155
98153.3
98151.4
98149.2
98146.8
98144.2
98141.5
98138.6
98135.6
98132.5
98129.4
98126.2
98122.9
98119.6
98116.3
98113
98109.6
98106.3
98102.9
98099.5
98096.2
98092.8
98089.4
98085.9
98082.5
98079.1
98075.7
98072.3
98068.9
98065.5
98062.1
98058.7
98055.3
98052
98048.7
98045.4
98042.2
98039
98036
98033
98030.3
98027.6
98025.1
98022.8
98020.7
98018.8
98017.2
98015.8
98014.8
98014
98013.6
98013.6
98014
98014.8
98015.9
98017.5
98019.6
98022.1
98025.1
98028.5
98032.4
98036.8
98041.7
98047
98052.7
98058.8
98065.3
98072.2
98079.4
98086.8
98094.5
98102.4
98110.4
98118.6
98126.9
98135.2
98143.5
98151.8
98160
98168.1
98176.1
98183.9
98191.5
98198.9
98206
98212.9
98219.4
98225.6
98231.4
98236.9
98241.9
98246.6
98250.9
98254.9
98258.5
98261.8
98264.7
98267.2
98269.5
98271.4
98273.1
98274.5
98275.7
98276.6
98277.4
98277.9
98278.1
98278.2
98277.9
98277.5
98276.7
98275.7
98274.3
98272.7
98270.6
98268.3
98265.5
98262.3
98258.7
98254.9
98250.9
98246.8
98242.8
98238.9
98235.3
98232.2
98229.7
98228.3
98227.9
98228.8
98231.2
98235.2
98241
98248.6
98258
98269.6
98283.1
98298.6
98315.8
98335.1
98356.2
98379.4
98404.1
98430.4
98458.1
98487.1
98517
98547.9
98579.3
98611.3
98642.9
98674
98704.1
98732.9
98759.9
98784.7
98806
98824.2
98838.5
98848.8
98854.4
98855.4
98850.8
98841.2
98825.5
98805.1
98778.7
98748.8
98714
98677.1
98635.7
98594.2
98548.8
98503.6
98138.9
98139
98138.8
98138.3
98137.5
98136.6
98135.4
98133.9
98132.3
98130.4
98128.3
98126.1
98123.7
98121.2
98118.6
98115.9
98113.1
98110.2
98107.4
98104.5
98101.5
98098.6
98095.6
98092.7
98089.7
98086.7
98083.8
98080.7
98077.7
98074.7
98071.7
98068.6
98065.6
98062.6
98059.6
98056.6
98053.5
98050.5
98047.4
98044.4
98041.4
98038.3
98035.4
98032.5
98029.6
98026.9
98024.2
98021.7
98019.2
98017
98014.9
98013
98011.3
98009.8
98008.6
98007.7
98007.1
98006.8
98006.9
98007.3
98008.1
98009.3
98010.9
98012.9
98015.3
98018.2
98021.4
98025.1
98029.3
98033.8
98038.7
98044
98049.6
98055.6
98061.8
98068.3
98075
98081.8
98088.8
98095.9
98103
98110.2
98117.3
98124.4
98131.4
98138.3
98145.1
98151.7
98158
98164.2
98170
98175.6
98180.9
98185.9
98190.5
98194.8
98198.7
98202.3
98205.5
98208.4
98211
98213.4
98215.4
98217.1
98218.5
98219.7
98220.6
98221.3
98221.8
98222.1
98222.2
98222
98221.7
98221.2
98220.4
98219.3
98218
98216.3
98214.3
98211.9
98209.2
98206
98202.4
98198.3
98193.8
98188.9
98183.8
98178.5
98173.1
98167.7
98162.4
98157.5
98153
98149.3
98146.5
98144.8
98144.4
98145.4
98147.9
98152.2
98158.2
98166.2
98175.9
98187.7
98201.1
98216.5
98233.6
98252.7
98273.4
98295.6
98319.1
98344
98369.8
98396.7
98424.1
98452
98479.6
98506.9
98533.3
98558.5
98582
98603.8
98622.5
98638.4
98650.8
98660
98665.1
98666.6
98663.4
98655.9
98643.3
98626.8
98605.1
98580.7
98552
98521.5
98486.8
98452.5
98414.2
98376.8
98121.1
98121.2
98121.1
98120.7
98120.1
98119.4
98118.4
98117.2
98115.8
98114.3
98112.6
98110.7
98108.7
98106.5
98104.3
98101.9
98099.5
98097.1
98094.6
98092.1
98089.5
98087
98084.4
98081.8
98079.2
98076.6
98073.9
98071.2
98068.6
98065.9
98063.2
98060.5
98057.7
98055
98052.3
98049.5
98046.8
98044
98041.1
98038.3
98035.5
98032.7
98029.8
98027.1
98024.4
98021.7
98019.1
98016.6
98014.2
98012
98009.8
98007.9
98006.1
98004.5
98003.2
98002.1
98001.3
98000.7
98000.5
98000.6
98001.1
98001.9
98003.1
98004.6
98006.5
98008.8
98011.5
98014.6
98018
98021.8
98026
98030.5
98035.3
98040.4
98045.8
98051.3
98057.1
98062.9
98068.9
98075
98081
98087.1
98093.2
98099.1
98105
98110.7
98116.3
98121.7
98126.8
98131.7
98136.4
98140.8
98144.9
98148.7
98152.1
98155.3
98158.1
98160.5
98162.7
98164.6
98166.2
98167.5
98168.6
98169.4
98170
98170.4
98170.5
98170.4
98170.2
98169.8
98169.2
98168.4
98167.4
98166.2
98164.8
98163.1
98161.1
98158.7
98156
98152.9
98149.3
98145.3
98140.9
98135.9
98130.5
98124.6
98118.4
98111.9
98105.2
98098.4
98091.5
98084.9
98078.6
98072.8
98067.8
98063.7
98060.7
98059
98058.6
98059.8
98062.6
98067.2
98073.6
98081.9
98091.8
98103.6
98117.1
98132.6
98149.5
98168
98187.7
98208.7
98230.7
98253.5
98277.2
98301.1
98324.8
98348.4
98370.9
98392.4
98412.5
98431
98446.9
98460
98470.2
98477.6
98481.7
98483
98480.4
98474.5
98464.4
98451.2
98433.5
98414
98390.8
98366.2
98337.7
98310.2
98278.9
98248.9
98106.4
98106.6
98106.5
98106.3
98105.9
98105.3
98104.6
98103.6
98102.5
98101.3
98099.9
98098.4
98096.7
98094.9
98093.1
98091.1
98089.1
98087.1
98085
98082.8
98080.7
98078.5
98076.2
98074
98071.7
98069.4
98067
98064.7
98062.3
98059.8
98057.4
98054.9
98052.4
98049.9
98047.3
98044.8
98042.1
98039.5
98036.8
98034.1
98031.4
98028.6
98025.9
98023.2
98020.5
98017.9
98015.3
98012.8
98010.4
98008.1
98005.9
98003.8
98001.9
98000.2
97998.7
97997.5
97996.5
97995.7
97995.2
97995.1
97995.2
97995.7
97996.5
97997.6
97999.1
98000.9
98003
98005.6
98008.4
98011.6
98015.1
98018.9
98023
98027.3
98031.8
98036.5
98041.4
98046.4
98051.4
98056.5
98061.6
98066.7
98071.7
98076.6
98081.4
98086
98090.5
98094.7
98098.8
98102.5
98106
98109.3
98112.2
98114.9
98117.2
98119.2
98121
98122.4
98123.5
98124.3
98124.9
98125.3
98125.5
98125.4
98125.1
98124.6
98123.9
98123.1
98122.1
98120.9
98119.5
98118
98116.3
98114.4
98112.2
98109.8
98107
98103.9
98100.4
98096.5
98092.2
98087.4
98082.1
98076.2
98069.9
98063.1
98055.9
98048.2
98040.3
98032.2
98024
98015.8
98007.9
98000.3
97993.3
97987
97981.7
97977.4
97974.5
97973
97973
97974.7
97978.1
97983.2
97990.1
97998.7
98009
98021.2
98034.8
98050
98066.1
98083.6
98102
98121.2
98141.2
98161.3
98181.3
98201.1
98219.9
98237.5
98254
98268.9
98281.8
98292.1
98299.6
98304.9
98307.3
98307.5
98304.9
98300
98291.7
98281.2
98267
98251.6
98233
98213.8
98191.1
98169.9
98144.9
98122.1
98095
98095.2
98095.2
98095.1
98094.8
98094.4
98093.9
98093.2
98092.4
98091.4
98090.3
98089.1
98087.9
98086.5
98085
98083.5
98081.9
98080.2
98078.5
98076.8
98075
98073.2
98071.3
98069.4
98067.4
98065.4
98063.3
98061.1
98058.9
98056.7
98054.4
98052.1
98049.7
98047.3
98044.9
98042.4
98039.9
98037.3
98034.6
98031.9
98029.2
98026.5
98023.8
98021
98018.3
98015.7
98013
98010.4
98007.9
98005.5
98003.2
98001.1
97999
97997.2
97995.5
97994.1
97992.9
97991.9
97991.2
97990.8
97990.7
97990.8
97991.3
97992.1
97993.2
97994.6
97996.3
97998.3
98000.7
98003.3
98006.2
98009.4
98012.8
98016.5
98020.3
98024.3
98028.3
98032.5
98036.7
98041
98045.2
98049.3
98053.4
98057.4
98061.2
98064.8
98068.2
98071.4
98074.4
98077.1
98079.5
98081.7
98083.5
98085.1
98086.3
98087.3
98088
98088.4
98088.5
98088.3
98087.9
98087.3
98086.5
98085.5
98084.4
98083
98081.5
98079.8
98078
98076
98073.8
98071.5
98069.1
98066.4
98063.4
98060.2
98056.6
98052.7
98048.4
98043.8
98038.6
98033
98026.9
98020.2
98013
98005.3
97997.1
97988.5
97979.5
97970.3
97960.8
97951.3
97941.9
97932.7
97924
97915.8
97908.5
97902.1
97896.9
97893.1
97890.7
97889.9
97890.7
97893.2
97897.4
97903.2
97910.7
97919.9
97930.5
97942.6
97955.7
97970
97985
98000.9
98017.4
98034.1
98050.5
98066.7
98081.6
98095.4
98108.2
98119.4
98129
98136.2
98140.9
98143.8
98144
98142.6
98139.4
98134.7
98127.5
98118.9
98107.5
98095.5
98080.8
98066.4
98048.8
98033.4
98014.2
97998.2
98086.5
98086.8
98086.9
98086.8
98086.7
98086.5
98086.2
98085.8
98085.2
98084.6
98083.9
98083.1
98082.2
98081.2
98080.1
98079
98077.9
98076.6
98075.4
98074
98072.6
98071.1
98069.6
98068
98066.2
98064.4
98062.6
98060.6
98058.6
98056.5
98054.3
98052.1
98049.8
98047.4
98045
98042.5
98039.9
98037.3
98034.6
98031.9
98029.1
98026.3
98023.5
98020.7
98017.9
98015.1
98012.3
98009.6
98007
98004.4
98002
97999.7
97997.5
97995.5
97993.7
97992.1
97990.7
97989.5
97988.6
97988
97987.6
97987.6
97987.8
97988.3
97989
97990.1
97991.5
97993.1
97995
97997.2
97999.6
98002.3
98005.2
98008.2
98011.4
98014.8
98018.2
98021.6
98025.1
98028.6
98032
98035.4
98038.6
98041.7
98044.6
98047.3
98049.8
98052
98054
98055.7
98057.1
98058.3
98059.1
98059.7
98059.9
98059.9
98059.6
98059
98058.1
98056.9
98055.6
98054.1
98052.3
98050.4
98048.3
98046.1
98043.7
98041.2
98038.5
98035.7
98032.7
98029.5
98026.2
98022.6
98018.8
98014.8
98010.4
98005.7
98000.6
97995.1
97989.1
97982.7
97975.7
97968.2
97960.3
97951.8
97942.7
97933.2
97923.4
97913.2
97902.7
97892.1
97881.5
97871
97860.7
97851
97841.9
97833.8
97826.8
97821
97816.5
97813.6
97812.2
97812.5
97814.3
97817.8
97822.8
97829.3
97837.3
97846.6
97856.9
97868.4
97880.5
97893.4
97906.6
97919.8
97932.8
97945.4
97956.6
97966.8
97975.7
97983.3
97989.3
97993.2
97994.9
97995.3
97993.2
97989.8
97985.3
97980.1
97973.4
97966.2
97956.9
97947.6
97936.1
97925.8
97912.7
97902.4
97888.4
97878.6
98080.6
98080.8
98081
98081.1
98081.1
98081.1
98081
98080.8
98080.6
98080.3
98080
98079.6
98079.1
98078.6
98078.1
98077.4
98076.7
98076
98075.1
98074.2
98073.1
98072
98070.8
98069.4
98067.9
98066.4
98064.7
98062.9
98061
98058.9
98056.8
98054.6
98052.3
98049.9
98047.4
98044.8
98042.2
98039.5
98036.7
98033.8
98030.9
98028
98025
98022
98019
98016.1
98013.1
98010.3
98007.5
98004.8
98002.2
97999.7
97997.4
97995.2
97993.3
97991.5
97990
97988.6
97987.6
97986.7
97986.2
97985.9
97985.9
97986.2
97986.7
97987.5
97988.6
97989.9
97991.5
97993.3
97995.3
97997.6
98000
98002.6
98005.3
98008.1
98010.9
98013.8
98016.6
98019.4
98022.2
98024.8
98027.3
98029.6
98031.7
98033.6
98035.2
98036.6
98037.7
98038.5
98039
98039.2
98039.1
98038.8
98038.1
98037.1
98035.8
98034.3
98032.4
98030.3
98028
98025.6
98022.9
98020.1
98017.1
98014
98010.8
98007.4
98003.8
98000.1
97996.2
97992.2
97988
97983.5
97978.8
97973.9
97968.7
97963.1
97957.2
97950.9
97944.1
97936.9
97929.2
97920.9
97912.3
97903.1
97893.4
97883.1
97872.5
97861.5
97850.2
97838.7
97827.1
97815.5
97804
97793
97782.6
97773.2
97764.6
97757.1
97751
97746.3
97743.1
97741.5
97741.3
97742.7
97745.4
97749.8
97755.4
97762.1
97770.1
97779.1
97788.6
97798.5
97808.6
97818.6
97828.3
97837.4
97845.1
97851.6
97856.7
97860.6
97862.9
97863.4
97862.1
97859.8
97855.2
97849.8
97843.6
97837.4
97830.6
97824.1
97816.1
97808.9
97800.2
97793.3
97783.9
97778.1
97768.7
97764.4
98076.2
98076.5
98076.8
98076.9
98077.1
98077.3
98077.4
98077.6
98077.8
98078
98078.2
98078.4
98078.5
98078.5
98078.5
98078.4
98078.2
98077.9
98077.4
98076.9
98076.2
98075.4
98074.4
98073.3
98072.1
98070.6
98069.1
98067.4
98065.5
98063.5
98061.4
98059.2
98056.8
98054.3
98051.7
98049.1
98046.3
98043.4
98040.4
98037.4
98034.3
98031.2
98028
98024.9
98021.7
98018.5
98015.4
98012.4
98009.4
98006.5
98003.8
98001.1
97998.6
97996.3
97994.2
97992.3
97990.7
97989.2
97988
97987
97986.3
97985.9
97985.7
97985.8
97986.1
97986.7
97987.6
97988.7
97990
97991.5
97993.3
97995.2
97997.3
97999.4
98001.7
98004.1
98006.4
98008.8
98011.1
98013.4
98015.5
98017.5
98019.3
98020.9
98022.3
98023.5
98024.4
98025
98025.3
98025.3
98024.9
98024.3
98023.4
98022.1
98020.6
98018.7
98016.6
98014.1
98011.4
98008.4
98005.2
98001.8
97998.3
97994.6
97990.8
97986.8
97982.6
97978.3
97973.9
97969.3
97964.5
97959.6
97954.5
97949.1
97943.5
97937.8
97931.7
97925.3
97918.6
97911.5
97903.9
97895.9
97887.5
97878.7
97869.4
97859.5
97849.2
97838.4
97827.2
97815.6
97803.6
97791.4
97779
97766.6
97754.2
97742.2
97730.9
97720.3
97710.4
97701.7
97694.2
97688.1
97683.3
97680
97678.1
97677.7
97678.7
97681.1
97684.6
97689.3
97695
97701.7
97708.8
97716
97723.1
97730
97736.6
97742.3
97746.6
97749.7
97751
97751.2
97749.8
97746.8
97742.4
97737.2
97730.2
97722.5
97714.5
97707.1
97699.7
97693.3
97686.1
97680.5
97673.7
97669.6
97663.3
97661.5
97656.2
97656.8
98072.5
98072.7
98072.9
98073.1
98073.3
98073.8
98074.4
98075.2
98076.1
98077
98077.9
98078.7
98079.5
98080.2
98080.8
98081.2
98081.5
98081.6
98081.6
98081.4
98081.1
98080.5
98079.8
98078.9
98077.8
98076.5
98075.1
98073.4
98071.6
98069.6
98067.4
98065.1
98062.7
98060.1
98057.4
98054.6
98051.6
98048.6
98045.5
98042.3
98039
98035.6
98032.3
98028.9
98025.5
98022.2
98018.9
98015.7
98012.5
98009.5
98006.5
98003.8
98001.2
97998.7
97996.5
97994.5
97992.7
97991.1
97989.8
97988.8
97988
97987.4
97987.1
97987
97987.3
97987.7
97988.4
97989.3
97990.5
97991.8
97993.3
97995
97996.7
97998.6
98000.5
98002.5
98004.5
98006.4
98008.3
98010
98011.6
98013.1
98014.3
98015.4
98016.1
98016.6
98016.8
98016.7
98016.3
98015.6
98014.5
98013.1
98011.4
98009.3
98007
98004.3
98001.4
97998.1
97994.5
97990.7
97986.7
97982.5
97978
97973.5
97968.8
97964
97959
97953.8
97948.5
97943
97937.4
97931.6
97925.6
97919.3
97912.9
97906.3
97899.4
97892.2
97884.7
97876.9
97868.6
97860
97851
97841.5
97831.7
97821.3
97810.5
97799.2
97787.6
97775.5
97763
97750.2
97737.2
97724.2
97711.2
97698.6
97686.5
97675
97664.1
97654.4
97645.8
97638.4
97632.2
97627.6
97624.3
97622.4
97621.9
97622.6
97624.2
97627
97630.8
97635.3
97640.3
97644.9
97649.1
97653
97656.6
97659.2
97660.3
97660.1
97657.8
97654.2
97649.1
97642.7
97635.1
97626.9
97617.5
97607.6
97597.8
97589
97580.7
97574
97567.2
97562.6
97557.4
97555.4
97551.6
97553.3
97551.5
97556.5
98067.6
98067.6
98067.7
98068
98068.7
98070
98071.4
98073.2
98075
98076.8
98078.6
98080.2
98081.8
98083.2
98084.4
98085.3
98086.1
98086.7
98087
98087.1
98087.1
98086.7
98086.2
98085.5
98084.5
98083.3
98081.9
98080.3
98078.5
98076.5
98074.3
98071.9
98069.4
98066.7
98063.9
98060.9
98057.8
98054.6
98051.3
98047.9
98044.4
98040.9
98037.4
98033.8
98030.2
98026.7
98023.3
98019.9
98016.6
98013.4
98010.3
98007.5
98004.7
98002.2
97999.9
97997.8
97995.9
97994.3
97992.9
97991.7
97990.8
97990.2
97989.8
97989.7
97989.8
97990.2
97990.8
97991.6
97992.6
97993.7
97995.1
97996.5
97998.1
97999.7
98001.3
98003
98004.6
98006.1
98007.5
98008.9
98010
98011
98011.7
98012.2
98012.4
98012.3
98012
98011.2
98010.2
98008.8
98007
98004.9
98002.5
97999.7
97996.6
97993.1
97989.4
97985.4
97981.1
97976.5
97971.7
97966.7
97961.5
97956.1
97950.6
97945
97939.1
97933.2
97927.1
97920.8
97914.3
97907.7
97900.8
97893.8
97886.6
97879.1
97871.5
97863.5
97855.3
97846.8
97837.9
97828.7
97819.2
97809.3
97798.9
97788.1
97777
97765.4
97753.4
97740.9
97728
97714.8
97701.4
97688
97674.6
97661.6
97649
97636.7
97625.2
97614.6
97605
97596.5
97589.2
97583.4
97578.9
97575.8
97573.9
97573.1
97573.3
97574.4
97576.4
97579
97581.8
97584.1
97585.9
97587
97587.5
97587.2
97585.4
97581.9
97576
97568.8
97560.2
97550.5
97539.6
97528.3
97516.5
97504.6
97493
97482.8
97473.3
97466.2
97459.5
97455.7
97451.4
97451.1
97449.5
97454.1
97455.3
97464.1
98060.5
98060.3
98060
98061
98062.6
98065.3
98067.9
98071
98073.9
98076.8
98079.4
98081.9
98084.1
98086.1
98087.7
98089.2
98090.3
98091.2
98091.8
98092.2
98092.3
98092.1
98091.7
98091.1
98090.2
98089.1
98087.7
98086.1
98084.3
98082.3
98080.1
98077.7
98075.1
98072.3
98069.4
98066.3
98063.1
98059.8
98056.4
98052.9
98049.3
98045.7
98042
98038.4
98034.7
98031.1
98027.5
98024
98020.7
98017.4
98014.3
98011.3
98008.5
98006
98003.6
98001.4
97999.5
97997.9
97996.5
97995.3
97994.4
97993.7
97993.3
97993.1
97993.2
97993.5
97994
97994.8
97995.7
97996.7
97997.9
97999.2
98000.6
98002
98003.4
98004.8
98006.1
98007.4
98008.5
98009.4
98010.2
98010.8
98011.1
98011.2
98010.9
98010.4
98009.5
98008.2
98006.6
98004.7
98002.4
97999.7
97996.6
97993.2
97989.5
97985.5
97981.1
97976.5
97971.6
97966.3
97960.9
97955.2
97949.3
97943.3
97937.1
97930.8
97924.2
97917.6
97910.7
97903.8
97896.6
97889.3
97881.8
97874.1
97866.2
97858.1
97849.8
97841.2
97832.4
97823.3
97813.9
97804.3
97794.3
97784
97773.3
97762.3
97750.9
97739
97726.7
97714
97700.8
97687.4
97673.8
97660.1
97646.5
97633.2
97620.1
97607.4
97595.3
97584
97573.6
97564.3
97556.1
97549.3
97543.9
97539.7
97536.7
97534.6
97533.5
97533.1
97533.5
97534.3
97535.2
97535.4
97534.9
97533.4
97531.2
97528.1
97523.4
97516.6
97507.3
97496.6
97484.7
97471.7
97457.5
97443.3
97428.9
97415
97401.3
97389.5
97378.8
97370.9
97364.1
97360.5
97356.7
97357.7
97357.6
97364.6
97368.2
97380.1
98050.6
98050.1
98050.1
98052.5
98055.8
98060.5
98064.6
98069.1
98073.1
98076.9
98080.2
98083.3
98086
98088.4
98090.4
98092.2
98093.6
98094.6
98095.4
98095.9
98096.1
98096.1
98095.8
98095.2
98094.4
98093.3
98092
98090.5
98088.7
98086.7
98084.4
98082
98079.4
98076.6
98073.6
98070.5
98067.3
98063.9
98060.4
98056.9
98053.2
98049.5
98045.8
98042.1
98038.4
98034.7
98031.1
98027.6
98024.2
98020.9
98017.8
98014.8
98012
98009.4
98007
98004.9
98003
98001.3
97999.9
97998.7
97997.8
97997.1
97996.7
97996.6
97996.6
97996.9
97997.4
97998.1
97998.9
97999.9
98001
98002.2
98003.4
98004.7
98005.9
98007.1
98008.2
98009.2
98010.1
98010.7
98011.2
98011.5
98011.5
98011.2
98010.6
98009.6
98008.3
98006.7
98004.6
98002.2
97999.5
97996.3
97992.8
97989
97984.7
97980.2
97975.3
97970.2
97964.8
97959.1
97953.1
97946.9
97940.5
97933.9
97927.2
97920.3
97913.2
97906
97898.6
97891
97883.3
97875.5
97867.4
97859.2
97850.8
97842.1
97833.3
97824.3
97815
97805.5
97795.7
97785.7
97775.4
97764.8
97753.9
97742.7
97731.1
97719.1
97706.5
97693.6
97680.3
97666.8
97653
97639.2
97625.4
97611.8
97598.3
97585.3
97572.8
97560.9
97549.9
97539.8
97531
97523.5
97517.2
97512.1
97508
97504.9
97502.6
97500.9
97499.8
97498.9
97498
97496.2
97493.7
97490.1
97485.3
97479.5
97472.1
97462.2
97449.7
97435.9
97420.6
97404.4
97387.3
97370.3
97353.4
97337.4
97321.6
97308.3
97296.3
97287.6
97280.4
97277
97273.5
97275.2
97276.3
97285.3
97290.9
97305.3
98032
98033.2
98033.9
98040
98046.6
98054.4
98060.8
98067.2
98072.3
98077.1
98081.2
98084.8
98087.9
98090.6
98092.9
98094.9
98096.4
98097.7
98098.6
98099.2
98099.5
98099.5
98099.3
98098.8
98098
98097
98095.7
98094.2
98092.4
98090.4
98088.2
98085.7
98083.1
98080.3
98077.3
98074.2
98070.9
98067.5
98064
98060.4
98056.8
98053.1
98049.3
98045.6
98041.9
98038.2
98034.6
98031.1
98027.7
98024.4
98021.3
98018.3
98015.5
98012.9
98010.6
98008.4
98006.6
98004.9
98003.5
98002.4
98001.5
98000.8
98000.4
98000.2
98000.3
98000.6
98001
98001.7
98002.4
98003.4
98004.4
98005.4
98006.6
98007.7
98008.7
98009.7
98010.7
98011.4
98012.1
98012.5
98012.7
98012.7
98012.4
98011.7
98010.8
98009.5
98007.8
98005.8
98003.4
98000.6
97997.4
97993.9
97990
97985.7
97981
97976.1
97970.8
97965.2
97959.3
97953.2
97946.8
97940.2
97933.4
97926.4
97919.2
97911.8
97904.2
97896.6
97888.7
97880.7
97872.6
97864.3
97855.8
97847.1
97838.3
97829.3
97820.1
97810.6
97801
97791.2
97781.1
97770.9
97760.4
97749.6
97738.5
97727.2
97715.5
97703.3
97690.6
97677.6
97664.3
97650.7
97636.9
97623.1
97609.1
97595.2
97581.4
97568.1
97555.2
97542.9
97531.3
97520.7
97511.4
97503.3
97496.4
97490.3
97485.3
97481.2
97477.8
97474.9
97472.4
97470
97467.4
97464
97459.7
97454
97447.1
97438.7
97428.6
97415.8
97400.4
97383.7
97365.4
97346.3
97326.4
97306.9
97287.6
97269.7
97252.1
97237.5
97224.4
97214.9
97207.3
97204.1
97200.9
97203.6
97205.6
97216.4
97223.5
97240.4
98003.5
98003.1
98009.6
98023
98035.9
98048.1
98057.4
98065.6
98071.9
98077.5
98082.1
98086.2
98089.6
98092.6
98095
98097.1
98098.8
98100.1
98101.1
98101.8
98102.2
98102.3
98102.1
98101.6
98100.9
98099.9
98098.6
98097.1
98095.4
98093.4
98091.2
98088.8
98086.2
98083.4
98080.4
98077.3
98074
98070.6
98067.1
98063.6
98059.9
98056.2
98052.5
98048.8
98045.1
98041.5
98037.9
98034.4
98031
98027.7
98024.7
98021.7
98019
98016.4
98014.1
98012
98010.2
98008.5
98007.2
98006.1
98005.2
98004.6
98004.2
98004
98004.1
98004.3
98004.8
98005.4
98006.1
98007
98007.9
98008.8
98009.8
98010.8
98011.7
98012.6
98013.3
98013.8
98014.2
98014.4
98014.4
98014.1
98013.5
98012.5
98011.3
98009.6
98007.6
98005.3
98002.5
97999.4
97995.9
97991.9
97987.7
97983
97978
97972.7
97967
97961
97954.8
97948.3
97941.6
97934.6
97927.5
97920.1
97912.6
97904.8
97896.9
97888.9
97880.7
97872.4
97863.8
97855.2
97846.4
97837.4
97828.3
97819
97809.5
97799.9
97790.1
97780
97769.8
97759.4
97748.8
97737.9
97726.8
97715.4
97703.6
97691.3
97678.7
97665.7
97652.4
97638.9
97625.1
97611.2
97597.1
97583
97569
97555.4
97542.2
97529.6
97517.6
97506.6
97496.9
97488.3
97480.7
97473.9
97467.9
97462.9
97458.6
97454.7
97450.9
97447.1
97443
97438.1
97432.1
97424.7
97415.7
97404.9
97392.2
97376.7
97358.9
97339.6
97318.4
97296.7
97274.5
97252.6
97231.2
97211.6
97192.5
97176.8
97162.8
97152.6
97144.6
97141.6
97138.9
97142.6
97145.6
97157.9
97166.3
97185.3
97942.3
97954.9
97970.2
98000.9
98024.2
98042.4
98054.4
98064.2
98071.5
98077.8
98082.9
98087.3
98090.9
98094
98096.6
98098.8
98100.6
98102
98103.1
98103.8
98104.2
98104.4
98104.2
98103.8
98103.1
98102.1
98100.8
98099.4
98097.6
98095.7
98093.5
98091.2
98088.6
98085.8
98082.9
98079.8
98076.6
98073.2
98069.8
98066.3
98062.7
98059
98055.3
98051.7
98048
98044.4
98040.9
98037.5
98034.1
98030.9
98027.9
98025
98022.3
98019.9
98017.6
98015.5
98013.7
98012.2
98010.9
98009.8
98009
98008.4
98008
98007.8
98007.9
98008.2
98008.6
98009.1
98009.8
98010.6
98011.4
98012.2
98013.1
98013.9
98014.7
98015.4
98015.9
98016.2
98016.4
98016.3
98016
98015.5
98014.6
98013.4
98011.8
98009.9
98007.6
98004.9
98001.8
97998.3
97994.5
97990.2
97985.6
97980.6
97975.3
97969.6
97963.6
97957.4
97950.8
97944
97937
97929.8
97922.4
97914.7
97906.9
97898.9
97890.8
97882.5
97874.1
97865.5
97856.7
97847.9
97838.9
97829.7
97820.5
97811
97801.3
97791.5
97781.6
97771.5
97761.2
97750.8
97740.2
97729.3
97718.1
97706.7
97694.9
97682.8
97670.2
97657.3
97644.1
97630.7
97616.9
97602.9
97588.8
97574.6
97560.5
97546.6
97533.2
97520.2
97507.9
97496.7
97486.7
97477.5
97469.3
97461.7
97455
97449.2
97444.1
97439.1
97434.1
97429.1
97423.7
97417.5
97410
97401
97390.1
97377
97361.9
97344.1
97324
97302.4
97278.8
97254.7
97230.4
97206.6
97183.4
97162.3
97142.2
97125.6
97110.8
97100.2
97092
97089.3
97087.2
97092.1
97096.1
97109.8
97119.4
97140.2
97868.3
97880.4
97925.5
97977.4
98014.5
98038.6
98052.8
98063.5
98071.4
98078.1
98083.5
98088.1
98091.9
98095.1
98097.8
98100
98101.9
98103.3
98104.4
98105.2
98105.6
98105.8
98105.7
98105.3
98104.6
98103.6
98102.4
98101
98099.3
98097.4
98095.3
98093
98090.5
98087.8
98084.9
98081.9
98078.7
98075.4
98072
98068.5
98065
98061.4
98057.8
98054.2
98050.7
98047.1
98043.7
98040.3
98037.1
98033.9
98031
98028.2
98025.6
98023.2
98021
98019
98017.3
98015.8
98014.5
98013.5
98012.7
98012.1
98011.8
98011.6
98011.7
98011.9
98012.3
98012.8
98013.4
98014.1
98014.8
98015.6
98016.3
98017
98017.6
98018.1
98018.4
98018.5
98018.5
98018.2
98017.6
98016.8
98015.6
98014.2
98012.3
98010.1
98007.5
98004.5
98001.1
97997.3
97993.1
97988.6
97983.7
97978.4
97972.8
97966.8
97960.6
97954
97947.2
97940.2
97932.9
97925.5
97917.8
97910
97902
97893.9
97885.6
97877.1
97868.5
97859.8
97851
97842
97832.9
97823.7
97814.3
97804.8
97795.1
97785.3
97775.4
97765.3
97755
97744.7
97734.1
97723.3
97712.3
97701
97689.2
97677.2
97664.8
97652
97639
97625.6
97611.9
97597.9
97583.8
97569.5
97555.3
97541.3
97527.6
97514.3
97501.8
97490.3
97479.9
97470.3
97461.5
97453.2
97445.8
97439.3
97433.3
97427.4
97421.3
97415.1
97408.5
97401.1
97392.2
97381.8
97369.1
97354
97336.7
97316.8
97294.9
97271.2
97245.6
97219.6
97193.5
97168.2
97143.5
97121.4
97100.6
97083.5
97068.1
97057.4
97049.2
97046.9
97045.6
97051.8
97057
97072.1
97082.9
97105.2
97759.2
97820.8
97900.3
97964.7
98008.2
98035.7
98051.8
98063
98071.2
98078.2
98083.8
98088.6
98092.5
98095.7
98098.5
98100.8
98102.6
98104.1
98105.2
98106
98106.5
98106.7
98106.6
98106.2
98105.6
98104.6
98103.5
98102.1
98100.5
98098.6
98096.6
98094.3
98091.9
98089.2
98086.4
98083.5
98080.4
98077.2
98073.9
98070.5
98067
98063.5
98060
98056.5
98053
98049.6
98046.2
98043
98039.8
98036.8
98033.9
98031.2
98028.7
98026.4
98024.2
98022.3
98020.7
98019.2
98018
98017.1
98016.3
98015.8
98015.5
98015.4
98015.4
98015.6
98016
98016.4
98017
98017.6
98018.2
98018.8
98019.4
98019.9
98020.4
98020.7
98020.8
98020.7
98020.4
98019.9
98019.1
98018
98016.6
98014.8
98012.7
98010.2
98007.2
98003.9
98000.3
97996.2
97991.7
97986.9
97981.7
97976.1
97970.3
97964.1
97957.6
97950.8
97943.8
97936.6
97929.1
97921.5
97913.7
97905.8
97897.6
97889.4
97881
97872.6
97863.9
97855.2
97846.3
97837.3
97828.2
97819
97809.7
97800.2
97790.6
97780.9
97771
97761.1
97751
97740.8
97730.4
97719.8
97709
97697.7
97686.2
97674.3
97662.1
97649.6
97636.6
97623.3
97609.7
97595.7
97581.6
97567.3
97553.1
97538.9
97524.9
97511.4
97498.7
97487
97476.2
97466.1
97456.7
97447.9
97439.8
97432.5
97425.7
97418.9
97411.7
97404.4
97396.7
97388.1
97378
97366.2
97351.9
97335.1
97315.9
97294.4
97270.8
97245.4
97218.2
97190.6
97163.2
97136.7
97111.1
97088.3
97067.1
97049.8
97034.4
97023.9
97016
97014.5
97014.3
97021.8
97028.2
97045
97056.8
97080.7
97624.3
97806.2
97912.8
97973.9
98009.7
98034.8
98051.6
98063
98071.3
98078.3
98084
98088.8
98092.8
98096.1
98098.8
98101.1
98103
98104.4
98105.6
98106.4
98106.9
98107.1
98107
98106.7
98106.1
98105.2
98104.1
98102.8
98101.2
98099.4
98097.4
98095.2
98092.8
98090.3
98087.6
98084.7
98081.7
98078.6
98075.4
98072.1
98068.7
98065.4
98062
98058.6
98055.2
98051.8
98048.6
98045.4
98042.4
98039.4
98036.7
98034.1
98031.7
98029.4
98027.4
98025.6
98024
98022.6
98021.5
98020.6
98019.9
98019.4
98019.1
98019
98019
98019.2
98019.5
98019.9
98020.4
98020.9
98021.4
98021.9
98022.4
98022.7
98023
98023.1
98023
98022.7
98022.2
98021.4
98020.4
98019
98017.3
98015.2
98012.8
98010
98006.9
98003.3
97999.3
97994.9
97990.2
97985.1
97979.6
97973.8
97967.7
97961.3
97954.7
97947.7
97940.5
97933.1
97925.5
97917.8
97909.9
97901.8
97893.7
97885.4
97877.1
97868.6
97860
97851.3
97842.6
97833.7
97824.7
97815.6
97806.4
97797
97787.6
97778.1
97768.4
97758.7
97748.8
97738.8
97728.7
97718.4
97707.8
97696.8
97685.4
97673.8
97661.9
97649.5
97636.8
97623.5
97609.9
97596
97581.9
97567.6
97553.3
97539
97524.9
97511.2
97498.3
97486.3
97475.1
97464.5
97454.6
97445.2
97436.5
97428.4
97420.8
97413.1
97405
97396.6
97387.8
97378.1
97366.9
97353.7
97338
97319.8
97299
97276.2
97251.2
97224.5
97196.1
97167.3
97139
97111.7
97085.5
97062.5
97041.4
97024.2
97009.2
96999.3
96992.3
96991.8
96992.8
97001.9
97009.7
97028.2
97041.4
97066.8
97509.3
97822.6
97939.5
97986
98011.9
98033.7
98051.1
98062.8
98071.2
98078.2
98083.9
98088.8
98092.7
98096
98098.8
98101.1
98102.9
98104.4
98105.5
98106.4
98106.9
98107.1
98107
98106.7
98106.2
98105.4
98104.3
98103
98101.5
98099.8
98097.9
98095.8
98093.5
98091
98088.4
98085.6
98082.7
98079.7
98076.6
98073.5
98070.2
98066.9
98063.7
98060.4
98057.1
98053.9
98050.8
98047.7
98044.8
98042
98039.3
98036.8
98034.5
98032.4
98030.4
98028.7
98027.2
98025.9
98024.8
98024
98023.3
98022.9
98022.6
98022.5
98022.5
98022.6
98022.9
98023.3
98023.6
98024.1
98024.5
98024.8
98025.1
98025.3
98025.4
98025.3
98025.1
98024.6
98023.8
98022.8
98021.4
98019.8
98017.8
98015.5
98012.8
98009.7
98006.3
98002.4
97998.2
97993.5
97988.5
97983.2
97977.5
97971.4
97965.1
97958.5
97951.7
97944.6
97937.2
97929.7
97922
97914.2
97906.3
97898.2
97890
97881.8
97873.5
97865.1
97856.7
97848.1
97839.5
97830.8
97822
97813.2
97804.1
97795
97785.9
97776.7
97767.3
97757.9
97748.3
97738.7
97728.8
97718.9
97708.6
97697.9
97686.9
97675.5
97663.8
97651.7
97639.2
97626.1
97612.5
97598.7
97584.7
97570.5
97556.1
97541.7
97527.5
97513.8
97500.7
97488.4
97476.7
97465.7
97455.2
97445.3
97436.1
97427.2
97418.7
97410.1
97401.1
97391.7
97381.7
97371
97358.7
97344.4
97327.5
97308.1
97286.2
97262.3
97236.2
97208.6
97179.3
97149.8
97120.8
97093.2
97066.8
97043.8
97023.2
97006.6
96992.5
96983.7
96977.9
96978.8
96981.4
96992.1
97001.7
97022
97036.7
97063.8
97680
97879.5
97958.5
97995.6
98014.1
98034
98051.3
98063.1
98071.4
98078.2
98083.8
98088.6
98092.5
98095.8
98098.5
98100.8
98102.6
98104.1
98105.2
98106
98106.5
98106.8
98106.8
98106.5
98106
98105.2
98104.2
98103
98101.6
98099.9
98098.1
98096.1
98093.8
98091.5
98088.9
98086.3
98083.5
98080.6
98077.6
98074.5
98071.4
98068.3
98065.1
98061.9
98058.8
98055.7
98052.7
98049.8
98046.9
98044.2
98041.7
98039.3
98037.1
98035.1
98033.3
98031.6
98030.2
98029
98028
98027.2
98026.5
98026.1
98025.8
98025.7
98025.7
98025.9
98026.1
98026.4
98026.7
98027
98027.3
98027.5
98027.7
98027.7
98027.6
98027.4
98026.9
98026.2
98025.2
98023.9
98022.3
98020.4
98018.2
98015.6
98012.6
98009.3
98005.6
98001.4
97996.9
97992
97986.8
97981.2
97975.3
97969
97962.5
97955.7
97948.7
97941.5
97934.1
97926.5
97918.8
97910.9
97903
97894.9
97886.8
97878.7
97870.5
97862.2
97854
97845.6
97837.2
97828.8
97820.3
97811.7
97803
97794.2
97785.5
97776.6
97767.6
97758.5
97749.4
97740.1
97730.7
97721.1
97711.2
97700.9
97690.2
97679.2
97667.9
97656.1
97643.7
97630.8
97617.3
97603.6
97589.7
97575.6
97561.3
97546.9
97532.6
97518.8
97505.6
97493
97480.9
97469.4
97458.4
97448
97438.3
97428.7
97419.4
97409.9
97400
97389.7
97378.6
97366.9
97353.6
97338.1
97320.3
97300
97277.2
97252.6
97225.8
97197.6
97167.8
97138
97108.9
97081.2
97055.1
97032.5
97012.7
96997.2
96984.5
96977.3
96973
96975.6
96980
96992.7
97004.3
97026.5
97042.8
97071.7
97832.5
97924.8
97954.7
98001.1
98017.9
98035
98051.1
98062.9
98071.3
98077.9
98083.5
98088.2
98092.1
98095.3
98098
98100.2
98102.1
98103.5
98104.6
98105.5
98106
98106.3
98106.3
98106
98105.6
98104.9
98103.9
98102.8
98101.4
98099.8
98098.1
98096.1
98094
98091.7
98089.3
98086.8
98084.1
98081.3
98078.4
98075.5
98072.5
98069.5
98066.4
98063.4
98060.4
98057.4
98054.5
98051.7
98049
98046.4
98044
98041.8
98039.7
98037.7
98036
98034.5
98033.1
98032
98031.1
98030.3
98029.7
98029.3
98029.1
98028.9
98028.9
98029
98029.2
98029.4
98029.6
98029.9
98030
98030.2
98030.2
98030
98029.8
98029.3
98028.6
98027.7
98026.5
98024.9
98023.1
98021
98018.5
98015.6
98012.4
98008.7
98004.7
98000.4
97995.6
97990.5
97985
97979.1
97973
97966.6
97959.9
97953
97945.8
97938.5
97931
97923.4
97915.6
97907.8
97899.9
97891.9
97883.9
97875.9
97867.9
97859.8
97851.8
97843.7
97835.6
97827.5
97819.3
97811.1
97802.8
97794.5
97786.1
97777.7
97769.1
97760.6
97751.9
97743.1
97734.1
97725
97715.5
97705.6
97695.4
97684.8
97673.8
97662.3
97650.1
97637.4
97624.1
97610.6
97596.8
97582.7
97568.4
97554.1
97539.8
97525.9
97512.5
97499.7
97487.1
97475.1
97463.7
97452.8
97442.6
97432.3
97422.2
97411.8
97401.1
97389.9
97377.8
97365
97350.8
97334.4
97315.8
97294.8
97271.3
97246.2
97219.2
97190.7
97160.8
97131.3
97102.2
97075.1
97049.6
97027.9
97009.3
96995.3
96984.4
96979.2
96976.9
96981.7
96988.2
97003.2
97017
97041.3
97059.5
97090.2
97902.2
97932.1
97955.6
98004.7
98022.3
98038.2
98052.4
98063.4
98071.4
98077.8
98083.1
98087.7
98091.5
98094.6
98097.3
98099.5
98101.3
98102.7
98103.8
98104.7
98105.2
98105.5
98105.5
98105.3
98104.9
98104.3
98103.4
98102.3
98101
98099.5
98097.9
98096
98094
98091.9
98089.6
98087.1
98084.6
98081.9
98079.2
98076.4
98073.5
98070.7
98067.8
98064.9
98062
98059.2
98056.5
98053.8
98051.3
98048.8
98046.6
98044.4
98042.5
98040.7
98039
98037.6
98036.4
98035.3
98034.4
98033.7
98033.2
98032.8
98032.5
98032.4
98032.4
98032.4
98032.5
98032.7
98032.8
98032.9
98033
98032.9
98032.8
98032.5
98032
98031.3
98030.4
98029.2
98027.7
98025.9
98023.8
98021.4
98018.6
98015.4
98011.9
98008
98003.7
97999.1
97994
97988.6
97982.9
97976.9
97970.5
97963.9
97957.1
97950
97942.7
97935.3
97927.8
97920.1
97912.4
97904.6
97896.8
97889
97881.2
97873.4
97865.6
97857.8
97850
97842.3
97834.6
97826.9
97819.1
97811.4
97803.6
97795.8
97788
97780.1
97772.1
97764.1
97756
97747.8
97739.4
97730.8
97721.8
97712.4
97702.7
97692.5
97681.9
97670.7
97658.8
97646.3
97633.3
97620
97606.3
97592.3
97578.1
97563.8
97549.5
97535.6
97522.1
97508.9
97495.9
97483.4
97471.5
97460.1
97449.2
97438.3
97427.3
97416.1
97404.6
97392.5
97379.5
97365.8
97350.6
97333.5
97314.3
97292.7
97268.8
97243.6
97216.5
97188.1
97158.5
97129.6
97101.1
97074.8
97050.5
97030.2
97013.2
97001.3
96992.5
96989.7
96990
96997.3
97006.4
97023.9
97040
97066.4
97086.7
97119.3
97922.8
97938.6
97988.9
98015.2
98028.6
98042.4
98054.3
98063.9
98071.2
98077.3
98082.5
98086.8
98090.4
98093.5
98096.1
98098.2
98100
98101.4
98102.6
98103.4
98104
98104.3
98104.4
98104.3
98103.9
98103.3
98102.5
98101.5
98100.4
98099
98097.4
98095.7
98093.8
98091.8
98089.6
98087.4
98085
98082.5
98079.9
98077.3
98074.6
98071.9
98069.2
98066.5
98063.8
98061.1
98058.6
98056.1
98053.7
98051.4
98049.3
98047.3
98045.5
98043.8
98042.3
98041
98039.9
98038.9
98038.1
98037.4
98036.9
98036.6
98036.3
98036.2
98036.1
98036.1
98036.1
98036.2
98036.2
98036.1
98036
98035.8
98035.5
98035
98034.2
98033.3
98032.1
98030.7
98028.9
98026.9
98024.5
98021.7
98018.6
98015.1
98011.3
98007.1
98002.5
97997.5
97992.2
97986.5
97980.6
97974.3
97967.8
97961
97954
97946.8
97939.4
97931.9
97924.4
97916.8
97909.1
97901.5
97893.8
97886.2
97878.6
97871.1
97863.6
97856.2
97848.8
97841.5
97834.2
97827
97819.8
97812.6
97805.5
97798.3
97791.2
97783.9
97776.7
97769.3
97761.9
97754.4
97746.6
97738.6
97730.2
97721.5
97712.3
97702.6
97692.4
97681.5
97670
97657.8
97645.1
97632.1
97618.5
97604.6
97590.5
97576.4
97562.1
97548.1
97534.5
97521
97507.6
97494.7
97482.2
97470.4
97458.8
97447.1
97435.4
97423.4
97411.1
97398.2
97384.4
97369.7
97353.8
97336
97316.3
97294.4
97270.4
97245.2
97218.4
97190.3
97161.6
97133.5
97106
97081.1
97058.4
97039.8
97024.9
97015.5
97009.2
97009.2
97012.3
97022.5
97034.4
97054.6
97073.2
97101.8
97124.4
97158.8
97949.2
97930.8
97981
98005
98028.4
98043.4
98054.8
98063.6
98070.5
98076.3
98081.2
98085.4
98088.9
98091.9
98094.4
98096.5
98098.3
98099.7
98100.9
98101.7
98102.3
98102.7
98102.9
98102.8
98102.5
98102
98101.3
98100.4
98099.4
98098.1
98096.7
98095.1
98093.4
98091.6
98089.6
98087.4
98085.2
98082.9
98080.6
98078.1
98075.6
98073.1
98070.6
98068.1
98065.6
98063.2
98060.8
98058.5
98056.3
98054.3
98052.3
98050.5
98048.8
98047.3
98045.9
98044.7
98043.7
98042.8
98042.1
98041.5
98041
98040.7
98040.4
98040.2
98040.1
98040
98040
98039.9
98039.8
98039.6
98039.3
98038.9
98038.3
98037.6
98036.6
98035.4
98033.9
98032.2
98030.1
98027.7
98025
98021.9
98018.5
98014.7
98010.5
98005.9
98001
97995.7
97990.1
97984.2
97978
97971.5
97964.7
97957.8
97950.6
97943.3
97935.9
97928.4
97920.8
97913.3
97905.8
97898.3
97890.8
97883.5
97876.2
97869.1
97862
97855
97848.1
97841.3
97834.6
97828
97821.5
97815
97808.5
97802.2
97795.7
97789.3
97782.8
97776.3
97769.7
97762.9
97755.9
97748.6
97740.9
97732.8
97724.2
97715.1
97705.4
97694.9
97683.8
97672
97659.7
97647
97633.6
97619.8
97605.8
97591.8
97577.7
97563.7
97549.9
97536.1
97522.4
97509
97496.1
97483.6
97471.3
97459
97446.5
97433.7
97420.8
97407.1
97392.5
97377
97360.4
97342.3
97322.3
97300.2
97276.3
97251.4
97225.1
97197.9
97170.3
97143.5
97117.5
97094.3
97073.6
97057.5
97045
97038.3
97034.9
97038
97044.2
97057.6
97072.5
97095.6
97116.8
97147.7
97172.7
97208.6
97984.1
97952.8
97995.9
98016.3
98038.2
98049.8
98058.3
98065.1
98070.7
98075.5
98079.9
98083.8
98087.1
98089.8
98092.2
98094.2
98096
98097.4
98098.6
98099.5
98100.1
98100.6
98100.8
98100.8
98100.6
98100.2
98099.7
98098.9
98098
98096.9
98095.7
98094.3
98092.7
98091.1
98089.3
98087.4
98085.4
98083.3
98081.1
98078.9
98076.7
98074.4
98072.1
98069.8
98067.6
98065.4
98063.3
98061.2
98059.2
98057.4
98055.6
98054
98052.5
98051.1
98049.9
98048.8
98047.9
98047.1
98046.4
98045.9
98045.4
98045.1
98044.8
98044.6
98044.4
98044.3
98044.1
98043.9
98043.6
98043.2
98042.7
98042.1
98041.3
98040.3
98039
98037.5
98035.7
98033.7
98031.3
98028.5
98025.5
98022
98018.2
98014
98009.5
98004.5
97999.3
97993.7
97987.8
97981.6
97975.1
97968.4
97961.4
97954.3
97947
97939.6
97932.2
97924.7
97917.2
97909.8
97902.4
97895.1
97888
97881
97874.1
97867.4
97860.8
97854.3
97848
97841.9
97835.9
97830
97824.2
97818.5
97813
97807.5
97801.9
97796.4
97790.8
97785.2
97779.5
97773.6
97767.5
97761
97754
97746.6
97738.7
97730.2
97721
97711.1
97700.5
97689.1
97677.3
97664.9
97651.7
97638.1
97624.3
97610.5
97596.4
97582.4
97568.5
97554.4
97540.5
97526.7
97513.3
97500.4
97487.4
97474.4
97461.1
97447.8
97434.1
97419.8
97404.5
97388.3
97371.3
97352.9
97332.8
97310.8
97287.3
97262.9
97237.5
97211.4
97185.4
97160.4
97136.3
97115.3
97097.2
97083.9
97074.2
97070.6
97070.4
97076.9
97086.4
97103.2
97121.3
97147.2
97171
97204.3
97231.6
97269
98043.9
98012.4
98022.1
98031.5
98046
98054.3
98059.9
98064.9
98069.5
98073.7
98077.6
98081.1
98084.1
98086.8
98089.1
98091.1
98092.8
98094.3
98095.5
98096.4
98097.2
98097.7
98098.1
98098.2
98098.2
98097.9
98097.5
98096.9
98096.2
98095.3
98094.2
98093.1
98091.7
98090.3
98088.7
98087.1
98085.3
98083.5
98081.6
98079.7
98077.7
98075.7
98073.7
98071.7
98069.7
98067.8
98065.9
98064.1
98062.4
98060.7
98059.2
98057.8
98056.5
98055.3
98054.2
98053.3
98052.5
98051.8
98051.2
98050.7
98050.2
98049.9
98049.6
98049.3
98049.1
98048.8
98048.5
98048.1
98047.7
98047.1
98046.4
98045.5
98044.4
98043.1
98041.6
98039.7
98037.6
98035.2
98032.4
98029.3
98025.8
98022
98017.8
98013.2
98008.3
98003
97997.4
97991.4
97985.2
97978.7
97972
97965
97957.9
97950.6
97943.3
97935.8
97928.4
97921
97913.6
97906.3
97899.2
97892.2
97885.4
97878.8
97872.4
97866.2
97860.2
97854.4
97848.9
97843.5
97838.3
97833.2
97828.3
97823.6
97819
97814.5
97810
97805.5
97801
97796.4
97791.7
97786.8
97781.6
97776
97769.9
97763.3
97756.1
97748.3
97739.8
97730.5
97720.5
97709.7
97698.3
97686.2
97673.4
97660.1
97646.6
97632.8
97618.9
97605
97591
97576.7
97562.5
97548.4
97534.7
97521.2
97507.5
97493.9
97479.9
97466
97451.7
97436.8
97420.9
97404.2
97386.8
97368.3
97348.2
97326.5
97303.7
97280
97255.6
97231.1
97207
97184.2
97162.6
97144.2
97129
97118.9
97112.5
97112.2
97115.5
97125.7
97138.6
97158.9
97180.4
97209.1
97235.7
97271.2
97300.8
97339.4
98074.3
98051.5
98044.2
98044.5
98052.5
98057.9
98061.4
98064.9
98068.6
98072.1
98075.5
98078.5
98081.2
98083.7
98085.8
98087.8
98089.4
98090.9
98092.1
98093.2
98094
98094.6
98095.1
98095.3
98095.4
98095.4
98095.1
98094.7
98094.2
98093.5
98092.6
98091.7
98090.6
98089.4
98088.1
98086.7
98085.2
98083.6
98082
98080.3
98078.6
98076.9
98075.2
98073.5
98071.8
98070.1
98068.5
98066.9
98065.4
98064
98062.7
98061.5
98060.4
98059.4
98058.5
98057.6
98056.9
98056.3
98055.8
98055.3
98055
98054.6
98054.3
98054
98053.6
98053.3
98052.8
98052.3
98051.7
98050.9
98050
98048.8
98047.5
98045.9
98044
98041.9
98039.4
98036.6
98033.5
98030
98026.2
98022
98017.4
98012.5
98007.2
98001.5
97995.6
97989.3
97982.8
97976
97969.1
97961.9
97954.6
97947.2
97939.8
97932.3
97924.9
97917.6
97910.4
97903.4
97896.5
97889.9
97883.5
97877.4
97871.5
97865.9
97860.5
97855.5
97850.7
97846.1
97841.8
97837.7
97833.8
97830.1
97826.6
97823.2
97819.8
97816.5
97813.1
97809.7
97806.2
97802.4
97798.2
97793.5
97788.4
97782.7
97776.4
97769.4
97761.7
97753.2
97743.9
97733.7
97722.9
97711.2
97698.9
97686.1
97672.9
97659.4
97645.7
97631.9
97617.9
97603.5
97589.2
97574.9
97560.9
97546.9
97532.7
97518.5
97504
97489.6
97474.8
97459.3
97442.9
97426
97408.4
97389.9
97370
97348.9
97326.9
97304.3
97281.3
97258.6
97236.9
97216.8
97198.2
97183
97171.4
97165
97162.3
97165.9
97173.3
97187.7
97204.5
97228.7
97253.8
97285.7
97315.5
97353.3
97385.3
97425.1
98080.2
98069.3
98058.5
98053.6
98056.2
98059.4
98061.8
98064.2
98067.1
98070.1
98072.9
98075.6
98078
98080.3
98082.3
98084.2
98085.9
98087.3
98088.6
98089.7
98090.6
98091.4
98091.9
98092.3
98092.6
98092.7
98092.6
98092.4
98092
98091.6
98090.9
98090.2
98089.4
98088.4
98087.3
98086.2
98085
98083.7
98082.3
98080.9
98079.5
98078.1
98076.6
98075.2
98073.7
98072.3
98071
98069.7
98068.4
98067.2
98066.1
98065.1
98064.2
98063.4
98062.6
98061.9
98061.4
98060.8
98060.4
98060
98059.6
98059.3
98058.9
98058.5
98058.1
98057.7
98057.1
98056.5
98055.7
98054.7
98053.5
98052.2
98050.6
98048.7
98046.5
98044.1
98041.3
98038.2
98034.7
98030.9
98026.7
98022.1
98017.2
98011.9
98006.3
98000.3
97994.1
97987.5
97980.7
97973.7
97966.5
97959.1
97951.7
97944.2
97936.7
97929.3
97922
97914.8
97907.8
97901
97894.5
97888.3
97882.3
97876.7
97871.4
97866.5
97861.9
97857.6
97853.6
97850
97846.7
97843.6
97840.8
97838.3
97835.9
97833.7
97831.5
97829.5
97827.4
97825.2
97822.9
97820.3
97817.3
97813.7
97809.7
97805
97799.7
97793.7
97786.9
97779.3
97770.8
97761.5
97751.3
97740.2
97728.6
97716.4
97703.7
97690.6
97677.3
97663.8
97649.9
97635.7
97621.4
97607.1
97592.9
97578.6
97564
97549.4
97534.6
97519.9
97504.7
97489
97472.4
97455.4
97437.9
97419.7
97400.4
97380.3
97359.4
97338.2
97317
97296.7
97277.8
97260.8
97245.9
97234.7
97227.1
97225
97226.7
97234.8
97246.7
97265.6
97287
97315.2
97344.3
97379.7
97412.9
97453.3
97487.5
97528.5
98074.1
98070
98063.8
98058.8
98058.1
98059.3
98060.9
98062.7
98064.9
98067.3
98069.6
98071.9
98074.1
98076.1
98078.1
98079.9
98081.5
98083
98084.3
98085.5
98086.5
98087.4
98088.1
98088.7
98089.1
98089.4
98089.5
98089.5
98089.4
98089.2
98088.8
98088.4
98087.8
98087.1
98086.4
98085.5
98084.6
98083.6
98082.6
98081.5
98080.4
98079.3
98078.2
98077.1
98076
98074.9
98073.8
98072.8
98071.8
98070.9
98070.1
98069.3
98068.6
98067.9
98067.3
98066.8
98066.3
98065.9
98065.5
98065.2
98064.8
98064.5
98064.1
98063.7
98063.2
98062.6
98061.9
98061.1
98060.1
98058.9
98057.5
98055.9
98054
98051.9
98049.4
98046.6
98043.5
98040
98036.2
98032
98027.4
98022.5
98017.2
98011.6
98005.6
97999.4
97992.8
97985.9
97978.9
97971.6
97964.2
97956.7
97949.2
97941.7
97934.2
97926.8
97919.6
97912.7
97905.9
97899.5
97893.4
97887.6
97882.2
97877.2
97872.6
97868.4
97864.7
97861.3
97858.4
97855.7
97853.5
97851.6
97850
97848.7
97847.7
97846.8
97846
97845.3
97844.7
97843.9
97842.9
97841.6
97839.9
97837.6
97834.7
97831.3
97827.2
97822.3
97816.6
97810
97802.4
97794
97784.7
97774.4
97763.6
97752.2
97740.2
97727.7
97714.9
97701.7
97688.1
97674.2
97660
97645.9
97631.5
97617
97602.3
97587.5
97572.7
97557.7
97542.4
97526.5
97510.1
97493.4
97476
97458.2
97439.8
97420.8
97401.4
97382
97362.9
97345.3
97329.4
97315.9
97304.9
97298
97294.8
97297.1
97303.6
97316.4
97333
97356.4
97382.2
97414.3
97447.2
97486.2
97522.6
97565
97601.1
97642.6
98067.1
98065
98062.3
98059.1
98057.4
98057.5
98058.4
98059.8
98061.3
98063.1
98065
98066.9
98068.8
98070.7
98072.6
98074.3
98075.9
98077.4
98078.9
98080.1
98081.3
98082.4
98083.3
98084.1
98084.7
98085.3
98085.7
98086
98086.2
98086.3
98086.3
98086.1
98085.9
98085.6
98085.2
98084.7
98084.2
98083.6
98082.9
98082.2
98081.5
98080.8
98080
98079.2
98078.5
98077.7
98077
98076.3
98075.7
98075.1
98074.5
98074
98073.5
98073.1
98072.7
98072.3
98072
98071.7
98071.3
98071
98070.7
98070.3
98069.9
98069.4
98068.8
98068.1
98067.3
98066.3
98065.1
98063.7
98062.1
98060.2
98058
98055.5
98052.7
98049.6
98046.2
98042.3
98038.1
98033.6
98028.7
98023.4
98017.7
98011.8
98005.5
97998.9
97992
97984.9
97977.6
97970.2
97962.6
97955
97947.4
97939.9
97932.5
97925.3
97918.3
97911.6
97905.2
97899.2
97893.5
97888.3
97883.6
97879.3
97875.5
97872.2
97869.4
97867.1
97865.2
97863.8
97862.8
97862.2
97862
97862.1
97862.5
97863
97863.8
97864.6
97865.5
97866.2
97866.8
97866.9
97866.6
97865.7
97864.3
97862.3
97859.5
97856
97851.5
97846.1
97839.5
97832.2
97823.9
97814.8
97804.9
97794.4
97783.3
97771.6
97759.4
97746.9
97733.7
97720.1
97706.3
97692.5
97678.1
97663.7
97649.2
97634.5
97619.6
97604.6
97589.4
97573.6
97557.7
97541.3
97524.2
97507.1
97489.8
97472.2
97454.5
97437.2
97420.5
97405.9
97393.3
97383.3
97376.5
97374.1
97375.7
97382.6
97393.9
97411.3
97432.8
97460.6
97490.7
97526.7
97563.1
97605.3
97644.6
97688.4
97725.6
97767
98059.7
98057.8
98056.4
98054.7
98053.4
98053
98053.5
98054.4
98055.7
98057.2
98058.8
98060.5
98062.3
98064
98065.8
98067.6
98069.3
98070.9
98072.4
98073.9
98075.2
98076.5
98077.6
98078.7
98079.7
98080.5
98081.2
98081.9
98082.4
98082.9
98083.2
98083.5
98083.7
98083.8
98083.8
98083.7
98083.6
98083.5
98083.2
98083
98082.7
98082.4
98082.1
98081.7
98081.4
98081
98080.7
98080.4
98080.1
98079.8
98079.6
98079.3
98079.1
98078.9
98078.7
98078.5
98078.3
98078.1
98077.9
98077.6
98077.3
98077
98076.5
98075.9
98075.2
98074.4
98073.4
98072.2
98070.8
98069.2
98067.3
98065.1
98062.7
98059.9
98056.8
98053.3
98049.5
98045.4
98040.8
98035.9
98030.7
98025
98019.1
98012.8
98006.2
97999.3
97992.2
97984.9
97977.4
97969.8
97962.2
97954.6
97947
97939.5
97932.3
97925.2
97918.5
97912.2
97906.2
97900.7
97895.7
97891.1
97887.1
97883.7
97880.8
97878.5
97876.8
97875.7
97875
97874.8
97875.2
97876
97877.3
97878.9
97880.9
97883
97885.4
97887.9
97890.4
97892.9
97895
97896.8
97898.1
97898.9
97899.1
97898.7
97897.5
97895.5
97892.5
97888.4
97883.2
97877.2
97870.2
97862.4
97853.7
97844.4
97834.3
97823.6
97812.4
97800.7
97788.2
97775.2
97762
97748.6
97734.7
97720.7
97706.5
97692.1
97677.5
97662.5
97647.6
97632.3
97617
97601.3
97584.9
97568.8
97552.7
97536.6
97521
97506
97492.2
97480.7
97471.6
97465.3
97462.9
97465.1
97471.3
97482.9
97498.9
97520.9
97547.2
97579.2
97613.3
97652.7
97692.2
97736.9
97778.4
97822.8
97860.7
97901.3
98050.6
98048.9
98047.8
98047
98046.4
98046.1
98046.5
98047.2
98048.3
98049.6
98051
98052.6
98054.3
98056
98057.8
98059.6
98061.4
98063.1
98064.8
98066.4
98068
98069.5
98071
98072.3
98073.6
98074.8
98076
98077
98078
98078.9
98079.7
98080.4
98081
98081.6
98082.1
98082.6
98083
98083.3
98083.6
98083.9
98084.1
98084.3
98084.4
98084.6
98084.7
98084.8
98084.9
98085
98085.1
98085.2
98085.3
98085.4
98085.4
98085.5
98085.5
98085.5
98085.5
98085.4
98085.3
98085.1
98084.8
98084.4
98083.9
98083.3
98082.5
98081.6
98080.4
98079
98077.4
98075.6
98073.4
98071
98068.3
98065.2
98061.8
98058.1
98054
98049.5
98044.7
98039.5
98033.9
98028
98021.8
98015.2
98008.4
98001.3
97994
97986.5
97979
97971.3
97963.7
97956.1
97948.6
97941.3
97934.3
97927.6
97921.2
97915.3
97909.9
97905
97900.7
97896.9
97893.8
97891.3
97889.4
97888.3
97887.7
97887.8
97888.5
97889.8
97891.6
97894
97896.9
97900.2
97903.8
97907.7
97911.9
97916.2
97920.5
97924.7
97928.7
97932.4
97935.5
97938.1
97940.3
97941.7
97942.3
97942.1
97940.7
97938.2
97934.6
97930.2
97924.8
97918.5
97911.4
97903.5
97894.8
97885.5
97875.4
97864.8
97853.3
97841.2
97828.9
97816.2
97803.1
97789.8
97776.2
97762.4
97748.3
97733.8
97719.4
97704.9
97690.4
97675.6
97660.5
97645.6
97630.9
97616.7
97603.4
97590.9
97580.1
97571.9
97566.3
97563.9
97565.7
97572.2
97582.9
97599
97619.5
97646
97676.4
97712.3
97749.8
97792
97834
97880.5
97923.2
97967.5
98005.5
98044.5
98039.1
98037.9
98037.1
98036.8
98036.7
98036.8
98037.2
98037.9
98038.9
98040.2
98041.6
98043.2
98044.9
98046.7
98048.6
98050.5
98052.4
98054.3
98056.3
98058.2
98060
98061.9
98063.7
98065.4
98067.1
98068.7
98070.3
98071.8
98073.2
98074.6
98075.9
98077.2
98078.4
98079.5
98080.5
98081.5
98082.5
98083.4
98084.3
98085.1
98085.9
98086.6
98087.3
98088
98088.6
98089.2
98089.8
98090.4
98090.9
98091.4
98091.8
98092.3
98092.6
98093
98093.3
98093.5
98093.6
98093.7
98093.7
98093.6
98093.3
98093
98092.5
98091.8
98090.9
98089.9
98088.6
98087.1
98085.3
98083.2
98080.9
98078.3
98075.3
98072
98068.4
98064.4
98060.1
98055.4
98050.3
98044.9
98039.1
98033
98026.6
98019.9
98012.9
98005.7
97998.4
97990.9
97983.3
97975.7
97968.2
97960.7
97953.5
97946.5
97939.8
97933.5
97927.7
97922.4
97917.6
97913.4
97909.9
97907
97904.8
97903.4
97902.7
97902.7
97903.4
97904.9
97907
97909.8
97913.3
97917.3
97921.9
97927
97932.4
97938.3
97944.3
97950.6
97956.9
97963.1
97969.1
97974.8
97980.1
97984.8
97989.1
97992.6
97995.3
97996.9
97997.5
97997
97995.3
97992.8
97989.3
97985
97979.7
97973.6
97966.6
97959
97950.4
97941.2
97931.1
97920.5
97909.4
97897.8
97885.8
97873.5
97860.9
97848.1
97834.7
97821.2
97807.5
97794
97780.7
97767
97753.4
97740.1
97727
97714.9
97703.9
97694
97686.4
97681.5
97679.4
97680.9
97686.4
97697
97711.7
97731.8
97756.5
97786.9
97820.6
97859.6
97899.8
97944
97988
98035
98078.1
98121.4
98158.6
98195.1
98026.7
98025.8
98025.4
98025.5
98025.8
98026.2
98026.9
98027.7
98028.9
98030.2
98031.8
98033.4
98035.3
98037.2
98039.2
98041.2
98043.3
98045.5
98047.7
98049.8
98052
98054.2
98056.3
98058.5
98060.5
98062.6
98064.6
98066.6
98068.5
98070.4
98072.3
98074.1
98075.8
98077.5
98079.2
98080.8
98082.3
98083.9
98085.3
98086.8
98088.1
98089.5
98090.8
98092
98093.2
98094.4
98095.5
98096.5
98097.5
98098.4
98099.3
98100.1
98100.8
98101.5
98102.1
98102.5
98102.9
98103.1
98103.3
98103.2
98103.1
98102.8
98102.3
98101.6
98100.7
98099.6
98098.2
98096.6
98094.7
98092.6
98090.2
98087.4
98084.3
98080.9
98077.2
98073.1
98068.6
98063.8
98058.7
98053.2
98047.4
98041.2
98034.8
98028.1
98021.1
98014
98006.7
97999.3
97991.9
97984.6
97977.3
97970.2
97963.3
97956.8
97950.6
97944.9
97939.7
97935
97931
97927.6
97925
97923.1
97922
97921.7
97922.2
97923.5
97925.5
97928.4
97932.1
97936.5
97941.6
97947.4
97953.8
97960.8
97968.2
97976
97984.2
97992.5
98001
98009.4
98017.7
98025.7
98033.4
98040.5
98047.1
98053
98058
98061.9
98064.8
98066.6
98067.3
98067.1
98065.8
98063.7
98060.6
98056.6
98051.8
98046.2
98039.5
98032.3
98024.3
98015.5
98006.1
97996.1
97985.8
97974.9
97963.6
97952
97939.9
97927.5
97915.1
97902.9
97890.8
97878.6
97866.6
97855
97843.8
97833.8
97825.2
97818.1
97813.5
97811.7
97812.9
97817.9
97826.9
97841
97859.1
97882.5
97910.5
97944
97980.2
98021.3
98063.2
98108.6
98153.2
98199.7
98242
98283.4
98318.6
98351.4
98015.2
98014.8
98014.8
98015.1
98015.7
98016.4
98017.3
98018.4
98019.7
98021.2
98022.8
98024.6
98026.5
98028.6
98030.7
98032.9
98035.2
98037.6
98040
98042.4
98044.9
98047.3
98049.8
98052.3
98054.8
98057.3
98059.8
98062.2
98064.7
98067.1
98069.5
98071.8
98074.2
98076.5
98078.7
98081
98083.1
98085.3
98087.4
98089.4
98091.4
98093.4
98095.3
98097.1
98098.9
98100.6
98102.2
98103.8
98105.2
98106.6
98107.9
98109.1
98110.2
98111.2
98112.1
98112.8
98113.4
98113.9
98114.2
98114.3
98114.3
98114.1
98113.7
98113
98112.2
98111.1
98109.8
98108.3
98106.4
98104.3
98101.9
98099.2
98096.1
98092.8
98089.1
98085.1
98080.8
98076.1
98071
98065.7
98060
98054.1
98047.8
98041.4
98034.7
98027.8
98020.9
98013.9
98006.9
97999.9
97993.1
97986.5
97980.2
97974.3
97968.8
97963.8
97959.3
97955.5
97952.3
97949.9
97948.2
97947.3
97947.3
97948.2
97949.9
97952.5
97956
97960.4
97965.6
97971.6
97978.5
97986.1
97994.4
98003.3
98012.7
98022.6
98033
98043.7
98054.5
98065.4
98076.2
98086.8
98097.1
98107
98116.2
98124.7
98132.3
98138.9
98144.5
98149
98152.4
98154.8
98156.1
98156.6
98156.1
98154.8
98152.5
98149.4
98145.4
98140.7
98135.2
98128.9
98121.8
98114.1
98105.8
98096.7
98087.2
98077.1
98066.6
98055.9
98045
98034.3
98023.7
98013.1
98002.8
97993
97983.8
97976
97969.8
97965.3
97963.3
97964.2
97968.4
97976.3
97988.2
98004.9
98025.5
98051.3
98081.6
98116.7
98154.3
98196.2
98238.7
98284
98327.9
98372.7
98413
98451.1
98483.2
98511
98008.8
98008.6
98008.8
98009.3
98010.1
98010.9
98012
98013.1
98014.5
98016
98017.7
98019.5
98021.5
98023.6
98025.8
98028.1
98030.5
98032.9
98035.5
98038.1
98040.7
98043.4
98046.2
98048.9
98051.7
98054.5
98057.4
98060.2
98063.1
98065.9
98068.8
98071.6
98074.4
98077.3
98080.1
98082.8
98085.6
98088.3
98091
98093.6
98096.2
98098.7
98101.2
98103.6
98105.9
98108.1
98110.3
98112.3
98114.3
98116.1
98117.9
98119.5
98120.9
98122.3
98123.5
98124.5
98125.4
98126.1
98126.7
98127
98127.2
98127.2
98127
98126.5
98125.9
98125
98123.9
98122.5
98120.9
98119.1
98116.9
98114.5
98111.7
98108.7
98105.4
98101.8
98097.8
98093.6
98089
98084.1
98078.9
98073.5
98067.8
98061.9
98055.8
98049.5
98043.2
98036.9
98030.5
98024.3
98018.2
98012.4
98006.8
98001.7
97997
97992.8
97989.2
97986.3
97984.1
97982.6
97982
97982.2
97983.3
97985.3
97988.3
97992.2
97997.1
98002.9
98009.6
98017.3
98025.8
98035.2
98045.4
98056.2
98067.8
98080
98092.8
98105.9
98119.3
98132.8
98146.4
98159.9
98173.1
98185.9
98198.1
98209.6
98220.1
98229.7
98238.4
98246
98252.4
98257.9
98262.2
98265.8
98268.3
98270.1
98270.9
98270.9
98270.1
98268.6
98266.2
98262.9
98258.8
98253.8
98248
98241.3
98233.9
98225.7
98217.3
98208.6
98199.3
98190.1
98181.1
98172.2
98163.7
98155.7
98148.6
98142.7
98138.6
98136.4
98136.5
98139.4
98145.5
98155.4
98169.2
98187.4
98209.7
98236.7
98267.7
98303
98340.6
98381.8
98423.2
98467
98508.6
98550.4
98587.3
98621.1
98648.7
98670.6
98012.3
98012.1
98012.2
98012.6
98013.3
98014
98014.9
98016
98017.2
98018.5
98020
98021.7
98023.5
98025.4
98027.4
98029.6
98031.8
98034.2
98036.7
98039.2
98041.8
98044.5
98047.3
98050.1
98053
98055.9
98058.9
98062
98065
98068.1
98071.3
98074.4
98077.6
98080.7
98083.9
98087.1
98090.3
98093.4
98096.5
98099.6
98102.6
98105.6
98108.6
98111.4
98114.2
98116.9
98119.5
98121.9
98124.3
98126.6
98128.7
98130.6
98132.5
98134.2
98135.7
98137
98138.2
98139.3
98140.1
98140.8
98141.3
98141.6
98141.7
98141.6
98141.3
98140.8
98140.1
98139.2
98138.1
98136.7
98135.1
98133.3
98131.2
98128.8
98126.2
98123.3
98120.1
98116.7
98113
98109
98104.7
98100.2
98095.4
98090.4
98085.3
98080
98074.7
98069.3
98063.9
98058.6
98053.5
98048.7
98044.1
98039.9
98036.2
98033
98030.3
98028.4
98027.2
98026.7
98027.1
98028.4
98030.6
98033.7
98037.8
98042.9
98049
98056.1
98064.3
98073.4
98083.6
98094.7
98106.8
98119.6
98133.4
98147.9
98163.1
98178.7
98194.8
98211.2
98227.7
98244.2
98260.5
98276.6
98292.1
98306.8
98320.7
98333.6
98345.7
98356.8
98366.8
98375.8
98383.9
98391
98397.2
98402.6
98407.2
98411
98414.1
98416.4
98417.8
98418.2
98417.7
98416.1
98413.5
98409.9
98405.4
98400
98394.1
98387.6
98380.6
98373.3
98366.2
98359.4
98352.8
98346.9
98341.8
98337.9
98335.6
98335.2
98337.1
98341.4
98348.8
98359.7
98374.5
98393.5
98416.5
98443.7
98474.2
98508.5
98544.8
98584
98623.1
98663.8
98702
98739.5
98771.8
98800.4
98822.5
98837.5
98026.3
98025.9
98025.7
98025.7
98025.9
98026.3
98026.8
98027.5
98028.3
98029.3
98030.4
98031.6
98033
98034.5
98036.2
98038
98039.9
98042
98044.1
98046.4
98048.7
98051.2
98053.8
98056.4
98059.2
98062
98064.9
98067.9
98070.9
98074
98077.2
98080.4
98083.6
98086.9
98090.2
98093.6
98096.9
98100.2
98103.6
98106.9
98110.2
98113.4
98116.6
98119.7
98122.8
98125.7
98128.6
98131.4
98134
98136.6
98138.9
98141.2
98143.3
98145.3
98147.1
98148.8
98150.3
98151.6
98152.8
98153.8
98154.7
98155.4
98155.9
98156.3
98156.5
98156.5
98156.4
98156.1
98155.6
98155
98154.2
98153.1
98151.9
98150.4
98148.8
98146.9
98144.7
98142.4
98139.7
98136.9
98133.7
98130.4
98126.8
98123
98119.1
98115
98110.8
98106.6
98102.4
98098.2
98094.2
98090.4
98086.9
98083.7
98080.9
98078.7
98077
98076
98075.7
98076.1
98077.4
98079.5
98082.6
98086.6
98091.6
98097.7
98104.8
98113.1
98122.4
98132.9
98144.5
98157.2
98170.9
98185.6
98201.3
98217.9
98235.3
98253.3
98271.9
98290.8
98310.1
98329.5
98348.9
98368.1
98386.7
98404.7
98421.9
98438.2
98453.7
98468.2
98481.9
98494.6
98506.4
98517.3
98527.4
98536.7
98545.3
98553.2
98560.5
98566.9
98572.4
98577
98580.4
98582.6
98583.6
98583.6
98582.4
98580.3
98577.2
98573.4
98569.1
98564.2
98559.5
98555
98550.5
98546.6
98543.4
98541.4
98540.6
98541.7
98544.8
98550
98558
98569.3
98584.3
98603.2
98625.7
98652.1
98681.1
98713.5
98747.4
98783.6
98819.4
98856
98890
98922.7
98950
98973.1
98989.4
98997.5
98046.4
98045.6
98044.9
98044.5
98044.2
98044.1
98044.1
98044.2
98044.5
98044.9
98045.5
98046.2
98047.1
98048.2
98049.3
98050.6
98052.1
98053.6
98055.3
98057.2
98059.2
98061.2
98063.4
98065.8
98068.2
98070.7
98073.4
98076.1
98079
98081.9
98084.9
98088
98091.1
98094.3
98097.6
98100.9
98104.3
98107.6
98111
98114.3
98117.7
98121
98124.3
98127.5
98130.7
98133.8
98136.8
98139.7
98142.6
98145.3
98147.8
98150.3
98152.6
98154.8
98156.9
98158.8
98160.6
98162.2
98163.7
98165.1
98166.3
98167.4
98168.4
98169.2
98170
98170.6
98171.1
98171.4
98171.7
98171.8
98171.8
98171.6
98171.3
98170.8
98170.2
98169.3
98168.3
98167
98165.5
98163.8
98161.9
98159.7
98157.4
98154.8
98152.1
98149.2
98146.2
98143.1
98140
98136.9
98133.9
98131.1
98128.5
98126.3
98124.4
98123
98122.1
98121.8
98122.2
98123.4
98125.3
98128.2
98131.9
98136.6
98142.3
98149.1
98157
98166.1
98176.5
98188
98200.7
98214.6
98229.6
98245.8
98263.1
98281.4
98300.6
98320.5
98341.2
98362.4
98384
98405.9
98427.8
98449.6
98470.9
98491.7
98511.8
98531
98549.6
98567.2
98584
98599.9
98615
98629.4
98642.9
98655.7
98668
98679.7
98690.8
98701.1
98710.5
98718.9
98726.1
98731.9
98736.4
98739.6
98741.4
98742.1
98741.8
98740.7
98738.8
98736.4
98733.9
98731.3
98728.6
98726.4
98724.7
98724.1
98724.5
98726.5
98730.1
98735.7
98743.7
98754.7
98769.1
98787.2
98808.5
98833.2
98860.2
98890
98920.9
98953.7
98985.9
99018.3
99048.1
99076.1
99098.8
99116.8
99127.9
99129.8
98069
98067.6
98066.5
98065.5
98064.7
98064
98063.4
98063
98062.7
98062.6
98062.6
98062.8
98063.1
98063.6
98064.2
98065
98065.9
98066.9
98068.1
98069.5
98071
98072.6
98074.4
98076.3
98078.4
98080.5
98082.8
98085.3
98087.8
98090.5
98093.2
98096.1
98099
98102.1
98105.2
98108.4
98111.6
98114.8
98118.1
98121.4
98124.8
98128.1
98131.3
98134.6
98137.8
98140.9
98144
98147
98149.8
98152.6
98155.3
98157.9
98160.4
98162.8
98165
98167.1
98169.2
98171.1
98172.8
98174.5
98176.1
98177.6
98179
98180.3
98181.6
98182.8
98183.9
98184.9
98185.8
98186.7
98187.5
98188.1
98188.7
98189.1
98189.5
98189.6
98189.6
98189.4
98189
98188.4
98187.6
98186.5
98185.3
98183.9
98182.2
98180.4
98178.5
98176.5
98174.4
98172.3
98170.2
98168.3
98166.5
98165
98163.9
98163.2
98162.9
98163.3
98164.2
98166
98168.5
98171.8
98176.1
98181.3
98187.6
98194.9
98203.5
98213.3
98224.3
98236.6
98250.2
98265
98281.2
98298.5
98317.1
98336.7
98357.4
98379
98401.4
98424.5
98448
98471.8
98495.9
98519.9
98543.5
98566.6
98589.1
98610.8
98631.9
98652.1
98671.5
98690.2
98708.1
98725.4
98741.9
98758
98773.5
98788.6
98803
98816.7
98829.6
98841.5
98852
98861.1
98868.7
98874.9
98879.5
98882.8
98885
98886.3
98886.6
98886.4
98885.7
98884.9
98883.8
98883
98882.5
98882.8
98884.1
98886.6
98890.4
98896
98903.6
98914.1
98927.6
98944.4
98964.1
98986.7
99011.4
99038.4
99066.1
99095.5
99124
99152.5
99178.3
99202.1
99220.6
99234.1
99240.6
99237.2
98090.9
98089.1
98087.5
98086.1
98084.7
98083.5
98082.4
98081.4
98080.6
98079.9
98079.4
98079
98078.8
98078.7
98078.8
98079.1
98079.5
98080
98080.8
98081.6
98082.7
98083.9
98085.2
98086.7
98088.3
98090.1
98092.1
98094.1
98096.4
98098.7
98101.2
98103.8
98106.5
98109.3
98112.2
98115.2
98118.2
98121.4
98124.5
98127.7
98130.9
98134.2
98137.4
98140.6
98143.7
98146.8
98149.9
98152.9
98155.8
98158.7
98161.5
98164.1
98166.7
98169.2
98171.6
98173.9
98176.1
98178.3
98180.3
98182.3
98184.2
98186
98187.8
98189.6
98191.3
98193
98194.6
98196.2
98197.8
98199.4
98200.8
98202.3
98203.6
98204.9
98206.1
98207.1
98208
98208.7
98209.3
98209.6
98209.8
98209.7
98209.5
98209
98208.3
98207.5
98206.4
98205.3
98204
98202.8
98201.5
98200.3
98199.2
98198.4
98197.9
98197.7
98198
98198.9
98200.3
98202.5
98205.4
98209.2
98213.8
98219.4
98226.2
98234
98243
98253.4
98264.9
98277.8
98292.1
98307.7
98324.7
98343
98362.5
98383.3
98405.2
98428.1
98451.9
98476.4
98501.4
98526.9
98552.7
98578.4
98603.8
98628.8
98653.2
98677
98700.1
98722.4
98744
98764.9
98785.2
98804.8
98824
98842.8
98861.2
98879.1
98896.5
98913
98928.8
98943.5
98957
98968.8
98979.1
98987.9
98995.1
99000.8
99005.1
99008.4
99010.7
99012.2
99013.1
99013.7
99014
99014.3
99014.8
99015.8
99017.6
99020.4
99024.1
99029.6
99036.7
99046.5
99058.8
99074.2
99092.2
99112.9
99135.1
99159.4
99184.2
99210.5
99235.7
99260.7
99282.9
99302.9
99317.8
99327.6
99330.3
99322.5
98110.6
98108.4
98106.3
98104.4
98102.6
98100.9
98099.3
98097.9
98096.6
98095.4
98094.4
98093.6
98092.9
98092.4
98092
98091.8
98091.7
98091.8
98092.1
98092.5
98093.1
98093.9
98094.9
98096
98097.2
98098.7
98100.3
98102
98103.9
98106
98108.2
98110.5
98113
98115.6
98118.3
98121.1
98123.9
98126.9
98129.9
98133
98136.1
98139.2
98142.3
98145.5
98148.6
98151.7
98154.7
98157.7
98160.6
98163.5
98166.3
98169.1
98171.8
98174.4
98176.9
98179.3
98181.7
98184
98186.3
98188.5
98190.7
98192.8
98195
98197.1
98199.2
98201.3
98203.5
98205.6
98207.7
98209.9
98212
98214
98216.1
98218
98219.9
98221.7
98223.3
98224.8
98226.2
98227.3
98228.3
98229
98229.5
98229.8
98229.9
98229.8
98229.6
98229.1
98228.6
98227.9
98227.3
98226.7
98226.2
98226
98225.9
98226.2
98226.9
98228.1
98230
98232.5
98235.7
98239.8
98244.8
98250.8
98257.8
98266
98275.5
98286.2
98298.2
98311.5
98326.3
98342.5
98360.2
98379.2
98399.5
98421.2
98444
98468
98492.9
98518.5
98544.8
98571.5
98598.5
98625.6
98652.5
98678.9
98704.8
98730.1
98754.8
98778.8
98802.1
98824.8
98847
98868.6
98890
98911
98931.7
98952
98971.7
98990.7
99008.8
99025.8
99041.6
99055.9
99068.3
99079.3
99088.6
99096.3
99102.4
99107.5
99111.2
99114.1
99116.4
99118.2
99119.5
99120.7
99121.8
99123.3
99125.5
99128.4
99132
99137.2
99143.9
99152.9
99164.2
99178.2
99194.5
99213.3
99233.4
99255.4
99277.7
99301.3
99323.5
99345.7
99364.8
99381.8
99393.6
99400.4
99399.9
99388.8
98127
98124.4
98122
98119.7
98117.5
98115.4
98113.5
98111.6
98110
98108.4
98107
98105.8
98104.7
98103.7
98103
98102.4
98101.9
98101.7
98101.6
98101.6
98101.9
98102.3
98102.9
98103.7
98104.7
98105.8
98107.1
98108.6
98110.2
98112
98114
98116.1
98118.3
98120.7
98123.2
98125.8
98128.6
98131.4
98134.3
98137.2
98140.2
98143.2
98146.3
98149.3
98152.4
98155.4
98158.4
98161.4
98164.3
98167.2
98170.1
98172.9
98175.6
98178.3
98180.9
98183.5
98186
98188.5
98190.9
98193.4
98195.8
98198.2
98200.7
98203.1
98205.6
98208.1
98210.6
98213.2
98215.7
98218.3
98220.9
98223.5
98226.1
98228.6
98231.1
98233.4
98235.7
98237.8
98239.7
98241.5
98243
98244.4
98245.5
98246.5
98247.2
98247.6
98247.9
98248
98248
98247.9
98247.8
98247.6
98247.6
98247.7
98248.1
98248.7
98249.8
98251.3
98253.4
98256.2
98259.7
98264.1
98269.3
98275.5
98282.9
98291.4
98301.1
98312.1
98324.4
98338.2
98353.3
98370
98388.2
98407.8
98428.7
98451.1
98474.6
98499.4
98525.1
98551.7
98578.8
98606.4
98634.4
98662.6
98690.5
98718
98745
98771.5
98797.4
98822.6
98847.4
98871.4
98895.1
98918.3
98941.4
98964.2
98986.7
99008.8
99030.4
99051.3
99071.3
99090.1
99107.8
99123.9
99138.2
99150.8
99161.7
99171
99178.6
99185
99190
99194
99197.3
99199.9
99202
99203.8
99205.5
99207.4
99209.7
99212.7
99216.2
99221.1
99227.3
99235.7
99246
99258.8
99273.6
99290.8
99309.2
99329.3
99349.5
99370.9
99390.9
99410.7
99427.3
99441.8
99451.3
99455.7
99452.8
99439
98139.8
98137
98134.3
98131.7
98129.3
98126.9
98124.6
98122.5
98120.5
98118.6
98116.9
98115.4
98114
98112.7
98111.6
98110.7
98110
98109.4
98109
98108.8
98108.8
98108.9
98109.2
98109.8
98110.5
98111.4
98112.4
98113.7
98115.1
98116.7
98118.5
98120.4
98122.5
98124.7
98127.1
98129.5
98132.1
98134.8
98137.6
98140.4
98143.3
98146.3
98149.3
98152.2
98155.2
98158.2
98161.2
98164.2
98167.2
98170.1
98173
98175.8
98178.6
98181.3
98184.1
98186.7
98189.4
98192
98194.7
98197.3
98199.9
98202.5
98205.2
98207.9
98210.7
98213.5
98216.3
98219.2
98222.1
98225.1
98228
98231
98234
98236.9
98239.8
98242.6
98245.3
98247.8
98250.2
98252.4
98254.4
98256.2
98257.8
98259.2
98260.3
98261.3
98262
98262.5
98262.9
98263.1
98263.4
98263.6
98263.9
98264.3
98265
98265.9
98267.2
98268.9
98271.3
98274.3
98278
98282.6
98288
98294.5
98302
98310.7
98320.7
98331.9
98344.5
98358.5
98374
98391.1
98409.6
98429.6
98451
98473.9
98498
98523.3
98549.7
98576.8
98604.6
98633
98661.7
98690.5
98719.2
98747.5
98775.4
98802.8
98829.6
98855.7
98881.4
98906.6
98931.4
98955.8
98980.1
99004.2
99028.1
99051.6
99074.7
99097
99118.4
99138.6
99157.8
99175.3
99191
99204.9
99217
99227.4
99236.2
99243.6
99249.5
99254.4
99258.5
99261.8
99264.4
99266.7
99268.8
99270.9
99273.3
99276.3
99279.6
99284.3
99290.1
99297.9
99307.4
99319.3
99333
99348.9
99365.9
99384.5
99403.2
99422.9
99441
99459.1
99473.8
99486.4
99494
99496.7
99491.7
99476.1
98149.4
98146.3
98143.5
98140.7
98138
98135.4
98132.9
98130.5
98128.3
98126.2
98124.3
98122.5
98120.9
98119.4
98118.1
98116.9
98115.9
98115.2
98114.5
98114.1
98113.9
98113.8
98113.9
98114.3
98114.8
98115.5
98116.4
98117.5
98118.7
98120.2
98121.8
98123.6
98125.6
98127.7
98129.9
98132.3
98134.7
98137.3
98140
98142.8
98145.6
98148.5
98151.4
98154.4
98157.4
98160.4
98163.3
98166.3
98169.3
98172.2
98175.1
98178
98180.9
98183.7
98186.5
98189.3
98192.1
98194.8
98197.6
98200.3
98203.1
98205.9
98208.8
98211.7
98214.6
98217.6
98220.7
98223.8
98227
98230.2
98233.4
98236.7
98239.9
98243.1
98246.3
98249.4
98252.4
98255.2
98257.9
98260.5
98262.8
98264.9
98266.9
98268.5
98270
98271.2
98272.2
98273.1
98273.7
98274.3
98274.8
98275.3
98275.8
98276.5
98277.3
98278.4
98279.9
98281.9
98284.4
98287.6
98291.5
98296.2
98301.8
98308.4
98316.1
98325
98335.1
98346.5
98359.3
98373.5
98389.2
98406.5
98425.3
98445.6
98467.4
98490.6
98515.1
98540.8
98567.6
98595.2
98623.5
98652.3
98681.5
98710.9
98740.1
98769
98797.5
98825.4
98852.9
98879.7
98906.2
98932.1
98957.7
98983
99008.3
99033.3
99058.2
99082.7
99106.9
99130.2
99152.7
99174
99194.1
99212.7
99229.4
99244.2
99257.2
99268.5
99278
99286.2
99292.8
99298.3
99303
99306.7
99309.8
99312.4
99314.8
99317.1
99319.5
99322.5
99325.7
99330.1
99335.6
99343
99352
99363.1
99375.9
99390.9
99406.9
99424.3
99441.8
99460.3
99477.1
99493.8
99507.1
99518.4
99524.6
99525.9
99519.5
99502.6
98156.1
98152.9
98149.9
98146.9
98144.1
98141.3
98138.7
98136.2
98133.8
98131.5
98129.4
98127.5
98125.7
98124
98122.5
98121.2
98120.1
98119.2
98118.4
98117.8
98117.4
98117.2
98117.2
98117.4
98117.8
98118.4
98119.1
98120.1
98121.3
98122.6
98124.1
98125.8
98127.7
98129.7
98131.8
98134.1
98136.5
98139.1
98141.7
98144.4
98147.2
98150.1
98153
98156
98158.9
98161.9
98164.9
98167.9
98170.9
98173.8
98176.8
98179.7
98182.6
98185.5
98188.4
98191.2
98194.1
98196.9
98199.8
98202.6
98205.5
98208.5
98211.4
98214.5
98217.5
98220.7
98223.9
98227.2
98230.5
98233.9
98237.3
98240.7
98244.1
98247.5
98250.9
98254.2
98257.4
98260.4
98263.3
98266.1
98268.7
98271
98273.1
98275
98276.7
98278.1
98279.4
98280.4
98281.3
98282
98282.7
98283.4
98284.1
98284.9
98285.9
98287.2
98288.8
98290.9
98293.5
98296.8
98300.8
98305.7
98311.4
98318.1
98325.9
98334.9
98345.1
98356.7
98369.6
98384
98399.9
98417.3
98436.3
98456.8
98478.8
98502.2
98527
98553
98580
98608
98636.6
98665.8
98695.3
98724.9
98754.5
98783.7
98812.7
98841.1
98868.9
98896.3
98923.2
98949.7
98975.9
99001.8
99027.6
99053.4
99079
99104.2
99129.1
99153.2
99176.4
99198.4
99219.3
99238.6
99255.9
99271.4
99285
99296.8
99307
99315.7
99322.8
99328.8
99333.8
99337.9
99341.2
99344.1
99346.6
99349
99351.5
99354.4
99357.5
99361.8
99367.1
99374.2
99382.7
99393.3
99405.5
99419.8
99435
99451.7
99468.4
99485.9
99501.7
99517.6
99529.9
99540.2
99545.4
99545.8
99538.3
99520.5
98160.4
98157.1
98154
98151
98148
98145.2
98142.4
98139.8
98137.3
98134.9
98132.7
98130.7
98128.7
98127
98125.4
98124
98122.8
98121.7
98120.8
98120.1
98119.7
98119.4
98119.3
98119.4
98119.7
98120.2
98120.9
98121.8
98122.9
98124.1
98125.6
98127.2
98129
98131
98133.1
98135.4
98137.7
98140.2
98142.8
98145.5
98148.3
98151.2
98154.1
98157
98160
98162.9
98165.9
98168.9
98171.9
98174.9
98177.9
98180.9
98183.8
98186.7
98189.6
98192.5
98195.4
98198.3
98201.3
98204.2
98207.2
98210.2
98213.2
98216.3
98219.5
98222.7
98226
98229.4
98232.8
98236.3
98239.8
98243.3
98246.9
98250.4
98253.9
98257.3
98260.6
98263.8
98266.8
98269.7
98272.4
98274.9
98277.2
98279.2
98281
98282.6
98283.9
98285.1
98286.1
98287
98287.8
98288.6
98289.4
98290.3
98291.4
98292.8
98294.5
98296.7
98299.4
98302.8
98306.9
98311.7
98317.5
98324.3
98332.2
98341.3
98351.6
98363.2
98376.2
98390.7
98406.6
98424.2
98443.3
98463.9
98486.1
98509.6
98534.5
98560.7
98587.9
98616.1
98644.9
98674.3
98704
98733.8
98763.6
98793.1
98822.3
98851
98879.1
98906.7
98934
98960.8
98987.4
99013.7
99040
99066.2
99092.2
99117.9
99143.2
99167.9
99191.6
99214.1
99235.4
99255.1
99272.9
99288.9
99302.8
99315.1
99325.5
99334.6
99342.1
99348.3
99353.6
99357.9
99361.4
99364.4
99367
99369.5
99372
99374.9
99377.8
99382
99387.1
99394
99402.2
99412.5
99424.2
99438.1
99452.8
99469
99485.1
99502.1
99517.3
99532.5
99544.2
99553.8
99558.4
99558.1
99549.9
99531.6
98162.8
98159.5
98156.4
98153.3
98150.2
98147.3
98144.5
98141.8
98139.2
98136.8
98134.5
98132.4
98130.4
98128.6
98127
98125.5
98124.2
98123.1
98122.2
98121.5
98120.9
98120.6
98120.4
98120.5
98120.7
98121.2
98121.9
98122.7
98123.8
98125
98126.4
98128
98129.8
98131.7
98133.8
98136
98138.4
98140.9
98143.5
98146.2
98148.9
98151.8
98154.7
98157.6
98160.6
98163.6
98166.6
98169.6
98172.6
98175.6
98178.6
98181.5
98184.5
98187.4
98190.4
98193.3
98196.2
98199.2
98202.1
98205.1
98208.1
98211.1
98214.2
98217.4
98220.6
98223.9
98227.2
98230.6
98234.1
98237.6
98241.2
98244.8
98248.4
98252
98255.5
98259
98262.4
98265.7
98268.8
98271.7
98274.5
98277.1
98279.4
98281.5
98283.4
98285
98286.5
98287.7
98288.8
98289.7
98290.6
98291.4
98292.3
98293.3
98294.5
98295.9
98297.7
98299.9
98302.6
98306
98310.1
98315.1
98320.9
98327.7
98335.6
98344.7
98355.1
98366.7
98379.8
98394.3
98410.3
98427.9
98447.1
98467.8
98490
98513.7
98538.7
98564.9
98592.2
98620.5
98649.4
98678.9
98708.7
98738.7
98768.5
98798.2
98827.5
98856.3
98884.6
98912.4
98939.9
98966.9
98993.7
99020.2
99046.7
99073.1
99099.4
99125.4
99151
99175.9
99199.9
99222.7
99244.2
99264.3
99282.3
99298.5
99312.7
99325.1
99335.8
99345.1
99352.8
99359.2
99364.5
99369
99372.6
99375.6
99378.3
99380.8
99383.2
99386.1
99389
99393.1
99398
99404.8
99412.8
99422.8
99434.3
99447.9
99462.3
99478.2
99494
99510.7
99525.6
99540.5
99551.8
99561.1
99565.3
99564.7
99556.1
99537.8
98163.9
98160.6
98157.3
98154.2
98151.1
98148.2
98145.4
98142.6
98140.1
98137.6
98135.3
98133.2
98131.2
98129.3
98127.7
98126.2
98124.8
98123.7
98122.8
98122
98121.4
98121.1
98120.9
98120.9
98121.2
98121.6
98122.3
98123.1
98124.1
98125.4
98126.8
98128.4
98130.1
98132
98134.1
98136.3
98138.7
98141.2
98143.7
98146.4
98149.2
98152
98154.9
98157.8
98160.8
98163.8
98166.8
98169.8
98172.8
98175.8
98178.8
98181.8
98184.7
98187.7
98190.6
98193.6
98196.5
98199.5
98202.4
98205.4
98208.4
98211.5
98214.6
98217.8
98221
98224.3
98227.7
98231.1
98234.6
98238.1
98241.7
98245.3
98249
98252.6
98256.2
98259.7
98263.1
98266.4
98269.5
98272.5
98275.3
98277.9
98280.3
98282.4
98284.3
98286
98287.5
98288.7
98289.8
98290.8
98291.7
98292.6
98293.5
98294.5
98295.7
98297.1
98298.9
98301.1
98303.9
98307.3
98311.5
98316.4
98322.3
98329.1
98337
98346.1
98356.5
98368.2
98381.3
98395.8
98411.8
98429.5
98448.7
98469.4
98491.6
98515.3
98540.3
98566.6
98594
98622.2
98651.2
98680.7
98710.6
98740.6
98770.5
98800.2
98829.5
98858.4
98886.8
98914.7
98942.2
98969.3
98996.1
99022.7
99049.3
99075.8
99102.2
99128.3
99154
99179
99203.1
99226
99247.7
99267.8
99286
99302.2
99316.5
99329.1
99339.9
99349.2
99357
99363.5
99368.9
99373.4
99377
99380
99382.7
99385.2
99387.6
99390.5
99393.3
99397.4
99402.3
99408.9
99416.9
99426.8
99438.2
99451.7
99466
99481.8
99497.4
99514
99528.8
99543.5
99554.7
99563.9
99568
99567.3
99558.6
99540.4
99083.4
98983
98882.8
98787.3
98695.7
98610.2
98532.2
98463.2
98404.2
98355.6
98316.9
98288.1
98265.6
98250.2
98233.3
98217.5
98191.7
98160.9
98118.6
98074.7
98028.8
97990.7
97962.7
97945.1
97956.5
99057.8
98959.3
98860.7
98766.9
98677.1
98593.4
98517.3
98450.2
98392.9
98346.1
98308.9
98281.6
98260.3
98245.8
98229.7
98214.4
98189.1
98158.7
98116.7
98073
98027.4
97989.6
97962
97944.7
97956.4
99013.9
98917.5
98821.9
98731.2
98644.5
98563.9
98491
98427
98372.7
98328.7
98294.2
98269.2
98250
98237.4
98222.8
98208.8
98184.6
98155
98113.9
98071
98026
97988.8
97961.5
97944.3
97956.6
98952.5
98859.1
98767.6
98681.1
98598.7
98522.5
98454
98394.3
98344.1
98303.9
98273
98251.4
98235.1
98225
98212.7
98200.5
98178
98149.7
98109.7
98067.8
98023.7
97987.1
97960.3
97943.4
97956.1
98874.5
98785.3
98698.9
98617.7
98540.7
98470.1
98407
98352.6
98307.6
98272.4
98246
98228.5
98216
98209.1
98199.7
98189.8
98169.4
98142.8
98104.3
98063.6
98020.6
97984.9
97958.8
97942.2
97955.6
98783.2
98699.1
98618.9
98543.9
98473.2
98408.9
98352.1
98303.9
98264.9
98235.3
98214.2
98201.5
98193.3
98190.1
98184.1
98177.1
98159.2
98134.7
98097.9
98058.7
98016.9
97982.3
97956.9
97940.9
97955.1
98681.1
98603
98529.8
98461.8
98398.2
98340.9
98291
98249.5
98217.1
98193.7
98178.5
98171.1
98167.7
98168.6
98166.4
98162.6
98147.6
98125.3
98090.7
98053.1
98012.7
97979.4
97954.8
97939.3
97954.6
98570.9
98499.5
98433.8
98373.3
98317.3
98267.5
98225.1
98190.8
98165.5
98148.7
98139.6
98137.8
98139.6
98145
98146.9
98146.5
98134.7
98115
98082.6
98046.9
98008.1
97976.1
97952.4
97937.7
97954.1
98455.2
98391
98333.1
98280.5
98232.5
98190.3
98155.8
98129.1
98111
98101
98098.3
98102.4
98109.6
98119.7
98125.9
98129.2
98120.7
98103.8
98073.9
98040.2
98003
97972.6
97949.9
97935.9
97953.6
98336.2
98279.5
98229.8
98185.2
98145.2
98111
98084.4
98065.4
98054.7
98051.7
98055.5
98065.6
98078.2
98093.2
98103.7
98110.9
98105.9
98092
98064.5
98033.1
97997.7
97968.8
97947.3
97934.1
97953.1
98216
98167
98125.7
98088.9
98057.1
98030.8
98012.3
98000.9
97997.5
98001.4
98011.8
98027.9
98045.9
98065.7
98080.6
98091.8
98090.3
98079.5
98054.8
98025.7
97992.1
97964.9
97944.5
97932.2
97952.5
98096.7
98055.2
98022.2
97993.3
97969.4
97951
97940.5
97936.5
97940.3
97951
97967.8
97989.8
98013.1
98037.6
98057
98072.1
98074.3
98066.6
98044.6
98018
97986.2
97960.8
97941.7
97930.4
97951.9
97979.9
97945.8
97920.9
97899.5
97883.6
97872.8
97870
97873.1
97884
97901.1
97924.2
97951.8
97980.2
98009.4
98033.1
98052.1
98057.9
98053.4
98034.2
98010
97980.3
97956.7
97938.9
97928.5
97951.4
97866.9
97839.9
97823
97808.7
97800.5
97796.9
97801.5
97811.4
97829.1
97852.4
97881.3
97914.2
97947.6
97981.2
98009.2
98032
98041.3
98040
98023.6
98002
97974.2
97952.5
97936
97926.6
97950.8
97758.8
97738.6
97729.2
97721.7
97720.9
97724.1
97735.8
97752.2
97776.2
97805.4
97839.8
97877.6
97915.6
97953.5
97985.5
98011.9
98024.7
98026.6
98013
97993.9
97968.1
97948.3
97933.2
97924.7
97950.2
97656.7
97642.7
97640.4
97639.4
97645.4
97655.2
97673.2
97695.9
97725.7
97760.5
97799.8
97842.3
97884.5
97926.5
97962.2
97992.1
98008.2
98013.3
98002.4
97985.9
97962
97944.1
97930.4
97922.9
97949.7
97561.2
97553.2
97557.4
97562.3
97574.7
97590.4
97614.3
97642.9
97678
97717.9
97761.9
97808.6
97854.6
97900.3
97939.4
97972.7
97992
98000.1
97992
97977.9
97955.9
97940
97927.6
97921.2
97949.1
97473.1
97470.7
97480.9
97491.2
97509.3
97530.5
97559.7
97593.7
97633.6
97678.1
97726.2
97776.8
97826.2
97875.3
97917.6
97953.9
97976.3
97987.3
97981.7
97970.1
97950
97935.9
97924.9
97919.5
97948.5
97392.9
97395.2
97410.8
97425.8
97449
97475.1
97509
97547.7
97591.9
97640.5
97692.2
97746.2
97798.7
97850.7
97895.9
97935.1
97960.4
97974.1
97971.2
97961.9
97943.8
97931.7
97922
97917.7
97948
97321.3
97327.6
97347.9
97366.9
97394.5
97425
97463
97505.7
97553.5
97605.6
97660.4
97717.2
97772.4
97826.9
97874.6
97916.4
97944.4
97960.8
97960.4
97953.6
97937.4
97927.4
97919.1
97916
97947.5
97258.9
97268.6
97293
97315.5
97347
97381.3
97422.9
97468.9
97519.8
97574.6
97631.9
97691.1
97748.4
97805
97855
97898.9
97929.3
97948.2
97950.2
97945.7
97931.4
97923.4
97916.4
97914.4
97947
97206.1
97218.6
97246.3
97271.8
97306.8
97344.3
97388.9
97437.7
97491
97547.9
97607.2
97668
97727
97785.2
97837
97882.8
97915.3
97936.3
97940.6
97938.2
97925.8
97919.7
97913.9
97913
97946.6
97163
97177.9
97208.5
97236.3
97274.2
97314.2
97361.4
97412.2
97467.2
97525.6
97586.3
97648.2
97708.3
97767.6
97820.7
97868.1
97902.4
97925.3
97931.6
97931.3
97920.6
97916.2
97911.7
97911.8
97946.2
97129.9
97146.8
97179.9
97209.5
97249.9
97291.7
97340.8
97392.7
97448.9
97508.2
97569.5
97631.9
97692.4
97752.4
97806.5
97855
97890.7
97915.3
97923.4
97924.9
97915.8
97913.2
97909.6
97910.7
97945.9
97107.1
97125.7
97161
97192
97233.9
97276.9
97327.1
97379.5
97436.3
97495.7
97556.9
97619.2
97679.6
97739.8
97794.3
97843.5
97880.3
97906.3
97916.1
97919.2
97911.6
97910.5
97907.8
97909.9
97945.7
97094.8
97114.8
97151.8
97183.9
97226.7
97270.2
97320.6
97372.9
97429.5
97488.3
97548.7
97610.2
97670
97729.8
97784.3
97833.8
97871.3
97898.3
97909.5
97914.1
97907.8
97908.2
97906.3
97909.3
97945.6
97093.2
97114.2
97152.6
97185.2
97228.3
97271.5
97321.4
97372.9
97428.5
97486
97544.9
97604.9
97663.6
97722.5
97776.4
97825.9
97863.8
97891.5
97903.9
97909.6
97904.7
97906.3
97905.1
97909
97945.7
97102.3
97124
97163.2
97195.9
97238.7
97281
97329.7
97379.5
97433.5
97488.9
97545.7
97603.7
97660.6
97718.1
97771
97819.9
97857.8
97885.9
97899.3
97906
97902.1
97904.8
97904.3
97908.9
97945.8
97121.7
97143.9
97183.3
97215.6
97257.5
97298.3
97345
97392.6
97444.1
97496.8
97550.9
97606.3
97661
97716.5
97767.9
97815.9
97853.4
97881.5
97895.7
97903.2
97900.2
97903.8
97903.7
97909
97945.9
97151.6
97173.9
97213
97244.3
97284.6
97323.3
97367.4
97412.2
97460.3
97509.8
97560.4
97612.7
97664.6
97717.5
97766.9
97813.5
97850.3
97878.3
97892.8
97901
97898.8
97903.2
97903.4
97909.3
97946.2
97191.7
97213.8
97251.9
97281.8
97320
97356.2
97396.8
97438.1
97482.2
97527.6
97574.2
97622.8
97671.3
97721.1
97768.1
97812.8
97848.5
97876
97890.8
97899.4
97898
97903
97903.4
97909.8
97946.6
97241.9
97263.4
97300
97328.2
97363.6
97396.6
97433.2
97470.2
97509.6
97550.3
97592.3
97636.5
97681
97727.2
97771.4
97813.9
97848.1
97874.9
97889.6
97898.5
97897.6
97903.1
97903.7
97910.5
97947.2
97302.5
97322.8
97357.3
97383.4
97415.4
97444.5
97476.4
97508.5
97542.5
97577.8
97614.7
97653.8
97693.7
97735.9
97776.7
97816.5
97848.9
97874.7
97889.2
97898.2
97897.7
97903.6
97904.2
97911.5
97947.8
97372.7
97391.5
97423.4
97446.9
97475
97499.5
97526.1
97552.6
97580.6
97610
97640.9
97674.4
97709.3
97746.9
97783.9
97820.7
97851
97875.5
97889.5
97898.4
97898.3
97904.4
97905
97912.7
97948.5
97457.9
97474.4
97502.8
97522.9
97546.1
97564.9
97585.3
97605.1
97626.1
97648.6
97672.6
97699.5
97728.4
97760.8
97793.4
97826.7
97854.5
97877.3
97890.7
97899.3
97899.3
97905.5
97906.1
97914.1
97949.4
97560.1
97573.3
97597.1
97612.7
97629.8
97641.9
97655.1
97667
97679.8
97694
97710.1
97729.5
97751.7
97778
97805.5
97834.6
97859.4
97880.3
97892.7
97900.8
97900.9
97907.1
97907.6
97915.7
97950.3
97672.6
97682.2
97700.6
97711
97721.4
97726.3
97731.6
97734.8
97738.8
97744
97751.5
97762.9
97777.7
97797.5
97819.5
97844
97865.5
97884.1
97895.3
97902.9
97903
97909
97909.2
97917.5
97951.4
97795
97800.6
97813
97817.3
97820.5
97817.7
97814.2
97808.2
97802.5
97798.3
97796.7
97799.4
97806.4
97819.1
97835.1
97854.8
97872.6
97888.7
97898.6
97905.4
97905.4
97911.2
97911.2
97919.5
97952.6
97926.6
97927.8
97933.4
97931
97926.5
97915.5
97902.5
97886.6
97870.7
97856.5
97845.3
97838.8
97837.4
97842.6
97852.2
97866.7
97880.6
97894
97902.4
97908.3
97908.1
97913.6
97913.4
97921.7
97953.9
98066.5
98062.5
98060.8
98051.1
98038.4
98018.5
97995.5
97969.2
97942.6
97918
97896.7
97880.6
97870.3
97867.7
97870.7
97879.6
97889.4
97900
97906.7
97911.6
97911.2
97916.2
97915.7
97924
97955.3
98213
98203.6
98194
98176.6
98155.2
98125.9
98092.4
98055.4
98017.7
97982.2
97950.3
97924.3
97904.8
97894
97890.1
97893.3
97898.8
97906.4
97911.4
97915.2
97914.5
97919.1
97918.3
97926.5
97956.7
98364.5
98349.4
98331.7
98306.4
98275.7
98236.5
98192.3
98144.2
98095.2
98048.4
98005.6
97969.2
97940.4
97921.2
97910.3
97907.6
97908.7
97913.2
97916.3
97919.1
97918
97922.1
97921.1
97929
97958.3
98518.8
98497.9
98472.1
98438.6
98398.4
98349
98293.9
98234.6
98174.1
98115.7
98061.7
98014.9
97976.5
97948.9
97930.8
97922.2
97918.9
97920.2
97921.5
97923.1
97921.6
97925.2
97924
97931.7
97959.8
98672.5
98645.8
98612.1
98570.3
98520.7
98461.1
98395.2
98324.6
98252.6
98182.6
98117.5
98060.3
98012.4
97976.3
97951.1
97936.8
97929.1
97927.4
97926.8
97927.2
97925.2
97928.4
97927
97934.4
97961.4
98833.1
98800.3
98758.6
98708.2
98648.9
98578.8
98501.6
98419.2
98335.1
98253
98176
98107.8
98050
98005.1
97972.4
97952.1
97940
97935.1
97932.5
97931.7
97929.3
97931.9
97930.4
97937.3
97963.1
98986.8
98948.2
98899.4
98840.8
98772.1
98692.1
98604.1
98510.3
98414.5
98320.7
98232.4
98153.4
98086
98032.7
97992.9
97966.9
97950.5
97942.6
97938
97936.1
97933.2
97935.4
97933.8
97940.3
97964.8
99113.8
99070.5
99015.9
98950.7
98874.3
98786
98689
98585.8
98480.3
98376.8
98278.9
98191
98115.6
98055.3
98009.7
97979.1
97959.2
97948.8
97942.6
97939.9
97936.6
97938.4
97936.7
97942.7
97966.1
99216.8
99170
99110.8
99040.1
98957.5
98862.5
98758.2
98647.3
98533.8
98422.3
98316.7
98221.5
98139.6
98073.6
98023.3
97989
97966.3
97953.9
97946.5
97942.9
97939.4
97940.8
97939.1
97944.7
97967.2
99298.5
99249
99186.4
99111.4
99023.9
98923.5
98813.3
98696.3
98576.4
98458.5
98346.7
98245.7
98158.6
98088.1
98034.2
97996.8
97971.9
97958
97949.5
97945.4
97941.6
97942.8
97941.1
97946.3
97968
99361.9
99310.4
99245.2
99167.1
99075.7
98971.1
98856.3
98734.5
98609.6
98486.8
98370.2
98264.6
98173.5
98099.5
98042.6
98002.9
97976.3
97961.2
97951.9
97947.3
97943.3
97944.3
97942.6
97947.5
97968.6
99409.9
99357.1
99290.1
99209.5
99115.1
99007.4
98889.1
98763.5
98635
98508.3
98388.1
98279.1
98184.8
98108.1
98049
98007.6
97979.6
97963.6
97953.7
97948.7
97944.6
97945.5
97943.7
97948.4
97969
99445.4
99391.6
99323.4
99240.9
99144.4
99034.3
98913.4
98785.2
98653.8
98524.4
98401.4
98289.9
98193.4
98114.6
98053.8
98011.1
97982.1
97965.3
97954.9
97949.7
97945.4
97946.3
97944.5
97949
97969.2
99470.7
99416.4
99347.3
99263.5
99165.4
99053.6
98930.9
98800.7
98667.3
98535.9
98411.1
98297.7
98199.5
98119.3
98057.3
98013.5
97983.8
97966.5
97955.8
97950.3
97946
97946.8
97945
97949.3
97969.3
99487.9
99433.3
99363.6
99278.9
99179.8
99066.8
98942.9
98811.4
98676.7
98544
98417.8
98303.2
98203.8
98122.5
98059.6
98015.1
97984.9
97967.2
97956.3
97950.7
97946.3
97947
97945.2
97949.5
97969.3
99498.7
99443.8
99373.8
99288.6
99188.9
99075.3
98950.7
98818.5
98682.9
98549.3
98422.2
98306.8
98206.6
98124.6
98061.1
98016.2
97985.6
97967.7
97956.6
97951
97946.5
97947.2
97945.3
97949.6
97969.2
99504.9
99450
99379.8
99294.4
99194.5
99080.6
98955.7
98822.9
98686.9
98552.7
98425.1
98309.1
98208.3
98125.9
98062
98016.7
97985.9
97967.9
97956.7
97951
97946.5
97947.2
97945.3
97949.6
97969.1
99508.3
99453.4
99383.4
99298.1
99198.3
99084.3
98959.2
98826.3
98690
98555.5
98427.5
98311.1
98209.9
98127.2
98062.9
98017.4
97986.3
97968.1
97956.9
97951.1
97946.6
97947.2
97945.4
97949.5
97969
)
;

boundaryField
{
    inlet
    {
        type            zeroGradient;
    }
    outlet
    {
        type            waveTransmissive;
        phi             phi;
        rho             rho;
        psi             psi;
        gamma           1.3;
        fieldInf        100000;
        lInf            0.3;
        value           uniform 100000;
    }
    upperWall
    {
        type            zeroGradient;
    }
    lowerWall
    {
        type            zeroGradient;
    }
    frontAndBack
    {
        type            empty;
    }
}


// ************************************************************************* //
