/*--------------------------------*- C++ -*----------------------------------*\
| =========                 |                                                 |
| \\      /  F ield         | OpenFOAM: The Open Source CFD Toolbox           |
|  \\    /   O peration     | Version:  dev                                   |
|   \\  /    A nd           | Web:      http://www.openfoam.org               |
|    \\/     M anipulation  |                                                 |
\*---------------------------------------------------------------------------*/
FoamFile
{
    version     2.0;
    format      ascii;
    class       volScalarField;
    object      p_0;
    location    "9.121";
}
// * * * * * * * * * * * * * * * * * * * * * * * * * * * * * * * * * * * * * //

dimensions      [1 -1 -2 0 0 0 0];

internalField   nonuniform List<scalar> 
12225
(
103590
103495
103370
103216
103030
102820
102587
102343
102078
101817
101522
101254
100924
100684
100352
99999.5
99559.5
99070.1
103585
103494
103370
103217
103030
102821
102588
102344
102079
101818
101523
101256
100925
100683
100349
99994.1
99563.5
99144.2
103579
103491
103370
103217
103032
102823
102590
102347
102083
101820
101531
101258
100943
100676
100354
100001
99591.9
99186
103574
103489
103369
103217
103034
102826
102595
102353
102091
101827
101544
101265
100963
100685
100359
100025
99634.6
99231.7
103569
103488
103370
103219
103037
102831
102602
102361
102102
101839
101560
101280
100986
100700
100385
100058
99714.6
99344.8
103565
103487
103371
103222
103042
102839
102612
102373
102117
101856
101582
101304
101015
100732
100432
100127
99833.2
99458.6
103563
103487
103372
103226
103048
102848
102625
102389
102137
101879
101609
101336
101054
100776
100493
100207
99923.9
99590.6
103560
103487
103374
103231
103057
102860
102640
102408
102160
101906
101642
101373
101097
100825
100553
100274
100001
99696.4
103554
103486
103377
103237
103066
102873
102657
102428
102186
101934
101676
101412
101141
100876
100611
100341
100076
99794.7
103548
103485
103380
103244
103078
102889
102679
102454
102218
101971
101719
101461
101198
100939
100683
100422
100168
99910.7
103542
103483
103383
103252
103093
102910
102707
102488
102259
102019
101774
101523
101270
101019
100772
100523
100281
100042
103534
103480
103387
103262
103111
102935
102742
102532
102311
102080
101844
101603
101361
101120
100883
100646
100417
100194
103528
103476
103390
103273
103131
102966
102784
102585
102377
102157
101933
101704
101474
101245
101019
100796
100580
100372
103519
103468
103388
103282
103153
103002
102834
102651
102457
102253
102043
101828
101613
101398
101186
100978
100775
100580
103493
103445
103376
103283
103171
103038
102889
102726
102551
102367
102176
101979
101781
101583
101387
101194
101006
100825
103422
103394
103341
103268
103177
103068
102944
102806
102657
102497
102330
102156
101979
101801
101624
101449
101278
101112
103319
103299
103266
103218
103156
103078
102986
102880
102762
102634
102497
102352
102202
102049
101895
101743
101591
101446
103134
103140
103136
103120
103091
103050
102995
102926
102845
102753
102651
102540
102422
102297
102171
102043
101916
101789
102915
102948
102972
102987
102991
102985
102966
102935
102891
102834
102766
102688
102600
102507
102408
102305
102201
102096
102714
102761
102805
102846
102879
102904
102917
102918
102905
102880
102843
102794
102735
102668
102594
102514
102430
102344
102519
102587
102650
102712
102769
102819
102859
102887
102901
102903
102892
102868
102834
102789
102736
102676
102610
102541
102362
102441
102517
102594
102670
102740
102801
102851
102888
102912
102922
102919
102905
102879
102844
102800
102749
102693
102244
102324
102408
102496
102586
102671
102749
102816
102871
102912
102940
102953
102957
102945
102924
102892
102853
102808
102156
102235
102323
102419
102518
102614
102704
102785
102853
102909
102950
102977
102991
102992
102981
102960
102930
102893
102096
102169
102258
102359
102465
102570
102669
102759
102838
102903
102954
102991
103015
103025
103022
103009
102985
102954
102054
102122
102211
102314
102425
102536
102642
102740
102826
102898
102956
103000
103031
103047
103050
103042
103024
102997
102021
102088
102176
102283
102397
102512
102623
102725
102816
102893
102956
103006
103040
103060
103067
103063
103049
103025
101997
102064
102153
102262
102378
102496
102610
102715
102809
102890
102956
103008
103045
103068
103078
103076
103064
103043
101981
102049
102139
102249
102367
102486
102602
102709
102804
102887
102955
103009
103047
103072
103083
103083
103072
103052
101974
102042
102132
102243
102361
102481
102598
102706
102802
102885
102954
103008
103048
103073
103085
103085
103075
103056
90737.4
90743.3
90756.3
90776.5
90804.1
90838.9
90880.7
90928.9
90983.1
91043.3
91109.5
91181.7
91260.3
91345.3
91436.8
91534.8
91639.5
91750.8
91868.5
91994.1
92124.4
92260.9
92403.6
92552.2
92706.5
92866.4
93031.8
93202.5
93378.5
93559.6
93745.9
93937.2
94133.4
94334.4
94539.5
94748.4
94961.4
95177.8
95398
95622
95849.5
96081
96317.1
96556.8
96800.7
97047.8
97295.9
97543.8
97793.8
98045.1
98291.5
98540.3
98792.4
99044.2
99294.5
99543.7
99793.1
100045
100297
100549
100800
101051
101299
101545
101787
102024
102257
102487
102710
102926
103134
103334
103524
103704
103874
104031
104177
104309
104429
104534
104626
104699
104760
104806
104837
104853
104856
104846
104823
104788
104742
104685
104618
104542
104455
104360
104257
104145
104026
103900
103765
103621
103468
103305
103134
102953
102764
102566
102362
102154
101942
101728
101511
101291
101068
100842
100614
100383
100149
99919.3
99695.3
99477.6
99267.3
99066.2
98876.1
98698.4
98533.2
98381.4
98243.3
98118.2
98007
97908.9
97822.2
97748.5
97684.1
97642
97605.8
97604.1
97592.7
97601.4
97601.7
97614.4
97641.7
97685.2
97748
97834.7
97930.5
98022.5
98097.8
98153.9
98193.4
98230.4
98285.5
98370.9
98487.7
98630.8
98782
98931.6
99063.4
99182
99271.6
99340.9
99388.7
99411.6
99449.1
99429.5
99401.5
99391.6
99409.6
99477.9
99596.5
99787.5
100085
100604
101276
102002
102761
103553
104346
105118
90796.1
90801.9
90814.7
90834.9
90862.9
90898.1
90939.6
90987
91040
91098.6
91163.2
91233.9
91310.9
91394.3
91484.2
91580.6
91683.4
91794.3
91910.5
92033.3
92162.3
92297.3
92438.4
92585.5
92738.3
92896.7
93060.4
93229.5
93403.6
93582.9
93766.9
93956.3
94150.2
94348.7
94552.2
94758.9
94970.4
95188.6
95408.2
95629.1
95851.9
96081.5
96316.8
96556.3
96798.9
97045.3
97292
97538.1
97784.8
98033.2
98282.9
98529.9
98776.4
99024.6
99275.2
99526
99775.6
100022
100271
100523
100774
101025
101273
101518
101759
101996
102229
102457
102680
102896
103103
103303
103493
103673
103842
104000
104145
104278
104397
104503
104594
104670
104732
104778
104809
104826
104829
104819
104796
104761
104715
104658
104591
104514
104427
104332
104227
104114
103993
103864
103728
103582
103427
103263
103090
102908
102717
102519
102314
102105
101893
101679
101462
101242
101020
100795
100568
100338
100104
99876.4
99656.6
99443
99236.7
99040
98854.9
98683
98523.8
98378
98246.2
98127.3
98022.7
97932
97853.1
97787.8
97729.8
97696.5
97668.3
97679.3
97675.8
97693.7
97702.1
97725.8
97761.3
97814.5
97888.7
97987.3
98096.5
98203.6
98291.9
98357
98400.8
98438.4
98495
98586.2
98711.1
98863.5
99021.2
99175.4
99306.8
99426.7
99512.8
99579.3
99621.9
99636.6
99675
99644.4
99607.9
99583.3
99585.4
99636.2
99735.1
99908.1
100180
100687
101349
102058
102799
103579
104360
105125
90911.4
90917.7
90930.7
90951
90978.5
91012.1
91051.3
91095.8
91145.9
91201.6
91263.3
91331.1
91405.2
91485.8
91572.8
91666.5
91766.7
91873.6
91987.2
92107.7
92233.8
92366
92504.4
92648.6
92798.5
92953.8
93114.6
93280.6
93451.7
93628
93808.8
93994.3
94184.5
94379
94578.6
94782.7
94990.9
95203.3
95418.2
95637.1
95862.1
96088.2
96317.1
96552.7
96793.8
97039.2
97283.8
97527.2
97770.2
98014.2
98261.2
98509.6
98752.9
98991.6
99237.5
99485.9
99735
99983.2
100231
100480
100728
100976
101222
101465
101704
101941
102173
102401
102622
102837
103045
103244
103433
103613
103783
103940
104085
104218
104337
104443
104535
104612
104675
104723
104753
104771
104776
104767
104744
104709
104663
104606
104538
104460
104371
104273
104166
104051
103926
103794
103653
103503
103344
103175
102998
102814
102622
102423
102217
102007
101793
101578
101360
101140
100919
100694
100465
100232
100010
99791.4
99579.4
99374.6
99178.1
98991.2
98815.5
98654.2
98506.5
98372.2
98252.1
98145.2
98053.7
97977.9
97914.9
97866.2
97821.8
97804.6
97792.1
97823.8
97839.8
97872.8
97900.6
97946.3
97996.1
98060.1
98149.7
98261.5
98389.5
98528.5
98656.1
98755.1
98817.9
98859.5
98918.3
99019.4
99159.7
99327.5
99495.5
99657.1
99788.6
99907.2
99987
100049
100082
100083
100113
100073
100034
99990.2
99959
99974.5
100030
100164
100389
100865
101502
102172
102874
103628
104385
105135
91077.3
91083.9
91097
91116.5
91141.7
91172.1
91207.7
91248.7
91295.2
91347.6
91405.9
91470.3
91540.8
91617.7
91701.1
91791.1
91887.7
91991
92100.6
92216.6
92339.2
92467.3
92601.4
92741.2
92886.6
93037.4
93193.6
93355.1
93521.7
93693.3
93869.5
94050.5
94235.9
94425.4
94619.9
94818.7
95022
95229.8
95442
95658.5
95878.5
96100.8
96324.6
96555.4
96791.4
97029.3
97268.5
97512.5
97753.7
97992.3
98233.6
98474.7
98714.5
98954.5
99196.2
99438.8
99682.8
99927.5
100173
100418
100662
100906
101149
101390
101628
101863
102094
102321
102541
102756
102962
103161
103351
103531
103701
103859
104004
104137
104256
104361
104453
104530
104594
104643
104676
104695
104701
104692
104671
104636
104591
104533
104464
104385
104294
104194
104084
103964
103836
103699
103553
103397
103232
103058
102876
102687
102490
102285
102076
101863
101649
101434
101216
100996
100775
100554
100330
100103
99885.3
99674.7
99473.2
99280.6
99097.4
98924.4
98762.5
98615.8
98483.6
98365.9
98264
98174.9
98102.8
98048
98009.2
97987.1
97964.7
97972.3
97982.6
98029.9
98076.3
98121
98183.7
98264.2
98357
98434.5
98532.9
98648
98785.1
98956
99136.7
99298.7
99412.9
99478.4
99545
99658
99817.1
100002
100179
100349
100480
100591
100661
100708
100729
100712
100711
100662
100622
100564
100497
100478
100480
100551
100708
101131
101726
102337
102987
103699
104419
105147
91287.5
91294
91306.4
91324.3
91347
91374.5
91406.8
91444.5
91487.6
91536.1
91590.4
91650.5
91716.8
91789.3
91868.3
91953.9
92046
92144.4
92249.1
92359.9
92476.8
92599.3
92727.5
92861.4
93000.8
93145.6
93295.8
93451.3
93611.8
93777.5
93948
94123.2
94302.2
94486
94674.2
94867
95065.2
95267.4
95474.3
95685.4
95900.1
96119.3
96342.7
96566.5
96792
97021
97255
97492
97726.9
97961.6
98198.5
98432.3
98667.3
98903.2
99140.1
99377.9
99616.8
99856.6
100097
100338
100579
100819
101058
101296
101532
101765
101994
102219
102438
102651
102856
103054
103244
103424
103595
103754
103899
104032
104151
104256
104347
104423
104486
104535
104570
104591
104597
104590
104570
104537
104491
104434
104365
104285
104193
104090
103977
103854
103721
103579
103428
103266
103096
102916
102728
102532
102328
102118
101904
101687
101469
101250
101031
100813
100596
100384
100161
99944.7
99736.4
99537.6
99348.3
99169.3
99001
98843
98697.5
98570
98457.8
98361.2
98283.5
98219.5
98172.2
98143.3
98131.7
98145.8
98153.6
98194.3
98237.3
98294.5
98375.1
98438
98534
98646.7
98800.7
98930.4
99053.9
99184.9
99325.7
99511.5
99730.5
99955.2
100140
100260
100351
100482
100659
100861
101048
101227
101363
101460
101522
101544
101543
101502
101459
101386
101332
101251
101152
101110
101067
101050
101140
101490
102017
102543
103139
103793
104464
105160
91536.7
91542.5
91553.9
91569.9
91590.1
91614.6
91643.8
91677.6
91716.5
91760.6
91810.3
91865.9
91927.5
91995.4
92069.6
92150.1
92236.5
92329
92427.4
92531.4
92641.1
92756.5
92877.5
93004.3
93136.6
93274.4
93417.6
93566.2
93720
93878.8
94042.8
94211.3
94383.6
94560.3
94740.7
94926.8
95118
95314
95514.8
95719.1
95927.8
96140.2
96355.2
96572
96791.4
97013.4
97238.5
97465.6
97692.3
97922
98151.7
98380.9
98610.7
98841.1
99072.6
99305.1
99538.3
99772.9
100008
100244
100481
100717
100952
101186
101419
101649
101875
102097
102314
102525
102729
102927
103116
103297
103467
103625
103771
103904
104023
104128
104218
104294
104355
104403
104437
104457
104464
104457
104438
104406
104361
104305
104237
104156
104064
103960
103844
103718
103581
103435
103278
103111
102934
102748
102553
102350
102140
101926
101708
101486
101263
101041
100821
100602
100384
100169
99959.3
99757.8
99564.2
99379
99204.9
99043.9
98892.3
98752.9
98629.1
98524.4
98435.6
98362.9
98313.5
98280.2
98261.3
98263.5
98280.2
98331.9
98376.2
98449.6
98530.5
98616.5
98728.2
98843.3
98972.5
99112.3
99310
99497.9
99665.8
99848.3
100034
100246
100474
100732
100979
101167
101303
101461
101655
101878
102078
102261
102410
102495
102543
102548
102515
102445
102355
102240
102155
102032
101895
101837
101763
101653
101681
101932
102358
102802
103324
103914
104526
105173
91819.4
91824.3
91834
91847.8
91865.3
91886.6
91912.1
91942.2
91977
92016.8
92062.3
92113.5
92170.2
92232.8
92301.1
92374.9
92454.4
92539.3
92629.9
92726
92827.7
92935.1
93048.3
93167.1
93291.6
93421.5
93556.7
93697.6
93843.8
93995.1
94151.8
94313.1
94478.6
94647.7
94820.5
94998
95180.7
95368.8
95561.5
95758.2
95959
96163.5
96371.2
96581.1
96792
97004.4
97219.2
97435.8
97657.7
97880
98102.3
98324.9
98548.4
98772.7
98997.8
99223.9
99451.4
99680.3
99910.2
100141
100372
100603
100834
101064
101292
101518
101740
101959
102173
102381
102586
102782
102970
103151
103321
103479
103625
103758
103877
103981
104071
104146
104206
104252
104283
104302
104307
104300
104280
104247
104203
104147
104078
103998
103906
103801
103684
103556
103416
103264
103102
102929
102747
102555
102354
102144
101930
101713
101493
101269
101046
100822
100599
100377
100157
99938.3
99740.9
99553.7
99374.2
99204.7
99050
98907.8
98775.2
98660.6
98561.6
98482.4
98423.8
98379.7
98360.7
98361.9
98375.1
98411.3
98463.9
98550.2
98636.3
98739
98856
98982.1
99131
99303.1
99494.8
99680.5
99905
100132
100341
100580
100834
101102
101352
101625
101915
102173
102367
102563
102771
103012
103239
103419
103576
103662
103687
103678
103612
103516
103374
103205
103077
102897
102708
102628
102529
102338
102298
102452
102756
103105
103548
104060
104600
105192
92130.5
92133.9
92141.9
92153.3
92168
92186.3
92208.6
92235
92265.8
92301.5
92342.3
92388
92438.7
92494.6
92555.6
92621.8
92693.1
92770.2
92852.2
92939.9
93033.2
93132.4
93237.3
93347.8
93463.4
93584.3
93710.9
93843.6
93981.9
94125.3
94273.9
94427.3
94585.1
94746.5
94911.5
95080.4
95254.1
95432.5
95615.8
95804.5
95998.2
96195.8
96394.5
96593.2
96793.1
96995.5
97202.3
97413.2
97626.2
97840.1
98054.3
98269.3
98485
98701.7
98919.6
99139
99359.9
99582.6
99806.7
100032
100257
100482
100707
100931
101155
101376
101594
101809
102020
102226
102427
102621
102809
102987
103157
103316
103461
103594
103713
103817
103907
103982
104041
104086
104116
104132
104135
104125
104104
104071
104026
103969
103900
103818
103723
103617
103499
103369
103225
103070
102903
102725
102538
102340
102135
101922
101707
101488
101267
101041
100816
100594
100373
100155
99941.2
99730.1
99535.8
99355
99187.2
99033.5
98896
98772.6
98664.1
98576.7
98504.8
98453.3
98427.1
98414.5
98426
98464.6
98516.5
98585.3
98676.2
98799.9
98935.3
99073
99232.6
99400.7
99595
99805.9
100056
100286
100542
100806
101072
101372
101694
102021
102300
102598
102914
103243
103503
103749
103979
104226
104482
104667
104824
104915
104918
104892
104789
104671
104482
104256
104071
103833
103583
103449
103313
103070
102973
103023
103203
103452
103814
104226
104691
105215
92465.6
92467.3
92473.7
92482.8
92494.9
92510.4
92529.4
92551.9
92578.5
92609.5
92644.6
92684.1
92728.2
92776.8
92830.1
92888.2
92951.4
93019.5
93092.8
93171.8
93256.8
93347.5
93443.6
93544.6
93650.6
93761.8
93879.5
94003.8
94133.8
94268.9
94409
94553.7
94703.3
94857.1
95014.1
95173.5
95336.5
95504.9
95680.8
95863
96048.9
96235.2
96422.3
96611.2
96801.4
96996.8
97195.5
97397.2
97601.1
97805.6
98010.7
98216.6
98423.5
98632
98842.2
99054.2
99268.2
99483.9
99700.7
99918.4
100137
100356
100574
100793
101011
101227
101439
101650
101856
102058
102255
102446
102629
102801
102964
103118
103264
103399
103524
103630
103721
103798
103859
103904
103934
103948
103950
103939
103916
103882
103835
103776
103705
103621
103525
103416
103295
103161
103014
102856
102686
102505
102314
102114
101907
101694
101476
101255
101031
100806
100581
100360
100143
99933
99725.1
99523.4
99338.8
99168.3
99015
98877.2
98757.2
98655.2
98571.4
98509.1
98466.5
98444.5
98449.2
98471.2
98514.6
98587.4
98679.7
98785.9
98913
99071.9
99254.5
99437.9
99650.3
99864.4
100097
100355
100646
100927
101212
101509
101844
102210
102577
102956
103265
103603
103941
104338
104672
104971
105245
105488
105760
105957
106109
106204
106191
106149
106011
105868
105637
105363
105104
104812
104513
104277
104069
103813
103682
103628
103682
103836
104106
104421
104805
105246
92820
92820.4
92825.2
92832.2
92841.9
92854.4
92869.6
92888.1
92910.1
92935.6
92964.7
92997.6
93034.5
93075.5
93120.8
93170.6
93225.1
93284.7
93349.1
93419.2
93495.8
93577.5
93664
93755.3
93851.9
93954.2
94063
94178.1
94299
94425.8
94555.9
94691.1
94833.8
94980.4
95126
95273.8
95427
95590.3
95760.8
95933.8
96106.9
96280.5
96456.3
96637.4
96821.1
97008.2
97198.4
97390.4
97583.6
97777.6
97972.7
98169.1
98367
98566.9
98769.3
98973.5
99179.3
99386.7
99595.5
99805.3
100017
100229
100441
100653
100865
101074
101282
101488
101689
101886
102078
102263
102440
102613
102776
102930
103072
103203
103319
103425
103518
103596
103656
103702
103733
103749
103750
103738
103715
103679
103631
103571
103497
103411
103313
103201
103077
102941
102792
102632
102460
102278
102086
101886
101677
101463
101244
101022
100798
100574
100351
100130
99916.7
99705.6
99500.9
99321.5
99152
98996.5
98859.5
98738.8
98639.5
98561
98501
98463.9
98449.5
98456.8
98493.2
98549.6
98626
98729.4
98859.8
99007.8
99181.7
99372.2
99588.3
99820.9
100080
100333
100606
100921
101249
101586
101911
102250
102648
103062
103451
103869
104220
104600
104968
105417
105837
106186
106517
106768
107040
107246
107389
107482
107465
107406
107247
107070
106801
106494
106154
105808
105473
105120
104804
104557
104398
104247
104175
104247
104421
104642
104945
105282
93188.5
93188.4
93191.5
93196.4
93203.5
93212.7
93224.1
93238
93254.5
93274.1
93296.9
93323.1
93352.8
93386.1
93423.4
93464.6
93510.1
93560.7
93616.7
93678.2
93745
93817.4
93895.4
93978.4
94066.4
94159.9
94259.6
94365.3
94476.7
94593.8
94716.4
94843.9
94974.6
95107.1
95242.5
95382.2
95531.7
95689.8
95854.8
96013.6
96174.5
96338.3
96506
96677.7
96852.6
97030.3
97210
97391.4
97574.1
97758
97943
98129.7
98318.4
98509
98704.3
98899.2
99096
99294.6
99494.8
99696.8
99900.6
100106
100311
100516
100721
100925
101127
101326
101524
101713
101898
102080
102255
102422
102582
102732
102871
103000
103116
103219
103309
103389
103444
103488
103518
103534
103535
103524
103500
103463
103414
103353
103277
103189
103090
102976
102850
102712
102561
102400
102228
102045
101854
101654
101446
101232
101013
100793
100572
100349
100131
99913.8
99697.6
99493
99309.4
99139.6
98984.3
98844.6
98725.3
98624.1
98544.7
98489.5
98455.3
98444
98457.1
98493.2
98559
98646.9
98759
98895.5
99059.5
99243.8
99461.4
99685.9
99942.3
100219
100514
100803
101126
101493
101846
102220
102586
102985
103444
103888
104301
104747
105149
105565
105967
106441
106957
107363
107746
108022
108289
108496
108631
108715
108703
108624
108454
108242
107940
107608
107196
106804
106426
105981
105564
105327
105105
104858
104680
104673
104752
104881
105080
105328
93566.8
93565.9
93567.4
93570.1
93574.5
93580.4
93587.9
93597.1
93608.5
93622.3
93638.9
93658.5
93680.9
93706.4
93735.1
93767.2
93803.5
93844.8
93891.4
93943.6
94001.7
94066.1
94136
94210.2
94289.2
94373.9
94464.8
94561.5
94663.7
94771.1
94883
94998.8
95117.8
95242
95373.1
95511.1
95655
95802.5
95951
96100.4
96252.8
96408.6
96567.9
96730
96894.9
97062
97231.1
97401.8
97573.9
97747.5
97923.5
98101
98280.5
98462.5
98647
98833
99020.8
99210.5
99402.2
99595.8
99791.4
99988.6
100187
100385
100583
100779
100974
101165
101352
101540
101720
101896
102066
102228
102383
102529
102664
102788
102901
103000
103085
103154
103218
103268
103293
103308
103309
103298
103273
103236
103185
103122
103047
102957
102857
102743
102616
102478
102327
102167
101995
101813
101624
101425
101217
101005
100789
100570
100354
100138
99925.9
99707.5
99503.9
99315
99141.7
98983.5
98841.1
98718.1
98617
98536.4
98476.4
98444.6
98436.3
98450.7
98491.4
98555.9
98648.1
98766.5
98912.2
99080.7
99276.7
99495.5
99748.8
100006
100304
100617
100943
101277
101651
102047
102429
102839
103243
103690
104191
104650
105107
105566
106018
106471
106912
107391
107977
108456
108887
109199
109462
109669
109800
109872
109870
109770
109598
109349
109023
108669
108201
107772
107337
106831
106369
106120
105778
105447
105188
105108
105085
105126
105222
105385
93950.8
93949.4
93949.2
93949.7
93951
93953.2
93956.7
93962.1
93969
93977.5
93988
94000.4
94015.2
94032.6
94052.6
94075.9
94103.4
94135.7
94173.3
94216.7
94266
94320.8
94380.2
94444.3
94514.1
94590.2
94672.4
94759.8
94852.2
94949.4
95051.5
95159.2
95273
95393.4
95520
95651.3
95784.8
95919.8
96057.4
96197.9
96341.8
96489
96638.9
96791.5
96946.4
97103.1
97261.7
97422.1
97584.6
97748.9
97915.2
98083.6
98254.3
98427
98601.8
98778.7
98957.3
99137.9
99320.7
99505.9
99693.2
99882.1
100073
100264
100454
100643
100830
101015
101197
101375
101549
101718
101881
102036
102185
102326
102456
102576
102684
102779
102861
102929
102985
103025
103059
103076
103077
103066
103041
103003
102952
102888
102812
102723
102622
102509
102383
102245
102095
101936
101766
101587
101402
101206
100998
100788
100574
100358
100142
99927.5
99714.2
99522.6
99334.7
99156.7
98995.9
98852.2
98725.6
98618.8
98536
98476.9
98438.8
98428.2
98443.5
98483.3
98550.7
98643.3
98759.7
98907.1
99080.6
99279.6
99505.8
99759.3
100041
100332
100661
101000
101358
101739
102150
102561
102983
103427
103874
104360
104869
105340
105847
106301
106798
107301
107777
108261
108883
109435
109912
110260
110519
110728
110861
110923
110930
110816
110645
110365
110019
109645
109142
108677
108184
107640
107163
106848
106400
106007
105684
105536
105417
105388
105389
105459
94337.8
94335.1
94333.2
94331.2
94329.2
94327.5
94326.9
94327.5
94329.2
94331.9
94336
94341.7
94349.8
94360.2
94372.9
94388.6
94408.1
94432.1
94461.2
94495.5
94534.5
94577.9
94626.3
94680.5
94741.3
94808.7
94882.2
94961
95045.1
95135.1
95231.3
95334.1
95442.7
95556.6
95674.8
95796.1
95919
96044.1
96172.4
96304.2
96439.5
96577.6
96718
96861
97006.2
97153.3
97302.7
97453.8
97607.1
97762.6
97920.1
98079.7
98241.3
98405
98570.6
98738
98907.7
99079.7
99253.8
99430.2
99609.1
99790
99972.6
100158
100338
100519
100699
100876
101051
101221
101388
101549
101704
101852
101994
102128
102252
102366
102469
102560
102639
102705
102758
102798
102828
102843
102846
102835
102810
102772
102721
102658
102582
102493
102392
102281
102156
102020
101873
101715
101548
101374
101193
101002
100792
100586
100378
100168
99958.5
99753.8
99553.6
99366.7
99190.3
99026.1
98877.3
98747.8
98638.4
98549.3
98484.9
98445.2
98429.1
98440.7
98478.7
98540.6
98632.2
98749.6
98890.2
99064.5
99262.2
99488.9
99739.9
100024
100325
100651
101004
101366
101755
102169
102602
103034
103487
103951
104439
104957
105460
105950
106481
106932
107456
108020
108519
109016
109646
110263
110785
111166
111432
111639
111780
111838
111854
111731
111559
111259
110903
110506
109986
109487
108949
108378
107869
107469
106968
106538
106172
105924
105745
105625
105519
105518
94724.8
94719.9
94716.1
94711.4
94706.2
94700.9
94695.8
94691.1
94686.9
94683.9
94682.2
94682
94683.2
94685.7
94690.7
94698.5
94710
94726.2
94746.9
94771.9
94801
94834.9
94874.7
94921
94973.9
95033.4
95099
95170.5
95247.6
95331.2
95421.5
95517.9
95619
95724
95832.5
95943.8
96057.9
96174.9
96295
96418.2
96544.7
96673.7
96805.2
96939.3
97075.5
97213.8
97354.4
97497.3
97642.5
97789.6
97938.8
98090
98243
98397.8
98554.7
98713.7
98874.7
99038.2
99204.2
99372.2
99542.5
99714.8
99887.9
100060
100237
100411
100583
100753
100919
101082
101240
101393
101540
101681
101814
101941
102058
102166
102264
102350
102425
102489
102540
102580
102607
102622
102625
102613
102588
102551
102500
102437
102362
102275
102176
102066
101944
101809
101666
101511
101345
101174
100985
100788
100601
100405
100206
100005
99805.6
99610
99422.2
99244
99077.5
98926.2
98790.9
98675.8
98581.7
98511.2
98464.9
98443.4
98448.1
98480.9
98539.4
98621.3
98735.2
98872.3
99036.3
99232.7
99452.3
99701.7
99976
100281
100597
100952
101318
101706
102120
102554
103001
103457
103927
104417
104925
105449
105953
106463
106986
107453
108003
108600
109131
109661
110240
110875
111432
111868
112168
112375
112526
112586
112609
112485
112315
112006
111648
111228
110710
110181
109617
109020
108466
108005
107481
107033
106620
106291
106050
105831
105627
105543
95112
95104.8
95098.3
95090.2
95080.9
95071.3
95061.5
95051.5
95042.1
95033.1
95024.6
95016.8
95009.8
95004.2
95000.4
94999.1
95001.8
95009
95020.8
95037.4
95059.1
95086.5
95120.3
95160.8
95207.8
95260.6
95319.5
95384.2
95454.8
95531.7
95614.8
95703.2
95795.9
95892.3
95992
96095
96201.2
96310.6
96423
96538.4
96656.5
96777
96900.1
97025.9
97154.1
97284.7
97417.7
97552.9
97690.6
97830.3
97971.8
98115
98260.3
98407.3
98556.2
98707.3
98860.5
99015.9
99173.8
99333.9
99496.1
99660.4
99825.9
99991.3
100158
100324
100487
100649
100807
100962
101111
101256
101396
101529
101654
101773
101883
101984
102076
102159
102231
102292
102341
102379
102405
102419
102420
102409
102384
102347
102298
102236
102162
102077
101980
101872
101752
101620
101480
101328
101165
100992
100814
100630
100447
100258
100065
99874.2
99683.7
99497.7
99320.8
99153.5
98998.5
98859.6
98739.5
98638.9
98559.4
98506.1
98476.9
98472.3
98495.4
98547.8
98623.8
98723.6
98855.1
99009.6
99194.8
99406.3
99645
99910.4
100205
100518
100855
101224
101599
102010
102434
102882
103340
103810
104292
104794
105304
105825
106340
106850
107372
107866
108458
109009
109599
110209
110735
111341
111905
112383
112704
112915
113072
113143
113171
113055
112889
112583
112235
111797
111291
110740
110168
109553
108974
108475
107933
107476
107010
106621
106321
106016
105755
105604
95499.5
95490.3
95481.4
95469.7
95455.6
95440.3
95424.3
95407.9
95391.4
95374.8
95358.2
95341.8
95326.2
95311.7
95297.9
95286.1
95278.4
95275.7
95279.1
95288.7
95304.9
95327.8
95357.9
95394.7
95437.1
95485.1
95538.3
95596.8
95660.6
95730.1
95805.1
95885.3
95970.1
96058.8
96151.3
96247.7
96347.5
96449.8
96554.6
96662.5
96773.2
96886.4
97002.3
97120.9
97242
97365.8
97492.2
97621
97751.9
97884.9
98019.7
98156.1
98294.3
98434.3
98576.1
98720
98866
99014
99164.6
99317.3
99471.7
99628.5
99786.4
99943.5
100101
100259
100414
100567
100718
100864
101006
101143
101274
101399
101517
101629
101733
101829
101916
101995
102063
102121
102169
102205
102230
102243
102243
102231
102207
102170
102122
102061
101989
101906
101811
101705
101588
101460
101323
101176
101017
100853
100680
100503
100326
100144
99959.1
99777.5
99596.3
99420.2
99254
99098
98954.8
98828.5
98722.6
98636.1
98571.4
98533.3
98519.8
98530.6
98570
98638.1
98726.9
98843.5
98988.6
99158.1
99357.2
99580.2
99833.5
100110
100415
100733
101088
101457
101849
102263
102692
103146
103610
104079
104560
105058
105565
106073
106590
107097
107629
108147
108738
109229
109865
110516
111065
111693
112236
112711
113019
113246
113410
113494
113522
113422
113263
112972
112641
112202
111711
111153
110583
109970
109392
108874
108304
107832
107319
106885
106529
106151
105854
105635
95891.6
95877.5
95866.2
95851.1
95832.1
95810.1
95786.2
95761.2
95735.6
95709.9
95684.1
95658.4
95632.5
95606.6
95581.9
95559.7
95541.5
95529.6
95525.6
95529.5
95541.6
95561.6
95588.9
95621.9
95660
95703.5
95752.1
95805.1
95862.9
95925.6
95992.9
96065.1
96142.1
96223.8
96310
96400.8
96494.8
96591.3
96690.2
96791.3
96895.3
97002
97111.7
97224.3
97339.6
97457.6
97578.2
97701.5
97827
97954.2
98083.4
98214
98346
98480
98615.5
98752.9
98892.5
99034
99177.9
99324.1
99471.4
99620
99770.1
99919.6
100069
100218
100366
100512
100654
100794
100928
101057
101181
101299
101410
101516
101614
101705
101789
101863
101928
101984
102029
102064
102087
102099
102099
102086
102062
102027
101979
101920
101850
101768
101676
101572
101458
101334
101201
101057
100905
100747
100582
100413
100242
100067
99889.7
99716.1
99544.5
99378.5
99223.1
99078.5
98947.4
98833.3
98739.4
98666.3
98614.9
98590
98589.9
98613.5
98666.4
98744.3
98843.9
98974.7
99128.8
99308.7
99515
99748.2
100008
100291
100598
100923
101281
101649
102052
102454
102889
103334
103795
104251
104726
105212
105701
106192
106696
107207
107741
108281
108832
109332
109959
110557
111120
111778
112298
112780
113098
113355
113525
113622
113652
113579
113430
113167
112850
112433
111960
111419
110850
110260
109694
109171
108567
108068
107528
107060
106663
106249
105919
105566
96226.7
96207.6
96193.4
96174.5
96151.1
96123.2
96091.8
96058.3
96023.9
95989.1
95954.4
95919.7
95884.5
95849.7
95816.7
95787.1
95762.6
95745.3
95735.7
95734.9
95743.1
95759.7
95782.9
95812
95846.6
95886.1
95929.4
95977.4
96030.1
96087.7
96150.1
96217.4
96287.7
96364.5
96446.1
96532.1
96621.8
96714.1
96808
96904.9
97004.4
97106.9
97212.3
97320.7
97432
97546.1
97662.8
97782
97903.4
98026.6
98151.6
98278.2
98405.9
98535.3
98666.3
98799.3
98934.3
99070.8
99209.5
99350.3
99491.5
99633.8
99777.4
99920.6
100064
100207
100349
100489
100626
100759
100888
101011
101129
101241
101348
101448
101542
101629
101709
101780
101842
101896
101939
101972
101994
102005
102005
101993
101970
101935
101888
101829
101760
101681
101590
101488
101377
101256
101127
100988
100840
100688
100528
100365
100200
100031
99861.8
99695.1
99532.2
99375.6
99229.6
99095.1
98974
98869.8
98786
98723.2
98681.2
98667
98675.4
98707.9
98770
98852.6
98961.8
99100.1
99257.9
99442.4
99653.5
99891
100149
100435
100738
101066
101416
101788
102180
102577
103006
103434
103882
104325
104790
105257
105724
106199
106681
107194
107721
108261
108792
109318
109904
110430
110997
111629
112125
112618
112958
113234
113408
113529
113573
113530
113394
113164
112864
112483
112027
111525
110963
110404
109846
109323
108697
108172
107621
107143
106707
106284
105960
105496
96489.9
96471.7
96453.4
96430.8
96401.7
96368.1
96330.1
96289.6
96247.6
96205.4
96163.6
96122.1
96080.7
96039.9
96001
95965.8
95936.2
95913.4
95898.9
95893.7
95898.6
95912.2
95932.5
95959
95991.1
96027.2
96066.8
96111.1
96160.3
96213.9
96272.4
96335.7
96403.8
96477.1
96555.2
96637.8
96724.1
96813.7
96905.3
96998.8
97095.3
97194.9
97297.4
97403
97511.6
97623.2
97737.2
97853.5
97972.2
98092.7
98214.9
98338.5
98463.3
98589.8
98717.9
98847.9
98980
99112.9
99247.1
99383.9
99521
99658.5
99797
99935.4
100074
100213
100351
100487
100620
100749
100873
100992
101105
101213
101316
101414
101504
101588
101665
101734
101794
101846
101888
101920
101942
101952
101951
101939
101916
101882
101836
101779
101710
101632
101542
101443
101334
101216
101089
100953
100810
100662
100507
100349
100188
100025
99862.4
99702.4
99547
99398.2
99260
99133.9
99020.5
98923.8
98848.3
98792.3
98758
98750.5
98763.7
98803.1
98869.9
98956
99071.8
99211.4
99370.1
99556.3
99769.2
100004
100259
100543
100840
101164
101505
101874
102249
102643
103051
103469
103890
104325
104770
105217
105664
106120
106582
107088
107602
108119
108627
109142
109680
110181
110766
111335
111814
112291
112639
112928
113114
113269
113323
113307
113189
112986
112716
112364
111939
111473
110933
110400
109861
109299
108681
108135
107579
107096
106610
106193
105872
105446
96744.1
96722.2
96696.9
96671
96635.4
96595.2
96549.4
96501.7
96452.5
96403.4
96354.8
96307.2
96260.4
96214.3
96170.1
96129.4
96093.4
96063.6
96042.3
96032.5
96035.3
96048.4
96068.6
96093.3
96121.2
96153.7
96191.5
96232.9
96278.4
96328.8
96383.9
96444.1
96509.7
96580.5
96656.2
96736.3
96820
96907
96996.8
97088.1
97182.2
97279.6
97380
97483.4
97590
97699.6
97811.6
97925.7
98042.3
98160.6
98280.5
98401.9
98524.6
98649.1
98775.1
98902.7
99032.1
99162.2
99293.1
99426.2
99559.8
99693.4
99827.5
99961.6
100096
100232
100367
100500
100630
100755
100875
100990
101100
101205
101305
101400
101488
101570
101645
101712
101771
101821
101862
101893
101914
101925
101924
101913
101890
101855
101810
101754
101687
101610
101522
101424
101317
101201
101076
100943
100803
100658
100508
100354
100198
100040
99883.6
99729.8
99580.9
99438.7
99307
99187.5
99080.4
98990.8
98921.1
98870.2
98842.2
98838.7
98855.6
98900.2
98967.7
99055.5
99174.5
99312
99469.7
99654.5
99864.5
100094
100342
100620
100910
101223
101554
101913
102276
102656
103038
103443
103838
104262
104680
105104
105530
105950
106396
106893
107387
107884
108365
108859
109347
109838
110395
110890
111373
111829
112186
112481
112682
112852
112910
112921
112822
112659
112419
112092
111717
111269
110762
110237
109699
109110
108516
107953
107399
106877
106387
105998
105624
105261
97000.9
96959.2
96931.6
96899.8
96856.1
96805.7
96751.2
96696.7
96640.3
96585.2
96530.3
96477.5
96425.6
96374.8
96325.8
96279.8
96238.1
96202.5
96176.1
96163.7
96165.3
96177.9
96195.9
96218.3
96243.4
96272.1
96305.1
96343.3
96386
96434.1
96487.2
96545
96607.8
96676.3
96749.7
96827.7
96909.6
96994.8
97083.4
97172.7
97265.3
97361
97459.8
97561.6
97666.5
97774.5
97885
97997.6
98112.4
98229
98347.3
98467.3
98588.7
98711.9
98836.1
98961.3
99088.6
99216.8
99345.3
99475.2
99605.7
99736.1
99866.6
99997.6
100130
100263
100396
100525
100651
100773
100891
101004
101112
101215
101313
101405
101492
101572
101645
101710
101768
101818
101858
101888
101909
101919
101919
101908
101886
101852
101808
101753
101687
101610
101524
101427
101322
101207
101084
100954
100816
100674
100527
100377
100226
100072
99920.9
99772.3
99628.6
99491.9
99365.7
99251.4
99149.2
99065.4
98999.9
98952.2
98928.9
98928
98947.2
98993.8
99059.8
99145.5
99266.1
99400
99553
99732.6
99938.4
100159
100396
100668
100947
101247
101567
101907
102256
102612
102982
103359
103738
104136
104527
104922
105332
105704
106138
106616
107083
107553
108004
108474
108940
109427
109932
110375
110858
111269
111617
111903
112116
112290
112361
112399
112321
112200
111981
111697
111356
110924
110448
109909
109350
108754
108206
107628
107106
106544
106105
105728
105289
104929
97229.2
97201
97139
97116.9
97060
96999.3
96936.8
96875
96811.7
96751.5
96690.8
96634.2
96577.2
96522.3
96469.4
96419.5
96374.5
96335.4
96306.8
96292.5
96291.8
96301
96315.3
96333.3
96355.4
96381.4
96410.8
96446
96486.4
96531.3
96582.3
96638.7
96699.7
96765.8
96837.1
96913.1
96993.5
97077
97162.7
97252.6
97344.5
97439.1
97536.8
97637.5
97741
97847.5
97956.8
98068.3
98181.9
98297.4
98414.8
98533.8
98654.3
98776.7
98899.5
99022.9
99148.5
99275.4
99401.8
99529.1
99657.3
99785.2
99912.9
100042
100172
100303
100433
100560
100684
100804
100920
101031
101137
101239
101335
101426
101510
101589
101661
101726
101783
101832
101872
101902
101923
101933
101933
101923
101901
101868
101824
101770
101705
101630
101544
101448
101344
101231
101110
100981
100846
100706
100562
100416
100268
100118
99969.9
99825.6
99686.2
99553.7
99432.1
99322.3
99224.4
99144.2
99081.9
99036
99015.3
99015.5
99034.8
99080.9
99144
99230
99342.2
99470.8
99620.7
99792.6
99986.6
100196
100426
100682
100949
101236
101541
101861
102189
102521
102872
103224
103587
103955
104326
104678
105088
105409
105825
106268
106705
107143
107558
107999
108442
108911
109367
109789
110242
110594
110930
111210
111438
111617
111712
111771
111717
111625
111427
111190
110866
110455
109983
109428
108846
108250
107746
107165
106685
106148
105711
105340
104882
104531
97486.4
97406.9
97382.9
97323.4
97250.4
97178
97106.7
97037.8
96968
96903.3
96838.7
96777.2
96716.8
96658.4
96602.4
96550
96503
96462.4
96431.7
96414.6
96410.3
96415.3
96426.8
96441.2
96458.9
96480.9
96508.6
96540.8
96579.4
96622.6
96670.9
96725.5
96785.5
96850
96919.5
96993.7
97072.4
97155
97240.3
97329.3
97420.4
97514
97610.8
97710.8
97813.5
97919
98027.2
98137.8
98250.7
98365.5
98482.4
98601
98720.9
98842.4
98964.2
99086.4
99211.1
99336.4
99461
99587
99713.6
99839.1
99964.6
100092
100221
100350
100478
100604
100726
100845
100959
101068
101174
101274
101369
101459
101543
101621
101692
101757
101814
101862
101902
101933
101953
101964
101964
101953
101932
101900
101857
101803
101739
101664
101579
101485
101381
101270
101149
101022
100888
100750
100609
100464
100319
100172
100027
99885.7
99750
99621.6
99503.6
99396.9
99302.2
99224.5
99163.3
99117.6
99099.4
99096.7
99115.3
99158.2
99218
99300.1
99403.3
99525.4
99667.9
99829.1
100009
100208
100427
100667
100920
101191
101479
101779
102080
102390
102713
103047
103385
103734
104082
104405
104789
105069
105455
105873
106271
106673
107050
107467
107876
108306
108716
109126
109537
109862
110194
110463
110697
110874
110988
111055
111026
110952
110783
110572
110259
109853
109361
108806
108188
107608
107131
106564
106114
105619
105138
104807
104327
104035
97710.1
97659.3
97596.6
97506.3
97425.5
97341.9
97261.6
97186.5
97111.3
97041.7
96973.6
96908.9
96845.6
96784
96725.4
96671.2
96622.8
96581.5
96549.1
96529.4
96521.8
96522.5
96529.8
96541
96556.1
96574.9
96599.5
96629.3
96665.1
96707.5
96754.5
96807
96865.8
96929.5
96997.4
97070.2
97147.4
97228.9
97314.1
97402.3
97492.8
97585.9
97682
97781.5
97883.9
97988.9
98096.4
98206.4
98318.8
98433.3
98550
98668.5
98787.7
98908.1
99029.4
99151.4
99274.9
99398.7
99522.8
99648.2
99772.8
99896.4
100021
100148
100276
100403
100530
100654
100775
100893
101006
101115
101219
101318
101413
101502
101586
101664
101735
101799
101856
101905
101944
101975
101996
102007
102008
101998
101977
101946
101903
101850
101786
101712
101627
101533
101430
101319
101199
101072
100940
100803
100663
100520
100376
100231
100088
99950.4
99817.5
99692.2
99577.3
99472.4
99379.7
99302.9
99241.5
99196.7
99175.7
99169.9
99185.6
99224
99278.7
99354
99447.9
99560.4
99692.1
99840.5
100007
100194
100400
100624
100860
101113
101382
101661
101936
102224
102524
102834
103152
103475
103800
104100
104442
104690
105036
105435
105787
106159
106503
106901
107287
107693
108066
108450
108813
109127
109442
109683
109913
110079
110204
110270
110267
110204
110055
109856
109542
109114
108599
108044
107400
106838
106382
105816
105425
104966
104435
104157
103690
103363
97964.4
97899.8
97770.1
97662.3
97573.3
97491.3
97404.4
97323.8
97242.8
97168.9
97097.1
97028.7
96963.2
96899
96838.1
96782.6
96733.5
96691.5
96658.4
96636.5
96625.7
96623
96625.8
96633.4
96645.5
96662.5
96684.3
96712.7
96746.3
96786.7
96832.9
96884
96941.1
97004
97071.2
97142.8
97218.8
97299.3
97383.8
97471.6
97562.2
97655.2
97750.8
97849.7
97951.8
98056.7
98164
98273.7
98386.1
98500.5
98617.1
98735.4
98853.8
98973.4
99094.7
99216.4
99338.8
99462
99586.5
99710.8
99833.6
99956.5
100081
100207
100334
100461
100586
100710
100830
100947
101059
101168
101271
101370
101465
101554
101637
101715
101786
101850
101907
101956
101996
102028
102049
102061
102062
102052
102033
102002
101960
101907
101844
101770
101685
101591
101488
101376
101256
101130
100999
100863
100723
100580
100437
100293
100152
100017
99886.4
99762.3
99649.1
99545.2
99453.4
99376.6
99313.8
99268.8
99243.7
99233.9
99244.4
99276
99323.4
99389.4
99472.9
99573.5
99692
99828
99982.2
100155
100346
100552
100771
101004
101255
101509
101762
102030
102312
102596
102888
103186
103479
103764
104058
104282
104593
104952
105283
105627
105958
106328
106688
107067
107409
107753
108064
108360
108643
108861
109086
109247
109378
109441
109455
109397
109257
109058
108725
108261
107728
107182
106512
105951
105529
104951
104629
104190
103708
103381
102973
102621
98236.1
98017.8
97941.2
97830.6
97724.7
97628.4
97534.9
97447.9
97364.5
97285.7
97210
97138.1
97070
97004.2
96941.8
96885.4
96835.7
96793.2
96759.2
96735.6
96721.6
96715.5
96715.2
96719.9
96729
96743.7
96764
96790.7
96823.3
96861.6
96906.7
96957.1
97012.6
97074.3
97141
97211.8
97286.9
97366.4
97450.2
97537.6
97628.3
97721.7
97817.2
97915.7
98017.4
98122.3
98229.5
98339.3
98451.9
98566.4
98682.7
98800.8
98918.7
99037.8
99159.4
99280.9
99402.7
99526.3
99650.6
99773.8
99896.1
100019
100144
100269
100395
100521
100646
100769
100889
101006
101118
101226
101329
101427
101522
101610
101694
101772
101843
101908
101966
102015
102056
102087
102109
102122
102124
102115
102096
102066
102024
101972
101910
101835
101750
101657
101553
101440
101320
101194
101062
100926
100785
100642
100499
100356
100216
100082
99952.7
99829.3
99716.3
99612.3
99520.1
99442.5
99377.4
99329
99299.2
99285.3
99289.5
99311.4
99349.4
99404.1
99475.6
99563.7
99668.7
99792.7
99933
100091
100264
100451
100653
100869
101099
101331
101564
101811
102075
102335
102599
102867
103134
103401
103647
103850
104132
104453
104760
105084
105399
105737
106064
106398
106713
107028
107305
107572
107818
108021
108230
108385
108518
108579
108597
108536
108392
108176
107800
107303
106767
106237
105517
104973
104584
104051
103731
103317
102856
102503
102164
101844
98536.9
98372.3
98100.7
97969.3
97858.9
97753.9
97650.8
97558.7
97472.3
97389.1
97309.4
97234.5
97164.3
97097.1
97033.6
96976.3
96925.8
96882.6
96847.7
96822.4
96806
96797
96793.8
96795.9
96803.3
96816.6
96835.8
96861
96892.6
96929.7
96973.2
97023.1
97077.8
97138
97204.2
97274.6
97349.2
97428.1
97511.2
97598
97688.8
97782.5
97878.5
97977.1
98078.5
98183.3
98290.6
98400.6
98513.5
98627.9
98744.1
98862.5
98980.1
99099.4
99221
99342.4
99464.4
99588.4
99712.3
99835.1
99957.6
100081
100205
100331
100456
100582
100707
100830
100949
101066
101177
101285
101388
101487
101581
101670
101754
101833
101904
101970
102028
102077
102119
102151
102174
102187
102190
102181
102163
102133
102092
102041
101978
101903
101818
101725
101620
101506
101386
101259
101126
100989
100846
100702
100558
100417
100277
100143
100014
99890.5
99776.6
99670.9
99576.9
99496.8
99428.6
99375.8
99339.7
99320.4
99317.5
99328.8
99355.5
99398.9
99458.1
99533.3
99625.7
99736.2
99861.9
100003
100159
100327
100511
100710
100923
101140
101353
101569
101811
102055
102292
102532
102773
103016
103225
103416
103665
103946
104232
104527
104822
105139
105439
105737
106017
106305
106565
106805
107014
107197
107376
107518
107641
107697
107707
107636
107473
107213
106793
106264
105724
105193
104494
104000
103621
103138
102784
102387
101934
101582
101291
101030
98742.3
98643.6
98260.3
98126.5
97987.3
97870.7
97756.3
97663
97573.9
97486.5
97403.1
97325.9
97254.1
97185.7
97121.1
97062.8
97011.5
96967.6
96931.8
96904.8
96886.3
96874.6
96868.8
96868.7
96874.3
96886.2
96904.6
96928.9
96959.6
96995.8
97037.9
97086.8
97141.1
97200.3
97265.4
97335.6
97410
97488.4
97571
97657.3
97747.9
97841.7
97938.4
98037.5
98139.1
98243.7
98351
98461
98574
98688.5
98804.9
98923.9
99041.2
99160.9
99282.5
99404.2
99526.7
99650.8
99774.7
99897.8
100021
100145
100269
100394
100520
100645
100770
100893
101012
101129
101240
101348
101452
101550
101645
101734
101819
101898
101970
102036
102094
102144
102188
102220
102243
102258
102260
102253
102236
102206
102165
102114
102050
101974
101890
101795
101689
101574
101453
101325
101190
101050
100907
100762
100617
100475
100336
100201
100070
99945.9
99829.3
99721
99624
99540.2
99467.8
99409.7
99367.4
99340.2
99328.3
99329.2
99344.7
99376.3
99422.9
99484.7
99563.2
99658.9
99769.3
99894
100032
100182
100350
100531
100725
100926
101120
101311
101525
101749
101965
102177
102392
102610
102793
102969
103184
103435
103700
103971
104244
104532
104812
105090
105335
105588
105827
106046
106224
106383
106531
106657
106759
106804
106796
106711
106520
106189
105725
105166
104629
104116
103491
103066
102639
102184
101816
101433
101018
100668
100385
100160
98729.5
98640
98421.5
98274.4
98105.6
97947.9
97861.7
97775.5
97684.2
97592.7
97506.2
97426.9
97353
97282.8
97217
97157.7
97105.6
97060.6
97023.7
96994.9
96973.7
96959
96950.6
96948.3
96952.3
96962.8
96980
97003.3
97032.9
97068.4
97109.5
97156.9
97210.5
97269.2
97333.1
97402.6
97476.8
97555.2
97637.1
97723
97813
97906.8
98004
98103.9
98206
98310.8
98418.2
98528.1
98641
98755.8
98871.9
98988.9
99108.7
99229.3
99351.2
99473.4
99596.4
99720.7
99844.8
99968.4
100092
100216
100342
100467
100592
100718
100842
100965
101085
101201
101313
101421
101524
101623
101719
101808
101893
101973
102045
102113
102172
102223
102267
102300
102324
102339
102342
102335
102318
102288
102248
102196
102131
102055
101970
101873
101765
101648
101526
101396
101258
101115
100969
100823
100678
100534
100394
100256
100122
99994
99873.3
99761.3
99660.4
99572
99493.3
99429.4
99379.9
99343.3
99321.2
99310.5
99314.1
99332.3
99364.5
99412
99475
99554.3
99648.3
99755.3
99871.4
100006
100163
100334
100505
100673
100849
101025
101216
101411
101604
101792
101984
102175
102338
102495
102680
102907
103151
103397
103652
103911
104170
104425
104652
104871
105079
105272
105429
105566
105690
105791
105868
105893
105855
105759
105526
105125
104613
104051
103545
103078
102495
102089
101636
101202
100806
100432
100067
99727.5
99430.5
99227
98541.7
98613.9
98562.1
98401.7
98234
98107.8
97999.9
97903.5
97805.3
97709.8
97620.8
97538.6
97461.9
97389.2
97322
97261.4
97208
97161.7
97123
97091.9
97067.8
97050.6
97039.9
97035.8
97038.3
97047.3
97063.1
97085.2
97113.4
97148.1
97188.5
97234.7
97287.2
97345.2
97408.1
97476.6
97550.4
97629
97710.1
97796.1
97885.5
97979
98076.2
98176.4
98279.2
98385
98493
98603.2
98716.5
98831.6
98947.5
99065
99185.1
99306.3
99428.3
99550.7
99674.3
99799.1
99923.6
100048
100172
100297
100423
100548
100674
100800
100925
101048
101167
101284
101395
101503
101607
101706
101802
101892
101979
102059
102132
102201
102260
102313
102357
102391
102416
102431
102434
102429
102411
102381
102341
102289
102222
102146
102060
101959
101849
101731
101605
101471
101329
101182
101033
100885
100738
100591
100446
100303
100164
100032
99906.1
99788.8
99683.3
99589.2
99502.9
99431.8
99373.7
99327.2
99293.2
99269.8
99259.3
99262.6
99279.4
99309.9
99357.8
99418.1
99497.5
99584.8
99682.8
99801.3
99941.9
100100
100253
100388
100544
100708
100875
101041
101210
101376
101547
101714
101861
101997
102160
102366
102589
102813
103046
103282
103521
103750
103961
104157
104335
104495
104632
104749
104859
104928
104977
104973
104900
104791
104509
104033
103500
102974
102509
102071
101512
101107
100641
100247
99827.1
99412.7
99059.5
98731.9
98448
98255
98656.7
98610.9
98632.6
98457.7
98347.9
98248.9
98148.5
98041.8
97934.8
97834.5
97743.8
97659.3
97580.5
97505.3
97436.1
97373.6
97318.7
97270.9
97230
97196.6
97170.3
97151.1
97138.4
97132.6
97133.4
97140.9
97155
97175.5
97202.4
97235.8
97275.4
97320.8
97372.4
97429.7
97492
97559.4
97632
97710.2
97791.5
97877.5
97966.9
98059.7
98156.2
98256.3
98359.7
98466.5
98575.3
98686.3
98800.5
98916.4
99031.9
99149.9
99270.5
99392
99514.1
99636.9
99761.2
99887
100012
100138
100263
100388
100515
100641
100767
100893
101018
101141
101261
101377
101488
101597
101701
101801
101897
101988
102075
102156
102230
102300
102360
102413
102458
102492
102519
102534
102539
102533
102514
102485
102444
102390
102322
102244
102155
102051
101938
101818
101687
101546
101399
101249
101096
100944
100792
100640
100489
100340
100195
100057
99924.7
99800.8
99689.2
99587.8
99493.7
99412.7
99343.8
99286.6
99239.5
99202.2
99177.3
99164.4
99163.6
99177.1
99207.2
99249.6
99313.1
99378.9
99468.5
99566.2
99680.5
99810.8
99955.6
100072
100212
100351
100490
100630
100779
100929
101082
101228
101363
101481
101628
101817
102021
102225
102436
102650
102868
103074
103267
103444
103599
103728
103836
103934
104020
104069
104090
104057
103958
103810
103451
102925
102434
101956
101521
101067
100527
100130
99673.4
99296.5
98888
98433.7
98050.7
97716.1
97452.1
97248.4
99083.9
98876
98780.6
98643.3
98510.4
98404.5
98297.2
98185.4
98077.5
97974.9
97879.5
97792.3
97711.1
97632.3
97560.6
97496.4
97439.7
97390.1
97347.4
97311.9
97283.7
97262.3
97247.6
97239.7
97238.7
97244.4
97256.9
97276
97301.3
97333.2
97371.8
97416.3
97466.8
97523.4
97585.4
97651.8
97723
97798.8
97881.5
97967.7
98057.6
98150.6
98246.9
98346.5
98449.6
98556.1
98665.2
98777.1
98892.4
99008.2
99124.5
99244
99365.4
99486.9
99609.5
99733.9
99859.8
99986.5
100113
100238
100364
100491
100618
100744
100871
100997
101123
101246
101366
101482
101593
101702
101806
101907
102004
102096
102184
102265
102341
102411
102472
102526
102571
102607
102634
102648
102653
102647
102627
102597
102554
102497
102427
102347
102252
102145
102029
101904
101766
101619
101466
101312
101155
100997
100838
100679
100521
100363
100211
100065
99924.2
99792.4
99674.5
99562.1
99458.4
99366
99284.3
99213.7
99153.9
99101.7
99061.4
99031.7
99010.9
99010.7
99018
99048.4
99085.2
99136.5
99215.2
99291
99388.1
99494
99626.5
99728.1
99840.3
99949.7
100060
100181
100313
100449
100590
100724
100850
100952
101085
101261
101449
101633
101823
102020
102218
102404
102578
102734
102871
102977
103054
103125
103178
103206
103204
103144
103023
102796
102347
101834
101418
100974
100529
100067
99541
99130.2
98699
98308.8
97908.8
97452
97038.6
96693.6
96428.3
96211.4
99415.1
99199
98997.7
98839.9
98694.3
98568.2
98448.6
98333.6
98224.7
98121.4
98024
97932.4
97845.4
97768
97696.2
97630.5
97573
97522.3
97477.7
97439.9
97409.3
97385.6
97368.9
97359
97356.1
97360.1
97370.8
97388.4
97412.4
97442.9
97480.1
97523.7
97573
97627.9
97689.2
97754.3
97824.9
97900.7
97982
98067.9
98158.2
98251.7
98348.6
98448.5
98551.1
98656.6
98765.2
98877
98991.1
99108
99228
99349.4
99471.7
99593.7
99717.5
99843.7
99971.2
100098
100224
100350
100477
100605
100732
100860
100987
101115
101241
101363
101483
101598
101710
101819
101924
102025
102123
102216
102305
102387
102464
102534
102595
102651
102696
102732
102759
102772
102777
102770
102748
102716
102671
102610
102538
102453
102351
102240
102121
101987
101841
101687
101529
101369
101205
101039
100871
100702
100533
100366
100204
100048
99900.1
99759.3
99630.7
99506.7
99391.6
99285.3
99190.1
99105.8
99030.6
98963.2
98904.3
98857
98818.8
98800.3
98791.3
98804.4
98817.3
98864.3
98916.8
98975.8
99064.4
99159.2
99265.8
99345.4
99421.7
99506.7
99593.1
99697
99814.6
99941.2
100076
100204
100322
100419
100540
100703
100875
101043
101213
101391
101572
101743
101898
102036
102153
102247
102298
102332
102349
102351
102320
102231
102062
101738
101250
100799
100410
99982.9
99532.3
99070.7
98569.2
98130.9
97728.8
97314.8
96892.3
96429.9
95993.4
95642.3
95364.3
95156.3
99516.1
99308.3
99144.4
98989.7
98845.1
98712.6
98589.7
98473.5
98363.2
98258.7
98160
98067.3
97980.8
97901.8
97829.4
97763.2
97702.4
97650
97602.2
97562
97529.4
97504
97485.7
97474.1
97469.6
97472
97481.4
97497.5
97520.3
97549.7
97585.7
97628.9
97677.3
97730.4
97789.6
97855.6
97926
98001.3
98081.6
98166.9
98257
98350.8
98448.3
98548.9
98652.1
98758
98867
98978.8
99093.7
99212.4
99333.4
99455.5
99578.4
99701.7
99827.2
99954.4
100082
100209
100335
100462
100590
100719
100847
100976
101105
101233
101359
101481
101600
101716
101828
101938
102043
102145
102243
102337
102427
102510
102587
102657
102720
102776
102821
102857
102883
102897
102901
102892
102869
102835
102784
102720
102645
102553
102446
102331
102204
102060
101907
101746
101581
101412
101240
101062
100882
100701
100521
100345
100173
100008
99849.1
99699.3
99557.8
99422
99293.9
99174.3
99063.3
98965.5
98873.1
98787.6
98712.1
98642.6
98593
98548.2
98531.8
98515.5
98523.4
98554.2
98581.7
98636.9
98706.1
98778.9
98853.3
98904
98958.8
99026.8
99099.2
99189.7
99297.5
99418.9
99547.4
99671.6
99784.3
99882.6
99995.7
100145
100300
100453
100603
100762
100923
101078
101216
101338
101438
101519
101555
101550
101529
101496
101427
101295
101053
100653
100189
99785.6
99373.4
98948.6
98499.6
98056.3
97570.3
97115.7
96742.6
96290.7
95808.7
95315.8
94859.6
94498.2
94203.6
94006.2
99606.1
99434.8
99272.4
99120.4
98978.4
98846.3
98722.7
98605.8
98494.6
98389.2
98289.5
98195.9
98108.6
98027.8
97953.4
97885.1
97822.5
97765.8
97718.7
97678.5
97645
97618.3
97598.6
97585.7
97580
97581.1
97589.1
97603.9
97625.5
97653.7
97688.3
97728.8
97776.4
97830.8
97890.2
97955.4
98025.8
98100.9
98180.8
98265.5
98354.7
98448.4
98546.4
98647.9
98752.1
98859.3
98969.4
99082.4
99198.4
99317.7
99439
99561.2
99684.6
99809.4
99936.3
100064
100191
100318
100445
100574
100704
100834
100964
101094
101224
101352
101478
101600
101719
101834
101947
102057
102163
102266
102364
102459
102549
102634
102713
102783
102846
102902
102946
102983
103008
103022
103025
103013
102988
102950
102895
102827
102746
102646
102535
102414
102276
102123
101962
101795
101621
101441
101255
101065
100872
100679
100487
100299
100118
99941.1
99771.3
99609.8
99454.6
99306.9
99164.1
99030.9
98904.5
98788.9
98679.4
98574.3
98482.9
98394
98326.5
98264.1
98227.4
98187.3
98190.1
98194.8
98216.7
98271.4
98313
98352.2
98398.6
98429.9
98472.9
98524
98586.5
98668.5
98770.9
98887.8
99012.7
99135.7
99247.4
99344.3
99454.2
99590.6
99732.4
99869.7
100001
100138
100278
100412
100533
100639
100725
100792
100819
100789
100734
100659
100541
100349
100036
99611
99192.4
98788.8
98364.1
97919.8
97462
97043.1
96564.1
96108.4
95723.9
95205.2
94640.9
94104.2
93639.1
93258.6
92962.5
92755.9
99720.8
99565.3
99412.3
99265.8
99127.1
98996.6
98873.2
98755.9
98644.3
98538.2
98437.9
98343.4
98255
98172.8
98096.8
98027
97963.5
97906.7
97857.6
97815.5
97780.1
97751.8
97730.6
97716.7
97709.4
97709.1
97715.7
97729.1
97749.4
97776.5
97810
97849.9
97896.4
97949.4
98008
98072.2
98141.9
98216.5
98296.1
98380.3
98468.9
98561.8
98659.3
98761.1
98866.7
98975.5
99086.8
99201.3
99317.9
99437.3
99558.3
99680.6
99804.9
99930.8
100058
100186
100313
100441
100570
100701
100833
100965
101096
101228
101358
101486
101611
101733
101852
101967
102080
102190
102296
102400
102499
102594
102685
102770
102850
102921
102984
103038
103082
103118
103141
103154
103154
103138
103110
103068
103006
102935
102846
102738
102622
102490
102339
102177
102007
101830
101645
101449
101248
101042
100835
100628
100424
100225
100030
99839.1
99656
99478.9
99310.2
99145.8
98991.9
98838.1
98698.9
98563.4
98436.3
98316.2
98200.7
98101.8
98005.4
97938
97867
97822.7
97807
97794.7
97820.8
97860.5
97876.9
97885.1
97916.5
97939.8
97972.1
98009.8
98065.2
98140.8
98238.2
98352.2
98476
98600.6
98714.1
98810.7
98920.6
99048.2
99180.5
99302.8
99416.4
99533.5
99652
99764.7
99865.2
99952.9
100024
100077
100094
100057
99976
99856.4
99684
99433.3
99076.5
98666.5
98270.9
97863.3
97448.4
96961
96494
96087.5
95600.6
95140.3
94701.1
94095.7
93441.5
92869.5
92397.5
92005.4
91714.1
91515.3
99858
99712.1
99567.9
99427.9
99293.7
99165.6
99043.3
98926.6
98815.1
98709
98608.4
98513.3
98424.1
98340.8
98263.6
98192.5
98128
98070.2
98019.2
97975.3
97938.3
97908.3
97885.3
97869.4
97860.3
97858.3
97863.4
97875.4
97894.3
97920
97952.5
97991.3
98036.7
98088.2
98145.7
98209
98277.5
98351.4
98430.4
98514.1
98602.2
98694.4
98791
98891.8
98997.6
99105.3
99217.9
99333.5
99451
99570.7
99692
99814.9
99940
100067
100195
100323
100452
100582
100714
100847
100980
101113
101246
101379
101509
101636
101760
101881
101999
102114
102227
102336
102444
102548
102648
102744
102834
102919
102999
103069
103132
103184
103228
103261
103281
103290
103286
103266
103234
103184
103117
103038
102938
102823
102699
102553
102389
102217
102036
101845
101642
101428
101208
100986
100764
100543
100325
100112
99899.2
99695.4
99494.2
99303.2
99116.4
98938.2
98764.7
98596.9
98436
98285.2
98136.8
98002.8
97866.3
97751.7
97637.5
97555.5
97466.2
97420.3
97378.7
97363
97384.9
97398.3
97400.2
97378
97402.7
97425.6
97450.8
97488
97542.7
97616
97709.4
97820.9
97943.8
98072.9
98189.9
98289.9
98401.7
98524.3
98647.3
98758.2
98857.7
98954.7
99051.1
99142.2
99219.7
99288.1
99337.7
99371.2
99377.2
99335.1
99240.1
99084.4
98863.5
98567.9
98201.1
97813.2
97426.3
97007.8
96613.3
96089.3
95631.1
95191.8
94693.3
94201
93684.6
92987.2
92251
91655.3
91165.6
90773.9
90489.5
90315.9
100018
99880.1
99743.9
99610.7
99481.5
99356.9
99236.9
99121.6
99011
98905.4
98804.9
98709.6
98619.9
98535.8
98457.7
98385.7
98320.1
98260.9
98208.5
98162.9
98124.2
98092.4
98067.6
98049.7
98038.9
98035.2
98038.5
98048.8
98066
98090
98120.7
98158.1
98201.8
98251.8
98307.7
98369.6
98436.9
98509.6
98587.5
98670.3
98757.7
98849.4
98945.3
99044.9
99148.1
99257.2
99369.3
99484.6
99602
99721.7
99843.4
99966.9
100092
100220
100349
100479
100611
100744
100878
101012
101147
101282
101416
101548
101676
101802
101924
102044
102161
102275
102388
102498
102605
102709
102810
102906
102995
103080
103157
103227
103288
103339
103381
103409
103426
103431
103421
103396
103357
103296
103222
103131
103017
102895
102757
102593
102419
102236
102039
101828
101601
101367
101129
100891
100652
100415
100181
99947.6
99719.9
99497.9
99282.1
99072.4
98869.7
98675.2
98481.2
98297.1
98115.6
97946.2
97778.5
97620.3
97475.6
97334.1
97220.6
97112.1
97019.8
96955.4
96896.2
96888.9
96895.4
96884.9
96878.6
96840.6
96859.4
96884.5
96911
96954.1
97015.8
97095.3
97187.6
97297.5
97422.8
97557
97680.8
97784.6
97900.2
98022.4
98138.3
98240
98328.9
98409.2
98483.7
98554.1
98608.7
98654
98682.2
98689.4
98677.6
98623
98513.8
98337.6
98085.5
97767.1
97411.8
97048.1
96654.6
96215.2
95819.4
95330.2
94853.1
94362.6
93837.1
93304.4
92701.5
91905.1
91108
90498.4
89988.4
89592.1
89329.7
89161.9
100205
100075
99945.8
99819.2
99695.6
99575.1
99458.2
99345.2
99236.4
99132
99032.2
98937.4
98847.8
98763.5
98684.9
98612.1
98545.4
98485
98431.1
98383.9
98343.4
98309.7
98282.9
98263.2
98250.4
98244.6
98245.8
98254
98269.1
98291
98319.7
98355
98396.6
98444.5
98498.5
98558.5
98624.2
98695.4
98771.8
98853.2
98939.5
99030.4
99125.6
99224.7
99328
99435.6
99546.7
99661.1
99778.1
99897.6
100019
100143
100269
100397
100527
100660
100794
100929
101064
101200
101335
101470
101602
101732
101858
101982
102102
102221
102337
102451
102563
102672
102779
102883
102983
103078
103167
103251
103325
103392
103450
103497
103536
103560
103571
103570
103551
103519
103469
103398
103315
103206
103081
102947
102785
102606
102420
102219
101999
101759
101510
101256
101004
100747
100491
100234
99980.7
99726.6
99480
99238.8
99006.1
98777.7
98558.1
98341.7
98132.4
97923.7
97730.5
97534.1
97354.6
97172.8
97014.8
96857.5
96733.8
96605.7
96508.4
96427.2
96371.2
96366.6
96351.3
96328.1
96321.9
96274.9
96295.8
96326.3
96365.9
96420
96490.1
96578.1
96674.1
96786
96918.9
97058.1
97195.5
97293.6
97417.1
97544.2
97659.7
97754.6
97833.5
97902.6
97959.9
98011.3
98044.8
98063.6
98071.4
98050.8
98014.6
97941.8
97813.5
97624.9
97363.9
97052.1
96712
96355.6
95940.6
95496.6
95107.7
94634.5
94141.2
93593
93026.9
92458.6
91762.9
90879.5
90044.4
89421.1
88892
88491.9
88243
88083.1
100423
100301
100179
100059
99941
99825.4
99712.6
99603.1
99497
99394.8
99296.7
99203
99114
99030
98951.2
98878
98810.6
98749.2
98694
98645.2
98602.9
98567.4
98538.6
98516.6
98501.5
98493.3
98492
98497.7
98510.2
98529.5
98555.5
98588
98627
98672.3
98723.7
98781.2
98844.3
98913.2
98987.6
99067.2
99151.8
99241.1
99335.1
99433.2
99535.7
99642.1
99752.4
99866
99982.5
100102
100224
100348
100474
100603
100734
100867
101002
101137
101273
101408
101542
101673
101803
101929
102052
102174
102293
102410
102525
102639
102750
102858
102965
103066
103165
103258
103345
103426
103496
103559
103611
103653
103684
103702
103706
103695
103666
103624
103559
103478
103379
103253
103117
102959
102776
102585
102378
102145
101892
101625
101354
101084
100813
100538
100263
99986
99709.3
99435.6
99165.4
98905.4
98650.3
98404.1
98164.4
97930.9
97701.3
97478.7
97261.8
97052.3
96847.6
96658.8
96476.7
96318.4
96172.2
96040.9
95940
95852.5
95812.4
95793.6
95760.2
95736.4
95728.6
95691
95721
95765.4
95825.5
95899.3
95979.4
96072.9
96174.7
96292.4
96439.8
96582.4
96726.8
96831.9
96959.7
97094.9
97213.8
97306.3
97377.9
97439.3
97486.1
97522.4
97538.4
97531.4
97518.4
97473.6
97408
97312.2
97169.8
96974.2
96713.2
96418.5
96088.7
95730.8
95289
94863.5
94456.2
93988.9
93479.7
92877.2
92278.1
91665.3
90875.5
89936.9
89085.6
88437.2
87884.7
87499.8
87223.4
87104.8
100679
100564
100450
100337
100225
100115
100007
99902.3
99799.9
99700.8
99605.2
99513.4
99425.8
99342.7
99264.4
99191.3
99123.5
99061.4
99005.1
98955
98911
98873.4
98842.4
98817.8
98800
98789
98784.6
98787.1
98796.3
98812.2
98834.7
98863.7
98899.1
98940.9
98988.8
99042.8
99102.7
99168.4
99239.7
99316.4
99398.4
99485.3
99577
99673.2
99773.8
99878.7
99987.5
100100
100215
100334
100455
100579
100705
100834
100965
101097
101230
101363
101496
101628
101758
101886
102012
102135
102257
102376
102493
102609
102723
102835
102945
103052
103156
103255
103351
103439
103521
103595
103660
103717
103760
103793
103814
103820
103815
103791
103751
103693
103612
103517
103395
103254
103100
102917
102720
102508
102262
101992
101707
101419
101128
100839
100547
100252
99951.5
99652.1
99353
99056.9
98767.9
98486.1
98211.9
97945.1
97686.5
97434.1
97183.4
96944.1
96708.9
96482.7
96258.8
96059.1
95863.7
95702.4
95547.3
95419.3
95315.6
95231.1
95202.1
95169.9
95132.9
95111.8
95101.3
95094.7
95139.2
95204.4
95290.7
95389
95482.5
95584.2
95695.1
95829
95982
96136.5
96276.1
96399.1
96535.5
96678.6
96802.6
96899.5
96968.9
97024.3
97064.7
97088.7
97096.2
97073.5
97031.3
96965.6
96875.4
96756.8
96601.6
96402
96144.1
95856.1
95528.8
95175.5
94713.5
94294.3
93869.9
93393.9
92859.8
92222.1
91602.2
90926.6
90057.5
89090.4
88236.9
87537.2
86978.1
86584.3
86305.5
86170.8
100978
100871
100765
100660
100556
100453
100351
100251
100153
100058
99966.1
99877.2
99791.8
99710.4
99633.3
99560.7
99493
99430.4
99373.3
99321.8
99276
99236.2
99202.5
99175.1
99154.1
99139.5
99131.4
99129.8
99134.7
99146.1
99164
99188.4
99219.1
99256.1
99299.4
99348.7
99404.1
99465.3
99532.2
99604.7
99682.6
99765.7
99853.7
99946.5
100044
100146
100252
100361
100474
100590
100709
100831
100956
101083
101210
101339
101468
101597
101726
101853
101979
102103
102225
102345
102464
102580
102696
102809
102921
103031
103138
103243
103343
103439
103528
103609
103683
103746
103801
103845
103877
103899
103905
103898
103877
103838
103784
103706
103610
103491
103346
103190
103006
102805
102589
102334
102047
101746
101440
101129
100817
100508
100196
99877.1
99548.9
99226
98905.5
98590.6
98283.8
97984.4
97691.4
97405.3
97126.5
96849.8
96581.6
96322.3
96068.9
95820.9
95595.7
95377.2
95186.8
95012.3
94860.1
94735.1
94631.9
94562.8
94535.9
94501.5
94473.2
94462.2
94465.6
94489.3
94551.4
94644.1
94760.8
94884.7
94998.7
95118.2
95248.1
95393.1
95551.2
95714.9
95864.6
95999.9
96146.8
96297.4
96427.8
96533.1
96611.6
96662.8
96696.5
96710
96708.6
96686
96628.9
96539.3
96425.2
96281.7
96119.5
95910.5
95654.2
95371.2
95041.7
94665.4
94231.5
93795.1
93348.2
92859.4
92296.2
91639.9
90991.1
90249.5
89318.4
88337.9
87476.4
86729
86148.1
85742
85436.4
85277.7
101323
101224
101129
101034
100939
100844
100749
100656
100565
100475
100387
100302
100220
100141
100066
99994.3
99927.1
99864.3
99806.3
99753.3
99705.6
99663.3
99626.6
99595.7
99570.7
99551.6
99538.7
99531.9
99531.4
99537.2
99549.2
99567.4
99591.9
99622.7
99659.7
99702.7
99751.8
99806.8
99867.6
99934.1
100006
100084
100166
100253
100346
100442
100543
100648
100756
100868
100982
101100
101219
101341
101463
101587
101710
101834
101957
102078
102199
102318
102436
102552
102666
102780
102891
103001
103110
103215
103318
103417
103511
103599
103678
103749
103810
103859
103898
103924
103939
103942
103930
103907
103865
103809
103735
103637
103521
103376
103211
103026
102819
102596
102335
102039
101722
101396
101062
100724
100396
100072
99740.6
99399.3
99053.9
98710.8
98371.9
98037.9
97711.6
97391.7
97077.8
96770.8
96468.8
96171.3
95886.3
95608.7
95339.2
95083.2
94844.1
94623.1
94434.6
94256.4
94115.4
93997.1
93906.1
93862.1
93832.2
93802.9
93791.2
93801.7
93832.8
93881.5
93969.5
94092.8
94239.2
94391.4
94534.4
94679.5
94831.1
94994.9
95166
95335.7
95495.3
95639.5
95793.6
95951.7
96089.6
96203.8
96293.8
96355.9
96391.2
96399
96379.2
96344.4
96285.1
96192.1
96068.1
95907.1
95719
95486.9
95214.8
94945.4
94623.7
94231.8
93805.3
93359.4
92900.3
92388.6
91789.7
91122.4
90436.6
89634.7
88652.9
87657.3
86784.7
86002.8
85387.7
84960.8
84633.8
84438.5
101684
101600
101516
101431
101345
101259
101173
101088
101003
100920
100838
100757
100679
100604
100531
100461
100395
100332
100273
100219
100170
100125
100085
100050
100020
99996.5
99978.1
99965.5
99958.7
99957.9
99963.1
99974.3
99991.5
100015
100044
100080
100121
100168
100222
100280
100345
100415
100490
100570
100655
100745
100838
100936
101038
101143
101251
101361
101474
101588
101704
101820
101937
102053
102169
102284
102398
102511
102623
102733
102842
102950
103056
103160
103262
103361
103458
103548
103633
103709
103776
103832
103875
103906
103924
103929
103922
103900
103869
103821
103758
103681
103582
103465
103323
103157
102969
102753
102526
102259
101959
101626
101277
100925
100568
100224
99890.1
99556.6
99206.2
98847.1
98488.6
98130.6
97774.7
97421.9
97076.1
96735.6
96400.9
96073.8
95753.1
95440.9
95139.6
94846.4
94561.7
94294.5
94049.1
93836.5
93642.5
93480.8
93349.1
93245.6
93177.4
93147.6
93117.5
93102.8
93116.5
93158.3
93220.9
93299.2
93417.3
93568.6
93743
93924
94102.3
94279.1
94459.6
94649.6
94843.1
95032.8
95184.5
95327.4
95482.4
95645.1
95788.7
95910
96010.1
96083.9
96128.2
96145.5
96126.7
96075.4
96000.6
95891.7
95759.5
95591.2
95391.3
95143.1
94859.4
94576.7
94248.3
93863.4
93438.4
92979.7
92509.4
91964.6
91328.3
90647.7
89922.4
89059
88030.3
87012.3
86133.2
85330.7
84676.3
84207.7
83860.5
83639.8
102007
101936
101863
101788
101712
101636
101559
101481
101404
101327
101251
101175
101102
101030
100959
100892
100827
100765
100706
100651
100599
100552
100509
100471
100438
100409
100385
100367
100354
100347
100346
100350
100360
100376
100398
100425
100459
100498
100544
100595
100651
100713
100780
100852
100930
101012
101098
101189
101283
101380
101481
101584
101689
101795
101903
102012
102121
102230
102339
102446
102553
102659
102764
102867
102969
103069
103167
103264
103357
103449
103536
103618
103692
103757
103810
103849
103874
103885
103883
103868
103838
103796
103742
103670
103586
103484
103363
103222
103057
102873
102662
102422
102157
101851
101514
101159
100791
100431
100079
99733.6
99392
99042.7
98676.6
98305.9
97935.8
97565.3
97196.7
96831
96470.5
96114.9
95763.7
95420.4
95084.3
94755.9
94438.4
94131.3
93836.7
93567.5
93332.1
93122.9
92936.8
92792.4
92664.4
92580
92527.9
92495.8
92474.1
92485.7
92533
92608.5
92702.7
92812.7
92958.9
93130.7
93328
93534.6
93745.2
93954.5
94163.5
94375.4
94587.8
94791.8
94968.7
95120.1
95272.1
95429.5
95566
95690
95793.8
95875.9
95927
95949.8
95938
95893.9
95817
95690.1
95542.5
95352.2
95144.1
94903.1
94637.5
94330.2
93977.7
93593.3
93160.5
92689.8
92190.5
91610.6
90951.9
90257.6
89487.1
88559
87495.9
86462.1
85576
84769.3
84075.4
83558.1
83181
82942.5
102270
102210
102147
102082
102016
101948
101879
101809
101738
101667
101596
101526
101456
101387
101320
101254
101190
101129
101070
101014
100962
100913
100868
100827
100790
100757
100729
100706
100688
100675
100668
100666
100670
100679
100694
100715
100742
100774
100812
100856
100905
100960
101020
101085
101155
101230
101310
101393
101480
101570
101664
101760
101858
101957
102058
102160
102262
102363
102465
102566
102666
102764
102861
102957
103051
103142
103232
103320
103405
103488
103567
103639
103705
103759
103798
103822
103831
103826
103808
103775
103728
103668
103592
103503
103396
103272
103130
102965
102778
102584
102351
102084
101781
101451
101103
100743
100381
100024
99663.9
99307.7
98956.4
98594.7
98218.5
97839.2
97460.9
97081.4
96702.9
96325.8
95951.2
95580.1
95214.4
94859.7
94514
94178.8
93855.8
93544.8
93249.1
92971.8
92735
92530.6
92365.6
92230.6
92119.4
92050.5
92003.9
91969.7
91959.2
91996.2
92074.9
92181.7
92306.5
92446.1
92613
92805.5
93018.3
93241.7
93477
93712.2
93945.8
94173.2
94405.5
94623.6
94824.9
95021.6
95194
95350
95492.3
95606
95698.3
95763.3
95807
95828.9
95803.7
95760.9
95689.5
95569.8
95419
95235.6
95012.1
94772.6
94495.9
94164.5
93814.7
93410
92969
92482.4
91949.9
91343.6
90675.8
89963.4
89150.1
88163
87084.9
86047.1
85147.9
84342.6
83619.4
83063.5
82651.8
82397.3
102479
102428
102374
102318
102260
102199
102137
102074
102009
101944
101878
101812
101746
101680
101615
101551
101489
101428
101369
101313
101260
101209
101162
101119
101079
101043
101012
100985
100962
100945
100932
100925
100924
100927
100937
100952
100972
100999
101031
101069
101112
101160
101214
101273
101338
101406
101479
101557
101638
101722
101809
101898
101990
102083
102178
102273
102369
102464
102559
102653
102747
102838
102928
103016
103101
103185
103266
103345
103422
103495
103566
103631
103687
103731
103758
103772
103770
103753
103721
103674
103613
103538
103446
103339
103215
103072
102909
102728
102527
102306
102054
101762
101438
101102
100759
100407
100051
99684.3
99317.3
98955.2
98592.3
98220.1
97837.9
97454
97069
96681.6
96295.3
95910.3
95526.6
95146.8
94774.1
94411
94057.8
93715.7
93383.3
93065.2
92769.9
92503.8
92266.1
92067.1
91913.9
91782.1
91692.7
91625.8
91580.2
91550.9
91552.1
91610.1
91715.1
91851.1
92005.8
92173.7
92357.7
92569
92792.7
93028.3
93281.3
93534.8
93788.9
94035
94274.9
94502.5
94721.1
94930.7
95127.8
95298.7
95446.4
95570.2
95658.1
95716.3
95750.4
95770.5
95745.8
95695.1
95605.9
95476.5
95322.2
95126.7
94917.5
94682.8
94390.3
94056.9
93688.6
93274.3
92825.1
92323.6
91765.8
91146.8
90477.1
89738.9
88877.1
87856.9
86776
85743.7
84829.5
84015.5
83276.3
82688
82246.3
81976.5
102641
102598
102552
102503
102451
102397
102341
102283
102224
102163
102101
102038
101976
101913
101850
101788
101726
101666
101608
101552
101497
101446
101397
101351
101310
101272
101237
101207
101181
101160
101143
101132
101126
101125
101130
101140
101156
101178
101205
101238
101276
101320
101369
101423
101482
101545
101613
101685
101761
101840
101922
102006
102092
102180
102269
102359
102449
102539
102629
102717
102804
102890
102973
103054
103132
103207
103279
103348
103416
103481
103544
103603
103649
103684
103706
103712
103703
103679
103639
103584
103513
103425
103320
103197
103057
102899
102722
102526
102309
102069
101795
101481
101153
100819
100484
100137
99776.4
99407.2
99038.8
98669.7
98296.6
97917.4
97533
97146.2
96755.7
96362.3
95970.4
95580.4
95190.7
94805.9
94428.5
94057
93692.7
93338.5
92994.9
92669.6
92378.9
92138.5
91915.8
91719.2
91563.2
91434.1
91351.5
91278.1
91237.7
91220.9
91235.7
91309.7
91435.1
91595.3
91777.8
91971.5
92172.9
92397.2
92630.4
92878
93141.7
93408.4
93675.8
93937.5
94184.3
94418.9
94643.3
94854.8
95052.8
95231.2
95392.1
95523.6
95619.9
95685.7
95722.2
95727.3
95701.4
95646.2
95553.9
95423.3
95264.7
95060.9
94843.2
94592.8
94301.3
93971.7
93589
93172.5
92713.9
92201
91631.5
91009.4
90330.9
89561.9
88657.9
87622.5
86548.3
85524.5
84599.5
83768.7
83020.7
82406.3
81943
81663.4
102764
102727
102687
102643
102597
102549
102497
102444
102389
102332
102273
102214
102153
102093
102032
101971
101911
101851
101793
101737
101682
101630
101580
101533
101489
101449
101412
101380
101351
101327
101308
101293
101284
101280
101281
101287
101299
101317
101340
101369
101404
101443
101488
101538
101593
101653
101717
101785
101856
101931
102008
102088
102170
102254
102338
102424
102509
102595
102679
102762
102844
102924
103002
103076
103147
103215
103279
103340
103398
103457
103512
103561
103601
103630
103647
103652
103641
103615
103571
103511
103432
103334
103219
103085
102932
102760
102570
102361
102130
101873
101580
101261
100933
100602
100265
99919.5
99556.8
99189.3
98820.4
98448.3
98069.5
97686.4
97301
96910.9
96515
96116.1
95717.7
95321.2
94926.7
94537.5
94155.9
93778.7
93405.8
93043.6
92693.9
92369
92087.3
91851.2
91639.9
91449.8
91291.6
91166.4
91078.6
91002.7
90969.6
90968.1
90997.4
91082.2
91220.5
91398.5
91604.8
91820.1
92038.3
92272.8
92518.5
92775.2
93044.7
93319.9
93596.3
93873.8
94120.7
94359.6
94588.2
94803.2
95006.2
95189.4
95352.5
95485.6
95587
95660.1
95697.7
95697.4
95667.8
95600
95505.5
95373.4
95215.3
95025.5
94797.4
94534.1
94238.5
93904.3
93520
93099.5
92632.7
92113.4
91539.7
90913.7
90219.8
89421.4
88486
87446.2
86382.8
85366.7
84435
83589.5
82831
82198.1
81721.4
81438.4
102856
102824
102788
102749
102707
102662
102615
102565
102513
102458
102403
102346
102287
102228
102169
102109
102050
101991
101933
101877
101822
101769
101718
101670
101625
101583
101544
101510
101481
101454
101432
101415
101403
101396
101395
101399
101408
101422
101443
101469
101500
101536
101578
101625
101677
101734
101794
101859
101927
101999
102073
102149
102228
102308
102389
102470
102552
102633
102713
102791
102869
102944
103016
103085
103151
103213
103271
103327
103380
103431
103480
103522
103555
103580
103595
103600
103592
103566
103520
103455
103370
103266
103141
102998
102835
102653
102453
102232
101989
101715
101413
101097
100771
100437
100097
99747.8
99387.8
99021.7
98654.5
98281.9
97901.3
97516.3
97129.1
96736.7
96337
95933.2
95529.3
95127.7
94729.3
94336.6
93950.6
93567.4
93189.7
92824
92473.5
92156.3
91872
91624.4
91416.7
91241.1
91088.6
90968.5
90870.8
90799.1
90768.5
90779.2
90822.8
90915
91059.2
91250.9
91471.3
91705.8
91939.4
92183.1
92439.3
92703.6
92978.3
93258.1
93538.3
93820.3
94074.4
94316.9
94559
94780.9
94984.6
95166.2
95328.8
95459.8
95562
95633.2
95668.4
95664.6
95633.7
95559.9
95462.8
95333.1
95170.3
94982.9
94753.4
94501
94198.4
93867.4
93476
93049.2
92578.1
92054.6
91477.3
90844.4
90133.7
89309.5
88355.5
87316.8
86265.1
85254.8
84317.2
83460.8
82692.5
82048.1
81564.6
81281.5
102923
102894
102861
102826
102787
102745
102700
102653
102603
102551
102497
102442
102385
102327
102269
102210
102151
102093
102035
101979
101924
101870
101819
101770
101724
101682
101642
101606
101574
101547
101523
101504
101491
101482
101478
101480
101487
101500
101518
101541
101570
101605
101644
101689
101738
101792
101851
101913
101979
102048
102119
102193
102268
102345
102423
102501
102579
102657
102733
102808
102881
102953
103021
103086
103148
103207
103262
103314
103364
103410
103453
103489
103519
103540
103555
103562
103556
103533
103486
103417
103327
103216
103085
102934
102763
102574
102365
102135
101880
101596
101292
100978
100652
100316
99971.6
99619.3
99259.9
98896.4
98530.9
98159
97778.7
97392.7
97003.5
96609.8
96209
95802.5
95395.7
94990.4
94588.4
94191.7
93800.7
93412.7
93033.5
92668.2
92323.7
92007.1
91713.8
91462.7
91257.8
91091.4
90945.4
90828
90721.9
90656.4
90626.3
90643.6
90698.9
90795.8
90944.1
91141.7
91372.3
91619
91866.2
92118.4
92380.8
92651.2
92931.4
93214.4
93497.1
93781.2
94041.8
94291.5
94534.3
94762
94964.9
95147.7
95311.2
95441.7
95543
95612.1
95646.3
95638.9
95608.7
95530.1
95429
95302.5
95135.8
94950.5
94716.3
94470.1
94170.2
93837.8
93444.1
93014.5
92540.8
92015.4
91434.1
90792.9
90067.2
89222.9
88260.3
87225.4
86183.2
85176.3
84233.4
83369.1
82594.5
81945.2
81458.1
81174.7
102969
102942
102913
102879
102843
102803
102760
102715
102666
102616
102564
102509
102453
102397
102339
102281
102223
102165
102107
102051
101996
101942
101891
101841
101795
101751
101711
101674
101641
101612
101588
101568
101552
101542
101537
101538
101543
101554
101571
101593
101620
101653
101691
101734
101781
101833
101890
101950
102014
102081
102150
102221
102294
102368
102444
102519
102595
102670
102744
102816
102887
102955
103021
103085
103144
103201
103254
103304
103350
103393
103432
103465
103493
103514
103529
103537
103532
103509
103463
103392
103299
103183
103047
102890
102714
102518
102302
102063
101799
101511
101207
100895
100568
100230
99882.3
99527.3
99167.1
98804.4
98439.5
98069.2
97691.3
97306.8
96916.1
96520.6
96119.1
95711.2
95301.5
94893.3
94488.4
94088.7
93694.5
93304.7
92925.4
92563.4
92225
91906.4
91613.4
91364.3
91157.2
90991.9
90849.1
90729
90619.3
90559.1
90531.4
90552.7
90615
90715.7
90865.9
91065.1
91301.2
91555.7
91812.5
92072.5
92339.7
92613.8
92897.2
93183.7
93468.7
93753.6
94018.4
94271.3
94514.4
94744.1
94949.4
95135.8
95297.4
95428
95528.2
95596.4
95630.8
95620.1
95590.6
95508.7
95405.6
95280.6
95111.3
94928.4
94690.6
94445.9
94149.1
93812.5
93421
92990.7
92515.7
91988.5
91403.8
90754.6
90015.8
89159.6
88194
87163.8
86127.8
85122.5
84175.4
83306
82529
81878.3
81389.2
81103.5
102999
102975
102947
102915
102880
102842
102800
102756
102709
102660
102608
102555
102500
102443
102386
102329
102271
102213
102156
102099
102044
101990
101939
101889
101842
101798
101757
101720
101686
101656
101631
101610
101594
101583
101577
101576
101581
101591
101606
101627
101653
101684
101721
101762
101809
101859
101914
101973
102036
102101
102169
102238
102310
102382
102456
102530
102604
102678
102750
102820
102889
102956
103021
103082
103141
103196
103248
103296
103341
103381
103418
103450
103476
103498
103514
103521
103515
103491
103446
103375
103281
103163
103023
102861
102681
102480
102257
102012
101743
101455
101153
100840
100513
100172
99821.8
99464.6
99103
98739.4
98374.1
98005.1
97630.2
97248.7
96858.1
96461
96057.8
95648.8
95237.3
94827.1
94420.2
94018.2
93621.6
93230.7
92851.9
92494.9
92160.9
91843.1
91553.8
91304.9
91095.2
90928.1
90784.4
90659.1
90551.7
90495
90471.4
90495.6
90561.2
90664.2
90815.5
91014.9
91252.8
91511.7
91774.5
92040.3
92312.1
92588.9
92873.7
93162.7
93449.1
93735.3
94001.4
94256.9
94500.7
94731.1
94939.8
95128.2
95287.5
95418.5
95518.4
95585.9
95617.2
95606.1
95577.7
95494.3
95390.3
95265.4
95096.7
94913.3
94673.7
94429.7
94134.7
93795.6
93405.5
92975
92499
91970
91382.3
90726.7
89978.1
89116.4
88150.7
87124.6
86092
85087.1
84137.2
83264.7
82487.1
81836.7
81346.9
81058.3
103018
102995
102968
102937
102903
102866
102825
102782
102736
102687
102636
102583
102528
102473
102416
102358
102301
102243
102186
102130
102074
102021
101969
101919
101872
101827
101786
101748
101714
101684
101658
101636
101620
101608
101601
101600
101604
101613
101627
101647
101673
101703
101739
101780
101825
101875
101929
101987
102048
102113
102180
102249
102319
102391
102463
102536
102609
102682
102753
102823
102891
102957
103020
103081
103139
103193
103244
103291
103334
103374
103410
103441
103468
103490
103505
103510
103502
103478
103433
103364
103270
103150
103008
102844
102659
102454
102228
101979
101708
101420
101120
100807
100478
100136
99783.9
99425
99062.3
98698
98332
97963.1
97589
97210.4
96821.4
96423.2
96018.6
95609.1
95196.8
94785.3
94377.2
93973.9
93575.9
93184.1
92806.2
92452.2
92120.3
91804.5
91518.2
91269.3
91059.2
90889.9
90743.5
90613.6
90511.5
90456.2
90436.1
90461.9
90528.9
90633.5
90785.7
90985.3
91223.3
91483.6
91749.8
92019.3
92294.1
92572.8
92858.9
93149.5
93437.7
93722.5
93989
94247.8
94492.5
94723.1
94935.7
95123.6
95281.6
95413
95514.5
95579.9
95607
95596.9
95567
95485.1
95380.5
95255.5
95086.4
94901.2
94663.3
94420
94127
93785.3
93395.7
92964.9
92488.1
91957.7
91367.7
90707.4
89953.5
89089.2
88124.6
87101.5
86070.5
85065.3
84113.8
83239.4
82461.7
81811.9
81322.5
81031.5
103029
103006
102980
102949
102916
102879
102839
102796
102750
102702
102651
102598
102544
102489
102432
102375
102317
102260
102203
102146
102091
102037
101985
101935
101888
101843
101802
101764
101729
101699
101673
101651
101634
101622
101615
101613
101616
101625
101639
101659
101684
101714
101749
101789
101834
101884
101937
101995
102055
102119
102186
102254
102324
102395
102467
102540
102612
102684
102755
102824
102892
102957
103020
103080
103138
103192
103242
103288
103331
103370
103405
103436
103464
103487
103501
103504
103495
103469
103425
103356
103263
103143
103000
102834
102648
102440
102211
101960
101690
101403
101103
100789
100460
100117
99763.6
99403.8
99040.7
98675.9
98309.3
97940.2
97566.6
97187.6
96799.7
96401.8
95997.3
95587.2
95174.6
94762.7
94353.9
93950
93551.3
93159.5
92782.4
92429.5
92098.3
91784
91499.1
91250.5
91040.4
90869.5
90721.4
90589.1
90491.6
90436.1
90417.8
90444.3
90511.9
90617.9
90770.9
90970.4
91207.9
91468.4
91736
92007.3
92283.8
92563.4
92850.6
93142.5
93430.9
93715.3
93982.9
94242.7
94487.9
94718.5
94931.4
95120
95279.3
95410.6
95511.1
95575.5
95600.3
95591.3
95559.3
95479.2
95374.6
95248.9
95080.5
94892.9
94657.2
94414.7
94122.7
93779.3
93390
92958.6
92481.1
91950
91358.3
90695.4
89939.3
89074.2
88110.7
87089.4
86058.9
85053.5
84101.2
83225.7
82448
81798.8
81310.3
81018.2
103033
103010
102984
102954
102921
102884
102844
102801
102756
102707
102657
102604
102550
102495
102438
102381
102324
102266
102209
102153
102098
102044
101992
101942
101894
101850
101808
101770
101735
101705
101679
101657
101640
101627
101620
101618
101621
101630
101644
101663
101688
101718
101753
101793
101838
101887
101941
101998
102058
102122
102188
102256
102326
102397
102469
102541
102614
102685
102756
102825
102892
102957
103020
103080
103138
103191
103242
103288
103330
103369
103404
103435
103463
103486
103500
103503
103492
103466
103421
103353
103260
103141
102997
102831
102643
102435
102205
101954
101683
101397
101097
100783
100453
100110
99756.5
99396.5
99033.2
98668.2
98301.3
97932.1
97558.6
97179.3
96791.2
96393.7
95989.5
95579.2
95166.5
94754.5
94345.5
93941.2
93542.3
93150.5
92773.9
92421.3
92089.9
91776.3
91492.2
91243.8
91033.5
90861.2
90712.1
90579.9
90484.6
90428.9
90411.1
90437.8
90505.6
90612.3
90765.7
90965.1
91202.2
91462.5
91730.6
92002.6
92279.6
92559.8
92847.3
93139.2
93428.1
93712.4
93980.8
94240.6
94486
94716.5
94929.3
95118
95277.8
95409.5
95509.3
95573.5
95598.2
95589
95556.1
95476.6
95372
95245.8
95077.7
94889.4
94655
94412.5
94120.3
93776.6
93387.4
92955.5
92477.5
91945.9
91354
90690.2
89933.4
89068.1
88105.3
87084.7
86054.4
85048.9
84096.4
83220.6
82442.9
81794
81306.1
81013.7
105787
106421
107027
107514
107823
107965
108000
107836
107575
107298
107014
106834
106829
107014
107464
108213
109091
109730
109711
108752
106779
104026
100926
98221.6
96634.3
105810
106434
107032
107526
107818
107951
107975
107815
107562
107285
107016
106846
106832
107019
107470
108215
109088
109712
109681
108697
106723
103970
100879
98188.4
96594.5
105814
106418
106985
107463
107750
107876
107881
107724
107473
107192
106929
106764
106783
106981
107439
108197
109067
109687
109653
108660
106674
103917
100838
98156.8
96529.4
105807
106378
106903
107345
107625
107751
107739
107586
107343
107060
106801
106659
106709
106919
107386
108154
109028
109645
109613
108612
106610
103854
100801
98128.3
96461.1
105787
106309
106796
107193
107459
107585
107555
107401
107171
106892
106632
106518
106612
106835
107312
108084
108968
109586
109556
108551
106530
103783
100762
98103.9
96400.7
105757
106222
106669
107018
107265
107385
107328
107176
106963
106691
106429
106339
106493
106729
107218
107991
108886
109509
109482
108485
106441
103706
100722
98083.7
96351.6
105716
106127
106526
106833
107051
107148
107065
106925
106723
106465
106203
106126
106353
106603
107105
107881
108785
109414
109390
108409
106342
103624
100682
98068
96314
105672
106026
106369
106637
106819
106881
106775
106649
106449
106222
105968
105892
106189
106457
106975
107757
108666
109301
109279
108312
106245
103540
100640
98056.5
96287.2
105635
105922
106209
106424
106565
106592
106469
106338
106136
105963
105729
105660
106002
106295
106829
107617
108529
109171
109151
108200
106143
103454
100597
98048.8
96269.9
105607
105817
106046
106201
106298
106293
106154
105989
105792
105677
105481
105428
105797
106119
106669
107462
108375
109025
109008
108077
106034
103367
100553
98044.6
96260.3
105593
105721
105889
105985
106037
105998
105837
105627
105445
105382
105224
105193
105577
105928
106496
107293
108204
108864
108852
107939
105918
103277
100509
98044.1
96257.2
105600
105642
105739
105774
105780
105716
105540
105302
105140
105095
104972
104964
105350
105725
106313
107111
108017
108689
108684
107789
105797
103184
100465
98046.8
96259.7
105634
105580
105600
105578
105538
105449
105259
105019
104875
104802
104720
104740
105114
105512
106122
106920
107814
108498
108506
107629
105669
103089
100420
98052.4
96267.6
105606
105529
105482
105395
105318
105188
104979
104743
104596
104505
104462
104508
104876
105292
105921
106720
107599
108293
108317
107458
105534
102991
100374
98060.3
96281.1
105511
105476
105365
105223
105102
104930
104707
104475
104308
104218
104203
104267
104639
105068
105716
106511
107379
108074
108117
107275
105393
102891
100327
98069.6
96300.8
105449
105396
105241
105062
104884
104679
104436
104205
104027
103929
103937
104021
104399
104842
105507
106294
107155
107845
107907
107082
105244
102790
100279
98079.1
96327.7
105406
105295
105111
104897
104671
104431
104166
103923
103745
103631
103653
103777
104158
104615
105292
106069
106929
107608
107689
106881
105090
102693
100224
98087.5
96362.6
105286
105192
104967
104720
104457
104197
103920
103657
103455
103327
103361
103532
103918
104385
105077
105837
106697
107366
107462
106673
104932
102595
100169
98094.7
96405.4
105169
105082
104797
104522
104238
103967
103674
103393
103158
103021
103065
103280
103673
104144
104850
105591
106445
107106
107212
106446
104756
102485
100110
98096.2
96460.3
105022
104905
104584
104291
104003
103716
103405
103110
102870
102726
102768
103026
103419
103894
104603
105328
106168
106823
106937
106202
104567
102366
100053
98094.6
96533.7
104732
104609
104324
104017
103734
103445
103125
102832
102585
102434
102489
102780
103160
103644
104347
105062
105881
106527
106651
105955
104374
102243
99997.2
98093.5
96617.7
104375
104236
104010
103693
103421
103148
102830
102531
102263
102101
102184
102514
102902
103398
104078
104790
105587
106219
106353
105705
104176
102116
99939.7
98094.3
96710.9
104014
103807
103601
103322
103071
102812
102502
102189
101916
101762
101862
102221
102634
103143
103793
104513
105287
105903
106047
105446
103974
101985
99879.9
98098.6
96810.8
103579
103313
103108
102885
102667
102432
102141
101833
101576
101451
101573
101930
102366
102870
103504
104227
104985
105584
105735
105176
103764
101849
99818.1
98106.4
96914.3
103024
102760
102551
102378
102197
101996
101736
101452
101198
101093
101238
101589
102086
102589
103218
103933
104679
105265
105421
104893
103547
101706
99753.8
98117.5
97018.4
102360
102137
101941
101801
101659
101498
101275
101008
100770
100689
100854
101206
101751
102300
102928
103640
104370
104948
105107
104594
103319
101555
99686.9
98132.1
97119.9
101616
101435
101264
101150
101050
100933
100751
100503
100308
100268
100477
100836
101394
101995
102636
103350
104061
104629
104787
104284
103080
101397
99618.1
98149.1
97217.3
100829
100662
100528
100443
100382
100310
100176
99956.6
99801.8
99804.1
100066
100477
101073
101695
102349
103062
103763
104318
104466
103976
102841
101241
99551.4
98167.7
97304.9
99998.2
99836.6
99735
99691.2
99668.5
99637.1
99547.9
99358.9
99231.9
99300.4
99624
100106
100723
101387
102056
102775
103473
104015
104149
103678
102606
101088
99486.2
98185.7
97382.7
99109.9
98981.9
98888
98874.9
98886.8
98900.3
98861.7
98699.7
98604.2
98767.8
99162.6
99700
100334
101047
101755
102492
103181
103706
103827
103385
102376
100935
99421.1
98203.6
97454.3
98160.9
98075.4
98002.4
98003.8
98044.9
98101.6
98122.2
97995.9
97954.6
98205.4
98678
99267.8
99949.3
100701
101460
102210
102890
103393
103504
103096
102150
100784
99356.3
98220.9
97518.9
97162.3
97102.9
97073.6
97096.1
97172.9
97253.9
97316.6
97242.4
97274.3
97603.2
98162.9
98813.5
99559.3
100354
101161
101923
102598
103077
103183
102810
101927
100635
99291.9
98237.3
97588
96130.6
96107.7
96105.6
96164.1
96265.4
96368.5
96456.6
96446.8
96539.9
96964.3
97614.6
98337.8
99140.3
99987.6
100843
101627
102303
102759
102865
102526
101707
100487
99227.9
98252.3
97658.8
95069.5
95090.3
95104.4
95189.9
95310
95457.2
95590
95627.3
95790.2
96316.6
97042
97848.8
98702
99610.6
100519
101332
102005
102444
102553
102247
101489
100341
99164.4
98265.8
97729.9
93929.1
93966.7
94026.6
94106.5
94263.6
94455.4
94658.9
94755.7
95028.4
95636.6
96423.9
97305.5
98238.3
99209.4
100172
101021
101693
102123
102239
101965
101269
100194
99101.3
98278.5
97801.3
92719.4
92771.3
92882.3
92974.5
93147.7
93360.9
93624.4
93850.5
94227.8
94898
95751
96705.7
97739.9
98783.5
99799.2
100687
101374
101803
101924
101682
101048
100047
99037.5
98289.4
97872.4
91502.9
91607.8
91737.5
91870.9
92028
92284.7
92601.6
92942.5
93405.9
94127.1
95048.9
96092.2
97218.2
98352.8
99430.6
100359
101065
101494
101621
101407
100831
99903.4
98975.1
98299.2
97943
90311.5
90453.5
90607.3
90756.3
90917.9
91210.6
91627.1
92020.3
92593.4
93357.7
94334.6
95466.7
96683.9
97914
99064.5
100040
100766
101195
101328
101144
100622
99764.2
98914.8
98308.7
98013.2
89173
89314.2
89506.2
89674
89847.8
90138.2
90638.4
91115.6
91788.2
92597.1
93619.4
94835.2
96149.6
97473.8
98698.4
99725.9
100473
100907
101048
100895
100421
99630.4
98857.1
98318.5
98082.6
88100.6
88245.3
88459.6
88648.4
88823.3
89149.5
89665.9
90246.5
90981.4
91839.2
92917.2
94209.3
95620.4
97037.7
98338.9
99420.5
100190
100631
100784
100661
100230
99502.7
98802.6
98329.1
98150.1
87096.8
87236
87464.2
87666.5
87863.4
88234.4
88746.5
89398.3
90184.7
91099.7
92240.3
93603.5
95101.6
96608.8
97988.9
99125.9
99918.9
100371
100536
100444
100049
99382.4
98751.7
98340.5
98214.4
86147.7
86268.1
86506.5
86744.7
86979.2
87356.8
87879.6
88592.7
89425.5
90395.3
91596
93026.2
94602.8
96194
97651.7
98842.3
99661.3
100130
100309
100244
99879.9
99270
98704.7
98352.6
98273.8
85260.1
85358.8
85585.6
85862.9
86159.8
86554.8
87091.5
87852
88720.1
89731.5
90991.3
92481.3
94130.8
95799.5
97330.4
98572.5
99421.1
99909.4
100104
100061
99724.4
99166.4
98661.7
98365.3
98326.7
84428.3
84503
84711
85021.2
85399.4
85828.4
86373.9
87169.3
88064.6
89106.7
90422.9
91968.7
93684.7
95426.4
97025.2
98318.2
99199.9
99709.7
99919.1
99895.4
99582.7
99072
98622.5
98378.1
98372.3
83610.1
83661.7
83856.8
84199.4
84656.6
85115.1
85691.6
86517.7
87433.1
88499.2
89857.6
91458.5
93238.3
95051.9
96717.7
98064.1
98984.1
99517.3
99741.6
99732.8
99444.2
98979.6
98584
98391.9
98414.9
82882.2
82940.3
83136.1
83508.6
83999.9
84485.7
85111.7
85957.8
86886.8
87972.6
89348.9
90993.1
92830.7
94708.9
96436.1
97834.1
98793.4
99349.4
99586.8
99589
99322.7
98898.4
98550.2
98405.4
98451.2
82319.3
82386
82615.6
82998.2
83480.5
83987.2
84658.5
85515.6
86460.5
87565.5
88949.6
90621.1
92503.9
94433.2
96210.7
97652.9
98645.8
99220.6
99468.6
99478.5
99229.9
98836.5
98524.3
98416.1
98477.6
81893.7
81977.8
82224.9
82601.4
83067.1
83597.1
84302.6
85165.1
86127.9
87253.3
88644.9
90331.7
92245.9
94214.2
96031.7
97511
98532.2
99122.1
99378.5
99394.7
99159.2
98790.2
98504.6
98424.6
98497.4
81583.4
81679.2
81919.3
82279
82748.8
83311.6
84032.3
84891.6
85870.9
87016.7
88416.6
90111.7
92045
94042.1
95891.2
97399.8
98444.6
99047.2
99310.6
99332.4
99106
98756.4
98489.9
98431.4
98512.3
81361.1
81458.6
81679.9
82026.9
82508.4
83097.3
83823.1
84679.1
85674.7
86838.9
88246.4
89945.9
91890.4
93908
95781.3
97312.8
98377
98990.7
99260.3
99287.1
99067.4
98732.6
98479.3
98436.9
98523.3
81203.5
81295.6
81501.4
81842
82326
82927.7
83656.4
84516.3
85528
86706.5
88119.9
89821.8
91772.6
93804.2
95695.9
97245
98325
98948.6
99223.7
99254.7
99040.5
98716.1
98471.5
98442.8
98531
81092.6
81175.9
81372.6
81713.4
82191.7
82794.7
83526.7
84396.5
85420.4
86608.7
88026.4
89729.7
91683.9
93724.8
95630
97192.8
98285.5
98917.5
99197.4
99232.1
99022.6
98705
98466
98445.9
98536
81016.1
81090.7
81284.7
81625
82097.3
82697.8
83433.4
84312.2
85342.9
86537
87957.9
89662.2
91617.9
93664.7
95579.6
97153.2
98255.8
98895
99179
99216.5
99011.3
98697.9
98462.3
98447.6
98538.9
80965.8
81033.7
81226.7
81565.3
82033.9
82632.4
83371.2
84254.7
85288.2
86485.4
87908.2
89613
91569.1
93619.6
95541.6
97123.5
98234
98878.9
99166.4
99206.2
99004.7
98693.7
98460.1
98448.6
98540.1
80935.5
80998.6
81190.4
81526.9
81993.4
82590.7
83331.4
84216.2
85250.3
86448.9
87872.4
89577
91533
93585.8
95513
97101.4
98218.1
98867.8
99158.1
99199.9
99001.1
98691.7
98459
98448.9
98540.1
80920
80979.3
81169.4
81503.8
81969.3
82565.2
83306.3
84191
85224.9
86423.5
87846.9
89550.7
91506.3
93560.6
95491.8
97085.2
98206.9
98860.5
99153.2
99196.4
98999.7
98691.1
98458.6
98448.7
98539.2
80913.1
80969.3
81157.8
81490.7
81955.7
82549.9
83291
84175.1
85208.5
86406.6
87829.1
89531.8
91487
93542.5
95476.8
97074.2
98200
98856.6
99151.2
99195.7
99000.3
98692.2
98459.3
98449.1
98538.2
)
;

boundaryField
{
    inlet
    {
        type            zeroGradient;
    }
    outlet
    {
        type            waveTransmissive;
        phi             phi;
        rho             rho;
        psi             psi;
        gamma           1.3;
        fieldInf        100000;
        lInf            0.3;
        value           nonuniform List<scalar> 
57
(
96133.5
96104.3
96065.9
96026.9
95992.6
95964.5
95943.1
95928.5
95920.4
95918.3
95921.9
95931.1
95946.2
95967.2
95994.8
96029.3
96071.3
96120.9
96183.6
96265.2
96358.4
96462.1
96574.7
96693.6
96816.3
96940.4
97064
97180.2
97288.5
97393.2
97495
97593.3
97689.4
97782.1
97871.4
97956.5
98036.7
98112.2
98183.2
98255.1
98318.4
98378.7
98435.7
98489.1
98543.4
98593.7
98634.4
98667
98692.6
98712.3
98727
98737.4
98744.4
98748.6
98751.1
98751.5
98752.2
)
;
    }
    upperWall
    {
        type            zeroGradient;
    }
    lowerWall
    {
        type            zeroGradient;
    }
    frontAndBack
    {
        type            empty;
    }
}


// ************************************************************************* //
