/*--------------------------------*- C++ -*----------------------------------*\
| =========                 |                                                 |
| \\      /  F ield         | OpenFOAM: The Open Source CFD Toolbox           |
|  \\    /   O peration     | Version:  dev                                   |
|   \\  /    A nd           | Web:      http://www.openfoam.org               |
|    \\/     M anipulation  |                                                 |
\*---------------------------------------------------------------------------*/
FoamFile
{
    version     2.0;
    format      ascii;
    class       volScalarField;
    object      p_0;
    location    "9.138";
}
// * * * * * * * * * * * * * * * * * * * * * * * * * * * * * * * * * * * * * //

dimensions      [1 -1 -2 0 0 0 0];

internalField   nonuniform List<scalar> 
12225
(
91611.1
91667.5
91786.9
91957.8
92160.3
92401.4
92662.5
92959.2
93265.2
93603.7
93949.8
94357.9
94715.3
95171.7
95599.3
96116.6
96630.4
97059.5
91604.8
91665.9
91785.2
91956.3
92159.3
92399.9
92661.1
92957.7
93263.9
93602.4
93945.6
94359.6
94706.8
95171.6
95589.7
96110
96630.5
97221.4
91596.9
91662.5
91782.2
91952.3
92155.5
92395.5
92657
92952.8
93259
93596
93941.3
94345.9
94705.5
95147.8
95588.1
96082.9
96584.2
97184.4
91585.4
91655
91775.7
91945.1
92148.2
92387.5
92649
92943.2
93250.3
93584.9
93931.9
94322.9
94688.8
95117.7
95565.3
96033.7
96532.2
97054.1
91571.9
91643.2
91764.7
91933.2
92136.5
92374.6
92637
92927.5
93234.9
93568
93916.4
94293.3
94662.5
95081.1
95495
95967
96435.1
96885.6
91555.5
91626.2
91748.1
91915.3
92118.3
92355.8
92617.7
92905.8
93213.1
93543.9
93890.3
94260.5
94632.9
95033.8
95434.3
95874
96300.4
96728.5
91532.8
91601.3
91723.6
91889.9
92092.3
92328.5
92590.5
92876.7
93184.7
93509.6
93853.1
94214.7
94590.9
94968.1
95361.5
95775.3
96184
96567.9
91502.4
91571.6
91694.6
91859.9
92062.1
92297.5
92558.2
92842.9
93150.6
93471.6
93811.1
94165.7
94529.5
94899.5
95295.3
95687
96087.2
96452
91469.3
91539
91662.6
91827.2
92029.4
92264.2
92524.1
92806.7
93112.2
93431.3
93768.5
94115.4
94475.2
94835
95221.9
95605.4
95962.3
96303.2
91429.2
91496.5
91619.9
91783.8
91986.7
92219.6
92478.8
92759.6
93062.5
93377.9
93710.2
94051.4
94406.6
94757.5
95126.6
95475.9
95825.6
96155
91375.5
91441
91563.2
91726.6
91929.5
92160.5
92417.9
92697.2
92996.5
93308.3
93635
93970
94313.8
94659.8
95008.8
95346.1
95676.3
95990.8
91299.4
91366.7
91488.5
91651
91853.3
92082.4
92338.6
92614.7
92910.2
93217.7
93537.9
93865.3
94199
94533.8
94866.1
95190.2
95502.7
95799.9
91195.3
91267.6
91389.8
91551.6
91751.9
91979.8
92233.4
92507.1
92797.7
93100.3
93413.3
93733.2
94055.9
94378.4
94696.6
95006.9
95305.1
95590
91065.4
91138.6
91259.5
91420.5
91618.5
91845
92096
92366.5
92652.6
92950.3
93255.9
93567.3
93879.7
94190.5
94495.8
94793.1
95079.6
95353.6
90898.1
90969.7
91088.9
91249.4
91445.3
91670.4
91918.7
92186.1
92467.8
92760.3
93059.4
93362.6
93665.6
93965.8
94260.3
94546.8
94823.1
95087.7
90683.6
90753.2
90870.3
91029.8
91223.9
91447.2
91693.3
91957.9
92235.8
92523.6
92817.2
93113.3
93408.6
93700.5
93986.5
94264.5
94532.9
94790.6
90428.5
90484.8
90597
90754.3
90946.8
91168.4
91412.8
91675.1
91950.5
92234.9
92524.5
92815.9
93105.9
93392.1
93672.4
93945
94208.6
94462.1
90133.1
90180
90288.9
90443.9
90635
90855.2
91098.7
91360
91634.5
91917.6
92205.6
92495
92782.9
93066.8
93344.8
93615.4
93877.4
94129.9
89841
89891.3
89998.2
90150.8
90340.4
90560
90803.4
91065
91339.9
91623.5
91911.9
92201.7
92489.9
92774.2
93052.7
93323.9
93586.7
93840.3
89605.7
89647.8
89750.9
89901.7
90090.4
90310.1
90554.1
90816.7
91092.7
91377.6
91667.3
91958.5
92248.2
92534
92814.2
93087.2
93351.9
93607.6
89405.1
89446.1
89547.1
89696.8
89885.3
90105.4
90350.3
90614.1
90891.6
91178.1
91469.4
91762.2
92053.7
92341.5
92623.7
92898.8
93165.8
93423.7
89238.2
89282.1
89383.7
89533.5
89722.3
89942.9
90188.7
90453.8
90732.5
91020.4
91313.3
91607.8
91901
92190.6
92474.7
92751.8
93020.8
93280.9
89105.1
89153.8
89256.6
89406.9
89596.2
89817.3
90064
90330
90609.8
90899
91193.2
91489
91783.8
92075
92360.8
92639.6
92910.3
93172.3
89012.8
89058.3
89161.1
89311.6
89501.2
89722.8
89970.1
90237
90517.7
90807.8
91103.1
91400.1
91696.1
91988.5
92275.6
92555.8
92827.9
93091.3
88943
88988.5
89091.5
89242.2
89432
89653.9
89901.6
90169
90450.4
90741.2
91037.3
91335.2
91632.1
91925.5
92213.6
92494.8
92768
93032.5
88894.8
88939.6
89042.5
89193.2
89383.2
89605.3
89853.3
90121
90402.9
90694.3
90991
91289.5
91587
91881.1
92169.8
92451.8
92725.9
92991.2
88860.8
88906.8
89009.7
89160.3
89350.4
89572.7
89820.8
90088.7
90370.9
90662.7
90959.8
91258.8
91556.7
91851.2
92140.4
92422.9
92697.5
92963.4
88843.6
88886.9
88989.1
89139.6
89329.8
89552.2
89800.4
90068.5
90350.9
90642.9
90940.3
91239.5
91537.7
91832.5
92122
92404.7
92679.7
92946.1
88833.5
88876.4
88977.8
89128.1
89318.3
89540.9
89789.2
90057.4
90340
90632.1
90929.6
91229
91527.4
91822.3
92112
92394.9
92670
92936.6
88830.8
88873
88973.6
89123.8
89313.8
89536.4
89784.7
90053
90335.6
90627.8
90925.4
91224.9
91523.3
91818.4
92108.1
92391.1
92666.4
92933.1
104194
104185
104167
104140
104106
104061
104007
103942
103868
103784
103691
103590
103480
103362
103237
103105
102966
102820
102668
102509
102345
102174
101996
101814
101628
101437
101244
101049
100853
100655
100457
100259
100062
99866.5
99672.2
99479.9
99290
99100.8
98911.9
98723.8
98536.4
98349.3
98161.5
97972.5
97782.1
97590.2
97396.6
97201
97002.9
96801.6
96596.5
96387.1
96172.7
95952.5
95726
95492.7
95252.2
95003.1
94744.5
94476.9
94199.8
93910.3
93609.1
93296.8
92973.9
92641.3
92301.9
91952.1
91594.7
91231.4
90863.2
90491.3
90117.4
89743
89370
89000.4
88635.4
88277.2
87927.6
87588
87259.7
86943.6
86641
86352.8
86079.2
85820.3
85575.8
85345
85128
84925.3
84737.4
84564.4
84406.8
84265.3
84140.2
84031.8
83940.4
83866.2
83809.7
83772.5
83754.5
83755.8
83777.8
83819.5
83877.7
83956.1
84062.2
84191
84335.1
84483.3
84644.1
84808.6
84977.5
85149.2
85320.1
85487
85648.7
85798.6
85934.7
86055.6
86155.1
86235.3
86288.4
86312.4
86305.4
86270.8
86207.4
86113.1
85996.4
85853.4
85688
85494.7
85282.2
85050.1
84801.2
84536.1
84251.6
83945
83614.7
83256.7
82865.8
82437.3
81966.1
81445.6
80879.6
80271.2
79626.6
78958.2
78256.2
77496.5
76779.1
76072.5
75398.4
74767.7
74213.2
73739.4
73362
73072.7
72866.9
72735.8
72685
72706.8
72775.3
72897.3
73031.3
73195.5
73427.1
73670.7
73957.8
74301.7
74686
75081.4
75491.4
75920.1
76369.7
76838
77324.1
77824.7
78333.2
78854.3
104183
104174
104156
104129
104093
104047
103992
103928
103855
103772
103680
103579
103470
103353
103228
103096
102958
102813
102662
102505
102341
102171
101996
101814
101628
101439
101247
101053
100856
100657
100458
100262
100068
99873
99675.2
99482.7
99296
99108.6
98918.9
98729.3
98540.6
98352.5
98164.1
97974.9
97784.5
97592.8
97399.5
97204.1
97006.2
96805
96600.1
96390.8
96176.4
95956.5
95730.1
95496.3
95254.7
95004.8
94746.3
94480.4
94208.8
93918
93616.4
93304.1
92981.5
92649.4
92308.4
91958.9
91602.1
91239.4
90872
90501.1
90128.1
89754.1
89381.3
89011.9
88648.1
88290.9
87942
87603.2
87275.7
86960.4
86658.5
86371.3
86099
85841.5
85598.5
85368.9
85152.4
84949.8
84762.3
84589.7
84432.7
84291.6
84167.2
84059.6
83969
83895.5
83840.4
83802.8
83785.2
83787
83808.7
83849.2
83909
83986.2
84089.7
84226.5
84375.1
84526.6
84679.5
84842.4
85010.8
85179.7
85349.6
85521.4
85674.7
85820.5
85955.2
86076.2
86173
86251.1
86303.8
86326.8
86318
86281.6
86217.1
86122.6
86006.1
85864.6
85702.7
85508.9
85295.9
85063.6
84816
84550.3
84266.1
83958.3
83630.1
83271.2
82878.7
82449.4
81979.2
81463.3
80895
80286.5
79642.3
78972.8
78268.3
77531.4
76806.1
76093.8
75423
74785.6
74231.7
73757.6
73381.4
73093.4
72889.2
72757.8
72707.3
72732.9
72785.2
72906.4
73053.2
73203.1
73448.4
73691
73976
74324.5
74715.1
75110.2
75519.8
75948.3
76398.8
76867.1
77352.9
77854.6
78363.5
78887
104162
104153
104135
104109
104073
104027
103972
103908
103835
103752
103661
103560
103452
103336
103212
103081
102943
102799
102650
102495
102334
102165
101992
101814
101631
101442
101250
101057
100862
100664
100465
100268
100076
99884.6
99689.9
99496.7
99308.8
99119.2
98929.1
98739.3
98549.6
98360.3
98170.8
97981
97790.3
97598.5
97406.4
97210.8
97013
96812.2
96607.5
96398
96183.5
95963.6
95737.2
95503.1
95260.7
95009.6
94758.6
94493.2
94216.4
93927.2
93627.1
93316
92994.3
92662.9
92322.3
91972.8
91616.3
91254.7
90889.1
90519.9
90148.4
89776.5
89405.4
89037.6
88675.2
88319.6
87972.1
87634.5
87308.3
86994.5
86693.8
86407.8
86137.4
85882.1
85641.8
85415.1
85201
85000.1
84813.7
84641.9
84485.9
84346.4
84223.9
84118.2
84028.5
83955.6
83899.3
83863.4
83847.6
83850.9
83876.4
83918.6
83974.8
84053.6
84164.4
84304.4
84444.1
84591.5
84745.9
84907.6
85071.9
85237.7
85405.4
85571.7
85724.3
85866.6
85995.1
86110.5
86209.2
86285.9
86335.8
86354.8
86342.5
86302.8
86236
86141.9
86023.9
85883.2
85729.8
85536.8
85317.7
85090.3
84841.8
84577
84293.6
83984.3
83649.7
83295.6
82903.5
82472.9
82002.7
81491.8
80922.6
80313.8
79672.4
79008
78306.9
77580.6
76847.9
76140.6
75475.8
74825.7
74271.5
73797.9
73422.6
73135.6
72933.5
72802.6
72750.6
72772.4
72803.5
72913.8
73106.7
73218.9
73484.7
73733.2
74018.2
74378.6
74770.9
75168.9
75578.1
76004.8
76456.3
76924.8
77409.6
77915.7
78425
78951.9
104131
104122
104105
104078
104041
103996
103941
103878
103805
103724
103634
103535
103427
103311
103188
103058
102921
102779
102631
102478
102322
102158
101985
101808
101629
101445
101252
101057
100863
100672
100478
100283
100090
99899.3
99707
99514.6
99323.3
99132.5
98942
98752
98562.1
98372.4
98182.5
97992.3
97801.7
97610.1
97416.4
97221.2
97023.9
96823.3
96618.5
96408.8
96194.1
95974.3
95748
95514.4
95272
95021.1
94767.1
94507.5
94230.3
93941.3
93642.2
93332.8
93013
92683.4
92344.2
91995.8
91639.7
91278.9
90915
90548.6
90180.3
89811.2
89443.2
89078.4
88718.5
88364.9
88018.9
87682.6
87357.9
87045.8
86746.8
86462
86193.1
85940
85702.5
85479.2
85268.8
85071.8
84888.5
84719.9
84566.6
84429.4
84309
84204.8
84116.4
84044
83989.8
83955.2
83940
83944.6
83979
84020.4
84070.8
84160.1
84276.1
84406.7
84543.3
84689.1
84843.5
85002.3
85161.9
85324.3
85487.9
85650.5
85800.6
85937.7
86060.3
86166.4
86264.7
86338.7
86381.8
86392.1
86376.6
86335.4
86266.8
86171.4
86050.9
85907.9
85766.1
85574.3
85359
85126.8
84878.6
84617.8
84338
84025
83690.9
83337.7
82942.8
82511.4
82042.1
81534.1
80963.1
80362.7
79731.8
79070.1
78370.7
77649.2
76916.3
76206.9
75544.4
74904.3
74344
73869.7
73499.5
73203.9
73002.2
72872
72804.3
72811.9
72789.8
72938.8
73165.6
73241.5
73545.3
73793.9
74096.2
74464.8
74860
75258.5
75665.8
76089.9
76544.4
77011.9
77497.9
78006.2
78516.3
79043.7
104088
104079
104062
104035
103999
103955
103901
103838
103767
103686
103597
103499
103393
103279
103156
103027
102892
102752
102607
102457
102302
102142
101976
101802
101621
101435
101249
101061
100871
100682
100492
100300
100107
99915.5
99723.8
99532.2
99341
99150
98959.5
98769.3
98579.4
98389.6
98199.7
98009.2
97818.1
97627.6
97433.3
97237.6
97039.5
96838.8
96633.9
96423.9
96209
95989.2
95762.9
95530
95288.5
95037.8
94786.8
94524.1
94247.4
93959.7
93662
93354.3
93036.5
92709.6
92373.3
92027.8
91674.1
91314.8
90952.5
90588.2
90223.7
89858.4
89494.4
89133.5
88777
88426.3
88082.9
87748.9
87426
87116
86819.3
86535.9
86268.1
86016.6
85781.9
85562.7
85356.6
85163.3
84983.6
84818.9
84669.3
84535.1
84416.4
84314.2
84228.7
84160.1
84109
84075.2
84060.2
84066.5
84094.5
84139
84202.7
84296.6
84411.5
84537.4
84672.9
84818.7
84970.9
85123.7
85278.9
85437.3
85593.7
85745.3
85901.1
86031.4
86150.4
86254.2
86345.2
86412
86449
86450.7
86427.1
86382.6
86311.4
86213.7
86091
85946
85807.5
85619.9
85412
85185.5
84931.6
84665.8
84385.9
84078.9
83741.8
83383.2
82992.4
82560.5
82092.6
81588.5
81016.1
80416.4
79823.7
79157.4
78453.8
77739.6
77011.8
76296.1
75639.6
75013.7
74447.4
73950.7
73585.4
73296.3
73090.6
72965.9
72874.1
72872.6
72791.3
72999.3
73207.4
73344.8
73630.9
73880.6
74201.6
74580.5
74978
75377.3
75782.9
76202.9
76664.6
77128.8
77616.6
78128.3
78639.2
79166.8
104031
104022
104005
103979
103944
103901
103849
103787
103717
103639
103552
103456
103351
103238
103116
102989
102856
102719
102578
102433
102283
102125
101957
101782
101606
101428
101247
101065
100879
100692
100504
100314
100124
99933
99742.4
99552
99361.9
99171.8
98981.8
98792
98602.3
98412.7
98223.3
98032.9
97841.8
97649.8
97456.1
97260.4
97062
96860.5
96655.3
96445.4
96230.5
96010.2
95784.1
95551.3
95310.6
95061.2
94807.6
94546.6
94270.7
93984.7
93688.5
93382.4
93066.5
92741.9
92408.9
92067.3
91717.9
91362.3
91003
90642.3
90281.5
89920.6
89560.5
89203.2
88850.7
88504.3
88165.2
87834.9
87515.1
87207.7
86913.7
86632.5
86365.4
86114.4
85881.4
85665.6
85464.5
85275.7
85099.8
84938.4
84792.1
84660.7
84545.4
84447
84365.6
84300.2
84251.2
84219.3
84205.6
84212.8
84237.3
84291.6
84368.7
84465.4
84575.3
84697.7
84833.3
84978.6
85125.4
85271.9
85422.9
85575.8
85726
85875.2
86026.8
86148.3
86263.7
86361.5
86441.1
86499.6
86523.3
86522.1
86494.5
86447.1
86373.5
86273.9
86149.3
86006.8
85856.3
85676.1
85473.4
85243.8
85004.2
84749
84463.5
84153.9
83809.8
83446.1
83057.8
82621.7
82154.3
81655.5
81091.8
80477.7
79876.6
79260.7
78549.9
77844.7
77129
76408.7
75755.3
75145.9
74582.4
74046.6
73663.5
73394.5
73193.6
73086.4
72966
72965.8
72913.6
73107.9
73305.1
73521.7
73736.4
73992.5
74332.5
74723.8
75124.3
75524.9
75930.6
76352.9
76810.9
77276.4
77765.6
78281.1
78798.9
79322.4
103956
103949
103932
103907
103873
103831
103781
103723
103655
103579
103495
103402
103300
103189
103071
102947
102818
102685
102547
102404
102253
102094
101929
101762
101593
101421
101245
101066
100884
100700
100514
100327
100140
99952.5
99764.5
99576
99387.3
99198.4
99009.3
98820.1
98631.1
98441.8
98252.3
98062.1
97871.1
97679.1
97485.4
97289.7
97091.3
96889.8
96684.6
96474.8
96260.1
96040
95813.7
95580.6
95339.8
95090.7
94834.5
94576.8
94301.6
94017.4
93722.8
93418.8
93105.3
92783.1
92453.1
92115.8
91771.8
91422.1
91068
90711.4
90353.8
89997.1
89641.7
89289
88941.1
88599.4
88265.4
87940.4
87625.2
87321.1
87030.1
86752.2
86487.6
86237.5
86004.8
85790.5
85593.1
85409.4
85238.2
85080.8
84937.9
84810.9
84701.1
84608.2
84530.3
84466.4
84418.9
84391.6
84383.8
84394.5
84426.7
84489.2
84569.5
84663.6
84769.9
84891.8
85028.1
85169.6
85308.2
85448.9
85596.8
85743.2
85886.2
86027
86159.1
86281.1
86390.7
86481.2
86552.8
86597.7
86618.7
86612.3
86582.2
86527.9
86453.1
86353.1
86220.9
86080.5
85929.3
85751
85553.3
85325.2
85092.2
84847.6
84557.2
84239.7
83892
83514.6
83121.1
82694.4
82226.5
81733.1
81195.3
80571
79937
79328.9
78650.6
77961.1
77261.7
76543.5
75887.9
75291.1
74726.4
74200
73801.1
73507.6
73313.2
73243.2
73095.6
73089.4
73067.4
73237.5
73436.7
73648.6
73857.4
74129.2
74488.1
74896.4
75298.6
75701.3
76103.9
76533.1
76988.6
77453.2
77945.9
78466.4
78988.9
79509.2
103863
103855
103839
103815
103783
103744
103696
103641
103576
103504
103423
103334
103237
103131
103018
102898
102772
102640
102504
102361
102213
102059
101902
101742
101578
101410
101238
101063
100885
100706
100525
100343
100159
99975.1
99789.7
99603.3
99416.2
99228.4
99040.2
98852.2
98663.7
98475
98285.8
98096.1
97905.6
97714
97520.8
97325.6
97127.8
96926.9
96722.1
96512.9
96298.7
96078.8
95852.8
95620.1
95379.9
95131.9
94876.2
94612.4
94338.1
94060.9
93767.8
93466.5
93156.3
92837.6
92510.7
92176.8
91836.8
91492
91143.9
90794.4
90440.6
90088.3
89738.1
89391.1
89048.7
88712.5
88383.4
88063.3
87753.3
87453.9
87166.9
86893.6
86634.1
86387.9
86155.9
85941.7
85746.8
85567.8
85401.8
85249.8
85112
84991.5
84887.1
84798
84722.2
84661
84619
84598.6
84597.9
84616.6
84656.7
84719.6
84799.4
84892.6
84999.1
85120.6
85254.5
85389.7
85521.3
85658
85801.3
85939.6
86073.7
86201
86315.3
86437.5
86537.7
86618.3
86678.9
86717.7
86733.8
86724.3
86688.5
86625.3
86549.7
86454.2
86310.1
86173.8
86023.5
85848.1
85651.7
85405
85183.5
84953
84683
84351.6
84004.7
83615.9
83207.2
82774.2
82311.9
81853.2
81334.1
80703.9
80055.5
79416.8
78762.6
78092.2
77417.3
76703.3
76036.1
75446.9
74891.8
74381
73990.4
73661.6
73479.9
73404
73256.2
73237.1
73237.1
73349.3
73589.7
73795.4
74001.7
74291.4
74671.4
75098.2
75500
75899.1
76310.3
76742.3
77195.8
77656.9
78156.4
78680.1
79204.2
79731.8
103745
103739
103724
103701
103672
103635
103591
103538
103478
103410
103333
103249
103157
103056
102948
102833
102711
102583
102450
102312
102169
102022
101872
101717
101558
101394
101227
101058
100886
100712
100536
100359
100179
99997.9
99814.9
99630.6
99445.3
99259.3
99072.7
98885.8
98698.6
98511
98322.8
98134
97944.4
97753.6
97561.3
97367.1
97170.4
96970.7
96766.9
96558.5
96345.1
96126.4
95901.9
95670.9
95432.5
95185.7
94930.3
94666.4
94393.7
94112.7
93822.5
93526.8
93220
92905.2
92582.1
92252.8
91917.6
91577.6
91233.6
90886.4
90541.5
90196
89852.1
89511.5
89175.1
88844.5
88521.1
88205.8
87900.2
87605.8
87323.8
87054.7
86800.4
86560.9
86333.3
86120.1
85926.2
85751.4
85591.7
85446.7
85316.9
85201.3
85099.6
85012.8
84940.4
84885.4
84851.5
84838.9
84844.8
84869.9
84914.9
84978.8
85059
85154.1
85263
85382.7
85510.1
85637.9
85765.3
85899.2
86035.6
86167.8
86299.2
86424.3
86538.6
86651.1
86736.7
86802.4
86849
86873.8
86879.2
86862.1
86820.1
86748.8
86667.6
86570.6
86435.4
86292
86138.8
85967.3
85763
85506.1
85286.8
85067.4
84822.1
84518.6
84148.5
83762.3
83357.4
82894.3
82427.9
81960.8
81479.6
80861.4
80209.9
79569.2
78904.2
78244
77598.7
76898.8
76218.2
75622.7
75077.5
74577
74183.4
73850.4
73655.5
73520.3
73465.2
73416.5
73419.2
73527.8
73768.2
73966.8
74170.6
74480.7
74887.5
75327.9
75730.9
76122.9
76543.4
76980.4
77428.9
77886.5
78392.9
78918.4
79450.1
79997.2
103603
103597
103583
103562
103535
103501
103461
103413
103358
103295
103224
103145
103058
102963
102861
102752
102636
102514
102388
102256
102119
101979
101834
101684
101530
101373
101213
101050
100884
100716
100545
100372
100196
100018
99838
99656.6
99474
99290.4
99105.8
98921.2
98736
98550.2
98363.8
98176.6
97988.4
97798.9
97607.7
97414.7
97219.4
97021.3
96818.9
96611.7
96399
96181.4
95958.9
95730.7
95495.2
95250.9
94997.5
94734.8
94463.4
94183.5
93896.1
93601.3
93297.9
92989.4
92670.1
92345.2
92014.8
91680.1
91342.3
91003
90662.5
90323.4
89986.3
89652.2
89322.3
88997.8
88680
88370.4
88070.3
87780.7
87503.4
87238.6
86987.2
86752.2
86531.8
86323.7
86131.2
85958.4
85804.6
85666.7
85543
85432.8
85335.6
85253.1
85187.3
85140.5
85115.4
85110.3
85122.6
85153
85201.5
85266.4
85348.2
85446.6
85558.2
85676.3
85795.7
85915.6
86040.6
86171.6
86301.7
86429.2
86554.9
86671.8
86782.1
86883.9
86961.7
87013.4
87043.6
87048.2
87040.2
87012.9
86970.5
86898.5
86811.7
86704.6
86576.9
86428.7
86276.8
86109.4
85874.9
85657.9
85439.4
85207.2
84957.1
84676.7
84304
83921.2
83532.1
83065.8
82576
82081
81580.7
81023.8
80397.3
79743.6
79081.4
78422.2
77780.2
77105
76431.9
75833.7
75291.6
74789.6
74398.3
74046.3
73819.9
73625.8
73690.1
73618.9
73635.5
73800.1
73991.8
74165.8
74368.1
74699.1
75141.1
75588.2
75990.6
76375.6
76804.6
77248
77685.9
78145.5
78664.7
79190
79745.4
80306.9
103433
103428
103415
103396
103373
103343
103306
103264
103214
103156
103091
103018
102938
102851
102755
102653
102544
102430
102310
102186
102057
101923
101784
101641
101495
101345
101192
101036
100877
100715
100549
100380
100209
100035
99859
99681.4
99501.7
99321.2
99140.3
98958.6
98776
98592.7
98408.6
98223.8
98037.9
97850.6
97661.4
97469.7
97275.5
97078.7
96878.2
96672.5
96461.1
96244.4
96023.5
95798.4
95566.8
95326.3
95075.7
94815.5
94546.2
94268.6
93986
93697.7
93396.3
93088.6
92774.8
92455.4
92130.7
91801.9
91470
91135.8
90801.5
90470.9
90141.4
89814.8
89491.9
89174.3
88863
88558.9
88264.2
87980
87707.4
87448
87200
86967.9
86752.9
86552.7
86365
86193.4
86041.8
85908.8
85792.4
85691.2
85602.8
85527.4
85467.8
85428.3
85410.3
85411.5
85429.5
85465.4
85517.5
85585
85667.7
85766.8
85879.3
85997
86111.5
86225.8
86348.2
86475
86599
86719.4
86833.8
86935.9
87027.9
87108.7
87181.2
87223.1
87232.2
87228.4
87211
87177.8
87134.5
87072.1
86975.8
86863.2
86732.5
86579.1
86434.1
86289.4
86054.1
85857.8
85623
85393.1
85119.1
84817.3
84463.5
84082.2
83691.9
83244.2
82750.3
82250.7
81714.6
81197.1
80594.5
79938.3
79279.4
78624.2
77951.6
77299.9
76649.8
76056.8
75525.8
75019.1
74634.8
74271.3
73996.6
73799.5
73899
73829.1
73881.4
74066.6
74250.5
74396.1
74590.8
74945.1
75440.6
75879.3
76276.7
76664.9
77098.2
77552.1
77975.6
78438.9
78975
79519.7
80091.5
80656.5
103236
103232
103221
103205
103184
103157
103124
103086
103042
102991
102932
102867
102793
102713
102626
102532
102432
102326
102215
102099
101977
101852
101722
101587
101449
101308
101163
101014
100862
100706
100546
100383
100217
100048
99877.2
99704.2
99527.5
99352.2
99175.6
98997.7
98818.3
98637.9
98456.6
98274.5
98091.4
97907
97720.5
97531.1
97338.7
97143.5
96945
96742
96533
96318.4
96099.1
95876.1
95647.2
95410.6
95163.9
94907.7
94642.3
94369
94091.1
93803.3
93507.5
93205.3
92897
92583.4
92265.3
91943
91617.9
91290.9
90963.1
90640.6
90318.9
90000.2
89684.8
89374.5
89070.3
88772.8
88483.3
88204.8
87937.8
87683.9
87441.6
87211.6
86999.5
86804.9
86624.1
86458
86309.5
86180.6
86070.5
85976.9
85898.2
85832
85780.2
85747.8
85734.4
85741.7
85765.9
85806.7
85862.8
85934.7
86019.5
86115.7
86223.6
86338.9
86453.6
86566.4
86685.5
86806.2
86922.6
87033.4
87133.4
87224
87307.1
87377.6
87430.1
87455.1
87448.5
87436.9
87411
87374.1
87325.7
87263.2
87162.2
87056.8
86912.6
86766.1
86626.5
86476.9
86297.7
86053.7
85812.7
85585.9
85313.1
85002
84651.9
84265.9
83856.9
83412.5
82947.9
82502.5
81994.5
81411.6
80798.8
80150.9
79488.9
78819
78140.1
77496.5
76874.9
76289.9
75770.3
75267.4
74878.5
74529.4
74236.6
74071
74121
74060.1
74166.5
74357.7
74534.9
74639.9
74839.1
75224.3
75790.1
76202.2
76590.6
76996
77426.2
77901.2
78304.1
78772.2
79336.6
79899.7
80481.4
81039
103009
103006
102998
102984
102965
102941
102913
102879
102840
102795
102744
102685
102621
102549
102471
102386
102296
102200
102099
101992
101881
101765
101644
101520
101391
101259
101122
100982
100837
100688
100536
100380
100220
100055
99890.2
99722.9
99553.8
99383.5
99211.5
99037.8
98862.4
98685.6
98507.8
98328.9
98149.1
97968
97784.7
97598.9
97409.8
97217.1
97020.5
96819.7
96614.4
96403.9
96187.4
95965.3
95738.1
95505.6
95264.1
95012.5
94751.2
94481.8
94205.7
93922.4
93632.3
93336.1
93034.2
92727.3
92416.5
92102.7
91786.4
91468.2
91151.1
90836.1
90522.3
90211.1
89903.4
89599.7
89302
89012.2
88728.1
88455.3
88195.8
87948.4
87709.8
87484.6
87275
87083.6
86908.9
86748.9
86604.8
86479.8
86375.8
86288
86219.2
86164.2
86121.5
86094.6
86087.9
86101.1
86131.3
86177.6
86238.1
86314.6
86402.7
86498.5
86599.6
86708.8
86821.9
86935.4
87051.6
87167.4
87277.1
87377.9
87466.5
87544.3
87607.4
87652.8
87692.3
87715.2
87710.5
87692.5
87655.6
87613.5
87552.7
87480.7
87387.9
87286.4
87144.6
86997.8
86851.2
86677.9
86497.3
86264.5
86020.1
85796.5
85537.4
85220.3
84885
84496.2
84076.2
83629.8
83153.1
82688.2
82204.9
81631.4
81016.8
80387.5
79730.7
79068.2
78393.6
77724.5
77107.5
76535.4
76016.4
75540.1
75144.5
74821.4
74543.4
74388.4
74387.1
74341.2
74478.9
74679.7
74849.2
74901.1
75125.6
75568.7
76163.4
76556.8
76934.6
77369
77796.2
78273.8
78677.6
79176.9
79757.6
80328.4
80906.4
81451.2
102750
102748
102741
102730
102713
102693
102668
102639
102606
102567
102523
102473
102418
102357
102289
102215
102136
102051
101961
101865
101765
101660
101551
101437
101319
101196
101069
100938
100802
100661
100517
100368
100216
100060
99901.6
99741
99578.2
99413.3
99246.5
99078
98907.8
98735.9
98562.4
98387.4
98211.2
98033.9
97854.5
97672.4
97487.1
97298.4
97105.7
96908.6
96706.7
96500
96287.6
96069
95843.9
95612.1
95373.3
95126.8
94872.1
94607
94334.4
94055.8
93771.3
93481.7
93187
92887.6
92584.6
92278.5
91971.1
91665.6
91359.3
91049.3
90744.3
90443.1
90144.9
89850.9
89560.6
89281.1
89006.8
88737.9
88485
88237.4
88003.9
87785.6
87580.9
87392.7
87222.6
87069.5
86927.6
86804.7
86708.2
86628.8
86569
86526.2
86494.4
86474.3
86472.2
86490.4
86526.4
86576.9
86643
86724.3
86816.7
86914.5
87013.8
87116.6
87225.6
87337.9
87451.5
87562.5
87664.8
87755.2
87833
87899.2
87948.2
87979.2
87991.7
88008.9
88011.5
87989.5
87947.9
87902
87831
87744.2
87649.5
87543.1
87403.2
87247.8
87096.1
86912.7
86714.6
86503.9
86266.3
86035.5
85798.5
85509.4
85170.6
84770
84342.9
83896.5
83420.9
82921
82403
81851.1
81252.1
80637.9
80001.8
79361.8
78699.5
78016.5
77389.5
76815.6
76286.4
75844.6
75450.2
75147
74889.2
74742.6
74700.2
74676.6
74818
75028.3
75190.9
75229
75483.4
75973.1
76555
76946.9
77311.5
77778.6
78213
78675.3
79101.6
79644.9
80231.3
80799.9
81350
81885.1
102457
102456
102450
102440
102427
102410
102391
102366
102338
102306
102271
102231
102187
102137
102080
102019
101952
101879
101802
101719
101631
101538
101440
101338
101231
101119
101002
100881
100756
100625
100490
100351
100207
100060
99909.6
99755.8
99599.7
99441.6
99281.5
99119.2
98955.1
98789.2
98621
98450.5
98278.3
98104.8
97929.8
97752.4
97571.9
97387.5
97199.1
97006.6
96809.3
96606.9
96399.2
96186
95964.8
95734.8
95497.9
95254.5
95003.5
94743.5
94475.6
94202
93923.6
93641.3
93355.3
93065.5
92771.2
92473.9
92174.6
91874.9
91575.2
91276.1
90980.4
90688.9
90404
90123.7
89849.8
89577.4
89316.3
89060.5
88807.7
88566.9
88336.7
88119.6
87918.4
87734
87568
87421.6
87297.4
87186.7
87084.1
87003.7
86950.8
86918.5
86895.1
86883.8
86887.5
86909.5
86951.3
87005.8
87076.4
87162.2
87259.6
87361.7
87463.4
87563.6
87667.4
87775.7
87884.3
87986.9
88079.7
88160.7
88231.1
88290
88333.1
88358.9
88369.1
88360.4
88357.4
88332.3
88284.6
88225.7
88142.6
88046.8
87941.8
87832.8
87694
87526.8
87372.2
87199
86995.8
86782.7
86560.1
86333.3
86105.7
85831
85483.7
85087.4
84659.7
84205.5
83729
83228.3
82695.5
82122.6
81519.3
80903.7
80295.4
79680.9
79034.9
78358
77727.9
77144.8
76609
76186.2
75801.6
75499.2
75263
75119.7
75055.4
75054.4
75188.6
75402.9
75525.7
75607.3
75896
76414.6
76966.9
77384.4
77742.7
78210
78671.6
79108.5
79568.9
80161.6
80746.2
81308
81834.8
82372.4
102130
102129
102124
102115
102105
102095
102080
102061
102037
102013
101986
101958
101927
101891
101848
101800
101746
101687
101622
101553
101478
101398
101314
101223
101129
101029
100924
100814
100700
100580
100455
100326
100192
100055
99913.4
99768.7
99620.8
99470.1
99317.1
99161.9
99004.4
98844.8
98683.2
98519.3
98352.4
98183.1
98012.4
97839.9
97664.5
97485.5
97302.5
97115.1
96923.2
96725.8
96522.4
96313.9
96099.2
95875.3
95641.5
95400.3
95150
94892.7
94628.8
94360.6
94089.7
93817.4
93542.3
93264.5
92980.4
92691.9
92401.7
92110
91818.8
91528.2
91241.7
90957.6
90679.3
90403.8
90139.7
89879.5
89626.5
89384.6
89146.7
88916.8
88696.5
88485.3
88286.7
88106.3
87945.4
87802
87678.5
87574
87486.8
87412.8
87357.7
87328.9
87324.3
87324.2
87334.7
87360
87405.9
87465.4
87539.7
87628.9
87729.8
87837.4
87944.2
88045.7
88145.8
88248.3
88350.2
88445.9
88534.7
88613.1
88681
88729.3
88762.2
88778.4
88783
88774.1
88757.2
88724.9
88659.2
88580.6
88489.2
88384.1
88270.8
88157.8
88025.4
87851.9
87691.9
87519
87313.8
87094.7
86874.8
86645.1
86357.6
86070.2
85771
85408.4
84990.7
84531.5
84047.4
83551.5
83016.9
82438.1
81833.2
81215.5
80620
80024.6
79374.3
78727.5
78114.1
77522.9
76988.6
76560.7
76185.2
75881.5
75663.9
75527.6
75446.8
75463.2
75589.5
75817.6
75945.7
76060.1
76369.2
76893.8
77414.2
77843.7
78224.5
78669.2
79170.4
79591.6
80089
80709.1
81286.6
81845.8
82374.7
82941.7
101770
101769
101764
101755
101749
101744
101735
101721
101703
101691
101674
101660
101642
101620
101593
101559
101520
101475
101425
101369
101308
101242
101171
101094
101012
100925
100833
100736
100633
100526
100413
100295
100172
100045
99913.5
99778.7
99640.2
99498.5
99354.1
99206.9
99057.1
98904.8
98749.6
98592.1
98432.9
98270.4
98104.3
97936.3
97766.2
97592.7
97415.5
97234.1
97047.7
96856.2
96659.3
96456.3
96246.7
96028.9
95801.4
95564.9
95308.8
95053.5
94792.8
94531.2
94270.1
94011
93750.6
93484.5
93213.8
92936.5
92655.1
92371.3
92089.5
91808.5
91533.2
91262
90991.9
90727.3
90465.3
90212.2
89965.8
89727.9
89501.9
89285.4
89076.4
88876.6
88685.8
88509
88352
88214.5
88095.7
87995
87915.2
87852.5
87805.7
87782.4
87783.2
87794.7
87812.3
87843
87891.2
87955.6
88033.2
88125.7
88229
88340.6
88453.4
88559.4
88658.9
88756.5
88851.1
88942.4
89028.7
89103.2
89166.7
89203.8
89229.9
89237.7
89232.4
89214.6
89182.8
89144.5
89064.7
88972.8
88879.8
88766.5
88648.6
88530.1
88400.4
88235
88069.1
87890.6
87683.4
87455.2
87217.1
86946.4
86637.2
86356.1
86073.3
85724.6
85320.3
84870.2
84387.9
83888.8
83359.8
82791.2
82193
81572
80990.5
80421.6
79781.9
79128.7
78530.1
77947.9
77416.8
76967.4
76591.8
76304.7
76097.6
75963.6
75886.3
75902.2
76023
76275
76417.7
76565.9
76899.6
77411.8
77900.8
78339.3
78742
79195.5
79682.6
80140.9
80674.4
81303.2
81860.3
82420.1
82964.1
83553.4
101379
101379
101371
101363
101360
101359
101357
101353
101349
101347
101344
101342
101338
101331
101318
101300
101276
101246
101211
101169
101122
101070
101013
100950
100881
100808
100729
100645
100555
100461
100361
100255
100145
100029
99909.2
99785.3
99657.6
99526.2
99391.1
99253
99111.7
98967.6
98821.1
98671.4
98518.5
98363.4
98206.1
98044.6
97879
97710.8
97539.4
97363.7
97184.1
96999.7
96809
96611.2
96406.4
96193.9
95971.3
95736.6
95489.1
95235.4
94972.5
94717.2
94467.2
94221.2
93980.2
93731.5
93475.6
93210.8
92938.9
92663
92386.8
92114.1
91845.9
91586.2
91322.9
91072.9
90825.6
90577.3
90337.2
90104.5
89882.7
89675.8
89478.1
89288.8
89110
88941.3
88789.3
88656.8
88544.5
88449.6
88375.2
88322.3
88284
88265.2
88270.5
88294.5
88321.5
88359
88409.7
88477.1
88558.2
88653
88759
88873.2
88990.6
89103.1
89205.2
89301
89388.7
89475.9
89559.1
89621.6
89672.8
89710
89730.1
89733.2
89716.8
89681
89625
89557.8
89509.5
89413
89311.6
89197.9
89075.2
88954.1
88824.8
88665.2
88497.6
88323.5
88124.5
87873.5
87622.4
87319.9
87051.8
86763.5
86469.1
86115.9
85717
85269.6
84791.6
84288.4
83751.4
83186.3
82593.4
81985.9
81399
80830.7
80221.4
79573.7
78975.7
78412.8
77883.2
77417.3
77042.8
76771.5
76568.3
76439.1
76379.4
76383.6
76494.2
76771.3
76951.5
77124.7
77479
77977.9
78438.4
78875.8
79300.9
79783.1
80233.1
80748.7
81316.2
81942.8
82483.4
83042.9
83597
84169.3
101024
101020
101010
101000
100998
101003
101011
101020
101030
101041
101051
101062
101069
101074
101073
101067
101056
101040
101016
100988
100953
100913
100867
100816
100760
100698
100631
100559
100481
100397
100309
100214
100115
100010
99900.3
99786.5
99668.7
99547
99421.4
99292.3
99160
99024.6
98885.4
98743.5
98598.8
98450.4
98298.9
98144.2
97986.1
97823.8
97656.9
97486.6
97312.5
97133.4
96948.6
96757.2
96558.4
96350.9
96132.8
95902.8
95660.1
95409.5
95156
94906.1
94663.7
94429.2
94197.8
93966.4
93723.4
93470.8
93209.9
92943.9
92674
92412.3
92148.7
91892.4
91638.8
91389.5
91155.8
90916
90684.9
90461.2
90244.1
90043.1
89854.6
89674.5
89506.3
89348.1
89204
89077.6
88971.6
88884.1
88814.7
88768.3
88738.1
88724.8
88734.3
88768
88807
88852.4
88907.8
88977.9
89063.4
89158.9
89267.1
89385.8
89506.2
89624
89731.6
89830.1
89911.6
89995.3
90076.6
90125.3
90168
90205.2
90223.1
90224.3
90199.8
90154.1
90089.6
90012.5
89933.5
89850.4
89755.2
89642.3
89514.7
89394.8
89266.8
89112.6
88946.6
88774.2
88559.9
88310.4
88070.8
87777
87492
87165.9
86841.9
86505.6
86121.1
85685.9
85217.8
84713.7
84168.3
83595.4
83009.1
82424.8
81815.4
81231
80657.7
80040.3
79443.2
78892.8
78370
77900.4
77529.7
77259.8
77064.7
76945.6
76902.8
76906.9
77007.3
77295.6
77532.8
77719.8
78089.9
78576.4
79027.4
79461.9
79899.1
80418.6
80840
81397.8
81984.6
82601.3
83155.3
83714.4
84270.4
84837.6
100717
100710
100700
100688
100692
100705
100724
100745
100769
100792
100813
100835
100852
100867
100876
100879
100877
100870
100857
100838
100813
100783
100747
100705
100659
100607
100549
100486
100417
100343
100264
100178
100087
99991.1
99890.2
99784.7
99675
99561.4
99444.1
99322.7
99198.2
99070.2
98938.2
98803.2
98665.3
98523.6
98377.9
98228.8
98076.9
97921
97759.7
97593.4
97423
97248.5
97069.2
96883.4
96690.4
96488.1
96275.4
96051
95814.1
95569
95322.5
95080.5
94846.4
94620.4
94399.1
94176.9
93943.7
93700.2
93448.2
93191.7
92933.1
92672.3
92415
92162.7
91917.8
91675.5
91446.1
91212
90988.5
90773.8
90563.8
90368.3
90186.9
90015.1
89856.2
89708.4
89573.1
89453.7
89353.8
89273.6
89209.8
89168.7
89146.2
89139.2
89152.8
89192.8
89245.9
89300.1
89361.5
89436
89525.6
89620.1
89731.1
89856.4
89981
90101
90216.3
90317.2
90396.9
90479.1
90554.4
90602.2
90641.2
90675.2
90688.6
90687.6
90660.5
90614.5
90548.8
90462.3
90366.8
90283.6
90199.9
90088.5
89958.5
89834.9
89704.1
89557.9
89404.9
89225.9
88988
88750.5
88518.5
88229.2
87934.9
87606.1
87259.7
86915.2
86529.6
86104.2
85651
85148
84597.5
84008.6
83423
82853.7
82247.1
81659.9
81106.6
80521.2
79935.2
79390.5
78872
78404.1
78039.6
77762.5
77576.3
77474.4
77443.3
77465.3
77564.7
77839.5
78153.8
78343.7
78720.6
79192.3
79656.2
80099.8
80544.1
81105.7
81514.6
82089.5
82682.1
83285.8
83868.8
84428.3
85009.5
85598.9
100386
100370
100374
100370
100386
100412
100444
100480
100517
100554
100589
100619
100648
100672
100690
100702
100707
100708
100704
100694
100679
100658
100631
100599
100561
100518
100469
100415
100356
100291
100220
100143
100060
99972.3
99879.3
99781.7
99679.7
99573.6
99463.4
99349.8
99232.5
99111.5
98987.2
98859.1
98727.4
98592.5
98454
98311
98164.3
98014.4
97859.4
97698.5
97532.7
97362.3
97187.2
97006.5
96818.8
96622.5
96416.4
96199.1
95970.6
95733.2
95494.6
95261
95035.3
94817.2
94603.3
94387
94161.3
93928.3
93685.1
93434.7
93183.1
92929.1
92678.1
92431
92191
91956.8
91729.3
91505.8
91286.6
91080.2
90878.3
90687.9
90512.7
90349.1
90198.5
90060.5
89934.9
89823.7
89730
89657
89600
89563.2
89548
89548.4
89567.3
89611.9
89678.2
89743.9
89810.7
89891.6
89988
90081.4
90191.1
90322.7
90455
90576.8
90694.8
90800.9
90888.4
90967.9
91038.3
91086.9
91124.8
91154.5
91162.4
91155.7
91128.1
91084.9
91021.8
90936.9
90841.6
90746.2
90667.4
90553.7
90424.2
90301.5
90170.1
90031.5
89896.3
89696.2
89456.5
89221.6
88961
88712.2
88420.4
88087.2
87729.6
87376.1
86988.3
86564.7
86115.8
85617.3
85063.5
84456.9
83854.6
83291.6
82714.2
82131.1
81583.8
81031.1
80466.2
79927.9
79410.7
78943.6
78586.1
78303.9
78116.5
78041.1
78022.3
78066.5
78170.2
78426.8
78818.8
79012.7
79383.7
79835.9
80321.9
80786.6
81243.4
81859.2
82278.6
82842.3
83436.7
84035
84631.1
85196.1
85821.1
86429.2
100002
99978
99998.1
100044
100071
100122
100174
100227
100278
100329
100376
100417
100455
100488
100514
100535
100546
100555
100559
100557
100550
100538
100520
100496
100467
100432
100392
100347
100296
100240
100177
100108
100033
99953.2
99867.8
99777.6
99683.2
99584.3
99481.1
99374.5
99264.1
99149.8
99031.9
98910.9
98786.1
98657.4
98525.6
98389.4
98248.7
98104
97954.9
97800.6
97640.4
97473.9
97302.3
97126.1
96943.6
96753.9
96555.2
96346.2
96127.2
95899.9
95670.1
95444.3
95226.6
95015.7
94808.1
94598.5
94382.9
94152.2
93913.9
93670.7
93426.1
93179.6
92934.9
92694.1
92459
92231
92008.3
91791.5
91580.1
91379.1
91186
91000.3
90831.7
90676
90532.9
90403.7
90287.6
90185.5
90098.7
90033.2
89982.7
89950.8
89943.3
89951.6
89977.1
90026.1
90103.7
90181.7
90253.9
90342.8
90451.7
90545.1
90649
90783.4
90926.8
91053.7
91175.1
91286.1
91380.7
91462.6
91531.6
91580.9
91616
91640.9
91645.9
91631.5
91601.1
91560.8
91502.5
91419.7
91320.8
91203.9
91105
91033.5
90917.6
90798.3
90667.1
90529.3
90367.1
90188.3
89962.3
89728
89470.9
89226.9
88935.3
88600.2
88229.9
87868.4
87479.7
87059.2
86609.3
86115.6
85563.2
84949.7
84323.3
83757.5
83199.8
82624.6
82082.2
81565.3
81029.2
80503.7
79991.7
79525.6
79175.6
78893.1
78698.4
78648.7
78650.9
78709.8
78820.6
79070
79517.7
79734.1
80091.2
80519
81023.5
81511.1
82007
82663.8
83115.4
83666.3
84263.7
84849.8
85451.9
86034.7
86702.1
87318.7
99509.9
99453.5
99513.1
99625.5
99734.4
99836.1
99916.5
99988.2
100053
100116
100175
100229
100275
100315
100349
100377
100395
100411
100422
100428
100428
100424
100413
100397
100376
100349
100317
100279
100237
100188
100133
100073
100006
99933.1
99855.4
99772.5
99685.1
99593.2
99497
99397.2
99293.6
99185.9
99074.2
98959.4
98841.1
98718.6
98592.6
98463
98329.1
98190.1
98046.3
97898
97743.8
97582.7
97415.5
97243.5
97065.9
96882
96690.4
96490.5
96281.8
96065.3
95844.4
95626.6
95416
95210.6
95007
94801.4
94588.8
94365.3
94134.1
93898.6
93661.4
93423.4
93185.2
92950.2
92720.2
92497.4
92280.4
92069.7
91866
91670.3
91486.2
91303.7
91143.2
90995
90859
90737.7
90630.4
90537
90457.8
90399.7
90356.5
90331.6
90331.8
90347.1
90380.2
90435.3
90520.9
90613.2
90692.7
90786.3
90903.1
91009
91119.9
91246.1
91395
91528.7
91656.6
91774.2
91876.1
91963.7
92034.4
92084.5
92116.2
92134.2
92138.7
92121.2
92084.5
92041.1
91980.6
91899.5
91803.7
91698.2
91605.8
91519
91431.4
91320.9
91191.8
91055.3
90884.2
90722.4
90503.2
90273
90011.2
89764.3
89471.8
89138
88765.3
88398.6
88006.6
87580.9
87130.2
86622.6
86075.5
85476.8
84835.7
84254.6
83708.1
83145.1
82601.4
82111
81609.5
81108.2
80613.6
80153.7
79811.2
79531.3
79332.8
79291.4
79328.7
79399
79520.9
79785.9
80244.2
80510.7
80857.3
81253.8
81767.6
82275.6
82816.6
83496.4
84007
84554
85154.6
85718.1
86338.5
86950.7
87640.8
88262.9
98998.4
98869.4
98948.9
99202.3
99420
99574.9
99676.8
99765.6
99844.9
99918.7
99987.5
100052
100107
100155
100196
100229
100255
100277
100295
100307
100313
100315
100311
100302
100287
100268
100242
100212
100177
100136
100089
100036
99976.9
99911.5
99841
99765.2
99684.8
99599.9
99510.8
99417.8
99320.7
99219.6
99114.4
99005.2
98892.8
98776.6
98656.3
98532.4
98404.7
98271.9
98133.6
97990.6
97842.8
97688.2
97526.3
97358.4
97185.2
97006.5
96821.5
96629.8
96431.3
96225.2
96013.5
95803.8
95599.4
95398.6
95198.2
94996.1
94787.8
94570.5
94346.3
94118.3
93888.7
93658.2
93427.4
93198.7
92974.2
92756.3
92544.9
92340.2
92143.3
91953
91776
91600.1
91445.9
91305.1
91175.9
91061.9
90962.6
90877.5
90806.7
90756.4
90721.8
90704
90712.1
90735.1
90776
90838.5
90929.8
91037.6
91129.4
91224
91348.3
91470.1
91590.6
91716.2
91859.5
92000.5
92136.5
92262.3
92372.5
92467.6
92544.1
92597
92629.9
92643.3
92644.2
92626.7
92585.5
92537.6
92476
92402.5
92319.8
92226.5
92138.4
92053.9
91958.6
91843.3
91741.1
91616.5
91452.4
91291.4
91073
90822.4
90582.4
90327.8
90033.3
89701.2
89328.1
88958.7
88566.4
88128.2
87671.9
87149.1
86600.2
86016.7
85378.9
84784.6
84246.5
83701.1
83157.2
82670.2
82199.4
81731.9
81270
80828.2
80494.4
80216.7
80021.6
79974.8
80049.5
80144.7
80280
80563.5
81000.1
81365.2
81691.9
82049.2
82568.7
83090.8
83677.9
84364.7
84937.2
85493
86092.6
86655.2
87300.3
87938.3
88625.3
89267.6
98470
98469.8
98634.2
98943.4
99175.3
99348.2
99452.2
99560.4
99652.9
99737.1
99814.5
99886.3
99950.5
100006
100054
100092
100125
100152
100175
100192
100205
100212
100215
100212
100204
100190
100170
100147
100119
100086
100047
100001
99948.1
99889.3
99825.3
99756.1
99682.5
99604.6
99522.4
99436.1
99345.5
99250.7
99152
99048.8
98941.9
98831.7
98717.1
98598.2
98475.9
98349.4
98217
98079.3
97937
97788.5
97632.8
97470.2
97301.6
97127.8
96948.2
96763.3
96573.7
96377.1
96174.9
95973
95774.3
95578.1
95381.7
95183.5
94979.3
94767.7
94550.3
94329.6
94107.5
93884.6
93660.9
93438.5
93219.7
93006.9
92801.2
92602.2
92411.7
92227.4
92055.3
91887.9
91740.8
91605.8
91482.9
91376
91284.2
91207.5
91145.6
91103.3
91078.5
91067.9
91084.1
91115.5
91164.2
91235
91331.2
91453.4
91562.9
91657.1
91787.7
91925.2
92058.5
92189.4
92328.6
92471.8
92613.4
92747.8
92866.8
92970.7
93056.1
93117
93156.8
93170.4
93167.6
93149.1
93107.1
93057.7
92997.7
92932.5
92860.7
92775
92692.6
92607.6
92500.5
92407.5
92306.8
92173.8
92041.9
91884.6
91672.9
91423.9
91184.8
90919.3
90620.9
90295.3
89923.1
89551.6
89158.9
88713.1
88226.3
87716.9
87166.3
86579.1
85946.8
85352.3
84818.8
84287.4
83749
83258.8
82808.1
82375.7
81955.6
81546
81224.7
80949.7
80767.7
80714.8
80807.2
80955.7
81106.2
81403.8
81824.6
82252.8
82590.6
82939.5
83442.8
83976.3
84600.9
85294.4
85916.4
86488.2
87081.2
87685.9
88336.1
88979.8
89658.8
90348
98037.9
98172.6
98490.7
98793.8
98999
99147.4
99257.8
99375.8
99478.6
99571.6
99656.6
99734.7
99805.4
99867.9
99922.2
99964.7
100003
100036
100062
100085
100103
100116
100125
100128
100126
100118
100103
100085
100065
100039
100007
99967.5
99920.9
99868.1
99810
99746.9
99679.6
99608
99532.1
99452.3
99368
99279.4
99187
99090
98988.7
98883.8
98774.9
98661.3
98543.9
98422.7
98295.9
98164.1
98026.9
97883.6
97734.3
97577.9
97414.9
97246
97071.3
96892
96709.5
96521.1
96327.6
96133.2
95940.2
95748.9
95556.6
95362.5
95163.3
94957.3
94746.3
94532.7
94317.9
94101.7
93884.9
93669.2
93456.5
93248.9
93048.7
92855.4
92670.6
92492.9
92326.8
92167.3
92024.8
91897.5
91780.4
91680.8
91596.4
91528.2
91475.4
91441.1
91426.3
91423.1
91447.5
91488.9
91545.4
91624.5
91726.5
91858.3
91990.5
92087.9
92223.3
92373.7
92520.5
92663
92803.7
92947.2
93091.9
93233.3
93360
93473.5
93568.2
93641.5
93691.8
93711.9
93710.1
93691.9
93651.2
93601.9
93545.9
93485.7
93421.7
93343.5
93268.6
93189.8
93089.4
92996.9
92892.5
92784.2
92657.6
92505.5
92300
92055.5
91812.8
91538
91239.5
90922.1
90553.8
90179.5
89781.1
89334
88804.1
88327.7
87783.7
87182.1
86553.3
85964.8
85431.3
84908.6
84380.8
83890.2
83449.9
83049
82670
82303.2
81998.4
81730.9
81568.7
81518.5
81608.1
81822.4
82004.5
82316.3
82719.9
83187.1
83557.6
83913.3
84403.5
84951.2
85600.8
86292
86964.2
87551.9
88139.9
88813.4
89415.3
90061.1
90765.6
91520.8
97816.1
98068
98377.4
98635.8
98833.5
98968
99090.6
99210.5
99321.1
99421.8
99513.3
99596.9
99672.7
99740.4
99800
99847.3
99890.2
99927.3
99958.5
99985.8
100009
100028
100043
100052
100055
100051
100041
100028
100013
99994
99968.7
99935.7
99895
99847.8
99795.5
99738.3
99676.9
99610.9
99540.8
99466.9
99388.5
99306
99219.5
99128.7
99033.1
98933.5
98829.9
98721.7
98609.2
98492.4
98371.1
98245
98112.8
97974.4
97830.8
97680.9
97524
97360.6
97190.9
97016.7
96839.6
96658
96472.2
96284.6
96097.6
95911.3
95723.5
95533.5
95339.4
95138.9
94934.1
94727.1
94519.2
94309.8
94099.6
93890.3
93683.8
93482.1
93287.3
93099.7
92920.4
92749.4
92588.7
92437.3
92299.8
92181.1
92068.7
91977.6
91901
91841
91797.2
91770.9
91765.2
91770.8
91802
91855.5
91919.4
92006.9
92115.8
92253.9
92404.5
92518.3
92659.9
92815.9
92975.1
93132
93281.6
93429.5
93575.7
93722.7
93855.8
93978.8
94082
94167.4
94229.8
94262.6
94266.4
94253
94215.4
94168.8
94117.6
94060.6
94002.8
93934
93866.9
93792.4
93700.4
93612.3
93517.9
93420.2
93298.1
93151.6
92952.6
92709.3
92463.1
92184.9
91891
91583.1
91221.1
90838.2
90425.4
89969.5
89438.6
88961.2
88429.3
87823.4
87209.8
86626.9
86087.1
85568.7
85055.4
84570.4
84137.5
83763.8
83421.7
83100
82814.9
82564.7
82424.3
82386.8
82464
82724.1
82970
83298.5
83684.4
84169.6
84585.4
84970.6
85462.1
86019.5
86688.7
87371.2
88080.1
88681.4
89288.9
89982.5
90513.4
91207.6
91980.1
92795
97881.6
97937.9
98257.4
98504.3
98694.2
98820.8
98945.9
99068.3
99186.3
99292.3
99389
99477.5
99557.6
99629.2
99692.3
99745.4
99791.5
99832.4
99868
99899.1
99926.8
99949.8
99969.2
99983.4
99991.7
99992.4
99985.7
99975.6
99965.7
99952.8
99933.3
99906
99870.6
99828.5
99781.6
99730
99674
99613.3
99548.2
99479.5
99406.5
99329.4
99248.4
99163.3
99073.3
98978.8
98880.1
98776.9
98669.3
98556.6
98440.2
98319.1
98192
98058.5
97919.7
97775.4
97624.4
97466.8
97302.4
97132.9
96960.5
96784.8
96605.2
96423.6
96242.4
96060.8
95877.4
95692
95502.7
95307.2
95108.3
94907.3
94705.8
94502.5
94298.5
94095.5
93895.2
93699.4
93509.9
93327.9
93154.1
92989.4
92834.4
92690.6
92558.8
92446.5
92341.8
92258.6
92189.6
92137.6
92102.6
92083.8
92086.9
92101.6
92139.7
92204.7
92276.7
92372.6
92489.3
92632.8
92795.5
92934.7
93085.2
93244
93412.8
93583.1
93746.4
93905
94054.5
94206.3
94344.8
94476.8
94588
94683.7
94757.5
94804
94817.9
94813.4
94781.7
94742
94696.7
94644.2
94594
94533.8
94471.8
94402.1
94320.8
94240.3
94157.3
94066
93948.4
93807.2
93617
93376.3
93125.6
92849.6
92562.5
92263.9
91910.4
91516.3
91088.5
90613.3
90122.3
89599.3
89071.2
88484.2
87900.2
87322.9
86775.5
86261.7
85764.5
85290.6
84867.8
84515.9
84211.5
83929.4
83668
83445.9
83325.1
83304.9
83376.4
83652.5
83983.5
84329.6
84697.2
85190.8
85659.3
86096.8
86603.7
87174
87859.1
88533.7
89235.6
89847
90511.4
91136.1
91664.8
92460.9
93309
94141.5
97947.2
97843.9
98020.6
98315.2
98536.1
98683.3
98808.3
98934.8
99060.4
99170.3
99272
99364.9
99449.6
99525.2
99591.6
99649.4
99698.8
99742.4
99781.8
99816.1
99847.6
99874.7
99898.6
99917.7
99931
99935.9
99932.7
99926.2
99920.9
99913.3
99898.9
99876.5
99846.2
99809.3
99767.6
99721.4
99670.7
99615.1
99555.2
99491.4
99423.4
99351.5
99275.9
99196.2
99111.8
99022.5
98928.7
98830.5
98727.9
98619.9
98507.7
98391.3
98269.4
98140.9
98006.7
97867.4
97721.7
97570
97411.6
97247.2
97079.8
96909.3
96735.1
96559.3
96383.5
96206.4
96027.4
95846.3
95661.8
95471.5
95278
95082.6
94886.9
94689.9
94491.9
94295.1
94100.9
93911.3
93727.3
93551.1
93382.9
93224.3
93075.5
92938.8
92813.3
92707.1
92611.1
92534.1
92473.3
92430.1
92402.6
92391.7
92404.3
92429.5
92474.1
92549.4
92631.4
92735
92860.4
93009
93182.1
93345.4
93509.9
93674.4
93850.2
94031.2
94208.7
94381.8
94539.9
94696.4
94840.8
94980.7
95100
95206.2
95289.8
95347.7
95374.5
95380
95357.5
95329.4
95293
95247.9
95206.5
95152.8
95095.3
95033.1
94962.9
94891
94820.3
94734.8
94620.4
94484.1
94303.7
94067.9
93814.7
93544.4
93265.4
92973.5
92630.1
92227.2
91795.6
91320.2
90842.4
90275
89736.6
89179.8
88622.4
88053
87502.4
86997.2
86518.8
86061
85650.5
85315.3
85050
84805.8
84572.3
84388.4
84287.7
84279.7
84356.9
84628
85038.4
85396.5
85754
86259.9
86786.5
87287.1
87823.8
88420.4
89110.2
89777.8
90430.5
91071
91784.4
92320.5
92939.1
93835.7
94728
95521.6
97780.3
97839.7
97966.1
98168.5
98359.3
98515.6
98657.2
98793.8
98923.1
99039.2
99146.2
99243.8
99332.9
99413.1
99483.5
99545.3
99599.2
99646
99688.8
99726.7
99761.9
99794
99822.3
99846.4
99864.9
99874.8
99875.9
99873.4
99872.8
99870.5
99861.3
99843.9
99818.9
99787.9
99752.1
99711.7
99666.6
99616.7
99562.6
99504.4
99441.9
99375.6
99305.5
99231.5
99153
99069.7
98981.4
98888.6
98791.7
98689.2
98581.4
98469.7
98353.1
98230.2
98101.4
97966.8
97826.4
97680.8
97529.2
97371
97209.3
97043.9
96875.4
96705.5
96534.8
96362.4
96188.1
96011.5
95831.6
95646.4
95458.4
95268.6
95078.8
94888.2
94696.7
94506.5
94318.9
94135.7
93957.9
93787.8
93625.9
93473.8
93331.6
93202
93083.7
92983.8
92896.7
92826.8
92774
92741.4
92719.9
92717.7
92740.9
92779.4
92828.5
92913.3
93011.7
93118.4
93255.2
93409.5
93591.3
93776.2
93958.4
94135.1
94318.1
94507
94697.1
94885
95055.8
95220
95371.7
95520.1
95648.2
95766.3
95859.3
95926.3
95964.9
95980.5
95970.1
95959.5
95935.1
95899.7
95867.8
95821.5
95770.4
95717.7
95658.9
95596.8
95537.3
95456.1
95344.2
95212.8
95040.9
94811.1
94563.4
94301.5
94029.7
93742.1
93409.2
93006
92588.3
92134.4
91629.5
91027.6
90482.5
89954.7
89406.1
88842
88298.3
87804.7
87347.9
86911.3
86513.4
86194.6
85962.5
85760.5
85562.8
85417.4
85337.4
85336
85426.8
85693.9
86144.2
86511.6
86882.9
87411
87994.7
88555.2
89136
89775
90453.8
91111.7
91710.7
92413.3
93111.9
93614
94360.5
95315.4
96200.9
96912.5
97483.2
97659.2
97846.9
98037.7
98193.5
98345.5
98497.7
98640.5
98774
98895.5
99007.5
99111.3
99206.4
99292
99367.1
99433.1
99491.4
99542
99587.6
99629.6
99669
99705.9
99738.9
99768.1
99792.3
99808
99814.6
99817.3
99821.6
99824.5
99820.5
99808
99788.9
99764.3
99734.9
99700.8
99662
99618.5
99570.6
99518.4
99461.9
99401.8
99337.6
99269.3
99197
99120.3
99038.3
98951.7
98861
98764.8
98662.4
98555.6
98443.9
98326.9
98204.1
98075.1
97940.3
97800.4
97655.3
97504
97348.5
97188.9
97026.5
96862.4
96696.9
96529.6
96360
96187.9
96012.6
95833
95650.5
95466.3
95282.4
95098.5
94913.8
94730.5
94549.6
94373.4
94202.6
94038.9
93884
93738.8
93603.9
93481.5
93371.5
93278.3
93200.3
93138.2
93094.8
93071.5
93059
93063.8
93099.1
93151.6
93205.8
93299.4
93413.7
93529.7
93675.5
93837.8
94027.5
94229.4
94431.5
94625.8
94820.6
95016.1
95217.9
95415.4
95601.1
95778.4
95940.4
96098.6
96237.1
96366
96468.2
96545.1
96594.7
96621.4
96628.2
96637.1
96626
96602.8
96581.9
96545.1
96502.9
96461.4
96415.2
96362.9
96312.6
96234.5
96124.8
96000.2
95832.6
95611.7
95378.7
95127.5
94862
94578.2
94252.9
93863.3
93465.8
93025.8
92476.1
91868.8
91334.9
90821
90260.3
89702.2
89177.8
88697.3
88263.7
87853.3
87469.9
87171.4
86962.1
86793.9
86647.4
86538.3
86476.4
86477.1
86590
86863.8
87313.7
87695.6
88101.7
88665.9
89294.1
89912.6
90543.4
91227.2
91888.4
92528.9
93115.7
93873.3
94506.5
95039.7
95888.1
96844.1
97680.4
98307.9
97326.4
97467.5
97628.6
97794.8
97991.2
98175.6
98334.7
98478.7
98614.6
98741.5
98858.8
98966.9
99066.9
99157.8
99238.4
99309.4
99371.9
99426.8
99476.1
99523.2
99568.3
99610.6
99648.8
99683.7
99714.1
99736
99748.5
99756.8
99766.3
99774.7
99776
99769.2
99756.4
99738.7
99716.2
99689
99657.1
99620.3
99579.2
99533.5
99483.6
99430
99372.4
99310.5
99244.6
99174.6
99099.7
99019.8
98936
98846.5
98751
98650.1
98543.4
98431.9
98315.2
98193
98064.5
97930.3
97791.4
97646.5
97497.4
97344.5
97188.5
97030.3
96870.1
96708.1
96543.5
96376
96205.4
96031.1
95854.5
95676.7
95499
95321.8
95144.1
94967.8
94794.1
94625.1
94461.9
94305.4
94158
94020.4
93893
93778.9
93677.6
93591.9
93523.1
93470
93436.3
93419.7
93420
93434.8
93480.3
93544
93611
93710.6
93839.3
93970.4
94123
94297
94492.9
94708.8
94931.2
95146.3
95357.9
95562.3
95775.8
95978.8
96181.4
96373.5
96550.6
96719.9
96870.1
97007.3
97119.5
97209.7
97272.6
97313
97341.1
97366.3
97369
97361.9
97353.4
97329
97299.2
97271.8
97237.8
97194.1
97151.8
97075
96970
96852.8
96685
96478.1
96265.3
96027.5
95769.9
95489.7
95170.7
94799.5
94412.6
93968.1
93377.9
92814.1
92292.7
91763
91184.6
90649.1
90153
89688.5
89279
88897.3
88533.3
88255.4
88060.2
87904
87814
87756.4
87714.3
87715.2
87856.8
88148.2
88574.9
88975.8
89429.4
90032.7
90697.2
91366.7
92046.9
92767.6
93423.2
94036.6
94653.3
95406.4
96004.8
96567.7
97463.2
98385.5
99155.5
99715.5
97001
97167.8
97344.6
97590.4
97823.7
98011.4
98166.6
98310
98447.7
98577
98696.1
98809
98915.6
99011.8
99097.1
99172.8
99240.5
99301.7
99357.4
99410.7
99462.2
99510.1
99553.3
99593.3
99629.5
99657.4
99676.1
99690.8
99706.6
99720.8
99727.9
99727.4
99721.7
99711.4
99696.1
99676.3
99651.8
99622.3
99588.3
99550
99507.3
99460.8
99410.3
99355.6
99296.7
99233.6
99166
99093.5
99016.7
98934.2
98846.7
98753.5
98652.9
98547.1
98436.4
98320.7
98198.8
98071.3
97938.9
97800.7
97658.2
97511.9
97362.2
97209.9
97055
96898.4
96739
96576.3
96410.7
96242.3
96071.8
95900.4
95729
95558.7
95388.3
95219.3
95053.1
94891.7
94736.5
94588
94448.5
94319.1
94200.3
94095.3
94003
93925.8
93866.6
93823.4
93798.8
93791.3
93803.8
93832.8
93883.2
93961.7
94044.9
94150.6
94291.7
94440.4
94603.7
94786.2
94990.2
95221.1
95458.6
95697.9
95928.5
96148
96375.7
96585.4
96803.7
97009.6
97205.1
97388.2
97553.5
97698.7
97823
97927.8
98005.7
98062.7
98112.3
98151.7
98170.4
98183.3
98188.2
98183.1
98169.2
98156.7
98132.4
98097
98061.6
97985.6
97888.1
97773.9
97606.6
97421.3
97232.8
97010.9
96762
96484.2
96166.7
95810.4
95425.3
94957.8
94386.7
93859.8
93320.1
92763.3
92198.4
91707.4
91239
90795.5
90411.4
90056.8
89716
89454.2
89266.1
89104.8
89060.5
89084.1
89071.4
89083.2
89255.8
89564.3
89958.9
90384.8
90895.2
91531
92217.5
92922.1
93650.1
94397.1
95058.2
95647.3
96308.9
97044.8
97632.3
98160.6
99061.5
99941.1
100649
101163
96873.1
97074.7
97229.5
97445.6
97647
97817.9
97976
98126
98267.3
98397.8
98521.2
98640.7
98752.1
98852.6
98943.5
99025.1
99099.3
99167.7
99230.3
99289.7
99347.7
99401.5
99449.4
99494.7
99536.6
99570.6
99597.1
99620.7
99643.7
99663.5
99676.6
99683.1
99685.2
99682.6
99674.8
99662.7
99646.2
99624.5
99598.6
99568.3
99533.4
99494.6
99451.7
99405.1
99354
99298.3
99238.2
99173.5
99104
99028.8
98949.5
98864.4
98772
98673.9
98569.5
98459.7
98344.4
98223.8
98098.7
97967.9
97832.2
97692.3
97548.9
97402.5
97253.1
97101.9
96947.6
96790.3
96630.3
96467.7
96303.6
96138.8
95974
95810.1
95647.1
95485.7
95327.5
95173.7
95026.8
94887
94756
94636
94526.6
94431
94348.7
94281.5
94232.7
94199.4
94184
94189.1
94212.8
94256.5
94317.6
94404.5
94506.4
94622.7
94772.7
94942.4
95118.2
95312.2
95524
95771.5
96017.6
96281.9
96533.9
96778.1
97021.6
97244.7
97478.4
97696.8
97909.9
98110.2
98294.9
98451.1
98590.2
98708.1
98801.6
98877.9
98948.2
99003.2
99039.8
99073.9
99098.3
99115.4
99120.7
99121
99106.1
99079.8
99044.5
98970.3
98884
98768.8
98610.5
98456.4
98296.8
98088.6
97845.2
97576.1
97260
96907.9
96520.6
96048.5
95534
94990.7
94405.6
93854
93349.7
92898.6
92453.3
92037.6
91678.1
91345
91028.7
90773.7
90583.5
90421.2
90409.5
90530.4
90573.6
90606.7
90806.7
91132.2
91493.1
91944.7
92510
93173.1
93853.8
94594.8
95361.8
96119.7
96790.6
97390.4
98095.3
98880.5
99350.2
99810.3
100695
101532
102185
102672
96742
96950.3
97117.1
97305.4
97485.5
97650.2
97807.9
97960.8
98105.3
98238.1
98363.6
98485.4
98599.9
98704.1
98799.1
98886.3
98967.4
99042.5
99111.8
99177.8
99241.1
99299.4
99352.9
99404.1
99450.8
99490.6
99525.1
99556.6
99585.4
99609.8
99628.4
99641.6
99650.8
99655.4
99654.8
99650
99640.9
99627
99608.7
99585.9
99558.7
99527.5
99492.2
99453.1
99409.3
99360.9
99308.2
99250.8
99188.4
99120.3
99047.9
98969.7
98885.3
98795.3
98698.5
98595.5
98485.8
98371.4
98253.2
98129.2
97999.9
97866.6
97729.5
97588.7
97444.8
97298.9
97149.6
96997.5
96843.1
96686.6
96528.2
96369.3
96210.8
96053.4
95897.2
95743.3
95592.8
95447
95308.2
95177.4
95055.5
94945
94845.4
94759.4
94688.1
94631.7
94593
94570.4
94566
94583.8
94619.1
94675.7
94750.9
94847.9
94965.7
95098.5
95256.2
95441.9
95636.3
95844.2
96069.9
96321.9
96582.7
96867.2
97142.7
97418.1
97678.9
97929.9
98180.5
98413.6
98641.8
98859.1
99062.8
99236.5
99393
99526.6
99638.1
99734.7
99825.4
99898.1
99954.6
100014
100063
100104
100133
100140
100138
100121
100083
100017
99943.2
99824.9
99692.4
99582.8
99457.3
99256.7
99024.7
98760.3
98465.6
98118.3
97744.2
97303.3
96809.7
96214.8
95634.3
95133.2
94687.5
94246.3
93832.5
93455.1
93114.8
92792.6
92499.6
92251.1
92055
91912.4
91930.9
92125.4
92228.5
92301.4
92560.2
92908.5
93241.1
93730.7
94354.6
95020.5
95681.4
96452.9
97272.4
98029.9
98706.4
99383.4
100117
100888
101180
101645
102494
103280
103880
104341
96562.2
96774.6
96971.8
97156.1
97331.4
97497.5
97655.7
97807.2
97952.2
98087.9
98215.9
98339.3
98456.2
98564.5
98664.6
98757.6
98844.6
98925.4
99000.6
99072
99140
99203.2
99262.5
99318.4
99369.4
99415.2
99456.6
99494.1
99527.6
99557.2
99582.1
99602
99617.9
99629.2
99635.8
99638.1
99636.1
99629.6
99618.7
99603.5
99583.8
99560
99532.2
99500.3
99463.5
99422.4
99376.7
99326.4
99271
99210.2
99144.2
99072.1
98994.6
98911.9
98822.6
98726.9
98624.1
98516.4
98404.2
98286.2
98163.6
98036.6
97905.5
97770.6
97632.3
97491.4
97347.2
97200.7
97051.6
96900.2
96747.3
96594.2
96442
96290.7
96140.9
95994.2
95851.5
95713.8
95583.2
95461.3
95349.1
95248
95158.9
95083.3
95023.3
94978
94949
94938.8
94946.3
94975.9
95024.7
95093.6
95183.6
95293.2
95424.6
95575.1
95746.7
95941.6
96154.9
96379.8
96622.6
96881
97161
97457.9
97756.1
98061.2
98347
98633.3
98904.8
99160.7
99405.7
99638.7
99858.1
100051
100226
100378
100511
100631
100745
100838
100918
101008
101080
101149
101198
101211
101226
101216
101181
101133
101064
100944
100854
100806
100714
100519
100315
100062
99781.6
99462.1
99113.9
98708.1
98182.2
97583.9
97086.4
96673.8
96226.4
95786.4
95407.4
95062.5
94728.1
94415.6
94146.3
93906.5
93713.1
93609.5
93664.9
93866.6
93984.3
94167
94533.8
94889.1
95224.1
95776
96458.5
97100.5
97752.8
98535.7
99416.9
100162
100856
101651
102315
102847
103160
103748
104513
105220
105766
106195
96403.5
96597.8
96794.9
96980.9
97155.1
97322.2
97483
97636.3
97781.7
97919.6
98051.7
98178.2
98297.8
98410.5
98516.4
98615.1
98707
98793.1
98874.3
98951.7
99025.1
99094.1
99158.8
99219.8
99277.3
99330
99377.6
99421.6
99462.2
99499
99531.3
99558.4
99581.4
99600.4
99615
99625.3
99631.3
99633.1
99630.5
99623.9
99612.6
99597.3
99577.9
99553.9
99525.3
99491.9
99453.9
99411.2
99363.6
99310.4
99251.7
99187.3
99117.3
99041.5
98959.5
98871.4
98776.7
98676.7
98571.3
98460
98344
98223.7
98099.2
97970.4
97838.3
97703.2
97564.1
97422.4
97278.5
97132.5
96985.5
96838.2
96692
96546.9
96404
96264.3
96129.4
96000.6
95879.3
95766.8
95664.7
95573.9
95496.7
95432.4
95383.9
95350.5
95333.5
95336.4
95357.4
95399.1
95462.5
95546
95649.5
95774.5
95920.4
96088.4
96275.7
96484
96712.6
96958.3
97218.7
97492.1
97788.9
98091.6
98413.9
98748.2
99063.5
99383.5
99681
99970.4
100238
100488
100723
100932
101127
101299
101462
101608
101746
101862
101973
102094
102185
102280
102335
102361
102397
102394
102370
102345
102273
102160
102131
102155
102082
101908
101741
101534
101281
100979
100628
100212
99671.9
99195.3
98815.3
98438.6
97970
97542.6
97171.1
96831.9
96494.4
96198.7
95949.8
95727.7
95545.1
95491.8
95578.5
95721.4
95858.5
96212.3
96669.9
96997.8
97390.1
98016.7
98728.9
99333.2
100010
100821
101703
102476
103223
104042
104528
104754
105319
106034
106662
107259
107747
108132
96234.6
96427.5
96619.3
96795.7
96965.6
97130.9
97291.3
97444.8
97591.4
97731.9
97866.6
97995.7
98118.9
98236.6
98348.3
98453
98550.9
98643.4
98731.3
98814.7
98894.2
98969.9
99041.6
99109.6
99173.8
99233.7
99289.5
99341.6
99389.8
99433.9
99474
99509.7
99541.5
99569.2
99592.6
99611.8
99627
99638.2
99645.2
99647.9
99645.9
99639.8
99629.5
99614.7
99595.4
99570.8
99541.1
99506.7
99467.4
99422.9
99373.1
99317.5
99255.7
99187.1
99112.4
99031.7
98945.1
98853.4
98755.5
98651.6
98543.1
98429.9
98312.1
98189.6
98063.5
97933.6
97799.9
97663.7
97525.2
97384.8
97243.9
97102.7
96962.6
96824.1
96688.1
96555.6
96428.5
96308.9
96197.7
96095.8
96004.3
95925.1
95860.2
95808.6
95772.5
95752.3
95749.2
95765.9
95802.3
95858.1
95935.7
96035
96153.6
96295.4
96457.8
96642.8
96848.5
97072.5
97318.3
97583.9
97862.9
98157.6
98465.9
98780
99131.3
99483.8
99829.1
100180
100510
100836
101132
101407
101661
101888
102107
102304
102499
102669
102833
102980
103127
103270
103376
103485
103542
103597
103653
103663
103664
103658
103588
103512
103560
103652
103593
103468
103344
103153
102972
102676
102291
101850
101426
101127
100817
100385
99930.8
99504
99114.5
98764.2
98434.1
98155
97930.7
97736.8
97572.6
97567.4
97661.7
97753.9
97974.1
98470.9
98927.1
99256.5
99783.7
100463
101142
101725
102457
103313
104153
105010
105785
106502
106817
106913
107709
108460
108923
109396
109807
110130
96037.5
96221.5
96402.1
96579.4
96749.3
96914
97074.1
97228.9
97377.7
97520.2
97657.7
97790.9
97918.9
98041.7
98159.2
98270.3
98374.7
98474.2
98569.3
98660
98747.2
98830.7
98909.9
98985.4
99057.8
99126.5
99190.8
99251.1
99308
99361.5
99411
99456.4
99497.8
99535.3
99568.8
99598.4
99624.2
99645.7
99663.1
99676.1
99684.5
99688.6
99688.5
99684
99674.8
99660.2
99640.5
99615.8
99585.7
99550.8
99510.6
99464.1
99410.7
99350.3
99283.9
99211
99132.4
99048.9
98958.6
98862.8
98761.9
98655.4
98543.6
98426.9
98307.3
98184.1
98056.8
97926.3
97793
97658.6
97524
97388.9
97255
97123
96994.1
96870
96751.6
96641.2
96540.3
96449.7
96370.1
96303.5
96251.5
96213.8
96191.7
96186.4
96198.7
96230.7
96282.9
96355.2
96448.6
96563.7
96700.7
96859.7
97039.6
97244.1
97467.7
97711
97975.9
98258.7
98558.3
98874.7
99199.6
99540.2
99909.8
100269
100647
101026
101388
101747
102077
102389
102667
102926
103168
103394
103617
103814
104011
104195
104370
104521
104640
104753
104826
104920
104998
105038
105077
105087
105051
105055
105184
105322
105292
105232
105159
105011
104838
104536
104158
103818
103576
103363
103021
102527
102092
101648
101244
100874
100559
100289
100116
99952.8
99808.1
99852.2
99943.4
100051
100383
100896
101321
101766
102391
103059
103700
104333
105120
106014
106821
107753
108479
109049
109277
109468
110267
110974
111281
111627
111940
112199
95818.2
95995.6
96170.2
96342.8
96511.3
96675.1
96834.6
96989.7
97140.3
97286.2
97427.4
97564.1
97696.8
97824.7
97947.6
98065.1
98177.1
98284.4
98387.5
98486.9
98582.3
98674
98762.2
98847
98928.4
99006.1
99080.4
99151.2
99218.5
99282.1
99342
99398.2
99450.6
99499.4
99544.3
99585.3
99622.6
99655.7
99684.6
99709.2
99729.5
99745.5
99756.9
99763.9
99766.3
99763.1
99754.6
99740.8
99721.5
99696.7
99665.5
99628.1
99584.7
99534.3
99477.2
99413
99343.2
99267.4
99184.8
99097.2
99002.7
98902.2
98796.6
98686.7
98573.9
98456.6
98335.2
98210.2
98082.6
97954.3
97825.4
97696.8
97569.7
97444.5
97322.9
97207.6
97098.7
96998.5
96908.6
96830
96763.6
96711
96672.8
96649.8
96643.6
96654.6
96684.2
96732.8
96801.7
96892.3
97003.7
97137.1
97293.4
97471.3
97671.9
97894.9
98138.3
98404.6
98687.7
98991
99310.8
99652.4
100001
100368
100745
101123
101527
101925
102314
102700
103066
103417
103733
104035
104309
104573
104823
105057
105287
105495
105681
105835
105965
106090
106203
106335
106439
106531
106613
106667
106711
106836
107035
107198
107230
107238
107190
107144
106947
106678
106408
106224
106082
105827
105386
104903
104454
103988
103574
103177
102866
102618
102504
102384
102278
102379
102480
102648
103030
103488
103955
104557
105154
105792
106463
107162
107999
108907
109711
110629
111257
111704
111951
112294
112939
113551
113729
113933
114122
114350
95573.4
95745.1
95914.9
96083.3
96249.2
96412
96571.4
96727.3
96879.5
97028.4
97173.1
97313.9
97451.2
97584.6
97713.6
97838.1
97958
98073.8
98185.8
98294.1
98398.9
98500.5
98598.6
98693.5
98785.4
98874.1
98959.5
99041.4
99120
99195.3
99267.2
99335.5
99400.3
99461.8
99519.6
99573.6
99623.6
99669.8
99712
99750
99783.6
99812.7
99837.2
99857.1
99871.8
99881
99885
99883.1
99875.3
99861.4
99840.9
99814.3
99781.1
99741.3
99694.6
99640.2
99579.6
99511.9
99437.3
99356.1
99267.8
99174.4
99075.4
98971.7
98864.2
98751.7
98635.7
98516.1
98394.4
98271.9
98148.9
98026.2
97905.6
97787.9
97675
97568.8
97469.8
97380.9
97302.9
97237
97185.1
97147.3
97124
97117.7
97128.9
97157.9
97205.8
97273.1
97361.5
97471.8
97603.9
97758
97934.5
98134
98356
98598.6
98866.7
99153.3
99460
99785.2
100130
100496
100869
101258
101650
102055
102476
102889
103302
103710
104106
104493
104858
105203
105525
105829
106114
106388
106641
106860
107054
107218
107373
107534
107702
107865
108009
108167
108304
108437
108614
108867
109122
109293
109387
109498
109536
109480
109313
109184
109103
109000
108825
108486
107973
107526
107055
106580
106139
105707
105402
105186
105135
105048
105023
105155
105296
105500
105865
106336
106925
107551
108128
108763
109463
110205
111073
111937
112777
113554
114077
114447
114802
115238
115715
116173
116249
116277
116361
116533
95300.6
95468.1
95634.3
95799.6
95963.7
96125.7
96285.4
96442.4
96596.9
96748.2
96896.5
97041.7
97183.6
97322.5
97458.1
97590
97718.5
97843.4
97965
98083.3
98198.5
98310.7
98419.9
98526.2
98629.7
98730.3
98827.8
98922.2
99013.8
99102.3
99187.6
99269.8
99348.6
99423.9
99495.8
99564.3
99629
99689.6
99746.2
99798.7
99847.1
99890.9
99930.1
99964.1
99992.7
100016
100033
100044
100049
100048
100039
100024
100002
99972
99934.8
99890.2
99838.6
99779.3
99712.8
99639.1
99558.2
99471.1
99377.6
99279.5
99176.6
99069
98958.3
98844.1
98728.1
98610.5
98492.7
98375.9
98261.7
98151.7
98047.6
97950.8
97862.8
97786
97720.9
97668.8
97631.7
97609.4
97603.9
97615.9
97645.9
97694.8
97762.9
97852
97962.3
98094.6
98248.6
98425.5
98624.6
98846.2
99091.3
99358.7
99649.7
99957.9
100291
100642
101015
101399
101799
102210
102631
103065
103499
103934
104370
104800
105225
105644
106047
106434
106800
107148
107473
107780
108051
108292
108512
108712
108921
109131
109350
109555
109760
109982
110193
110436
110766
111124
111423
111634
111816
111979
112081
112094
112060
112063
112106
112016
111766
111352
110865
110424
109947
109489
109048
108605
108300
108067
108030
107992
108076
108222
108375
108596
109000
109561
110185
110752
111359
111974
112678
113487
114289
115100
115899
116526
116959
117307
117763
118212
118581
118833
118790
118641
118639
118723
94998.9
95163.4
95327.4
95491
95654.1
95816.1
95976.6
96135.5
96292.4
96447.2
96599.9
96750.3
96898.3
97043.4
97185.6
97324.8
97461.4
97595.6
97727.7
97856.8
97983.3
98107
98228.2
98346.9
98463.1
98576.7
98687.8
98796.2
98901.8
99004.6
99104.6
99201.8
99296.1
99387
99474.8
99559.2
99639.9
99716.8
99789.7
99858.7
99923.2
99983
100038
100087
100131
100169
100201
100227
100245
100257
100261
100258
100246
100227
100200
100165
100121
100070
100011
99944.6
99870.5
99789.6
99701.9
99608.8
99510.2
99407.4
99300.9
99191.1
99079.7
98966.8
98854.1
98743.4
98635.5
98532.8
98436.9
98349.5
98272.5
98207.4
98155.3
98117.8
98096.5
98092.2
98106.4
98138.6
98189.9
98261.3
98352.5
98465.2
98599.2
98755.5
98933.3
99134.7
99358.2
99605.5
99876.5
100170
100485
100820
101180
101559
101957
102365
102792
103230
103684
104140
104599
105062
105521
105983
106438
106882
107315
107737
108141
108531
108893
109231
109537
109822
110096
110358
110634
110888
111157
111432
111714
112008
112324
112705
113147
113577
113951
114257
114521
114726
114851
115023
115246
115356
115342
115215
114916
114500
114082
113634
113181
112743
112352
111966
111623
111375
111273
111307
111437
111585
111765
112073
112563
113111
113657
114216
114762
115369
116098
116925
117621
118388
119067
119595
119985
120312
120761
121189
121458
121507
121316
120986
120879
120900
94667.6
94830.8
94994
95157.6
95321.2
95484.2
95646.5
95807.9
95968.1
96127
96284.8
96441
96595.4
96748
96898.6
97047.2
97193.7
97338.2
97480
97620
97758
97893.5
98027.4
98159.1
98289.1
98416.9
98542.6
98666
98787.1
98905.8
99022
99135.5
99246.3
99354.1
99459
99560.6
99658.8
99753.4
99844.3
99930.8
100013
100090
100162
100228
100288
100342
100390
100430
100464
100489
100506
100515
100516
100507
100490
100464
100429
100385
100332
100272
100203
100128
100045
99955.5
99860.8
99761.8
99658.7
99552.8
99445.6
99337.2
99229.4
99123.5
99021.2
98925.2
98836.3
98757.3
98690.7
98636.9
98598.3
98576.5
98572.8
98588.6
98623.4
98678.1
98753.4
98848.5
98964.8
99102.9
99262.4
99444.7
99649.5
99877.8
100129
100404
100702
101023
101365
101731
102119
102525
102948
103387
103843
104311
104792
105275
105767
106256
106749
107243
107726
108201
108666
109121
109561
109989
110390
110772
111130
111482
111819
112152
112491
112806
113153
113505
113872
114271
114723
115224
115734
116233
116693
117082
117457
117796
118127
118426
118724
118927
118848
118649
118341
118000
117641
117212
116790
116388
116050
115716
115380
115099
114949
114985
115104
115284
115559
115952
116404
116860
117354
117858
118331
119011
119711
120442
121077
121755
122320
122791
123144
123402
123740
124146
124280
124162
123807
123267
123036
122973
94335.2
94498.9
94663.2
94828.1
94993.5
95158.9
95324.1
95489.2
95653.8
95817.7
95980.7
96142.6
96303.5
96463.4
96622.1
96779.5
96935.5
97089.9
97242.8
97394.1
97544
97692.6
97838.9
97983.6
98126.5
98267.7
98407.4
98545.4
98681.5
98815.6
98947.4
99077.1
99204.4
99329.3
99451.2
99570.2
99686
99797.9
99906.1
100010
100109
100204
100292
100376
100452
100523
100586
100641
100688
100727
100757
100778
100789
100791
100783
100765
100737
100699
100652
100596
100531
100459
100379
100294
100202
100106
100006
99903.8
99799.6
99694.4
99589.8
99486.9
99388.8
99297.1
99214.3
99143.5
99086.2
99043.8
99019.5
99013.4
99027.9
99063.6
99119.2
99197
99295.8
99415
99557.1
99720.9
99906.7
100116
100348
100604
100883
101185
101512
101860
102231
102626
103044
103477
103929
104399
104885
105382
105892
106408
106928
107451
107981
108506
109024
109539
110043
110532
111013
111479
111928
112366
112792
113213
113616
114027
114428
114838
115278
115711
116183
116711
117281
117864
118444
119024
119562
120093
120632
121167
121778
122199
122435
122591
122526
122330
122091
121849
121548
121176
120781
120374
120059
119769
119454
119193
119059
119058
119180
119408
119732
120110
120487
120879
121367
121809
122384
123025
123607
124175
124759
125334
125803
126181
126423
126627
126872
127178
127140
126862
126343
125618
125209
125016
94047.3
94212.8
94379.2
94546.4
94714.4
94882.7
95051.4
95220.2
95388.9
95557.3
95725.4
95893.2
96060.4
96226.8
96392.5
96557.4
96721.3
96884.1
97046
97206.9
97366.7
97525.2
97682.8
97839
97993.7
98147.1
98298.8
98449
98597.9
98745.1
98890.5
99034.1
99175.5
99314.7
99451.1
99584.9
99715.4
99842.4
99965.7
100084
100199
100308
100411
100509
100600
100684
100759
100828
100887
100937
100978
101008
101028
101039
101037
101026
101003
100970
100927
100874
100812
100741
100664
100580
100491
100397
100299
100199
100097
99992.9
99889.1
99788.3
99692.9
99604.9
99527.9
99464
99415.2
99383.8
99371.1
99378.5
99408.5
99460.6
99534.2
99631.6
99750.2
99891
100055
100240
100450
100681
100937
101216
101520
101847
102198
102570
102966
103389
103832
104290
104770
105268
105780
106305
106844
107387
107937
108497
109058
109614
110171
110726
111266
111795
112318
112825
113325
113821
114307
114790
115263
115744
116217
116720
117233
117760
118349
118982
119635
120290
120946
121609
122252
122969
123660
124398
125072
125595
125836
125936
125945
125861
125741
125587
125347
125019
124617
124199
123902
123665
123384
123154
123082
123090
123254
123495
123795
124104
124480
124879
125328
125856
126532
126976
127417
127868
128378
128805
129169
129409
129521
129686
129881
129979
129768
129336
128684
127857
127242
126889
93816.6
93984.3
94153.2
94323
94493.7
94665
94836.8
95009.1
95181.4
95354
95526.6
95699
95871.2
96043
96214.5
96385.4
96555.8
96725.6
96894.6
97063
97230.5
97397.1
97562.9
97727.8
97891.7
98054.6
98216.2
98376.5
98535.6
98693.4
98849.7
99004.2
99156.7
99307.2
99455
99600.5
99742.6
99881.6
100017
100147
100274
100394
100510
100618
100720
100815
100901
100979
101048
101107
101156
101193
101221
101237
101240
101235
101215
101185
101144
101092
101032
100962
100884
100802
100715
100622
100527
100427
100324
100220
100116
100016
99923
99838.9
99766.9
99709.3
99668.5
99645.8
99643.2
99661.8
99703.7
99768.4
99856.4
99968.4
100102
100260
100440
100642
100869
101118
101392
101690
102013
102360
102730
103122
103539
103983
104446
104925
105428
105949
106483
107032
107592
108159
108738
109327
109913
110498
111088
111676
112248
112815
113377
113923
114467
115012
115550
116084
116618
117156
117698
118266
118846
119460
120141
120852
121570
122297
123034
123778
124535
125371
126226
127087
127778
128283
128595
128742
128848
128891
128870
128777
128590
128297
127908
127494
127160
126957
126746
126540
126542
126586
126748
127008
127268
127585
127966
128373
128758
129387
130013
130400
130709
131083
131382
131689
131986
132126
132155
132236
132334
132236
131878
131320
130568
129686
128870
128359
93634.9
93804.6
93975.6
94147.8
94321.1
94495.2
94669.9
94845.2
95020.9
95196.9
95373.1
95549.4
95725.7
95901.8
96077.9
96253.7
96429.2
96604.2
96778.9
96953.1
97126.8
97299.8
97472.1
97643.9
97814.8
97985.1
98154.4
98322.7
98490
98655.8
98820.5
98983.4
99144.8
99304.1
99461
99615.5
99766.6
99914.9
100059
100199
100335
100464
100589
100706
100817
100920
101014
101100
101175
101241
101297
101340
101373
101394
101401
101398
101382
101352
101313
101262
101199
101131
101055
100971
100885
100795
100698
100596
100493
100389
100286
100188
100097
100016
99948.5
99896.2
99861.5
99846.1
99851.8
99879.3
99930.6
100005
100104
100227
100373
100542
100735
100951
101191
101453
101741
102052
102390
102753
103138
103545
103980
104440
104918
105416
105936
106474
107026
107595
108173
108761
109364
109974
110583
111193
111809
112423
113024
113624
114219
114801
115382
115967
116546
117126
117708
118294
118890
119513
120149
120836
121585
122346
123120
123913
124730
125548
126417
127324
128283
129183
129913
130431
130820
131072
131289
131424
131477
131431
131287
131030
130670
130255
129867
129672
129541
129379
129405
129523
129640
129939
130205
130536
130912
131292
131649
132280
132824
133231
133481
133751
133824
134030
134296
134373
134340
134323
134284
134020
133544
132881
132052
131115
130150
129476
93494.2
93665.7
93838.8
94013
94188.4
94364.6
94541.8
94719.7
94898.1
95077
95256.2
95435.6
95615.2
95794.8
95974.4
96153.9
96333.3
96512.6
96691.6
96870.4
97048.8
97226.8
97404.2
97581.2
97757.7
97933.6
98108.7
98283
98456.4
98628.7
98799.7
98969.3
99137.4
99303.4
99467.3
99628.6
99786.9
99942.1
100093
100241
100383
100520
100651
100775
100892
101002
101102
101193
101275
101347
101405
101454
101492
101515
101525
101524
101510
101482
101443
101392
101327
101253
101176
101097
101012
100920
100821
100718
100615
100512
100411
100316
100228
100150
100086
100038
100008
99998.2
100010
100044
100103
100185
100291
100421
100577
100756
100958
101184
101433
101706
102004
102326
102676
103051
103447
103867
104313
104785
105276
105788
106322
106873
107440
108024
108619
109223
109842
110471
111099
111729
112366
113000
113628
114253
114874
115486
116100
116715
117328
117944
118564
119188
119831
120494
121179
121924
122716
123518
124341
125187
126071
126958
127901
128860
129880
130811
131558
132137
132603
132970
133284
133477
133584
133576
133462
133233
132893
132480
132073
131852
131772
131695
131696
131854
131985
132267
132612
132930
133274
133638
134018
134562
135024
135426
135681
135838
135842
135924
136136
136169
136107
135990
135815
135403
134826
134084
133198
132206
131167
130363
93387.3
93560.4
93735
93910.9
94088.1
94266.2
94445.3
94625.1
94805.6
94986.7
95168.3
95350.2
95532.4
95714.6
95897
96079.5
96262.1
96444.5
96626.8
96809
96991
97172.8
97354.1
97535.2
97715.8
97895.8
98075.4
98254.2
98432.2
98609.2
98785.1
98959.7
99132.7
99304
99473
99639.6
99803.3
99963.6
100120
100273
100420
100563
100699
100828
100950
101065
101169
101265
101352
101427
101489
101541
101581
101607
101621
101623
101608
101580
101543
101491
101426
101353
101274
101190
101103
101009
100908
100804
100701
100600
100502
100410
100324
100250
100189
100144
100118
100112
100128
100168
100231
100319
100431
100567
100728
100914
101125
101358
101614
101895
102200
102531
102888
103271
103677
104106
104562
105042
105543
106066
106610
107172
107751
108347
108954
109571
110203
110846
111489
112136
112788
113439
114087
114732
115374
116011
116650
117289
117928
118572
119220
119878
120555
121250
121976
122764
123588
124426
125286
126182
127111
128058
129037
130048
131106
132065
132830
133462
134012
134477
134860
135098
135240
135257
135162
134953
134629
134236
133830
133564
133479
133481
133510
133651
133830
134057
134450
134794
135102
135462
135864
136303
136691
137055
137328
137418
137414
137424
137572
137573
137497
137292
136975
136448
135792
134993
134064
133031
131962
131107
93307.6
93482
93657.9
93835.2
94013.8
94193.3
94373.9
94555.2
94737.4
94920.2
95103.5
95287.2
95471.3
95655.7
95840.3
96025
96209.8
96394.7
96579.4
96764.2
96948.9
97133.4
97317.7
97501.7
97685.4
97868.6
98051.5
98233.6
98415.1
98595.6
98775.1
98953.3
99130.1
99305.2
99478.1
99648.5
99816.1
99980.4
100141
100297
100449
100595
100735
100868
100994
101112
101219
101318
101409
101486
101551
101607
101649
101675
101690
101696
101686
101659
101619
101567
101503
101430
101352
101266
101175
101077
100973
100867
100765
100665
100569
100478
100395
100323
100264
100222
100198
100195
100215
100258
100326
100418
100534
100675
100840
101029
101248
101484
101745
102033
102344
102680
103043
103433
103845
104282
104744
105230
105739
106270
106822
107392
107980
108585
109202
109829
110471
111124
111780
112439
113103
113767
114430
115091
115749
116405
117061
117719
118379
119042
119713
120396
121098
121821
122581
123400
124247
125111
126005
126938
127903
128891
129892
130937
132016
133006
133812
134481
135093
135632
136060
136340
136500
136532
136453
136260
135952
135587
135193
134894
134769
134790
134874
135020
135232
135449
135805
136171
136487
136839
137227
137578
137911
138236
138519
138593
138568
138564
138659
138640
138544
138275
137833
137217
136504
135660
134701
133641
132550
131671
93249.9
93425.2
93602
93780.4
93960
94140.6
94322.3
94504.8
94688.2
94872.2
95056.9
95242
95427.6
95613.4
95799.5
95985.9
96172.4
96359
96545.6
96732.3
96918.9
97105.4
97291.8
97478
97663.9
97849.5
98034.6
98219.3
98403.2
98586.4
98768.5
98949.6
99129
99306.6
99482.4
99655.6
99825.9
99993.2
100156
100315
100470
100618
100761
100898
101026
101145
101255
101358
101451
101529
101596
101653
101698
101728
101744
101748
101738
101713
101675
101625
101563
101491
101411
101323
101229
101128
101023
100916
100813
100714
100619
100529
100446
100376
100318
100278
100256
100256
100277
100323
100394
100488
100608
100751
100920
101113
101333
101574
101840
102132
102447
102787
103154
103548
103965
104407
104874
105365
105879
106417
106975
107552
108146
108758
109382
110017
110666
111326
111991
112659
113332
114007
114681
115352
116023
116692
117361
118033
118707
119385
120073
120775
121495
122242
123030
123867
124734
125615
126534
127495
128491
129500
130514
131580
132673
133688
134548
135258
135897
136485
136942
137257
137432
137469
137397
137219
136935
136591
136210
135899
135742
135737
135848
136023
136252
136492
136794
137154
137505
137849
138213
138484
138778
139077
139363
139430
139391
139395
139452
139424
139315
138989
138444
137767
137016
136138
135160
134080
132970
132054
93209.3
93385.2
93562.8
93741.9
93922.2
94103.7
94286.2
94469.6
94653.8
94838.8
95024.4
95210.5
95397
95584
95771.2
95958.7
96146.4
96334.3
96522.2
96710.2
96898.2
97086.2
97274.1
97461.8
97649.3
97836.5
98023.3
98209.6
98395.3
98580.3
98764.3
98947.2
99128.6
99308.3
99485.9
99661.2
99833.4
100003
100168
100328
100485
100635
100780
100919
101049
101169
101281
101385
101480
101561
101630
101688
101732
101763
101781
101786
101777
101752
101715
101665
101604
101533
101452
101363
101266
101164
101059
100952
100848
100748
100652
100563
100483
100413
100357
100317
100297
100297
100321
100369
100441
100537
100659
100805
100975
101171
101392
101636
101905
102201
102518
102862
103232
103628
104049
104495
104965
105460
105978
106520
107082
107664
108263
108879
109509
110150
110804
111469
112140
112814
113494
114175
114857
115537
116216
116894
117572
118253
118937
119627
120327
121042
121779
122544
123351
124199
125080
125975
126910
127893
128904
129921
130949
132027
133128
134161
135070
135837
136490
137096
137566
137906
138100
138140
138061
137897
137635
137310
136942
136628
136455
136426
136528
136724
136959
137208
137487
137843
138216
138562
138922
139105
139378
139661
139944
140002
139965
139986
140016
139985
139857
139483
138864
138148
137372
136470
135477
134384
133267
132310
93182.1
93358.5
93536.5
93716.1
93897
94079
94262
94446
94630.9
94816.5
95002.7
95189.5
95376.8
95564.4
95752.5
95940.8
96129.3
96318
96506.9
96695.8
96884.7
97073.7
97262.6
97451.3
97639.9
97828.2
98016.2
98203.7
98390.6
98576.8
98762.1
98946.2
99128.9
99309.8
99488.8
99665.3
99838.9
100009
100176
100338
100494
100646
100793
100933
101064
101186
101299
101404
101499
101581
101652
101711
101757
101789
101807
101812
101802
101779
101742
101692
101631
101560
101479
101389
101291
101187
101082
100975
100871
100770
100674
100586
100507
100438
100383
100344
100324
100326
100350
100399
100472
100570
100693
100840
101013
101210
101431
101677
101948
102246
102566
102911
103283
103682
104105
104553
105027
105524
106045
106589
107155
107739
108341
108961
109594
110239
110897
111565
112239
112918
113602
114288
114974
115660
116345
117028
117713
118401
119092
119789
120498
121224
121972
122750
123568
124422
125311
126219
127166
128165
129177
130198
131237
132323
133427
134472
135414
136235
136918
137516
137987
138341
138551
138595
138507
138354
138107
137798
137442
137128
136949
136909
136995
137195
137431
137675
137951
138310
138692
139038
139399
139522
139777
140053
140326
140379
140350
140389
140401
140374
140222
139804
139141
138401
137610
136691
135683
134582
133470
132492
93165.1
93341.7
93520.1
93700.1
93881.3
94063.7
94247.1
94431.5
94616.7
94802.7
94989.4
95176.6
95364.3
95552.5
95741
95929.9
96118.9
96308.2
96497.6
96687.1
96876.7
97066.3
97255.8
97445.3
97634.5
97823.5
98012.2
98200.4
98388
98575
98761
98945.9
99129.3
99311.1
99490.8
99668.1
99842.6
100014
100181
100344
100501
100654
100801
100942
101074
101196
101311
101417
101512
101595
101666
101725
101771
101804
101823
101828
101818
101795
101758
101709
101648
101577
101496
101405
101306
101202
101096
100989
100885
100784
100688
100600
100522
100454
100400
100361
100341
100343
100368
100417
100491
100590
100714
100862
101036
101234
101456
101703
101975
102274
102595
102942
103316
103716
104140
104590
105065
105564
106087
106633
107200
107786
108390
109012
109648
110295
110954
111624
112301
112983
113669
114358
115047
115735
116424
117111
117800
118492
119187
119890
120606
121337
122093
122878
123702
124561
125451
126370
127328
128337
129345
130369
131415
132508
133611
134661
135619
136475
137196
137784
138251
138614
138830
138879
138786
138639
138403
138104
137757
137446
137263
137218
137298
137492
137732
137971
138247
138608
138999
139339
139687
139780
140027
140301
140560
140611
140590
140636
140645
140634
140453
139999
139310
138558
137758
136828
135808
134702
133597
132621
93155.8
93332.6
93511.2
93691.4
93872.8
94055.4
94239
94423.6
94609.1
94795.3
94982.2
95169.7
95357.7
95546.2
95735
95924.1
96113.5
96303.1
96492.8
96682.6
96872.5
97062.4
97252.3
97442.1
97631.7
97821.1
98010.2
98198.8
98386.9
98574.2
98760.6
98945.9
99129.7
99311.9
99492
99669.7
99844.6
100016
100184
100347
100505
100658
100806
100947
101079
101202
101317
101423
101519
101602
101674
101733
101780
101812
101831
101836
101827
101804
101767
101718
101657
101586
101505
101414
101314
101211
101104
100997
100893
100792
100696
100608
100530
100463
100409
100370
100351
100353
100378
100428
100502
100601
100725
100875
101049
101247
101468
101718
101990
102289
102611
102959
103333
103734
104159
104610
105086
105586
106110
106656
107224
107812
108416
109039
109677
110325
110985
111656
112334
113017
113705
114395
115086
115776
116467
117156
117847
118542
119240
119945
120664
121399
122158
122947
123773
124635
125526
126450
127416
128430
129435
130460
131513
132607
133709
134760
135726
136598
137341
137928
138393
138763
138980
139032
138939
138795
138563
138271
137929
137623
137439
137391
137468
137658
137899
138139
138415
138777
139172
139502
139838
139920
140166
140437
140685
140735
140718
140766
140777
140790
140578
140101
139401
138644
137838
136902
135873
134765
133665
132695
93152.4
93329.2
93507.8
93688
93869.5
94052.1
94235.8
94420.5
94606.1
94792.5
94979.5
95167.1
95355.2
95543.7
95732.7
95921.9
96111.4
96301.1
96490.9
96680.9
96871
97061
97251
97440.9
97630.7
97820.2
98009.4
98198.2
98386.5
98573.9
98760.5
98945.9
99129.9
99312.2
99492.5
99670.4
99845.4
100017
100185
100348
100507
100660
100808
100949
101081
101205
101320
101426
101522
101605
101677
101736
101783
101816
101835
101840
101830
101807
101771
101722
101661
101590
101508
101417
101318
101214
101107
101001
100897
100796
100699
100611
100533
100466
100412
100374
100355
100357
100382
100432
100506
100606
100730
100879
101054
101252
101474
101723
101995
102295
102617
102965
103340
103742
104167
104618
105094
105595
106118
106665
107234
107821
108426
109050
109688
110337
110997
111668
112347
113030
113718
114409
115100
115792
116483
117173
117864
118561
119260
119967
120686
121422
122183
122973
123800
124662
125554
126479
127448
128464
129468
130494
131549
132645
133744
134796
135765
136642
137392
137981
138447
138820
139037
139090
138997
138855
138626
138335
137996
137693
137509
137461
137536
137725
137966
138207
138483
138845
139240
139567
139894
139976
140223
140491
140732
140782
140767
140814
140829
140854
140624
140140
139436
138677
137868
136930
135898
134788
133690
132724
79365.5
79938.2
80578.9
81294.9
82066.7
82866.8
83672.9
84468.2
85210.7
85848.6
86342.8
86663.2
86795.8
86783.4
86721.3
86733.5
86945.8
87463.8
88319.3
89447.9
90723
91978.3
93128.8
94180.2
95420.3
79412.7
79993.3
80637
81355.9
82127.9
82924.1
83726.4
84516.8
85255.4
85888
86374
86687.1
86814.9
86800.1
86738.3
86752.6
86970.2
87495
88358.7
89492.2
90769.4
92020.6
93163.4
94205.3
95460.4
79489.7
80082.3
80728.7
81447.7
82220.8
83020.1
83828.3
84616.8
85339.3
85961.5
86439.6
86741.6
86859.2
86838.6
86774.9
86789
87007.9
87535.5
88399.7
89532.8
90805.8
92048.9
93175.8
94216.4
95513.4
79596
80196.7
80844.3
81566.6
82342.4
83139.8
83943.4
84727
85443.9
86060.1
86528.4
86818.2
86923
86895.4
86829.8
86842.3
87060.2
87589
88452.5
89583
90850.9
92086.8
93208.5
94235.2
95592.7
79729
80333.9
80992.1
81714.1
82492.9
83286.6
84083
84861.1
85574.3
86184.8
86641.1
86917.9
87006.8
86968.6
86900.9
86912.3
87127.9
87656.3
88517.7
89644
90904.7
92132.2
93247.8
94255.6
95695.7
79894.3
80503
81170
81896.4
82674.9
83459.4
84246.9
85018.3
85731
86334.7
86776.3
87038.9
87110.9
87057.6
86986.7
86997.7
87210.3
87737.4
88595.3
89715.8
90966.8
92184.6
93293.2
94277.7
95820.7
80092.3
80697.3
81382.1
82116.4
82887.1
83659.5
84439.7
85203.5
85915.9
86509.1
86930.2
87177.2
87235.3
87164.8
87088
87098.6
87307.4
87831.6
88684.8
89797.6
91037.4
92243.4
93344.1
94303.3
95965.3
80327.2
80950.5
81639.5
82370.1
83129.5
83894.1
84670.4
85425.5
86133.5
86707.1
87103.8
87334.3
87380
87291.1
87206.1
87215.8
87419.4
87938.8
88785.9
89889
91116.2
92308.9
93395.8
94343.3
96088
80613.1
81246.1
81925.9
82652.4
83408.9
84162.7
84942.9
85689.6
86382.2
86925.8
87298.3
87513.2
87544.6
87435.2
87339.4
87348.6
87546.1
88058.8
88898.5
89990.1
91203.2
92381.3
93450.2
94397.6
96176.8
80943.3
81571.8
82234.3
82959.6
83723.4
84471.3
85246.9
85986.6
86654
87166.4
87515.2
87713.4
87727.9
87594.7
87485
87493.7
87686.4
88191.9
89022.9
90100.8
91298
92460.4
93510.9
94459.4
96251.8
81299.5
81918.5
82565.7
83290.4
84066.2
84817.2
85580.2
86304.6
86948.9
87436.3
87760.8
87939.5
87924.5
87768.9
87641.6
87648.5
87838.8
88337.8
89159
90221
91400.3
92545.8
93578.1
94526.3
96316.9
81647
82282.5
82934
83662.3
84442.9
85194
85937.5
86653.5
87270.4
87748.5
88046
88175.8
88130.6
87957.6
87811.5
87812.9
88002.2
88495.8
89306
90349.8
91509.3
92637
93651
94596.4
96374.8
82044.3
82669
83356.1
84093.2
84866.2
85619.1
86335
87045.7
87640.4
88102.7
88369.5
88417.5
88357.2
88162.7
87996
87988.1
88176.4
88664.8
89462.4
90486.5
91624.4
92733.1
93729.1
94668.7
96427.9
82463.8
83127.4
83825.6
84570.2
85324.1
86087.8
86781.3
87479.3
88046.3
88489.4
88720.7
88730.9
88615.8
88390.2
88197
88175.5
88361.4
88843.8
89626.6
90630.3
91745.2
92833.7
93811.4
94742.3
96478.3
82974.6
83664.9
84340.8
85090.7
85786.6
86592.8
87270.4
87957.2
88493.6
88906.4
89103.6
89079
88904.5
88642.9
88416.4
88376.3
88557.6
89031.9
89797.3
90780.4
91871.3
92938.4
93897.5
94816.9
96527.5
83576.9
84246
84899.3
85652.9
86326.7
87113.7
87795.8
88470
89008.6
89356.2
89514.8
89433.3
89221.1
88920.7
88654.4
88590.9
88765
89228.8
89974.1
90936.3
92002.5
93047.2
93987.1
94892.3
96576.5
84171.3
84846.6
85496.7
86245.7
86952.3
87664.2
88357.2
89012.7
89545.7
89815.9
89913.1
89806.1
89566.1
89225.4
88912.1
88819.7
88983.4
89433.9
90157.1
91097.8
92138.6
93160.3
94080.1
94968.3
96626.2
84765.5
85460.1
86148.9
86839.8
87631.1
88283.7
88980.2
89547.3
90064.8
90279.5
90329
90201.7
89940.2
89557.7
89190.6
89063.7
89212.4
89647
90346.2
91264.5
92279.2
93277.6
94176
95044.6
96677.2
85473.4
86181.8
86878.5
87561
88329.1
88960.8
89650.2
90155.9
90601.5
90774.7
90802.6
90650.1
90358
89926.7
89500.8
89334.6
89463.5
89880
90553.8
91448
92434.9
93409.4
94284.2
95130.1
96737.4
86256.9
86966.3
87627.9
88337.9
89027
89685.7
90364
90863.4
91193.7
91336.9
91368.8
91167.7
90825.7
90337
89844
89634.2
89738.3
90133.5
90779.2
91646.9
92604.7
93554.5
94402.9
95222
96804.3
87089.3
87767.4
88418.5
89153.2
89773.2
90489.5
91123.5
91559.8
91827.7
91969.8
91993.4
91732.5
91322.8
90779.9
90213.1
89950.4
90025.1
90395.8
91010.7
91850.4
92779.7
93703.7
94523.9
95315
96874.5
87978.8
88632.7
89324.3
90021.2
90662.4
91341.4
91914
92286.6
92522.3
92675.8
92647.6
92330.6
91840.8
91255.6
90616.5
90285
90323.4
90665.9
91247.3
92058.1
92959.7
93856.7
94646.8
95409
96948.1
88930.6
89579.4
90287.6
90945.8
91593.8
92236
92722.7
93057
93301.9
93461.2
93329.9
92960.6
92378.2
91752.4
91052.7
90640.3
90632.9
90942.7
91488.3
92269.1
93143.8
94013.1
94771.3
95503.8
97024.8
89947.5
90606.2
91303.3
91925.8
92568.9
93156.6
93558.4
93877.5
94150.6
94290.1
94046.7
93624.6
92945.4
92250.7
91506.6
91016.4
90954.3
91227
91733.6
92482.8
93331
94171.8
94897.3
95599.1
97103.9
91041.9
91711.9
92370.1
92951
93586.8
94088.3
94437.2
94769.5
95067.2
95126.4
94799.2
94314.6
93546.7
92755.8
91966.6
91410.4
91287.7
91519.2
91982.2
92699.4
93519.5
94332
95025.1
95695.1
97184.5
92223
92884.4
93483.6
94037.2
94623
95028.8
95381
95743.6
96037.5
95977.3
95582.2
95019.6
94174.6
93279.6
92434.2
91818.2
91632
91818.6
92233.1
92919.3
93707.4
94492.9
95154.9
95792.4
97265.9
93481.7
94107.9
94630.6
95186.3
95664.1
96017.4
96411.8
96798.6
97039.7
96861.2
96389.8
95740.3
94822.6
93827.1
92914.2
92236.8
91985.4
92123.2
92485.7
93141.9
93893.8
94653.8
95287
95891.7
97347.2
94783.4
95344
95798.9
96344.7
96702
97070.1
97522.8
97908.4
98050.7
97761.1
97206.3
96465
95472.9
94381.9
93396
92654
92336.1
92422.1
92732.4
93359.6
94072.2
94809.4
95417
95989.1
97423.4
96098.8
96578
97006.6
97456.2
97757.7
98202
98702.5
99053.9
99071.2
98675.6
98030.5
97191.5
96122.3
94936.1
93877.4
93066.6
92680.8
92714.3
92972.2
93571.3
94243.5
94960.9
95545.5
96084.8
97494.6
97425.4
97832.6
98259.9
98542
98907.3
99444.2
99952.1
100236
100118
99619.3
98876.4
97932.6
96781.9
95501.6
94371.4
93481.2
93029.6
93007.6
93209
93782
94413.8
95113.5
95676.9
96181.1
97561.6
98766.4
99127.9
99534.9
99740.4
100205
100783
101251
101440
101189
100590
99740.2
98685.7
97445.9
96079.4
94877.6
93898.1
93386.8
93297.3
93441.4
93989.7
94583.4
95267.7
95811.6
96277.3
97622.5
100134
100478
100820
101071
101614
102179
102579
102655
102281
101584
100617
99447
98107.1
96667.4
95390.4
94319.5
93749.6
93576
93671.3
94191.4
94752.3
95424.8
95950.2
96373.2
97675.4
101550
101864
102144
102506
103081
103605
103923
103877
103391
102591
101503
100211
98765.7
97261.5
95906.7
94748.5
94102.8
93846.6
93902.4
94386.2
94922
95585.2
96092.3
96468.5
97718.3
103022
103266
103547
104016
104591
105054
105274
105106
104519
103604
102390
100974
99427.7
97846.3
96428.1
95194.1
94448
94114.7
94135.7
94575
95094.9
95748.4
96237
96563.3
97749.3
104641
104791
105164
105697
106229
106603
106704
106410
105720
104670
103317
101770
100116
98459.2
96959.6
95667.3
94807.9
94393.6
94377.6
94767.6
95272.3
95914.3
96385.9
96658.9
97766
106438
106547
107005
107563
107993
108245
108206
107783
106983
105769
104271
102593
100829
99085.2
97495.2
96143.4
95180.4
94685.9
94628.6
94962.6
95457.1
96072.3
96541.3
96757.5
97768
108331
108567
108959
109479
109773
109882
109698
109150
108221
106841
105195
103401
101527
99697.9
98020.7
96591.5
95541
94985.5
94879.4
95151.4
95636.5
96226.1
96696
96858.8
97753.4
110352
110761
111029
111410
111557
111507
111172
110494
109428
107885
106091
104173
102192
100279
98527.1
97012.8
95890.2
95285.2
95119.1
95332.3
95809.8
96379
96850.9
96960.5
97722.4
112484
112907
113103
113330
113330
113111
112618
111802
110605
108901
106950
104905
102808
100794
98978.5
97411.5
96228.3
95559.3
95336.1
95506.3
95977.3
96536
97004.1
97058.3
97676.2
114638
114927
115108
115202
115068
114680
114022
113064
111740
109880
107791
105596
103379
101252
99367
97777.8
96541.9
95795.7
95530.2
95674.6
96140.2
96697
97150
97149.7
97617.5
116744
116879
117015
117002
116753
116193
115373
114274
112802
110846
108615
106261
103920
101685
99723.5
98105.5
96828.7
96009.8
95709.6
95836.7
96297.5
96854.2
97282.3
97234.5
97550.2
118818
118797
118833
118717
118355
117637
116658
115430
113804
111765
109414
106914
104445
102113
100075
98405.9
97097.3
96218.5
95880.3
95990.9
96446
96999.3
97394.8
97316
97479.1
120828
120655
120559
120338
119862
119005
117872
116519
114748
112623
110172
107553
104961
102539
100424
98691
97347.8
96424.7
96043.1
96137
96583.5
97129.2
97500.4
97383
97409.4
122733
122426
122188
121858
121270
120288
119013
117530
115641
113419
110876
108162
105465
102959
100764
98965.5
97578.2
96622.8
96197.6
96275
96709.3
97244.6
97597.3
97438.2
97346
124652
124205
123805
123353
122654
121555
120142
118518
116532
114206
111571
108765
105976
103388
101113
99247.3
97810
96822.2
96354.4
96413.9
96832.7
97356.2
97693.2
97489.6
97272.4
126432
125827
125270
124697
123896
122700
121168
119410
117329
114917
112202
109311
106441
103782
101439
99509.8
98026.5
97001.6
96498.2
96538.2
96940.4
97453.8
97777
97534.8
97230.6
127824
127104
126439
125759
124874
123605
121986
120122
117952
115478
112707
109749
106809
104093
101702
99720.4
98199.6
97141.4
96612.1
96632.8
97021.2
97527.3
97838.7
97570.3
97213.5
128888
128106
127363
126588
125634
124311
122634
120689
118436
115914
113106
110104
107106
104339
101912
99890.2
98335.9
97251.4
96701.5
96703.9
97080.7
97581.6
97884.1
97598.6
97208.9
129724
128891
128084
127227
126215
124856
123142
121133
118820
116246
113412
110386
107348
104534
102077
100027
98443.2
97338.2
96771.1
96757.1
97123.9
97621.2
97917.3
97621.7
97210.4
130382
129496
128635
127713
126652
125270
123535
121480
119122
116500
113641
110602
107544
104693
102205
100136
98527.8
97405.6
96824.8
96796.8
97154.6
97649.5
97941.7
97640.5
97214.9
130861
129954
129048
128077
126977
125579
123833
121751
119358
116696
113815
110763
107695
104821
102306
100221
98594.6
97457.3
96865.6
96825.8
97176
97669.1
97959.2
97655.5
97220.1
131208
130297
129350
128343
127213
125806
124054
121957
119538
116850
113947
110884
107809
104921
102385
100286
98647
97496.8
96896.3
96846.3
97190.4
97682.2
97971.4
97667.1
97224.7
131463
130543
129563
128534
127382
125968
124213
122110
119674
116969
114050
110976
107894
104996
102447
100335
98686.9
97526.6
96918.8
96860
97199.6
97690.3
97979.7
97675.9
97228.2
131652
130708
129708
128667
127501
126081
124325
122220
119774
117059
114129
111047
107958
105053
102494
100373
98716.7
97548.5
96934.4
96868.6
97204.7
97694.8
97985.1
97682.4
97230.6
131781
130813
129803
128757
127580
126157
124402
122297
119845
117127
114190
111101
108008
105096
102529
100401
98738.6
97564.2
96944.6
96873.5
97207
97696.8
97987.7
97687
97232.4
131855
130876
129862
128813
127633
126207
124455
122351
119898
117178
114237
111144
108046
105129
102557
100423
98754.9
97575.3
96951.1
96875.9
97207.2
97696.9
97989.5
97690.5
97233.9
131893
130911
129896
128847
127668
126245
124496
122394
119944
117223
114280
111185
108083
105161
102582
100442
98768.6
97583.9
96954.9
96876.3
97205.2
97695.3
97990.3
97693.2
97234.8
)
;

boundaryField
{
    inlet
    {
        type            zeroGradient;
    }
    outlet
    {
        type            waveTransmissive;
        phi             phi;
        rho             rho;
        psi             psi;
        gamma           1.3;
        fieldInf        100000;
        lInf            0.3;
        value           nonuniform List<scalar> 
57
(
96311.6
96359.7
96412.2
96482.2
96570.6
96657.4
96751.3
96820.9
96886.5
96929.9
96968.9
97005.1
97039.9
97074.3
97109.3
97145.4
97183.1
97222.6
97269.2
97324.1
97383.2
97445.1
97509.3
97575.1
97642.6
97712.4
97783.8
97852.8
97918.1
97981.1
98040.6
98095.8
98145.3
98187.8
98221.5
98244.4
98254.2
98249.4
98228.6
98192.4
98141.9
98079.6
98008.8
97910.7
97801.9
97708.9
97647.4
97608.6
97583.9
97568.8
97559.3
97553.1
97548.7
97545.5
97543.5
97542.7
97541.9
)
;
    }
    upperWall
    {
        type            zeroGradient;
    }
    lowerWall
    {
        type            zeroGradient;
    }
    frontAndBack
    {
        type            empty;
    }
}


// ************************************************************************* //
