/*--------------------------------*- C++ -*----------------------------------*\
| =========                 |                                                 |
| \\      /  F ield         | OpenFOAM: The Open Source CFD Toolbox           |
|  \\    /   O peration     | Version:  dev                                   |
|   \\  /    A nd           | Web:      http://www.openfoam.org               |
|    \\/     M anipulation  |                                                 |
\*---------------------------------------------------------------------------*/
FoamFile
{
    version     2.0;
    format      ascii;
    class       volScalarField;
    object      T;
    location    "9.138";
}
// * * * * * * * * * * * * * * * * * * * * * * * * * * * * * * * * * * * * * //

dimensions      [0 0 0 1 0 0 0];

internalField   nonuniform List<scalar> 
12225
(
298.647
297.32
297.447
297.656
297.771
298.061
298.239
298.549
298.745
299.013
299.242
299.586
299.787
300.028
300.139
300.886
300.455
300.269
297.403
295.82
296.071
296.062
296.225
296.189
296.578
296.637
297.165
297.26
297.677
298.156
298.615
298.715
298.643
299.978
300.291
299.983
297.404
295.801
296.078
295.91
296.046
295.867
296.076
296.19
296.54
296.724
296.672
297.718
297.976
298.074
297.502
298.911
299.333
299.601
297.493
295.848
296.072
295.928
295.94
296.032
295.776
296.257
296.229
296.645
296.222
297.479
297.466
298.243
297.235
298.583
299.181
299.335
297.328
295.947
295.944
295.795
295.818
296.097
295.869
296.431
296.325
296.387
296.557
297.429
297.353
297.853
297.914
298.763
299.065
299.212
297.388
295.883
295.978
295.726
295.94
295.828
295.833
296.289
295.989
296.492
296.915
297.263
297.3
297.666
297.94
298.678
298.871
299.308
296.951
295.989
296.276
296.416
295.847
295.557
295.518
296.428
296.293
297.11
296.821
296.613
296.888
297.819
298.185
298.461
298.806
299.451
296.647
296.291
296.114
296.544
295.608
295.585
296.184
296.747
296.255
296.073
296.594
296.745
297.101
297.78
298.176
298.074
298.711
299.028
296.541
296.384
295.629
296.29
295.501
295.683
296.218
296.415
296.059
296.098
296.765
297.256
297.245
297.56
297.634
297.748
297.998
298.747
296.51
296.215
295.242
296.071
295.393
295.819
295.659
296.066
296.018
296.897
297.046
296.973
297.05
297.565
297.582
297.69
298.225
298.93
296.706
296.104
295.326
296.063
295.347
295.833
295.281
295.879
296.376
297.138
296.949
296.834
296.941
297.411
297.669
297.924
298.339
298.772
296.649
295.909
295.472
295.918
295.371
295.731
295.368
295.891
296.49
296.983
296.899
296.813
296.759
297.187
297.818
298.209
298.527
298.814
296.466
295.677
295.488
295.703
295.342
295.644
295.551
296.02
296.51
296.982
296.896
296.926
297.079
297.372
297.938
298.379
298.632
299.021
296.488
295.458
295.441
295.486
295.371
295.609
295.788
296.073
296.438
296.847
296.766
296.992
297.376
297.664
298.147
298.593
298.867
299.199
296.116
295.056
295.219
295.322
295.418
295.596
295.755
295.959
296.3
296.728
296.805
297.173
297.575
297.852
298.358
298.709
298.925
299.327
295.785
294.615
294.886
295.048
295.234
295.369
295.584
295.793
296.155
296.577
296.696
297.183
297.545
297.847
298.363
298.634
298.927
299.327
295.369
294.282
294.589
294.716
294.881
295.019
295.261
295.497
295.859
296.204
296.442
296.964
297.281
297.658
298.122
298.371
298.727
299.048
294.731
293.811
294.129
294.235
294.395
294.554
294.803
295.099
295.39
295.707
296.085
296.46
296.803
297.218
297.546
297.873
298.215
298.475
294.228
293.34
293.6
293.719
293.851
293.967
294.249
294.653
294.787
295.186
295.523
295.737
296.216
296.421
296.801
297.129
297.394
297.728
293.769
292.85
293.177
293.347
293.425
293.465
293.712
294.093
294.104
294.633
294.756
295.081
295.55
295.54
296.173
296.194
296.623
296.907
293.462
292.491
292.943
292.926
292.924
293.027
293.153
293.501
293.559
294
294.059
294.561
294.801
294.894
295.534
295.34
296.015
296.001
293.119
292.21
292.837
292.495
292.507
292.834
292.633
293.046
293.275
293.338
293.693
294.027
294.162
294.48
294.798
294.847
295.306
295.352
292.851
292.067
292.505
292.064
292.216
292.633
292.188
292.797
292.984
292.798
293.53
293.368
293.733
294.022
294.076
294.561
294.526
295.017
292.787
291.972
292.063
291.927
292.162
292.232
292.018
292.616
292.528
292.518
293.244
292.821
293.436
293.642
293.529
294.333
293.985
294.645
292.688
291.874
291.911
291.866
291.968
291.888
292.036
292.321
292.281
292.536
292.796
292.759
293.219
293.341
293.444
293.978
293.82
294.332
292.513
291.7
291.839
291.768
291.824
291.838
291.956
292.093
292.233
292.446
292.554
292.826
292.984
293.161
293.44
293.531
293.815
293.978
292.487
291.698
291.864
291.801
291.753
291.802
291.826
291.963
292.096
292.228
292.446
292.609
292.815
293.046
293.214
293.454
293.635
293.814
292.482
291.626
291.76
291.734
291.709
291.745
291.815
291.924
292.044
292.198
292.359
292.547
292.733
292.934
293.121
293.313
293.483
293.658
292.419
291.529
291.696
291.703
291.71
291.768
291.864
292
292.163
292.352
292.549
292.76
292.968
293.187
293.384
293.603
293.776
293.997
292.933
291.949
292.139
292.262
292.384
292.539
292.717
292.921
293.14
293.368
293.6
293.837
294.072
294.307
294.536
294.764
294.99
295.217
296.776
291.799
292.183
291.653
291.127
290.722
290.349
290.135
289.983
289.835
289.831
289.728
289.664
289.657
289.68
289.369
289
289.239
288.417
288.47
288.92
288.189
288.586
289.178
289.061
289.487
290.544
291.249
291.338
290.884
289.857
288.451
287.722
288.364
291.197
294.314
296.232
297.469
298.674
299.763
300.361
300.375
300.07
299.719
299.424
299.174
298.952
298.739
298.527
298.313
298.088
297.852
297.613
297.37
297.112
296.844
296.553
296.219
295.856
295.456
295.015
294.528
294.009
293.479
292.967
292.497
292.077
291.641
291.134
290.471
289.633
288.796
287.98
287.234
286.532
285.79
284.962
284.128
283.383
282.712
282.029
281.323
280.594
279.784
278.958
278.124
277.412
276.745
276.445
276.427
276.12
275.322
273.947
272.435
270.949
270.483
270.147
269.949
268.74
266.64
265.545
264.826
265.898
269.507
268.132
262.876
259.299
259.69
265.053
272.989
277.747
279.667
280.288
279.036
279.844
280.861
279.72
278.586
277.798
277.387
277.662
278.202
277.545
277.573
277.372
276.216
273.269
273.489
272.778
272.846
273.183
274.46
276.198
275.834
274.673
273.778
272.435
271.788
271.044
271.132
270.454
269.129
267.352
266.778
264.42
263.13
262.678
262.624
261.591
259.81
257.977
256.15
253.891
249.953
246.371
246.369
247.727
247.995
245.757
243.459
237.196
234.07
249.563
246.473
244.023
251.203
254.681
253.506
252.426
254.28
258.2
261.4
264.026
266.49
268.409
269.787
270.982
272.018
273.209
274.223
298.476
294.785
294.438
292.397
290.775
289.942
289.258
289.03
289.353
289.527
290.138
290.738
290.277
292.023
290.612
290.45
291.357
287.771
289.383
287.666
284.731
286.935
284.41
281.223
283.038
284.188
282.499
279.238
275.449
273.57
278.027
285.956
284.491
274.77
276.158
290.185
298.648
298.644
298.194
298.26
298.134
297.956
297.76
297.583
297.416
297.207
296.95
296.643
296.268
295.824
295.326
294.79
294.231
293.662
293.072
292.463
291.827
291.157
290.452
289.722
288.923
288.024
287.056
286.097
285.316
284.704
284.183
283.664
283.046
282.182
281.072
279.915
278.735
277.71
277.015
276.662
276.488
276.372
276.418
276.475
276.256
275.695
275.218
275.433
274.851
273.627
272.487
268.777
265.901
263.333
262.311
261.087
259.38
257.789
256.443
256.155
256.4
256.781
257.171
255.73
255.195
255.608
249.603
248.813
258.033
252.07
235.392
234.084
252.816
270.939
276.249
271.404
275.195
286.847
278.762
271.418
273.344
270.013
266.928
267.799
269.135
270.281
270.101
268.885
268.943
268.993
268.996
269.328
265.651
264.674
263.025
261.064
263.374
265.702
265.296
264.477
261.903
259.525
257.019
256.67
256.17
253.982
249.019
248.072
244.07
241.092
240.317
240.47
240.031
238.737
236.904
233.52
232.566
228.833
221.756
221.082
221.673
224.288
223.126
219.537
211.808
227.479
299.76
291.351
233.504
226.708
231.913
227.432
221.758
223.837
232.261
240.678
247.803
254.067
258.106
260.61
262.514
263.57
265.066
266.301
300.791
298.564
296.135
292.112
290.059
289.595
289.502
290.227
291.581
293.499
293.855
295.704
296.882
294.656
297.28
294.645
293.869
295.421
291.959
293.816
288.722
283.855
288.453
286.954
280.453
277.63
278.474
279.361
276.765
272.067
272.186
281.333
291.764
294.934
295.545
297.517
298.379
298.491
298.776
298.989
299.165
299.386
299.499
299.539
299.556
299.511
299.383
299.156
298.845
298.441
297.874
297.188
296.392
295.52
294.635
293.766
293.016
292.331
291.629
290.96
290.152
289.055
287.595
285.994
284.692
283.661
282.858
282.742
283.608
284.48
283.988
282.519
281.202
280.201
279.894
280.56
281.832
282.783
283.892
285.083
286.178
286.473
286.785
289.087
289.783
289.14
288.623
283.284
277.76
269.15
263.901
259.307
256.254
255.335
256.757
256.85
255.958
255.464
255.6
257.334
260.906
260.349
256.669
259.538
262.69
248.936
240.14
248.064
264.991
274.263
274.037
276.14
280.537
275.6
271.46
273.773
263.818
260.894
266.255
263.32
261.725
265.762
266.837
267.22
269.444
276.919
288.055
281.461
275.741
275.934
272.767
264.807
258.839
258.162
257.831
258.616
259.673
258.345
255.992
256.829
255.577
250.079
245.464
241.131
235.292
237.403
240.656
235.148
230.837
228.414
227.05
223.17
222.476
218.301
216.077
230.76
229.17
217.218
214.716
209.269
206.952
268.667
358.138
285.38
272.726
227.666
221.833
212.426
206.61
211.798
222.999
234.234
244.277
251.013
254.356
256.777
257.517
259.07
262.354
264.684
301.832
298.82
294.433
290.272
289.797
290.477
291.327
293.288
294.928
295.971
297.554
297.237
296.85
296.412
294.97
293.438
292.876
293.992
292.318
293.738
297.098
287.245
278.521
284.188
286.961
277.573
269.93
270.842
279.403
289.061
293.072
294.481
296.597
297.798
298.711
299.412
299.962
300.33
300.557
300.705
300.686
300.566
300.408
300.256
300.116
299.986
299.997
300.092
300.219
300.322
300.363
300.253
299.853
299.261
298.53
297.648
296.822
296.129
295.591
295.161
294.764
294.199
293.262
291.901
290.204
288.217
285.966
284.043
283.836
285.45
287.301
287.845
287.218
286.48
286.17
286.165
286.464
286.176
286.22
286.982
288.706
290.153
290.527
292.328
294.078
294.413
294.427
291.308
286.81
279.42
275.027
269.864
264.444
262.728
267.113
270.985
268.88
261.509
256.6
258.03
260.583
256.716
257.831
266.747
259.794
244.099
246.801
261.42
273.037
273.314
272.631
279.184
278.762
273.444
274.217
266.827
266.297
271.459
260.76
258.127
265.398
266.703
267.294
273.583
280.581
289.539
293.224
289.144
286.187
288.381
290.455
280.08
264.364
256.65
254.683
253.512
257.125
257.523
253.832
258.68
260.873
250.513
249.711
240.153
232.56
250.803
262.461
242.517
231.523
227.805
221.697
219.79
223.939
211.356
213.71
251.439
256.79
228.673
216.073
204.994
199.598
268.059
254.545
198.582
332.132
243.332
218.8
202.181
200.594
211.699
224.115
235.147
244.195
248.881
251.381
253.05
253.93
256.682
260.689
264.228
301.848
297.904
293.259
290.764
291.494
292.151
293.341
294.812
295.385
296.035
296.395
296.158
294.935
291.958
290.532
289.031
287.773
290.08
289.826
288.051
290.401
293.522
290.36
279.873
272.927
275.879
285.317
291.488
294.168
296.348
297.818
298.658
299.461
300.212
300.719
301.006
301.029
300.955
300.661
300.249
299.734
299.203
298.717
298.136
297.629
297.26
297.086
297.123
297.369
297.918
298.594
299.262
299.865
300.259
300.47
300.41
300.048
299.427
298.601
297.514
296.406
295.352
294.353
293.568
292.626
291.168
288.922
286.123
284.291
284.189
285.545
287.088
287.656
287.917
288.576
289.013
288.207
287.155
286.207
285.876
286.838
289.106
289.604
290.568
292.881
295.559
296.86
294.096
287.541
279.99
276.458
272.716
270.791
273.476
278.439
277.538
271.8
269.078
269.325
271.047
272.272
268.075
263.523
258.503
248.022
246.523
257.077
267.702
271.653
270.443
274.964
282.163
277.475
276.484
277.317
272.834
278.051
273.409
266.547
270.906
267.336
267.428
277.31
284.702
285.197
283.053
276.696
284.649
286.672
286.013
296.196
288.097
271.987
260.049
257.892
255.537
260.024
259.198
252.107
259.417
265.977
250.043
255.644
244.251
228.867
260.86
284.463
254.921
236.123
239.21
222.395
219.843
235.325
210.66
211.448
245.528
255.091
246.426
227.206
207.762
191.98
268.157
224.499
191.761
315.776
261.165
220.299
196.477
197.987
213.851
227.173
237.561
245.072
248.535
250.73
250.463
249.477
249.727
254.517
258.264
301.648
296.967
292.138
291.239
292.5
293.483
294.381
294.712
294.905
295.675
295.144
291.484
287.992
285.526
284.035
284.011
287.49
293.244
296.961
298.359
295.346
286.08
276.178
276.076
285.214
293.075
296.214
297.639
298.236
298.604
299.234
299.857
300.411
300.922
301.201
301.291
301.075
300.601
300.023
299.311
298.596
297.875
297.107
296.393
295.705
295.161
294.675
294.343
294.272
294.44
294.929
295.691
296.566
297.367
298.127
298.833
299.384
299.706
299.836
299.392
298.461
297.38
296.143
295.308
294.741
294.086
292.998
290.997
289.106
288.193
289.058
291.286
292.943
292.476
291.182
291.221
290.716
290.388
289.494
288.473
287.837
288.508
288.097
286.998
287.398
291.01
296.663
298.853
293.802
284.454
280.318
278.757
278.94
278.528
274.573
268.65
267.515
274.184
277.858
272.089
264.649
259.126
254.506
249.281
248.291
256.426
263.759
265.438
266.346
271.035
278.55
281.34
275.878
281.668
282.848
281.151
286.505
282.195
281.831
280.427
269.577
273.841
282.692
282.34
278.496
275.157
271.613
279.389
287.362
283.762
291.63
288.019
274.169
261.53
265.029
263.163
264.716
259.891
251.468
261.78
269.418
249.59
261.09
251.813
226.877
253.689
282.316
264.989
240.352
253.204
227.868
222.458
248.057
218.188
213.687
229.24
231.549
245.699
237.91
217.196
184.688
257.846
230.121
228.775
274.471
284.418
227.358
194.76
196.59
215.218
229.87
239.888
246.403
250.065
253.287
253.335
252.059
250.678
256.133
257.343
301.218
295.358
291.916
294.175
295.104
294.771
294.298
294.318
294.55
294.389
292.764
288.637
285.752
284.25
283.896
285.419
288.265
290.316
290.399
287.401
280.776
277.632
282.661
291.341
296.14
298.054
297.829
297.814
298.265
299.188
300.335
301.421
302.46
302.757
302.69
301.91
300.841
299.438
297.981
296.632
295.326
294.159
293.108
292.232
291.519
290.904
290.47
290.23
290.158
290.369
290.82
291.61
292.705
293.948
295.123
296.25
297.212
297.656
297.942
298.093
297.889
297.666
297.342
297.01
296.792
296.78
297.317
297.703
297.468
296.048
294.499
293.946
294.228
293.72
292.503
292.079
291.786
291.447
291.634
291.65
290.699
289.898
290.07
288.106
285.241
282.701
286.76
292.924
294.865
289.957
287.02
285.34
280.139
271.754
267.675
270.161
275.921
278.315
271.253
263.785
260.659
256.942
253.398
252.442
257.72
264.679
264.672
261.93
265.936
278.398
283.944
278.321
276.814
285.895
283.095
280.869
281.878
276.869
279.747
281.138
278.201
284.216
283.266
276.511
276.196
280.994
277.368
272.378
290.316
289.111
286.452
286.63
273.983
266.284
284.372
277.533
265.795
257.353
251.557
263.884
271.702
257.587
257.957
266.105
236.31
243.805
266.073
265.073
244.984
262.049
232.744
224.41
250.885
230.79
222.398
222.889
222.398
236.869
240.09
249.78
179.079
248.743
228.929
241.8
248.128
290.869
234.538
194.627
196.03
216.541
232.498
242.034
247.818
252.158
256.682
257.771
258.735
257.786
260.347
258.494
300.773
294.795
294.061
296.756
296.084
296.689
296.632
295.973
295.648
296.905
297.374
292.871
288.238
285.218
282.518
281.722
281.856
282.71
283.784
283.309
284.008
288.766
294.407
296.852
297.579
297.604
297.79
298.82
300.5
302.137
303.454
304.003
303.57
302.157
300.012
297.679
295.339
293.167
291.467
290.141
289.209
288.549
288.135
287.892
287.788
287.703
287.572
287.482
287.34
287.248
287.265
287.476
287.817
288.236
288.782
289.539
290.831
292.76
295.059
296.842
297.605
297.757
297.528
297.142
296.775
296.14
295.122
294.232
293.933
293.948
294.207
293.743
292.442
291.296
291.174
290.83
290.54
290.549
290.714
291.289
291.688
291.601
291.636
291.815
292.041
286.581
285.496
289.597
294.431
291.679
286.473
281.591
274.303
271.787
275.748
280.698
281.907
276.623
264.877
260.63
261.138
259.408
257.971
260.548
265.856
268.122
264.577
259.464
267.745
285.728
285.816
274.322
276.708
283.742
278.922
277.674
275.718
271.235
273.52
272.932
273.208
280.025
277.848
272.429
274.801
287.684
277.299
266.84
283.018
288.555
283.824
283.668
272.947
272.402
316.064
304.96
275.402
255.022
256.486
265.969
257.2
239.563
255.332
292.88
258.507
236.941
253.654
262.669
244.859
267.391
243.428
225.303
243.624
236.798
230.914
224.005
225.133
231.611
257.997
328.956
184.46
229.115
230.872
228.726
235.783
293.434
241.634
196.083
196.986
218.374
234.602
243.573
248.72
254.8
261.216
260.635
261.761
261.096
258.643
253.138
300.476
294.997
296.059
299.378
298.597
297.479
294.65
292.877
292.185
293.305
296.136
295.01
291.778
289.589
286.454
286.326
286.063
286.159
287.72
290.098
292.552
295.852
298.198
298.098
298.36
298.795
300.006
301.79
303.111
303.879
303.147
301.677
299.098
296.568
294.017
292.038
290.673
289.704
289.267
289.102
289.311
289.567
290
290.506
290.911
291.335
291.651
291.707
291.443
290.936
290.531
290.405
290.418
290.291
289.915
289.161
288.184
287.518
287.515
288.255
289.442
290.909
292.553
293.52
293.399
293.008
292.902
292.637
292.321
291.407
290.5
289.913
289.85
289.873
289.54
289.639
289.087
288.913
289.027
288.886
288.389
289.466
290.456
290.002
293.985
294.116
288.722
286.898
293.628
298.411
294.451
291.942
287.786
285.235
283.569
285.147
282.64
271.32
260.622
261.923
264.22
263.547
263.198
266.05
268.537
269.704
269.598
263.22
268.848
287.619
284.64
273.752
277.533
281.184
281.179
285.683
284.809
282.522
285.208
283.347
284.083
290.323
289.805
285.13
278.673
276.468
272.235
267.169
270.109
280.315
282.518
285.564
273.193
275.162
308.966
318.358
307.97
265.021
262.753
271.148
258.463
228.921
274.796
313.895
285.636
237.057
247.179
260.43
243.973
269.173
264.443
234.658
238.829
241.248
235.722
225.976
231.769
226.421
281.353
356.127
212.315
218.787
224.42
226.778
234.986
293.947
248.138
197.519
198.105
219.966
236.153
244.563
248.745
255.73
262.923
259.416
260.338
257.268
253.174
249.805
300.732
295.81
294.706
294.473
294.018
295.39
296.265
296.315
294.328
293.176
296.828
298.917
296.116
295.2
292.074
290.828
291.262
292.429
293.321
294.876
296.442
297.745
297.681
298.245
298.873
300.452
301.953
303.122
303.027
301.937
299.97
297.626
295.254
293.371
291.823
290.752
289.909
289.393
289.27
289.428
289.802
290.302
290.761
291.337
291.88
292.351
293
293.705
294.11
293.799
292.999
292.458
292.684
293.605
294.131
293.549
291.714
289.22
286.987
285.886
285.689
285.873
286.526
287.201
288.216
288.778
289.296
289.163
289.11
289.091
289.551
289.859
289.307
288.651
287.89
286.902
286.327
285.718
285.335
287.244
287.434
287.154
289.916
288.208
289.025
294.952
292.84
284.97
284.883
293.861
297.126
296.874
292.855
288.089
281.545
280.727
277.919
266.901
260.07
265.101
267.51
266.847
266.632
267.025
267.503
270.848
277.143
275.088
273.306
283.615
280.782
274.087
276.08
279.865
286.642
292.382
290.477
289.509
292.651
292.031
296.426
302.776
303.937
298.644
290.442
270.746
277.218
266.181
274.719
284.402
278.79
287.164
264.205
282.779
278.921
288.21
315.202
282.047
267.756
278.335
275.085
250.613
288.112
293.946
282.862
249.043
256.144
259.705
254.059
274.621
278.78
252.563
242.011
250.604
242.485
228.497
242.66
220.92
279.754
298.284
247.918
225.546
215.369
228.928
235.967
289.154
251.012
198.544
200.965
222.922
237.906
244.684
247.969
254.674
259.348
255.17
255.927
250.119
245.48
246.152
302.006
298.31
295.712
298.919
302.307
302.805
301.936
300.623
298.029
294.106
294.373
299
297.751
295.703
295.585
294.777
295.276
295.427
296.622
297.633
298.007
298.198
298.688
299.618
300.779
302.006
302.901
302.508
301.47
299.492
297.096
294.463
292.315
290.752
289.291
288.22
287.481
287.625
288.026
288.786
289.704
290.855
292.06
293.048
293.743
293.933
293.918
294.321
295.313
296.104
295.499
293.889
292.826
294.131
297.166
299.468
298.33
295.097
291.777
289.421
287.617
286.343
285.367
284.515
285.105
285.351
286.127
286.341
286.629
286.739
286.634
286.25
286.737
286.929
286.707
286.608
285.953
286.349
285.239
285.025
287.254
287.025
289.123
290.88
288.371
291.702
295.434
291.774
287.385
288.145
290.848
292.778
290.493
290.318
285.762
282.521
275.602
264.317
260.864
268.644
269.873
269.494
268.983
266.676
264.411
268.143
281.55
288.344
283.412
283.236
280.416
277.824
278.529
283.09
292.193
295.739
295.175
296.695
298.394
296.659
298.788
296.965
297.792
293.429
290.947
281.802
286.28
265.496
284.933
295.132
281.642
290.77
260.89
282.759
292.596
284.93
296.718
289.164
269.684
281.755
289.057
277.097
293.322
284.047
270.155
262.062
270.113
258.857
267.039
281.289
271.702
263.001
250.771
259.194
252.824
233.497
258.064
220.866
262.368
259.94
266.034
232.29
211.864
229.038
236.732
280.688
249.187
197.659
203.909
225.69
239.844
244.371
246.976
254.011
253.471
248.937
248.392
244.358
242.669
246.592
302.511
300.594
302.282
304.097
301.859
300.972
300.521
299.932
300.218
298.614
293.489
294.537
299.849
296.761
297.523
296.373
297.557
297.438
298.348
298.146
299.233
299.778
300.671
301.576
302.533
302.807
302.357
300.691
298.272
295.556
293.229
291.685
290.613
289.445
288.207
287.67
287.966
288.973
289.858
290.694
291.785
293.327
295.165
297.084
298.507
299.223
299.163
298.786
299.02
300.188
301.01
300.122
297.542
296.434
298.059
301.225
301.902
299.239
295.769
293.653
291.978
291.085
290.536
290.13
290.411
289.923
290.164
289.669
289.124
288.445
288.095
288.215
287.759
287.697
286.548
286.572
285.666
284.944
285.222
284.093
283.549
286.001
286.121
289.73
289.47
288.315
291.828
294.554
292.624
290.743
291.739
296.052
296.646
299.524
294.604
287.355
276.376
264.201
261.449
271.346
271.054
270.571
269.432
268.206
265.304
262.92
275.039
291.75
291.124
285.153
282.089
279.915
280.358
286.649
294.645
298.325
302.04
304.33
302.162
299.492
298.469
294.711
297.233
290.751
291.178
301.091
291.453
269.539
268.471
283
279.637
291.679
283.364
287.386
307.242
309.327
295.62
288.378
269.52
280.021
289.211
283.741
294.693
294.491
282.521
275.147
274.239
263.001
273.379
271.673
252.22
261.892
258.394
262.94
256.598
239.056
262.888
223.231
245.544
244.192
267.198
232.311
210.001
231.411
240.319
271.026
242.242
195.86
209.139
228.77
242.03
244.655
246.438
253.788
247.699
241.332
240.906
240.618
245.83
254.341
303.428
302.943
302.478
301.509
301.714
301.766
301.576
301.675
301.594
302.251
302.881
294.53
299.029
300.222
295.751
297.384
299.004
298.632
298.476
299.523
299.888
300.292
300.854
301.387
301.494
301.102
299.92
298.292
296.464
294.822
293.451
291.698
289.468
287.293
286.341
286.934
287.864
288.499
288.362
288.496
289.208
290.754
292.786
295.29
297.46
298.866
299.726
299.944
299.381
298.905
298.894
299.854
300.922
300.515
299.36
300.059
302.042
303.388
302.063
298.1
295.045
294.579
294.905
295.987
296.636
296.912
297.113
296.718
296.618
296.128
296.263
295.605
294.819
295.484
294.294
293.187
291.236
290.173
287.081
286.887
282.893
282.054
281.284
282.994
286.454
286.829
287.341
292.685
292.541
289.856
288.647
290.677
292.153
297.498
297.419
290.665
277.216
264.671
261.062
272.341
272.07
272.58
269.991
268.995
267.154
263.331
266.161
282.196
290.39
286.114
282.187
279.721
279.297
285.777
292.067
295.695
301.111
303.159
299.985
298.876
296.193
291.598
288.114
279.313
280.091
289.046
287.505
280.876
256.245
274.629
276.59
282.519
293.437
291.8
289.811
304.439
297.15
284.267
270.009
278.905
285.417
281.308
283.632
286.151
288.497
283.088
274.944
270.525
271.278
254.978
237.456
249.744
253.571
259.992
252.214
244.078
256.879
228.175
238.236
237.681
261.047
230.456
209.156
235.565
243.605
260.241
232.531
195.257
216.088
232.026
244.16
246.983
246.909
255.207
243.666
233.761
235.476
239.529
250.754
263.569
303.62
303.51
303.107
303.052
301.965
300.979
300.636
299.251
297.885
296.318
298.33
300.932
299.954
300.596
297.232
298.182
298.305
299.247
299.323
299.466
300.258
301.174
301.626
301.695
301.063
299.795
298.047
295.766
293.472
291.41
289.95
288.75
288.182
288.075
288.514
288.663
288.261
287.734
287.244
287.308
288.225
289.553
291.612
295.023
299.06
301.424
301.989
302.199
302.418
302.532
302.043
300.743
300.162
300.278
299.798
298.399
298.278
299.52
301.573
304.012
303.859
301.483
300.278
300.459
299.414
298.996
298.728
297.721
298.547
298.061
298.304
299.25
299.186
300.417
299.698
300.651
297.398
297.163
294.615
293.111
290.425
286.289
283.332
280.675
280.335
284.937
285.449
288.243
291.992
293.464
290.502
288.216
286.838
291.38
298.897
296.192
280.628
266.586
260.383
271.852
272.747
272.874
272.198
272.254
269.83
265.348
264.558
274.308
284.175
284.572
281.904
282.655
284.337
289.74
293.792
296.482
301.227
302.849
300.009
298.947
297.849
294.542
290.303
289.097
290.191
285.241
291.219
281.101
256.594
279.062
283.578
275.632
292.522
293.644
281.091
294.314
301.546
290.736
274.121
274.687
276.165
276.67
282.673
285.024
284.389
279.338
273.131
272.045
268.471
252.029
236.285
234.528
242.808
251.838
240.838
246.481
250.242
232.625
238.137
237.636
254.617
230.164
210.61
239.885
245.868
249.689
221.425
196.641
224.062
236.949
247.228
251.936
248.359
255.678
241.468
233.394
235.491
242.801
249.358
261.105
303.48
303.324
302.834
302.793
302.642
302.604
302.925
302.029
300.373
301.014
299.806
298.745
296.363
297.836
297.668
299.276
299.242
297.968
299.052
299.931
300.357
301.082
301.506
301.308
300.618
299.186
297.76
296.154
294.824
293.448
292.157
290.213
287.918
285.84
284.99
285.426
287.16
288.238
287.773
287.213
287.754
287.504
286.451
286.958
290.578
295.585
298.945
300.036
300.512
300.776
301.724
302.633
302.167
301.587
302.901
302.579
299.154
296.995
297.925
301.071
303.031
302.617
300.301
298.284
296.873
295.779
295.576
294.664
294.498
295.176
294.771
295.432
294.746
296.97
297.55
299.214
300.739
299.444
299.408
297.189
296.716
294.131
288.141
285.716
280.104
280.752
283.986
286.252
285.841
289.595
293.168
293.001
289.326
285.746
295.375
299.99
286.828
269.568
260.509
269.075
275.76
272.02
272.245
274.805
275.9
269.708
265.554
271.231
279.653
282.546
283.097
284.105
283.926
285.054
286.665
291.156
296.9
301.633
302.002
297.274
294.854
292.534
294.51
295.32
288.764
286.796
296.482
290.043
257.862
270.461
283.041
277.087
290.299
295.151
281.394
288.473
307.713
310.891
296.65
287.8
283.112
283.685
288.044
287.924
283.927
274.215
265.53
263.493
261.102
251.937
241.06
232.634
238.856
242.089
228.19
248.101
249.835
235.545
240.553
241.108
249.989
232.074
213.764
242.953
247.539
239.798
211.221
200.266
231.328
242.99
250.387
256.813
252.614
252.17
237.921
239.236
241.313
250.144
247.363
249.996
303.312
303.373
303.285
303.315
303.181
302.38
301.413
299.048
297.167
296.934
299.211
300.709
297.885
296.72
296.286
298.34
300.871
299.356
298.488
299.341
300.095
300.684
301.035
300.672
299.944
298.503
296.592
294.585
292.872
291.816
291.643
291.205
290.493
289.525
288.324
287.358
287.104
287.059
286.851
286.68
286.305
286.827
287.639
286.377
285.494
288.954
294.727
297.85
299.348
300.107
300.338
300.532
301.202
300.306
300.152
302.998
303.232
300.312
297.62
298.057
298.35
296.133
293.639
291.556
290.356
289.956
289.866
289.647
289.902
291.147
292.868
294.325
295.413
295.431
298.066
296.358
298.394
295.351
294.29
294.923
295.1
299.955
296.332
292.121
286.734
281.067
278.697
285.672
287.318
285.099
287.228
291.065
294.408
285.357
289.42
299.223
295.663
274.544
263.072
264.862
275.942
273.628
272.263
275.109
278.566
276.584
270.878
270.725
276.454
279.654
283.147
283.022
282.134
283.986
286.724
289.573
295.896
299.292
302.155
300.167
300.297
300.335
303.214
299.429
294.026
277.974
283.955
292.651
263.156
260.268
277.658
275.546
285.05
289.23
278.827
282.37
302.302
311.619
306.418
298.921
294.177
290.469
288.78
288.958
281.649
265.908
259.402
254.499
252.585
247.185
233.019
231.609
238.627
232.122
221.327
248.78
251.28
238.469
243.467
244.905
246.159
235.089
217.152
245.472
249.179
231.473
203.533
204.505
236.946
250.123
253.834
258.372
258.046
247.981
232.183
241.233
246.579
258.461
247.067
252.829
303.107
303.235
302.787
302.102
301.662
301.007
299.88
297.935
297.931
297.789
298.359
300.034
298.685
296.987
295.589
296.161
299.304
300.722
300.042
299.634
299.756
300.005
300.297
300.123
299.399
298.22
296.389
294.365
292.331
290.637
289.613
289.122
288.709
288.125
287.712
287.161
286.8
287.167
286.991
286.611
286.871
286.003
284.918
287.422
288.565
285.307
286.458
291.604
295.799
297.704
299.886
300.989
301.443
302.655
301.882
301.61
302.474
301.33
299.384
297.531
295.305
292.334
290.865
290.174
289.426
288.931
288.146
285.891
285.504
283.8
285.608
287.31
292.018
293.094
296.308
296.726
298.412
299.398
292.65
292.506
290.811
294.005
300.523
297.811
291.47
289.178
280.21
279.47
285.488
287.202
287.112
286.803
295.013
289.163
285.967
294.159
301.779
282.793
266.102
264.312
272.697
274.906
273.268
276.46
279.456
280.355
277.758
274.614
275.441
277.599
281.224
281.887
283.688
288.266
294.474
295.452
298.046
298.887
303.768
304.898
303.799
304.171
307.563
300.388
304.885
285.389
291.751
297.508
268.988
260.376
280.454
276.521
281.982
283.92
275.053
277.265
293.599
306.758
305.177
298.654
291.239
286.182
284.684
283.433
272.497
259.658
254.238
242.604
251.11
259.018
235.319
230.877
239.832
227.838
220.52
246.152
249.151
241.645
246.405
246.931
242.683
236.567
219.91
246.699
251.004
224.93
198.531
209.34
239.453
255.001
257.184
257.256
260.451
246.278
230.907
245.372
248.116
261.86
249.155
260.618
302.787
302.637
302.255
301.674
301.256
300.562
299.111
296.736
297.95
300.446
300.14
300.241
298.902
297.152
295.678
295.102
296.91
299.127
300.003
300.171
300.094
299.957
299.873
299.883
299.574
299.245
298.347
297.129
295.438
293.675
291.911
290.551
289.617
288.837
288.539
288.127
287.231
286.601
286.78
287.288
286.278
286.566
287.111
284.503
285.022
288.466
288.267
285.01
286.739
291.728
295.313
298.131
300.038
301.052
301.352
301.186
301.634
301.629
299.767
296.377
293.284
291.189
290.74
292.043
293.592
293.546
293.184
290.997
288.831
285.777
283.319
282.59
284.158
288.28
289.206
294.16
292.932
300.068
298.569
294.756
296.028
291.819
296.179
302.442
294.462
292.091
287.389
280.55
281.124
284.415
288.399
285.343
291.357
292.459
287.347
291.777
302.394
294.146
270.125
265.587
269.912
273.962
273.58
276.617
281.215
281.285
281.856
280.593
278.394
278.323
279.458
281.306
285.605
290.574
295.727
298.061
300.223
300.216
303.492
305.549
304.987
306.512
311.672
304.254
303.494
283.777
284.555
296.002
270.694
259.603
279.728
279.818
283.075
280.583
270.022
272.803
291.392
303.535
307.574
304.966
296.702
286.839
280.794
276.186
267.182
258.024
251.208
242.474
254.767
268.098
241.863
231.387
239.301
227.396
221.83
241.076
244.709
244.403
248.721
247.369
241.322
235.878
221.156
245.814
253.638
220.442
197.103
216.106
239.621
255.421
258.851
256.958
258.856
245.775
235.141
254.773
251.547
261.159
252.444
261.623
302.647
302.531
302.819
302.515
302.161
301.26
299.81
296.567
295.869
299.87
300.341
299.512
298.374
296.724
295.153
294.016
294.569
296.108
298.099
299.17
299.717
299.882
299.851
299.818
299.624
299.48
299.028
298.692
297.916
297.234
296.101
295.31
294.342
293.406
292.31
290.994
290.658
289.236
287.656
288.278
287.949
285.607
286.581
287.974
285.888
284.538
287.424
288.842
286.773
286.39
290.359
295.839
299.129
301.027
301.463
301.901
301.375
300.814
299.79
296.978
293.052
290.999
292.412
293.734
294.561
295.378
292.996
290.851
287.704
286.307
284.22
283.68
281.26
286.048
287.766
294.639
292.869
292.481
298.433
296.492
298.284
298.267
295.37
302.37
299.951
293.951
290.519
283.95
282.369
283.136
287.656
285.47
288.947
294.437
287.642
289.144
299.001
303.206
277.12
267.625
270.086
272.668
272.698
274.876
282.584
283.035
282.588
283.738
281.78
281.135
279.74
281.673
287.286
289.797
292.544
296.378
300.964
303.487
305.312
302.838
303.216
304.553
311.705
297.956
307.1
289.699
284.566
298.864
278.383
261.171
275.633
280.35
283.711
273.039
265.194
272.431
290.006
290.199
293.453
298.1
294.572
285.303
277.208
270.924
265.255
255.572
255.543
256.354
258.559
268.872
247.984
231.575
235.488
227.391
223.866
236.335
239.983
244.036
249.566
246.607
241.458
234.159
221.047
243.887
258.072
217.976
198.738
224.221
240.455
252.975
255.939
254.636
253.803
245.354
241.149
260.042
257.834
261.82
252.886
257.435
302.615
302.606
302.775
302.285
302.347
301.829
300.893
297.945
295.438
298.605
300.218
298.896
298.264
297.043
295.414
294.233
294.08
294.921
296.309
297.667
298.881
299.531
299.822
299.938
299.982
299.791
299.616
299.44
299.078
298.709
298.142
297.598
296.687
296.642
296.472
295.627
295.141
295.476
293.671
291.152
291.594
289.115
286.589
287.39
288.823
286.037
284.425
287.88
289.801
287.941
286.909
289.82
293.747
298.25
300.516
301.845
302.189
300.704
299.425
296.525
293.048
292.715
294.338
295.746
294.67
295.111
295.239
293.374
287.646
284.166
281.75
281.904
280.883
282.417
284.224
288.343
294.496
293.74
296.305
297.076
295.818
297.587
294.238
299.659
301.257
294.186
292.828
286.698
282.673
282.096
288.535
287.712
286.195
295.006
289.589
287.84
295.444
307.269
285.284
268.643
270.543
272.826
272.095
272.034
280.852
285.907
283.553
284.401
283.534
283.492
280.482
281.57
287.247
288.357
290.066
294.747
302.111
307.096
308.931
305.369
304.479
301.481
307.944
297.306
304.388
290.918
285.17
297.403
275.868
261.055
276.795
281.548
284.103
267.724
260.843
272.441
287.565
283.027
285.043
292.51
288.504
279.063
273.348
265.171
261.806
251.642
260.688
268.31
258.938
264.521
254.825
234.85
232.985
227.09
226.092
232.366
235.716
241.114
248.121
244.741
241.12
233.724
221.018
240.749
263.456
217.367
202.219
231.816
243.651
251.763
253.103
251.535
247.283
243.152
245.089
258.569
263.098
260.738
252.847
253.589
302.327
302.443
302.641
302.279
302.392
301.67
300.493
298.398
295.582
295.828
299.325
298.5
297.391
296.606
295.59
294.378
293.522
293.239
293.472
294.806
296.126
297.218
298.104
298.713
299.055
299.168
299.361
299.305
299.262
299.184
299.236
299.226
298.843
298.06
297.908
297.856
296.639
296.631
298.043
296.63
295.94
295.713
293.689
289.935
289.833
290.4
287.673
286.384
288.094
290.108
288.334
287.385
288.724
293.737
298.36
300.035
301.1
300.251
298.877
296.936
293.9
292.442
295.154
297.496
295.97
294.932
294.356
294.736
291.227
286.312
282.82
280.775
280.103
280.689
284.71
285.96
290.779
292.046
294.4
296.7
295.695
298.849
294.713
296.882
301.292
294.834
293.885
289.614
286.252
283.93
288.081
290.224
285.93
295.319
292.718
287.761
291.925
306.139
295.494
271.645
270.129
274.421
272.417
269.837
276.715
286.808
286.64
285.513
284.461
284.909
281.19
281.24
285.326
286.143
288.654
293.945
300.621
306.534
312.063
310.274
310.442
306.135
309.807
295.909
304.906
293.475
281.25
296.871
280.078
261.029
276.577
284.35
281.778
262.434
259.268
275.285
288.607
277.061
277.943
288.841
287.092
275.389
271.393
266.697
260.516
247.394
261.307
279.746
268.394
265.001
260.821
241.553
234.956
229.359
227.742
229.279
232.34
236.179
244.776
243.602
240.012
234.451
221.965
237.934
270.459
218.322
204.834
235.741
248.811
252.297
253.457
252.787
242.224
239.147
245.926
254.864
266.003
257.03
253.868
252.2
302.317
302.372
302.344
302.141
302.362
302.245
301.508
299.807
297.036
294.165
297.491
298.696
296.834
295.316
294.323
292.804
291.862
291.374
291.884
292.56
293.804
295.042
296.013
296.796
297.139
297.428
297.398
297.086
296.78
296.915
296.821
296.529
297.778
297.492
297.043
298.052
298.294
296.309
296.522
297.314
296.576
296.451
298.422
296.703
293.078
293.124
292.924
290.18
287.288
289.92
290.625
288.232
286.747
288.965
294.504
297.867
300.17
300.744
299.537
297.33
294.441
293.701
294.852
297.504
297.465
294.392
293.38
291.98
290.049
286.093
282.882
281.358
280.772
278.919
282.184
284.758
290.821
292.917
294.316
296.165
294.548
298.294
296.408
295.769
300.811
295.118
294.68
292.435
289.135
286.436
288.652
292.811
286.501
294.133
295.264
288.672
290.43
302.095
305.493
278.131
268.968
275.556
274.791
268.958
271.715
283.233
289.083
288.401
286.204
286.151
282.086
281.212
283.341
282.612
285.677
291.89
301.262
302.343
309.561
313.339
316.2
308.174
310.339
292.363
298.303
293.692
283.601
294.173
278.615
263.875
278.864
287.007
278.446
256.725
258.768
279.281
289.487
274.296
270.581
282.813
283.35
273.122
270.455
276.9
266.886
249.295
260.785
285.28
275.341
264.934
264.97
253.511
243.825
235.529
229.56
226.177
229.853
232.417
239.726
241.049
239.446
235.816
223.245
233.654
276.73
221.781
206.551
235.092
252.463
253.773
257.339
260.044
243.611
237.494
247.906
253.184
265.803
252.645
256.947
253.311
301.731
302.138
301.879
301.799
301.85
301.51
301.097
300.058
298.415
294.825
294.175
297.151
296.857
295.352
293.713
292.527
292.268
292.221
292.538
292.65
293.437
294.035
294.509
294.67
294.593
294.36
293.8
293.319
292.671
292.812
293.134
291.708
293.008
293.657
292.627
292.573
294.876
294.95
294.222
295.347
296.114
294.481
295.521
298.366
296.721
294.852
295.418
295.309
291.091
289.661
290.986
290.799
288.694
287.122
290.265
294.284
297.734
299.78
299.528
298.452
295.089
294.076
294.196
296.128
297.632
293.904
294.266
294.862
290.817
285.813
282.964
281.398
281.306
280.436
281.87
282.958
287.157
290.716
293.348
296.328
295.06
296.69
297.774
294.452
299.967
296.29
295.039
295.67
293.984
291.165
289.971
295.696
288.597
292.543
296.837
289.842
289.756
297.772
310.873
287.797
269.694
273.833
278.246
271.011
268.687
276.843
287.797
290.18
288.937
288.312
283.783
282.244
282.363
280.453
281.199
285.789
299.649
298.619
303.266
310.321
314.276
306.183
304.596
288.333
296.616
293.421
280.857
295.218
280.23
261.984
278.085
288.866
275.112
255.437
260.243
281.965
289.212
274.167
268.422
281.743
282.43
271.005
272.966
282.382
272.525
257.083
262.551
286.931
283.305
265.755
263.686
263.862
257.441
246.079
232.266
224.879
228.852
228.981
235.801
238.814
241.544
235.915
223.083
229.103
280.455
228.409
207.363
230.262
252.424
254.049
260.174
268.183
251.164
239.39
251.147
250.818
262.062
251.044
261.228
254.703
301.801
302.04
301.695
301.586
301.991
301.879
301.647
300.751
299.359
297.203
294.025
294.405
295.854
295.887
294.544
293.801
293.555
293.158
292.121
291.874
291.63
291.524
291.529
291.065
291.186
291.258
290.816
291.709
292.418
292.013
292.901
291.485
290.876
291.663
291.533
289.503
289.836
290.7
290.241
290.09
292.563
292.992
291.338
294.178
296.007
295.03
294.859
296.955
295.71
291.794
290.816
291.885
291.786
288.713
287.371
290.084
294.492
297.245
298.911
299.793
296.775
294.934
293.7
295.156
296.415
293.405
294.092
294.602
291.522
285.937
282.69
281.895
281.162
280.511
280.842
283.612
287.329
291.227
292.78
294.659
295.577
295.24
299.047
294.803
299.169
298.038
295.912
297.837
296.639
294.859
291.236
297.493
291.535
291.497
298.116
291.677
289.445
294.502
310.702
298.15
274.022
271.342
279.75
274.883
268.712
271.297
282.428
288.572
290.452
290.292
286.165
284.387
283.025
280.763
279.246
278.466
294.024
295.618
296.2
305.004
308.998
299.48
302.342
286.619
291.286
295.682
282.639
290.08
279.6
266.861
282.29
292.649
273.243
254.811
263.394
285.342
289.659
273.095
264.285
279.843
281.194
267.091
278.648
281.27
270.938
264.058
265.732
284.64
287.529
269.839
263.061
269.531
269.132
257.154
238.198
225.352
229.444
228.513
232.714
234.444
243.793
237.215
222.948
224.785
279.581
237.725
209.959
224.744
247.287
250.757
259.914
273.627
259.986
242.77
254.497
246.538
257.631
253.769
263.847
255.543
301.554
301.843
301.581
301.375
301.563
301.758
301.085
300.589
299.916
298.428
295.913
293.554
293.782
294.561
294.415
294.244
293.579
292.436
290.864
290.39
290.105
290.244
290.533
291.271
292.711
293.449
293.856
296.576
298.138
296.323
296.798
296.31
294.354
293.789
294.833
293.504
291.658
291.433
290.952
288.491
288.642
290.926
289.142
289.311
292.415
293.732
292.745
294.352
296.73
294.921
292.278
291.998
293.12
291.946
288.393
287.567
290.911
293.896
296.934
299.978
299.101
296.251
294.405
294.968
295.417
293.849
295.433
293.378
286.778
282.581
280.913
281.697
282.085
282.562
281.934
283.179
284.923
289.568
293.111
294.842
296.744
294.329
298.84
294.929
298.396
298.877
296.297
298.453
297.356
296.342
292.216
297.613
294.064
290.434
298.783
293.821
289.787
292.542
307.053
306.942
281.49
270.222
277.816
279.048
271.647
268.816
276.473
283.219
288.164
290.584
287.195
286.367
284.336
282.045
280.762
274.47
286.279
290.42
289.443
297.284
301.247
295.264
298.319
284.786
290.624
292.987
280.991
292.566
279.252
265.794
282.352
293.94
272.906
255.61
267.561
286.748
286.891
273.704
262.745
280.14
281.794
266.644
278.333
281.881
268.342
264.742
266.862
281.554
288.435
272.03
261.992
269.585
275.866
265.625
245.09
229.625
231.993
228.097
231.616
232.473
244.731
241.66
222.893
222.129
276.106
249.208
214.482
218.911
239.584
244.898
256.479
274.678
267.119
247.081
254.725
245.218
257.537
259.548
262.722
254.565
300.614
301.76
301.171
301.187
301.457
301.705
301.229
300.675
300.379
299.538
297.995
295.188
293.393
293.005
292.91
292.878
292.123
291.003
290.708
290.302
291.201
292.029
293.08
295.176
296.929
297.459
298.778
301.223
301.799
299.506
299.825
300.551
299.318
297.617
298.719
299.113
296.927
295.738
295.766
293.665
290.532
291.57
290.614
288.054
289.101
291.715
291.615
291.24
294.253
296.085
294.293
292.47
292.679
293.771
291.315
287.976
288.402
290.426
293.366
297.537
300.112
297.727
296.081
295.87
295.54
294.83
294.033
292.498
286.8
282.785
282.297
283.406
283.078
282.444
282.032
284.493
286.236
289.409
292.25
293.307
296.863
294.295
298.81
295.519
297.467
299.273
296.072
298.43
297.489
296.734
292.828
296.957
296.509
290.017
298.592
296.133
290.268
291.768
302.84
311.657
290.538
272.689
274.104
280.263
275.839
269.853
273.008
277.996
283.542
288.564
286.476
287.242
285.336
282.695
283.736
275.032
281.393
286.791
283.404
290.755
294.883
288.206
296.363
282.648
285.95
296.652
281.362
287.351
280.088
269.989
284.998
296.302
274.271
257.152
271.714
287.043
284.827
273.467
261.212
280.958
284.867
270.262
272.608
291.642
274.446
265.309
265.682
277.344
287.876
275.008
263.028
267.726
276.583
269.884
252.247
235.319
235.868
230.014
231.142
229.714
241.478
250.408
226.368
222.852
272.153
261.155
222.433
216.062
231.719
237.236
252.4
271.808
274.598
253.267
250.897
254.279
260.448
261.028
256.817
252.831
300.695
301.161
300.432
300.866
301.533
301.701
301.023
300.646
300.445
299.796
299.301
297.163
294.813
293.254
292.594
291.991
291.632
291.536
292.595
292.345
294.396
295.621
297.056
298.794
299.72
299.799
301.087
302.162
302.325
300.338
299.728
300.987
301.465
299.698
299.703
300.967
299.472
298.132
299.253
299.367
295.93
294.531
294.009
290.703
288.615
290.333
291.339
290.002
291.061
294.424
295.441
293.42
292.362
294.101
293.849
290.557
288.375
288.287
289.068
293.294
297.693
296.741
296.665
295.877
294.845
294.765
292.462
289.153
284.496
282.614
282.795
284.243
284.993
284.53
283.889
284.526
286.102
289.073
293.263
293.636
297.119
294.244
297.449
296.153
296.4
299.827
296.425
298.415
297.924
297.492
293.93
296.291
298.686
290.651
297.346
298.411
291.433
291.176
299.775
313.018
299.358
278.883
272.158
278.661
279.209
272.718
272.604
274.96
278.824
285.856
284.319
287.059
286.141
282.601
285.963
278.63
280.498
285.846
281.007
285.512
290.311
284.316
291.399
282.326
286.116
293.95
280.468
288.201
279.517
270.815
285.6
298.181
276.971
257.761
274.505
286.018
283.284
274.92
262.166
283.738
286.414
271.224
269.075
300.515
286.625
268.54
265.829
276.311
286.416
275.896
264.589
266.321
274.91
271.099
257.695
242.676
239.565
230.723
231.503
230.276
237.664
258.203
232.923
226.944
269.161
271.973
232.024
216.145
225.737
230.666
248.13
266.108
281.673
261.397
250.188
269.467
257.582
254.341
248.408
254.931
300.877
300.291
300.568
301.269
301.525
301.571
301.11
301.003
300.638
299.972
299.939
298.643
296.634
294.56
293.599
292.784
292.909
293.374
295.058
295.136
297.503
298.344
299.473
300.04
300.46
300.344
300.918
301.042
302.309
302.159
300.381
300.303
301.743
300.934
299.956
301.248
299.945
297.993
299.705
302.347
300.829
298.405
297.917
294.682
290.404
290.139
291.372
290.573
289.358
291.725
294.98
294.157
292.272
293.081
294.558
292.722
290.25
288.847
287.338
289.593
294.182
295.16
294.918
294.395
293.783
292.124
289.076
287.95
284.111
281.576
282.878
284.914
286.193
284.159
284.338
285.651
287.912
289.086
292.894
293.177
296.865
295.108
296.67
297.305
295.411
299.658
296.636
298.38
298.379
298.057
295.201
295.675
300.336
291.973
295.724
299.936
292.965
291.067
297.446
311.648
306.159
286.944
273.37
276.116
280.246
276.315
274.622
275.104
276.09
283.009
282.055
285.646
286.814
282.321
287.625
282.211
282.181
287.692
280.232
284.395
287.737
280.627
291.65
280.592
283.528
296.739
279.44
285.23
280.653
273.662
286.98
300.262
281.583
259.476
274.774
284.251
281.987
276.315
265.361
285.865
284.923
261.793
275.861
303.439
294.088
269.722
268.006
278.115
284.945
275.784
265.944
265.377
271.329
270.128
262.538
248.569
242.426
233.139
232.893
229.962
233.187
261.731
243.637
234.404
267.699
279.557
242.045
219.593
222.718
225.335
244.991
262.529
285.428
266.646
257.044
273.953
245.235
245.537
244.355
263.667
300.899
300.101
300.249
300.826
301.427
301.556
301.195
301.295
300.904
300.308
300.185
299.752
298.429
296.414
295.343
294.574
294.836
295.836
297.564
297.598
299.381
299.719
300.594
300.728
301.06
301.008
300.905
299.874
300.521
302.351
301.461
300.298
301.515
301.717
300.205
301.498
301.287
298.197
298.363
301.74
302.668
301.185
301.295
299.314
294.065
291.253
291.154
291.53
289.713
289.67
293.442
294.676
293.031
292.086
293.417
293.766
292.976
290.934
287.416
286.832
290.045
291.347
291.123
291.346
290.249
288.524
286.263
285.876
284.032
282.672
284.588
286.551
288.6
286.597
286.119
286.113
288.6
289.927
293.83
293.968
296.331
295.774
295.505
298.09
294.939
299.58
296.996
298.23
298.311
298.522
296.264
295.432
301.028
294.177
293.877
301.494
294.689
290.978
296.105
308.974
310.92
295.865
278.117
274.538
278.987
278.263
277.535
277.562
276.54
282.014
280.11
283.554
287.561
282.374
288.1
284.763
284.629
290.296
281.758
283.989
287.728
279.976
289.481
281.535
283.359
294.793
278.75
284.702
281.538
275.53
286.948
302.587
287.973
261.179
273.63
282.88
281.155
277.419
270.084
285.107
281.425
251.773
282.8
303.108
290.164
267.453
271.616
282.309
283.148
274.454
267.224
265.414
268.075
267.95
266.233
253.975
244.414
234.336
233.79
231.216
231.114
260.757
255.688
243.593
266.335
284.049
250.969
225.325
222.737
223.496
242.027
262.15
281.097
264.65
268.936
264.293
232.458
242.502
249.493
278.081
300.679
300.234
300.591
301.001
301.34
301.245
301.067
301.406
301.17
300.829
300.258
300.023
299.481
298.545
297.604
296.965
297.179
298.059
299.342
299.295
300.324
300.48
300.905
300.774
300.702
300.902
301.55
301.108
300.414
301.839
301.941
300.6
301.151
301.972
300.495
300.873
302.212
299.775
297.958
299.809
301.872
301.033
301.445
302.746
299.027
294.218
291.854
292.21
290.79
288.537
290.993
293.836
293.634
292.425
292.105
292.326
293.764
294.136
289.999
286.924
288.353
288.363
287.26
287.743
286.712
285.358
284.617
285.655
284.742
283.637
286.513
288.699
290.275
287.257
286.854
287.584
290.234
290.959
293.777
294.658
296.067
296.984
295.104
298.322
294.686
298.649
297.267
297.967
298.166
298.978
297.283
295.575
300.821
296.941
292.559
301.457
297.725
291.047
294.683
305.72
313.316
304.33
285.5
275.834
277.179
279.167
279.495
280.686
279.278
282.748
279.695
281.201
287.657
283.841
289.178
285.847
286.868
292.263
281.305
285.346
287.048
279.02
291.336
279.695
281.837
295.894
276.993
282.878
282.57
277.988
288.064
305.031
295.622
263.762
272.069
281.667
280.132
278.697
275.002
283.397
274.719
256.213
296.661
296.908
278.362
268.46
276.783
286.914
281.183
272.279
267.331
265.328
264.563
265.203
269.016
258.946
247.223
239.045
237.809
232.865
229.169
256.681
266.509
251.85
263.759
283.42
258.204
232.583
224.274
224.487
241.163
265.496
269.924
263.908
279.352
250.209
227.594
248.362
263.625
294.075
299.688
299.674
299.972
300.435
300.606
300.859
300.956
301.363
301.356
301.237
300.849
300.463
300.135
299.694
299.174
298.834
298.976
299.458
300.011
300.23
300.711
300.59
300.875
301.177
300.965
300.7
301.138
301.626
301.134
301.456
301.996
301.227
301.277
301.895
300.89
300.078
302.018
301.623
298.936
298.961
301.184
301.241
299.72
301.804
302.084
298.533
294.42
293.399
293.05
289.342
288.839
291.616
293.635
294.033
292.158
290.201
291.538
294.105
292.475
290.139
289.656
288.292
286.722
286.627
285.681
284.976
285.635
287.103
287.263
285.963
287.666
288.516
290.32
288.568
287.632
288.435
290.993
293.008
294.461
295.994
295.85
297.941
295.097
297.868
295.347
297.713
298.15
297.86
298.34
299.06
298.556
295.698
300.612
299.061
292.771
299.748
300.683
292.164
293.103
302.636
312.368
311.648
294.838
279.939
275.857
278.802
280.075
282.743
281.098
285.564
280.018
278.458
286.013
284.579
290.601
286.469
287.359
291.969
280.852
285.028
288.421
279.325
290.923
280.695
281.482
293.24
275.687
283.005
285.447
280.544
287.913
309.533
303.7
265.71
270.911
281.428
279.326
278.436
279.679
282.924
276.245
269.229
305.042
287.495
274.67
278.431
282.435
289.709
278.314
269.833
267.408
265.627
261.638
262.769
270.926
264.971
253.142
242.85
240.558
233.527
228.955
253.742
272.966
257.082
260.357
282.183
263.111
238.792
227.083
228.974
241.092
266.746
258.082
268.384
279.909
240.581
231.472
260.24
282.116
306.05
299.526
299.682
299.676
300.324
300.596
300.717
300.942
301.049
301.223
301.415
301.557
301.006
300.482
300.14
299.717
299.724
299.741
299.694
300.148
300.29
299.993
299.783
300.125
301.296
301.704
301.303
300.784
300.913
301.604
301.985
301.815
301.143
301.738
302.374
301.173
299.009
300.791
302.805
300.761
299.387
300.292
302.437
300.124
299.67
301.784
300.77
297.499
295.516
295.33
291.928
289.59
288.542
289.749
294.289
295.126
292.101
291.009
292.259
291.215
290.487
291.415
290.383
288.819
288.799
288.245
287.703
288.871
289.433
288.693
287.193
289.76
291.056
291.227
289.203
288.115
290.145
291.903
295.109
295.094
297.414
296.116
298.648
295.943
297.175
296.429
296.425
298.261
297.697
298.488
298.949
299.908
296.105
299.778
301.217
293.964
297.189
303.392
294.905
291.273
300.233
310.923
313.961
303.933
287.951
276.885
278.168
279.113
283.615
280.632
287.5
282.92
277.404
282.852
284.411
290.61
286.183
287.275
290.163
280.053
286.217
287.854
279.634
292.442
278.011
279.989
292.392
274.534
282.29
286.011
282.364
288.57
317.395
308.026
265.654
269.797
282.669
279.135
278.225
280.379
286.575
281.475
289.66
295.874
282.639
283.277
288.973
282.414
288.435
274.15
266.298
265.987
265.702
259.286
261.774
273.541
268.081
259.732
250.834
244.447
232.006
227.595
249.642
273.7
258.612
255.696
279.181
266.335
245.574
232.4
234.62
243.87
266.893
249.738
273.271
274.466
238.846
240.701
273.384
297.409
315.288
299.603
299.884
299.746
300.099
300.657
300.768
301.106
301.182
301.082
301.064
301.438
301.693
301.39
300.821
300.41
299.984
299.777
299.849
300.284
300.354
300.323
300.74
300.691
300.72
300.698
301.178
301.878
301.297
300.751
301.589
302.065
300.926
301.368
302.268
301.706
299.339
299.665
302.932
302.437
300.68
299.282
302.059
301.414
299.38
300.516
300.536
299.544
297.676
297.192
295.38
293.718
289.696
286.811
290.145
292.962
293.156
292.309
291.77
290.325
288.906
289.4
289.387
289.067
289.304
289.603
290.371
291.373
290.177
289.296
288.501
290.057
290.355
290.568
290.397
289.347
291.833
293.155
297.171
296.838
298.682
297.17
298.077
297.113
296.627
297.577
296.033
297.78
298.362
298.455
299.039
300.399
297.75
298.294
302.596
296.66
294.592
303.649
299.811
290.852
296.285
308.085
315.297
310.496
297.303
282.424
279.233
276.57
283.594
276.687
286.191
284.665
278.415
280.115
281.052
288.233
285.554
285.682
288.674
279.665
285.427
289.05
278.928
291.142
277.896
279.647
290.129
273.454
284.918
290.044
284.839
290.384
326.733
307.993
264.822
267.76
285.773
279.445
278.075
284.393
286.591
288.854
297.025
283.894
287.02
292.1
291.473
275.533
284.253
269.392
263.212
265.01
265.28
257.992
261.405
275.266
270.487
263.593
256.779
245.589
228.94
226.387
247.97
270.898
255.437
252.617
274.552
268.014
248.443
237.367
241.191
249.315
263.144
244.61
268.493
272.667
237.529
249.068
283.832
307.914
315.37
299.591
299.757
300.139
300.36
300.646
300.704
300.872
301.06
301.119
301.034
301.158
301.446
301.617
301.575
301.367
300.858
300.509
300.353
300.266
300.497
301.028
301.251
300.845
301.365
301.881
301.382
301.306
301.752
301.658
301.649
302.151
301.433
301.607
301.384
301.572
300.891
300.53
303.246
302.797
301.235
298.977
300.749
301.585
300.555
300.562
299.599
300.633
300.086
298.579
297.807
299.241
297.021
290.913
289.199
289.5
289.803
291.609
293.152
291.441
288.334
288.301
288.61
288.166
288.69
289.378
289.862
290.431
289.175
287.941
287.347
289.599
290.856
290.009
290.414
290.409
293.385
294.681
297.902
298.563
298.904
298.989
297.947
298.544
296.478
297.324
296.454
296.808
299.026
298.235
299.218
300.371
299.696
297.651
301.666
300.458
294.143
300.749
303.898
294.363
293.433
302.512
315.407
313.428
305.748
289.589
282.497
275.978
283.285
271.086
280.163
281.292
280.412
280.207
279.146
284.458
283.63
282.626
285.181
279.319
284.649
287.271
278.671
290.091
275.186
279.92
289.261
273.541
286.409
291.961
286.784
295.984
334.659
304.465
263.025
266.992
288.939
277.819
279.235
279.675
284.018
292.839
283.746
284.687
292.115
282.596
277.625
267.241
279.689
264.095
259.696
263.63
265.548
258.447
263.879
278.55
267.289
263.215
268.807
251.905
230.157
228.013
246.786
266.118
253.646
252.442
275.425
271.402
253.557
243.999
245.08
252.874
259.067
242.113
274.206
278.816
229.047
253.613
290.963
313.968
318.076
299.326
299.65
299.942
300.259
300.384
300.489
300.613
300.592
300.677
300.832
300.957
301.046
301.121
301.321
301.527
301.23
300.752
300.577
300.85
301.212
301.093
301.402
301.389
301.298
301.586
301.791
301.731
301.55
301.633
301.57
302.028
301.596
301.86
301.296
301.549
301.896
301.666
303.251
301.81
300.881
299.84
301.009
302.487
302.36
301.433
300.119
302.137
301.535
299.016
298.518
300.579
301.118
297.939
295.788
292.712
288.912
289.12
290.911
291.21
289.62
289.709
289.698
288.28
287.564
287.885
289.009
288.873
286.787
286.663
287.889
289.483
290.141
289.338
290.595
292.004
295.284
297.092
298.777
300.691
299.051
300.172
298.222
299.006
297.099
296.673
297.594
296.3
298.792
298.728
299.007
300.356
300.574
298.301
300.346
302.531
296.098
297.962
304.327
300.439
294.467
296.386
310.468
315.095
313.227
296.613
289.099
276.605
286.008
269.609
274.581
272.445
278.659
279.862
278.52
283.371
283.37
280.761
283.628
278.563
282.339
285.802
276.239
287.303
275.32
282.41
287.884
277.104
291.311
293.527
287.744
303.519
338.716
301.746
260.893
273.457
289.775
276.693
283.109
279.8
281.407
284.999
279.868
301.218
286.075
266.485
257.623
261.652
273.152
259.077
258.391
264.226
266.836
260.076
264.176
276.534
264.395
259.638
280.103
267.027
237.053
230.638
250.059
263.569
249.293
250.72
272.068
271.267
256.713
250.269
248.734
255.964
252.989
246.968
322.612
282.545
216.515
252.455
295.461
316.435
316.089
299.391
299.609
299.666
299.917
300.235
300.48
300.52
300.463
300.547
300.676
300.76
300.673
300.756
300.996
301.157
301.142
300.854
300.947
301.075
301.421
301.484
301.387
301.265
301.547
301.881
301.565
301.437
301.518
301.652
301.506
302.183
301.948
302.132
301.947
301.895
302.304
301.898
302.497
301.189
301.561
301.329
301.645
302.969
302.136
300.994
300.847
303.746
303.402
300.697
299.552
299.246
299.168
298.485
300.369
299.717
294.068
291.142
291.085
290.588
289.394
290.682
290.331
287.611
287.539
288.572
288.167
286.784
285.873
286.793
287.92
288.937
289.873
289.985
291.389
293.494
296.405
298.765
298.959
301.706
299.811
300.972
299.095
298.714
298.201
296.472
297.933
296.456
297.669
299.796
298.518
299.986
301.577
299.335
299.422
302.563
299.95
296.849
301.755
304.318
298.577
294.446
302.297
312.629
319.955
305.728
294.156
276.534
288.074
272.367
275.756
267.576
275.946
277.493
277.26
282.711
283.87
278.798
280.212
278.352
279.55
281.963
275.98
285.346
277.013
288.916
288.237
282.09
295.088
295.339
290.39
316.495
338.014
298.662
259.774
286.346
286.887
277.115
269.139
280.634
278.74
291.305
304.113
305.95
266.159
248.318
251.932
258.11
264.825
257.926
262.641
269.636
269.886
263.543
269.042
277.089
260.061
259.346
294.018
281.535
240.646
238.157
254.777
260.274
250.752
257.547
272.725
269.289
252.674
257.765
247.695
248.934
250.215
264.504
370.22
272.317
209.342
247.69
296.937
316.912
312.311
299.411
299.65
299.878
300.066
300.107
300.23
300.288
300.202
300.239
300.35
300.417
300.393
300.698
300.891
300.792
300.842
300.858
301.298
301.27
301.087
301.251
301.663
301.576
301.611
301.996
301.75
301.35
301.346
301.943
301.773
301.96
301.908
302.335
302.373
302.027
302.641
302.207
302.313
301.83
302.3
302.238
302.477
303.044
300.723
299.747
300.979
304.262
304.103
302.976
302.229
299.035
296.456
296.69
300.305
300.368
297.509
296.758
294.029
291.092
291.184
292.858
290.591
288.005
288.734
288.937
287.571
285.954
285.719
287.413
289.308
289.9
289.839
289.91
291.755
295.015
298.531
301.857
300.862
301.887
300.228
300.457
299.898
298.278
298.747
296.948
296.966
297.61
297.055
299.102
299.824
298.998
301.721
301.023
299.581
301.19
303.099
298.591
299.411
302.854
304.508
298.877
295.766
307.904
317.078
312.429
306.674
282.183
289.26
275.009
278.527
267.863
276.291
278.32
277.744
281.88
282.738
277.441
279.375
279.136
278.552
279.169
277.686
286.063
284.717
297.521
289.747
292.227
298.857
295.574
295.708
329.291
326.351
289.815
260.627
292.248
280.288
277.611
273.21
255.971
269.845
295.711
312.842
284.257
247.914
233.222
258.812
253.097
263.898
263.014
270.374
275.037
274.415
268.423
270.052
271.925
259.267
264.716
297.579
276.623
244.24
251.503
262.396
258.655
248.84
263.398
274.959
270.227
252.126
262.239
243.115
244.926
258.647
277.705
348.816
260.597
211.602
243.146
295.175
318.24
310.779
299.24
299.512
299.567
299.601
299.695
299.894
300.056
300.194
300.257
300.341
300.604
300.777
300.982
301.002
300.924
300.816
300.673
301.251
301.562
301.263
301.173
301.843
301.898
301.726
302.142
302.123
301.502
301.222
302.195
302.229
302.016
302.218
302.593
302.412
302.009
302.698
302.765
303.025
302.622
301.875
301.959
303.548
304.779
302.502
300.764
300.44
301.787
302.216
304.609
305.058
301.325
299.288
299.14
300.421
299.805
300.225
300.859
296.657
293.971
294.576
294.616
290.455
288.181
290.37
290.582
288.038
285.678
287.053
289.676
290.515
289.51
289.523
291.233
294.226
296.993
298.768
301.737
302.4
302.691
301.774
300.186
300.844
299.011
298.889
297.795
296.456
298.148
297.213
298.105
300.588
299.247
300.609
302.415
301.108
300.484
302.353
302.981
300.061
299.407
307.043
302.974
298.37
305.584
302.835
316.124
318.781
294.1
299.747
281.697
284.461
271.898
275.246
277.887
277.014
282.586
283.453
280.491
281.046
280.182
276.271
279.43
283.201
291.564
299.779
304.736
294.466
301.203
300.877
297.112
306.281
328.805
303.85
278.803
262.173
290.515
272.833
268.505
268.695
272.893
293.954
295.822
286.704
256.646
233.257
238.066
262.467
256.618
270.051
267.697
276.874
278.842
280.515
272.453
274.746
271.743
263.748
270.263
291.069
269.237
256.431
266.087
259.298
254.361
254.721
270.913
269.642
266.871
253.424
257.8
242.562
250.252
268.62
272.773
292.492
256.028
217.053
239.547
295.11
316.042
305.263
299.029
299.492
299.8
299.788
299.795
300.172
300.359
300.285
300.496
300.694
300.831
301.147
301.306
300.838
300.794
301.124
301.185
301.338
301.622
301.726
301.345
301.736
302.054
301.931
301.854
302.012
301.815
301.414
302.283
302.74
302.497
302.297
302.906
303.41
302.743
302.365
302.852
304.269
303.925
302.505
302.584
303.52
303.557
303.189
303.967
302.728
301.164
301.416
304.149
304.365
303.247
304.275
302.485
301.341
300.698
301.615
300.089
296.134
297.675
298.518
295.622
292.066
293.616
296.806
294.114
290.991
290.104
291.594
292.779
292.46
292.174
291.993
293.53
296.289
299.915
301.133
301.408
301.69
300.923
301.135
298.842
299.867
299.299
298.383
298.66
296.782
297.126
298.547
297.489
299.276
301.686
299.669
301.63
303.165
301.591
300.755
303.866
303.392
299.541
304.717
303.511
304.058
306.953
297.523
313.658
313.306
307.701
310.955
297.353
303.722
285.785
285.642
280.503
278.988
280.739
280.182
280.782
279.675
278.275
276.542
286.215
294.026
305.063
315.873
307.226
305.06
312.877
304.571
301.595
313.686
312.636
280.499
268.185
266.824
283.308
267.308
275.534
237.383
280.131
280.413
269.436
255.941
238.211
230.226
259.427
258.889
267.85
272.25
274.971
289.167
291.131
289.403
282.387
280.151
271.439
266.735
274.03
283.79
269.055
269.563
269.082
256.981
266.762
271.156
276.817
268.178
262.199
255.742
251.592
246.206
259.17
278.084
262.592
249.857
252.776
222.408
233.911
293.784
315.698
293.193
299.237
299.308
299.439
299.816
300.039
300.346
300.837
300.699
300.49
300.96
301.246
301.117
301.182
301.097
300.904
301.053
301.701
301.673
301.395
301.789
301.871
301.78
301.998
302.421
301.907
301.821
302.29
302.442
302.602
302.752
303.418
303.17
303.09
303.404
303.53
304.036
303.748
303.63
303.621
304.001
303.9
303.192
304.035
304.755
303.544
302.176
303.431
304.044
302.747
301.961
303.849
305.525
303.467
302.587
299.655
297.052
296.193
296.73
298.078
294.201
292.748
294.474
296.611
296.207
293.012
293.37
294.19
294.543
294.755
293.13
293.552
294.182
296.825
298.725
300.709
301.687
300.669
300.792
299.405
300.176
298.162
298.343
298.92
298.226
298.574
297.719
296.985
298.237
298.072
298.881
301.296
300.764
302.343
301.604
303.665
302.869
301.622
305.178
301.703
306.469
301.94
305.066
306.44
303.484
311.136
308.397
311.161
314.515
310.301
320.129
306.686
307.334
291.633
289.976
280.586
284.256
280.393
280.599
279.304
287.862
299.104
310.036
318.604
323.982
310.296
317.876
322.78
306.208
308.228
313.28
291.646
264.501
263.145
268.85
276.638
256.992
266.483
255.376
279.752
252.641
239.922
238.772
234.879
244.68
269.195
260.166
277.037
280.209
291.028
300.855
303.442
292.885
293.063
287.351
271.942
273.114
275.482
280.03
276.031
276.986
262.765
262.334
267.586
266.992
274.018
269.333
264.356
261.518
252.552
258.005
271.947
289.845
255.066
231.275
246.703
229.615
228.524
297.171
311.546
287.847
299.363
299.574
299.825
299.931
300.164
300.426
300.669
300.829
300.843
301.024
301.198
301.379
301.21
301.167
301.443
301.51
301.711
301.88
302.216
301.997
302.138
302.623
302.385
302.397
302.62
302.991
302.688
302.905
303.538
303.483
303.479
303.438
304.026
304.095
303.865
304.018
304.082
304.642
304.281
303.873
304.193
304.54
304.514
303.724
304.136
304.921
304.049
302.981
304.099
304.738
304.031
303.683
304.002
302.931
300.02
300.052
299.771
297.471
295.75
296.041
299.348
298.102
295.209
293.937
293.793
295.263
294.295
293.522
294.012
293.97
296.876
298.239
300.959
302.357
301.433
301.534
299.511
299.12
297.388
298.601
297.332
297.075
297.884
297.733
297.934
298.449
296.943
297.989
299.129
298.01
301.507
301.801
302.452
301.284
306.261
302.021
304.006
303.922
305.672
305.711
303.259
307.323
304.428
310.807
309.107
310.584
312.188
312.767
311.471
320.174
317.579
319.119
310.219
304.176
296.031
294.497
285.768
291.711
291.698
307.809
309.811
323.348
317.677
318.474
311.584
319.558
316.633
306.709
315.043
304.828
275.035
260.961
262.173
274.938
274.736
271.332
239.312
273.336
274.442
256.39
239.722
239.584
244.695
265.932
264.092
269.273
280.588
282.369
287.64
291.259
297.891
292.992
304.359
291.821
275.551
275.6
278.788
287.62
281.496
268.18
257.277
274.023
267.932
268.948
275.839
263.227
266.941
266.785
260.406
273.227
287.717
292.957
250.078
232.266
240.657
238.859
227.89
297.311
298.431
277.757
299.505
299.687
299.839
300.043
300.263
300.42
300.714
300.858
300.925
301.191
301.306
301.46
301.441
301.665
301.682
301.826
302.164
302.096
302.433
302.434
302.673
302.706
302.843
303.113
302.886
303.379
303.375
303.584
303.617
303.761
304.116
303.842
304.214
304.305
304.493
304.48
304.265
304.795
304.694
304.69
304.512
304.484
305.202
305.173
304.694
304.28
304.937
305.282
304.487
304.253
305.525
305.279
303.203
302.536
303.672
304.662
303.377
304.007
305.046
303.066
299.426
295.819
296.406
297.021
296.863
297.258
296.674
298.599
299.642
300.337
302.907
302.308
302.871
303.046
300.318
300.22
297.712
297.606
296.437
296.527
297.208
296.535
297.025
297.725
296.955
298.858
297.23
297.557
298.938
298.948
300.68
300.974
303.644
301.97
303.488
302.596
307.221
303.676
306.326
302.478
307.822
305.981
307.861
309.39
306.434
311.944
312.627
312.225
313.642
311.716
317.804
318.995
319.112
313.886
313.213
300.193
304.456
305.538
307.362
319.445
310.289
322.599
304.07
317.23
316.354
313.82
310.149
311.25
308.568
285.603
268.749
265.934
270.372
274.534
253.609
269.375
278.403
280.013
244.733
231.428
239.038
247.012
263.054
275.926
263.534
277.333
280.77
281.05
282.877
276.965
282.446
293.948
313.074
283.211
274.695
280.764
288.495
280.64
265.754
261.489
272.374
272.615
271.043
280.7
277.644
265.741
273.4
271.696
275.945
283.801
292.163
285.018
253.894
236.935
238.112
243.077
232.097
289.56
304.593
267.016
299.448
299.718
299.843
300.039
300.258
300.408
300.656
300.792
301.006
301.159
301.276
301.535
301.485
301.795
301.814
302.029
302.155
302.247
302.602
302.461
302.893
302.829
303.064
303.231
303.22
303.669
303.375
303.872
303.79
303.979
304.237
304.09
304.562
304.329
304.644
304.658
304.56
304.925
304.685
305.022
304.95
305.018
305.104
304.879
305.487
305.436
305.143
304.885
305.294
305.799
305.083
304.968
305.566
305.312
303.626
303.255
304.957
306.212
304.311
302.216
302.196
302.477
302.829
301.397
301.68
303.121
303.054
304.707
303.567
303.349
303.324
301.358
300.824
299.333
297.724
298.029
295.422
296.523
295.65
295.533
296.65
295.749
297.415
297.057
297.005
298.635
297.08
297.667
298.754
299.187
300.81
301.959
303.494
303.199
303.621
304.652
306.903
306.283
303.215
306.092
306.9
309.065
309.482
305.624
310.782
309.672
315.237
314.811
315.261
310.354
317.967
315.169
322.819
318.45
319.124
309.838
320.129
309.525
319.824
314.854
310.368
320.079
302.766
327.073
311.082
309.271
310.224
306.751
286.253
267.652
268.88
273.315
272.57
261.921
270.883
265.132
286.809
252.922
239.499
225.881
244.901
262.515
280.085
272.76
267.484
279.371
277.086
284.641
290.781
273.647
274.891
291.483
302.194
283.043
283.971
288.039
278.192
263.444
264.173
273.123
278.67
270.127
294.199
275.925
277.213
282.094
277.833
277.089
287.409
285.375
288.478
280.167
262.126
237.677
243.038
241.502
236.972
291.154
305.808
269.954
299.214
299.473
299.587
299.851
300.006
300.209
300.426
300.547
300.796
300.913
301.107
301.291
301.376
301.659
301.622
301.957
301.951
302.187
302.344
302.393
302.748
302.641
303.033
302.977
303.209
303.373
303.374
303.767
303.581
303.986
303.909
304.065
304.217
304.099
304.437
304.246
304.493
304.526
304.497
304.872
304.622
304.974
304.978
305.015
305.164
304.874
305.48
305.236
304.974
305.066
305.353
305.691
304.69
304.678
305.478
305.861
304.721
303.34
304.026
305.503
305.745
304.438
303.496
303.484
304.266
304.159
303.077
303.336
302.281
301.876
300.044
298.277
297.541
295.806
294.402
294.03
291.604
291.78
290.729
290.882
292.666
292.858
295.443
295.883
297.01
298.604
297.434
298.474
299.879
299.299
301.161
301.908
303.24
303.211
303.567
306.196
306.351
304.902
304.105
310.51
305.921
312.733
306.148
311.584
310.819
311.015
320.258
314.855
315.066
314.147
319.249
314.596
323.374
321.224
322.536
319.717
325.505
313.026
323.99
306.437
318.16
311.862
307.708
320.804
293.056
307.124
305.058
290.684
271.01
264.554
272.712
274.428
271.349
289.755
276.663
262.555
225.128
211.036
242.035
246.321
260.797
282.344
282.63
269.353
268.36
273.61
267.628
279.002
291.198
279.766
279.792
295.663
287.63
290.105
292.093
285.182
271.582
269.48
282.272
285.327
278.224
291.865
283.378
261.357
276.064
282.671
290.455
285.925
289.061
286.387
297.101
276.984
261.052
238.45
249.437
243.207
238.651
275.579
309.646
284.183
298.717
298.899
299.063
299.276
299.415
299.658
299.792
300.005
300.183
300.337
300.544
300.648
300.86
300.999
301.122
301.349
301.377
301.689
301.622
301.94
301.95
302.145
302.327
302.313
302.704
302.552
302.94
302.87
303.062
303.228
303.111
303.452
303.25
303.54
303.433
303.556
303.678
303.64
303.893
303.88
304.035
304.193
304.136
304.34
304.376
304.322
304.403
304.181
304.553
304.337
304.14
304.302
304.386
304.748
303.993
303.914
304.335
304.813
304.595
303.212
303.032
303.83
304.237
303.725
302.442
301.615
301.518
301.081
299.866
298.38
295.572
293.623
291.149
288.438
286.462
284.937
282.813
282.366
281.397
282.025
285.505
287.048
290.492
293.346
294.917
297.491
296.537
297.84
298.488
299.031
300.809
302.228
303.281
304.071
303.323
307.519
306.562
303.142
305.966
310.832
306.604
311.646
306.807
312.545
308.546
316.615
317.602
313.206
315.478
315.819
313.186
313.086
321.84
319.534
320.772
327.37
319.983
310.099
319.007
305.226
316.357
298.03
312.894
303.233
289.657
307.363
286.929
274.283
268.718
269.597
273.053
277.483
288.462
270.282
256.715
246.255
229.631
216.345
247.039
274.741
280.356
290.537
278.152
268.951
266.542
268.547
268.093
286.425
300.135
288.238
284.18
302.171
282.137
280.989
283.117
276.9
280.312
290.582
286.131
285.488
279.545
276.098
243.67
266.625
272.584
275.345
286.027
284.073
289.07
289.512
315.445
275.36
251.736
245.109
251.53
249.021
246.264
247.903
316.551
297.425
297.928
298.117
298.293
298.457
298.637
298.81
298.97
299.146
299.29
299.497
299.618
299.799
299.959
300.093
300.259
300.36
300.542
300.673
300.769
300.981
301.01
301.307
301.247
301.559
301.562
301.743
301.902
301.858
302.202
301.99
302.372
302.179
302.402
302.486
302.35
302.701
302.374
302.755
302.604
302.696
302.84
302.765
303.007
302.959
303.051
303.092
303.139
302.965
303.194
302.801
303.115
303.051
302.577
303.043
302.676
303.244
302.555
302.176
302.74
302.472
302.887
301.559
301.112
301.603
300.922
300.889
299.895
298.605
296.38
292.999
290.262
287.627
284.314
282.665
281.31
278.888
277.349
276.319
275.076
277.287
280.682
282.404
287.927
291.613
293.576
297.471
296.501
298.729
298.991
300.574
300.478
303.796
302.705
304.442
303.464
309.201
305.348
302.262
308.565
310.393
305.363
310.82
309.102
308.995
309.913
314.998
311.027
311.506
314.556
313.788
306.705
310.359
316.91
313.107
316.488
322.935
310.589
307.387
310.533
303.141
303.97
297.427
309.513
289.572
296.347
296.63
271.04
271.59
270.719
267.395
270.546
282.06
292.721
255.021
258.686
221.16
242.555
249.986
267.666
295.371
295.596
287.826
275.908
270.501
267.467
271.275
274.088
287.983
309.306
299.875
284.38
306.03
288.516
277.058
284.117
278.369
285.908
291.642
283.844
275.664
276.502
249.643
245.248
258.037
269.626
255.106
276.622
287.175
294.236
292.691
309.767
270.204
249.86
254.197
256.223
251.954
250.004
231.317
306.908
294.406
297.047
297.306
297.371
297.638
297.713
297.965
298.083
298.262
298.421
298.58
298.712
298.878
298.975
299.188
299.224
299.45
299.524
299.692
299.835
299.892
300.161
300.141
300.391
300.423
300.549
300.728
300.65
300.959
300.845
301.101
301.141
301.157
301.44
301.241
301.554
301.357
301.494
301.417
301.456
301.42
301.455
301.493
301.511
301.809
301.509
302.037
301.715
301.684
302.192
301.193
301.955
301.57
301.135
301.98
300.714
301.564
301.161
300.952
301.45
300.218
300.705
300.426
301.149
299.18
298.798
301.415
297.889
293.611
290.519
289.435
289.576
287.257
286.249
284.82
282.065
280.074
277.381
275.061
275.572
277.72
279.381
283.277
289.04
290.345
293.935
297.78
295.701
299.167
298.503
300.174
300.252
304.549
300.402
304.079
305.089
307.72
302.321
302.138
308.118
307.921
303.258
309.143
308.497
305.909
310.586
309.228
305.903
307.547
312.521
309.597
303.892
307.562
313.136
305.94
311.71
314.467
305.607
302.017
303.544
298.148
298.356
297.788
295.999
286.377
295.181
284.164
267.071
271.949
270.687
270.773
273.208
278.987
285.313
257.087
236.353
224.957
236.261
282.389
288.469
302.519
293.66
283.64
275.574
271.663
269.293
274.154
269.598
275.785
314.721
316.374
286.927
299.265
287.919
268.783
297.092
282.238
288.775
278.204
279.273
276.387
272.89
245.776
261.837
240.443
253.991
236.225
305.908
294.371
297.601
288.177
292.116
259.991
252.229
256.981
260.797
254.432
252.258
230.384
306.359
314.387
296.285
296.458
296.544
296.851
296.818
297.207
297.157
297.489
297.48
297.736
297.798
297.97
298.06
298.262
298.295
298.559
298.551
298.857
298.86
299.072
299.236
299.258
299.582
299.433
299.817
299.672
299.916
299.927
300.005
300.156
300.169
300.298
300.353
300.422
300.419
300.514
300.38
300.497
300.41
300.242
300.614
300.006
300.665
300.351
300.241
301.1
299.913
300.97
300.681
299.853
301.145
300.048
299.859
301.075
299.367
300.376
300.532
298.879
301.154
298.991
299.365
300.727
296.464
299.091
301.002
295.234
291.567
292.144
293.422
292.426
290.866
287.856
285.784
283.933
281.674
279.835
278.649
279.705
279.64
279.737
283.44
288.43
290.632
291.979
296.77
296.543
295.384
300.503
297.627
299.513
301.94
303.698
297.564
303.001
306.167
305.131
300.393
302.537
306.535
305.688
302.477
307.831
306.645
305.675
310.315
306.097
303.441
304.917
310.428
305.694
303.082
305.689
308.96
302.35
308
307.435
300.473
299.253
298.723
292.016
294.872
292.526
289.852
283.381
290.929
274.971
262.139
277.322
276.071
275.529
280.359
282.536
273.685
258.578
237.488
237.749
258.798
299.163
298.338
298.263
282.396
282.019
276.838
273.103
269.825
273.136
266.832
275.031
309.023
320.22
296.294
287.249
300.02
271.316
292.804
290.564
271.785
281.379
277.94
280.86
267.589
253.065
269.187
242.995
239.098
236.565
290.194
298.601
299.584
295
286.841
253.846
253.584
262.249
264.464
258.095
253.238
238.533
292.707
337.306
295.594
295.729
295.849
296.074
296.12
296.38
296.463
296.649
296.804
296.905
297.121
297.195
297.34
297.561
297.508
297.94
297.704
298.255
298.014
298.396
298.454
298.449
298.904
298.546
299.176
298.828
299.223
299.219
299.213
299.51
299.368
299.552
299.682
299.466
299.862
299.538
299.627
299.88
299.178
300.058
299.148
299.604
299.788
298.991
300.106
299.365
299.405
300.136
299.159
299.563
300.12
298.84
299.64
300.239
298.547
299.525
300.738
298.099
298.889
299.836
295.917
295.754
296.843
297.02
297.057
294.641
292.946
292.732
292.965
291.83
291.041
288.947
286.031
285.039
283.182
283.227
284.399
284.815
284.961
286.788
288.886
289.792
291.24
294.91
296.805
294.494
297.567
300.575
295.855
299.651
303.467
301.186
296.676
303.431
305.742
303.542
301.03
303.411
305.762
304.793
303.823
307.413
304.496
306.131
309.35
305.715
301.559
303.587
306.854
303.005
300.936
303.731
303.908
300.121
303.456
302.001
296.272
296.265
293.547
288.928
291.127
288.15
284.085
282.582
286.788
265.785
266.528
280.177
274.59
269.861
277.619
281.176
269.736
260.954
238.889
236.013
272.144
304.845
304.377
287.188
273.152
281.495
277.75
274.425
270.115
274.854
270.75
276.622
299.738
324.99
313.84
281.446
296.845
294.547
279.975
312.761
269.997
277.781
288.664
282.595
257.277
259.065
277.447
260.555
240.267
251.528
264.207
306.668
299.534
309.251
284.098
251.744
254.885
267.322
267.276
261.138
253.603
243.098
263.552
291.944
294.973
295.273
295.287
295.541
295.617
295.746
295.986
295.928
296.354
296.108
296.703
296.37
296.922
296.768
297.013
297.289
297.032
297.785
297.168
298.041
297.554
298.004
298.175
297.848
298.754
297.91
298.993
298.389
298.84
299.111
298.591
299.615
298.62
299.575
299.026
299.069
299.471
298.64
299.38
298.845
298.732
299.249
298.603
298.796
299.511
298.096
299.498
299.309
297.756
300.528
298.47
298.195
301.169
297.95
298.875
301.285
298.199
297.633
296.371
291.693
289.24
290.422
292.259
292.923
293.066
292.844
292.642
292.842
294.355
295.04
293.509
292.796
290.189
288.805
288.803
288.169
288.152
288.754
289.825
290.714
290.777
292.376
295.57
296.98
294.985
295.498
300.33
298.45
295.091
300.952
303.473
299.44
297.843
304.703
304.777
303.381
302.786
304.066
304.988
303.658
304.713
306.567
302.906
304.557
307.014
304.473
300.273
301.552
302.637
299.801
298.323
300.133
298.662
297.837
298.166
296.455
292.736
292.534
288.7
287.212
287.434
282.938
281.662
282.155
280.055
261.383
268.013
281.082
275.722
271.643
283.882
289.554
275.9
259.236
238.961
234.704
266.277
318.161
306.373
275.569
270.719
281.462
277.673
274.229
270.355
276.826
274.965
272.643
288.658
319.106
328.269
302.116
281.342
300.135
282.372
309.064
299.401
278.997
291.659
285.5
266.045
268.59
285.321
275.342
248.434
256.782
281.758
307.993
294.007
310.52
283.542
252.964
258.34
273.45
269.311
265.213
255.14
243.561
248.445
246.499
294.649
294.806
295.032
294.983
295.356
295.195
295.586
295.495
295.753
295.835
295.946
296.161
296.216
296.41
296.566
296.624
296.9
296.883
297.141
297.227
297.285
297.599
297.458
297.9
297.761
298.073
298.157
298.186
298.493
298.348
298.63
298.607
298.542
298.888
298.413
298.908
298.63
298.378
299.222
297.784
299.189
298.416
297.813
299.797
297.275
298.89
299.549
297.036
299.808
299.533
297.301
300.437
300.343
296.988
300.734
300.174
290.122
284.556
285.6
288.066
289.487
290.115
290.701
291.402
291.868
291.253
290.301
290.665
292.062
293.734
293.819
293.24
292.82
290.982
290.417
290.593
291.024
291.713
292.129
292.485
293.27
295.491
295.608
293.954
293.838
299.091
300.394
295.842
295.644
302.367
303.223
299.641
299.632
304.76
303.705
303.13
303.459
303.714
303.311
301.691
303.366
304.282
301.351
302.127
303.557
301.204
298.501
298.763
298.467
296.303
295.748
295.313
294.811
293.81
293.274
291.115
289.306
287.76
285.351
285.423
282.818
280.888
281.424
279.307
273.587
259.748
265.603
281.519
274.408
278.069
278.767
280.91
272.142
259.762
242.322
237.572
251.712
307.526
311.07
271.865
272.418
281.535
278.944
277.47
273.398
276.655
278.016
271.431
281.727
305.995
325.725
330.829
297.912
289.018
287.319
280.847
308.722
298.646
289.536
285.722
280.942
280.021
295.636
286.883
255.713
258.744
293.194
310.968
295.208
324.497
287.222
256.602
263.278
279.99
271.077
270.261
255.468
244.608
252.651
270.459
294.414
294.484
294.795
294.608
295.147
294.799
295.387
295.143
295.486
295.629
295.509
296.147
295.615
296.519
295.945
296.639
296.505
296.584
297.124
296.589
297.54
296.872
297.616
297.444
297.477
298.058
297.43
298.381
297.706
298.273
298.255
297.917
298.758
297.719
298.782
298.081
298.118
298.903
297.399
299.039
298.062
297.669
299.54
297.39
298.385
300.042
297.389
298.967
301
298.204
299.087
301.744
298.34
293.158
291.079
289.026
286.662
286.254
286.937
288.048
289.35
290.063
290.32
290.85
291.131
289.656
286.609
286.898
291.221
294.346
295.016
294.058
293.895
293.87
293.339
293.167
293.18
293.595
293.912
294.451
295.623
296.153
294.355
295.266
298.838
302.182
298.156
294.845
297.5
303.706
303.224
300.538
300.761
303.445
302.207
302.071
302.799
302.451
301.218
299.675
300.938
300.805
299.183
299.227
299.135
297.054
295.308
294.79
293.998
292.757
291.678
291.237
290.481
289.457
288.577
287.262
286.082
284.797
284.283
283.181
282.319
281.524
280.538
274.494
268.429
260.314
260.391
284.985
275.72
278.072
269.622
268.111
273.266
266.476
250.061
243.374
242.672
282.06
315.317
273.926
274.766
284.877
276.191
279.402
279.587
277.34
278.152
270.909
278.13
297.946
310.82
326.611
320.283
297.297
299.454
283.086
304.146
310.363
293.028
282.639
281.32
287.237
305.61
295.445
262.911
272.607
297.06
312.586
297.604
332.907
285.135
263.103
271.648
286.14
272.648
275.201
255.855
247.876
262.21
334.953
294.113
294.281
294.355
294.557
294.626
294.813
294.923
295.058
295.216
295.31
295.477
295.595
295.708
295.895
295.952
296.147
296.26
296.327
296.608
296.487
296.871
296.752
296.948
297.155
296.91
297.498
297.047
297.479
297.53
297.146
297.977
297.142
297.712
297.885
297.014
298.372
297.423
297.491
298.814
297.191
298.457
299.307
297.436
299.369
300.479
298.349
299.237
301.755
300.802
297.571
294.305
291.037
288.355
287.129
286.693
286.014
285.527
285.706
286.458
287.507
288.352
289.07
290.197
290.984
290.165
289.306
287.678
285.641
288.121
292.872
295.233
295.104
294.009
293.534
293.381
293.51
293.671
294.046
294.672
295.241
295.63
295.424
295.769
298.807
301.509
299.621
295.567
295.937
300.105
304.613
303.095
301.267
301.383
302.148
300.818
300.363
300.422
299.325
297.937
296.573
296.765
296.015
295.092
294.313
293.772
292.297
291.245
290.628
290.037
289.183
288.651
288.219
287.719
287.413
286.748
286.558
286.097
285.691
285.408
284.882
283.999
281.405
277.454
271.918
265.785
263.589
256.534
282.325
283.41
276.772
273.483
275.823
282.078
274.412
258.61
251.391
242.95
251.757
297.631
274.489
276.8
291.146
270.919
274.333
283.416
280.67
278.911
272.328
275.541
292.319
300.872
311.083
320.208
307.156
312.038
313.326
312.923
310.599
309.19
285.68
273.421
293.239
312.061
299.627
269.268
283.3
296.961
300.667
302.608
332.395
288.634
273.297
280.077
291.012
274.037
279.317
260.823
254.779
265.052
350.081
293.987
294.082
294.228
294.325
294.455
294.571
294.673
294.812
294.895
295.034
295.128
295.233
295.361
295.428
295.568
295.637
295.741
295.845
295.897
296.02
296.076
296.166
296.269
296.327
296.426
296.516
296.568
296.671
296.769
296.822
297.025
297.115
297.26
297.618
297.67
298.056
298.51
298.485
299.154
299.887
299.613
299.891
301.123
301.108
299.742
299.187
299.534
298.561
296.022
293.687
292.046
290.487
288.548
286.58
285.36
284.845
284.909
285.316
285.937
286.625
287.713
289.384
290.448
289.007
287.067
288.851
290.27
288.118
288.911
293.142
296.15
296.797
296.282
295.697
295.403
295.42
295.623
295.868
296.355
296.639
296.819
297.243
298.994
300.92
300.615
297.499
296.43
298.759
302.018
303.83
301.559
299.561
298.876
298.17
297.018
296.067
295.587
294.55
293.773
292.978
292.771
292.317
292.029
291.362
291.353
290.843
290.592
290.268
290.205
290.055
289.962
289.929
290.039
290.024
290.005
290.173
289.793
289.802
289.117
287.918
285.688
282.22
278.143
275.518
267.664
267.394
263.867
272.328
281.749
282.814
284.66
285.115
287.892
281.815
269.111
263.732
255.683
240.232
260.481
268.284
278.584
292.499
275.492
276.341
285.516
284.159
281.829
275.589
275.422
290.229
297.788
301.481
311.02
307.333
308.219
323.351
318.793
309.39
310.499
292.857
270.793
302.003
316.379
301.334
276.242
289.518
295.981
290.441
300.197
335.739
294.644
281.357
288.457
295.53
276.486
283.223
270.506
265.79
265.341
300.234
293.796
293.904
294.009
294.114
294.217
294.313
294.411
294.497
294.583
294.664
294.742
294.827
294.911
295.003
295.097
295.196
295.304
295.412
295.532
295.677
295.824
296.001
296.212
296.407
296.652
296.924
297.18
297.484
297.82
298.144
298.529
298.897
299.242
299.708
300.012
300.15
300.599
301.297
301.368
300.839
300.609
301.035
301.128
299.912
298.042
297.022
297.029
297.151
296.596
295.523
294.418
293.372
291.879
290.009
288.709
288.164
287.958
287.387
285.844
284.865
286.022
288.433
288.745
285.812
285.357
289.791
292.444
290.315
289.369
291.696
295.112
297.1
297.013
296.357
295.873
295.647
295.676
295.717
295.762
295.789
295.983
296.69
297.36
297.854
296.441
294.911
295.095
296.519
297.938
298.122
296.969
295.897
295.707
295.353
295.36
294.986
295.135
294.966
295.008
294.884
294.938
294.999
295.098
294.928
295.351
295.32
295.416
295.433
295.656
295.794
295.896
295.998
296.266
296.357
296.35
296.357
296.066
295.849
294.835
293.5
291.296
288.837
285.972
285.338
278.019
276.177
279.431
275.782
280.003
282.143
287.211
289.214
292.757
289.589
281.889
278.335
274.666
254.877
245.545
265.414
282.598
287.818
283.667
281.87
290.024
289.144
287.07
280.808
279.399
291.196
298.042
299.058
304.806
305.962
302.161
310.885
312.215
309.088
296.591
298.505
287.419
314.472
318.426
302.425
286.106
296.669
303.498
302.053
314.616
317.681
290.053
288.11
297.542
299.665
282.053
289.347
282.802
279.925
272.569
262.289
294.14
294.238
294.329
294.42
294.52
294.629
294.751
294.877
295.018
295.166
295.334
295.515
295.701
295.905
296.122
296.344
296.577
296.823
297.075
297.337
297.602
297.875
298.152
298.434
298.726
299.018
299.308
299.594
299.882
300.158
300.431
300.679
300.906
301.149
301.395
301.648
301.76
301.662
301.482
301.45
301.532
301.502
301.084
300.426
299.839
299.525
299.459
299.507
299.203
298.68
298.108
297.561
296.719
295.704
295.068
294.806
294.406
293.323
291.406
290.068
290.174
290.66
289.553
289.779
294.538
298.331
296.654
292.951
291.478
292.718
295.649
298.339
299.042
298.285
297.329
296.561
296.062
295.825
295.631
295.374
295.67
296.124
296.11
296.259
295.904
296.225
296.995
297.651
298.24
298.438
298.71
298.835
299.278
299.47
299.911
299.979
300.409
300.59
300.909
301.116
301.359
301.628
301.917
302.087
302.551
302.74
303.007
303.244
303.554
303.808
304.033
304.238
304.557
304.721
304.768
304.869
304.789
304.67
304.05
303.387
302.171
301.109
299.585
299.683
295.849
293.688
297.275
293.574
292.398
288.814
295.873
299.398
302.46
301.06
297.916
296.195
294.991
283.932
268.642
280.249
294.479
293.162
293.992
291.647
301.151
300.083
298.303
292.97
292.111
298.952
302.683
303.155
305.792
308.337
305.452
305.903
308.55
308.52
298.882
309.506
311.601
323.763
320.22
309.637
302.392
308.118
314.345
319.333
333.358
297.499
296.674
303.729
309.847
306.986
295.609
301.428
298.165
296.827
289.847
271.124
295.31
295.426
295.569
295.726
295.89
296.061
296.236
296.413
296.597
296.782
296.975
297.17
297.369
297.575
297.784
297.995
298.212
298.432
298.655
298.881
299.109
299.339
299.57
299.802
300.036
300.27
300.5
300.728
300.954
301.175
301.391
301.599
301.802
302.008
302.207
302.382
302.492
302.568
302.664
302.79
302.88
302.881
302.815
302.773
302.793
302.828
302.843
302.851
302.785
302.684
302.544
302.38
302.14
301.91
301.758
301.577
301.23
300.741
300.208
299.918
299.954
300.284
300.822
301.721
302.35
301.994
300.921
300.005
300.015
300.798
301.847
302.739
303.256
303.259
302.828
302.387
302.004
301.741
301.65
301.487
301.646
301.866
301.942
302.117
302.307
302.803
303.316
303.68
304.046
304.36
304.777
305.123
305.542
305.876
306.293
306.594
307.012
307.357
307.767
308.134
308.51
308.895
309.289
309.653
310.089
310.44
310.819
311.178
311.548
311.892
312.22
312.538
312.883
313.16
313.399
313.656
313.849
314.02
314.015
314.053
313.898
313.846
313.604
313.874
313.087
312.613
313.981
313.052
312.403
310.361
313.643
315.516
317.093
317.3
317.135
317.37
317.696
315.461
310.144
313.213
318.841
318.251
319.11
318.287
322.832
322.587
321.847
319.521
318.884
320.204
320.227
319.958
320.69
322.025
321.56
320.859
321.992
321.896
320.972
326.328
328.009
330.619
328.225
324.899
322.431
323.035
324.173
326.113
332.29
313.272
317.808
320.317
321.631
319.812
316.248
318.282
317.131
316.658
313.415
305.829
275.343
275.969
277.521
274.51
276.282
279.173
282.438
284.568
286.097
286.645
286.928
286.606
286.151
286.02
286.776
287.46
288.122
288.733
289.681
290.963
292.679
294.565
293.896
296.212
291.714
268.294
270.45
270.952
262.52
263.672
265.969
270.845
275.252
279.275
279.873
279.611
278.604
276.341
273.967
275.225
277.62
279.806
280.882
281.95
283.483
286.4
290.8
287.145
294.098
281.915
268.592
274.092
269.718
269.479
266.52
266.085
267.86
269.704
274.844
277.567
275.922
274.547
274.413
268.87
266.512
268.843
272.63
274.593
275.078
275.504
278.723
286.537
278.792
290.855
274
270.616
273.597
265.285
271.679
272.825
275.071
275.94
272.525
272.467
279.121
278.443
271.071
276.794
277.35
268.522
264.639
266.418
268.956
269.67
268.515
269.816
281.912
271.058
286.283
270.726
265.539
271.081
270.342
261.884
273.777
282.512
284.839
282.018
274.162
280.829
286.99
274.336
276.321
288.941
280.124
267.749
263.861
265.044
265.755
265.036
262.07
277.525
266.606
281.136
269.726
258.115
257.455
262.702
249.863
269.347
284.176
284.236
288.781
276.331
282.165
297.401
287.93
276.783
290.572
288.015
272.382
264.068
264.434
263.694
264.931
257.411
273.589
266.052
277.065
269.197
252.924
249.185
256.414
244.957
260.157
280.366
276.664
282.507
272.848
287.794
306.502
297.965
275.741
283.666
287.669
273.575
263.923
265.778
263.334
265.938
255.219
269.131
267.616
275.023
268.952
244.935
245.686
266.606
252.485
254.809
270.078
268.931
266.583
268.281
296.133
311.805
299.143
274.524
280.139
288.88
274.925
263.301
266.66
263.176
266.488
254.374
263.278
267.97
274.521
269.293
249.009
249.131
273.892
260.675
257.048
258.912
267.281
255.558
267.063
297.444
311.419
300.149
278.107
284.662
297.239
281.306
264.109
266.062
261.815
265.926
254.512
257.381
265.338
274.276
270.156
254.638
252.947
276.294
266.23
265.753
255.955
280.203
266.496
271.738
287.877
311.404
313.475
285.24
287.246
304.797
291.641
267.079
264.907
259.63
264.576
255.653
253.295
261.317
273.642
270.977
254.395
255.307
267.273
255.002
268.578
250.683
288.681
282.495
272.856
274.944
298.915
324.966
300.678
287.733
304.481
300.214
271.124
264.901
258.509
263.43
257.761
251.837
258.514
272.923
271.672
253.65
253.096
262.876
248.269
268.581
241.797
274.49
276.259
262.353
268.738
276.006
298.992
302.89
288.648
300.792
304.713
274.774
266.581
259.761
263.162
260.447
252.772
257.889
272.683
272.306
256.204
247.807
260.833
245.98
271.239
247.619
259.93
267.58
252.118
271.105
273.277
277.095
289.171
282.206
294.558
305.821
277.177
268.978
263.269
263.988
263.134
255.284
258.888
273.043
272.982
251.818
244.908
259.883
245.793
260.812
262.666
253.901
268.555
245.553
269.431
277.827
274.722
280.335
273.929
286.707
304.281
278.243
271.505
268.38
265.814
265.368
258.214
260.519
273.841
273.619
245.442
247.737
255.626
254.397
249.25
275.54
254.927
274.908
236.682
270.965
291.272
274.138
273.382
266.923
279.36
301.455
278.763
273.771
273.668
268.321
267.037
260.479
262.084
274.873
274.222
244.439
256.35
252.871
259.146
245.853
273.149
248.727
282.584
241.28
281.419
311.435
278.476
266.987
258.918
271.713
297.504
279.184
275.617
277.853
271.029
268.371
261.524
263.278
276.148
274.797
247.107
259.266
250.261
255.967
250.448
268.519
242.129
283.601
266.195
295.448
314.114
275.52
260.583
251.815
263.786
292.74
279.355
277.139
280.453
273.709
269.599
261.51
264.27
277.68
275.339
247.177
257.006
249.312
252.613
256.395
261.206
248.302
275.524
285.612
301.841
301.959
264.361
256.258
250.634
258.432
287.771
279.453
278.405
281.935
276.347
271.488
261.257
265.297
279.468
275.907
247.763
257.858
249.372
252.478
259.509
252.49
255.119
274.71
292.638
287.094
278.2
247.706
251.31
249.037
255.086
283.035
278.967
278.94
282.78
279.609
273.935
261.467
267.001
281.315
276.261
249.366
258.974
250.347
256.91
255.956
253.005
260.207
282.657
292.295
270.037
262.87
235.017
250.198
241.92
248.833
278.406
278.18
279.845
284.036
283.384
275.053
262.344
270.12
281.918
275.301
253.111
260.183
248.861
262.164
251.115
254.139
269.525
287.552
278.073
254.731
264.076
231.187
254.885
235.995
237.001
272.163
277.386
280.82
285.451
286.589
274.964
262.813
273.91
281.633
273.284
257.001
259.998
251.272
263.948
252.131
256.776
282.228
289.888
262.183
238.025
266.297
228.801
259.731
237.56
224.434
263.159
275.917
282.162
286.835
289.732
275.018
262.662
277.704
281.724
271.078
260.458
257.56
257.542
263.966
253.796
265.551
290.754
285.385
250.036
233.577
263.698
226.433
257.479
247.362
219.22
253.18
273.815
282.754
286.967
292.999
275.497
263.139
281.09
282.507
269.334
261.229
255.041
263.292
265.859
254.889
281.506
290.732
273.256
238.706
246.911
257.542
229.575
250.22
257.562
221.638
245.239
269.15
280.491
286.623
295.565
277.458
264.691
283.258
283.798
268.437
260.093
255.343
269.931
265.033
266.62
293.969
282.871
259.638
232.321
257.333
253.012
237.168
246.528
257.832
224.344
239.806
264.933
278.511
286.564
295.707
281.431
267.098
284.161
283.591
267.728
259.687
260.531
277.83
259.961
285.825
293.953
269.307
246.455
236.477
257.834
251.921
241.506
247.457
252.187
224.356
235.852
260.165
276.449
284.889
294.101
285.867
270.573
284.516
280.17
266.072
262.504
273.275
282.099
266.859
298.846
284.195
254.768
237.568
243.177
259.28
250.589
245.226
251.015
249.697
223.86
234.325
257.016
276.789
282.667
293.263
289.686
274.317
284.497
275.007
263.473
270.48
289.22
279.29
296.183
299.697
268.596
243.461
233.555
248.565
259.295
247.665
250.114
253.619
249.016
223.817
233.899
256.726
277.71
280.699
293.729
292.746
276.622
283.983
270.004
260.65
282.407
299.413
277.614
318.853
283.063
250.156
235.342
233.378
253.309
256.154
245.201
251.725
255.073
246.196
221.371
234.607
253.623
275.686
280.984
295.877
294.079
277.439
283.318
266.487
258.123
294.909
301.538
292.369
299.705
255.183
237.247
232.14
238.204
255.898
253.529
243.682
251.682
258.878
242.123
218.026
237.274
247.541
275.529
284.661
298.718
293.253
277.775
282.614
264.942
256.314
303.525
298.763
309.994
269.873
239.836
233.724
232.881
245.144
257.194
250.186
241.993
253.633
264.623
237.222
217.689
236.22
242.18
282.51
289.368
300.264
291.574
276.186
281.061
264.076
255.173
307.512
298.78
313.429
254.936
236.344
232.947
235.245
251.561
257.879
248.349
241.322
258.289
268.565
232.748
220.631
232.997
248.691
293.039
289.91
299.378
288.752
271.68
278.831
262.839
254.227
306.795
309.546
308.166
243.579
231.26
232.725
239.38
257.341
256.502
247.92
242.23
263.458
266.079
229.372
223.229
222.266
256.547
295.764
284.225
296.569
283.601
267.287
277.314
260.803
253.13
307.273
313.693
282.731
235.528
229.888
235.291
244.463
261.584
254.356
247.601
244.373
266.613
260.248
230.229
230.632
209.657
252.199
291.108
275.956
292.714
276.857
264.691
276.567
257.929
251.705
309.484
290.076
272.825
227.639
230.848
237.806
249.57
263.73
253.49
249.651
249.481
268.548
256.513
232.799
240.807
211.831
248.614
282.308
266.976
290.967
270.691
265.651
275.406
254.537
250.115
303.386
246.691
261.147
221.525
229.774
240.143
254.028
264.734
255.151
254.547
258.147
269.319
254.281
233.007
243.321
221.205
255.724
266.441
254.944
292.315
267.327
270.748
270.52
250.756
248.5
281.552
218.46
233.643
224.763
230.488
242.442
257.636
265.963
258.469
260.269
268.288
270.567
253.954
236.96
244.368
233.053
260.025
248.074
248.925
294.594
266.85
272.297
260.468
247.141
247.218
260.438
227.259
233.344
226.175
229.269
243.699
260.284
268.337
261.927
263.846
274.364
275.903
261.927
257.211
261.543
243.214
249.253
249.08
261.568
292.55
266.742
261.431
249.934
245.498
246.486
251.375
249.694
237.4
229.315
229.075
244.746
262.814
271.208
264.777
266.286
275.216
285.35
277.042
293.347
303.723
247.358
247.674
280.338
286.069
283.298
263.564
243.411
245.187
246.352
246.56
252.147
264.802
244.241
233.929
230.692
246.262
265.228
273.576
268.18
268.687
272.638
290.425
288.669
311.34
328.498
264.967
263.755
306.477
299.637
271.419
256.574
231.679
247.277
249.032
247.137
251.863
273.679
253.154
239.567
234.497
248.128
266.601
276.052
272.533
271.637
269.433
284.554
293.5
307.267
314.007
286.36
273.775
293.907
296.705
263.798
252.886
231.716
252.993
252.311
248.215
250.792
277.365
262.182
244.118
239.105
250.768
268.292
279.005
276.474
275.921
269.28
273.942
286.6
291.339
293.716
285.876
273.583
269.523
289.124
258.183
254.698
239.419
257.851
254.065
249.054
258.23
281.243
270.148
249.7
242.005
252.889
269.022
281.153
279.689
279.881
273.273
268.829
274.251
272.027
278.406
274.804
274.011
256.137
281.295
249.249
255.009
247.974
258.037
253.639
249.431
259.938
283.807
273.658
253.47
244.061
252.802
267.694
282.072
281.066
281.132
275.156
267.196
265.003
260.976
267.329
267.011
271.12
247.492
273.824
240.032
253.82
254.036
253.799
250.993
249.638
259.052
288.416
278.656
257.689
246.825
252.784
265.573
282.295
282.783
281.325
273.832
267.268
262.432
257.583
260.457
261.521
259.123
245.468
269.827
236.229
254.785
256.857
249.485
248.833
250.136
263.444
300.189
279.544
260.436
249.564
252.615
262.855
281.964
285.001
279.967
269.878
265.791
265.32
260.431
257.922
260.444
252.416
252.079
264.848
238.539
257.6
257.805
250.953
249.36
250.527
288.153
312.631
277.207
262.824
253.612
253.463
260.859
281.18
286.701
279.865
266.375
260.162
266.704
266.213
255.419
257.88
253.686
256.007
259.023
243.042
261.551
259.58
255.301
253.243
250.914
308.812
315.332
271.378
263.856
258.015
255.435
258.747
278.403
287.78
283.814
269.103
255.947
261.423
269.468
254.261
250.346
255.106
252.75
256.382
246.87
266.106
261.624
258.275
258.297
251.626
297.767
310.868
265.037
265.798
262.87
258.172
257.398
274.3
287.622
289.437
278.391
259.811
254.002
264.071
258.827
244.863
255.28
249.914
254.372
249.371
270.345
263.36
259.965
257.859
252.289
299.776
303.374
260.534
268.444
267.607
261.463
257.56
269.432
285.392
293.06
288.922
271.822
254.654
253.993
261.928
246.801
253.872
253
255.24
250.686
273.927
266.176
262.672
254.602
253.748
337.531
286.092
257.98
272.483
273.212
265.757
260.021
265.617
282.252
294.059
295.749
284.989
265.634
252.879
259.049
251.403
250.26
256.8
259.888
254.334
277.125
270.734
267.672
255.769
255.626
358.138
264.909
259.811
278.04
279.57
271.928
265.974
266.375
281.47
294.841
299.424
294.71
279.863
263.376
261.991
257.562
250.3
256.693
257.218
262.687
280.854
276.422
273.925
261.787
255.773
316.846
253.192
268.564
285.477
286.674
280.624
276.082
274.452
286.233
297.569
302.098
300.742
291.27
276.932
272.477
268.419
259.197
260.775
254.692
272.435
285.414
282.593
280.268
269.47
255.778
265.206
258.853
282.376
293.791
294.447
290.905
288.297
286.999
294.819
302.208
305.06
304.624
298.923
288.232
283.473
280.01
272.111
270.849
263.006
280.797
290.046
288.514
286.279
277.686
261.987
254.708
278.644
296.72
302.28
302.756
301.282
300.122
299.543
303.878
307.627
308.696
308.008
304.278
296.908
292.717
289.853
284.106
282.043
275.963
287.835
293.979
293.332
291.523
285.427
272.986
279.752
301.419
310.371
312.503
312.772
311.986
311.059
310.238
311.674
312.73
312.368
311.073
308.214
303.207
299.75
297.302
293.477
291.593
287.806
293.696
297.086
296.814
295.582
291.896
283.776
310.782
316.701
317.377
316.346
315.092
313.693
312.469
311.491
311.286
310.987
310.184
308.984
307.231
304.721
302.706
301.118
299.262
298.166
296.637
298.263
299.35
299.295
298.762
297.321
293.905
)
;

boundaryField
{
    inlet
    {
        type            fixedValue;
        value           uniform 300;
    }
    outlet
    {
        type            inletOutlet;
        inletValue      uniform 300;
        value           nonuniform List<scalar> 
57
(
300
300
300
300
300
300
300
300
300
300
300
272.322
272.983
273.608
274.201
274.768
275.304
275.868
276.224
275.273
273.262
271.059
269.315
268.42
267.72
266.077
263.489
260.672
258.148
256.342
255.204
254.261
253.166
251.737
250.138
248.51
247.211
246.461
246.517
247.077
248.139
248.965
300
300
300
300
300
300
300
300
300
300
300
300
300
300
300
)
;
    }
    upperWall
    {
        type            fixedValue;
        value           uniform 300;
    }
    lowerWall
    {
        type            fixedValue;
        value           uniform 300;
    }
    frontAndBack
    {
        type            empty;
    }
}


// ************************************************************************* //
