/*--------------------------------*- C++ -*----------------------------------*\
| =========                 |                                                 |
| \\      /  F ield         | OpenFOAM: The Open Source CFD Toolbox           |
|  \\    /   O peration     | Version:  dev                                   |
|   \\  /    A nd           | Web:      http://www.openfoam.org               |
|    \\/     M anipulation  |                                                 |
\*---------------------------------------------------------------------------*/
FoamFile
{
    version     2.0;
    format      ascii;
    class       volScalarField;
    object      p_0;
    location    "9.12";
}
// * * * * * * * * * * * * * * * * * * * * * * * * * * * * * * * * * * * * * //

dimensions      [1 -1 -2 0 0 0 0];

internalField   nonuniform List<scalar> 
12225
(
87002.7
87040.2
87144.2
87303.2
87500.6
87732.3
87987.8
88267.5
88558
88874.1
89180.1
89547.1
89860.5
90278.6
90610
91086.2
91543.6
91957.2
87011
87051.6
87155.9
87314.9
87512.1
87743.6
87999
88278.1
88568.9
88882.6
89193.2
89549.2
89872.9
90274.7
90617.4
91084.9
91533.5
91992.4
87034.9
87078.8
87183.6
87342.3
87539
87770.1
88025
88303.2
88593.7
88905.2
89218
89565.2
89895.9
90281.2
90635.4
91075.8
91514.5
91971.1
87080
87126.4
87231.7
87389.8
87585.6
87816
88070.1
88347.2
88636.9
88945.8
89258.9
89598.1
89931.2
90301
90658.7
91072.4
91497.3
91924.3
87150.9
87200.5
87306.1
87463.1
87657.9
87887.1
88140
88415.1
88703.6
89008.8
89321.2
89651.6
89985.4
90338.1
90699.4
91088.9
91487.5
91884.7
87258.9
87308.6
87413.8
87569.3
87762.8
87990.2
88241.1
88513.7
88799.9
89101
89410.8
89734
90065.8
90408.8
90767.2
91132
91507
91865.8
87408.7
87459.3
87563.6
87717.4
87909.2
88133.9
88382.4
88651.4
88934.4
89230.6
89536.5
89852.3
90178.3
90510.6
90857.5
91201.7
91547.2
91874.8
87578.7
87632
87735.7
87887.6
88077.5
88299.3
88545
88810.1
89089.7
89380.7
89681.9
89990.1
90308.5
90629.7
90962.1
91287.8
91612
91922.5
87763.9
87819.6
87922.7
88072.7
88260.4
88479.2
88721.8
88983
89258.5
89544.5
89840
90140.9
90450.4
90761.5
91079.1
91389.9
91697.2
91991.9
88017.1
88071
88172.8
88320.3
88505
88719.8
88958.3
89214.2
89484.3
89763.7
90051.5
90343.6
90642.1
90941.4
91242.7
91538.4
91828
92106.3
88357.8
88408.5
88508.2
88652
88832.6
89042.1
89275
89524.1
89786.8
90057.6
90335.6
90616.9
90902.5
91187.6
91472
91751
92022.6
92283.8
88813.9
88860.7
88957.2
89096.1
89271.2
89473.6
89698.7
89938.9
90191.7
90451.4
90717.3
90985.6
91255.9
91524.6
91790.8
92051.6
92304.7
92548.6
89417.3
89465.4
89557.8
89690.2
89857.3
90050.4
90264.8
90493.4
90733
90979.1
91229.7
91481.9
91734.3
91984.3
92230.8
92472
92705.8
92931.5
90229.5
90273
90359
90482.9
90639.1
90819.8
91019.9
91233.1
91455.8
91684.3
91915.7
92148
92379.5
92608.2
92832.7
93052.3
93265.3
93471
91306.7
91347.3
91424.5
91536.6
91678
91841.8
92022.8
92215.5
92416.4
92621.9
92829.5
93037.4
93244
93447.7
93647.5
93842.7
94032
94215.3
92735.3
92767.3
92831.7
92927.2
93048.3
93189
93344.6
93510.3
93682.7
93858.8
94036.5
94214.3
94390.8
94564.6
94735.2
94901.7
95063.4
95220.6
94607.1
94620.3
94666.2
94739
94832.9
94943
95065.2
95195.5
95331.2
95469.8
95609.9
95750.2
95889.4
96026.9
96161.9
96293.9
96422.5
96548.4
96789.8
96804.6
96834.2
96881.2
96943
97016.8
97099.4
97188
97280.6
97375.8
97472.3
97569.2
97665.9
97761.7
97856.3
97949.4
98040.8
98130.9
98971.3
98972.9
98984.6
99006.8
99037.9
99076.3
99120.1
99167.9
99218.7
99271.2
99324.9
99379.3
99434.2
99489.3
99544.3
99599.3
99654.2
99709.2
100904
100892
100888
100890
100895
100902
100913
100925
100939
100955
100971
100988
101006
101025
101045
101067
101090
101114
102532
102519
102505
102490
102473
102456
102438
102421
102404
102388
102373
102359
102347
102336
102327
102320
102316
102314
103862
103851
103829
103801
103767
103729
103690
103648
103607
103566
103526
103487
103450
103415
103382
103353
103326
103302
104915
104905
104878
104839
104791
104738
104681
104622
104562
104501
104442
104384
104327
104274
104223
104175
104130
104089
105727
105715
105681
105634
105577
105513
105443
105370
105296
105221
105147
105074
105003
104935
104870
104808
104750
104696
106329
106314
106277
106224
106160
106087
106009
105926
105841
105756
105671
105587
105505
105426
105351
105279
105211
105147
106759
106743
106703
106646
106577
106498
106413
106324
106232
106139
106046
105954
105865
105778
105695
105616
105541
105470
107055
107035
106993
106933
106860
106778
106688
106594
106498
106399
106301
106205
106110
106018
105930
105846
105766
105690
107243
107221
107176
107114
107040
106955
106863
106766
106667
106565
106464
106364
106266
106171
106080
105993
105909
105831
107348
107325
107278
107216
107141
107055
106962
106863
106762
106659
106556
106454
106354
106257
106164
106075
105990
105910
107400
107370
107321
107259
107183
107097
107003
106904
106802
106698
106594
106491
106391
106293
106199
106109
106024
105943
112715
112703
112676
112633
112575
112503
112417
112317
112204
112077
111937
111783
111616
111435
111240
111031
110808
110571
110320
110056
109779
109488
109184
108868
108540
108199
107847
107484
107109
106724
106329
105924
105511
105091
104665
104235
103799
103357
102910
102459
102005
101552
101103
100659
100219
99784.1
99354.6
98932
98517.4
98109.2
97704.4
97305.7
96915.5
96537.2
96168.4
95807.6
95459.7
95124.9
94794.2
94465.2
94141.2
93822.8
93509.8
93201.8
92898.2
92597.9
92299.9
92003.2
91706.7
91409.1
91109.4
90806.7
90500
90188.7
89872.3
89550.3
89222.8
88889.9
88552.2
88210.2
87865.1
87518.1
87170.5
86824.2
86480.7
86141.7
85809.1
85485
85171.2
84869.7
84582.7
84312.1
84060.2
83829.4
83621
83436.9
83278.6
83147.8
83046
82974.9
82935.8
82930.1
82958.7
83022.2
83120.8
83254.6
83423.2
83625.4
83859.8
84124.3
84417.6
84738.1
85084.1
85454.1
85846.6
86258.8
86687.3
87128.8
87578.9
88031.3
88480.9
88927
89372.5
89813.5
90241.4
90651.1
91039
91399.5
91732.1
92039.8
92313.1
92555.1
92764.8
92940
93079.2
93183
93254.1
93292
93298.3
93279
93237.6
93178.7
93102
93007.8
92900.6
92781.9
92654.4
92517.1
92368
92204.4
92027.1
91847.5
91665.5
91478.5
91281.7
91070
90838.3
90582.3
90294.7
89975.8
89622.3
89236.3
88812.6
88338.7
87807.1
87197.7
86525.5
85792
85021.2
84095.8
83125.2
82226.7
81322.9
80454.1
79617.8
78842.4
78149.4
77552.4
77094.5
76798.7
112530
112518
112491
112448
112390
112317
112232
112135
112025
111903
111766
111617
111453
111276
111085
110880
110661
110428
110181
109921
109648
109361
109062
108751
108428
108093
107746
107388
107018
106639
106249
105849
105442
105026
104606
104184
103755
103315
102870
102423
101973
101524
101082
100646
100216
99789.4
99366.9
98947.7
98533.9
98126.6
97725
97333
96951.7
96584.3
96218.3
95857.2
95509.7
95174.3
94844.9
94520
94200.4
93886.3
93577.4
93273.3
92973.4
92676.7
92382.2
92088.7
91795.3
91500.7
91203.9
90903.9
90599.8
90290.9
89976.6
89656.9
89331.5
89000.7
88664.8
88324.6
87981.2
87635.8
87289.6
86944.6
86602.4
86264.6
85933.2
85610
85297.1
84996.5
84710.4
84440.2
84188.8
83958.1
83749.9
83565.5
83406.6
83275.3
83172.5
83100.4
83059.8
83052.4
83078.9
83139.7
83235.4
83366.1
83531.2
83730.4
83961.7
84223
84512.9
84830
85172.3
85538.4
85926.9
86335.1
86759.8
87198.3
87646
88095.3
88539.5
88978.8
89416.4
89853.3
90277.6
90682.8
91066.9
91422.6
91749.9
92055.7
92323.3
92561.9
92768.7
92940.9
93077.3
93178.3
93247.5
93283.3
93286.5
93264.8
93220.5
93160.6
93083.4
92988.3
92879.7
92759.1
92629.8
92490.3
92338.7
92171
91989.6
91807.6
91625.3
91437.5
91239.7
91027.3
90794.2
90537.7
90250
89932.2
89580.4
89197.5
88779.1
88308.1
87780.1
87176
86514.7
85786.7
85017
84091.7
83130.3
82234.2
81343.2
80477.6
79642.9
78871.1
78180.3
77588.8
77130.5
76834.5
112173
112159
112132
112089
112033
111965
111886
111796
111693
111577
111447
111304
111147
110977
110792
110594
110382
110156
109916
109663
109397
109118
108827
108524
108210
107883
107546
107198
106839
106469
106090
105701
105303
104897
104485
104067
103645
103220
102789
102353
101913
101474
101043
100621
100204
99791
99383.1
98979.1
98577.6
98179.1
97793.1
97409.6
97029.5
96663.3
96304.6
95952.8
95610.6
95278
94953.1
94634.7
94322.4
94015.8
93714.4
93417.6
93124.7
92834.6
92546.4
92259.1
91971.5
91682.6
91391.3
91096.3
90797.2
90493.1
90183.4
89868.1
89547
89220.3
88888.4
88551.9
88211.8
87869.6
87526.4
87184
86844.3
86509
86180
85859.3
85548.7
85250
84965.9
84697.7
84447.7
84217.8
84010.4
83826.6
83667.5
83535.5
83431.5
83357.9
83314.9
83304.1
83326.5
83382.1
83471.7
83595.5
83753.7
83945.6
84169.9
84424.4
84707.4
85017.9
85353.6
85712.2
86092.5
86492.5
86909.2
87341.4
87783.3
88223.9
88656.3
89082.4
89506.4
89930.6
90346.4
90743.7
91122.5
91468.4
91788.1
92081.3
92342.8
92576.1
92777.8
92944.7
93073.9
93170.4
93235.8
93267.9
93267
93239
93187.2
93121.8
93044.2
92947.5
92837.3
92711.7
92578.8
92432.2
92275.5
92101.1
91915.4
91730.3
91548.2
91358.9
91159
90944.2
90708.5
90450
90161.8
89845.9
89497.3
89116.4
88704
88240.9
87725.1
87132.9
86485.9
85765.3
84997.6
84095.3
83120.3
82252.5
81382
80529
79698.3
78933.3
78247.9
77662.7
77208.7
76914.8
111661
111648
111622
111583
111533
111472
111401
111317
111221
111112
110991
110856
110708
110546
110370
110181
109977
109761
109531
109287
109031
108762
108482
108190
107887
107574
107250
106915
106570
106215
105851
105477
105095
104705
104308
103904
103494
103083
102668
102250
101832
101410
100994
100583
100176
99783.5
99398.3
99012.3
98625.9
98241.3
97864.4
97495
97130.2
96773.8
96426
96086.4
95755.4
95432.6
95117.4
94809
94506.9
94210.4
93919
93631.9
93348.3
93067.2
92787.8
92508.8
92229.5
91948.3
91664.4
91376.9
91084.7
90787.5
90484.4
90175.3
89860.1
89538.9
89212.4
88881.1
88545.8
88208.1
87869.1
87530.5
87194.2
86862
86536.2
86218.6
85910.9
85615.1
85333.6
85067.8
84819.8
84591.9
84385.5
84202.7
84044.2
83912.5
83808
83732.9
83688.3
83675
83693.8
83744.6
83827.3
83941.8
84089.4
84270.6
84483.6
84726.5
84997.9
85297.5
85622.3
85970.4
86341.1
86729.9
87132.3
87549.2
87976.8
88404.3
88822.8
89233.1
89640.2
90047.5
90447.8
90832.3
91196.9
91534.6
91844.1
92125.7
92377.2
92601
92793.5
92947.1
93065.2
93158.5
93218.4
93245.8
93237.1
93199.6
93141.2
93069.6
92986.8
92886.8
92772.8
92640.7
92502.5
92345.6
92179.5
91998.1
91810.5
91621.2
91439.1
91246.5
91043.8
90825.3
90586.3
90326.3
90035.6
89723.2
89377.4
88999.3
88593.7
88141
87640
87067.8
86440.4
85731.5
84967.7
84083.5
83143.7
82283
81437.7
80597.2
79783.8
79032.2
78357.4
77780.8
77334.3
77043.4
111013
111001
110978
110943
110899
110843
110777
110700
110611
110511
110398
110273
110135
109984
109818
109640
109448
109242
109024
108793
108550
108295
108029
107752
107463
107166
106858
106542
106215
105880
105536
105184
104824
104455
104079
103696
103306
102914
102520
102126
101730
101330
100934
100544
100158
99780.2
99407.8
99038.7
98673.7
98311
97952.9
97600.3
97253.9
96914.7
96583.2
96259.5
95943.7
95635.3
95334
95039.2
94750.3
94466.7
94187.9
93913
93641.3
93371.7
93103.5
92835.4
92566.4
92295.4
92021.2
91743.1
91460.1
91171.4
90876.8
90575.6
90268
89954.1
89634.5
89309.5
88980.2
88647.9
88314
87980
87648
87319.8
86997.2
86683
86378.8
86086.2
85807.7
85544.8
85299.2
85073.3
84867.8
84685.7
84527.2
84394.6
84289
84211.5
84164.1
84147
84161.4
84207.5
84285.7
84394.5
84534.3
84704
84901.7
85128.6
85384.2
85668.8
85978
86310.2
86664.7
87036.4
87421.1
87819.8
88226.7
88632
89030.3
89421.7
89810.8
90205.6
90591.7
90957.6
91301.2
91623.2
91919.9
92187
92424
92634.2
92815.5
92959.7
93066.1
93143
93193.8
93212.6
93196.8
93154.8
93085.6
93005.6
92916.3
92808.5
92686.9
92547.4
92400
92233.7
92056.2
91865.6
91674.7
91484.5
91297.6
91100.5
90893.5
90670
90426.4
90165.3
89873.5
89562.2
89223.6
88850.8
88453.3
88013.1
87527
86979.4
86373.5
85687.2
84935.9
84082.2
83176.2
82334.9
81513.7
80694.4
79899.5
79165.8
78507.7
77944.7
77511.3
77226.9
110240
110230
110209
110178
110138
110089
110030
109960
109880
109789
109687
109571
109443
109303
109149
108983
108804
108613
108409
108194
107968
107730
107481
107221
106952
106673
106386
106090
105787
105475
105156
104830
104496
104153
103802
103443
103078
102710
102342
101975
101606
101236
100868
100499
100136
99777.2
99424.9
99077
98733.5
98394.1
98058.7
97728.5
97404.2
97086.5
96775.6
96471.5
96174.5
95884
95599.9
95321.8
95049.2
94781.4
94518.1
94258.3
94001.4
93746.4
93492
93237.8
92981.8
92723.8
92461.9
92195.3
91923.4
91645.3
91360.6
91069.2
90770.8
90465.6
90154.1
89836.7
89514.6
89188.8
88860.9
88532.4
88205.2
87881.5
87563.1
87252.8
86952.2
86663
86387.7
86128.2
85885.1
85661
85457.1
85275.4
85116.9
84982.5
84874.9
84794
84741.9
84718.7
84726.1
84764.6
84835.3
84937.1
85068.8
85230.1
85419
85633
85868.3
86132.9
86424.2
86735.6
87066.7
87414.5
87777.7
88153.5
88535.5
88915.5
89290
89661.9
90034
90401.9
90759.7
91106.7
91438.7
91743
92020.3
92268.8
92488.8
92682.9
92848.5
92976.2
93067.7
93127.3
93167.6
93177.9
93152.1
93101
93021.7
92931.8
92834.4
92715.6
92583.1
92432.9
92274.2
92098.3
91908.9
91709.3
91513.1
91320.7
91126.9
90923.9
90710.9
90481.3
90233.7
89966.6
89678
89368.6
89036.2
88673.8
88286.4
87861.7
87393.3
86869.5
86289.1
85632.2
84901.3
84089.2
83228.5
82409.3
81612.9
80815.9
80044.1
79334.3
78699.4
78155.4
77741.3
77467.5
109358
109349
109332
109305
109270
109227
109175
109113
109041
108959
108865
108759
108642
108514
108373
108222
108059
107884
107699
107502
107294
107076
106847
106608
106361
106105
105842
105571
105293
105008
104717
104421
104118
103805
103482
103151
102814
102474
102137
101801
101464
101127
100789
100443
100108
99776.8
99449.9
99127.3
98809.1
98494.8
98185.1
97880.8
97581.9
97288.7
97001.5
96720.3
96445.1
96175.9
95912.2
95654
95400.9
95152.2
94907.5
94666.2
94427
94189.8
93952.4
93714.8
93474.9
93232
92985.2
92732.9
92474.7
92209.8
91937.5
91657.6
91370.1
91075.1
90773.1
90464.6
90150.8
89832.7
89511.4
89189.3
88867.5
88548.7
88234.5
87928.1
87631.1
87345.9
87073.6
86816.9
86576.6
86354.3
86151
85969.4
85810.3
85674.2
85563.3
85478.2
85420.6
85390.6
85389.8
85418.8
85479.3
85570
85687.9
85837.9
86016.3
86218.2
86439.7
86689.6
86960.5
87247.1
87551.9
87873.8
88209.1
88555.3
88907.9
89261.2
89612.3
89960
90303
90646.8
90983.3
91302.4
91601.5
91882.4
92138.5
92367.5
92570
92745.3
92890.3
92998.6
93070.5
93114.9
93143.5
93144.9
93105.7
93043.6
92951.3
92847.4
92734.7
92608.5
92462.7
92299.4
92128.5
91940.8
91739.9
91532
91328.1
91131.5
90929.8
90719.4
90497.7
90260.8
90007.9
89736.1
89448
89144.7
88820.4
88471.8
88098
87690.8
87241.5
86742.3
86192.1
85568.3
84869.7
84104.7
83291.4
82506.6
81738.6
80962.1
80218.4
79537.9
78930.4
78411.2
78027.5
77767.8
108382
108376
108362
108340
108310
108273
108226
108172
108108
108034
107950
107856
107752
107637
107512
107377
107232
107076
106909
106732
106544
106345
106138
105923
105701
105472
105236
104993
104744
104489
104229
103965
103696
103417
103125
102824
102517
102211
101909
101606
101303
101000
100690
100383
100079
99777.5
99480.4
99186.8
98897.6
98612.5
98332
98056
97785
97519.2
97258.5
97002.9
96752.5
96507.4
96267.3
96032.2
95801.6
95575.2
95352
95132
94913.4
94696.2
94478.4
94259.4
94038.2
93813
93583.3
93347.8
93105.7
92856.5
92599.4
92334.2
92060.9
91779.2
91489.4
91191.9
90888.1
90579.3
90266.3
89951.5
89636.6
89323.5
89014.5
88712.4
88419.9
88138.4
87869.6
87615.5
87377.3
87156.7
86953.9
86770.7
86609.2
86470.2
86354.6
86263.9
86199.7
86160
86150.1
86168.6
86215.3
86292
86397
86529.7
86690.6
86877.8
87085.6
87317
87567.3
87834.3
88115.8
88411
88715.8
89030.8
89352.1
89675.1
89995.2
90312.2
90629.4
90942
91242.5
91529.5
91800.5
92053.9
92281
92484
92664.5
92816.6
92940.6
93028.8
93082.1
93113.2
93121
93105.1
93052.3
92978
92872.2
92754.8
92629.3
92489.7
92328.1
92149.3
91964.5
91764.6
91551.4
91335.7
91122.3
90917.8
90709.3
90489.2
90257.5
90010.7
89751.6
89477.2
89190.9
88893.6
88580.5
88247.4
87889.6
87501.9
87074.3
86603
86087.8
85496.9
84845.3
84130.8
83364.8
82623
81895.8
81132.2
80426.9
79780.6
79203.2
78715.8
78368.8
78126.9
107328
107324
107313
107296
107272
107240
107200
107153
107098
107034
106961
106879
106789
106690
106582
106464
106338
106200
106053
105896
105729
105553
105370
105181
104986
104786
104580
104368
104152
103930
103703
103474
103240
102994
102734
102465
102194
101926
101660
101394
101128
100857
100585
100314
100045
99777.7
99514.1
99254.3
98997.9
98745
98496.3
98251.6
98011.2
97775
97543.3
97316.3
97093.5
96875.2
96661.4
96451.9
96246.3
96044.3
95844.9
95648.1
95452.1
95256.6
95060.5
94862.4
94661.6
94456.5
94246.1
94029.3
93805.3
93573.6
93333.6
93085
92828.1
92563
92289.4
92007.1
91716.9
91420
91117.8
90812
90505.4
90199.5
89897.3
89601
89313.1
89036.4
88772.3
88521.4
88285.5
88066.7
87864.5
87680.3
87516
87372.5
87252.2
87153.8
87080.1
87031.4
87009.7
87014.4
87045.6
87105.3
87192.8
87306.5
87446.2
87612.8
87801.2
88010.7
88237.4
88481.7
88738.3
89006.9
89283.2
89565.5
89854.1
90144.2
90431.4
90716.9
90997.6
91272.9
91540.9
91794.1
92030
92250.4
92449.2
92623.9
92776.3
92900.8
93002.1
93070.1
93105.3
93117.8
93104.6
93066.5
92996
92906.4
92786.7
92654.8
92513.5
92359.3
92180
91985.9
91785.9
91572
91344.5
91118.3
90897.3
90682.9
90466
90236.2
89994.9
89737.8
89470.9
89192.9
88911.1
88620.6
88321.2
88004.6
87664.7
87299.9
86896.8
86457.2
85977.2
85424.7
84829.4
84168.2
83454.2
82758.7
82045
81330.9
80671.2
80051
79526
79084.5
78756.1
78532.4
106214
106212
106204
106191
106171
106145
106113
106073
106027
105973
105913
105845
105770
105687
105596
105497
105388
105271
105144
105008
104864
104712
104555
104394
104229
104061
103887
103709
103526
103339
103147
102954
102755
102541
102315
102083
101853
101624
101397
101169
100939
100706
100473
100240
100008
99779.6
99552.8
99328.7
99107.9
98890.3
98676.2
98464.9
98257.2
98053.4
97853.1
97656.4
97463.5
97274.5
97089
96907.1
96728.5
96553.1
96379.4
96207.5
96036.6
95865.1
95692.7
95517.9
95339.9
95157
94968.3
94772.7
94569.1
94356.7
94135.4
93904.6
93664.5
93416.7
93160.6
92896.3
92623.5
92342.8
92055
91761.7
91466.1
91170.1
90876.4
90587.9
90306.7
90034.8
89775.4
89528.6
89295.2
89077.4
88876.5
88691.1
88524.9
88378.2
88252.2
88146.1
88062.9
88003.3
87968.1
87957.9
87972.6
88013.7
88079.9
88171.9
88287
88427.5
88590.2
88773.6
88972.1
89187.6
89416.4
89654.3
89900.9
90151.3
90404.5
90659.1
90911.6
91161.5
91405.9
91643.9
91873.5
92089.9
92291.8
92477.7
92644.9
92790.2
92911.6
93004.9
93077
93124.7
93139.9
93131.5
93097.2
93037.6
92948.2
92839
92702.7
92550
92391.5
92220.5
92022.7
91812.7
91595.1
91364.3
91121
90881.9
90653.6
90429.1
90201.6
89963.2
89711.4
89445.5
89172.1
88890.5
88615.1
88332.4
88047.1
87747.3
87426.2
87088.3
86712.7
86308.9
85862.8
85356.9
84820.7
84217.8
83562.5
82915.5
82248.3
81576.1
80956.8
80381.7
79890.5
79503.4
79219.1
79002.5
105057
105058
105053
105041
105027
105008
104984
104952
104915
104874
104826
104772
104712
104645
104573
104492
104405
104308
104204
104090
103970
103845
103717
103586
103453
103316
103175
103030
102880
102727
102573
102417
102250
102069
101879
101688
101499
101312
101125
100938
100744
100551
100358
100166
99974.1
99784.2
99596
99410.7
99227.6
99046.8
98868.7
98693.4
98520.8
98350.7
98183.6
98019.6
97858.4
97700.3
97545.4
97393.6
97244
97097.2
96952
96807.5
96663.6
96518.6
96372
96222.5
96069.4
95911
95746.3
95574
95393.1
95203.2
95003.1
94792.7
94571.3
94340.2
94101.3
93854.5
93599.6
93337.9
93068.1
92791.3
92509.9
92227.9
91946.2
91667.7
91396
91130.8
90876.1
90633.7
90403.5
90186.1
89985.2
89797.1
89629.6
89478.3
89346.7
89233.9
89141.6
89070.6
89021.2
88995
88991.8
89012.8
89055.9
89124.3
89214.1
89326.1
89458.5
89610.1
89778
89958.8
90155.4
90358.2
90569.6
90786.6
91002
91217.6
91434.1
91647.5
91852.5
92051.1
92243.8
92423.4
92587.3
92735.2
92867.5
92981.2
93071.8
93135.2
93174.3
93195
93186.7
93150.7
93088.6
93008.2
92902.5
92773.2
92619.3
92447.3
92268.1
92076.2
91859.5
91633.1
91396.1
91144.4
90885.4
90632.9
90395.3
90160.8
89918.7
89671.1
89409.4
89136.9
88859.4
88577.3
88307.1
88032.7
87760.3
87476.8
87178.9
86870.7
86525.8
86161.5
85751
85296.5
84818.9
84277.9
83686.6
83092.2
82480.5
81858.7
81278.1
80756.8
80287.8
79963.1
79709.8
79546.2
103878
103883
103883
103880
103870
103856
103838
103817
103791
103758
103723
103683
103639
103589
103533
103470
103402
103327
103245
103157
103064
102969
102871
102771
102670
102565
102457
102345
102230
102114
101996
101871
101734
101587
101438
101289
101141
100995
100848
100701
100548
100396
100245
100093
99942.7
99793.7
99646
99499.9
99355.5
99213.5
99073.8
98935.3
98798.9
98664.6
98532.4
98402.4
98275.1
98150.3
98027.7
97907.8
97789.8
97673.1
97558
97443.2
97327.7
97210.6
97091.2
96967.9
96840.6
96708.3
96568.9
96422
96265.6
96099.9
95924.4
95738
95540.1
95329.6
95109.8
94880.9
94643.5
94399.7
94149.4
93891.9
93628.4
93362.3
93096.7
92831.8
92571.5
92316.2
92068.6
91831.1
91604.8
91387.4
91189.2
90995.3
90826.1
90670.4
90531
90409.2
90306.1
90223.1
90160.1
90117.3
90095.6
90096.1
90115.9
90158.4
90221.6
90303.2
90405.3
90522.8
90655.7
90799.5
90959.2
91125.3
91296.3
91474.5
91652.7
91826.6
92000.7
92175.1
92342.7
92499
92649.8
92790.8
92918.4
93029.3
93122.3
93198.3
93255.9
93288.4
93297.3
93285.9
93248.4
93185
93098.4
92991.4
92863.3
92711.5
92538.4
92352.7
92146.9
91931.4
91696
91450.4
91193.2
90920.2
90644.8
90378.8
90128.9
89881.2
89621.5
89363.6
89092.6
88815.3
88536.7
88255.8
87991.4
87724.9
87465.8
87199.7
86929.4
86650.9
86341.5
86018.6
85647.6
85244.8
84823.6
84347.4
83821.7
83283.5
82732.5
82173.2
81626.7
81168.8
80728.6
80451.5
80201.4
80137.4
102691
102698
102702
102702
102699
102693
102684
102672
102656
102635
102609
102582
102552
102518
102479
102437
102390
102339
102283
102223
102159
102092
102027
101963
101894
101820
101744
101666
101585
101502
101413
101316
101212
101105
100997
100890
100784
100679
100574
100467
100356
100246
100136
100026
99917
99808.9
99701.9
99596.7
99492
99388.3
99289.3
99188.9
99090.2
98992.6
98897.1
98803.2
98710.7
98620.9
98532.4
98445.4
98360.1
98275.2
98191.1
98108.1
98022.1
97934.1
97844.1
97748.1
97646.7
97541.7
97427.7
97308.2
97176.8
97035.9
96885.9
96724.9
96553
96367.4
96173.3
95965.5
95747.5
95522.5
95291.6
95053.6
94809.6
94562.4
94314.5
94066.3
93820.6
93577.7
93340
93109.2
92889.4
92670.3
92474.7
92283.8
92106.4
91949.5
91803.3
91669.2
91554.8
91457.4
91377.7
91317.8
91275.8
91254.6
91251.8
91267.4
91303
91354.1
91422.4
91505.8
91602.9
91708.5
91827.5
91955.8
92085.6
92219.5
92357.7
92491.7
92619.4
92748.8
92876
92991.2
93099.7
93198
93283.9
93356.9
93411.4
93448.6
93468.8
93466.4
93442.5
93398.4
93329.8
93238.3
93125.8
92992.6
92836.4
92659.5
92465.6
92258.1
92029.8
91792.3
91535.8
91265.9
90989.2
90695
90405.8
90125.9
89859.5
89595.1
89316.7
89045.7
88764.9
88486.2
88207.8
87930.4
87672.3
87414.7
87169.9
86922.7
86682.1
86434.1
86164.3
85883.1
85556.3
85207.5
84839.3
84428.2
83968.5
83493.7
83004.9
82513.7
81986.3
81612.6
81240
81010.4
80933.1
80778.2
101511
101521
101528
101532
101536
101538
101538
101535
101529
101520
101507
101487
101470
101457
101439
101418
101394
101365
101334
101300
101265
101230
101196
101163
101124
101081
101036
100988
100938
100884
100825
100762
100696
100630
100564
100499
100435
100371
100307
100240
100171
100103
100034
99966
99898.8
99832.2
99766.2
99701.3
99637.1
99574.2
99512.5
99451.3
99391.5
99332.2
99274.1
99217.7
99162
99107.6
99054.5
99002.2
98950.5
98899
98847.5
98795
98740.3
98682.7
98621.5
98555.5
98483.1
98403.7
98316.7
98222.3
98118.9
98006.3
97881.8
97746.9
97601.2
97443.4
97273.2
97090.7
96897.5
96694.5
96484.6
96267.8
96045
95818.7
95590.4
95361.2
95131.6
94904.2
94677.9
94456.7
94240.5
94032
93832.1
93645
93465.7
93301
93151.7
93007.8
92881.3
92771
92672.8
92594.1
92531.9
92485.7
92459
92446.6
92451.3
92472.4
92506.2
92553.3
92614.5
92682.3
92758.6
92845.6
92935.3
93024.5
93117.8
93210.3
93293.1
93376.1
93457.8
93528.7
93593.8
93646.5
93687.7
93719.9
93733
93729.9
93711.6
93672
93613
93534.1
93433.8
93312.4
93171.2
93009.1
92824.1
92622.2
92404.5
92170.8
91920.8
91661.2
91380.9
91087.3
90789.8
90471.8
90171.4
89877.4
89591
89305.4
89006.9
88723.4
88434.6
88155.9
87878.3
87607.3
87353.6
87106.1
86877.8
86652.4
86442.6
86226.1
85998.4
85758.4
85480.1
85188
84871.8
84527.4
84129.4
83721.8
83298.7
82860.1
82400.9
82082.9
81800
81642.2
81643.8
81461.8
100354
100367
100377
100388
100398
100408
100417
100424
100431
100438
100444
100449
100448
100440
100434
100429
100423
100415
100407
100397
100388
100379
100371
100364
100356
100345
100331
100313
100294
100274
100252
100228
100203
100177
100151
100126
100102
100078
100053
100026
99998.2
99970.4
99942.9
99915.6
99889.2
99863.4
99838.1
99813.9
99789.9
99766.8
99744.7
99722.6
99701.4
99681
99660.9
99641.9
99623.5
99605.5
99588.2
99571
99553.8
99535.8
99516.9
99495.9
99472.3
99444.8
99412.2
99374.5
99331.4
99280.8
99221.8
99154.6
99078.6
98993.9
98898.2
98790.6
98672.4
98542.5
98400.3
98245
98077.6
97899.8
97713.6
97520.9
97322
97119.2
96912.7
96704
96492.7
96281.4
96069.3
95859.6
95651.9
95450.5
95253.7
95067.4
94889.8
94718.4
94562.9
94413
94275.3
94153.8
94039.2
93941.4
93860.1
93788.6
93735.2
93694.7
93666.6
93655.9
93654.3
93662.3
93686.1
93716
93750
93793.5
93841.2
93887.1
93934.1
93980.9
94019.7
94056.5
94089
94113.4
94132.6
94138
94133.6
94121.4
94090.4
94044.8
93985.6
93906.9
93810.8
93696.5
93563.1
93408.8
93237.8
93044.5
92831
92603
92358.7
92097.4
91825.6
91542.2
91237.9
90924.1
90599.2
90259
89947.8
89634.8
89326.4
89015.1
88701.4
88408.3
88111.3
87832.2
87552.7
87287.9
87041.9
86806.3
86595.9
86394.6
86216.5
86032.3
85847.3
85647.1
85422.5
85185.3
84925.1
84645.8
84306.7
83972
83617.7
83247.8
82873.2
82597.3
82395.7
82307
82140.3
82227.1
99235.8
99250.4
99263.3
99278.3
99295.3
99313.4
99331.6
99350.1
99368.2
99386
99403.3
99420.8
99437.2
99453
99466
99477.2
99489.1
99505.1
99519.5
99532.9
99547.2
99562.9
99580.2
99596
99612.7
99630.9
99648.6
99663.6
99676.9
99690.6
99705.5
99720.8
99735.5
99749.5
99763.4
99777.7
99791.8
99805.2
99817.9
99829.7
99840.8
99852.5
99864.6
99877.1
99890.3
99904.2
99918.8
99934.1
99949.9
99966
99983
100000
100017
100035
100053
100072
100090
100109
100127
100144
100161
100177
100190
100201
100207
100210
100207
100197
100182
100160
100130
100092
100045
99987.5
99920.4
99841.4
99750.9
99648.3
99534.6
99409.4
99271.4
99121.6
98962.5
98796.1
98623.6
98446.2
98263.7
98075.6
97884.7
97690.3
97494.8
97296.9
97102.2
96908.9
96720.3
96536.8
96361.2
96188.1
96026.3
95871.8
95725
95592.8
95465
95349.4
95249.8
95154.5
95074.1
95007.3
94946.8
94900.9
94864
94833
94816.6
94807.1
94799.1
94797.9
94800.7
94803.8
94805.1
94802.6
94797.1
94787.1
94769.3
94746.6
94716.4
94673.2
94622.4
94562.5
94486.2
94395.6
94293.9
94175.3
94039.4
93888.4
93719.7
93531.7
93329.5
93104.3
92861.5
92604.7
92332.7
92046.4
91750.2
91441.3
91115.8
90778.6
90422.4
90070.6
89741.2
89400.8
89070.5
88736.3
88412.5
88108.5
87803.2
87521.4
87238.2
86980.6
86744
86523.1
86332.7
86156.9
86008.4
85857.7
85713.8
85554.7
85388.2
85198.8
85002.7
84783.1
84512.1
84250
83969
83682.1
83390
83167.2
83028.3
83014.3
82901.4
83088.4
98166.9
98184.7
98199.5
98217.8
98238.8
98263
98289.9
98319
98349.4
98380.7
98413.1
98446.4
98480.4
98515.6
98551.9
98589.4
98625.6
98657.1
98688.7
98721.2
98757.4
98795.3
98836.8
98878.2
98920.1
98965.2
99014.1
99063.1
99109.5
99154.1
99200
99248.7
99298.7
99349.3
99400.8
99453
99505.1
99556.1
99605.7
99654.5
99703.3
99752.6
99802.5
99853.2
99904.6
99956.8
100010
100063
100118
100172
100227
100282
100337
100393
100448
100503
100557
100611
100664
100715
100765
100812
100857
100898
100934
100966
100991
101011
101024
101030
101030
101020
101002
100972
100933
100884
100823
100750
100665
100568
100460
100340
100211
100073
99928.5
99777.7
99619.6
99454.1
99284.8
99109.7
98931.6
98749
98567.7
98386.3
98208.1
98032.6
97860.8
97691.2
97527.2
97370.8
97218.2
97075.2
96936.5
96806.4
96687.9
96570.8
96465.9
96372.9
96281.5
96200.8
96129.4
96061.4
96003.3
95953.1
95902.8
95856
95812.7
95771.5
95725.5
95674
95623.5
95565
95497.3
95425.5
95343.6
95252.1
95153.2
95043.6
94920.7
94784.9
94639.5
94479.1
94301.6
94112
93906.9
93685.4
93449.2
93192.2
92919.8
92631.4
92332
92021.7
91698.4
91363.9
91013.8
90648.8
90275
89912.4
89546.9
89183.2
88833.8
88480.4
88149.2
87830.3
87516.1
87228.7
86942.8
86693.8
86467.2
86265.2
86095
85944.9
85823.9
85708
85602.2
85484.3
85378.9
85235.1
85104.9
84943.6
84750.2
84564.8
84359.7
84159.1
83942.9
83798.6
83744.8
83799.3
83831.2
84053.7
97165.3
97180.6
97198.3
97220.2
97245.2
97274.3
97308.7
97347.7
97390.2
97435.4
97483.1
97532.8
97584.2
97637.1
97691.5
97747.7
97805.3
97863.5
97922.8
97982.6
98040.7
98101
98162.3
98226.5
98293.4
98363.2
98437.9
98517.6
98598.1
98675.7
98751.7
98829.5
98910.2
98992.7
99076.6
99161.7
99247.8
99333.9
99418.9
99503.3
99588.2
99673.4
99758.6
99845.1
99932.8
100021
100110
100200
100291
100382
100474
100565
100657
100748
100838
100927
101016
101103
101189
101272
101353
101430
101505
101575
101640
101699
101753
101801
101842
101877
101904
101923
101933
101933
101923
101902
101869
101825
101771
101704
101625
101536
101436
101327
101212
101088
100954
100814
100668
100515
100356
100193
100028
99863.2
99697.6
99531.8
99367.6
99206.1
99045.8
98890.9
98736.8
98586.1
98439.2
98297.7
98161.7
98026.3
97899.8
97779.1
97658.7
97546.6
97441.3
97337.5
97239.6
97148.1
97055.6
96964.2
96875.6
96787.3
96692.8
96594
96495.8
96387.5
96270.1
96147.5
96015.1
95875.1
95725.7
95565.9
95396
95214.5
95024.2
94819.6
94600
94370.6
94128.3
93872.6
93600.7
93313.1
93011
92690.5
92363.2
92025.7
91676.6
91313.4
90936.7
90551.9
90165.6
89771.4
89374.8
88997.4
88625.3
88256.5
87916.3
87577.8
87255.3
86961.5
86676.7
86437.7
86221.3
86039.6
85887.9
85764.1
85669.4
85587.9
85517.7
85439.1
85395
85300.7
85230.8
85135.9
85022.2
84917.2
84788.7
84665.7
84528.2
84479.3
84525.1
84626.3
84768.2
85103.3
96378.7
96397.8
96416.4
96444
96475.6
96511.1
96551.7
96598.4
96649.4
96704.7
96763.5
96825.3
96890.1
96957.8
97027.8
97099.8
97173.4
97248.3
97325.1
97403.8
97484.2
97566.2
97648.8
97733.4
97821.3
97912.2
98006.3
98104.4
98207.4
98312.3
98415.8
98519
98624.2
98731.7
98840.7
98950.8
99062
99173.9
99285.9
99398.1
99511.3
99625.5
99739.3
99853.9
99970.1
100088
100206
100325
100445
100566
100686
100807
100928
101048
101167
101285
101402
101517
101629
101738
101845
101947
102046
102140
102229
102313
102391
102463
102529
102589
102641
102685
102719
102744
102759
102764
102757
102738
102708
102667
102614
102552
102479
102396
102305
102206
102097
101980
101858
101727
101589
101448
101305
101159
101009
100858
100708
100559
100408
100257
100106
99952.9
99803.9
99657.5
99511.3
99365
99223.2
99081.5
98939.7
98803.2
98668.5
98534.8
98404.4
98276.3
98147.6
98018.8
97889.8
97758.4
97621.7
97481.2
97337.7
97184.5
97021.7
96853.2
96676.3
96490.6
96294.8
96090.1
95876.4
95652.7
95419.2
95173.1
94915.5
94647.6
94370.1
94080.8
93777.8
93463.4
93130.7
92782.5
92426.6
92060.4
91687.8
91300.4
90901.4
90497.8
90078.3
89658.3
89249.8
88852.2
88456.2
88078.7
87720.2
87363.8
87037.6
86739
86458.2
86227.3
86019.6
85856.8
85723.2
85624.2
85550.5
85503.6
85468.3
85433
85427.2
85397
85379.4
85351.8
85320.6
85301.5
85252.6
85204.6
85156.2
85196.5
85324.2
85488
85705.7
86190.2
95801.6
95815.8
95833.4
95870.4
95907.4
95953.3
96000.8
96055.1
96114.1
96177
96243.2
96313.5
96387.7
96466
96547.6
96631.2
96716
96802
96890.4
96981.6
97076.3
97174.8
97276.4
97379.5
97483.8
97590.1
97699.5
97812.1
97928.7
98049.4
98172.3
98295.3
98419.4
98545.8
98673.9
98803.4
98933.8
99064.9
99196.7
99329.2
99463.3
99599.2
99735.4
99871.5
100009
100148
100288
100430
100572
100715
100859
101002
101145
101288
101429
101569
101708
101844
101976
102106
102232
102355
102473
102587
102695
102799
102897
102990
103076
103156
103229
103293
103349
103395
103431
103456
103468
103469
103460
103440
103410
103370
103319
103258
103189
103111
103024
102931
102830
102721
102606
102488
102365
102238
102107
101974
101840
101707
101567
101425
101280
101132
100986
100841
100690
100539
100388
100232
100077
99922.4
99765.2
99609.4
99453.7
99295.3
99137.7
98978.5
98815.2
98648.1
98476.9
98300
98117.6
97926.1
97723.7
97516.2
97300.6
97074.2
96838.7
96594.8
96342.6
96081
95808.4
95526.1
95234.5
94931.3
94621.5
94301.8
93973.3
93632.9
93272.3
92902
92519.5
92126.5
91729.9
91319.8
90898.8
90461.9
90020.3
89587.8
89163.1
88739.7
88332.7
87943.6
87562
87197.2
86869.5
86564.9
86289.2
86063.1
85863.5
85716.8
85600
85522.3
85467.1
85454.9
85449.7
85457.6
85491.8
85511.9
85549.6
85595.2
85642.8
85715.7
85756.4
85788
85834.5
85971.6
86166.7
86397.3
86719.5
87278.1
95294.4
95302.1
95323.7
95364.1
95409.9
95470.4
95522.6
95588.4
95656
95725.6
95798.5
95876.9
95960.6
96049.3
96143.3
96237.1
96332.1
96427.8
96525.4
96626.2
96731.8
96842.9
96959.6
97080.1
97202.1
97324
97446.1
97571.1
97700.2
97833.4
97970.2
98109.3
98249.8
98392.3
98537.1
98683.8
98831.8
98980.6
99130
99280.1
99431.9
99585.8
99741.3
99896.5
100053
100211
100370
100531
100693
100855
101018
101181
101344
101506
101667
101826
101983
102137
102288
102436
102580
102720
102855
102986
103112
103233
103350
103461
103565
103663
103754
103837
103910
103973
104025
104067
104097
104116
104125
104124
104113
104093
104062
104022
103974
103917
103852
103781
103702
103616
103524
103429
103328
103222
103111
102999
102884
102766
102640
102508
102374
102236
102098
101956
101805
101653
101495
101330
101164
100995
100820
100645
100467
100283
100101
99913.4
99719
99520.8
99317.5
99106.3
98888.6
98661.3
98423.1
98179.7
97926.4
97661.9
97389.8
97109.2
96820.6
96522.5
96213.6
95897.4
95572.4
95236.6
94894.7
94546.9
94195.3
93827.9
93445
93051.9
92644
92229
91803.2
91369.2
90924.1
90464.2
90008
89556.3
89105.7
88669.6
88252.1
87838.4
87442.6
87077.1
86745.1
86434
86163.3
85938.8
85749.9
85616
85514.3
85457.1
85424.9
85437
85464.3
85513.6
85587.7
85653.1
85746.5
85877.6
86005
86166.7
86306.6
86424.1
86567.5
86806.6
87082.1
87341.7
87780.8
88405.1
94842.1
94845.7
94870.3
94920.1
94978.4
95047.4
95112.3
95191.7
95267.7
95342.5
95420.7
95506.1
95598.9
95699.2
95803.4
95908.5
96013.4
96118.1
96224.2
96333.4
96447.3
96567.6
96695.1
96828.1
96964.7
97102.4
97238.9
97374.8
97513.4
97656.9
97805.1
97957
98111.3
98267.8
98426.8
98588.1
98751.6
98916.4
99081.8
99247.6
99414.5
99583.6
99755
99927
100100
100274
100451
100629
100807
100986
101166
101346
101526
101705
101882
102058
102231
102401
102568
102731
102890
103045
103196
103341
103483
103620
103752
103879
103999
104112
104217
104313
104400
104477
104543
104599
104644
104679
104705
104720
104727
104724
104712
104692
104664
104628
104584
104535
104478
104413
104345
104273
104194
104109
104021
103931
103836
103734
103623
103507
103388
103263
103136
102999
102852
102700
102539
102368
102195
102015
101827
101637
101440
101236
101032
100819
100598
100373
100140
99897.7
99648
99388.2
99117.6
98840
98551
98252.5
97946.7
97631.2
97308.1
96976.1
96634.3
96285.3
95928.5
95563.1
95190.3
94816.4
94440.2
94050.1
93649.7
93231.1
92803.7
92365.4
91912.5
91455.1
90988.6
90513.4
90034.8
89556.5
89093.1
88645.2
88202.2
87771.3
87370.3
87001.7
86661.3
86346.8
86079.7
85855
85679.3
85556.8
85468.1
85430
85420.8
85458.8
85522.8
85604.2
85717.1
85837.7
85990.7
86200.1
86422.3
86661.5
86901
87117.3
87359
87662
88029.6
88280.2
88856.7
89606.1
94431
94431.3
94467
94529.8
94603.2
94686.9
94762.9
94854.2
94937.7
95021.1
95105.7
95196.3
95296.4
95405.9
95520.7
95636.3
95750.5
95863.6
95977.7
96094.8
96216.6
96344.7
96480.2
96622.2
96768.2
96917.1
97066.8
97215.7
97363.8
97515.1
97672
97834
97999.8
98168.6
98339.8
98513.4
98689.9
98868.5
99048.2
99228.1
99408.8
99591.3
99775.8
99962.2
100150
100339
100530
100722
100914
101108
101303
101497
101691
101885
102077
102266
102453
102637
102818
102994
103167
103334
103498
103658
103813
103963
104108
104247
104378
104502
104617
104723
104821
104908
104986
105054
105113
105163
105203
105234
105256
105270
105275
105273
105264
105247
105224
105195
105159
105117
105073
105023
104965
104903
104839
104771
104696
104612
104519
104422
104321
104212
104095
103967
103825
103676
103514
103342
103165
102978
102781
102580
102369
102150
101927
101693
101449
101200
100940
100671
100392
100103
99802.5
99493.1
99172.3
98843.7
98506.6
98158.4
97803.3
97440.6
97068.5
96688.3
96302.5
95909.2
95508.5
95108.8
94708.5
94301.9
93882.4
93443.4
92997.6
92534.5
92060.8
91581.2
91092.1
90593.9
90091.3
89600.3
89124.4
88652.7
88192.5
87754.6
87349.9
86970.1
86619.8
86305.2
86041.1
85816.4
85652.6
85540.7
85465.2
85443.7
85457.1
85525.9
85621.9
85738.4
85886.1
86069.4
86287.7
86580
86903.9
87206.3
87539.8
87869.3
88215
88563.3
88979.7
89293.2
90013.8
90883.7
94035.5
94040.3
94106.8
94186.9
94279.3
94382
94468.1
94568.2
94661.8
94752.6
94844.3
94941.1
95047.8
95165.4
95288.9
95412.6
95534.3
95654.7
95776.3
95901
96030
96165.1
96307.4
96456.5
96609.9
96766.2
96924.9
97084.7
97243.9
97403.9
97567.8
97737.4
97912.1
98090.7
98272.3
98456.7
98644
98834.3
99026.4
99219
99412.2
99606.7
99802.7
100001
100201
100403
100606
100810
101015
101221
101428
101635
101842
102048
102253
102454
102653
102849
103041
103229
103413
103592
103768
103938
104103
104263
104416
104563
104702
104834
104957
105071
105177
105274
105362
105442
105512
105574
105627
105671
105708
105737
105758
105773
105780
105781
105777
105768
105752
105733
105710
105682
105647
105608
105568
105521
105466
105402
105330
105255
105173
105080
104975
104855
104721
104578
104420
104251
104074
103884
103683
103474
103251
103021
102782
102530
102268
101998
101715
101422
101118
100802
100476
100138
99789.1
99433.4
99067.7
98689.5
98305
97914.6
97515
97106.4
96693.1
96273.4
95848.4
95423.9
95002.7
94581.4
94143.7
93690.6
93223.7
92740.9
92247.9
91742.5
91227.5
90708.4
90191.7
89690.2
89190.9
88703.3
88236.9
87794.6
87377.4
86985.1
86626.2
86313.4
86049.8
85825.3
85671.9
85568.4
85508.4
85500.7
85539.4
85633
85754.9
85927.5
86107.9
86347.1
86637.7
87021.3
87429.9
87805.2
88227
88677.3
89143.9
89587.9
90030.2
90472.7
91316.3
92237.7
93603.4
93656.2
93778.5
93871.9
93995.5
94114
94221.4
94328.7
94431.6
94530.5
94629.9
94734
94847.6
94971.7
95100.9
95229.7
95357.1
95484.3
95613
95744.2
95879.2
96020.9
96169
96323.2
96482.5
96645.1
96810.6
96978.4
97147.4
97316.8
97488.1
97664
97845.6
98032
98222.2
98415.6
98612.3
98812.6
99015.3
99218.7
99422.9
99627.8
99834.2
100043
100253
100466
100680
100894
101110
101326
101543
101761
101979
102196
102411
102623
102833
103040
103242
103439
103632
103820
104004
104182
104354
104520
104680
104832
104977
105115
105244
105365
105479
105583
105680
105768
105847
105920
105984
106040
106089
106131
106166
106196
106219
106236
106251
106260
106263
106265
106263
106256
106243
106228
106211
106185
106151
106108
106060
106007
105945
105867
105774
105665
105542
105408
105259
105097
104924
104735
104533
104318
104088
103847
103596
103330
103054
102765
102463
102150
101823
101485
101135
100773
100399
100019
99627.8
99223.1
98812.4
98397
97972.4
97538.3
97098.7
96654.8
96207.9
95762
95323.3
94886.4
94436.1
93970.5
93485.9
92986.7
92472
91942.6
91408.4
90871
90337.3
89813.5
89302.1
88809.7
88338.4
87884.1
87451.5
87050.5
86686.6
86373.5
86109.5
85883.3
85741.9
85645.6
85598
85605
85669.6
85776.8
85933.4
86165.4
86385.5
86680.3
87059.5
87521.9
87987.9
88453.5
88967.1
89546.1
90138.4
90739.9
91211.4
91870.2
92770.1
93692.9
93233.8
93343
93509.9
93648
93773.6
93896.7
94016.5
94131.5
94241.9
94349
94456.2
94567.3
94687
94816
94948.9
95081.3
95212.9
95345.7
95480.5
95617.7
95758.6
95905.6
96058.9
96217.2
96381.1
96549.2
96720.4
96894.4
97070.8
97248.7
97427.9
97610.4
97797.9
97990.5
98187.7
98388.7
98593.5
98802.1
99013.4
99225.9
99439.4
99653.4
99868.8
100086
100306
100528
100751
100974
101198
101423
101649
101876
102103
102330
102554
102776
102995
103210
103420
103625
103825
104019
104209
104392
104569
104739
104903
105060
105209
105351
105485
105611
105730
105840
105943
106038
106125
106206
106279
106345
106405
106458
106506
106549
106586
106620
106650
106676
106699
106720
106738
106750
106760
106768
106773
106768
106755
106736
106712
106681
106636
106573
106495
106400
106290
106171
106033
105881
105716
105531
105331
105114
104877
104629
104367
104090
103802
103499
103182
102851
102506
102149
101779
101394
101000
100598
100185
99758.1
99324.6
98885.9
98438.5
97982.4
97518.5
97052.1
96585.8
96122.7
95668.6
95218.4
94760.1
94282.6
93785.3
93271.2
92737.1
92187.9
91638.8
91079.2
90522.9
89985.2
89469.8
88971.6
88489
88019.7
87577
87171.9
86804.1
86487.1
86227
86001.8
85862.3
85773
85736.8
85762
85849.9
85977
86166.9
86427.1
86706.7
87070.7
87548.6
88091.9
88616.8
89173.9
89791
90486.6
91179.1
91943.1
92542.2
93362.1
94305.7
95256.6
92962.9
93175
93313.6
93448
93583.7
93716.6
93844.1
93966.9
94085.3
94200.6
94315.3
94433.2
94558.7
94691
94826.3
94962
95097.5
95234.6
95374.2
95516.5
95663
95814.3
95971.9
96134.4
96302.1
96474.7
96650.4
96829.5
97012
97196.8
97383.3
97572.3
97765.4
97963.6
98166.7
98374.1
98585.4
98800.9
99019.5
99239.7
99460.7
99682.4
99905.5
100131
100358
100588
100819
101050
101281
101512
101745
101981
102217
102452
102685
102915
103140
103362
103578
103788
103992
104191
104384
104570
104751
104924
105090
105250
105402
105547
105684
105814
105936
106050
106158
106258
106351
106439
106519
106593
106662
106725
106784
106839
106889
106937
106982
107024
107064
107103
107140
107172
107203
107233
107258
107274
107284
107289
107288
107277
107249
107203
107141
107063
106971
106868
106745
106606
106449
106270
106075
105858
105619
105366
105096
104811
104512
104197
103869
103525
103164
102791
102404
102002
101590
101171
100739
100294
99839.6
99380.5
98912.6
98436.2
97950.5
97463.6
96980.8
96504.8
96037.9
95579.1
95114.6
94628.9
94122.6
93595.7
93046.9
92482.1
91910.2
91329.9
90760.5
90215.3
89696.1
89188.3
88691.9
88209.4
87758.7
87353.9
86983.6
86662.4
86398.5
86177.8
86039.5
85952.5
85930.7
85976.4
86083.8
86251.1
86458.6
86741.3
87098.2
87536.4
88099.9
88711.5
89321.9
89989.7
90723.4
91505.8
92277.8
93152.3
93942
94881.2
95904.4
96910.6
92768.5
92983.8
93144.3
93288.2
93431.6
93571.8
93708.4
93839.3
93964.5
94086.8
94208.6
94332.5
94462
94596.6
94733.5
94871.5
95010.2
95150.9
95294.6
95440.7
95591.2
95746.5
95907.5
96073.5
96244.5
96420.6
96600.2
96783.4
96970.2
97160.3
97353.1
97548.1
97746.3
97949.3
98157.2
98369.6
98586.4
98807.4
99031.8
99258
99484.8
99712.9
99942.3
100174
100408
100645
100881
101118
101354
101591
101831
102074
102317
102559
102798
103034
103265
103490
103710
103924
104131
104333
104528
104716
104898
105073
105241
105402
105556
105702
105841
105972
106097
106214
106324
106428
106526
106618
106704
106785
106861
106932
107000
107065
107127
107187
107245
107301
107357
107412
107465
107516
107567
107617
107661
107698
107729
107757
107778
107785
107775
107746
107703
107645
107572
107486
107379
107254
107108
106938
106749
106536
106298
106042
105766
105475
105170
104846
104509
104154
103782
103398
102999
102583
102159
101725
101278
100817
100346
99870.8
99385.5
98890.2
98386.5
97881.8
97385.5
96899.8
96424.9
95961.6
95493.5
95005
94493.1
93957.6
93397.7
92819.3
92217.3
91626.7
91052.7
90501
89977
89457.2
88948.9
88456.5
87996.7
87594.5
87222.5
86896.6
86627.9
86410.6
86272.4
86187.9
86183.6
86246.1
86369.2
86587.6
86815.3
87144.2
87581.5
88106.1
88748.5
89386.9
90093.9
90892.6
91744.5
92601.7
93454.8
94411.5
95389
96438.9
97564.8
98614.9
92616.2
92755.7
92981.3
93157.1
93305
93447.4
93592.2
93730.9
93862.3
93990.7
94118.1
94247
94379.7
94516.5
94655.6
94796.5
94938.3
95082.4
95229.5
95379.2
95533.1
95692
95856.1
96025.4
96199.2
96378.5
96561.8
96748.6
96939.1
97133.7
97331.9
97532.4
97735.8
97943.4
98155.6
98372.4
98594.1
98819.9
99049.1
99280.2
99512.3
99745.7
99980.7
100218
100458
100700
100942
101184
101425
101667
101913
102162
102410
102658
102902
103142
103377
103606
103828
104044
104254
104457
104653
104842
105025
105200
105369
105530
105684
105831
105969
106102
106227
106345
106458
106564
106665
106760
106850
106936
107019
107097
107173
107247
107318
107389
107459
107528
107598
107669
107738
107806
107876
107944
108007
108064
108118
108168
108208
108233
108241
108232
108210
108172
108119
108050
107960
107850
107716
107556
107375
107167
106933
106677
106399
106104
105793
105464
105120
104758
104379
103986
103577
103152
102716
102269
101811
101339
100855
100366
99866.9
99355.1
98836.5
98316.9
97808.1
97314.4
96836
96370.8
95903.2
95416.1
94902.5
94362.6
93792.4
93200.3
92579.5
91980.8
91400.5
90842.3
90313
89782.4
89265.6
88764.9
88298.7
87893.3
87518.7
87188.8
86918.6
86704.5
86563.4
86483.8
86497.3
86572.6
86716
86973.4
87240.1
87615.2
88122.5
88754.5
89481.8
90195.2
90998.9
91899.4
92847.9
93799.9
94714.5
95791.5
96917
98069.3
99261
100331
92433.1
92600.9
92828.8
93022.6
93180.8
93334.9
93485.6
93628.7
93765.8
93899.8
94032.2
94165.9
94303
94443.3
94585.3
94728.7
94873.8
95021.4
95171.7
95324.9
95482.6
95645.1
95812.1
95984.6
96162.1
96344.8
96531.7
96721.9
96916
97115
97318.2
97524.2
97733.1
97945.7
98162.5
98384.1
98610.2
98840.4
99073.9
99309.6
99546.8
99785.2
100026
100268
100514
100760
101008
101255
101502
101750
102001
102254
102507
102759
103007
103251
103489
103720
103944
104161
104372
104575
104771
104960
105142
105316
105484
105644
105796
105942
106080
106211
106336
106455
106568
106675
106778
106875
106968
107059
107146
107230
107313
107395
107475
107556
107637
107719
107802
107888
107972
108058
108147
108233
108315
108394
108470
108542
108601
108645
108674
108687
108687
108672
108640
108590
108517
108421
108301
108153
107981
107782
107554
107301
107023
106727
106413
106080
105732
105366
104980
104580
104164
103731
103287
102830
102363
101882
101387
100885
100377
99852.6
99322.6
98793.6
98272.9
97770.1
97289
96824.9
96362.4
95880.1
95368.6
94827.7
94249
93641.2
93015.4
92407.2
91817.9
91255.6
90719.4
90180.4
89658
89149.5
88680
88262.4
87884.3
87552.5
87282
87069.1
86926.1
86857.3
86883.4
86974.1
87150.9
87414.6
87731.3
88156.7
88744.2
89455.6
90261.8
91152.5
92040.2
93020.2
94031.8
95094.3
96080.5
97276.6
98509.7
99719.9
100913
102014
92293.1
92509.4
92717.1
92916.4
93084
93242.7
93392.1
93537.8
93680.6
93819.8
93957.6
94096.5
94237.5
94380.2
94524.6
94670.9
94819.2
94970
95124
95281.1
95442.3
95608.1
95778.8
95955
96136
96321.7
96512
96705.4
96903.4
97106.9
97314.8
97526
97740.4
97958
98179.8
98406
98636.3
98870.7
99108.2
99348.2
99590
99833.4
100079
100327
100577
100828
101082
101334
101586
101839
102093
102349
102606
102861
103113
103359
103598
103830
104055
104272
104482
104684
104878
105065
105245
105417
105582
105739
105889
106032
106168
106297
106420
106537
106649
106756
106858
106957
107052
107145
107236
107325
107413
107502
107590
107681
107772
107865
107962
108061
108161
108265
108371
108476
108578
108679
108778
108870
108950
109014
109066
109103
109128
109136
109125
109094
109037
108958
108853
108718
108559
108370
108153
107907
107633
107338
107024
106691
106341
105971
105582
105177
104757
104319
103869
103406
102933
102446
101940
101430
100916
100385
99849.7
99318.1
98792.4
98278.8
97791.6
97330.4
96876.2
96402.9
95897.6
95357.9
94776.1
94152.3
93524
92909
92313.5
91748.9
91206.7
90660
90133.4
89618.3
89145.5
88715.4
88329.8
87997.2
87722.6
87513.4
87373.6
87317.7
87352.2
87459
87668.1
87923.8
88322.8
88845.9
89537.8
90288.4
91151.5
92183.8
93128.2
94204.3
95255.5
96408.6
97513.4
98792.2
100053
101284
102463
103626
92212.7
92426.7
92613.8
92811.6
92991.1
93154
93309.4
93461.2
93608.9
93753
93896.2
94039.4
94183.3
94329
94476.8
94626.5
94778.7
94933.6
95091.3
95252
95416.8
95586.2
95760.3
95939.9
96124.3
96313.1
96506.6
96703.9
96905.8
97113
97324.9
97540.8
97760.1
97982.9
98209.7
98440.4
98674.9
98913
99154.3
99398
99643.8
99892.1
100143
100395
100648
100905
101163
101420
101677
101934
102190
102449
102708
102965
103218
103465
103704
103936
104159
104374
104581
104780
104971
105155
105331
105498
105659
105812
105957
106096
106227
106353
106472
106586
106695
106800
106901
106999
107094
107188
107281
107373
107466
107560
107656
107754
107855
107959
108068
108181
108297
108417
108541
108664
108787
108910
109031
109143
109245
109333
109408
109471
109520
109551
109561
109549
109511
109448
109359
109241
109097
108923
108720
108486
108220
107929
107618
107286
106938
106569
106179
105773
105352
104913
104460
103993
103519
103028
102518
102003
101483
100950
100420
99890.5
99372.1
98853.1
98355
97894.9
97450.9
96991.4
96496.6
95962.1
95380.4
94746.8
94114.7
93496.4
92898.3
92333.4
91785.2
91234.3
90700.7
90180.8
89702.7
89262.5
88868.7
88534.8
88257.4
88050.5
87922
87874.7
87914.9
88031.9
88264.3
88565.2
89073.3
89728.7
90500.1
91286.5
92183.2
93246.2
94228.8
95390.6
96516.8
97711.6
98966.1
100280
101532
102783
103975
105195
92147.6
92363.3
92565
92751.5
92926.7
93092.8
93252.8
93407.8
93558.9
93707.5
93854.6
94001.3
94149
94298.6
94450.3
94603.8
94759.4
94917.5
95078.3
95242.3
95410.8
95583.6
95761.4
95944.1
96131.4
96323.5
96520.2
96721.4
96926.9
97137.2
97352.6
97572.6
97796.4
98023.9
98255.3
98490.2
98728.8
98970.5
99214.9
99461.8
99711.4
99963.9
100218
100474
100731
100991
101253
101515
101776
102035
102293
102553
102812
103069
103322
103567
103805
104034
104254
104465
104667
104862
105047
105225
105395
105556
105710
105856
105996
106128
106253
106372
106486
106595
106699
106800
106898
106993
107087
107180
107273
107367
107463
107561
107662
107767
107876
107991
108111
108236
108366
108503
108644
108786
108930
109075
109217
109351
109475
109588
109690
109778
109851
109903
109935
109942
109924
109880
109810
109711
109586
109430
109244
109026
108773
108492
108187
107861
107517
107152
106766
106363
105944
105508
105057
104592
104120
103631
103123
102604
102079
101548
101030
100512
100006
99496.9
98991.2
98528.7
98095.6
97653.4
97174
96650.7
96073.3
95441
94803.8
94183.8
93584.7
93022.1
92468.2
91915.8
91376.1
90850.7
90365.6
89917
89516.7
89180.6
88906.4
88701.4
88584.7
88544.9
88588.3
88720.1
88986.5
89389.2
90007
90755.8
91545.2
92397.7
93333.3
94373.7
95404.6
96611.7
97820
99068
100429
101764
103032
104304
105522
106766
92141.3
92348.2
92540.2
92721.5
92895.6
93063.2
93225.2
93382.7
93537.2
93689.3
93840
93990.7
94142.4
94295.4
94449.8
94606
94764.3
94925.5
95089.6
95257.5
95429.6
95605.8
95786.4
95971.9
96162.2
96357.3
96556.9
96761.1
96970.2
97183.8
97402.2
97625.6
97853.3
98085.1
98320.3
98558.9
98801.1
99045.7
99292.6
99542.6
99795.4
100051
100309
100567
100827
101088
101353
101619
101882
102143
102402
102661
102918
103173
103422
103664
103897
104121
104335
104540
104736
104923
105101
105270
105431
105584
105730
105867
105997
106120
106237
106349
106454
106556
106653
106748
106840
106930
107021
107111
107202
107296
107392
107492
107597
107707
107823
107946
108076
108213
108357
108509
108667
108828
108993
109159
109323
109479
109628
109767
109894
110007
110102
110177
110231
110260
110264
110242
110194
110117
110012
109877
109712
109515
109281
109015
108722
108407
108071
107714
107337
106941
106529
106101
105655
105200
104733
104253
103751
103228
102706
102188
101685
101186
100691
100205
99707.1
99242.4
98820
98397
97939.6
97434.5
96870.2
96247.7
95607.1
94984.7
94386.2
93829.2
93272.1
92720.6
92176
91643.8
91152.5
90699.4
90297.3
89956.8
89685.4
89487.9
89377.7
89342.9
89387.7
89549.5
89872.7
90398.4
91099.1
91848.2
92640
93571.3
94570.9
95611.2
96714.5
97956.5
99201.5
100523
101933
103294
104602
105887
107127
108349
92172.4
92366.7
92552.3
92731
92904.8
93073.3
93236.6
93395.7
93552
93706.4
93859.8
94013.2
94167.2
94322.1
94478.7
94637.5
94798.6
94962.5
95129.7
95300.3
95474.7
95653
95836.1
96023.8
96216.2
96413.3
96615
96821.4
97033
97249.2
97470
97695.5
97925.8
98160
98397.6
98639.1
98883.7
99130.1
99379
99630.9
99885.7
100143
100403
100663
100923
101186
101452
101720
101984
102245
102503
102759
103013
103263
103507
103742
103969
104186
104392
104589
104776
104955
105124
105284
105435
105578
105712
105839
105959
106072
106178
106280
106376
106468
106556
106642
106727
106811
106896
106981
107068
107159
107254
107354
107460
107572
107693
107822
107960
108107
108262
108428
108600
108779
108962
109148
109333
109512
109684
109846
109996
110131
110250
110347
110424
110477
110505
110508
110483
110430
110349
110237
110096
109923
109712
109467
109192
108893
108571
108229
107865
107482
107084
106668
106237
105795
105340
104874
104380
103860
103362
102871
102381
101908
101426
100969
100499
100040
99628.7
99229.8
98802.4
98323.5
97785
97177.1
96538.5
95918.2
95324.4
94774.3
94220.8
93674.6
93129.7
92593.3
92096.6
91641.1
91244.3
90907.6
90638
90449.2
90340.7
90309.1
90370.2
90591.4
91009.8
91651
92366.5
93074.3
93877.8
94877.2
95953
97061.2
98228.4
99538.6
100786
102171
103602
104996
106341
107633
108875
110052
92228.2
92414.4
92596.3
92772.9
92944.6
93112
93275.2
93434.9
93592.1
93748
93903.2
94058.3
94213.8
94370.8
94529.7
94690.7
94853.8
95019.8
95188.8
95361.2
95537.4
95717.8
95902.7
96092.1
96286.2
96485
96688.4
96896.8
97110.2
97328.1
97550.8
97778
98009.5
98245
98484.5
98728.1
98974.1
99222.1
99472.4
99725.5
99981.3
100240
100500
100760
101021
101283
101550
101817
102080
102340
102595
102847
103097
103341
103578
103806
104025
104232
104430
104618
104796
104964
105122
105271
105411
105542
105665
105780
105888
105989
106084
106173
106258
106339
106417
106493
106568
106644
106720
106798
106880
106965
107056
107154
107259
107372
107495
107627
107771
107925
108090
108267
108453
108647
108847
109052
109257
109457
109650
109832
110003
110159
110299
110421
110522
110600
110653
110681
110682
110654
110599
110513
110398
110251
110068
109848
109596
109317
109015
108690
108345
107981
107604
107204
106799
106374
105937
105490
105013
104518
104050
103596
103124
102680
102227
101797
101365
100924
100529
100163
99769.5
99326.9
98823.9
98243.2
97615.2
97002.8
96420.9
95880.1
95336.8
94798.3
94259.2
93724.9
93226.8
92772.7
92379.4
92054.3
91796.3
91615.5
91514.2
91502.6
91625.8
91944.1
92479
93174.4
93847
94551.6
95376.9
96405.5
97535.5
98779.3
99945
101358
102630
104027
105468
106891
108253
109541
110752
111875
92330.9
92509.9
92686.2
92858.2
93026.3
93191.5
93353.8
93513.5
93671.5
93828.4
93984.7
94141.1
94298.5
94457.4
94617.9
94780.2
94944.8
95112.2
95282.9
95457.1
95635
95817
96003.4
96194.3
96389.8
96590.1
96794.9
97004.6
97219.2
97438.3
97662.1
97890.2
98122.5
98358.9
98599.6
98843.9
99090.9
99340
99590.9
99844.5
100101
100359
100619
100878
101138
101399
101663
101926
102186
102441
102692
102938
103180
103416
103643
103861
104068
104265
104451
104627
104792
104947
105092
105227
105353
105469
105578
105678
105770
105856
105936
106011
106081
106148
106213
106276
106339
106403
106468
106537
106610
106687
106773
106866
106967
107079
107202
107336
107484
107643
107817
108004
108202
108410
108628
108852
109077
109297
109508
109710
109900
110079
110244
110391
110520
110625
110705
110761
110789
110791
110766
110708
110622
110504
110353
110164
109940
109686
109409
109107
108787
108449
108092
107722
107346
106946
106538
106110
105670
105225
104787
104370
103931
103517
103108
102707
102314
101909
101541
101207
100855
100462
100003
99460.2
98851.2
98254.7
97689.2
97159
96635
96110.3
95578.3
95051
94553.7
94099
93708.7
93389.7
93152.5
92989
92916.8
92962.6
93183.9
93604.3
94208.3
94874
95516.2
96273.2
97148.8
98189.6
99353.2
100682
101887
103295
104617
106008
107442
108865
110229
111487
112646
113680
92497
92668.1
92837.3
93004.1
93168.4
93330.7
93491.2
93650
93807.6
93964.4
94121.1
94278.3
94436.5
94596
94757.1
94920.3
95086
95254.7
95426.6
95601.9
95780.9
95963.9
96151.2
96342.8
96539
96739.9
96945.3
97155.5
97370.4
97589.8
97813.8
98041.9
98274.3
98510.6
98750.9
98994.7
99241.3
99490.3
99740.9
99993.7
100249
100505
100763
101020
101278
101535
101793
102049
102302
102549
102792
103030
103261
103484
103698
103902
104095
104277
104448
104608
104757
104896
105024
105142
105250
105349
105439
105520
105594
105662
105723
105780
105832
105882
105929
105976
106023
106072
106123
106178
106240
106307
106383
106468
106564
106672
106792
106926
107077
107239
107420
107617
107826
108048
108283
108527
108770
109007
109236
109456
109668
109871
110063
110239
110397
110531
110641
110726
110786
110820
110828
110805
110752
110668
110552
110399
110209
109988
109739
109470
109178
108872
108544
108214
107866
107506
107135
106743
106356
105971
105573
105193
104801
104430
104072
103708
103365
103012
102680
102380
102080
101743
101343
100849
100268
99695.6
99160
98642.4
98135.7
97635.7
97120
96598.7
96115.1
95658.9
95272.3
94964.1
94747.8
94626
94608.4
94740.4
95058.4
95541.3
96142.8
96744.7
97389.7
98212.4
99160.1
100238
101427
102783
104037
105394
106731
108110
109519
110910
112253
113445
114524
115439
92749.8
92912.5
93074
93234.7
93394.1
93552.1
93709.1
93865.4
94021.1
94176.6
94332.3
94489
94646.7
94805.9
94966.9
95130.1
95296
95464.8
95636.8
95812
95991.1
96174.1
96361.1
96552.5
96748.3
96948.7
97153.5
97362.9
97576.8
97795.2
98018.1
98244.8
98475.7
98710.2
98948.4
99190
99434.5
99681.2
99929.3
100179
100431
100683
100936
101189
101440
101691
101940
102186
102428
102664
102894
103118
103333
103540
103737
103923
104098
104261
104414
104554
104684
104801
104908
105005
105091
105167
105235
105294
105345
105390
105429
105463
105493
105521
105548
105574
105601
105630
105663
105702
105747
105800
105865
105938
106025
106127
106241
106374
106523
106688
106875
107079
107298
107535
107789
108049
108307
108559
108805
109045
109281
109513
109734
109941
110129
110295
110436
110556
110650
110721
110766
110781
110767
110723
110645
110534
110383
110202
109991
109760
109505
109238
108949
108661
108353
108046
107717
107387
107065
106740
106400
106068
105739
105423
105125
104816
104530
104239
103954
103703
103462
103189
102859
102425
101895
101355
100847
100366
99885.7
99409.8
98924.2
98417.4
97949.4
97507.1
97122.2
96836.3
96655.6
96589.6
96646
96860
97235.9
97725.1
98283.2
98847.2
99532.6
100396
101400
102525
103746
105103
106390
107674
108973
110333
111697
113024
114294
115384
116352
117154
93119.3
93272.8
93425.9
93579
93731.7
93883.9
94036.1
94188.1
94340
94492.3
94645.5
94799.8
94955.4
95112.7
95271.9
95433.6
95598
95765.3
95935.6
96109.4
96286.9
96468
96653.2
96842.7
97036.4
97234.5
97436.8
97643.6
97854.7
98070.1
98289.6
98513
98740.2
98970.6
99204.4
99441.3
99680.7
99922
100165
100409
100653
100898
101142
101386
101627
101867
102103
102334
102560
102780
102992
103197
103393
103578
103753
103917
104069
104210
104338
104454
104558
104651
104732
104802
104861
104910
104950
104982
105005
105023
105034
105040
105044
105045
105045
105045
105048
105053
105063
105081
105106
105141
105188
105247
105323
105413
105520
105649
105794
105961
106153
106361
106591
106844
107114
107386
107656
107922
108187
108452
108716
108976
109229
109469
109691
109890
110067
110223
110358
110469
110557
110617
110647
110645
110614
110546
110444
110307
110145
109954
109753
109525
109294
109051
108798
108546
108286
108036
107785
107528
107259
106994
106747
106505
106277
106037
105816
105599
105380
105199
105031
104828
104568
104202
103751
103275
102802
102351
101913
101482
101030
100556
100116
99708.7
99337.9
99073
98939.2
98929
99057.6
99329.7
99719.4
100178
100692
101266
102017
102903
103943
105080
106305
107685
108926
110129
111360
112669
113968
115190
116324
117283
118131
118814
93644
93787.1
93930.2
94074.1
94218.3
94362.8
94507.6
94652.7
94798.7
94945.7
95093.9
95243.3
95394.2
95547.1
95702.3
95860.1
96020.5
96183.8
96350.2
96520.1
96693.4
96870.4
97051.5
97236.5
97425.6
97618.8
97816.1
98017.7
98223.1
98432.7
98646.1
98863
99083.1
99306.3
99532.3
99760.8
99991.4
100223
100456
100690
100923
101155
101386
101615
101840
102063
102280
102492
102697
102894
103083
103263
103433
103592
103740
103876
103999
104111
104209
104295
104369
104430
104479
104517
104543
104559
104566
104564
104554
104537
104515
104489
104459
104427
104396
104364
104337
104313
104295
104287
104286
104299
104325
104365
104426
104501
104599
104720
104859
105027
105219
105432
105675
105943
106220
106501
106782
107067
107353
107647
107942
108234
108520
108795
109053
109288
109506
109705
109884
110043
110177
110286
110366
110415
110433
110417
110367
110283
110175
110038
109895
109719
109556
109367
109185
109000
108831
108668
108499
108325
108140
107966
107814
107669
107531
107378
107239
107111
106985
106889
106806
106688
106514
106240
105877
105470
105060
104668
104256
103882
103496
103057
102653
102310
101991
101758
101656
101680
101842
102138
102524
102961
103451
104071
104872
105776
106816
107926
109126
110489
111646
112740
113887
115111
116318
117385
118342
119162
119868
120388
94371.2
94501.7
94632.6
94764.8
94897.9
95031.7
95166.4
95302.2
95439.1
95577.3
95716.8
95858
96001.2
96146.7
96294.7
96445
96597.8
96753.7
96912.8
97075.3
97241.2
97410.8
97584.1
97761
97941.9
98126.6
98315.2
98507.7
98703.8
98903.5
99106.4
99312.4
99521.2
99732.5
99946.1
100161
100378
100595
100812
101029
101244
101458
101669
101877
102081
102279
102471
102656
102833
103001
103160
103309
103447
103573
103687
103788
103877
103952
104015
104063
104099
104122
104132
104131
104118
104094
104061
104018
103968
103911
103849
103783
103713
103643
103572
103504
103440
103380
103329
103288
103258
103244
103244
103263
103303
103362
103448
103556
103690
103855
104043
104265
104523
104792
105071
105360
105660
105965
106277
106606
106931
107256
107577
107889
108186
108465
108728
108975
109205
109414
109600
109761
109896
110003
110076
110119
110124
110107
110053
109992
109901
109804
109708
109591
109492
109397
109331
109264
109193
109118
109036
108969
108926
108895
108870
108836
108807
108789
108772
108777
108793
108790
108735
108597
108341
107999
107645
107342
106991
106649
106346
105985
105610
105320
105085
104908
104843
104892
105041
105306
105663
106089
106581
107244
108072
108988
109986
111046
112212
113490
114534
115492
116535
117648
118712
119603
120371
121029
121539
121871
95356.1
95470.9
95586.3
95703.4
95821.8
95941.3
96062.1
96184.2
96307.7
96432.9
96559.8
96688.7
96819.8
96953.2
97088.8
97227
97368.1
97512.4
97659.7
97810
97963.6
98120.8
98281.4
98445.6
98613.4
98784.6
98959.5
99137.7
99319.1
99503.3
99690.2
99879.7
100071
100265
100459
100655
100851
101046
101241
101434
101624
101812
101996
102174
102347
102514
102673
102824
102966
103097
103219
103329
103427
103512
103584
103644
103689
103721
103738
103742
103733
103710
103674
103625
103565
103494
103413
103322
103225
103120
103011
102898
102782
102666
102550
102438
102330
102229
102140
102061
101997
101951
101921
101917
101932
101973
102043
102136
102264
102419
102602
102837
103094
103364
103648
103950
104268
104598
104945
105305
105661
106016
106374
106727
107070
107399
107710
108011
108297
108557
108799
109021
109215
109382
109519
109625
109700
109744
109767
109776
109755
109752
109726
109706
109702
109713
109758
109800
109842
109885
109928
109986
110066
110163
110274
110391
110505
110627
110752
110884
111024
111153
111241
111260
111138
110908
110638
110383
110143
109860
109611
109352
109031
108765
108584
108468
108434
108520
108675
108913
109225
109616
110108
110759
111593
112484
113412
114397
115530
116685
117565
118380
119302
120257
121121
121843
122417
122881
123176
123304
96658.5
96753.1
96848.6
96946.1
97045
97145.2
97246.7
97349.9
97454.7
97561.5
97670.1
97780.8
97893.8
98009.1
98127
98247.5
98370.9
98497
98626.1
98758.3
98893.7
99032.3
99174.1
99319.1
99467.3
99618.6
99772.8
99929.8
100089
100251
100415
100581
100748
100916
101084
101252
101419
101584
101748
101909
102066
102218
102366
102507
102641
102767
102884
102992
103090
103176
103251
103313
103363
103399
103421
103429
103423
103402
103367
103317
103253
103176
103085
102982
102866
102741
102604
102460
102308
102150
101987
101820
101652
101483
101315
101153
100996
100850
100716
100595
100495
100412
100352
100318
100307
100329
100377
100458
100574
100717
100906
101131
101377
101643
101937
102262
102602
102960
103346
103741
104123
104508
104903
105301
105694
106078
106448
106802
107142
107463
107765
108048
108306
108535
108739
108916
109066
109186
109293
109367
109449
109528
109592
109687
109789
109918
110081
110246
110421
110603
110794
110999
111221
111464
111734
112021
112310
112612
112923
113228
113523
113796
114048
114245
114293
114204
114054
113864
113702
113530
113347
113185
112952
112712
112524
112420
112381
112461
112637
112895
113199
113567
114022
114609
115406
116214
117039
117981
119059
120030
120715
121386
122163
122922
123565
124107
124486
124739
124790
124652
98211.4
98281.9
98353.5
98427.3
98502.7
98579.2
98657.2
98736.8
98818.3
98901.7
98987.1
99074.7
99164.5
99256.8
99351.5
99448.9
99548.9
99651.7
99757.3
99865.9
99977.3
100092
100209
100329
100451
100577
100704
100834
100966
101099
101234
101369
101505
101641
101776
101910
102042
102171
102297
102419
102536
102647
102751
102848
102937
103016
103086
103144
103192
103227
103249
103258
103253
103234
103200
103152
103088
103010
102916
102808
102686
102550
102400
102238
102065
101881
101688
101487
101279
101066
100847
100625
100401
100178
99958.8
99745.3
99539.8
99347.9
99167.7
99004.5
98862.3
98741.3
98649.2
98582.1
98546.7
98544
98571.2
98637.1
98732.9
98871.4
99053.1
99256.4
99482.4
99749.2
100062
100403
100781
101192
101608
102013
102413
102819
103247
103687
104130
104567
104995
105409
105804
106182
106543
106883
107198
107491
107764
108013
108241
108447
108627
108790
108968
109127
109300
109512
109728
109983
110271
110574
110895
111235
111595
111972
112366
112776
113225
113701
114200
114722
115258
115775
116255
116700
117118
117515
117803
117923
117924
117839
117733
117649
117544
117461
117357
117204
117043
116918
116847
116864
117007
117267
117567
117940
118335
118872
119570
120253
120990
121904
122866
123597
124096
124637
125250
125810
126240
126541
126677
126639
126348
125937
99760.3
99806.8
99854.5
99904.2
99955.2
100007
100061
100117
100174
100234
100295
100358
100424
100492
100562
100635
100710
100789
100869
100952
101038
101127
101218
101311
101407
101505
101605
101706
101809
101912
102016
102121
102225
102328
102429
102528
102624
102717
102805
102888
102965
103035
103097
103151
103195
103229
103251
103263
103261
103247
103219
103176
103119
103048
102961
102859
102742
102610
102463
102301
102125
101936
101734
101520
101295
101060
100819
100569
100311
100048
99781.1
99511.7
99241.7
98973.6
98709.6
98451.8
98203.9
97968
97747
97546
97364.6
97212.3
97088.8
96994.1
96935.1
96906
96916
96960.6
97039
97163.4
97321.8
97494.9
97702
97958.5
98278.3
98647.8
99053.6
99478.9
99912.9
100350
100786
101219
101670
102139
102619
103100
103572
104032
104478
104906
105313
105702
106068
106415
106737
107055
107367
107642
107890
108141
108389
108626
108913
109219
109541
109906
110315
110753
111214
111707
112235
112793
113371
113963
114595
115268
115984
116733
117492
118213
118874
119482
120061
120637
121167
121561
121782
121869
121863
121845
121805
121750
121702
121634
121556
121472
121414
121391
121471
121659
121923
122259
122614
123108
123666
124223
124935
125791
126552
127055
127438
127903
128373
128738
128919
128901
128717
128320
127731
127037
101139
101164
101190
101217
101247
101277
101309
101342
101377
101415
101454
101495
101538
101583
101631
101681
101733
101788
101846
101905
101968
102032
102099
102168
102239
102311
102386
102461
102537
102613
102690
102766
102841
102914
102985
103053
103118
103177
103232
103280
103322
103355
103380
103396
103401
103395
103377
103347
103303
103246
103174
103088
102987
102871
102740
102593
102431
102255
102063
101857
101638
101406
101162
100907
100643
100370
100087
99798.5
99503
99202.9
98899.6
98595.4
98291.4
97989
97689.9
97397
97113.4
96842.4
96588.9
96355.3
96144.8
95965.3
95816.5
95703.5
95622.3
95573.2
95565.7
95591
95655.1
95759.7
95883
96031.3
96224.9
96473.8
96790.4
97166.5
97578.4
98008.7
98459.9
98936.7
99421.8
99892.1
100354
100846
101350
101860
102364
102856
103335
103799
104243
104669
105078
105470
105840
106228
106615
106946
107253
107547
107833
108143
108514
108894
109304
109754
110266
110821
111403
112026
112695
113413
114155
114923
115728
116582
117486
118424
119362
120246
121057
121817
122549
123267
123972
124585
125028
125326
125488
125567
125606
125598
125551
125487
125431
125374
125346
125345
125376
125487
125703
125960
126292
126720
127162
127679
128374
129096
129644
130011
130361
130771
131054
131153
131033
130751
130295
129642
128811
127892
102317
102323
102330
102339
102349
102360
102373
102387
102403
102420
102439
102461
102484
102510
102537
102567
102599
102634
102671
102710
102751
102795
102840
102888
102937
102988
103040
103092
103145
103198
103251
103302
103352
103400
103445
103486
103523
103555
103581
103600
103611
103614
103607
103590
103563
103523
103471
103406
103327
103234
103127
103005
102867
102715
102547
102365
102167
101954
101728
101488
101235
100970
100694
100408
100111
99805.6
99493.1
99176.6
98853.6
98524
98194.3
97867.5
97536.8
97205.9
96878.3
96557.4
96246.8
95949.9
95672.6
95417.6
95188.3
94985.9
94816.7
94683
94583.9
94523.7
94499.4
94509.7
94562.2
94641.9
94739.5
94874.4
95056.2
95295
95595.5
95957.9
96365.6
96805.1
97277.1
97785.2
98310.4
98817.4
99309
99808.9
100327
100853
101378
101893
102394
102880
103352
103805
104245
104671
105082
105492
105927
106330
106707
107033
107348
107717
108132
108574
109054
109574
110170
110823
111509
112239
113025
113873
114751
115669
116630
117648
118704
119791
120866
121881
122821
123719
124597
125449
126278
127029
127646
128136
128480
128685
128808
128874
128868
128805
128733
128661
128625
128617
128633
128717
128868
129061
129370
129721
130117
130631
131240
131787
132178
132488
132851
133178
133212
132995
132597
132114
131491
130678
129667
128545
103287
103277
103269
103262
103256
103251
103247
103245
103245
103246
103249
103253
103260
103269
103280
103293
103308
103325
103345
103366
103390
103416
103444
103473
103504
103537
103570
103603
103637
103670
103703
103735
103764
103790
103814
103833
103847
103856
103858
103853
103840
103817
103785
103741
103687
103620
103540
103447
103340
103218
103082
102931
102765
102584
102387
102176
101951
101711
101457
101190
100912
100622
100321
100010
99692.4
99366.7
99033
98690.8
98347.4
98004.2
97656.4
97301
96946.9
96594.9
96247.3
95906.8
95577.4
95262.6
94967.2
94694.8
94449
94231.6
94048
93898.9
93788.6
93715.6
93676.7
93677.2
93715.9
93772.3
93858.7
93991.7
94172.2
94404.6
94686
95030.9
95434.2
95883.3
96368.2
96888.2
97434.5
97974.1
98490.6
99001.6
99529.6
100061
100595
101126
101646
102150
102643
103119
103572
104014
104451
104879
105302
105754
106195
106582
106942
107350
107786
108280
108822
109402
110059
110791
111564
112382
113261
114206
115198
116236
117328
118481
119660
120864
122043
123160
124210
125235
126253
127231
128156
128995
129732
130357
130838
131164
131366
131496
131552
131530
131474
131409
131358
131305
131310
131382
131475
131639
131900
132196
132569
133029
133509
133908
134215
134525
134898
135113
134915
134424
133808
133153
132420
131486
130335
129055
104059
104037
104016
103996
103977
103959
103943
103928
103914
103902
103891
103882
103875
103870
103868
103867
103868
103872
103877
103885
103894
103906
103919
103934
103951
103968
103986
104004
104023
104041
104057
104072
104085
104095
104101
104103
104099
104089
104073
104048
104015
103973
103920
103856
103780
103692
103590
103475
103345
103201
103043
102869
102681
102478
102260
102027
101780
101520
101246
100959
100661
100353
100034
99705.3
99368.6
99023.4
98673.4
98319.4
97959
97596.4
97231.6
96864.2
96495.8
96129.6
95768.3
95414.7
95072.3
94745.1
94436.8
94152.2
93894.4
93665.6
93470.5
93310.8
93188.6
93103
93054.9
93047.3
93068.2
93111.5
93198
93334.8
93520.4
93753.2
94025.8
94356.2
94749.9
95199.7
95690.6
96213.4
96765.1
97326.2
97867.6
98396.1
98928.1
99466.4
100005
100542
101075
101593
102099
102595
103068
103523
103970
104421
104832
105289
105750
106201
106611
107045
107501
108031
108622
109254
109953
110745
111589
112481
113432
114449
115528
116656
117856
119112
120390
121679
122936
124135
125289
126432
127555
128631
129635
130549
131366
132069
132629
133044
133319
133495
133596
133634
133624
133592
133552
133479
133474
133520
133580
133720
133923
134172
134495
134872
135240
135548
135829
136163
136513
136602
136244
135572
134805
133998
133143
132096
130838
129449
104654
104622
104591
104561
104532
104504
104478
104452
104428
104405
104384
104365
104348
104332
104319
104307
104298
104290
104285
104281
104280
104280
104283
104286
104291
104297
104303
104310
104316
104322
104326
104329
104329
104326
104319
104307
104289
104265
104234
104195
104147
104089
104021
103941
103849
103744
103625
103493
103347
103186
103011
102821
102616
102396
102162
101913
101651
101375
101086
100785
100474
100151
99818.2
99477.4
99128.3
98770.7
98407
98038.8
97667.9
97292.7
96914.1
96535
96157.2
95782.3
95412.5
95050.4
94699.2
94363
94045.7
93751.8
93485
93247.4
93043.4
92874.9
92743.8
92650.7
92596.5
92577.6
92582.6
92622.1
92709.9
92848.4
93036.6
93271
93547.1
93870.2
94254.7
94698.2
95188.4
95710.6
96260.1
96829.4
97389.9
97932.2
98473.8
99022.2
99568.8
100111
100652
101181
101693
102199
102687
103158
103601
104055
104488
104945
105418
105904
106353
106804
107284
107836
108457
109131
109863
110693
111595
112548
113555
114627
115767
116966
118243
119581
120933
122284
123607
124883
126126
127350
128539
129682
130753
131732
132605
133352
133955
134429
134759
134970
135106
135194
135226
135220
135194
135139
135127
135147
135192
135302
135456
135660
135930
136238
136531
136797
137088
137442
137730
137702
137247
136471
135591
134658
133678
132537
131206
129749
105096
105057
105019
104982
104945
104910
104875
104842
104810
104780
104751
104724
104698
104675
104653
104633
104616
104601
104587
104575
104566
104558
104552
104547
104543
104540
104538
104536
104533
104530
104525
104518
104509
104496
104479
104457
104429
104395
104353
104303
104243
104174
104093
104002
103897
103780
103650
103505
103347
103174
102986
102783
102566
102335
102089
101830
101556
101270
100970
100659
100338
100005
99662.9
99312.5
98953.6
98587
98215.1
97838.3
97457.1
97071.2
96683.1
96296
95910.6
95530.1
95155.2
94787.7
94430.7
94088.2
93764.5
93463.8
93190.2
92946.5
92736.4
92562.1
92425.3
92326.2
92263.6
92232.1
92229.3
92269
92356.6
92494.6
92685.1
92919.2
93198.4
93524.6
93903.1
94338.7
94823.2
95343.2
95889.8
96458.7
97030.8
97588.8
98141
98695.3
99248.8
99796.2
100341
100878
101398
101906
102398
102879
103317
103768
104227
104696
105185
105688
106164
106625
107126
107694
108331
109033
109793
110646
111590
112591
113643
114754
115936
117189
118517
119916
121323
122722
124104
125445
126750
128026
129265
130456
131579
132604
133515
134294
134931
135440
135809
136052
136213
136328
136383
136386
136365
136330
136310
136317
136350
136434
136558
136731
136966
137225
137475
137733
138049
138395
138603
138485
137972
137134
136161
135130
134056
132845
131469
129972
105413
105369
105325
105283
105241
105200
105160
105121
105083
105047
105013
104980
104949
104920
104892
104867
104844
104822
104803
104786
104770
104756
104744
104733
104723
104714
104705
104697
104688
104678
104667
104653
104637
104617
104593
104563
104528
104486
104436
104378
104310
104233
104144
104044
103931
103805
103666
103513
103345
103164
102967
102756
102531
102291
102038
101771
101489
101195
100888
100570
100241
99902.2
99553.8
99196.9
98831.8
98459.4
98081.2
97697.8
97309.1
96915.8
96520.4
96124.3
95736.8
95353.3
94975.3
94604.1
94243.3
93896.7
93568.8
93263.7
92985.8
92737.3
92523.2
92344.4
92202.5
92096.8
92025.3
91985.2
91981.2
92022
92109.5
92249.2
92436.7
92672.3
92953.2
93281.8
93661.3
94091.6
94569.8
95086.4
95631
96196.7
96773.1
97344.6
97909.5
98473.3
99029.9
99579.1
100124
100664
101189
101698
102190
102670
103121
103574
104041
104520
105023
105537
106029
106499
107014
107595
108243
108962
109741
110610
111580
112618
113704
114844
116056
117345
118706
120142
121589
123026
124452
125840
127190
128503
129785
131016
132174
133230
134169
134977
135643
136175
136569
136837
137015
137139
137201
137208
137187
137157
137129
137126
137148
137218
137325
137482
137692
137918
138150
138420
138752
139069
139199
139016
138470
137597
136557
135455
134316
133051
131653
130135
105629
105582
105535
105488
105442
105398
105354
105311
105270
105230
105192
105155
105120
105087
105056
105027
104999
104974
104951
104929
104910
104892
104875
104860
104846
104833
104820
104807
104794
104779
104763
104745
104723
104699
104669
104635
104594
104547
104492
104428
104355
104272
104177
104071
103953
103821
103676
103517
103344
103157
102955
102738
102507
102262
102003
101730
101444
101145
100833
100510
100176
99832.9
99480.2
99119
98749.8
98373.5
97991.2
97603.2
97209.7
96812.1
96412.8
96014.5
95622.4
95235.6
94855.1
94481.3
94117.5
93768
93437
93129
92848.2
92598.6
92379.4
92196.7
92050.1
91938.7
91861.1
91817.5
91814.4
91856.5
91947.4
92084.2
92270.4
92506.1
92788.3
93118.7
93499.6
93928.5
94402.5
94915.5
95457.9
96020.6
96596
97173.6
97747.6
98319.4
98884
99437.8
99983.2
100522
101049
101560
102051
102527
102987
103447
103916
104401
104911
105434
105940
106416
106941
107529
108186
108915
109705
110586
111572
112632
113744
114905
116136
117448
118833
120287
121765
123229
124686
126107
127487
128827
130138
131401
132584
133664
134626
135455
136142
136690
137100
137383
137571
137697
137761
137769
137747
137716
137682
137671
137685
137747
137845
137990
138179
138386
138616
138902
139234
139513
139586
139357
138789
137902
136824
135676
134489
133184
131775
130248
105767
105717
105668
105619
105571
105524
105478
105433
105389
105347
105306
105267
105230
105194
105160
105129
105099
105071
105045
105021
104999
104978
104959
104941
104924
104908
104892
104876
104860
104842
104823
104802
104778
104750
104717
104679
104636
104585
104526
104459
104383
104296
104198
104088
103966
103831
103682
103520
103343
103152
102947
102726
102492
102243
101980
101704
101415
101113
100798
100472
100135
99789.3
99433.9
99070
98698.3
98319.4
97934.3
97543.4
97147.1
96747
96345.9
95947.2
95551.2
95161.8
94779.6
94403.7
94038.5
93687
93353.7
93043.3
92760
92507.8
92286.7
92101.1
91951.3
91836.3
91755.7
91711.8
91709.8
91753
91843.8
91980.7
92166.4
92401.4
92684.6
93016.3
93397.7
93827.3
94299.8
94809.4
95349.7
95910.6
96483.6
97061.6
97639.1
98214.7
98784.9
99343.9
99892.4
100432
100961
101475
101967
102443
102902
103368
103839
104326
104839
105367
105883
106366
106896
107488
108151
108884
109683
110572
111567
112639
113766
114942
116185
117511
118912
120378
121872
123358
124835
126277
127677
129036
130361
131645
132848
133945
134921
135763
136464
137023
137442
137734
137928
138055
138120
138128
138106
138073
138035
138017
138027
138083
138174
138309
138484
138683
138917
139209
139533
139781
139818
139561
138976
138085
136992
135820
134600
133267
131849
130320
105845
105794
105743
105693
105644
105595
105548
105502
105457
105413
105371
105330
105291
105254
105219
105186
105154
105125
105098
105072
105048
105026
105005
104986
104967
104950
104932
104915
104897
104877
104857
104834
104807
104778
104744
104704
104658
104606
104545
104476
104398
104309
104209
104097
103973
103836
103685
103521
103342
103149
102942
102720
102483
102232
101968
101690
101399
101095
100779
100451
100113
99765
99408.1
99042.6
98669.4
98289
97902.4
97509.9
97112.1
96710.8
96308.5
95908.1
95511.1
95120
94735
94359.3
93993.8
93641.5
93307.1
92995.4
92710.5
92456.3
92234.2
92046.7
91895
91778.3
91696.9
91653.5
91652.2
91696
91786.3
91923.3
92109.1
92344.7
92627.3
92959.6
93341.3
93770.5
94242.4
94751
95290
95850
96422.1
96999.7
97578
98154.2
98725.6
99287.1
99838.1
100380
100910
101426
101919
102400
102857
103324
103798
104286
104797
105326
105848
106339
106871
107466
108131
108867
109671
110565
111565
112641
113776
114961
116212
117545
118955
120428
121931
123429
124918
126371
127785
129155
130486
131780
132996
134103
135087
135935
136644
137208
137632
137929
138127
138256
138320
138328
138305
138272
138231
138210
138217
138269
138355
138485
138653
138850
139085
139377
139691
139922
139940
139668
139073
138180
137082
135899
134662
133312
131889
130359
105877
105826
105775
105724
105674
105625
105577
105530
105484
105440
105397
105356
105317
105279
105243
105209
105177
105147
105119
105093
105068
105046
105024
105004
104985
104967
104948
104930
104912
104892
104870
104846
104820
104789
104754
104714
104668
104614
104553
104483
104404
104314
104214
104101
103976
103838
103687
103521
103342
103148
102940
102717
102479
102228
101963
101684
101392
101087
100770
100442
100103
99754.8
99397.2
99031.1
98657.2
98276.2
97888.9
97495.7
97097.4
96695.6
96292.8
95891.7
95494.1
95102.4
94717
94340.4
93974
93621.6
93287.1
92975.2
92689.9
92435
92212.2
92024.2
91871.8
91754.4
91672.8
91629.6
91628.4
91672.2
91762.5
91899.7
92085.4
92320.9
92604.1
92936.3
93318
93747.2
94218.7
94726.9
95265.3
95824.9
96396.3
96973.3
97551.4
98128
98699.6
99262.7
99814.9
100357
100888
101404
101899
102381
102839
103305
103780
104269
104779
105308
105833
106327
106860
107457
108122
108859
109665
110562
111562
112640
113777
114967
116222
117558
118971
120447
121953
123456
124951
126408
127827
129202
130537
131834
133055
134166
135153
136004
136715
137283
137708
138008
138207
138336
138401
138409
138385
138352
138309
138288
138294
138344
138428
138556
138722
138918
139152
139442
139752
139976
139987
139709
139110
138216
137116
135930
134686
133330
131903
130373
76691.3
76737.2
76980.2
77452.5
78086.9
78905.6
79881
80957.6
82059.4
83052.5
83819
84313.8
84525.8
84512.3
84489.7
84688.4
85380.4
86590.5
88312.3
90426.9
92575.3
94731.9
96410.6
97492.3
97881.5
76722.3
76779.2
77031.3
77517.5
78157.3
78975.5
79957.2
81033.4
82129.7
83126.3
83883
84367.1
84573
84557.8
84535.7
84739.9
85447.6
86665.8
88388.7
90501.2
92640.7
94791.7
96448.9
97508.8
97891.1
76809.1
76880.5
77148.8
77641
78292
79120.2
80106.2
81188.3
82300.4
83275.8
84016.2
84491.6
84691.8
84659.9
84631.7
84832.8
85540.3
86759.1
88476.4
90582.6
92709
94845
96484
97528.2
97905.9
76948.6
77039.8
77327.3
77823.4
78486.5
79327.4
80318.3
81406.8
82526.1
83488.1
84207.3
84668.2
84859.6
84815.4
84780.1
84973.2
85673
86888.4
88595.9
90689.7
92798.8
94912.4
96524.1
97550.5
97929
77142.9
77259.7
77573.8
78066.6
78743
79594.1
80603
81689.5
82817
83767.7
84460.5
84901.5
85083.1
85031.1
84985.2
85168.2
85850.4
87056.7
88750.5
90823.2
92908
94991.2
96569.2
97577.1
97956.9
77391.1
77534.3
77879
78367.5
79066.3
79927.4
80940.9
82033.5
83173.9
84115.6
84778.3
85194.3
85364.5
85307.6
85248.4
85422
86074.6
87264.9
88940.8
90981.8
93033.3
95080.7
96620.3
97608.7
97988.4
77717.8
77896.6
78254.2
78744.1
79459.5
80328.6
81340.3
82438.5
83587.4
84532.8
85161.7
85547.4
85703.7
85642.7
85568.6
85733.1
86345.8
87512.7
89168
91164.9
93177.1
95181.8
96677.8
97644.7
98023.1
78117.9
78337.6
78696.6
79209.6
79929.3
80799.2
81812.6
82918.2
84084
85017.2
85610.4
85961.3
86100.7
86033.2
85944.5
86092
86662.1
87799.1
89430.1
91371.9
93342.1
95293.3
96741
97684.9
98061.1
78572.4
78784.6
79203.8
79770.4
80468.1
81334.9
82372.2
83489.5
84653.3
85563.7
86121.7
86435.6
86555.2
86477.1
86372.3
86489.2
87020.9
88121.6
89721.3
91602.7
93526.1
95413.2
96810
97728.7
98102.3
79075.6
79337.5
79782.3
80368.9
81054.1
81931.1
83013.7
84142.9
85309
86167.6
86692.4
86969.7
87067.1
86973.1
86848.9
86923.2
87419.6
88479.3
90036.6
91855
93724.8
95540.4
96884.5
97775.6
98146.6
79653.6
79937.3
80370.3
80918.4
81697.3
82590.7
83704.7
84856
86052.1
86856.1
87321.5
87562.2
87635.1
87520.2
87373.3
87400
87857.2
88869.9
90372.2
92124.2
93936.6
95672.7
96964.3
97825.2
98193.8
80290.1
80550
80971
81601.1
82391.9
83319.8
84390.7
85620.6
86841.1
87604.6
88003.6
88211.8
88258.5
88117.9
87944
87922.4
88333.8
89291.2
90726.8
92408.7
94161.4
95811
97048.5
97877
98243.7
80975.5
81256
81738
82363.3
83156.7
84134.5
85204.7
86488.6
87622.2
88338.2
88728.4
88916.9
88936.4
88764.8
88559.6
88488.5
88847.9
89742
91100.9
92711.7
94397.8
95956.9
97136.1
97930.4
98295.9
81739
82064.1
82536.5
83190.3
84040.1
85027.5
86134.5
87448.7
88351.1
89067
89493
89673.6
89666.7
89459.2
89217.9
89096.2
89399.8
90221.4
91495.3
93036
94642.1
96109.2
97226.5
97985.1
98349.9
82614.4
82942.1
83435
84124.2
84991.9
85974.4
87140.6
88438.6
89220.5
89851.5
90304.8
90485.7
90448.7
90199.6
89916.6
89742.7
89995.3
90726.2
91909.2
93378.9
94892.2
96267
97319
98040.3
98405.1
83623.8
83896.3
84429.6
85122.3
85960.2
87025.8
88204.1
89410.5
90187.9
90732.5
91172.4
91345.4
91276.5
90983.1
90652.7
90423.6
90631.5
91250.2
92341.7
93735.4
95147.5
96429.4
97412.9
98095.8
98461
84633.9
84919.2
85489.4
86158.7
87043.3
88149.1
89305.5
90416.5
91200.9
91684.8
92104.2
92260
92151.4
91808
91423.7
91135.9
91291.9
91793.9
92791
94101.2
95406.7
96594.7
97507.7
98151
98517
85527.9
86011.8
86595.2
87275.3
88218.9
89309.1
90448.4
91521.6
92256.3
92708.7
93095.2
93225.7
93068.7
92671.1
92226.1
91876.1
91965.8
92354.1
93254.2
94472.2
95668.3
96761.8
97602.8
98205.5
98572.5
86541.3
87160.1
87741.4
88489.1
89467.7
90549.4
91667.5
92693.9
93378.8
93828.9
94168.6
94249.8
94046.1
93598.8
93089.1
92674.1
92664.9
92951.8
93757.1
94869.6
95951.1
96944.5
97707
98264.6
98632.9
87699
88301.7
88954.5
89786.6
90784.7
91843.5
92932.4
93893
94585
95043.2
95352.8
95369.5
95098.9
94595.7
94015.6
93521.2
93375.7
93581.4
94294.3
95286.2
96252
97139.6
97818.1
98325.9
98696
88912.7
89507.1
90263.1
91154
92149.6
93170.8
94210.4
95114.6
95826.1
96303.2
96562.5
96521.7
96184
95622.1
94969.4
94382.6
94086.4
94215.5
94829.3
95695.3
96551.9
97333.5
97928
98385
98755.2
90194.5
90854.2
91673.8
92590.1
93566.7
94544
95512.3
96380.6
97094.6
97595.4
97753.2
97676.4
97262.7
96664.5
95943.1
95258.4
94827.4
94861.6
95353.9
96097.8
96849.8
97525
98035.8
98442
98809.4
91580.4
92328.8
93158.7
94092.1
95055.4
96004.8
96905.7
97713.8
98387.4
98902.6
99047.6
98875.4
98361.3
97719.3
96925.9
96146.2
95597.6
95519.4
95868.4
96496.3
97144.1
97712.9
98140.7
98497.2
98857.2
93064.2
93885.1
94712.3
95655.3
96610.4
97535.4
98384.7
99125.4
99724.8
100201
100417
100073
99519.4
98795.3
97911.8
97038.1
96386.4
96176.5
96379
96891.8
97432.8
97896.2
98242.2
98551.4
98892.6
94600
95480.8
96327.8
97271.3
98218.1
99116.8
99919.6
100599
101119
101491
101712
101224
100687
99881.6
98890
97927.6
97177.5
96825.1
96890.7
97282
97713.7
98073.9
98339.7
98606
98935
96202.6
97118.3
97988.6
98927.6
99862.9
100733
101490
102112
102545
102773
102925
102388
101769
100917
99846.8
98805.9
97950.7
97466.5
97400.6
97662.2
97984.4
98245
98433
98658
98985.3
97870
98799.5
99685
100612
101530
102368
103073
103639
103990
104088
104131
103592
102762
101883
100779
99650.5
98687
98092.2
97897.2
98027.9
98244
98409.3
98521.7
98707.2
99043.9
99571.4
100494
101382
102294
103189
103988
104634
105131
105403
105419
105340
104769
103712
102781
101657
100448
99370.9
98670.8
98359.1
98369
98484.9
98560.5
98602.7
98751.2
99106.6
101279
102188
103070
103960
104824
105577
106155
106577
106768
106709
106526
105881
104661
103644
102476
101218
100016
99210.7
98796.9
98692.8
98709.7
98699.6
98676.6
98790.6
99173.5
102977
103874
104748
105616
106445
107145
107645
107979
108092
107959
107677
106906
105641
104503
103261
101956
100648
99751
99238.4
99014.6
98926.7
98831.3
98746.4
98826.9
99249.4
104641
105534
106398
107247
108032
108677
109100
109326
109368
109157
108772
107880
106634
105327
104021
102635
101273
100304
99686.7
99333.3
99135.1
98955.1
98810.8
98861.1
99334
106261
107161
108021
108834
109566
110159
110513
110619
110579
110282
109774
108826
107592
106126
104751
103274
101890
100856
100129
99642.7
99333.2
99070.7
98868.8
98894.4
99428.1
107841
108745
109598
110377
111040
111579
111868
111856
111705
111308
110663
109682
108444
106928
105445
103900
102488
101384
100549
99936.8
99519.6
99177.7
98924.3
98923.1
99529.6
109413
110289
111113
111859
112446
112922
113155
113034
112740
112232
111463
110466
109203
107672
106099
104512
103057
101874
100940
100212
99693.4
99276.1
98977.3
98947.7
99623.8
111085
111897
112676
113347
113846
114228
114389
114184
113734
113098
112230
111209
109932
108366
106747
105127
103611
102340
101308
100475
99858.7
99368.4
99028.4
98969.7
99703.7
112812
113554
114268
114827
115209
115436
115480
115217
114651
113875
112936
111881
110598
109026
107388
105723
104138
102776
101652
100722
100013
99454.5
99077.4
98990
99774.6
114485
115139
115737
116199
116456
116487
116395
116052
115410
114516
113524
112434
111148
109607
107963
106258
104614
103172
101964
100947
100153
99533.4
99122.9
99007.4
99836.6
116126
116637
117081
117413
117543
117418
117182
116721
115998
115025
113992
112882
111597
110093
108456
106729
105041
103530
102250
101151
100280
99605.1
99165.1
99022.6
99890
117704
118030
118330
118485
118467
118219
117816
117242
116430
115403
114343
113233
111962
110492
108871
107138
105418
103854
102511
101335
100393
99670.3
99203.9
99036.7
99935.1
119173
119335
119478
119468
119255
118848
118295
117623
116722
115651
114580
113487
112245
110813
109215
107484
105747
104143
102746
101500
100495
99728.5
99239.9
99051
99972.1
120547
120552
120502
120319
119892
119319
118645
117870
116880
115771
114711
113648
112446
111061
109491
107773
106030
104397
102956
101648
100587
99781.1
99273.1
99066.6
100001
121844
121646
121394
121009
120394
119674
118888
117990
116905
115772
114746
113723
112571
111240
109705
108009
106271
104618
103136
101781
100669
99828.8
99303.6
99083.7
100022
123067
122639
122172
121567
120788
119934
119021
117981
116803
115670
114696
113721
112627
111357
109864
108197
106471
104808
103292
101899
100742
99871.6
99331.4
99101.5
100037
124177
123551
122850
122032
121087
120096
119041
117855
116596
115489
114575
113653
112624
111420
109972
108340
106637
104968
103427
102003
100807
99910.2
99356.7
99119.3
100047
125195
124405
123462
122425
121301
120176
118950
117612
116296
115240
114388
113525
112571
111437
110042
108454
106778
105119
103551
102100
100871
99947.8
99381.5
99139.2
100053
126034
125120
123944
122703
121441
120152
118744
117286
115955
114958
114152
113351
112477
111411
110071
108533
106892
105244
103658
102187
100928
99981.8
99403.7
99159.2
100053
126703
125648
124266
122905
121520
120050
118501
116979
115656
114697
113920
113180
112376
111366
110075
108584
106974
105337
103739
102253
100973
100009
99420.8
99176.6
100049
127257
126024
124536
123062
121541
119917
118277
116721
115407
114465
113713
113029
112285
111318
110068
108621
107036
105407
103802
102304
101009
100031
99434.2
99191.8
100043
127680
126323
124743
123169
121522
119791
118094
116515
115200
114266
113542
112907
112210
111271
110066
108650
107084
105462
103852
102344
101037
100049
99444.7
99204.7
100034
128007
126559
124899
123239
121491
119690
117955
116355
115035
114108
113411
112813
112152
111233
110066
108673
107122
105504
103891
102376
101061
100064
99453.1
99215.4
100024
128263
126732
125025
123288
121465
119618
117857
116238
114912
113992
113318
112742
112110
111207
110067
108693
107153
105537
103922
102401
101079
100077
99459.8
99223.9
100014
128460
126859
125119
123324
121449
119574
117793
116159
114830
113914
113253
112693
112080
111193
110071
108711
107178
105564
103948
102422
101095
100088
99465.3
99230.6
100003
128610
126952
125188
123354
121446
119551
117756
116111
114782
113865
113212
112661
112060
111187
110077
108726
107198
105586
103968
102439
101107
100097
99469.9
99235.9
99992.8
128720
127020
125240
123380
121453
119546
117741
116087
114756
113837
113187
112642
112048
111186
110085
108740
107216
105604
103985
102452
101117
100105
99473.7
99240.1
99982.9
128793
127072
125280
123406
121469
119552
117739
116080
114746
113824
113174
112631
112041
111189
110093
108753
107231
105619
103998
102463
101125
100111
99476.8
99242.6
99974.2
128840
127115
125314
123432
121489
119567
117748
116083
114746
113821
113169
112628
112041
111194
110102
108764
107243
105631
104010
102473
101132
100116
99480.3
99244.4
99967
128872
127148
125344
123460
121513
119587
117765
116095
114753
113825
113171
112630
112045
111201
110112
108777
107257
105644
104022
102482
101139
100120
99482.2
99242.9
99960.9
)
;

boundaryField
{
    inlet
    {
        type            zeroGradient;
    }
    outlet
    {
        type            waveTransmissive;
        phi             phi;
        rho             rho;
        psi             psi;
        gamma           1.3;
        fieldInf        100000;
        lInf            0.3;
        value           nonuniform List<scalar> 
57
(
97990.4
98003.1
98027.2
98054
98084.5
98118.7
98156.5
98198
98242.7
98290.4
98341.1
98394.3
98449.8
98507.2
98566.1
98626.2
98687.2
98748.8
98817.1
98892
98966.2
99038.7
99101.3
99158.1
99216.7
99282.8
99354.6
99432.6
99515.7
99604.4
99701.2
99794.9
99893.3
99977.6
100063
100129
100187
100239
100283
100322
100354
100380
100401
100417
100431
100440
100444
100445
100443
100439
100433
100425
100417
100407
100396
100388
100381
)
;
    }
    upperWall
    {
        type            zeroGradient;
    }
    lowerWall
    {
        type            zeroGradient;
    }
    frontAndBack
    {
        type            empty;
    }
}


// ************************************************************************* //
