/*--------------------------------*- C++ -*----------------------------------*\
| =========                 |                                                 |
| \\      /  F ield         | OpenFOAM: The Open Source CFD Toolbox           |
|  \\    /   O peration     | Version:  dev                                   |
|   \\  /    A nd           | Web:      http://www.openfoam.org               |
|    \\/     M anipulation  |                                                 |
\*---------------------------------------------------------------------------*/
FoamFile
{
    version     2.0;
    format      ascii;
    class       volScalarField;
    object      p;
    location    "9.127";
}
// * * * * * * * * * * * * * * * * * * * * * * * * * * * * * * * * * * * * * //

dimensions      [1 -1 -2 0 0 0 0];

internalField   nonuniform List<scalar> 
12225
(
98604.1
98570.2
98519.7
98455
98369.1
98270
98152.5
98026.2
97882.3
97735.8
97570.8
97407.8
97222.2
97035.6
96811.2
96588.5
96248.1
95596
98608.3
98578
98527.8
98463
98376.7
98277.4
98159.8
98033.5
97889.4
97742.9
97577.6
97414.6
97229.3
97040.9
96820.2
96600.3
96244
95842.4
98626.8
98596.6
98546.7
98481
98394.3
98294.8
98176.8
98050.5
97906.2
97759.3
97594.2
97430.1
97246.3
97053.9
96838.4
96614.2
96291.9
95942.4
98656.7
98628.4
98579.1
98512.5
98425.8
98325.4
98207.1
98080.2
97936.5
97788.2
97623.8
97457.9
97275.4
97080.3
96863.7
96643.1
96330.7
96043.7
98705.2
98677.2
98628.5
98560.9
98475.4
98372.6
98254.3
98126.2
97983.4
97833.4
97670
97501.4
97320.8
97124.8
96913.7
96692.2
96395.6
96133.1
98777.6
98751.8
98698.6
98630
98541.1
98440.6
98321.6
98193
98049.7
97899.2
97736.2
97565.6
97386
97190.8
96988.6
96771.8
96502.1
96232.4
98872.7
98847.5
98795.3
98725.3
98637.2
98534.7
98415.9
98285.4
98142.8
97990.4
97828.6
97655.8
97477.8
97284.5
97089.2
96877
96655.2
96387.9
98984.5
98957.6
98906.2
98834.5
98746.4
98642.4
98523.7
98391.5
98249.1
98095.4
97934
97760.3
97584.3
97394.4
97203.8
96998.9
96798.4
96580.5
99105.7
99077
99024.5
98952.7
98864.2
98759.3
98640.1
98506.7
98364.1
98209.5
98048.2
97874.2
97699
97512.5
97325.6
97129.9
96942.3
96756.9
99264.6
99235.2
99181
99110.6
99021.6
98915.1
98794.9
98660
98516.7
98361.2
98199.4
98025.7
97850.5
97667.4
97484
97297.5
97120.4
96950.9
99479.9
99447.1
99393.6
99321.3
99230.9
99122.4
99000.4
98863.9
98718.7
98562
98398.4
98225.7
98049.8
97870.2
97689.7
97511.4
97338.9
97177.5
99761.7
99729.1
99676.3
99601.3
99508.7
99397.3
99272.6
99133.4
98985.4
98826.7
98661.1
98488.1
98311.6
98133.9
97956.4
97782.5
97613
97453
100136
100104
100049
99972
99875.5
99760.7
99631.5
99488.9
99335.9
99174.1
99005.4
98831.5
98653.6
98475.9
98299.2
98126.2
97957.7
97796.2
100628
100598
100541
100459
100358
100238
100102
99953.8
99794.7
99627.3
99454.3
99277.2
99096.5
98916
98737.3
98562.2
98391.3
98225.7
101281
101245
101183
101096
100987
100859
100715
100558
100390
100215
100034
99850.5
99664.1
99477.6
99292.9
99111.9
98935.3
98762.8
102130
102083
102011
101915
101795
101656
101500
101331
101151
100963
100771
100576
100380
100184
99989.2
99797.6
99610.3
99427.2
103179
103135
103055
102946
102812
102658
102485
102300
102103
101899
101690
101478
101266
101054
100845
100638
100435
100236
104382
104326
104236
104113
103962
103789
103597
103390
103173
102948
102717
102485
102252
102020
101791
101565
101343
101125
105520
105456
105355
105218
105050
104858
104646
104418
104180
103933
103682
103428
103174
102922
102673
102427
102186
101950
106473
106414
106306
106157
105975
105766
105536
105290
105032
104766
104496
104224
103951
103681
103414
103152
102894
102641
107265
107204
107089
106930
106735
106511
106266
106004
105730
105448
105161
104873
104586
104301
104020
103743
103471
103204
107900
107835
107714
107547
107341
107106
106847
106572
106285
105990
105690
105390
105090
104793
104500
104212
103929
103651
108399
108326
108200
108026
107812
107567
107299
107013
106715
106410
106100
105790
105480
105174
104872
104575
104283
103996
108769
108697
108567
108388
108168
107917
107640
107346
107040
106727
106409
106091
105775
105461
105152
104848
104549
104256
109047
108972
108838
108654
108430
108173
107891
107590
107278
106959
106636
106312
105990
105672
105357
105048
104744
104446
109252
109169
109030
108843
108615
108354
108068
107764
107447
107124
106797
106469
106143
105821
105503
105190
104882
104581
109392
109303
109161
108971
108741
108478
108189
107882
107562
107236
106906
106576
106247
105922
105601
105286
104976
104673
109480
109389
109244
109052
108821
108556
108265
107957
107635
107307
106975
106643
106313
105986
105664
105347
105036
104731
109531
109437
109290
109098
108865
108600
108309
107999
107676
107347
107014
106681
106350
106022
105699
105381
105069
104764
109556
109459
109311
109117
108884
108618
108327
108016
107694
107364
107031
106697
106366
106037
105714
105396
105083
104777
102520
102518
102513
102505
102495
102483
102469
102452
102433
102412
102389
102363
102335
102305
102274
102240
102206
102171
102135
102098
102061
102025
101989
101954
101921
101888
101858
101830
101805
101782
101762
101746
101733
101725
101720
101720
101724
101732
101744
101760
101780
101802
101828
101857
101889
101925
101964
102007
102053
102103
102155
102212
102273
102337
102405
102478
102555
102639
102730
102829
102934
103047
103166
103294
103431
103577
103730
103893
104065
104245
104433
104629
104834
105051
105281
105522
105770
106026
106289
106561
106843
107134
107431
107733
108040
108350
108663
108978
109298
109618
109939
110261
110581
110899
111212
111522
111828
112130
112428
112718
113001
113282
113544
113806
114035
114273
114494
114696
114878
115039
115177
115290
115375
115431
115458
115456
115426
115369
115289
115187
115067
114937
114802
114672
114552
114449
114367
114306
114264
114244
114250
114283
114345
114432
114539
114661
114791
114923
115050
115165
115261
115340
115402
115452
115490
115517
115532
115531
115517
115486
115433
115364
115278
115193
115103
115029
114960
114909
114870
114834
114799
114768
114735
114696
114642
114559
114445
114299
114105
113850
113520
113099
112573
111942
111227
110430
109586
108716
107811
106908
102419
102417
102412
102405
102396
102384
102371
102355
102337
102317
102294
102270
102243
102214
102184
102152
102118
102084
102049
102014
101978
101943
101909
101875
101843
101812
101783
101757
101733
101711
101693
101678
101667
101660
101657
101658
101664
101673
101687
101704
101725
101749
101776
101807
101841
101878
101919
101964
102012
102064
102118
102177
102239
102305
102375
102450
102532
102619
102712
102811
102917
103032
103154
103283
103421
103569
103724
103887
104059
104239
104427
104624
104831
105049
105279
105521
105769
106026
106291
106563
106844
107132
107427
107727
108030
108339
108650
108964
109279
109596
109915
110234
110552
110867
111178
111485
111789
112090
112385
112674
112953
113232
113487
113744
113980
114212
114427
114626
114805
114962
115096
115205
115286
115339
115363
115358
115325
115266
115184
115080
114958
114825
114688
114556
114433
114329
114248
114188
114147
114126
114131
114162
114222
114308
114414
114537
114665
114797
114924
115041
115137
115220
115288
115342
115387
115419
115440
115445
115434
115407
115359
115296
115218
115139
115058
114993
114930
114883
114851
114820
114788
114757
114725
114686
114630
114546
114432
114288
114097
113846
113519
113103
112583
111958
111247
110452
109610
108741
107837
106928
102222
102220
102216
102210
102202
102192
102180
102166
102149
102131
102110
102087
102061
102034
102006
101975
101944
101912
101879
101846
101813
101780
101748
101717
101687
101659
101634
101610
101589
101571
101555
101543
101535
101530
101530
101534
101542
101554
101571
101591
101614
101641
101671
101705
101742
101783
101827
101876
101928
101983
102042
102105
102170
102241
102315
102395
102480
102571
102668
102774
102885
103002
103128
103261
103403
103553
103711
103875
104047
104227
104417
104616
104826
105047
105277
105517
105768
106026
106291
106562
106840
107125
107415
107710
108010
108313
108619
108928
109239
109552
109865
110180
110494
110804
111112
111415
111715
112012
112303
112587
112860
113138
113382
113636
113872
114098
114307
114498
114670
114818
114943
115044
115117
115161
115177
115163
115121
115053
114964
114854
114728
114589
114448
114313
114186
114077
113994
113938
113900
113881
113886
113917
113975
114059
114161
114282
114412
114545
114671
114790
114892
114982
115063
115126
115180
115226
115256
115275
115272
115255
115217
115163
115101
115037
114969
114920
114870
114832
114813
114791
114764
114737
114705
114667
114609
114523
114409
114265
114079
113835
113516
113108
112598
111987
111290
110501
109665
108796
107892
106976
101936
101936
101932
101927
101920
101912
101902
101889
101875
101858
101838
101817
101794
101769
101743
101716
101687
101658
101628
101598
101568
101539
101511
101484
101459
101436
101414
101395
101379
101364
101353
101345
101341
101340
101343
101351
101363
101380
101400
101424
101452
101483
101517
101555
101597
101642
101691
101745
101802
101863
101928
101996
102067
102144
102225
102311
102402
102501
102605
102716
102833
102959
103090
103228
103375
103530
103691
103858
104031
104216
104410
104613
104826
105047
105283
105525
105773
106027
106289
106556
106829
107108
107392
107681
107974
108271
108571
108873
109178
109485
109793
110100
110408
110713
111015
111313
111608
111898
112183
112461
112726
112994
113243
113485
113715
113933
114138
114319
114480
114618
114733
114823
114886
114918
114921
114894
114840
114759
114654
114530
114394
114248
114097
113951
113818
113700
113608
113551
113521
113509
113518
113547
113601
113684
113785
113899
114027
114161
114285
114410
114527
114628
114723
114803
114872
114938
114982
115013
115026
115021
115002
114967
114923
114885
114843
114806
114777
114759
114752
114744
114725
114703
114671
114635
114578
114488
114373
114228
114044
113811
113506
113111
112614
112027
111347
110576
109752
108881
107970
107051
101571
101571
101569
101565
101559
101552
101543
101533
101520
101504
101486
101468
101448
101427
101405
101381
101357
101331
101305
101279
101254
101229
101206
101185
101165
101147
101131
101118
101106
101097
101091
101089
101089
101094
101102
101115
101132
101154
101179
101209
101241
101277
101317
101360
101407
101458
101514
101574
101638
101706
101778
101852
101931
102016
102106
102199
102299
102405
102516
102636
102763
102896
103037
103183
103336
103497
103663
103833
104013
104204
104404
104613
104830
105056
105287
105526
105772
106023
106279
106541
106808
107080
107357
107638
107924
108213
108505
108799
109096
109395
109695
109995
110294
110591
110886
111177
111465
111746
112023
112294
112550
112807
113051
113283
113503
113709
113900
114072
114226
114353
114457
114537
114587
114606
114595
114554
114485
114388
114269
114129
113975
113819
113659
113498
113352
113224
113111
113035
113010
113012
113025
113054
113102
113178
113280
113391
113511
113646
113780
113911
114048
114165
114270
114374
114466
114551
114625
114665
114700
114708
114708
114701
114688
114667
114673
114656
114643
114652
114662
114678
114672
114653
114623
114580
114526
114438
114321
114179
113996
113772
113483
113113
112635
112072
111412
110666
109859
108993
108073
107147
101134
101136
101136
101133
101128
101121
101114
101106
101095
101081
101067
101052
101036
101019
101001
100981
100960
100939
100918
100897
100877
100859
100841
100826
100812
100800
100791
100784
100778
100776
100776
100780
100787
100798
100812
100831
100853
100880
100912
100947
100985
101027
101073
101124
101178
101235
101298
101366
101438
101514
101593
101677
101766
101860
101957
102061
102172
102286
102407
102535
102670
102813
102964
103120
103282
103450
103624
103801
103987
104184
104391
104604
104824
105050
105282
105519
105762
106008
106258
106512
106773
107037
107306
107579
107855
108135
108418
108704
108992
109281
109572
109863
110153
110442
110728
111011
111288
111560
111826
112087
112335
112581
112814
113034
113240
113431
113604
113760
113905
114019
114110
114176
114214
114221
114197
114140
114053
113940
113802
113646
113477
113303
113133
112967
112803
112662
112538
112431
112373
112373
112404
112439
112481
112545
112644
112759
112876
113004
113153
113300
113445
113587
113702
113820
113949
114049
114156
114232
114287
114325
114351
114359
114390
114395
114428
114460
114472
114500
114524
114562
114590
114580
114559
114505
114443
114365
114245
114113
113937
113720
113444
113103
112657
112118
111479
110762
109977
109124
108201
107270
100639
100641
100643
100642
100638
100633
100627
100620
100612
100602
100592
100581
100569
100556
100541
100526
100510
100494
100479
100464
100450
100438
100426
100417
100410
100405
100402
100402
100404
100409
100417
100428
100442
100458
100478
100502
100530
100564
100602
100644
100689
100738
100791
100849
100911
100977
101047
101123
101204
101288
101377
101471
101570
101674
101783
101898
102018
102143
102276
102414
102559
102712
102872
103037
103208
103386
103568
103753
103946
104150
104363
104581
104803
105030
105262
105498
105736
105976
106219
106468
106721
106978
107238
107501
107768
108038
108311
108587
108865
109144
109424
109705
109985
110263
110540
110812
111080
111340
111595
111842
112083
112317
112535
112742
112932
113106
113267
113400
113523
113617
113687
113734
113756
113749
113713
113646
113548
113416
113260
113084
112897
112703
112516
112337
112168
112009
111880
111765
111670
111622
111643
111696
111747
111797
111882
112001
112133
112263
112411
112577
112728
112879
113027
113165
113321
113447
113557
113677
113764
113835
113920
113953
114012
114058
114105
114176
114238
114302
114347
114384
114442
114461
114462
114407
114326
114258
114146
114017
113859
113655
113389
113072
112661
112157
111544
110852
110099
109262
108351
107424
100100
100103
100105
100106
100104
100101
100098
100092
100086
100080
100074
100067
100059
100051
100041
100030
100020
100010
100000
99991.5
99983.6
99977.6
99972.7
99969.6
99968.9
99970.3
99974.5
99981.7
99991.6
100005
100021
100039
100059
100082
100107
100136
100171
100211
100257
100306
100360
100416
100476
100542
100612
100686
100765
100849
100939
101033
101132
101236
101346
101460
101581
101708
101839
101977
102121
102270
102426
102589
102758
102933
103114
103301
103491
103685
103886
104097
104316
104537
104762
104992
105224
105457
105690
105925
106162
106405
106651
106900
107151
107405
107663
107921
108182
108447
108713
108981
109249
109519
109787
110055
110320
110581
110837
111084
111327
111563
111792
112010
112215
112405
112579
112736
112886
112998
113095
113165
113212
113236
113233
113199
113143
113058
112951
112810
112644
112450
112242
112028
111817
111613
111434
111265
111117
111001
110907
110827
110792
110817
110884
110947
111016
111119
111249
111403
111558
111735
111914
112073
112250
112429
112598
112753
112879
112993
113136
113225
113352
113446
113535
113633
113716
113804
113908
114026
114119
114157
114228
114285
114305
114264
114169
114103
114016
113883
113742
113564
113318
113017
112637
112182
111608
110937
110216
109401
108517
107600
99532.5
99535.9
99539.4
99542.1
99542.8
99542
99540.8
99538.6
99535.4
99532.6
99529.6
99526
99521.8
99517.1
99512
99507.3
99502.8
99498.7
99495.4
99493
99491.3
99491.2
99492.7
99495.5
99500.6
99508.1
99518.6
99532.2
99548.8
99568.9
99592.4
99618.6
99646.6
99676.2
99708.3
99744.2
99785.3
99832.2
99884.1
99940
99999.9
100064
100132
100206
100284
100366
100453
100546
100644
100748
100858
100974
101095
101220
101352
101490
101634
101784
101940
102101
102269
102442
102621
102806
102996
103191
103390
103593
103803
104021
104245
104471
104699
104930
105162
105392
105621
105851
106084
106321
106559
106798
107039
107282
107527
107776
108027
108279
108534
108789
109046
109303
109560
109815
110069
110318
110561
110796
111025
111248
111462
111662
111849
112019
112171
112311
112428
112532
112611
112664
112691
112692
112665
112607
112521
112408
112276
112121
111945
111741
111518
111286
111051
110824
110614
110429
110267
110128
110032
109960
109902
109871
109896
109972
110053
110153
110266
110412
110584
110766
110971
111170
111362
111587
111772
111916
112111
112220
112386
112513
112655
112809
112951
113105
113246
113375
113517
113664
113797
113865
113955
114061
114086
114054
113972
113894
113840
113713
113581
113430
113225
112942
112591
112185
111661
111020
110322
109536
108681
107782
98951.5
98955.6
98960.2
98964.4
98967.2
98968.9
98970.2
98971
98971.8
98972.7
98973.1
98972.7
98972.4
98972.3
98972.5
98973.1
98974.1
98975.6
98977.5
98980.3
98984.3
98989.1
98995.6
99003.9
99014.3
99027.4
99043.4
99062.7
99085.3
99111.4
99141.6
99175.1
99210.8
99248.2
99287.7
99330.1
99377.1
99429.7
99487.9
99550.8
99618
99689.5
99766.1
99847.3
99933.3
100024
100119
100219
100325
100438
100558
100685
100817
100953
101095
101244
101400
101562
101731
101905
102084
102268
102457
102652
102851
103054
103264
103476
103693
103918
104147
104377
104608
104840
105071
105298
105524
105751
105979
106208
106437
106667
106898
107130
107365
107604
107843
108084
108326
108570
108814
109058
109302
109545
109787
110026
110257
110479
110694
110902
111099
111283
111449
111599
111730
111850
111937
112024
112084
112117
112120
112098
112045
111967
111854
111716
111551
111368
111170
110951
110718
110472
110218
109972
109735
109519
109337
109181
109052
108979
108920
108885
108863
108900
108974
109086
109212
109344
109519
109716
109918
110146
110358
110597
110810
110966
111186
111335
111523
111709
111881
112078
112273
112477
112668
112856
113058
113224
113365
113508
113638
113783
113804
113768
113733
113647
113596
113506
113381
113244
113094
112846
112526
112160
111690
111092
110421
109662
108825
107952
98370.5
98375.1
98380.7
98385.9
98390.5
98394.8
98399.4
98403.6
98407.6
98411.5
98415.6
98419.4
98423.1
98427.1
98431.6
98436.8
98442
98447.8
98454.1
98460.9
98468.8
98478
98488.9
98502.2
98517.7
98535.7
98557
98581.9
98610
98641.9
98677.9
98717.5
98759.9
98804.7
98851.3
98899.9
98952.3
99010.5
99075.1
99146
99221.2
99299.6
99382.4
99470.1
99562.7
99661
99764.2
99872.2
99985.8
100106
100234
100371
100513
100660
100811
100970
101136
101309
101489
101674
101864
102060
102260
102466
102676
102888
103107
103330
103556
103786
104018
104251
104485
104718
104948
105173
105396
105620
105843
106064
106285
106507
106730
106953
107179
107405
107633
107861
108091
108322
108553
108784
109015
109244
109473
109701
109919
110128
110328
110521
110702
110866
111014
111145
111261
111362
111441
111503
111537
111544
111520
111472
111389
111281
111139
110976
110779
110566
110340
110093
109845
109578
109315
109052
108796
108557
108345
108166
108014
107913
107831
107804
107786
107789
107827
107919
108054
108192
108356
108564
108773
108997
109223
109461
109716
109911
110152
110348
110566
110808
111023
111267
111514
111754
111994
112231
112475
112672
112841
113079
113275
113422
113429
113393
113418
113357
113270
113228
113132
113006
112903
112712
112436
112108
111684
111138
110510
109780
108953
108108
97803
97807.9
97814.2
97821
97827.3
97833.4
97840.1
97847.7
97855
97861.8
97868.7
97876.1
97883.8
97891.5
97899.1
97907.1
97915.5
97924.2
97933.4
97943.5
97955
97968.1
97983.1
98000.3
98019.7
98042.1
98068.1
98097.8
98130.9
98167.7
98208.5
98253.2
98301.2
98352.5
98406
98460.9
98518.9
98582.7
98652.6
98729.1
98810.4
98895.6
98984.5
99078
99176.3
99280.4
99390.7
99506.8
99628.4
99755.4
99889.3
100033
100185
100343
100504
100671
100846
101028
101217
101411
101610
101816
102027
102242
102462
102687
102917
103148
103380
103616
103854
104091
104327
104560
104789
105013
105234
105454
105671
105886
106101
106315
106529
106742
106958
107174
107391
107608
107825
108043
108263
108482
108698
108914
109130
109345
109551
109746
109931
110107
110270
110416
110546
110659
110762
110843
110908
110949
110956
110935
110885
110808
110700
110559
110386
110192
109966
109724
109464
109186
108913
108621
108342
108062
107791
107539
107302
107101
106922
106799
106692
106631
106633
106616
106655
106717
106823
106984
107106
107311
107534
107749
107995
108239
108525
108771
109038
109285
109535
109818
110072
110363
110651
110919
111214
111500
111761
112005
112256
112555
112808
112947
112948
112917
112975
112970
112858
112847
112806
112708
112641
112520
112304
112029
111639
111149
110576
109885
109088
108275
97262.9
97267.5
97274.2
97282.4
97291.3
97299.7
97307.7
97316.9
97326.8
97336.1
97345
97354.2
97364.1
97374.8
97385.7
97396.8
97408.3
97420.1
97432.2
97445
97459.2
97475
97492.7
97512.7
97535.4
97561.3
97590.9
97624.7
97662.1
97702.1
97745.6
97793.3
97845
97900.5
97959.2
98020.3
98083.5
98151.5
98225.1
98304.7
98389.4
98479.2
98574
98673.4
98778.1
98888.1
99003.9
99125.8
99254.4
99388.9
99528.7
99676.7
99835.3
100002
100172
100348
100532
100722
100919
101120
101327
101540
101759
101982
102211
102448
102687
102925
103166
103410
103652
103893
104131
104365
104592
104815
105034
105250
105462
105672
105881
106087
106291
106495
106701
106908
107116
107323
107528
107735
107943
108151
108356
108556
108758
108960
109152
109333
109504
109664
109809
109937
110050
110148
110233
110297
110341
110364
110333
110281
110198
110088
109953
109785
109590
109366
109116
108848
108552
108245
107937
107622
107317
107016
106727
106460
106208
105990
105791
105637
105520
105420
105404
105381
105440
105487
105546
105730
105852
106035
106249
106467
106729
106980
107277
107554
107842
108131
108419
108732
109028
109349
109662
109970
110311
110639
110916
111233
111590
111917
112166
112327
112367
112359
112395
112410
112355
112369
112381
112342
112313
112251
112115
111904
111546
111120
110606
109951
109220
108444
96763.3
96767.3
96773.1
96781
96791.3
96802.2
96812.5
96822.9
96834.4
96846.1
96857.3
96868.4
96879.5
96891.4
96904.2
96917.4
96931.2
96945.6
96960.7
96976.4
96993.1
97011.3
97031.2
97053.5
97079
97107.7
97139.1
97174.5
97214.1
97256.5
97301.4
97349.8
97401.9
97457.8
97517.9
97582.2
97649.7
97720.4
97796.3
97877.7
97965
98057.4
98155.9
98259.9
98369.5
98485
98605.8
98732.4
98866.5
99007.7
99154
99306.2
99468.8
99641.5
99819.7
100003
100195
100393
100596
100804
101018
101238
101463
101693
101930
102174
102420
102667
102916
103165
103413
103657
103897
104130
104356
104578
104795
105007
105215
105420
105622
105821
106016
106212
106409
106607
106805
107002
107199
107394
107591
107788
107982
108170
108356
108543
108723
108889
109045
109188
109315
109426
109522
109605
109668
109710
109723
109708
109657
109573
109462
109320
109151
108955
108736
108486
108217
107928
107605
107275
106933
106592
106257
105930
105622
105332
105068
104831
104622
104440
104307
104188
104143
104109
104149
104196
104260
104414
104549
104729
104934
105160
105418
105674
105966
106258
106564
106882
107206
107537
107879
108216
108561
108920
109294
109648
109973
110368
110800
111142
111378
111557
111647
111693
111697
111696
111758
111819
111873
111913
111927
111908
111865
111709
111401
111054
110587
109971
109315
108581
96315
96318.7
96323.6
96329.7
96338.9
96350.1
96361.6
96373.3
96385.7
96399.1
96412.4
96425.5
96438.4
96451.4
96464.9
96478.9
96493.6
96508.9
96525.1
96542.1
96560.3
96580.4
96601.8
96625.7
96653.4
96684.6
96717.1
96751.3
96789.5
96831.5
96876.4
96925.2
96976.9
97031.4
97089.9
97153
97221.6
97293.9
97371.2
97453.7
97542.6
97637.3
97737.8
97844.6
97956.6
98075.2
98200
98330.1
98467.3
98613.2
98765.5
98922.5
99088.1
99265.1
99449.6
99639.7
99837.3
100042
100252
100467
100688
100914
101145
101381
101624
101871
102124
102379
102633
102886
103136
103382
103622
103854
104079
104299
104514
104724
104927
105127
105325
105519
105704
105891
106080
106268
106455
106643
106830
107017
107204
107392
107577
107753
107926
108099
108264
108417
108558
108685
108794
108887
108966
109028
109068
109078
109055
108997
108927
108823
108686
108517
108317
108090
107839
107563
107270
106960
106622
106276
105906
105541
105177
104823
104491
104175
103894
103636
103415
103215
103058
102934
102855
102809
102821
102861
102928
103050
103195
103368
103564
103797
104042
104306
104596
104897
105216
105555
105896
106250
106625
106976
107361
107765
108159
108555
108959
109409
109865
110214
110493
110674
110778
110875
110886
110919
111086
111206
111310
111427
111475
111506
111550
111425
111215
110942
110502
109963
109369
108678
95926.1
95929.8
95934.3
95939
95946.3
95956
95967.1
95979.1
95991.4
96004.3
96017.6
96031.4
96045.4
96059.3
96073.5
96087.9
96102.9
96118.5
96134.8
96151.9
96170
96189.8
96211.7
96235.2
96261.7
96292
96324.3
96357.9
96394.7
96434.5
96475.3
96521.6
96572
96624.8
96681.1
96741.6
96807.3
96878.6
96955.3
97037.8
97126.3
97221.4
97322.7
97430.9
97544.8
97664.7
97791.1
97923.8
98063.1
98210.7
98367
98528.5
98696.3
98875.4
99064.2
99259.3
99461.9
99672.2
99888.7
100111
100337
100569
100806
101048
101295
101546
101803
102060
102317
102570
102821
103067
103307
103538
103761
103979
104193
104399
104599
104793
104986
105174
105356
105535
105715
105894
106071
106252
106431
106610
106787
106964
107139
107305
107465
107623
107773
107912
108039
108149
108239
108314
108376
108418
108433
108419
108373
108292
108194
108059
107890
107690
107463
107208
106927
106623
106299
105959
105607
105245
104858
104474
104083
103707
103343
103005
102702
102418
102184
101968
101793
101657
101551
101495
101477
101504
101565
101659
101801
101961
102152
102383
102620
102890
103177
103480
103808
104159
104507
104892
105272
105649
106077
106502
106913
107384
107860
108335
108782
109137
109468
109677
109817
109943
110006
110125
110348
110515
110686
110863
110944
111054
111150
111068
110988
110751
110347
109919
109384
108748
95602.1
95605.6
95610.2
95615.1
95621.2
95629.3
95639
95649.9
95661.6
95673.5
95685.4
95697.5
95710
95722.8
95736.1
95749.7
95763.9
95778.7
95794.2
95810.3
95827.2
95845.4
95865.6
95887.2
95910.5
95936.8
95966.1
95997.2
96030.4
96066.7
96105.7
96147.4
96193.1
96239.8
96292.8
96349.9
96412.2
96480.1
96553.8
96634.1
96720.8
96814.4
96915
97022
97135.8
97256.1
97382.8
97516.2
97657.4
97805.3
97961.8
98126.5
98296.5
98475.3
98665.8
98864.4
99070.5
99284.9
99506
99732.3
99964.3
100202
100444
100691
100942
101196
101451
101708
101963
102217
102468
102713
102951
103181
103402
103618
103829
104033
104228
104418
104605
104789
104967
105141
105313
105486
105660
105830
105996
106166
106333
106500
106666
106822
106972
107115
107248
107374
107487
107580
107653
107711
107754
107775
107769
107734
107670
107571
107440
107272
107071
106842
106589
106310
106005
105676
105323
104952
104575
104191
103795
103393
102982
102584
102194
101835
101502
101200
100946
100710
100523
100366
100245
100170
100131
100144
100187
100265
100391
100536
100723
100941
101171
101439
101716
102019
102358
102702
103067
103466
103844
104266
104719
105147
105595
106146
106668
107138
107567
107953
108306
108574
108777
108945
109093
109300
109543
109746
109981
110196
110337
110543
110651
110673
110680
110455
110144
109808
109330
108766
95345.5
95348.5
95353.1
95358.5
95364.4
95371.5
95380
95389.2
95399
95408.9
95418.4
95427.8
95437.4
95447.3
95457.6
95468.3
95479.5
95491.6
95504
95517.4
95531.6
95546.6
95562.8
95581
95600.1
95621.3
95645.2
95671.1
95699
95729.7
95763.2
95799.8
95840.1
95881.8
95929.7
95982
96039.7
96103.1
96172.6
96248.6
96331.5
96421.2
96518.2
96621.6
96733
96851.7
96977.6
97110.5
97250.6
97398.5
97554.1
97719.1
97891.1
98068.6
98257.5
98457.5
98665
98880.8
99104.6
99334.2
99569
99809.4
100055
100304
100556
100811
101065
101320
101574
101826
102076
102321
102557
102784
103003
103216
103424
103625
103818
104004
104184
104361
104535
104704
104871
105036
105198
105356
105519
105683
105845
106004
106160
106306
106444
106573
106691
106804
106902
106979
107035
107078
107105
107106
107081
107027
106939
106813
106657
106451
106217
105962
105685
105386
105066
104720
104347
103954
103548
103137
102726
102307
101886
101468
101059
100680
100321
100003
99717.2
99467.3
99258.7
99081
98946.2
98849.3
98798.4
98791.8
98817.2
98884.6
98986
99120.9
99296
99489.6
99713.5
99971.2
100236
100543
100879
101211
101598
101990
102382
102841
103298
103736
104242
104844
105390
105841
106264
106700
107076
107397
107655
107882
108128
108405
108661
108908
109193
109432
109670
109949
110072
110226
110256
110082
109891
109613
109195
108707
95183.1
95186.8
95192.6
95199.3
95205.8
95212.8
95219.7
95227.1
95234.2
95241.2
95247.7
95254
95260.4
95267
95273.6
95280.5
95287.7
95295.7
95303.8
95313
95322.7
95332.9
95344.8
95358
95372
95387.6
95405.6
95425.6
95447.7
95472.2
95499.7
95530.9
95565.7
95603
95645
95691.9
95744.1
95801.4
95865.4
95935.7
96013.1
96097.6
96189.8
96289.2
96395.7
96510.1
96631.8
96762.4
96901.1
97047.1
97201.7
97364.3
97536.2
97714.1
97899
98096.4
98303.4
98518.2
98741.8
98972
99207.2
99447.4
99692.2
99940.6
100192
100445
100697
100949
101201
101452
101700
101944
102178
102402
102617
102827
103031
103230
103421
103603
103779
103950
104117
104282
104444
104604
104760
104914
105068
105225
105379
105530
105674
105810
105937
106054
106161
106263
106346
106408
106451
106480
106489
106474
106433
106358
106243
106086
105890
105669
105415
105139
104840
104523
104189
103831
103449
103043
102616
102183
101751
101315
100884
100451
100031
99631.1
99255.5
98917.3
98605.8
98339.9
98102.3
97908.8
97753.7
97640.7
97576
97545.7
97559.7
97608.5
97688.6
97811.5
97958.9
98133.2
98346.6
98581.9
98840.8
99145.9
99459.5
99793.3
100186
100563
100983
101454
101903
102363
102919
103531
104087
104521
104952
105431
105840
106207
106516
106808
107130
107446
107724
108033
108354
108622
108958
109268
109446
109695
109733
109661
109551
109335
108987
108557
95082.3
95089.5
95096.6
95104.6
95113.4
95120.7
95127.2
95133.2
95137.7
95142
95145.4
95148.8
95151.8
95154.9
95157.9
95161.1
95164.4
95168.2
95172.5
95177.2
95182.3
95187.7
95194.9
95203.2
95212.4
95222.9
95235.3
95250.1
95267
95286
95308.3
95334.4
95363.7
95395.8
95432.3
95473.6
95520.3
95570.5
95628.7
95693.5
95765.3
95845.3
95932.3
96027.6
96130
96240.1
96358.1
96484.2
96619.9
96763.2
96915.1
97075.2
97244.6
97422.8
97605.4
97798.2
98002.6
98215.1
98436.3
98665.3
98899.5
99138
99380.9
99626.7
99875.1
100125
100375
100624
100873
101120
101367
101608
101840
102062
102274
102479
102679
102874
103063
103243
103416
103582
103744
103903
104061
104216
104368
104520
104669
104813
104960
105100
105235
105362
105481
105587
105684
105775
105846
105895
105926
105940
105936
105908
105851
105755
105615
105433
105215
104978
104709
104415
104095
103760
103410
103039
102649
102233
101794
101346
100893
100442
99998.3
99552.7
99123.7
98706.4
98319.8
97958.5
97630.2
97341.5
97081.5
96872
96696
96571.6
96484.9
96436.9
96436.3
96460.9
96528.6
96627.9
96749.4
96912.4
97104.1
97317.4
97571.1
97855.8
98147.8
98489.3
98865.7
99236.3
99676.7
100139
100577
101077
101648
102236
102789
103221
103676
104174
104622
105033
105390
105746
106126
106467
106786
107160
107503
107810
108209
108521
108785
109078
109142
109172
109123
108977
108689
108299
95012.6
95022.1
95033.4
95043.6
95055.5
95064.4
95071.1
95076
95078.5
95080.4
95080.3
95080.3
95079.3
95078.3
95077.2
95076
95074.9
95073.8
95073.7
95073.9
95074.3
95074.7
95076
95079.1
95083.2
95088.4
95095.5
95105.3
95116.7
95130.5
95147.4
95167.6
95190.8
95216.9
95247.3
95282.3
95322.3
95367.3
95419.4
95478.7
95544.6
95618.5
95700
95789.3
95887.5
95993.2
96107.9
96230.6
96361.4
96501.6
96650.1
96807.3
96972.8
97148.6
97330.7
97518.7
97718.5
97928
98145.7
98371.8
98603.9
98839.9
99079.6
99322.3
99566.7
99812.6
100059
100305
100550
100793
101035
101275
101505
101724
101933
102134
102330
102520
102706
102884
103055
103217
103376
103528
103681
103830
103979
104126
104269
104411
104543
104675
104801
104917
105028
105123
105212
105294
105353
105391
105408
105410
105394
105354
105280
105163
105003
104807
104578
104322
104039
103727
103392
103038
102669
102287
101888
101462
101017
100557
100089
99626
99166.1
98711.5
98271.2
97843.2
97445
97064.7
96722.9
96409.6
96136.7
95906.6
95716.2
95576.4
95467.5
95408.7
95384.2
95392.5
95446.5
95516.7
95626
95769.9
95934.6
96136.1
96375.3
96630.4
96913.1
97251.9
97603.1
97977.1
98422.1
98863.7
99304.1
99845.4
100403
100940
101480
101933
102419
102920
103409
103864
104274
104678
105107
105481
105855
106274
106631
106993
107417
107726
108079
108386
108499
108601
108630
108539
108285
107927
94953
94982.7
94996.5
95015.4
95028.5
95040.5
95045.8
95049.9
95049.1
95047.9
95044.6
95040.3
95035.1
95029.5
95024
95018.3
95012.4
95006
95000.4
94996.3
94992.6
94988
94983.6
94981.5
94980.6
94980.6
94982.7
94987.2
94993.4
95001.6
95012.5
95026.1
95042.5
95062.2
95086.1
95115
95148.5
95188.2
95234.8
95288.1
95348.3
95416.1
95491.8
95574.9
95667.3
95768.5
95877.7
95997.2
96123.9
96260
96404.9
96558.2
96720.2
96891.7
97072.5
97257.3
97451.2
97656.7
97870.4
98092.3
98321.2
98554.1
98789.9
99028.2
99268.5
99510.4
99751.9
99993.7
100235
100474
100710
100945
101173
101390
101596
101794
101985
102171
102353
102527
102695
102856
103011
103159
103306
103450
103594
103736
103871
104004
104130
104252
104368
104475
104579
104666
104748
104820
104869
104895
104900
104891
104866
104812
104719
104585
104411
104205
103965
103695
103398
103073
102726
102356
101966
101572
101165
100733
100282
99813.7
99336.5
98862.2
98388.6
97925.9
97473.9
97040.1
96627.7
96236.1
95877.9
95547
95262.2
95012.1
94811.4
94650
94528.3
94454.3
94407.2
94405.3
94435.4
94487.7
94585.1
94701.3
94847.6
95038
95249.9
95480.8
95758.1
96079.1
96407.8
96791
97225.7
97646.3
98105.1
98665.3
99196.9
99675.5
100199
100678
101180
101688
102213
102718
103185
103621
104081
104494
104914
105346
105723
106155
106583
106900
107323
107631
107801
107962
108068
108004
107776
107453
94915.1
94966
94993.1
95020.3
95035
95046
95048.9
95050.5
95045.7
95038.7
95031.4
95022.1
95012.2
95001.8
94991.7
94981.8
94971.4
94960
94949.1
94940.2
94932.2
94923
94914
94906.7
94901
94896.1
94892.8
94891.5
94891.9
94894
94898.1
94905
94914.9
94928.1
94945.6
94968.3
94996.5
95030.7
95071.7
95119.3
95172.3
95234.8
95304.8
95382.8
95469.1
95565.3
95669.5
95783.8
95906.8
96037.7
96178.8
96327.8
96486
96652.8
96830
97012.9
97201.1
97400.8
97610.2
97827.2
98051.7
98280.9
98512.7
98746.2
98982.1
99219.3
99455.7
99692
99928.2
100163
100394
100624
100847
101062
101265
101459
101645
101827
102004
102175
102340
102499
102651
102796
102937
103076
103215
103350
103478
103602
103719
103832
103941
104041
104136
104216
104291
104353
104392
104408
104402
104384
104348
104281
104171
104024
103839
103622
103370
103087
102782
102446
102093
101711
101303
100896
100481
100044
99589.3
99114.8
98633.3
98148.9
97665
97193.6
96732.2
96292.9
95867.5
95468.3
95093.2
94752
94452.2
94188.9
93975.2
93794.8
93665.3
93569.9
93510.7
93493.7
93498.3
93540.9
93616.7
93710.8
93850
94017.8
94198.7
94415.6
94682.7
94978.5
95294.9
95685
96098.5
96504.4
96986.6
97535.8
98034.3
98473.5
98969.5
99473.8
99970.3
100492
101047
101604
102120
102584
103067
103508
103953
104382
104804
105290
105701
106056
106511
106814
107040
107267
107419
107360
107166
106876
94857.4
94971
95012.5
95040.9
95064.9
95072.2
95073.2
95069.1
95060.8
95047.9
95035.3
95021.5
95006.9
94991.8
94976.8
94962.5
94947.9
94932.3
94917
94903
94889.8
94876.3
94862.6
94850.3
94839.3
94829.3
94820.3
94812.9
94806.9
94802.8
94800.6
94801.4
94805.2
94812.6
94824.1
94840.9
94863.6
94892.2
94927.3
94969.1
95014.9
95071.3
95135.4
95208.1
95289
95379.8
95479.7
95588.5
95707.6
95833.7
95970.2
96115.3
96268.5
96431.3
96603.2
96783.7
96967.7
97160.5
97364.8
97576.6
97795.7
98020.6
98248.1
98476.7
98707.5
98939.4
99171.1
99401.9
99632.1
99860.5
100088
100312
100530
100741
100940
101131
101313
101489
101661
101829
101990
102146
102295
102437
102574
102709
102841
102969
103089
103204
103313
103424
103521
103613
103700
103773
103843
103896
103926
103930
103914
103888
103843
103761
103638
103480
103285
103054
102788
102492
102176
101842
101485
101097
100678
100260
99835.9
99396.5
98936.8
98460.2
97976.2
97484.1
96993.1
96512.5
96044.8
95597.4
95163.4
94756
94368.4
94020.1
93704.9
93433.7
93203.3
93012.4
92871.2
92757.1
92690.5
92651.7
92641.3
92671.4
92721.1
92806.7
92930.4
93066.8
93226.8
93435.5
93685.1
93957.6
94272.6
94655.2
95045
95444.5
95936.5
96455.3
96919.6
97343.7
97809.7
98330.7
98814.9
99347.3
99922.7
100523
101071
101564
102064
102528
102986
103424
103896
104397
104780
105196
105651
105949
106224
106516
106670
106615
106452
106197
94679.8
94986.6
95042.8
95081.6
95106.6
95113.2
95111.6
95101.7
95087.9
95070.4
95052.5
95034.2
95015.1
94995.5
94976
94957
94937.8
94918.1
94898.5
94879.8
94861.8
94843.5
94825.2
94807.9
94791.7
94776.3
94761.9
94748.7
94736.6
94726.4
94718.5
94713.4
94711.7
94713.4
94719.4
94730.5
94747.1
94769.7
94798.6
94833.5
94874.9
94925.2
94983.3
95050.2
95125.7
95210.8
95305.7
95409.2
95523.3
95645.7
95777.1
95918.7
96066.9
96225.3
96392.3
96568.3
96749.6
96935.7
97133.7
97340.3
97553.3
97772.8
97995.9
98219.6
98446
98671.5
98897.4
99123.1
99346.8
99569.6
99790.7
100009
100223
100429
100625
100811
100989
101159
101326
101489
101646
101798
101944
102083
102216
102347
102473
102593
102705
102812
102915
103019
103108
103194
103274
103341
103404
103449
103468
103461
103436
103404
103349
103253
103119
102952
102745
102500
102221
101915
101594
101260
100902
100510
100088
99660.9
99229.6
98787.4
98324.5
97847.6
97361.8
96865.2
96369.5
95880.9
95408
94951.8
94512.9
94096.5
93702.1
93345.8
93018.9
92740.5
92494.7
92298.5
92141.4
92016.2
91938.8
91878.9
91861.5
91874.7
91907.4
91983
92079.4
92187
92338.6
92537.4
92764.2
93021.1
93337.8
93700.4
94067.9
94466.3
94949.8
95432.7
95866.9
96282.3
96732.6
97253.4
97733
98263.1
98849.4
99483.5
100051
100568
101077
101559
102030
102494
102995
103476
103847
104315
104744
105046
105367
105696
105826
105792
105648
105428
94337.3
95002.4
95131.3
95159.8
95173.3
95168.1
95158.5
95142.7
95123.1
95100.9
95078.5
95056
95032.5
95008.5
94984.9
94961.6
94938.1
94914.1
94890.3
94867.2
94844.6
94821.9
94799.3
94777.2
94756
94735.4
94715.3
94696.4
94678.7
94662.8
94649.5
94639
94631.8
94628.1
94628.7
94634
94644.5
94660.9
94683.9
94713
94748.9
94793.7
94846.2
94907.7
94978
95057.8
95147.3
95245.7
95354.5
95472.7
95599.2
95736.2
95880.4
96033.5
96196.2
96366.8
96544.8
96726.1
96916.3
97117.2
97324.4
97537.7
97755.7
97975.1
98196.6
98416.4
98635
98853.9
99073.3
99290.1
99504.6
99716.5
99925.2
100127
100319
100501
100674
100839
100999
101157
101309
101456
101599
101734
101864
101990
102110
102223
102327
102428
102526
102623
102704
102783
102856
102918
102974
103010
103020
103002
102970
102932
102866
102757
102615
102438
102217
101961
101673
101362
101038
100701
100340
99947.2
99526.9
99096.7
98661.1
98215.9
97750.8
97274.4
96787.7
96289.8
95790.6
95296.3
94818.5
94355.2
93913
93489.3
93091.3
92726
92392.2
92105.6
91849.5
91647.4
91476
91343.7
91251
91178.7
91153.8
91149.5
91171.6
91229.5
91297.2
91389.3
91536.6
91720
91926
92174.7
92484.6
92823.4
93171.4
93572.9
94036
94482.5
94888.6
95294.4
95740.7
96248.6
96729.9
97246.6
97837.8
98489.9
99073.6
99609.8
100123
100616
101100
101587
102088
102531
102924
103416
103800
104113
104483
104799
104893
104915
104780
104574
94132.9
95075.8
95275.1
95252.8
95246.7
95231.2
95210.7
95190.2
95165.2
95137.5
95110.7
95084.4
95057.1
95028.7
95000.9
94973.7
94946.4
94918.7
94891
94863.5
94836.5
94809.6
94782.7
94756
94729.7
94703.8
94678.3
94654.1
94631.2
94610.3
94591.9
94576.4
94563.9
94554.8
94549.8
94549.3
94554
94564.7
94582.1
94605.9
94635.8
94674.7
94721.9
94778.1
94843.3
94917.9
95002.4
95095.9
95199.4
95313
95434.9
95566.7
95707.5
95855.3
96013.3
96178.9
96352.1
96530
96712.7
96906.5
97108.3
97315.2
97527.5
97744.1
97958.5
98173.5
98384.1
98597
98809.9
99021
99229.7
99434.6
99636.8
99834.2
100022
100200
100369
100529
100683
100835
100982
101124
101262
101393
101519
101639
101754
101859
101958
102054
102148
102238
102309
102382
102449
102505
102555
102581
102581
102552
102515
102471
102393
102274
102125
101937
101704
101440
101148
100834
100507
100168
99800.7
99406.6
98991.9
98563.9
98127.2
97679.7
97213.6
96738.2
96251.1
95754.1
95252.6
94755.2
94273.1
93805.6
93360.3
92931.2
92530.9
92157.8
91820.6
91526
91264.6
91054.3
90873.2
90734.5
90627.4
90549.8
90513.8
90494.3
90504.1
90540.3
90588.6
90676.6
90811.5
90980.2
91174.3
91415.6
91705.2
92022.7
92362.6
92767.3
93201
93610.7
93991.5
94389
94831.1
95321.1
95803.5
96304.2
96892.1
97546.5
98144.1
98694.5
99208.9
99711.1
100205
100697
101176
101589
102022
102503
102838
103167
103571
103821
103892
103977
103819
103637
94944.1
95246.9
95384.2
95349
95313.9
95289.3
95260.6
95237.2
95209
95176.8
95145.4
95115.3
95084.9
95053.4
95022
94991.3
94960.6
94929.4
94898
94866.9
94835.9
94804.8
94773.6
94742.5
94711.4
94681
94651.2
94622.5
94595.3
94569.9
94546.7
94526.1
94508.5
94494.2
94483.6
94477.6
94477.2
94482.7
94494.8
94514.1
94538
94571.7
94613.9
94664.9
94725.1
94794.6
94874.1
94963
95061.6
95170.5
95288.3
95415.2
95552.2
95695.8
95848.3
96009.8
96177.9
96352
96529.3
96715.2
96911
97112.1
97317.7
97528.1
97738.6
97947.7
98154.3
98360.3
98565.8
98770.4
98973.4
99172.3
99367.6
99559.2
99742.1
99916.7
100082
100238
100386
100533
100674
100811
100944
101070
101191
101306
101415
101513
101609
101702
101790
101872
101938
102002
102062
102112
102154
102172
102161
102124
102082
102031
101943
101815
101660
101460
101219
100952
100658
100343
100015
99669.5
99296.9
98899.8
98491.9
98069.6
97634.9
97186.4
96720.7
96246.1
95759.4
95264.4
94762.2
94263.6
93778
93308.5
92860.4
92428.2
92025.2
91646.4
91307.9
91007
90742.4
90525
90337.2
90192.4
90075.9
89996.3
89945
89912.3
89907.9
89924.8
89965.2
90049.4
90164.6
90324.6
90514.7
90742.4
91012
91313.2
91652
92052.3
92453.6
92830.7
93191.5
93579.3
94011.9
94484
94964.6
95449.8
96025.1
96671.9
97280.3
97837.1
98349.6
98858.6
99352.5
99834.9
100288
100696
101148
101585
101880
102229
102623
102788
102869
102939
102765
102636
95515.9
95395.4
95453.2
95423.3
95379.8
95347.6
95314.4
95286.7
95255
95219.9
95185.2
95151.3
95117.2
95082.6
95048.1
95013.9
94979.6
94944.9
94909.8
94874.9
94840
94804.7
94769.2
94734
94699
94664.5
94630.6
94597.5
94565.8
94535.7
94507.6
94481.9
94458.9
94439.3
94423.6
94412.6
94406.9
94407.5
94414.4
94428.3
94448.2
94475.8
94513.1
94559.2
94614.4
94678.8
94753.4
94837.8
94931.5
95035.6
95149.1
95271.4
95403.6
95543.6
95690.7
95847.6
96011
96180.5
96353.9
96532.1
96720.5
96916.2
97115.2
97317.6
97524.3
97727.7
97930.3
98130.4
98328.3
98525.4
98721.8
98915.2
99103.9
99289.1
99466.4
99636.2
99797.7
99949.8
100093
100235
100370
100502
100630
100750
100867
100976
101078
101171
101265
101354
101436
101510
101569
101626
101680
101724
101758
101767
101746
101701
101655
101597
101499
101364
101201
100990
100746
100479
100183
99868.9
99540.3
99187.7
98811.8
98412.6
98010.9
97596
97165.9
96718.4
96254.5
95781.6
95296.1
94803.9
94302.5
93804.5
93317
92847.9
92397.8
91964.3
91557.4
91175.9
90836.9
90532.6
90265.8
90042.4
89850.2
89700.4
89577.7
89495.4
89429.3
89385.1
89366.6
89373
89410.8
89489.4
89586.1
89744
89930.6
90144.6
90393.4
90681.1
91022.7
91409.6
91778.7
92130
92479.1
92854.6
93273.3
93728.6
94202.2
94674.3
95230.9
95864.4
96478.5
97032.9
97543
98054.7
98538.1
99002.7
99437.8
99855.9
100300
100670
100939
101294
101632
101730
101838
101810
101668
101586
95591.6
95498.9
95547.1
95503.8
95448.1
95419.3
95387.5
95352.3
95314.6
95274.5
95236.2
95198.2
95159.4
95120.6
95082.3
95044.2
95005.8
94967
94928.2
94889.1
94849.9
94810.3
94770.6
94731
94691.5
94652.1
94613.4
94575.6
94538.7
94503.3
94469.8
94438.4
94409.7
94384.7
94363.4
94346.7
94335.4
94330.4
94331.6
94339.8
94354.6
94376.3
94408.2
94448.9
94498.7
94557.8
94626.7
94706.1
94794.6
94893.4
95002.1
95119.4
95246.2
95382
95524.2
95675.2
95834
95998
96167
96339.3
96518.3
96706.9
96900.3
97097.1
97295.7
97490.9
97689.7
97885
98076.2
98264.5
98451.9
98638.1
98820.3
98999.3
99171.1
99335.4
99492.3
99639.7
99778.5
99913.9
100042
100170
100292
100407
100519
100621
100717
100807
100899
100983
101058
101122
101175
101226
101275
101314
101339
101337
101306
101255
101206
101141
101033
100891
100720
100501
100258
99991.4
99695.4
99383.2
99054.8
98697.3
98318.4
97920.4
97524
97117.7
96694.8
96250.9
95790.6
95321.2
94839.1
94350.4
93851.5
93356.1
92870.9
92404.2
91954.1
91520.1
91111
90730.8
90391.5
90086.6
89819.5
89588.8
89397.4
89242.5
89114.4
89026.5
88947.8
88894.5
88868.2
88870.3
88909.9
88981.3
89071.7
89227.3
89408.1
89605.6
89833
90111.1
90454.2
90824.5
91161.3
91491.9
91835.4
92198.3
92601.6
93039.6
93500.8
93962.4
94497.1
95115.1
95726.3
96272
96778.3
97283.9
97751.5
98199.2
98625
99044.8
99453.7
99744.1
100004
100338
100595
100654
100760
100650
100537
100458
95834.5
95706.2
95655.5
95602.7
95540.3
95507.5
95472
95428
95383.8
95339.3
95296.4
95254.3
95211.5
95168.3
95125.8
95083.7
95041.3
94998.3
94955.2
94911.7
94867.8
94823.7
94779.1
94734.4
94689.6
94645
94600.9
94557.5
94514.9
94473.6
94434
94396.5
94361.8
94330.5
94303.3
94280.4
94263
94251.5
94246.6
94248.6
94258
94272.9
94299.1
94334
94377.7
94431.2
94494.1
94567.6
94650.6
94743.4
94846.6
94958.6
95079.5
95210.1
95347.8
95492.1
95645.4
95804.2
95967.4
96134.6
96305.5
96483.9
96669.9
96861.9
97052.5
97237.8
97430.4
97620.6
97806.4
97987.5
98165.2
98341
98514.3
98685.9
98852.6
99011.8
99164.2
99307.3
99441.4
99569.2
99691.2
99812.5
99928.2
100038
100143
100239
100332
100420
100508
100585
100651
100708
100757
100802
100846
100878
100893
100881
100841
100785
100732
100657
100540
100396
100216
99992.3
99753.2
99486.3
99190.2
98881.6
98554.3
98195
97816.4
97423.6
97031.9
96634.6
96221
95783
95328.5
94865.1
94389.4
93905
93410.6
92920.4
92440.9
91977.6
91530
91097.2
90690.4
90314.5
89976
89671.2
89406
89170.9
88983
88824.2
88691.6
88593.3
88506.8
88450.8
88422.8
88424.1
88466.6
88530.4
88621.6
88770.5
88942.3
89120.5
89344.8
89616.7
89953.1
90295.8
90610.1
90923.7
91259.6
91611
91995.5
92416.5
92862.5
93313.8
93825.1
94426.8
95026.1
95561.3
96057.3
96550.3
97000.5
97434.1
97849.1
98249
98593.9
98822.4
99087
99377.2
99543.9
99567.4
99613.4
99475.6
99346.3
99246.2
95982.6
95862.1
95782.2
95727.5
95654.4
95607.1
95570.9
95524
95470.5
95419.5
95372
95325.7
95278.8
95231.2
95183.8
95136.8
95089.7
95041.8
94993.7
94945.1
94895.9
94846.2
94796
94745.5
94694.9
94644.4
94594.1
94544.3
94495.3
94447.3
94401
94357
94315.6
94277.4
94243.5
94214.1
94189.9
94171.5
94159.8
94154.9
94157.9
94166.7
94186.1
94214.5
94251.4
94298.6
94355.4
94422.3
94499.5
94585.8
94682.4
94788.7
94903.4
95027.4
95159.9
95298.2
95444.3
95597.7
95755
95915.9
96080.1
96248.7
96423.5
96605.2
96789.7
96969.7
97152.7
97335.1
97514.7
97689.8
97860.6
98026.3
98188.3
98349.3
98507.4
98660.6
98807.8
98947
99077.5
99199.9
99315.7
99430.1
99538.4
99641.2
99741.2
99832.7
99922.1
100007
100088
100156
100213
100266
100313
100358
100390
100414
100420
100395
100347
100285
100230
100148
100025
99877.3
99687.3
99463.8
99228.2
98958.8
98664.3
98360.7
98035.4
97678.5
97304.3
96921.7
96535.5
96147.8
95743.7
95314.1
94868.8
94413.4
93946.8
93468.3
92981.2
92499.9
92027.1
91568
91124.2
90696.6
90295.7
89926
89591.4
89287.3
89024.7
88792.6
88608.1
88445.4
88309.7
88202.7
88114.2
88059.7
88032
88033.8
88080
88138
88231.5
88366.1
88529.3
88708.3
88926.7
89195.9
89516.3
89830.9
90127.5
90428.2
90753.9
91090.3
91454.6
91858.5
92287.7
92729.2
93216.5
93798.7
94382.4
94902.2
95382
95858.4
96290.8
96708.3
97106.6
97466.9
97736.1
97929.4
98199.4
98427.4
98492.3
98463.3
98440.1
98280.9
98115.2
98000.3
96066.9
95989.1
95932
95878.4
95797.7
95732.1
95688.5
95638.8
95579.8
95521.1
95466.6
95414.1
95361.9
95309.6
95257.2
95204.7
95151.9
95098.7
95044.9
94990.6
94935.6
94879.9
94823.5
94766.7
94709.5
94652.2
94594.8
94537.8
94481.6
94426.4
94372.8
94321.4
94272.6
94227.1
94185.5
94148.6
94117
94091.1
94071.9
94059.6
94055.2
94058
94069.4
94090.7
94120.4
94160.4
94210.5
94270.3
94340.6
94420.3
94509.6
94609.4
94717.6
94834.3
94960.3
95092.7
95231
95377.1
95528.8
95682.9
95839.5
95999.7
96164.2
96333.5
96508.3
96681.9
96856.2
97029.1
97200.1
97367.1
97531.7
97690
97843
97992.5
98138.9
98281.8
98420.5
98553.3
98679.7
98798.5
98908.4
99017.4
99119.2
99216.5
99311.8
99398.1
99482.1
99560.1
99633
99691.4
99745
99795
99840.1
99883.4
99904.4
99918.9
99915.4
99878.4
99825.4
99771.6
99706
99614.4
99484.2
99330.5
99133
98914
98678.7
98405.8
98116.6
97819.1
97496.5
97145.3
96780.4
96411.7
96034.2
95656.7
95262.4
94844.3
94411.3
93967
93510.7
93040.8
92564.2
92093.3
91629.1
91176.9
90739.6
90320.8
89927.9
89563.9
89236.2
88935.4
88676.5
88453.8
88268.1
88104.3
87967
87857.6
87770.6
87719.8
87692.7
87694.2
87745.8
87803.3
87890.6
88019
88179.1
88363.3
88578.2
88838.9
89138.4
89425.5
89709.1
90002.2
90316
90636.3
90980.7
91363.4
91777.1
92209.1
92672.6
93231.4
93798.2
94297.7
94758.5
95210.6
95627.1
96019.6
96386.4
96692.4
96900.3
97068.5
97318.7
97467.3
97440
97360.2
97269.6
97091.5
96905.9
96748.4
96243.8
96185.1
96114.1
96057.2
95972.1
95889.7
95825
95764
95702.9
95641.1
95580.6
95521.5
95463.7
95406.6
95349
95290.7
95231.8
95172.5
95112.5
95051.8
94990.1
94927.5
94864
94799.8
94735
94669.9
94604.8
94539.9
94475.8
94412.7
94350.9
94291.2
94234.3
94180.5
94130.6
94085.3
94045.3
94011.2
93983.7
93963.5
93951
93946.4
93949.8
93962.8
93984.9
94017.1
94059.5
94111.9
94174.2
94246.9
94328.7
94420.6
94522.1
94631.1
94749.1
94874.7
95005.6
95142.7
95286.9
95434.8
95583.5
95734.4
95889.5
96048.1
96209.5
96373
96537.7
96701.1
96862.9
97019.7
97175.6
97326
97471.8
97612.4
97748
97879.5
98007.3
98129.9
98248.3
98360.7
98464.3
98568.1
98663.4
98756.5
98846.3
98926.6
99004.4
99074.9
99139.3
99192.4
99245.9
99293.1
99334.4
99370.4
99388.5
99392.5
99379
99342
99280.8
99215.6
99147.5
99047.5
98913.6
98753.6
98553.2
98340
98100.3
97827.2
97547.5
97256.4
96938.1
96595
96244
95890.2
95526.3
95160.6
94777.9
94373.9
93956.4
93525.4
93080.8
92624.3
92160.7
91700.5
91246.3
90805.4
90377.1
89969.5
89586.2
89229
88911.3
88614.6
88364.6
88150.1
87962.3
87800.5
87664.1
87557.5
87474.2
87427.7
87403.7
87402
87462
87518.5
87607.4
87731.6
87892.5
88079.7
88290.7
88537.4
88811.9
89079.5
89351.4
89640.9
89942
90248.1
90572.6
90931.8
91330
91752.3
92196.8
92729.8
93273.4
93751.2
94187.3
94610.1
95010.4
95368.3
95683
95929
96096.4
96262.7
96437.7
96500.6
96409.2
96285.2
96122.7
95926.9
95715
95493.6
96494.2
96389
96283.4
96210.3
96129.3
96044.5
95969.3
95900.4
95833.7
95767.2
95701.5
95637.1
95573.5
95510.4
95447
95382.8
95317.9
95252.4
95186.1
95118.9
95050.5
94981.2
94911.1
94839.9
94768
94695.7
94623.4
94551.2
94479.3
94408.3
94338.7
94271
94205.9
94144.2
94086.3
94032.8
93984.7
93942.5
93907
93879
93858.6
93846.1
93841.9
93847
93861.6
93886.2
93920.8
93966.1
94020.7
94085.8
94160.6
94244.7
94338.9
94440.9
94550.7
94668.6
94792.5
94921.1
95056.2
95196.9
95338.9
95480.7
95625.7
95774.3
95924.3
96076.4
96229.1
96382.2
96534.1
96681.9
96827.3
96968.1
97105.8
97238
97364.9
97487.7
97605.2
97717.6
97826.5
97930
98026.2
98122.3
98209
98296.6
98378.6
98453
98525.3
98589.2
98647.9
98700.4
98751.9
98793.7
98829.4
98857.5
98870.2
98865.7
98840.8
98792.3
98727.2
98662.1
98591.2
98484.8
98348.1
98182.1
97981.3
97769.3
97523
97255.2
96986.1
96700.2
96386.8
96053.7
95719.1
95380.4
95030.9
94677.8
94308.6
93920.1
93519.9
93102.7
92672.7
92231.4
91782.3
91334.7
90892.8
90463.9
90044.6
89649.8
89275.9
88929.9
88623.9
88329.8
88094.9
87884.9
87694.9
87538.5
87405
87303.4
87227.9
87184.5
87168.9
87159.4
87227.1
87293.5
87379.6
87499
87666.1
87850.3
88056.6
88288
88539.9
88791
89052.4
89333.3
89622.5
89915.4
90219.1
90556.2
90934.8
91347.5
91777.4
92280.1
92792
93241.7
93647.2
94035.6
94410.2
94726.7
94981.9
95166.3
95294.1
95451.6
95529
95505.4
95352.8
95182
94950.4
94714.6
94469.2
94205.6
96655.8
96564.7
96460.6
96364.8
96275.9
96191.3
96112.4
96038.2
95965.8
95894.4
95823.8
95754.2
95685.2
95616.5
95547.5
95477.9
95407.4
95336
95263.7
95190.4
95116.1
95040.5
94964
94886.4
94807.8
94728.4
94648.6
94568.8
94489.2
94410.4
94333.1
94257.7
94184.7
94115
94049.4
93988.1
93932.1
93882.1
93838.8
93802.8
93774.5
93754.4
93742.5
93740.1
93747.1
93764.3
93791.4
93829.2
93876.6
93933.9
94001.6
94078.3
94164.6
94259.7
94361.7
94471.3
94587.8
94709
94834.8
94966.5
95101.6
95237.2
95373.1
95509.9
95648.2
95789.2
95929.9
96071.3
96211.1
96349.5
96484.5
96615.3
96743.7
96866.6
96985.3
97099.1
97207.3
97311.3
97410.8
97505.3
97594.8
97681.4
97760
97841.1
97913.5
97982.4
98049.9
98108.2
98163.1
98213.1
98258.8
98293.7
98323.1
98344.1
98348.4
98333.8
98298.4
98243.1
98177
98111.6
98036
97922.8
97782.7
97609.8
97410.7
97197.8
96948.2
96690.2
96429.9
96148.7
95842.2
95522.5
95204.6
94880.3
94545.6
94206.2
93852.5
93482.1
93099
92698.4
92285.4
91860.2
91427.8
90995
90568.3
90150.8
89744.6
89361.8
89001.6
88664.8
88374.5
88086.2
87859.5
87652.7
87469
87319.3
87191.3
87093.3
87030
86992.9
86980.2
86982
87037.9
87120.4
87207.8
87322
87492
87673.1
87872.1
88093.2
88329.4
88565.6
88815
89082.6
89360.7
89640.7
89926.4
90242.9
90599.5
91000.6
91417
91888.4
92357.3
92774.5
93144.7
93489.4
93820
94092.8
94297.7
94421.3
94516.3
94613
94605.2
94495.3
94278.4
94049.6
93756.5
93481.9
93223.9
92928.5
96837.1
96747.3
96645.6
96548.6
96455.9
96368.2
96284.8
96205
96127.2
96050.8
95975.2
95899.9
95825
95750.1
95674.9
95598.9
95522
95443.9
95364.6
95284
95202.1
95118.7
95034.1
94948.5
94861.7
94773.9
94685.4
94596.8
94508.5
94421
94334.8
94250.5
94168.7
94090.1
94015.3
93945.1
93880.2
93821.2
93769
93723.9
93686.7
93658
93638.1
93626.8
93625.4
93634
93653
93682.2
93721.3
93770.2
93829.5
93898.2
93975.7
94062.4
94156.3
94256.6
94364
94477.4
94594.5
94715.4
94840.8
94969.1
95097.1
95222.9
95348
95476
95604.7
95733.5
95859.7
95986.1
96108.4
96228.3
96345.7
96458
96567.4
96670.9
96770.7
96866.4
96956.2
97042.1
97124.5
97202.3
97274.1
97347.9
97411.5
97475.4
97537.4
97589.7
97640.4
97685.1
97723
97751.9
97775.6
97788.5
97782.2
97757.4
97715
97656.7
97590.1
97523.1
97441.8
97324.1
97181.2
97003.7
96809.6
96593.9
96347.3
96101.9
95849.2
95574.2
95278.6
94976.3
94676.5
94369
94050.9
93727.6
93392.1
93042.6
92679.1
92299.4
91906
91499.7
91087
90673.4
90261.4
89858.8
89467.6
89101.3
88757.2
88426.6
88152.2
87879
87657.6
87452.8
87279.9
87140.6
87022.3
86930.2
86873.2
86848.3
86844.5
86853.8
86903.8
86994.7
87093.3
87210
87367.6
87552.3
87739.3
87950.8
88173.4
88399.7
88639.1
88894.3
89160.4
89428.2
89700.7
89998.2
90333.9
90718.7
91120.2
91556.3
91982.2
92364.2
92691.6
92988.7
93263.6
93492.9
93639.7
93726.6
93796.5
93803.1
93707.3
93523.6
93247.4
92953.3
92616
92301.1
92035.4
91727.9
97053.5
96962.5
96866.4
96769.4
96675.1
96584.1
96496.8
96411.8
96328.2
96245.6
96163.7
96081.9
96000.1
95917.8
95834.8
95751
95666.1
95579.8
95492
95402.7
95311.9
95219.4
95125.4
95030.1
94933.7
94836.4
94738.3
94639.9
94541.7
94444.1
94347.7
94253
94160.8
94071.7
93986.5
93905.9
93830.6
93761.4
93698.9
93643.7
93596.4
93557.9
93528
93507.7
93496.7
93495.5
93505.4
93524.8
93554.6
93594.2
93643.9
93703.2
93771.4
93848.1
93932.6
94023.5
94120.5
94224
94332
94442.7
94556
94670.8
94791.7
94908.1
95022.3
95135.8
95250.7
95364.8
95477
95589
95696.8
95804.6
95908.4
96008.7
96106.9
96198.8
96290.2
96375.4
96455.9
96533.7
96607.6
96677.2
96743.1
96808.6
96864.9
96924.5
96977.9
97024.6
97071.7
97109.3
97139.6
97163.6
97180.8
97183.5
97166.5
97133.9
97088.1
97028.5
96962.5
96895.4
96809
96689.1
96544
96364.8
96172.4
95954.6
95718.8
95487.7
95242
94975.9
94695.5
94413.1
94132.6
93845.3
93548.8
93242.2
92928
92601.7
92262.2
91906.5
91535.2
91150.1
90760.2
90366.9
89971.5
89588.9
89213.6
88872.4
88541.3
88221.3
87953.8
87701.6
87483.7
87287.8
87129.8
87002.2
86894.6
86814.7
86766
86747.5
86765.7
86779.1
86830
86921
87034
87156.9
87306.9
87480.7
87661.5
87859.1
88069.5
88291.3
88522.4
88765.4
89020
89277.4
89539
89819.5
90135.7
90500.3
90882.5
91275.7
91665
92006.1
92288.3
92539.8
92755.8
92934
93025.7
93079.6
93097.4
93028.3
92845.3
92593
92260.8
91905.1
91532.8
91176.1
90885.9
90571.3
97326.6
97231.1
97135.1
97039.3
96943.9
96849.2
96756.3
96665.3
96575.3
96485.9
96396.8
96307.2
96217.1
96126.5
96034.6
95941.6
95847.3
95751.4
95653.8
95554.3
95453.1
95350.1
95245.3
95138.9
95031
94922.1
94812.5
94702.4
94592.4
94482.9
94374.4
94267.7
94163.5
94062.3
93965
93872.6
93785.5
93704.5
93630.3
93563.7
93505.1
93455.3
93414.6
93383.6
93361.1
93349.8
93348.8
93357.5
93376.5
93405.7
93444.6
93493
93550.5
93616.3
93689.8
93770.1
93856.3
93948.2
94044.9
94145
94247.2
94351.8
94455.8
94561.3
94664.9
94765.8
94865.8
94962.8
95059.7
95154.6
95247.8
95341.1
95429.3
95516.7
95600.5
95680.1
95760.2
95832.7
95905.1
95972.7
96037.3
96099.6
96158.4
96215.2
96266.6
96320.3
96364.2
96407.5
96449.1
96478.5
96503.3
96522
96528.9
96520.9
96497.6
96461.5
96415.8
96357.6
96293
96225.8
96133.1
96009.2
95857.6
95675.8
95487
95278.6
95062.1
94844.3
94606.7
94353.6
94092.1
93831.9
93572.5
93306.7
93032.1
92750.4
92461.5
92162.2
91849.8
91520.4
91173.4
90813.1
90446.8
90073
89703.3
89343.1
88986.3
88673.9
88343.7
88048.1
87789.1
87552.6
87340.7
87162
87019.9
86902.8
86808.9
86744.3
86709.6
86700
86737.9
86760
86814.7
86907.9
87027.8
87156.5
87299.5
87461.8
87637.4
87824.5
88025
88238.7
88460
88692.9
88939
89187.4
89438.6
89705.3
90004
90345.2
90701.3
91051.3
91401.5
91696.4
91939.6
92143.4
92301.6
92421.1
92477.8
92478.2
92428.6
92289.7
92050.9
91703.5
91316.3
90915.2
90509.8
90116.5
89780.1
89457.4
97667.8
97569.5
97470.7
97371.9
97273.6
97175.1
97077.1
96979.5
96881.8
96784.3
96686.5
96587.9
96488.3
96387.7
96285.5
96181.4
96075.9
95968.5
95858.9
95747.3
95633.5
95517.7
95399.9
95280.3
95159.1
95036.6
94913.1
94789.1
94665.2
94541.8
94419.6
94299.1
94181.2
94066.3
93955.4
93849.3
93748.6
93654.2
93566.8
93486.9
93415.4
93352.7
93299.4
93255.8
93221.4
93197.7
93184.4
93181.2
93187.5
93204.4
93231.2
93267.4
93312.7
93366.2
93427.4
93495.2
93569.2
93648.4
93732.2
93819
93907.7
93998.9
94089.2
94180.5
94270.7
94358.7
94443.9
94525.9
94606.6
94683.9
94761.1
94835.2
94906.8
94978.2
95045.2
95112.1
95176.7
95237.2
95299.1
95353.8
95410.2
95462.7
95513.2
95562.6
95608.1
95653.8
95691.6
95730.7
95762.1
95785.1
95807.2
95817.4
95813.5
95800.8
95777
95741.1
95697.4
95641.2
95577.7
95507.9
95410
95283.2
95127.2
94952.2
94772.4
94577
94377.4
94168.1
93941
93706.1
93467.2
93231.8
92996.6
92756.2
92508.8
92253.7
91995.1
91726
91442.8
91141.8
90822.5
90490.3
90150.3
89802.3
89463.4
89125.6
88796.8
88492.3
88178.5
87903.5
87656.2
87432.4
87235.1
87075.6
86947.5
86843.3
86766.8
86719.7
86701.6
86710.5
86752.7
86791.6
86850.7
86951.5
87072.6
87205.8
87347.5
87502.5
87671.2
87849.9
88037.6
88238.7
88451.9
88677.8
88915.7
89155.2
89397.4
89652.8
89935.8
90250.2
90573.9
90883.7
91187.1
91437.8
91643.2
91796.9
91902.4
91958.8
91972
91914.1
91806.5
91584.7
91294.1
90863.8
90428.1
89990.9
89550.9
89122.3
88734.9
88387.3
98093.6
97991.9
97889.2
97785.6
97681.6
97576.9
97471.8
97366.4
97260.2
97153.2
97045.1
96935.5
96824.4
96711.8
96597.2
96480.4
96361.3
96240
96116.3
95990.1
95861.6
95730.9
95597.8
95462.6
95325.9
95187.6
95048.2
94908.2
94768.1
94628.5
94490.1
94353.5
94219.3
94088.5
93961.8
93839.9
93723.7
93613.8
93511.1
93416.4
93330.1
93252.7
93184.8
93126.7
93078.7
93041.2
93014.3
92998.2
92988.2
92992.1
93004.5
93027.3
93058.7
93098.4
93145.4
93199.1
93258.9
93323.4
93393.5
93461.5
93536.9
93612.9
93688.8
93764.4
93838.5
93911
93980.8
94048.4
94112.9
94174.4
94233.1
94287.6
94341.3
94391.7
94441.5
94491.5
94537.9
94586
94631.2
94674.4
94720.7
94761
94804.9
94845.5
94883.7
94921.8
94954.2
94985.3
95008.9
95030.1
95045.9
95048.1
95041.4
95029.6
95005.5
94970.3
94929.9
94876.9
94813.6
94739.7
94639.1
94513.1
94360
94197.3
94025.9
93838.6
93652.5
93453.7
93244.2
93033.3
92820.7
92612.8
92406.7
92196.9
91982.2
91756.3
91531.9
91294.8
91043.5
90774.3
90486.7
90187
89877.5
89560
89253.5
88934.8
88630
88332.7
88044.7
87786.9
87555.3
87344.3
87167.6
87027.2
86913.1
86826.9
86771.1
86742.7
86741.8
86768.9
86816.3
86876.6
86944.2
87051.2
87171.9
87304.5
87446.6
87597.9
87756.6
87924.3
88104.3
88299.7
88504.5
88719
88946.9
89178.2
89411.9
89656.8
89924.5
90210.8
90498.4
90766.4
91022.3
91230.1
91391.8
91503.2
91559.1
91550.7
91495
91386.2
91205.5
90907.8
90538.7
90076.8
89605.7
89127.2
88655.5
88190.9
87763.4
87391.5
98623.9
98516.5
98408
98298
98186.4
98073.1
97958.4
97842.5
97725.4
97606.7
97486.3
97363.8
97239.2
97112.3
96982.8
96850.7
96715.9
96578.3
96437.9
96294.6
96148.4
95999.8
95848.8
95695.6
95540.2
95383.2
95225.2
95066.4
94907.4
94748.9
94591.7
94436.4
94283.7
94134.5
93989.6
93849.8
93715.8
93588.5
93468.6
93356.7
93253.6
93159.6
93075.3
93001
92936.9
92883.4
92840.5
92807.9
92785.5
92773.3
92768
92775.5
92791
92814.8
92845.5
92883.2
92926.3
92975.8
93024.3
93079.6
93136.9
93195.3
93253.7
93311.5
93368
93422.9
93475.5
93525.7
93572.8
93617.3
93657.3
93694.6
93729.1
93760.5
93792.2
93820.5
93849.7
93879.3
93906.2
93938.4
93967.9
93998.1
94032.9
94061.6
94093.9
94124.3
94149.4
94174.1
94195.3
94211.3
94220.3
94222.1
94217.8
94207.1
94183
94151.6
94116.8
94065.7
94000.4
93921.6
93818.6
93693.6
93546.4
93391.8
93224.5
93055.3
92885.5
92702.6
92518.5
92336.2
92153.1
91977.8
91806.1
91630.8
91453.4
91275.4
91077.1
90871.9
90655
90421.1
90169.4
89904.1
89629
89347
89056
88766.2
88481
88204
87935.9
87699.3
87482.8
87289.8
87139.7
87015.1
86920.3
86855.9
86822.1
86814.3
86832.3
86874
86931.4
87008.4
87092.5
87199.2
87321.2
87450.6
87590.1
87734.7
87885.2
88049.1
88228.1
88415
88608.7
88813.5
89030.8
89252.5
89476.7
89711.3
89963.6
90221.4
90471.3
90698
90905.8
91068.4
91182.9
91250.2
91254.7
91190.9
91066
90908.4
90644.3
90292
89839.8
89342.9
88833.9
88323.4
87830.7
87339.6
86885.7
86495.5
99279.1
99163.1
99045.2
98925.4
98803.7
98679.7
98553.2
98424.5
98293.5
98160.2
98024.5
97886.2
97745.1
97601.1
97454.1
97304
97150.4
96993.5
96833.3
96670
96503.4
96333.9
96161.6
95987
95810.3
95631.8
95452
95271.5
95091
94911.1
94732.3
94555.7
94381.9
94211.7
94046.1
93885.9
93731.8
93584.7
93445.2
93314.1
93192
93079.2
92976.3
92883.6
92801.3
92729.7
92668.7
92618.3
92578.2
92548
92527.5
92516.2
92514.1
92518.7
92531.4
92549.9
92574.9
92603.4
92635.1
92670.5
92707.9
92746.4
92784.8
92822.6
92859.3
92894.5
92927.4
92957.9
92985.6
93010.2
93031.9
93051.3
93067.4
93082.2
93094.6
93104.7
93116.6
93125.8
93138.3
93153.5
93166.3
93186.6
93205.5
93224
93248.7
93269.1
93288.6
93310.5
93328.5
93338.7
93348.6
93355.2
93352.2
93342.9
93322.9
93296.6
93262.9
93209.1
93138.1
93053.5
92950.5
92829.1
92690.3
92543.7
92388.5
92240.1
92086.5
91924.6
91770
91618.1
91469.5
91332.6
91199.8
91062.2
90924.3
90781.9
90627.7
90461
90281.5
90085.9
89871.8
89642.7
89403.7
89149.4
88885.8
88623.7
88358
88100.8
87857.8
87647
87442.5
87278.6
87146.5
87040.7
86968
86928.5
86917.1
86930.3
86972.2
87029.1
87102.4
87184.7
87285.2
87394.7
87511.4
87640.8
87776.2
87918
88067.8
88227.3
88394.2
88572
88760.3
88958.6
89162.8
89373.4
89587.2
89811.2
90046.7
90275.6
90488.7
90674.7
90832.4
90946
91011.4
91023.6
90979.7
90869.6
90688
90466.5
90142.5
89745.5
89233
88674.2
88128.2
87604.3
87082.1
86570.4
86092.3
85677.5
100074
99946.5
99815.9
99682.8
99547.4
99409
99267.6
99123.2
98976
98825.4
98671.1
98513.6
98352.9
98188.5
98020.5
97848.8
97673.3
97494
97311.1
97124.5
96934.2
96740.6
96544.1
96345
96143.5
95940.3
95736
95530.9
95325.7
95121.2
94918.2
94717.4
94519.8
94326.1
94137.1
93953.9
93777.2
93607.8
93446.4
93293.7
93150.3
93016.7
92893.2
92780.1
92677.7
92586.1
92505.1
92434.7
92374.8
92324.9
92284.5
92253
92230
92214.7
92206.5
92204.2
92207.4
92214.6
92225.3
92238.4
92253.6
92269.7
92285.9
92301.4
92315.9
92328.7
92339.8
92348.6
92354.6
92358.6
92360
92359.6
92357.3
92353.8
92347.8
92342.6
92337.1
92331.2
92329.6
92327.7
92329.1
92335.7
92341.4
92352.6
92366.6
92381
92398.5
92415.8
92431
92443.7
92456.8
92461.7
92457
92451.6
92434
92404.9
92365.4
92305.9
92228.9
92141.5
92041.8
91926.9
91799.9
91666.2
91530
91402.4
91265.2
91132.3
91009.6
90891.1
90782.7
90687.9
90598
90502.3
90404.9
90301.9
90190
90065.9
89929.9
89775
89600.6
89410.3
89205.5
88978.6
88741.3
88505
88264.9
88033.1
87817.9
87620.4
87447
87305.1
87188.5
87106.1
87057.4
87041.5
87054
87094.2
87155.8
87230.2
87318.9
87413.5
87520.3
87630.4
87745.9
87875.3
88010.6
88148.2
88291.9
88438.7
88596.4
88771.8
88954.5
89144.1
89338.7
89537.2
89740.3
89951.8
90168.1
90369.1
90545.8
90688.2
90795.1
90859.7
90875.1
90831.9
90740.7
90579.9
90340.8
90047.1
89680.2
89235.6
88676.9
88082.1
87507.4
86954.6
86389.5
85858.3
85360
84926.1
100946
100804
100659
100510
100359
100204
100045
99883.1
99717.3
99547.6
99373.9
99196.3
99014.4
98828.2
98637.6
98442.8
98243.7
98040.4
97833.1
97621.9
97406.9
97188.3
96966.5
96741.6
96514.4
96285.5
96055.5
95824.8
95594.2
95364.5
95136.5
94911
94688.9
94471.1
94258.4
94051.7
93852
93660
93476.3
93301.7
93136.7
92981.8
92837.3
92703.5
92580.4
92468.1
92366.7
92275.8
92195.4
92124.9
92063.8
92011.5
91967.4
91930.6
91900.5
91876.2
91856.7
91841.4
91829.2
91819.3
91811.1
91803.5
91796.2
91788.3
91779.3
91768.8
91756.7
91742.5
91726.5
91708.7
91688.9
91668.3
91646.2
91624
91600.9
91579.9
91558
91540
91524.2
91509.7
91501.8
91495.7
91493.9
91499
91505.2
91515.6
91529.1
91544.2
91558.3
91569.4
91579.5
91580.7
91576.6
91569.5
91546.3
91510.2
91464
91403
91325.7
91239
91144.1
91037.7
90924
90806.4
90690.7
90577.2
90471
90373.8
90284.4
90202.4
90135.6
90081.6
90032.6
89979.4
89922.4
89859.9
89789.7
89707.3
89616
89499.3
89365
89210.4
89034.7
88836.1
88631.6
88420.1
88206.1
87999.9
87806
87630.6
87483.4
87353.5
87264.2
87208.1
87184.3
87193.4
87235.2
87305.1
87384.2
87474.8
87576.5
87690.5
87795.2
87904.2
88023.6
88150
88275.9
88406.1
88541.1
88681.8
88838.6
89006.4
89180
89363.9
89549.9
89738
89930.5
90129.9
90325.9
90496.9
90634.7
90730.9
90787.4
90803.8
90767.5
90672.5
90518.8
90295.6
90001.3
89651.9
89238.5
88735.6
88138.8
87530
86925.2
86331.8
85723.7
85165.8
84652.9
84212.8
101755
101598
101439
101275
101108
100937
100762
100583
100400
100213
100021
99824.2
99623
99417.2
99206.5
98991.1
98770.8
98546
98316.7
98083.1
97845.6
97604.4
97359.8
97112.3
96862.3
96610.5
96357.6
96104.3
95851.3
95599.3
95349.2
95102
94858.5
94619.5
94386.1
94159.1
93939.2
93727.2
93524
93330.2
93146.2
92972.5
92809.5
92657.4
92516.2
92385.8
92266.3
92157.3
92058.5
91969.6
91889.9
91819.1
91756.1
91700.2
91650.6
91606.5
91567
91531.2
91498.3
91467.6
91438
91409.2
91380.4
91350.9
91320.5
91288.8
91255.4
91220.6
91184.2
91146.3
91107.7
91067.9
91028.3
90988.9
90950.6
90914.3
90879.4
90849.2
90820.7
90797.8
90780.2
90765.3
90758.1
90756
90756.3
90763.3
90773.1
90783.1
90791.2
90800.3
90805
90802.2
90798
90785.9
90759.1
90722.8
90677.8
90620.1
90547
90464.7
90373.6
90274.8
90172.4
90071.9
89978.4
89886.3
89806.5
89742.2
89685.5
89639.3
89607.6
89584.3
89565.4
89548.8
89529.6
89504.4
89467.9
89422.5
89364.2
89283.4
89180.9
89054.3
88908.1
88738.8
88560
88371
88180.5
87997.1
87825.2
87668.8
87528.4
87424
87359.1
87326
87326.6
87358.7
87428.8
87515.5
87612.1
87718.8
87832.4
87948.5
88062.9
88179.2
88296.7
88413.9
88533.2
88658.9
88790.1
88926.3
89080.8
89239.2
89409.1
89587.8
89765.3
89946.4
90131.7
90319.9
90495.3
90635.8
90736
90791.7
90804.1
90773.8
90687
90538.3
90318.6
90038.7
89714.6
89321.3
88862.8
88303.3
87677
87049
86428.9
85797.8
85149.5
84555.9
84037.1
83601
102432
102263
102091
101915
101735
101550
101361
101168
100970
100768
100561
100348
100131
99908.9
99681.5
99449
99211.3
98968.7
98721.4
98469.7
98213.8
97953.9
97690.5
97424.2
97155.5
96885.1
96613.7
96341.9
96070.6
95800.6
95532.7
95268
95007.3
94751.4
94501.2
94257.9
94022
93794.1
93575.2
93365.9
93166.8
92978.1
92800.1
92633.2
92477.3
92332.4
92198.3
92074.7
91961.3
91857.6
91763
91676.8
91598.4
91527
91461.6
91401.4
91345.6
91293.2
91243.5
91195.6
91148.7
91102.4
91055.8
91008.7
90960.6
90911.3
90860.6
90808.7
90755.5
90701.3
90646.6
90591.4
90537.4
90483.5
90432.7
90383.2
90337.8
90296.2
90258.4
90227.3
90200.7
90179.6
90166.4
90157.1
90153.6
90155.3
90160
90164.1
90168.3
90173.9
90173
90170.1
90167.5
90155.8
90130.6
90098.3
90060.3
90005.7
89936.8
89860.9
89777.4
89685.6
89588.2
89499.1
89423.9
89351.4
89295.8
89257.1
89228.6
89212.4
89208.1
89206.5
89209.1
89222
89234.6
89239.1
89233.8
89220
89183.5
89128.3
89049.6
88947.4
88822.6
88676.1
88517.2
88348.3
88177.4
88010.4
87851
87702.1
87580.9
87496.6
87448.7
87435.3
87456.8
87511.2
87597.9
87700.2
87812.8
87932.4
88055
88171.9
88285.4
88403.2
88519.9
88634.3
88752.5
88876.5
89004.6
89139.9
89288.6
89443.8
89612.2
89782.6
89954
90130.7
90310.4
90488.2
90643
90757.2
90828.7
90853.6
90830.6
90758.7
90626.1
90431.7
90171.1
89853.6
89504.1
89069.3
88572.5
87971.7
87325.2
86682.6
86049.4
85383.3
84711.7
84107.9
83579.5
83140.5
102983
102805
102622
102435
102244
102048
101848
101643
101433
101219
100999
100774
100543
100308
100067
99820.6
99569
99312.2
99050.6
98784.2
98513.4
98238.6
97960.2
97678.9
97395.2
97110
96823.7
96537.2
96251.3
95966.9
95685
95406.4
95132
94862.8
94599.4
94343.1
94094.5
93854.3
93623.1
93401.6
93190.4
92989.8
92800.1
92621.4
92453.9
92297.4
92151.8
92016.7
91891.7
91776.3
91669.8
91571.7
91481.1
91397.3
91319.5
91246.6
91177.8
91112.3
91049.2
90987.7
90927.1
90866.7
90806.1
90744.7
90682.4
90618.8
90554.2
90488.4
90421.7
90354.3
90286.7
90219.4
90152.9
90088
90026.1
89966.5
89911.5
89860.6
89815.6
89776
89742.8
89716.3
89697.1
89682.3
89675.1
89673.1
89671.6
89673.2
89676.2
89674.1
89674.1
89675.6
89674.4
89665
89641.6
89615.3
89581.9
89529.1
89465.1
89398.9
89325.5
89239.8
89146.3
89063.1
88998.8
88946.8
88907
88882.9
88874.7
88881.7
88898.5
88915.7
88938.7
88975.2
89014
89042.1
89060.1
89065.9
89051
89015.8
88956
88873.5
88765.3
88637.3
88494.5
88339.6
88180
88024.1
87873.8
87736.2
87630.2
87559.9
87526.6
87529.6
87568.3
87641.6
87738.4
87852.6
87975.6
88105.1
88234.3
88356.5
88473.3
88587.9
88702.6
88817.7
88934.4
89056.2
89182.6
89317.2
89462.2
89614.4
89780.3
89943.7
90113.2
90286.5
90461.1
90628
90764.1
90857.1
90908.2
90909.7
90859.2
90753
90584
90356.6
90069
89723
89346.9
88881.2
88351.7
87726.1
87066.6
86412.2
85761.3
85073
84393.3
83784.5
83244.9
82800.9
103420
103233
103042
102847
102647
102443
102233
102019
101800
101576
101346
101111
100870
100624
100372
100115
99852
99584.1
99311
99033.2
98750.8
98464.2
98174.1
97881.2
97586
97289.1
96991.1
96693.1
96395.9
96100.3
95807.3
95517.9
95232.9
94953.3
94679.8
94413.4
94154.9
93905
93664.3
93433.4
93212.7
93002.9
92804.1
92616.3
92439.7
92274.2
92119.5
91975.5
91841.5
91717
91601.4
91494
91394.1
91300.8
91213.3
91130.6
91051.9
90976.2
90902.8
90830.9
90759.7
90688.6
90617
90544.4
90470.9
90396.2
90320.3
90243.6
90166.1
90088.2
90010.4
89933.2
89857.1
89783.2
89712.2
89644.9
89581.5
89523.6
89472.1
89426.4
89387.8
89356.7
89332.2
89314.5
89304.9
89300.1
89297.6
89295.2
89293
89293.9
89296.2
89298.4
89299.6
89292.6
89274.3
89249.2
89213.1
89164.8
89108.9
89051.4
88985.7
88906.4
88820.9
88742.8
88685
88642.9
88610.1
88597.6
88603.8
88626.7
88659.2
88693.8
88737.6
88791.2
88848.2
88897
88932.1
88952.8
88956
88935
88890.5
88821.8
88727.5
88612.6
88480.3
88335.5
88185
88038.3
87895.3
87770.8
87672.7
87613.2
87590.9
87606.3
87658.1
87744.2
87850
87973.5
88105.8
88242.6
88376.2
88503.2
88622.9
88739.7
88850
88966.6
89080
89199.4
89324.7
89458
89601.1
89751.9
89911.3
90074.4
90242.8
90413.8
90584
90739.5
90859.2
90936.5
90972.5
90957.4
90886.6
90754.7
90559.8
90306.3
89995.3
89631
89230.6
88743
88192.5
87556.9
86881.4
86215
85552.6
84849.3
84160.8
83543.8
82995.1
82547.5
103758
103564
103367
103165
102958
102747
102531
102310
102084
101852
101614
101371
101122
100868
100608
100342
100071
99794.2
99512.3
99225.6
98934.2
98638.7
98339.7
98037.9
97733.8
97428
97121.3
96814.5
96508.6
96204.5
95903.1
95605.3
95312.2
95024.6
94743.4
94469.4
94203.2
93945.9
93697.8
93459.8
93232
93015.1
92809.2
92614.5
92431
92258.5
92096.9
91946
91805.1
91673.8
91551.4
91437.1
91330.2
91229.8
91135
91044.8
90958.5
90875.1
90793.8
90713.8
90634.4
90555.1
90475.2
90394.5
90312.8
90229.7
90145.4
90060
89974
89887.6
89802
89717
89633.3
89552.5
89474.7
89400.6
89331.2
89267.9
89210.5
89160.6
89118.5
89082.9
89054.7
89035.6
89024.9
89018.3
89014
89011.4
89008.4
89005.3
89015.9
89022.1
89023.7
89018.5
89001.3
88973.2
88937.6
88894.8
88845.7
88795.2
88734
88658.8
88579.1
88507.3
88453.1
88416
88391.4
88386.6
88401.8
88433.6
88475.8
88527.9
88590.3
88657.3
88724.6
88790.5
88838.3
88871
88886
88876.6
88844.4
88785.5
88702.1
88596.5
88472.1
88332.6
88188.5
88050.9
87917.8
87798.5
87709.4
87657.3
87642.7
87666.6
87728.1
87820.7
87934.5
88065.6
88204.9
88347.3
88486
88616.3
88739.3
88864.4
88978.6
89084.8
89193.1
89310.6
89435
89567.1
89708.2
89857
90014.3
90178.6
90345.5
90514.2
90680.1
90825.1
90931.8
90997.9
91022.7
90996.3
90910.3
90760.9
90546.7
90273.2
89943
89564.6
89139.1
88641.3
88084.4
87441.8
86746.1
86071.8
85402.2
84684.2
83989.3
83364.7
82809.1
82359.1
104012
103814
103612
103405
103193
102977
102756
102529
102297
102060
101817
101568
101313
101052
100786
100514
100236
99952.8
99664.3
99370.9
99072.9
98770.7
98464.9
98156.3
97845.4
97533.1
97219.9
96906.8
96594.5
96284
95976.2
95672.2
95373
95079.4
94792.6
94512.8
94240.8
93977.8
93724.3
93480.9
93247.9
93025.7
92814.6
92614.6
92425.2
92247.6
92081.1
91925
91779.1
91642.8
91515.4
91396
91283.9
91178.2
91078
90982.3
90890.2
90801
90713.7
90627.6
90542.2
90456.6
90370.5
90283.7
90195.7
90106.4
90016
89924.5
89832
89739.5
89647.6
89556.7
89467.4
89381.2
89298.3
89219.1
89144.8
89077.3
89016.8
88963.4
88916.8
88878.2
88848.7
88828.5
88814.1
88804.2
88799.6
88798.3
88802.5
88812
88813.2
88817.6
88819.1
88816.1
88800.5
88773.2
88740.3
88701.5
88657.8
88609.9
88549.8
88475.2
88397.6
88334.1
88284.8
88250.6
88232.4
88231.8
88252
88290.9
88342.1
88407.3
88483.7
88561.6
88637.4
88710.6
88769.8
88812.3
88835.8
88837.5
88811.8
88760.5
88684.2
88585.4
88467.8
88332.5
88191.7
88060.8
87935.3
87820.3
87738.6
87692
87683
87712.8
87780.6
87878.7
87998
88133.8
88277.5
88424.4
88567.4
88700.3
88825.3
88947.4
89061.6
89169.6
89278.9
89394.5
89518
89649.2
89788.7
89936.4
90094.7
90258.7
90424.3
90591
90752.5
90889.1
90986.1
91043.5
91060.7
91026.7
90930
90767.7
90537.6
90251.2
89907.9
89514
89068
88571.1
88011.3
87356
86645.5
85968.4
85290
84560.8
83864.1
83232.8
82671.8
82222.1
104198
103997
103791
103580
103366
103146
102920
102690
102454
102212
101965
101712
101453
101188
100917
100640
100358
100070
99776.2
99477.9
99175
98867.9
98557.3
98243.7
97927.9
97610.7
97292.9
96975.1
96658.1
96343.1
96030.8
95722.1
95418.5
95120.7
94829.6
94545.6
94269.1
94002.2
93744.9
93497.7
93260.9
93034.9
92820.1
92616.8
92422.3
92240.9
92070.5
91910.8
91761.3
91621.4
91490.2
91367.1
91251.2
91141.5
91037.4
90937.6
90841.3
90747.9
90656.1
90565.6
90475.7
90385.5
90294.9
90203.5
90110.8
90017
89922.2
89826.2
89729.2
89632.4
89535.9
89440.3
89347
89256.9
89169.8
89086.8
89009.5
88938.9
88875.3
88819.3
88771.4
88731.3
88700
88677.1
88660
88648.8
88643.4
88643.3
88649.4
88658.4
88663.2
88667.2
88668.1
88663.7
88654
88632.5
88602.6
88566.8
88525.1
88475.8
88414.4
88341.5
88268.7
88210.5
88165.1
88133.2
88118.7
88120.6
88144.8
88190.3
88249.9
88322.1
88407.2
88493.7
88577.1
88655
88721.1
88770.4
88800.1
88807.6
88788.4
88743.3
88671.9
88577.5
88464.4
88332.8
88195.9
88069.1
87948.8
87840.4
87761.4
87718.8
87713.5
87747.5
87819.3
87920.9
88044.3
88184.6
88331.4
88480.6
88626.3
88762.1
88889.3
89010.2
89123.7
89232.5
89342.2
89456.1
89578.9
89709.5
89848.2
89995.3
90155.8
90318.1
90482.7
90648.1
90805.5
90935.7
91025.9
91076.7
91088.2
91048.9
90946.2
90773
90530.9
90236.6
89882.7
89477.1
89019.7
88524.2
87959.5
87288.4
86574.2
85895.5
85204.5
84469.9
83773.1
83137
82574.3
82125.9
104330
104126
103918
103705
103488
103265
103038
102804
102566
102321
102071
101815
101552
101284
101010
100730
100444
100153
99856
99554.4
99248
98937.3
98623.1
98306
97986.8
97666.3
97345.1
97024
96703.8
96385.6
96070.1
95757.7
95451
95150.5
94856.7
94570.5
94289.2
94020.2
93760.4
93510.6
93271.1
93042.3
92824.5
92617.7
92422.1
92237.8
92064.6
91902.1
91749.8
91607.1
91473.2
91347.3
91228.6
91116.2
91009.2
90906.4
90807.2
90710.6
90615.8
90522.1
90428.9
90335.6
90241.5
90146.9
90051
89953.9
89855.7
89756.5
89656.5
89556.5
89456.8
89358.3
89261.9
89168.8
89079.2
88993.9
88914.3
88841.8
88776.4
88718.8
88669.6
88628.7
88596.2
88571.3
88552.5
88540.6
88535
88536
88542.4
88550.3
88556.3
88561.4
88563.5
88561.4
88553.7
88535.4
88508.1
88473.8
88431.8
88381
88319.2
88249.4
88181.2
88125.4
88081
88050.5
88038.1
88043.6
88070.5
88120.3
88186.3
88265.6
88353.9
88445.4
88535.2
88617.2
88687.6
88741.3
88775.3
88786.9
88772.2
88731.2
88663.6
88572.2
88462.2
88331.5
88197.1
88074.9
87958.3
87854.7
87778.8
87738.7
87735.9
87772.9
87847.3
87952.1
88078.7
88219.8
88368.7
88519.5
88667.2
88805.4
88934
89055
89168.1
89277.4
89386.9
89500.4
89622.5
89753
89891.2
90038.7
90198.8
90360.4
90524.5
90689.1
90842.9
90968.4
91054.2
91100.3
91107.4
91063.8
90958.6
90777.9
90526.4
90226.7
89865
89452
88989.3
88492.7
87920.1
87238.4
86527
85844.4
85139.5
84405.5
83709
83069.9
82507.7
82060.6
104420
104215
104005
103790
103571
103347
103117
102882
102642
102395
102143
101884
101620
101350
101073
100791
100503
100209
99910.3
99606.3
99297.5
98984.4
98667.7
98348.3
98026.8
97703.9
97380.5
97057.3
96735.2
96414.8
96097.9
95780.6
95472.8
95170.5
94874.7
94586.1
94304.9
94033.5
93771.7
93519.9
93278.6
93048
92828.4
92619.9
92422.6
92236.5
92061.3
91896.9
91742.7
91598.1
91462.3
91334.5
91213.8
91099.4
90990.3
90885.5
90784.2
90685.5
90588.5
90492.7
90397.3
90301.7
90205.5
90108.6
90010.5
89911.1
89810.7
89709.3
89607.3
89505.2
89403.4
89302.9
89204.7
89109.7
89018.3
88931.6
88850.8
88776.8
88710.4
88652.1
88602.1
88560.3
88526.8
88500.7
88481.4
88469.4
88464.2
88465.2
88470.7
88478.4
88485.7
88491.6
88494.7
88493.9
88486.5
88469.7
88444.4
88411.2
88369.5
88317.9
88255.9
88188.3
88123.4
88068.8
88024.2
87995
87984.9
87992.7
88021.4
88073.5
88143.3
88225.6
88315.7
88411.4
88506.5
88591.5
88665
88722
88759
88773.5
88762
88723.1
88658
88568.3
88461.1
88329.7
88199.2
88079.3
87964.1
87864.4
87791.3
87752.9
87751.8
87791.5
87868.9
87974.7
88101.5
88243.2
88393.8
88546.6
88694.6
88834.1
88963.6
89084.4
89197.8
89307.5
89417.7
89531.2
89652.8
89783.3
89921.1
90068.9
90227.6
90388.9
90553.2
90716.9
90868
90990.4
91073.5
91116.5
91120.1
91073.1
90967.6
90782.1
90523
90219.8
89853.2
89435.4
88970.2
88470.3
87889.4
87204.9
86496.3
85807.7
85093
84362.2
83665.8
83025.5
82464.2
82017.8
104477
104271
104060
103844
103624
103399
103168
102932
102690
102442
102189
101929
101663
101391
101113
100829
100540
100245
99944.3
99638.8
99328.5
99014
98695.8
98374.9
98052
97727.6
97402.7
97078.2
96755
96432.5
96112.7
95796.9
95487.2
95183.5
94886.1
94596.2
94314.4
94041.8
93778.8
93526
93283.5
93051.9
92831.2
92621.6
92423.2
92236
92059.7
91894.2
91738.7
91592.7
91455.7
91326.6
91204.6
91088.9
90978.5
90872.4
90769.8
90669.7
90571.4
90474.2
90377.4
90280.4
90182.9
90084.5
89985
89884.3
89782.5
89679.7
89576.4
89472.9
89370
89268.4
89169.1
89072.8
88980.5
88892.8
88811.1
88736.5
88669.4
88610.5
88559.8
88517.5
88483.4
88456.8
88437.4
88425.5
88420.4
88421.3
88426.6
88434.2
88441.9
88448.3
88451.9
88451.3
88444.2
88428
88403.6
88371.3
88329.8
88277.6
88215.6
88150.4
88087.4
88031.2
87988.5
87960.6
87952.1
87961.4
87991.3
88044.8
88116.3
88200.4
88293
88389.9
88484.1
88574.3
88650.6
88709.5
88748.6
88764.9
88755
88717.8
88654.2
88565.4
88458.4
88330.6
88201.4
88082.6
87967
87870.1
87799.5
87762.3
87762.3
87804.9
87882.4
87988.4
88115.2
88257.7
88409.5
88562.8
88711.7
88851.8
88981.9
89102.7
89216
89326.2
89437.2
89551.1
89672.3
89802.7
89940.1
90087.9
90245.6
90406.8
90571.4
90734.4
90883.7
91004
91085.6
91126.9
91128.2
91079.1
90973.3
90784.8
90521.1
90215.3
89845.6
89425
88957.9
88454.2
87868.2
87184.2
86476.6
85782.6
85063.8
84335.3
83638.8
82998
82437.4
81991.3
104509
104302
104091
103875
103654
103428
103197
102960
102717
102469
102214
101953
101687
101414
101135
100851
100560
100264
99963.1
99656.7
99345.6
99030.3
98711.4
98389.7
98065.9
97740.6
97414.9
97089.6
96765.5
96443.3
96120.9
95805.4
95495.2
95190.8
94892.1
94601.7
94319.5
94046.3
93782.7
93529.2
93286.2
93054
92832.7
92622.6
92423.7
92235.9
92059.1
91892.8
91736.6
91590
91452.2
91322.4
91199.7
91083.3
90972.1
90865.2
90761.9
90661.1
90562
90464
90366.4
90268.7
90170.4
90071.3
89971
89869.5
89766.9
89663.4
89559.4
89455.2
89351.6
89249.4
89149.4
89052.5
88959.5
88871.4
88789.3
88714.2
88646.8
88587.5
88536.6
88493.9
88459.4
88432.7
88413.4
88401.6
88396.6
88397.3
88402.5
88410.1
88418
88424.6
88428.2
88427.4
88420.1
88404.4
88380.5
88348.6
88307
88254.7
88193.1
88127.8
88064.4
88010.8
87968.8
87941.8
87933.9
87944.1
87975
88029.1
88101.1
88185.9
88279.8
88377.8
88473.6
88563.7
88640.7
88701.8
88742.4
88759.5
88750.7
88714.5
88651.6
88563.7
88456.8
88330.9
88202.5
88084.4
87968.2
87872.8
87803.4
87767.5
87768
87810.6
87888.4
87994.9
88122.5
88265.9
88418.2
88572
88721
88861.4
88991.8
89112.6
89225.9
89336.3
89447.6
89562
89683.1
89813.3
89950.6
90098.2
90255.5
90416.8
90581.6
90744.2
90892.4
91011.6
91092.4
91132.9
91132.9
91082.2
90976.1
90786.3
90520.1
90212.4
89841.1
89419.2
88950.5
88444
87856.2
87172.9
86465.3
85768.4
85048
84320.2
83623.7
82982.7
82422.5
81976.7
104523
104316
104104
103888
103666
103440
103209
102971
102729
102480
102225
101964
101697
101424
101145
100860
100569
100273
99971
99664.3
99352.8
99037.2
98717.9
98395.9
98071.6
97746
97419.9
97094.2
96769.6
96446.6
96125.2
95809.2
95498.6
95194.3
94893.9
94603.7
94321.4
94048
93784.2
93530.4
93287.2
93054.7
92833.2
92622.9
92423.8
92235.8
92058.7
91892.2
91735.8
91588.9
91450.8
91320.7
91197.7
91080.9
90969.4
90862.3
90758.6
90657.5
90558.1
90459.8
90361.9
90263.8
90165.3
90065.8
89965.1
89863.4
89760.5
89656.7
89552.3
89447.9
89344
89241.6
89141.3
89044.1
88950.9
88862.6
88780.3
88705.1
88637.5
88578.1
88527
88484.2
88449.7
88422.9
88403.6
88391.9
88386.8
88387.6
88392.7
88400.2
88408.2
88414.8
88418.4
88417.5
88409.9
88394.6
88370.8
88338.9
88297.3
88245
88183.7
88118.4
88055.5
88002.2
87960.5
87933.9
87926.2
87936.7
87968.2
88022.4
88094.6
88179.4
88274.1
88372.6
88469
88559.5
88637
88697.7
88738.8
88756.5
88748
88712.2
88650.2
88562.8
88455.9
88330.8
88202.8
88084.3
87969.3
87873.7
87804.8
87769.6
87770
87812.8
87890.7
87997.3
88125.4
88269.2
88421.7
88575.5
88724.5
88865.1
88995.5
89116.3
89229.8
89340.4
89451.3
89566.2
89687.4
89817.5
89954.7
90102.1
90259.4
90420.8
90585.8
90748.3
90896
91014.7
91095.2
91135.4
91134.8
91083.1
90976.8
90786.8
90519.4
90210.8
89838.8
89416.5
88946.8
88439.2
87851
87167.8
86460.3
85762.4
85041.4
84313.6
83617.2
82976.2
82416.1
81970.6
106074
105208
104314
103486
102693
101925
101237
100649
100176
99850.5
99654.4
99662.8
99870.4
100255
100838
101562
102289
102913
103357
103556
103445
103056
102639
102291
101857
106063
105193
104307
103486
102692
101925
101239
100654
100183
99862.2
99668.6
99679.3
99889.7
100273
100854
101576
102299
102917
103355
103550
103436
103043
102629
102283
101846
106091
105223
104348
103526
102735
101967
101280
100690
100214
99895.7
99704.2
99714.2
99923.8
100304
100877
101591
102309
102920
103352
103543
103427
103035
102623
102277
101834
106158
105293
104429
103600
102818
102048
101353
100757
100271
99949
99760
99768.5
99972.4
100346
100906
101604
102314
102918
103343
103530
103413
103023
102614
102269
101816
106259
105405
104545
103714
102938
102168
101455
100851
100354
100022
99832.4
99838.8
100035
100398
100942
101618
102314
102911
103328
103510
103396
103010
102604
102259
101794
106392
105549
104699
103866
103086
102323
101591
100968
100461
100114
99920.2
99922.5
100111
100459
100983
101633
102310
102896
103307
103486
103375
102995
102594
102247
101769
106554
105720
104883
104056
103266
102498
101756
101108
100589
100226
100023
100018
100197
100526
101026
101647
102300
102875
103279
103456
103351
102979
102583
102233
101739
106742
105926
105091
104268
103474
102691
101940
101271
100734
100353
100138
100123
100290
100599
101072
101662
102287
102848
103245
103421
103324
102963
102571
102218
101706
106943
106150
105321
104498
103698
102903
102135
101450
100893
100493
100264
100237
100388
100675
101118
101674
102269
102813
103204
103381
103293
102945
102558
102202
101671
107141
106371
105554
104735
103928
103125
102337
101639
101066
100643
100398
100357
100489
100751
101161
101683
102246
102771
103155
103335
103258
102924
102545
102185
101632
107328
106578
105777
104967
104157
103348
102541
101830
101248
100800
100537
100479
100588
100823
101202
101687
102217
102723
103098
103282
103220
102903
102530
102167
101592
107515
106768
105987
105194
104382
103566
102746
102021
101430
100960
100678
100600
100682
100892
101239
101686
102181
102667
103033
103223
103177
102879
102515
102149
101550
107691
106942
106184
105408
104595
103775
102950
102209
101605
101117
100818
100713
100773
100957
101269
101678
102139
102603
102960
103157
103129
102852
102498
102130
101507
107838
107101
106365
105602
104791
103968
103143
102387
101766
101263
100950
100815
100859
101014
101292
101661
102088
102531
102879
103082
103075
102823
102480
102111
101463
107965
107242
106523
105767
104966
104138
103312
102547
101914
101397
101067
100905
100936
101060
101303
101633
102027
102449
102788
103000
103016
102791
102461
102092
101418
108076
107359
106647
105887
105100
104278
103447
102680
102041
101512
101163
100979
100999
101095
101302
101593
101956
102357
102690
102910
102951
102755
102441
102073
101372
108135
107435
106723
105955
105187
104373
103549
102786
102145
101604
101234
101032
101047
101111
101284
101538
101873
102254
102582
102811
102879
102716
102420
102053
101324
108112
107438
106734
105964
105243
104426
103615
102858
102214
101660
101271
101061
101073
101103
101244
101466
101777
102140
102466
102704
102801
102673
102397
102032
101276
107998
107350
106668
105914
105237
104424
103633
102874
102226
101659
101266
101064
101068
101065
101177
101370
101661
102007
102334
102582
102709
102623
102369
102007
101220
107780
107160
106505
105801
105147
104359
103584
102827
102168
101594
101223
101031
101023
100991
101074
101245
101514
101853
102182
102443
102601
102564
102336
101977
101161
107450
106871
106247
105612
104975
104209
103464
102727
102065
101477
101148
100967
100937
100876
100937
101094
101346
101691
102020
102294
102485
102498
102300
101944
101103
107023
106488
105900
105340
104704
103979
103269
102569
101926
101340
101037
100861
100806
100726
100770
100917
101165
101518
101849
102137
102364
102426
102261
101910
101047
106500
106020
105491
104967
104330
103674
102999
102358
101738
101182
100884
100707
100630
100535
100570
100721
100952
101323
101666
101978
102243
102349
102219
101875
100992
105876
105449
104986
104459
103864
103285
102652
102083
101492
100979
100681
100498
100403
100299
100337
100512
100710
101108
101462
101815
102118
102268
102173
101838
100938
105148
104759
104342
103829
103310
102793
102218
101712
101174
100709
100418
100232
100126
100022
100071
100277
100473
100863
101236
101642
101988
102182
102124
101801
100884
104324
103967
103593
103126
102675
102196
101696
101245
100775
100368
100093
99905
99809.7
99729.2
99788.2
99996
100235
100591
101000
101457
101851
102092
102072
101761
100831
103416
103093
102775
102375
101963
101512
101094
100700
100299
99962.3
99701.5
99518.4
99454.3
99418.5
99485.4
99684.3
99971.9
100328
100775
101265
101707
101997
102016
101720
100779
102437
102149
101882
101565
101186
100777
100426
100096
99757
99491.7
99252.7
99082
99058.2
99074.7
99151
99370.2
99694
100083
100559
101072
101559
101901
101959
101679
100730
101398
101159
100915
100677
100352
99997.5
99695.3
99433.2
99153.7
98955.2
98749.3
98602.9
98617.9
98691.8
98794.4
99045.4
99408.8
99837.6
100339
100881
101410
101803
101901
101637
100682
100296
100128
99896.9
99715.6
99462.7
99158.3
98904.9
98703.9
98484.3
98354.7
98189.9
98078.5
98129.2
98266.3
98422.4
98700
99107.2
99579.5
100110
100682
101254
101700
101838
101594
100636
99126.4
99019
98841
98709.1
98514.2
98268.1
98067.4
97918.6
97762.3
97691.3
97586.7
97518.7
97607.8
97808.4
98028.9
98339.7
98789.7
99309
99870
100476
101092
101593
101773
101548
100590
97903.1
97815.1
97740.7
97651
97509.1
97340.7
97191.3
97082.7
96997.6
96973.5
96944
96933.9
97067.8
97333.8
97612.7
97966.4
98459.1
99024.6
99620.8
100265
100926
101482
101703
101499
100545
96649
96606
96586.9
96534.6
96462.6
96367.9
96280.2
96201.3
96193.8
96223.3
96265.1
96325.2
96510.6
96849.9
97184.5
97580.3
98125.3
98728
99364.1
100050
100757
101366
101629
101448
100500
95391.6
95424.5
95390.6
95388
95399.8
95349.6
95328.2
95287.8
95361.7
95451.9
95558.2
95690.4
95928.5
96345.4
96748.3
97189.8
97784.9
98425.5
99103.1
99832
100585
101246
101552
101393
100454
94091.1
94137.8
94121.2
94180.6
94279.3
94268.6
94285.7
94306.2
94460.1
94622
94795
95004.2
95298.7
95787.4
96282.9
96776.1
97427.6
98112
98832
99608.2
100408
101119
101468
101336
100409
92772.5
92766.5
92803
92892.1
93050.1
93142.6
93181.7
93265.7
93490
93740.1
93980.4
94274.9
94644.3
95188
95784.7
96344.1
97057.9
97790
98554.4
99380.9
100226
100984
101378
101274
100360
91529.5
91490.1
91550.1
91620.3
91783.2
91994.8
92098.8
92232.7
92516.6
92851.5
93165.8
93547.7
94004.6
94595.9
95276.3
95916.8
96689.4
97470.5
98280.7
99157.8
100044
100847
101285
101211
100310
90358.8
90302.4
90358.3
90434.9
90604.9
90844.4
91039.4
91231.2
91556.3
91960.2
92358.7
92828
93364.7
94014.3
94769.9
95489.8
96323.4
97154.9
98013.2
98940.1
99864.5
100706
101190
101146
100257
89240.9
89170.3
89219.2
89327
89528.7
89763.3
90012.7
90276.9
90620.8
91078.2
91560.5
92111.7
92719.1
93439.4
94268
95065.6
95961.4
96845.1
97754.2
98728.3
99688.2
100565
101092
101079
100201
88172
88108.7
88145.1
88259.2
88475.5
88744.8
89039
89362
89731.2
90213.8
90769.8
91405.5
92082
92873
93772.4
94647.7
95605.9
96543.2
97505.2
98522.9
99517.1
100426
100993
101010
100142
87170.7
87128.2
87148.6
87247.8
87466.3
87772
88112.8
88477.2
88890.6
89392.3
90005.1
90719
91460.2
92317.4
93286.5
94240.6
95260.1
96251.5
97266.9
98324.6
99352.6
100290
100892
100937
100082
86259.6
86208.6
86224
86314.1
86533.5
86861.5
87228.4
87635
88088.3
88627.1
89294.7
90055.7
90859.5
91785
92819.9
93849.1
94927.1
95972.5
97040.1
98134.3
99196
100159
100792
100861
100020
85428.1
85359.5
85370.7
85463.7
85679.1
86017.9
86404
86843.2
87336.8
87908.2
88625.1
89429.4
90295.6
91282.4
92376.5
93476.6
94610.1
95708.5
96825.5
97953.5
99048.3
100035
100692
100784
99958.4
84673.3
84592.8
84593.6
84689.2
84899.9
85242.6
85656.6
86111.9
86635.2
87252.4
88002
88856.5
89773.2
90810.4
91960.9
93127
94311.9
95461.7
96623.9
97783.8
98910.5
99917.7
100593
100705
99899.7
83961.9
83865.1
83852.7
83942.1
84151.8
84504.1
84944
85412.7
85943.2
86634.2
87415.9
88292.1
89255.1
90348.6
91552.6
92779.1
94013.1
95215.6
96421.2
97613.7
98772.6
99797.9
100488
100622
99839.3
83348.1
83231.3
83208.1
83285.4
83492.3
83861.2
84322.6
84813.2
85349.5
86076
86893
87777.7
88785.9
89928.4
91181.2
92461.6
93739.7
94991.5
96234.3
97458.1
98646.5
99686.2
100388
100542
99786
82879.4
82745.4
82710.2
82779.4
82980.3
83358.7
83837.4
84354.7
84906.7
85613.4
86460.4
87376.7
88416.5
89588.7
90886.2
92209.6
93523.6
94814.7
96085.6
97335
98547.3
99597.9
100307
100480
99746.7
82527.8
82377.9
82327.3
82391.7
82588.4
82966.7
83456.9
83997.7
84570.5
85252.3
86109
87065.3
88128.6
89327.8
90656.9
92012.1
93355.1
94676.2
95968.5
97238.2
98469.7
99529.3
100245
100432
99718.8
82264.1
82100.7
82035.2
82096.9
82292.4
82665.4
83161.4
83721
84311.8
84984.4
85835.2
86820.7
87905.8
89132.9
90478.4
91858.8
93226
94567.2
95877.4
97162.6
98409
99476.8
100196
100397
99699.8
82068.4
81892.8
81815.3
81875.2
82072.1
82438.9
82937.8
83511.1
84116.5
84788.6
85629.6
86630
87734
88983.4
90339.2
91741.5
93127.1
94482.8
95806.8
97104
98361.7
99436.9
100160
100371
99687.8
81926.7
81739.6
81653.3
81712.8
81912
82273.9
82774.3
83355.9
83972
84647
85480.2
86484
87602.4
88866.3
90232.9
91652.9
93051.9
94418.5
95752.6
97059
98324.9
99406.8
100133
100352
99680.8
81826.2
81629.5
81539.3
81599.6
81799.9
82158.1
82658.5
83243.6
83866.7
84545.6
85374.4
86375.8
87503.7
88776.6
90154.1
91586.5
92995
94369.7
95711.5
97024.9
98296.4
99384.1
100114
100340
99677.5
81757
81553.5
81464.1
81524.3
81724.1
82079.9
82578.7
83163.8
83791.1
84473.7
85300.9
86299
87432.5
88711
90096.7
91537.1
92952.5
94333.2
95680.7
96998.9
98274.5
99367
100101
100331
99676.7
81711.6
81505
81416.8
81475.6
81674.2
82028.2
82524.8
83108.6
83737.9
84423.3
85250.1
86246.3
87382.6
88664.3
90055.2
91500.6
92920.9
94306
95657.6
96979.3
98257.7
99354.3
100091
100326
99677.7
81684.6
81476.7
81387.9
81445
81641.9
81994.6
82489.2
83071.4
83701.6
84388.6
85215.3
86210.7
87348.1
88631.6
90025.3
91473.9
92897.8
94286.1
95640.4
96964.4
98245
99344.9
100085
100323
99679.9
81671.7
81462.6
81373.9
81429.1
81626.2
81975.7
82466.9
83047.8
83678.2
84366.8
85193.1
86187
87324.7
88609.1
90004.3
91454.9
92881.4
94272.1
95628.3
96953.5
98235.3
99337.9
100080
100322
99682.2
81668.5
81457.7
81365.5
81417.7
81612.1
81960.1
82450.7
83032.1
83661.5
84347.8
85173.2
86167.4
87305.6
88590.1
89986.3
91438.1
92865.8
94258.4
95616.3
96942.7
98226.2
99332.2
100077
100322
99687
)
;

boundaryField
{
    inlet
    {
        type            zeroGradient;
    }
    outlet
    {
        type            waveTransmissive;
        phi             phi;
        rho             rho;
        psi             psi;
        gamma           1.3;
        fieldInf        100000;
        lInf            0.3;
        value           nonuniform List<scalar> 
57
(
101672
101647
101624
101594
101560
101521
101477
101428
101375
101317
101255
101190
101122
101051
100977
100902
100824
100745
100659
100570
100486
100404
100323
100243
100165
100084
100003
99925.7
99852.6
99781.2
99711.1
99643.2
99577.6
99514.7
99453.6
99393.7
99333.8
99272.9
99211.2
99149.3
99088.3
99030.8
98979.4
98936
98898.1
98870
98853.8
98846.9
98847.4
98853.8
98863.2
98872.4
98880.6
98888.4
98897
98908.4
98921.7
)
;
    }
    upperWall
    {
        type            zeroGradient;
    }
    lowerWall
    {
        type            zeroGradient;
    }
    frontAndBack
    {
        type            empty;
    }
}


// ************************************************************************* //
