/*--------------------------------*- C++ -*----------------------------------*\
| =========                 |                                                 |
| \\      /  F ield         | OpenFOAM: The Open Source CFD Toolbox           |
|  \\    /   O peration     | Version:  dev                                   |
|   \\  /    A nd           | Web:      http://www.openfoam.org               |
|    \\/     M anipulation  |                                                 |
\*---------------------------------------------------------------------------*/
FoamFile
{
    version     2.0;
    format      ascii;
    class       volScalarField;
    object      p;
    location    "9.128";
}
// * * * * * * * * * * * * * * * * * * * * * * * * * * * * * * * * * * * * * //

dimensions      [1 -1 -2 0 0 0 0];

internalField   nonuniform List<scalar> 
12225
(
91029.6
91104.1
91282.1
91551.8
91888.7
92293
92740.9
93239.3
93757.8
94324.7
94865.6
95500
96030.9
96690.4
97264.4
97909.9
98575.3
98957.3
91026.5
91102.4
91281
91550.7
91887.5
92291.5
92739.6
93237.3
93756.7
94319.3
94868.3
95485.2
96034
96672.5
97258.1
97898.6
98585.9
99111.1
91021.6
91099.7
91279.1
91548.2
91884.9
92288.5
92736.3
93233.2
93752.8
94311.6
94865.5
95466.8
96031.8
96655.5
97247.8
97874.3
98523.6
99076
91016
91095.3
91275.8
91544
91880.8
92283.4
92730.9
93226.2
93745.8
94300.2
94856.6
95446.5
96018.6
96628.3
97221.7
97838.4
98448.4
98972.6
91007.2
91089
91270.4
91537.6
91874.5
92275.4
92722.5
93215.3
93734.6
94282.8
94842.1
95421.8
95996
96592.1
97167.4
97770.2
98341.4
98839.3
90994.3
91080.4
91261.7
91528.3
91864.9
92264
92710
93200.4
93717.8
94265.3
94820.4
95395.3
95963.4
96549.4
97101.5
97653.3
98216.7
98700
90979.7
91068.3
91249.3
91515.5
91851.4
92248.3
92692.9
93179.3
93694.5
94234.3
94788.7
95352.1
95917.1
96477.3
97034
97564.2
98109.3
98588.4
90963.9
91054.3
91235.6
91501.3
91836.2
92231
92673.6
93156.3
93668.8
94203.5
94753.5
95309.1
95868.3
96419.8
96972
97500.3
98013.5
98478.7
90948.9
91039.4
91221.2
91486.2
91820
92212.4
92653.2
93131.9
93641.6
94171.1
94716.9
95264.6
95817.9
96360.5
96901.5
97416.3
97910.4
98361.9
90926.9
91019.9
91202.5
91466.5
91798.9
92188.3
92626.4
93100.5
93605.8
94129.4
94668.8
95208.3
95753
96284.5
96812
97309.1
97786.8
98229.7
90902.2
90995.4
91178.2
91440.8
91770.9
92156.8
92590.9
93059.8
93558.5
94075.3
94605
95136.8
95668.4
96190.2
96700.3
97185.1
97647.7
98078.2
90872.9
90964.7
91147.1
91407.5
91734.5
92115.8
92544.4
93006.4
93497.2
94004.8
94524.2
95045.4
95564
96072.9
96566.3
97039.6
97486.5
97906.6
90837.3
90926.8
91107.2
91364.6
91686.8
92062.4
92483.2
92937.3
93417.7
93914.9
94421.8
94930.5
95435.2
95929
96407.9
96866.6
97301.2
97710.3
90797.3
90880.4
91056.6
91309
91625.1
91993.1
92404.4
92848.5
93316.9
93801.4
94294.1
94788.5
95277.7
95756.6
96220.3
96665.2
97087.7
97486.7
90735.1
90820.6
90992.2
91238.3
91546.3
91904.9
92304.8
92736.1
93190.6
93660.2
94137.3
94615.4
95088.4
95551.3
96000.1
96431.3
96841.8
97230.9
90664.2
90746
90911.6
91149.5
91447.3
91794.1
92180.3
92596.8
93035.4
93488.1
93947.9
94408.7
94864.6
95311.2
95744.9
96162.6
96561.5
96940.9
90582.8
90654.9
90812
91039.7
91325.3
91658.1
92028.7
92428.4
92849
93283.3
93724.5
94166.8
94605
95035
95453.5
95857.6
96244.7
96614.1
90482.3
90549.3
90699.1
90916.8
91190
91508.5
91863.3
92245.9
92648.6
93064.6
93487.6
93912.1
94333.5
94747.8
95151.8
95542.9
95918.8
96278.9
90367.1
90443
90590.3
90800.7
91063.8
91370.4
91711.8
92079.8
92467.2
92867.7
93275.3
93685
94092.3
94493.4
94885.3
95265.7
95632.4
95984.4
90286.2
90355.7
90498.9
90703.4
90958.7
91256
91586.8
91943.3
92318.5
92706.4
93101.8
93499.8
93896.1
94287.1
94669.9
95041.9
95401.4
95747.2
90216.6
90284.7
90424.9
90624.8
90874
91163.9
91486.4
91833.6
92199.4
92577.8
92963.8
93352.7
93740.5
94123.6
94499.1
94864.8
95218.7
95559.5
90152.7
90226.7
90366.2
90562.9
90807.4
91091.7
91407.6
91747.9
92106.4
92477.5
92856.2
93238.1
93619.4
93996.4
94366.3
94727.1
95076.7
95413.7
90112.5
90184.1
90321.9
90515.6
90756.4
91036.3
91347.3
91682.4
92035.3
92400.9
92774.1
93150.8
93527
93899.4
94265.1
94622.2
94968.5
95302.6
90077.9
90152.6
90289.2
90480.4
90718.2
90994.7
91302.1
91633.4
91982.1
92343.5
92712.9
93085.6
93458
93827
94189.7
94544
94887.8
95219.8
90058.6
90131
90265.6
90454.7
90690.2
90964.2
91269
91597.4
91943.3
92301.7
92668.2
93038.1
93407.8
93774.3
94134.8
94487
94829
95159.4
90043.1
90115.8
90248.9
90436.2
90670.2
90942.5
91245.3
91571.8
91915.7
92272.1
92636.4
93004.4
93372.3
93737
94095.9
94446.7
94787.5
95116.9
90035
90105.8
90237.3
90423.2
90656.2
90927.5
91229.1
91554.3
91896.8
92251.9
92614.9
92981.6
93348.2
93711.7
94069.5
94419.3
94759.3
95088.2
90029.7
90099.1
90229.6
90415.2
90647.2
90917.8
91218.7
91543
91884.8
92239
92601.1
92967
93332.8
93695.6
94052.7
94402
94741.5
95069.9
90027.4
90095
90224.2
90409.3
90641.6
90912.1
91212.8
91536.7
91878.1
92231.8
92593.4
92958.7
93324.1
93686.5
94043.3
94392.2
94731.4
95059.4
90032
90094
90222.2
90407.1
90639.2
90909.7
91210.2
91534
91875.2
92228.7
92590.1
92955.2
93320.4
93682.6
94039.2
94388
94727.1
95055.2
102344
102342
102337
102331
102322
102310
102297
102280
102261
102239
102214
102186
102155
102120
102081
102038
101991
101940
101884
101823
101757
101685
101607
101524
101434
101337
101233
101121
101002
100875
100740
100596
100444
100282
100110
99928.9
99741.4
99540.5
99327.8
99103.9
98868.8
98622.5
98365
98095.7
97814.1
97519.9
97212.8
96892.1
96557.8
96210.4
95850.2
95477.4
95092.9
94697.6
94292.2
93877.7
93455.4
93025.5
92587.5
92141.4
91689
91232.6
90771.7
90305.7
89836.9
89370.6
88907.5
88445.7
87993.3
87553.6
87123.1
86695.7
86283.1
85889.1
85515
85159.4
84823.5
84510.1
84219.2
83946.8
83695.4
83465.9
83257.8
83069.6
82900.5
82750.3
82618.7
82505.3
82410.4
82333.9
82275.4
82234.5
82210.2
82202
82208.9
82230.1
82264.7
82311.9
82371.4
82443.4
82528.4
82623.4
82727.8
82842
82959.3
83086.8
83211.7
83341.6
83473.2
83607.5
83741.8
83874.5
84004.4
84131.4
84255.4
84376.5
84495.4
84612.7
84729.3
84846.8
84967.1
85092.1
85224.7
85367.8
85523.8
85695.3
85884.4
86091.7
86316.3
86554.8
86805.4
87060.1
87309.1
87541.7
87748.3
87916.9
88034.1
88087
88065
87956.3
87751.8
87444
87034.7
86525.6
85933.1
85266.4
84572
83834
83120.6
82420.7
81760.2
81149.1
80605.6
80130.8
79735.9
79418.3
79184.3
79031.5
78954.6
78952.3
79022.2
79159.1
79366.6
79642.5
79986.1
80386.9
80827
81299.1
81788.9
82286.4
82763.1
83197.3
83582.6
83898.9
84153.6
84346.6
84484
84584.2
84660.5
84744.7
102354
102352
102347
102341
102332
102321
102307
102291
102272
102251
102226
102198
102167
102133
102094
102052
102005
101954
101899
101838
101773
101701
101624
101541
101452
101356
101252
101141
101023
100897
100762
100620
100468
100308
100138
99957.1
99766.6
99572
99359.4
99136.2
98901.9
98656.3
98399.8
98132.2
97852
97559.4
97253.7
96934.3
96601
96254.8
95895.9
95523.6
95139.2
94744.7
94340.6
93926.6
93503.4
93072.9
92635.2
92190.7
91742
91288.5
90827.9
90362.8
89895.8
89428.5
88962.7
88501.8
88052.9
87615.8
87181.3
86752.9
86337.8
85941.9
85567
85211.4
84875.8
84563.5
84274.6
84002.4
83748.2
83515.1
83304.1
83114.3
82944.6
82794.4
82663.2
82550.3
82455.2
82378.4
82319.8
82278.7
82254.3
82245.9
82252.3
82272.9
82307
82353.9
82412.9
82484.7
82569.5
82664.3
82767.5
82881.3
82999
83126.5
83251.9
83379.8
83511.7
83645.1
83779.5
83912
84041.3
84167.5
84290.8
84411.4
84529.5
84646
84761.8
84878.2
84997.3
85121
85252
85393.6
85548.1
85718.4
85906.2
86112.4
86334.7
86573.8
86822.7
87075.5
87323
87553.8
87758.2
87925.3
88042.6
88095.7
88074.4
87967
87763.8
87458.5
87049.2
86538.7
85947.9
85273.9
84580.4
83856.8
83142.1
82442.3
81783.3
81173.4
80631.4
80158.1
79763.8
79445.9
79212
79060.1
78983.2
78979.7
79048.2
79184
79390.8
79665.1
80006.2
80408
80843.5
81313.7
81802.6
82303.9
82779.9
83210.7
83596.1
83910.8
84166.3
84359.9
84497.4
84599.8
84679.3
84765.2
102374
102371
102367
102361
102352
102341
102328
102312
102294
102273
102249
102222
102192
102158
102120
102079
102033
101983
101928
101869
101804
101734
101658
101577
101488
101393
101291
101181
101064
100939
100807
100666
100516
100357
100190
100011
99823.7
99629.2
99420
99199.2
98967
98723.5
98469
98203.6
97926.5
97637.6
97334.7
97017.6
96685.9
96341.5
95985.1
95615.1
95232
94838.8
94436.1
94024
93602.6
93173
92737.1
92293.5
91843.5
91390.8
90934.6
90474.1
90010.1
89544.3
89079.1
88618.5
88172.2
87734
87297.5
86865.1
86446.6
86047.9
85671.3
85317.5
84985
84673.6
84378.4
84103
83848.2
83614.5
83402
83210.4
83039.2
82888
82756
82642.7
82547.2
82469.9
82410.9
82368.8
82342.9
82333
82338.2
82357.4
82390.1
82436
82494.8
82566.3
82650.5
82743.9
82845.1
82959.9
83077.1
83203.2
83331.5
83454.3
83587.7
83720.5
83854.7
83986.7
84114.5
84239.4
84361.4
84480.8
84597.7
84712.9
84827.3
84942.5
85059.8
85181.3
85309.6
85447.6
85599
85764.9
85947.8
86151.1
86368.3
86604
86854.8
87105.4
87350.5
87577.9
87778.6
87943.4
88059.5
88112.6
88091.5
87985.5
87784.9
87478.6
87066.8
86554.3
85969.9
85290.6
84607.6
83894.5
83183.9
82486.8
81831.7
81224.4
80684.7
80213.3
79820.8
79503.9
79268.2
79116.8
79040.3
79034.3
79099.4
79233.2
79439.5
79711.2
80043.8
80452.1
80880.5
81348.3
81836.3
82330.3
82802.5
83233.9
83619.1
83934.5
84190.5
84386.1
84525.6
84633.6
84715.8
84807.9
102402
102400
102395
102389
102381
102371
102358
102343
102326
102305
102282
102256
102227
102195
102158
102118
102073
102024
101971
101913
101850
101782
101708
101628
101542
101449
101348
101241
101126
101003
100873
100735
100588
100432
100267
100091
99905.6
99716.2
99510.6
99293.1
99064.2
98823.7
98572.1
98310
98036.8
97751.7
97452.5
97139.1
96811.3
96470.2
96116.6
95749.7
95369.8
94979.2
94578.6
94168.9
93750.4
93322.6
92887.8
92446.4
91998.9
91547.7
91092.3
90634.6
90175.3
89715.8
89255.6
88797.9
88353.7
87917.8
87476.9
87037.6
86613.5
86212.8
85834.5
85478.3
85143.2
84828.2
84531.7
84254.8
83998.9
83764
83549.9
83356
83182.2
83028.5
82894.5
82779.7
82683.6
82605.5
82545.2
82501.8
82474.3
82462.4
82465.6
82483.4
82514.5
82558.7
82616.2
82686.9
82770.2
82862.7
82963.6
83077.8
83192.8
83317.5
83446.1
83566
83700.4
83832.6
83965.2
84097.3
84221.9
84344
84463.8
84581.4
84696.6
84810.2
84923.2
85036.8
85152.6
85272.6
85398.1
85532.9
85679.8
85841.1
86018.7
86207.9
86416.9
86645.2
86896.6
87151.5
87390.7
87614.4
87810.4
87971.5
88086.2
88139.3
88116.6
88009.1
87803.2
87496.5
87087.1
86573.7
85997.6
85324.5
84652.2
83949.5
83247.6
82555.5
81906
81302.3
80765.7
80295.4
79902.3
79588.8
79352.3
79199.1
79121.4
79112.9
79173.4
79302.3
79511.3
79779.1
80108.2
80505.4
80931
81395.7
81883.4
82375.2
82843.8
83271
83652.7
83970.6
84228.6
84427.2
84571.8
84683.4
84772.6
84872
102437
102435
102431
102425
102418
102408
102396
102382
102366
102347
102325
102300
102272
102241
102206
102167
102124
102077
102026
101970
101910
101844
101773
101695
101612
101521
101424
101319
101207
101087
100960
100825
100683
100531
100369
100198
100017
99826
99629.3
99416.9
99193
98956.8
98709
98450.6
98181.5
97900.3
97605.4
97297.3
96975.2
96639.1
96289.1
95926.4
95551.6
95165.1
94767.3
94360.2
93944.7
93520.1
93088.2
92650.1
92206.2
91757.1
91304
90849.8
90394
89938.9
89484.3
89032.2
88591.9
88155.8
87713.6
87273.1
86846
86440.2
86056.9
85695.5
85355.1
85035.5
84736.6
84458.5
84200.8
83963.7
83746.8
83549.8
83373
83216.6
83080.4
82963.8
82866
82786
82723.6
82678.7
82649.4
82635.6
82636.9
82652.6
82681.8
82723.9
82779.3
82848.1
82930.2
83022.7
83124.5
83236.1
83348.3
83471.6
83600.6
83719
83852.1
83980.7
84109.3
84234
84360.1
84480.8
84598.3
84713.1
84826
84937.2
85047.8
85159.2
85272.2
85389.5
85513.4
85645.3
85788.2
85944.9
86115.8
86303.4
86501.5
86717.6
86951.2
87203.3
87441.8
87663.5
87855.1
88013.2
88123.9
88173.1
88148.3
88041.8
87826.4
87515.9
87109.4
86603.2
86027.8
85379.9
84712
84022.7
83332
82648.4
82006.7
81406.5
80873.5
80407.9
80011
79697.8
79461.9
79308.3
79226.5
79213.4
79270.2
79390.1
79605.6
79868.7
80190.4
80573.2
80994.5
81455.7
81942.3
82431.3
82900.1
83324.9
83699
84017.8
84279.5
84482.8
84633.5
84749.9
84848.4
84955.7
102479
102477
102473
102468
102460
102452
102441
102428
102413
102395
102375
102352
102326
102296
102263
102226
102186
102141
102092
102039
101981
101918
101850
101776
101696
101609
101515
101415
101306
101191
101067
100936
100797
100650
100494
100328
100153
99967.5
99772.6
99567.5
99349.5
99118.9
98876.3
98622.4
98357.7
98081.5
97792.3
97490.7
97175.3
96845.7
96502
96145.2
95775.7
95393.6
95000.3
94597.3
94185.7
93765.4
93337.3
92902.5
92462.5
92017.2
91568.7
91118.4
90664.7
90213.4
89765.1
89317.3
88879.2
88445.7
88004.6
87563
87134.2
86724.6
86335.9
85968.7
85622.7
85298.1
84995.5
84714.4
84453.8
84213.1
83992.3
83791.8
83612.1
83453.2
83314.3
83194.6
83093.3
83010.2
82945
82897.8
82866.9
82851.2
82850.3
82863.4
82890.5
82930.7
82984
83051
83131.5
83222.9
83323.8
83434.2
83546.8
83666.2
83801.5
83921.2
84044.3
84169.7
84292.5
84414.4
84537.5
84653.4
84767.6
84879.4
84989.2
85097.3
85203.2
85310.2
85420.2
85533
85654
85784.1
85922
86074
86241.5
86422.4
86621.8
86822.5
87034.7
87266.4
87508.6
87725.9
87914.1
88065.2
88170.7
88213.5
88185.2
88073.4
87862.7
87551.1
87141.3
86642.5
86073
85443.7
84789.4
84114.7
83437.5
82761.7
82131.8
81538.9
81004.7
80547.2
80150.3
79836
79596.6
79443.3
79358.3
79335.2
79390.9
79495
79721.4
79981.2
80289
80655.1
81071
81529
82015.3
82500.5
82958.1
83392.5
83760.7
84077.9
84342.1
84551.8
84709.2
84833.6
84943.7
85061.1
102524
102522
102518
102514
102508
102500
102490
102478
102465
102449
102431
102409
102385
102358
102327
102293
102255
102213
102167
102117
102062
102003
101938
101869
101793
101711
101622
101526
101422
101312
101193
101067
100933
100791
100641
100481
100312
100132
99944.8
99743.2
99530.2
99305.9
99069.8
98821.7
98562.4
98292.3
98009.8
97715
97407.5
97086.5
96751.3
96401.2
96037.5
95662.8
95277.5
94880.6
94473.1
94056.4
93632.2
93201.5
92765.3
92324.3
91881
91435.5
90986.2
90539.3
90094.7
89651.2
89215.7
88782.3
88342.2
87901.5
87472.4
87060.4
86667.6
86295.1
85944
85614.9
85307.8
85022.4
84757.3
84512.1
84287.5
84083.8
83900.9
83738.2
83594.5
83470
83364.4
83278
83210.2
83160.3
83127.6
83110.2
83107.6
83118.7
83143.6
83181.8
83232.7
83297
83374.5
83463.9
83563.4
83672.1
83785.7
83896.2
84034.4
84149
84268.8
84388.6
84507.8
84624.6
84743
84859.9
84972.4
85082.4
85189
85291.8
85393.9
85495.3
85598.7
85705.9
85821.8
85948.1
86082.5
86228.1
86390.1
86563.8
86752.7
86961.8
87162
87362.7
87587.5
87802
87986.1
88128.3
88226.6
88262.7
88226.4
88101.9
87895.9
87590.6
87183.7
86692.7
86131.7
85518.7
84884
84228.1
83565.4
82902.8
82281.6
81699
81161.4
80713.4
80313.3
80001
79755.6
79598.4
79514
79478.4
79533
79634
79843
80109.1
80406.2
80753.4
81161.5
81617
82101.1
82584.7
83037.5
83463.1
83835.3
84152.5
84419.5
84635.7
84801
84934.6
85056.5
85189.6
102571
102569
102566
102562
102557
102550
102542
102532
102520
102506
102490
102471
102449
102423
102395
102364
102329
102291
102249
102202
102152
102097
102037
101971
101901
101824
101740
101649
101552
101448
101336
101216
101089
100953
100809
100655
100493
100320
100136
99940.7
99734
99516.1
99287.4
99046.5
98793.8
98529.7
98254
97966.5
97667.1
97355.5
97031.1
96692
96337.2
95969.2
95590.7
95201.8
94802.2
94392
93972
93544.5
93111.6
92675
92237.2
91797.6
91354.3
90912.6
90470.9
90029.7
89596.8
89163.6
88726
88286.2
87857.4
87443.8
87048.3
86672.2
86316.8
85983
85670.8
85380.1
85110.5
84861.5
84633.2
84425.6
84237.9
84069.5
83920.1
83790.5
83681.1
83591.3
83520.7
83467.1
83431.1
83411.4
83407
83417
83440.3
83476.2
83524.2
83584.8
83658.2
83744.1
83840.9
83947.7
84059.2
84165.8
84296.3
84409.4
84525
84638.5
84751.9
84867.6
84985.3
85099.7
85210.4
85317.7
85419.8
85519.1
85618.3
85716.6
85813
85912.7
86018.5
86137.2
86269
86409.5
86562.8
86729.7
86905.5
87098.7
87316.6
87517.2
87706
87897.2
88071.3
88204.9
88292.6
88324.9
88284.6
88161.3
87950.5
87640.6
87238.3
86754.7
86206.9
85610.3
84988.8
84357.2
83712.3
83065.6
82460.5
81888.8
81346.6
80913.7
80502.5
80193.5
79940.1
79775.1
79685.6
79648.2
79688.2
79798.3
79984.5
80249
80535
80865.7
81266.7
81719.6
82199.8
82682.4
83132.2
83545.2
83921.2
84240.9
84513
84736.3
84911.1
85054.3
85188
85340.3
102616
102615
102612
102609
102605
102600
102594
102586
102576
102564
102550
102533
102513
102491
102466
102437
102406
102372
102334
102292
102246
102196
102141
102081
102016
101945
101867
101783
101692
101595
101491
101379
101259
101130
100994
100848
100692
100526
100349
100160
99960.5
99749.5
99527.4
99294.1
99049.5
98792.8
98524.3
98244.5
97953.3
97650.6
97336.4
97009.8
96667.4
96308.8
95938.3
95558.2
95167.7
94765.6
94352.3
93930.3
93502.2
93070
92636
92200.2
91762.2
91325.9
90888.6
90451
90021.3
89591
89151.9
88714.5
88287.1
87873.2
87475.8
87097
86738.1
86399.8
86082.4
85786.6
85513
85260.5
85028.1
84815
84621.2
84447.3
84293.6
84160.3
84047.2
83952.5
83875.8
83816.8
83775.9
83753.5
83746.9
83755.3
83777.8
83812.2
83857.7
83914.4
83983
84063.9
84155.2
84254.2
84364.3
84469.2
84591
84703.3
84813.7
84921.9
85032.3
85144.2
85263.8
85372.5
85480.2
85585.3
85681.7
85777.1
85871.6
85965.2
86059.4
86155.4
86254.5
86361.4
86482.7
86617.9
86763.9
86920.9
87089
87265.1
87457.4
87676.3
87866.4
88025
88173
88296.5
88374.6
88398.3
88354.3
88229.3
88016.5
87706.9
87309.8
86831.8
86295.1
85724.8
85113.8
84498.6
83876.6
83245.3
82654
82099.5
81572.2
81127.3
80731.9
80408.3
80156.8
79981.8
79877.5
79837.4
79863.5
79977.2
80150.3
80402.1
80674.9
80990.7
81387
81839
82314.3
82794.6
83240.8
83645.8
84019.2
84342.7
84622.1
84853.7
85039.7
85194.7
85340
85510.2
102658
102657
102655
102652
102649
102646
102641
102635
102627
102618
102607
102594
102578
102559
102537
102511
102484
102453
102420
102384
102344
102300
102250
102196
102136
102070
101999
101920
101837
101747
101651
101547
101436
101317
101189
101052
100905
100748
100580
100400
100207
100003
99788.4
99563.1
99326.8
99079.3
98819.7
98548.3
98265.8
97972.2
97666.3
97350.5
97022.9
96677.8
96316.7
95944.8
95563.8
95172.4
94769.3
94355
93932.6
93505
93076
92645.1
92213
91781
91347.5
90914
90487.1
90058.9
89621.1
89185.4
88759.6
88346.8
87948.9
87568.2
87206
86863.6
86541.8
86242
85964.5
85707.8
85470
85251.1
85052.2
84874.1
84717.1
84579.5
84460.9
84360
84276.8
84212.6
84167.3
84140.4
84129.5
84134.3
84154.8
84188.1
84232.2
84286.2
84350.5
84425.6
84510.6
84604.6
84708.7
84812.5
84925
85033.6
85139.6
85243.8
85345.7
85454.4
85562.9
85673.3
85784.2
85888.4
85975.7
86066.4
86156.2
86244.3
86334.2
86427.3
86523.3
86622.8
86731.1
86854.9
86993.6
87142.2
87300.1
87465.9
87636.4
87821.3
88023.5
88181.3
88304.4
88405.9
88474.6
88490.7
88440.2
88309.3
88092.9
87786.5
87400.2
86933.2
86407.3
85857.1
85266.3
84661.1
84059.3
83446.2
82862.9
82325.8
81812.5
81364.5
80978.6
80648.2
80392.5
80214.5
80093.7
80046.8
80068.8
80171.2
80333.2
80568
80827.5
81132.6
81526.3
81978.3
82449
82922.3
83365.1
83768.7
84135.2
84459.7
84748.2
84990.2
85189.7
85356.8
85514.3
85700.3
102692
102692
102690
102689
102687
102685
102682
102679
102674
102668
102660
102650
102637
102622
102605
102585
102562
102537
102509
102479
102445
102406
102363
102314
102260
102200
102134
102063
101987
101905
101817
101722
101620
101509
101390
101262
101124
100978
100820
100649
100466
100271
100066
99849.3
99622
99383.7
99134.1
98872.1
98599.5
98317.2
98021.3
97713.7
97398.5
97068.9
96721.3
96360.2
95989.2
95607.9
95215.7
94812
94398.7
93977.3
93553.9
93129.8
92704.7
92277.4
91847
91417.5
90992.8
90566.6
90131.2
89697
89273.2
88861.8
88464.6
88083.5
87719.6
87374
87048.9
86745.3
86463
86200.9
85957.9
85734.5
85532.2
85350.5
85188.8
85046.6
84922.8
84817.3
84730.1
84661.3
84610.2
84576.1
84557.6
84555
84570.2
84601
84644.4
84697.8
84759.8
84829.7
84909.8
84999.1
85098.8
85200.9
85305.1
85409.3
85510.4
85611
85703.2
85807.5
85897.4
85995.7
86098.8
86199.5
86294.9
86388.3
86474.4
86556.1
86640.1
86728.5
86820.7
86915.5
87015.4
87125.6
87252
87391.7
87539.6
87694.4
87852.7
88008.9
88169.7
88349.3
88465.8
88548.6
88599.6
88604.7
88545.6
88411
88191.8
87888.6
87511.5
87059.9
86548
86009
85440
84848.1
84262.1
83668.7
83092.8
82569.7
82068.6
81620.7
81237.3
80907.3
80646
80458.1
80330
80276
80303.3
80382.4
80530.6
80749.6
80998.6
81295.9
81689.9
82139.2
82604.2
83066.9
83506.9
83905.9
84268.3
84595.7
84894.5
85146.3
85361.4
85540.3
85714.3
85911.2
102715
102715
102715
102715
102715
102715
102715
102714
102713
102710
102706
102700
102692
102682
102670
102655
102639
102620
102599
102574
102547
102514
102477
102434
102386
102333
102274
102210
102140
102066
101986
101900
101807
101706
101596
101477
101348
101211
101063
100904
100731
100547
100351
100145
99928.2
99700.5
99461.7
99210.5
98947.9
98677.5
98394.8
98097.3
97792
97477.3
97145.9
96798.7
96439.7
96069.6
95688.5
95296.4
94894.5
94483.2
94065.8
93647.5
93228.5
92808.8
92383.9
91959
91537.2
91112.4
90680
90248.8
89826.7
89417.3
89021.3
88640.4
88275.2
87927.7
87600.2
87293.4
87006.4
86738.7
86491.2
86264.5
86058.8
85873.2
85706.6
85559.9
85432.9
85324.2
85233.3
85159.4
85101.6
85060.1
85034.7
85023.4
85029.5
85054.3
85095.1
85148
85209
85277
85352.2
85435.8
85530.7
85628.3
85728.4
85828.7
85926.4
86024.4
86120.9
86207.6
86291.2
86388.1
86478.2
86565.6
86659.8
86745.3
86821.9
86900.5
86979.4
87061
87147.3
87238.4
87333
87432.5
87543.3
87670.3
87807.5
87950.4
88097.3
88239.9
88374.6
88512.3
88645
88717.7
88753.3
88744.4
88673.5
88531.4
88313.9
88016.7
87645.2
87208
86709.4
86182.1
85632.4
85057.6
84484.4
83910.2
83343.9
82828.5
82341
81896.2
81509.4
81183.4
80921.6
80718.8
80588.5
80528.5
80553.3
80610.8
80740
80949.4
81189.7
81485.1
81883.8
82323.4
82779.9
83234.9
83672.8
84068.3
84425.2
84755.1
85060.6
85323
85552.7
85744.6
85941.4
86145.3
102722
102722
102723
102725
102727
102730
102733
102736
102738
102740
102742
102741
102739
102735
102729
102720
102710
102698
102683
102666
102644
102618
102587
102551
102510
102463
102411
102354
102293
102226
102155
102078
101994
101902
101802
101693
101573
101444
101306
101158
100997
100825
100640
100445
100240
100023
99796.6
99558.4
99307.7
99047.7
98778.8
98495.5
98200.8
97899
97584
97253.3
96909.3
96552.8
96184.2
95804.3
95414
95014.5
94606.1
94194.8
93781.4
93368.7
92952.2
92534.3
92118.7
91695.9
91266
90837.9
90417.7
90010.9
89617.4
89237.5
88871.6
88522.3
88192.4
87882.8
87592
87320.6
87069.4
86839.3
86629.1
86438.6
86267.7
86116.9
85985.8
85872.4
85777.1
85699
85637.2
85592.2
85563.7
85546.8
85542.7
85556.7
85589.5
85639.2
85700.9
85767.8
85839.2
85919.8
86005.3
86097.7
86193.4
86288
86382.9
86475.4
86564.2
86645.7
86730
86819.9
86907.8
86998.6
87087.3
87165.6
87228.9
87293.5
87360.3
87430.4
87507
87592.9
87682.6
87774.5
87872.5
87981.9
88105.7
88235.1
88370.1
88500.1
88621
88720.1
88822.4
88904.3
88932
88911.6
88832.9
88678.6
88460.9
88171.2
87806.8
87380.3
86896.6
86377.9
85843.2
85285.5
84725.2
84168.9
83616.3
83104.8
82629.1
82188.2
81800.8
81477.6
81212.9
81000.1
80868.9
80807.1
80813.2
80856.5
80962.4
81160.6
81394.2
81704.7
82111.6
82537
82982.3
83433.3
83865.1
84251.4
84619.5
84943.9
85246.1
85519.4
85756.9
85971.3
86192.9
86412.3
102707
102708
102711
102715
102720
102725
102732
102740
102747
102755
102762
102768
102772
102775
102776
102775
102772
102767
102759
102748
102734
102715
102692
102663
102629
102591
102547
102499
102446
102388
102324
102255
102180
102096
102006
101907
101797
101678
101548
101409
101259
101099
100928
100746
100552
100348
100133
99908
99671.8
99424.7
99168.6
98900.4
98620.5
98332.2
98032.6
97718.5
97391.1
97050.5
96696.8
96331
95954
95566.8
95169.8
94767.4
94361.3
93954.4
93546.8
93137.6
92731.7
92316
91888.2
91461.1
91044.3
90640.3
90249.6
89872.1
89507.1
89156.5
88824.6
88512.8
88219.6
87945
87690.5
87456.4
87241.5
87045.9
86870.2
86714.3
86577.6
86459
86359.6
86279.2
86215.5
86167.1
86136
86117.3
86108.2
86112
86132.3
86173.6
86233.4
86298.5
86368.1
86440.6
86521.7
86610
86699.2
86787.9
86880.2
86962.5
87046.5
87122.1
87208.9
87288.3
87372.8
87458.3
87551.3
87626.6
87678.9
87735.6
87792.9
87847.1
87908.2
87982.4
88063.9
88149.5
88237.9
88332.2
88438.5
88552.1
88672.1
88788.2
88897.4
88991.2
89062.1
89115.5
89135.5
89103.6
89019.4
88860.8
88637.2
88351.6
87996.4
87580
87108.6
86598.2
86074.3
85531.7
84984.2
84443.2
83906.9
83401.8
82933.4
82497.4
82114
81791.3
81517.9
81303.1
81171
81103.5
81085.8
81118
81200.1
81378.5
81606.8
81952.4
82369.9
82786.9
83219.5
83668.1
84081.5
84457.6
84828.7
85163
85456.9
85735.5
85974.4
86222.4
86466.7
86707.6
102665
102667
102672
102679
102688
102698
102709
102721
102735
102749
102763
102776
102788
102799
102808
102816
102821
102823
102823
102821
102814
102803
102788
102768
102743
102713
102678
102638
102593
102544
102488
102428
102361
102286
102204
102113
102012
101902
101783
101655
101516
101367
101208
101039
100859
100669
100469
100257
100035
99801.8
99559.2
99306.4
99042.1
98768.8
98486.1
98190.4
97880.9
97557.7
97220.5
96870.4
96508.6
96135.6
95751.8
95360.3
94963.4
94563
94163.5
93762.9
93367.1
92965.4
92545.9
92120.2
91700.8
91304
90916
90541.2
90177.8
89827.2
89494
89180.7
88886.2
88609.6
88352.3
88114.1
87895.3
87695.5
87515.1
87353.3
87210.6
87088
86986.1
86904
86838.7
86785.8
86750
86729.9
86721.1
86720.2
86728.5
86758.5
86811.4
86874.3
86940.8
87005.2
87083.2
87165.4
87246.4
87324.3
87397.9
87473.5
87555.1
87636.5
87721.2
87799.4
87880.5
87955
88031.7
88099.5
88161.8
88216.1
88268.7
88314.8
88361.6
88414.9
88483.5
88559.6
88639.1
88721.4
88809.2
88905.5
89006.8
89108.7
89202.6
89284.2
89351.3
89370.1
89367.4
89320.3
89227.9
89068.7
88840.9
88555.3
88206.8
87801.1
87341.7
86842.2
86326.8
85798.5
85264
84734.4
84214.5
83719
83254.8
82826.7
82446.6
82121.7
81842.3
81631.1
81496.6
81413.8
81380.1
81401.9
81464.1
81613.7
81854.9
82237.8
82658.3
83066.4
83499
83948.5
84335.8
84699.4
85066.2
85413.9
85703.6
85980.4
86233.4
86500.2
86766
87023.3
102591
102595
102600
102610
102624
102641
102659
102678
102699
102720
102742
102764
102785
102805
102823
102839
102853
102864
102873
102879
102881
102879
102872
102861
102844
102823
102797
102766
102730
102689
102641
102589
102530
102463
102389
102308
102217
102116
102007
101890
101762
101626
101479
101323
101157
100980
100795
100599
100393
100176
99947.1
99709.7
99462.3
99204.5
98938.2
98661.6
98372.2
98068.8
97750.5
97417.9
97072.7
96715.5
96346.9
95968.6
95583.1
95191.7
94799.7
94407.4
94019.6
93633.3
93230.8
92813.3
92396.9
91992.1
91614.5
91241.4
90880.4
90531
90197.3
89883.1
89587.7
89310.1
89050.5
88809.7
88587.4
88384.3
88199.9
88033.5
87886.8
87761.9
87657.4
87572.7
87506.9
87453.3
87413.1
87389
87379.2
87377.1
87377.3
87395.1
87439.9
87495.8
87555
87620
87689.5
87764.9
87839.2
87907.9
87970.8
88045.1
88115.4
88198.9
88275.8
88360.1
88440.3
88509.6
88566.1
88623.5
88691.3
88738.2
88783.5
88825.4
88864.9
88898.8
88949.3
89009.6
89078.9
89150.1
89221.8
89300.5
89379.1
89462.8
89536.1
89597.1
89655.2
89659.6
89627.7
89562.9
89455.5
89295.3
89066.9
88781.5
88438.5
88043
87596.8
87114
86606.1
86089.6
85568.2
85048.1
84544.1
84058
83598.5
83180.7
82801.3
82472.4
82194
81984.6
81843
81744.6
81702.8
81721.4
81778.9
81913.2
82182.1
82569.7
82979.6
83383.8
83822.9
84269.2
84646.2
84996.5
85364.6
85698.8
85991.9
86267.5
86533.2
86813.4
87092.2
87354.2
102478
102483
102490
102503
102522
102546
102573
102602
102632
102663
102694
102726
102757
102787
102815
102841
102865
102886
102904
102919
102930
102937
102940
102937
102930
102919
102902
102879
102852
102819
102781
102736
102685
102626
102561
102487
102405
102315
102217
102110
101995
101870
101737
101594
101442
101280
101110
100929
100739
100538
100327
100106
99876.3
99636.7
99386.6
99128
98859.2
98577.5
98280.2
97967.2
97640.8
97301.8
96950.2
96587.2
96215
95835.5
95452.2
95068.2
94686.8
94310.9
93927.4
93527.9
93121.8
92720.1
92335.1
91968.1
91609.7
91264.6
90931.2
90617.3
90321.9
90043.1
89781.3
89537.8
89313
89107
88919.9
88751.6
88603.5
88476.6
88367.8
88277.6
88210.6
88160.2
88120
88091.4
88077.6
88075.9
88070.2
88078.5
88122.2
88165.8
88217.7
88272.5
88339.8
88409.4
88477.2
88540.3
88602.2
88668.3
88738.9
88814.7
88889.5
88965.3
89043.8
89114.2
89170.4
89223.8
89280.5
89315.5
89345.1
89377.9
89410.9
89434.3
89465.1
89506.3
89561.2
89619.5
89676.9
89737.8
89794.7
89854.7
89902.8
89940.8
89968.6
89969.3
89920.3
89838.1
89712.4
89544.2
89315.5
89031.8
88695.3
88308.6
87875
87407.6
86914.5
86409.8
85899.4
85391
84901
84422.5
83971.3
83563.9
83182.5
82852.1
82579
82365.8
82211.5
82105.9
82060.1
82081.3
82141.9
82286.2
82575.2
82936.3
83328
83743.7
84185.4
84613.8
84992.1
85354.2
85694.3
86021.1
86320.9
86597.3
86870.5
87163.6
87444.3
87717.3
102319
102326
102334
102352
102376
102408
102445
102486
102528
102571
102614
102657
102699
102741
102780
102818
102853
102885
102913
102939
102960
102976
102989
102996
102998
102996
102988
102975
102956
102932
102902
102865
102821
102771
102713
102647
102574
102495
102408
102313
102210
102098
101977
101848
101710
101564
101409
101245
101071
100887
100694
100491
100278
100058
99827.6
99586.6
99337.2
99077.2
98803.2
98512.7
98207.3
97888.6
97556
97210.3
96853.5
96487.7
96116.1
95741.9
95367.5
94998.8
94630.6
94252.2
93863.4
93469.6
93084.2
92717
92365.4
92025.2
91690.6
91380
91086
90807.2
90544
90297.9
90071
89863.5
89675.6
89507
89356.9
89226.6
89114.1
89017.4
88945.6
88896.1
88858.3
88828
88811.9
88813.2
88800.6
88812
88843.2
88881.4
88927.8
88981.9
89035.9
89098.6
89161.9
89223.6
89279.7
89335.9
89401.6
89471.9
89544.7
89614.1
89686.3
89754.6
89814.6
89866.6
89910.8
89939.8
89960.4
89977.9
90000
90017.8
90031.7
90053.8
90090.6
90132.5
90176.1
90218.8
90257.4
90292.7
90319.1
90334.1
90326.3
90311.2
90253.7
90155.7
90014.6
89832.4
89600
89315.2
88984
88603.1
88180.2
87725
87245.5
86754.7
86257.2
85762.1
85282.8
84812.7
84371.7
83969.8
83590.3
83263.9
82994.5
82772.6
82608
82500.3
82450.1
82468
82542.8
82689.8
82974.5
83325.1
83704.4
84134.7
84573.2
84981.3
85356.8
85747.5
86061.3
86385.1
86687.5
86966.4
87248.8
87549.2
87828.6
88124.8
102140
102147
102161
102183
102214
102253
102300
102351
102405
102461
102517
102572
102626
102679
102730
102778
102823
102864
102902
102937
102966
102991
103012
103028
103038
103043
103044
103037
103026
103008
102984
102954
102918
102875
102824
102767
102703
102633
102555
102470
102376
102275
102165
102048
101923
101790
101649
101499
101340
101172
100994
100809
100613
100410
100197
99973.8
99741
99499.8
99246.8
98978
98692.9
98393.8
98080.6
97753
97412.1
97060.7
96702.6
96340.2
95976.8
95616.3
95257.9
94894.4
94522.5
94141.8
93761.7
93396.4
93048.1
92711.2
92384.8
92075.2
91783.6
91507
91245.4
90999.5
90773.1
90566.5
90377.8
90208.8
90056.6
89923.8
89810.4
89712.4
89634.6
89581
89544.4
89512.2
89494.5
89497
89491.5
89501.8
89526.6
89560.4
89603.4
89650.5
89701.3
89760.3
89820.3
89875.4
89930.6
89985.1
90043
90113.2
90184.5
90247.6
90311.4
90376.9
90431.9
90474.9
90517.6
90547.6
90570.7
90577.4
90587.5
90599.5
90601.8
90610.1
90627.3
90652.8
90683.4
90709.7
90733.2
90747
90754.5
90746.6
90710.9
90684.6
90609.2
90496.8
90340.9
90146.7
89908.9
89621
89291.5
88914.1
88500.4
88054.2
87585.4
87107.4
86621.9
86139.8
85670.8
85209.6
84778.6
84383
84006.7
83685.8
83419.6
83186.6
83016.2
82906.3
82854.7
82875.8
82970.2
83114.1
83398.1
83740.1
84114.5
84546.4
84978.1
85381
85759.1
86135.7
86430.8
86787
87085.4
87372.6
87667.9
87970.1
88255.1
88582.5
101972
101979
101995
102023
102063
102111
102168
102230
102294
102361
102428
102493
102558
102620
102679
102736
102789
102838
102883
102925
102961
102993
103020
103042
103058
103070
103076
103075
103069
103057
103038
103014
102984
102946
102902
102851
102796
102733
102662
102584
102498
102405
102305
102199
102084
101962
101832
101693
101547
101392
101228
101056
100876
100686
100489
100282
100064
99838.1
99602.4
99352.3
99085.6
98804.2
98508.6
98197.9
97872.7
97535.6
97191
96841.4
96489.8
96139.2
95788.9
95435.7
95076.2
94707.6
94335.9
93975.7
93632.3
93300.4
92979.2
92673.1
92384.7
92111.4
91852.7
91610.3
91386.4
91182.9
90993.9
90824.4
90672
90537.5
90425.3
90329.8
90245.8
90190.1
90151.4
90118.8
90101.7
90104.9
90105.1
90118
90141.5
90174.3
90215.2
90256.8
90308.7
90368.1
90425.1
90472.9
90522.8
90574.2
90639.7
90709.3
90778
90836.7
90890.6
90955.3
91013.3
91051
91072.7
91117.4
91146.8
91150.2
91151.6
91156
91150.9
91149.9
91149.8
91160.9
91178.1
91191.6
91201.9
91198.3
91188.7
91159.6
91111.3
91057.2
90970.3
90844.5
90675.1
90471.5
90225.9
89936.4
89606.7
89233.7
88827.7
88389.1
87931.4
87464.5
86990.7
86522
86061.7
85611.3
85191.2
84800.2
84428.8
84115.9
83852.6
83609.5
83434.4
83324.3
83274.2
83301.6
83407.6
83557.2
83835.1
84176.3
84555
84981.2
85408.3
85814.3
86191.1
86534.4
86858.4
87221.3
87514.9
87818.7
88129.7
88433.2
88732.5
89090.9
101789
101789
101808
101845
101897
101960
102030
102105
102180
102257
102333
102408
102481
102551
102619
102683
102744
102801
102854
102902
102945
102983
103016
103044
103067
103083
103094
103098
103097
103090
103078
103059
103034
103003
102965
102922
102872
102815
102750
102679
102601
102517
102426
102328
102223
102111
101991
101864
101729
101586
101435
101277
101111
100935
100752
100560
100357
100146
99926.4
99693.9
99445.3
99181.5
98903.3
98610.3
98301.7
97979.6
97649.1
97313.8
96973.9
96632.9
96291.5
95947.3
95598.9
95242.2
94880.9
94526.9
94189.2
93863.2
93547.4
93245.8
92961
92691.4
92436.1
92197.7
91977.5
91776.2
91589.9
91421.2
91270
91133.7
91022
90927.2
90844.8
90784.1
90744.5
90711.6
90694.1
90698
90703.8
90720.1
90743.9
90777.5
90817.6
90858.5
90911.6
90971
91027.3
91070.8
91119.6
91173.1
91242
91305.2
91368.9
91425.5
91475.6
91535.3
91595.9
91646.5
91664.5
91702
91730
91734.4
91730.1
91725.3
91715.1
91705.3
91690.9
91688.6
91690
91691.4
91687.4
91669.9
91643.4
91596.4
91531.7
91446.8
91357.4
91213.9
91033.8
90819.9
90564.7
90272.9
89943
89574.8
89174.8
88744.7
88299.6
87842.3
87380.9
86925.3
86472.5
86034.9
85626.3
85237.6
84874.3
84572
84306.7
84056.9
83878.2
83769.8
83719.8
83760.9
83865.5
84022.3
84297.3
84643.7
85032.3
85452.9
85880
86281.5
86645.7
86974.5
87337.8
87689.7
87989.3
88313.3
88636.8
88940.4
89265.2
89641.5
101579
101569
101583
101640
101711
101794
101881
101969
102058
102147
102232
102316
102398
102477
102552
102625
102693
102757
102817
102871
102921
102964
103004
103037
103065
103087
103102
103111
103115
103114
103107
103093
103074
103048
103015
102977
102932
102881
102823
102758
102688
102611
102528
102439
102343
102239
102129
102013
101889
101758
101619
101473
101320
101158
100988
100810
100622
100426
100221
100005
99774.2
99527.6
99266.7
98991
98699.2
98393.1
98076.7
97754.6
97426.7
97094.9
96762.4
96428.7
96091.7
95747.3
95397.3
95051.3
94718.7
94398.9
94088.7
93792.6
93512
93246.2
92994.6
92758.7
92541.4
92342.9
92160.2
91994.9
91845.9
91710.3
91598
91503.3
91424.5
91364.4
91323.8
91290
91272.9
91277.9
91288.1
91307.3
91333.2
91369.5
91410.3
91451.9
91507.4
91565.6
91617.4
91666.1
91718.3
91776.2
91841.2
91899.9
91957.5
92018
92073
92125.6
92181.4
92236.2
92266.5
92298.8
92323
92329.7
92320.9
92308.3
92293.9
92275.7
92251
92234.9
92221.2
92210.1
92192.2
92162.2
92118.6
92057.3
91975.4
91876.8
91772.1
91609.1
91418.4
91192.5
90929.9
90633.7
90301.1
89938
89542.5
89121.6
88688.8
88241.5
87793.4
87349.6
86905.7
86481.6
86082.8
85698.2
85347.5
85053.8
84782
84532.4
84350
84242.1
84194.9
84250.8
84346.7
84516.5
84792.7
85147.3
85545.1
85964.7
86391.6
86779.2
87123.4
87458.9
87868.3
88204.1
88516.1
88858.7
89186.6
89497.6
89855.5
90231.3
101310
101293
101315
101406
101513
101621
101725
101830
101933
102034
102131
102225
102316
102403
102487
102566
102641
102712
102778
102838
102893
102942
102986
103025
103058
103084
103104
103118
103127
103130
103127
103118
103103
103081
103053
103020
102981
102935
102883
102824
102760
102691
102615
102533
102445
102351
102250
102143
102029
101909
101782
101648
101507
101358
101200
101036
100862
100679
100489
100289
100075
99844.9
99600.5
99341.6
99066.8
98777.1
98475.2
98165.1
97849
97527.5
97204.8
96882
96556.6
96223.9
95884.4
95548.7
95222.3
94908.5
94604.5
94313.9
94038.2
93777.1
93529.4
93295.6
93079.6
92884.1
92704.7
92543.6
92398.9
92267.3
92155.6
92060.9
91986.2
91928.4
91887.6
91855
91839.3
91844.8
91858
91880.3
91909.9
91950.3
91992.3
92036.9
92095.7
92153.6
92201.1
92257.6
92310.9
92370.1
92433.3
92495.4
92552.1
92619.6
92683.2
92734
92785
92835.9
92873.7
92905
92926.4
92935
92922.6
92904.4
92885.8
92860.8
92828.2
92798.2
92771.5
92747.3
92717.9
92675
92616.7
92541.3
92442.8
92326.9
92189.3
92029.7
91827.4
91590.3
91321.2
91017.8
90682
90322.5
89932.2
89521.7
89099.2
88662.5
88228.2
87794.3
87361.5
86952.6
86561.7
86183.6
85847.5
85559.2
85281
85037.5
84852.1
84737.8
84704.8
84767.8
84862.9
85047.2
85329.9
85692
86097.9
86517.6
86938.1
87312.5
87648.6
88029
88456.2
88774.5
89101.6
89457.6
89782.7
90116.8
90501.1
90867.7
101021
100921
100980
101148
101319
101448
101577
101697
101814
101926
102034
102137
102237
102332
102422
102508
102589
102666
102737
102803
102863
102917
102965
103008
103045
103076
103100
103119
103132
103139
103139
103134
103123
103106
103083
103053
103018
102978
102931
102879
102821
102758
102689
102614
102533
102447
102355
102257
102153
102043
101926
101803
101674
101537
101391
101240
101080
100910
100733
100547
100349
100136
99907.1
99664.3
99406.4
99133
98846
98548.6
98244.1
97934.5
97621.8
97308.9
96994.1
96673.2
96345.4
96019.4
95701.1
95392.8
95095.5
94809.8
94540
94284.3
94041.2
93811.4
93597.1
93404.2
93227.4
93070.2
92930.8
92806
92696.4
92603.3
92531.7
92475.8
92436.3
92406
92391.9
92398.2
92414.6
92440
92474.1
92519
92562.9
92612.5
92674.6
92732.8
92784.4
92842.7
92895.4
92953.8
93025.8
93090.5
93151.2
93223.6
93295.4
93350.1
93399
93447.9
93490.9
93521.2
93541.9
93549.2
93534.2
93514
93489.8
93459.7
93420.8
93379.3
93341
93302.9
93262.3
93206.2
93136.2
93045.7
92932.9
92798.4
92639.8
92477.7
92262.4
92016.4
91738.8
91429.3
91092.5
90732.3
90346.4
89946.7
89533.1
89107.2
88686.3
88261.7
87841.6
87448.1
87064.4
86696.5
86374.8
86089.3
85806.1
85574.7
85387.2
85266
85249.6
85320
85423.4
85615.7
85911.9
86283.8
86694.7
87114.8
87523.6
87889.1
88242.8
88666.7
89091
89394
89745
90107.1
90432.4
90803.1
91199.9
91560.8
100535
100528
100655
100885
101115
101288
101435
101570
101699
101822
101940
102052
102159
102261
102358
102450
102537
102618
102695
102765
102830
102888
102941
102988
103029
103063
103092
103114
103131
103141
103146
103144
103137
103123
103104
103078
103047
103012
102970
102924
102872
102814
102751
102682
102608
102530
102446
102356
102261
102161
102054
101941
101822
101697
101563
101423
101276
101119
100955
100783
100600
100401
100189
99961.3
99719.4
99462.1
99190.4
98906.9
98614.6
98317.1
98015.8
97712.5
97406.2
97095.6
96780.1
96463.7
96155.2
95854.1
95562.2
95282
95017.6
94767.6
94530.5
94306.5
94096.7
93906.1
93732.5
93577.7
93443.7
93326
93220.5
93130.4
93060.9
93006.9
92968.8
92940.8
92929.9
92938.5
92958.2
92986.8
93026.6
93076.6
93123.4
93179.2
93245.1
93308.3
93364.9
93421.4
93476.1
93543.6
93616.4
93682.4
93751.8
93829.9
93907.7
93967.9
94017
94061.8
94115.2
94147.3
94166.4
94171.4
94156.3
94135.1
94106.6
94073.4
94027.5
93977.6
93928.8
93879.5
93827.4
93758.9
93677.2
93572.4
93446.2
93295.2
93128.3
92950.9
92726
92471.4
92185.2
91872
91532.8
91169.7
90789.2
90397.8
89989.9
89575.6
89166.5
88752.6
88348.5
87969.2
87593.3
87235.5
86930.9
86645.4
86363.4
86143.7
85955.1
85843.5
85839.4
85915.5
86028.5
86221.6
86533.1
86918.4
87337.8
87758.4
88156.8
88518.6
88905.6
89335.2
89739
90061.4
90445.7
90803.7
91150.3
91557
91953.7
92319.9
100026
100155
100436
100727
100961
101140
101300
101451
101591
101723
101849
101969
102084
102192
102295
102392
102484
102571
102652
102727
102795
102858
102914
102965
103009
103047
103079
103105
103125
103139
103147
103148
103144
103134
103118
103096
103070
103039
103002
102960
102913
102860
102803
102740
102673
102602
102525
102443
102356
102264
102168
102064
101956
101841
101718
101589
101454
101310
101157
100997
100828
100645
100447
100234
100007
99765.5
99509.2
99240.7
98961.9
98675.5
98386
98093.8
97797.5
97495.7
97189.6
96882.4
96583.3
96291.4
96005.8
95732
95472.3
95228.5
94997.8
94780.9
94577.4
94390.9
94221.3
94068.5
93937.6
93825.5
93725.5
93639.1
93572.4
93520.2
93483.7
93459.9
93454.1
93465.6
93489
93521.6
93567.8
93622.7
93673.3
93735
93802.2
93868.2
93934.5
93992.3
94053.3
94128.9
94201.8
94272
94352.6
94437.8
94520.3
94586.2
94639.1
94689.9
94745.7
94779.6
94797
94800.2
94788.4
94766.7
94736.4
94700.9
94650
94593.2
94534
94475.1
94410.9
94333.1
94239.3
94122.6
93982.3
93817.4
93635.1
93429.6
93216.1
92953.3
92661.6
92345.2
92002
91639.3
91264.8
90877.5
90473.9
90070.7
89670.4
89269.1
88883.9
88518.1
88151.8
87812
87517
87235.5
86960.1
86744.7
86566.4
86471.7
86479.1
86556.6
86673.4
86865.2
87193.9
87597
88028.3
88448.9
88842.7
89213.1
89630
90057.2
90447.4
90798.8
91206.2
91554.3
91944.7
92374.4
92760.7
93148.8
99726
100038
100323
100597
100825
101009
101180
101341
101489
101630
101764
101891
102012
102126
102234
102337
102433
102524
102609
102688
102760
102826
102886
102940
102988
103029
103064
103093
103116
103133
103143
103147
103146
103139
103127
103110
103087
103060
103027
102989
102946
102899
102846
102790
102729
102663
102593
102519
102440
102356
102268
102174
102075
101969
101858
101739
101615
101483
101342
101194
101037
100868
100684
100485
100272
100046
99804.3
99550.1
99285.9
99012.4
98733.4
98451.5
98166.3
97875.2
97578.3
97279.7
96987.4
96704.2
96427.1
96159.8
95905
95667
95442.3
95232.7
95035.6
94855.1
94691.1
94541
94411.2
94303.7
94208.8
94128
94065
94015.3
93982.7
93964.5
93964.1
93979.5
94007.4
94044.6
94097.7
94157.4
94212.7
94280.4
94354.4
94422.4
94495.2
94556.3
94626.1
94707.5
94783.3
94861.8
94954.2
95047.2
95133.3
95204.3
95264
95321.3
95379.3
95415
95432.2
95436.4
95429.1
95409.7
95380.5
95342.4
95287.8
95226.1
95158.5
95090.3
95014.8
94928.7
94823.1
94695.5
94541.9
94367
94171.2
93949.1
93735
93464.8
93168.5
92847.3
92502.3
92143.6
91774.1
91389
90992
90601
90210.9
89824.8
89460.2
89105.9
88751.9
88431.3
88140.6
87861.8
87596.1
87385.9
87226.6
87140.3
87158.7
87237.9
87351.2
87546.2
87896.5
88323
88766.3
89187.7
89579.3
89970
90400.3
90810.3
91191.9
91602.1
92020.7
92366.8
92816.6
93245.9
93628.2
94069.7
99789.2
99944.4
100237
100498
100715
100899
101080
101248
101402
101549
101689
101822
101947
102066
102179
102285
102386
102480
102569
102651
102726
102795
102858
102915
102966
103010
103047
103079
103104
103123
103136
103143
103145
103141
103132
103118
103099
103075
103045
103011
102972
102929
102881
102830
102774
102715
102651
102583
102511
102435
102354
102268
102177
102081
101979
101871
101756
101635
101505
101367
101222
101065
100894
100708
100509
100296
100069
99828.3
99576.7
99316.8
99049.5
98777.2
98501.4
98220.4
97933.7
97645.1
97359.7
97084.4
96815.7
96555
96304.9
96071.4
95852.1
95648.5
95457.1
95283
95126.3
94980.4
94853.8
94750.1
94660.8
94585.4
94526.6
94481.6
94454.3
94441.9
94447.6
94468.3
94500.7
94543.3
94603.7
94668.2
94729.3
94802.1
94879.3
94958.8
95035.3
95101.6
95181.5
95266.6
95348.5
95438.7
95542.5
95642.8
95733.6
95810.4
95878.5
95943.1
96000.9
96038.8
96057.5
96066.9
96066.2
96051.3
96026.5
95985.8
95929.2
95863.2
95788.7
95713.8
95630.4
95537.5
95420.4
95282
95117
94933.7
94726.1
94497.3
94261.1
93999
93696.7
93370.7
93028.6
92674
92307.1
91925.5
91538.7
91160.3
90783.2
90415.6
90070
89727
89387.1
89084.9
88794.6
88516.1
88263.2
88066
87918.7
87832.4
87864.5
87944
88049.3
88259.6
88638.4
89091.3
89545.2
89969.1
90364
90774.1
91204.5
91607.5
91997.6
92466.4
92881.6
93258.3
93752.2
94170.1
94589.2
95084.8
99900.5
99858.3
100096
100362
100598
100797
100983
101156
101318
101471
101616
101753
101884
102008
102124
102234
102338
102436
102528
102614
102692
102764
102830
102890
102943
102989
103029
103063
103091
103112
103128
103137
103142
103141
103135
103123
103107
103085
103059
103029
102994
102955
102912
102865
102814
102760
102702
102640
102575
102506
102433
102355
102272
102185
102092
101993
101888
101777
101657
101529
101394
101250
101092
100919
100733
100533
100319
100092
99853.2
99605.3
99350.5
99089.3
98822.8
98551.4
98274.6
97995.6
97719.3
97451.8
97191.8
96938.3
96693.6
96464.4
96250.1
96052.3
95865.7
95697.7
95548.2
95408.4
95286.6
95186.8
95101.6
95030.6
94977.4
94938.8
94917.8
94911.8
94924.2
94950.3
94987.2
95036
95103.9
95173.3
95240.7
95318.4
95400
95491
95572.5
95646.1
95735.2
95825.3
95915.9
96019.9
96134.5
96241.9
96338.1
96421.8
96498.4
96567.7
96627.6
96667.5
96691.1
96707.3
96714.8
96707.9
96686.7
96645.4
96588.3
96518.1
96440.3
96358.9
96270
96168.9
96041.8
95893.6
95718.8
95526.7
95308.9
95072.3
94811.2
94552.9
94251.1
93925.1
93588.2
93236
92869
92493.8
92121.6
91757.7
91396.1
91049.7
90721.8
90389.8
90064.7
89776.2
89484.1
89201
88967
88789.4
88651
88557.6
88601.5
88675
88772.3
89014.5
89428
89906.2
90369.8
90795.3
91203.2
91626.2
92054.1
92472.1
92906.5
93394
93788.3
94240.1
94736.7
95168
95631
96171.4
99778.1
99863.9
100010
100233
100466
100677
100868
101054
101226
101385
101535
101678
101814
101943
102064
102177
102286
102388
102483
102571
102653
102728
102797
102859
102915
102964
103006
103043
103073
103097
103115
103128
103135
103137
103134
103125
103112
103094
103071
103044
103014
102979
102940
102899
102853
102805
102753
102698
102640
102578
102513
102443
102369
102291
102207
102118
102023
101923
101814
101697
101573
101441
101297
101137
100965
100778
100578
100366
100141
99905.7
99663
99413.9
99158.5
98897.5
98631.2
98361.4
98095.6
97836
97585.3
97339.9
97103.1
96879.9
96670.6
96479.2
96297.5
96134.5
95991.4
95858.4
95742.3
95646.3
95563.5
95498.7
95453
95421.6
95407.5
95408.1
95426.9
95458.6
95500.3
95556
95631.7
95706.3
95780.3
95865.2
95958.1
96054.9
96140.4
96222.9
96321
96418.1
96520.5
96639.1
96764.2
96879.6
96982.2
97074.2
97157.9
97232.5
97291.4
97337.7
97367.7
97393.1
97410.3
97413.6
97395.8
97354.7
97298.1
97224.3
97144.9
97059
96965.4
96853.5
96717.3
96559
96376.9
96176.6
95951.4
95706.9
95434.3
95145.9
94857.8
94535.8
94201.3
93848.2
93483.6
93119.6
92765.4
92418.1
92074.2
91749.3
91436.9
91115
90804.8
90524.3
90230.2
89936.2
89693.5
89573.1
89448.8
89346.7
89389.1
89445.8
89541.1
89833.8
90289.4
90788.6
91259.4
91686.9
92113.5
92550.9
92984.7
93426.1
93912.6
94380.7
94761
95311.6
95770.4
96230.2
96727.2
97353
99518.8
99721.1
99915.5
100146
100356
100551
100753
100952
101129
101291
101447
101596
101737
101870
101995
102113
102225
102331
102430
102521
102607
102685
102757
102822
102881
102933
102978
103017
103050
103077
103098
103114
103124
103129
103128
103123
103113
103098
103080
103057
103030
103000
102967
102930
102891
102848
102803
102755
102704
102650
102593
102532
102467
102398
102325
102247
102162
102072
101976
101871
101758
101638
101508
101363
101204
101032
100846
100648
100438
100217
99987.6
99751
99507.9
99257.7
99002.4
98742.6
98487.3
98236.5
97994.9
97759.8
97533
97317.7
97114.4
96929.2
96753.6
96595.5
96457.2
96330.9
96222.3
96130.6
96052.8
95997
95957.7
95932.4
95924.3
95931.9
95957.1
95994.4
96041.6
96105.5
96188.9
96268.6
96349.7
96442.7
96546.7
96651
96742.2
96835.7
96942.4
97048.6
97165.4
97299.8
97435.6
97559.3
97670.3
97771.8
97863.1
97942
98003.7
98055.5
98094
98130.3
98160
98173.4
98159.2
98120.7
98063.9
97989.9
97910.2
97819.1
97720.5
97598.2
97453.4
97286.2
97097.9
96889.5
96659.9
96408.4
96127.9
95831.3
95522.2
95207.8
94874
94521.3
94163.2
93814.5
93478.3
93148.1
92823.3
92518.1
92217.4
91903.5
91608.2
91333
91037.1
90702.1
90492.1
90427.5
90319.2
90218.9
90231.5
90260.7
90378.9
90732.8
91231.9
91746.5
92218.5
92658.5
93102.6
93556.2
94009.7
94483.9
94992.4
95404.9
95842.9
96451
96848.2
97342.8
97922.4
98655.3
99285.9
99529.6
99733.2
99964.6
100202
100422
100633
100835
101017
101186
101348
101502
101648
101786
101916
102040
102157
102266
102369
102464
102553
102636
102711
102779
102841
102896
102944
102986
103022
103052
103076
103095
103108
103116
103118
103116
103110
103099
103084
103066
103044
103018
102990
102959
102926
102890
102851
102810
102767
102721
102673
102621
102566
102508
102444
102377
102305
102226
102142
102049
101948
101840
101724
101595
101451
101294
101124
100941
100746
100539
100323
100100
99870.9
99633.4
99389.9
99141.6
98895
98653.1
98420.6
98196.5
97980.7
97775.2
97580.5
97401.9
97234.5
97082.2
96947.4
96828.9
96728.8
96643.4
96573.7
96525.9
96491
96470.9
96470.3
96485.7
96516.4
96559.4
96613.3
96686.2
96776.8
96862.2
96951.1
97053.6
97169.4
97281.3
97380
97486.1
97603.3
97721.6
97854.3
98005.1
98152.1
98285.2
98406.5
98519.1
98617.8
98705.2
98770.4
98828.7
98877.5
98926.6
98970.8
98993.5
98983.1
98948.6
98892.3
98821.3
98741.7
98649.3
98542.1
98409.9
98256.7
98081.6
97887.3
97673.5
97439.3
97179.9
96895.6
96596
96280.2
95951.2
95614.1
95268.9
94919.1
94585.3
94267.5
93955
93646.6
93357.5
93061.3
92752.6
92459.2
92193.7
91903.9
91553.9
91405.3
91361.6
91270.1
91172.1
91154.9
91142.3
91314.7
91729.2
92262.7
92785.6
93261.7
93714.5
94177.4
94647.6
95123
95629.4
96095.7
96519
97052.5
97612.8
98013.4
98548
99243.4
100039
99025.6
99266.9
99527.7
99797.4
100068
100312
100522
100715
100899
101073
101240
101400
101552
101695
101831
101959
102081
102194
102300
102399
102491
102577
102656
102728
102792
102850
102902
102947
102987
103020
103047
103069
103085
103096
103102
103104
103101
103094
103084
103070
103053
103033
103010
102985
102957
102928
102897
102864
102829
102791
102752
102711
102666
102618
102565
102510
102449
102383
102311
102231
102144
102048
101946
101833
101706
101564
101410
101243
101064
100873
100671
100462
100246
100024
99794.4
99559.5
99323.3
99089.8
98865.8
98650.9
98445.8
98250.4
98065.9
97895.5
97737.9
97592.9
97463.4
97354
97261.9
97184.5
97124.2
97083.1
97052.6
97040.7
97048.6
97069.5
97104.9
97154.9
97217
97299.6
97397
97488.6
97585.5
97698.2
97827.9
97948.1
98056.8
98176.6
98306
98438.5
98590.5
98759
98918.1
99061.9
99195.8
99320.7
99429.1
99521.6
99599.5
99666.4
99727.1
99791
99848.9
99879.4
99876.1
99845.7
99792.7
99728.9
99648.6
99553.1
99437.6
99297.5
99136.2
98955.2
98755.5
98538.4
98298.3
98030.6
97743.9
97437.3
97111.3
96774.1
96429.2
96085.9
95757.8
95439.5
95127
94820.2
94534.9
94252.2
93952.3
93662.1
93413
93153.9
92855.9
92544.3
92419
92370.9
92288.6
92216.7
92165.2
92143.7
92372.9
92834.3
93387.1
93911
94391.7
94857.5
95337.9
95829.6
96329.3
96850.9
97261.9
97728.1
98361
98782.8
99265.5
99860.4
100636
101382
98991
99255.2
99456.7
99703
99955
100176
100383
100583
100772
100951
101122
101285
101442
101591
101733
101866
101991
102108
102219
102323
102419
102509
102591
102666
102735
102796
102851
102900
102943
102980
103010
103035
103055
103069
103079
103085
103086
103083
103077
103068
103056
103041
103024
103005
102985
102963
102939
102914
102887
102859
102830
102798
102764
102727
102687
102643
102595
102542
102482
102417
102344
102262
102173
102075
101966
101842
101704
101553
101390
101216
101030
100836
100634
100427
100214
99993.9
99771.7
99549.3
99334.9
99128.2
98932.2
98746.8
98571.8
98410.5
98263.7
98128
98007.5
97907
97822.1
97753.5
97702.5
97667.4
97643.8
97641.1
97654.6
97680
97722.6
97782.2
97854.4
97947.3
98050.9
98147.6
98255.1
98384.2
98527.8
98654.9
98774.1
98909.5
99054.5
99204.1
99377.7
99565.5
99737.8
99895.1
100044
100183
100304
100401
100499
100577
100653
100734
100803
100840
100845
100820
100775
100717
100638
100543
100416
100271
100102
99917.5
99715.1
99493.9
99245.7
98973.8
98683.1
98363.2
98023.5
97680.2
97341.2
97008.5
96689
96386.7
96090.6
95798.7
95523.4
95252.9
94970.3
94706.5
94472
94214.1
93915.5
93656.1
93542
93496.6
93421.5
93362.1
93286
93286.6
93558.4
94051.8
94612
95133.3
95608.6
96087.2
96584.4
97088.7
97613.5
98109.5
98530.5
99024.4
99723.4
100032
100602
101270
102025
102734
98841
99115
99360.7
99596.1
99826.1
100043
100255
100457
100650
100833
101009
101178
101339
101493
101637
101774
101904
102026
102141
102248
102348
102441
102526
102605
102677
102741
102800
102851
102897
102936
102969
102997
103020
103038
103051
103060
103065
103067
103064
103060
103052
103043
103032
103018
103004
102988
102972
102954
102936
102917
102896
102874
102850
102823
102794
102762
102726
102685
102638
102586
102527
102459
102382
102298
102204
102098
101976
101841
101694
101535
101366
101188
101000
100808
100609
100404
100197
99988.1
99784.7
99587.4
99400.4
99224.8
99058.3
98906.9
98770.6
98645.1
98534.9
98442.3
98364.5
98304.9
98261.7
98233.6
98219.5
98224.6
98243.6
98278.5
98333.1
98404.1
98487.1
98589.3
98698
98803.5
98926
99071.7
99227.2
99363.5
99497.4
99650.1
99813
99984
100182
100391
100578
100752
100920
101076
101214
101332
101443
101538
101633
101729
101808
101855
101869
101854
101823
101773
101700
101602
101475
101327
101152
100968
100765
100539
100285
100013
99712.4
99376
99029.3
98688.6
98360.8
98041.8
97732.5
97444.4
97163.8
96887.9
96631.8
96379.7
96124.2
95886.4
95661.8
95400.9
95109.1
94908
94808.2
94752.3
94688.9
94635.3
94568
94603.7
94902.9
95426.9
95994.5
96508.1
96967.8
97458.1
97965.8
98478.6
99005.9
99434.4
99899.3
100520
101090
101473
102128
102877
103613
104362
98711.8
98981.4
99233.6
99471.2
99700.5
99922.9
100136
100340
100536
100724
100905
101077
101241
101397
101545
101686
101819
101945
102062
102173
102276
102372
102460
102542
102616
102684
102745
102799
102847
102889
102926
102957
102983
103004
103020
103033
103041
103046
103048
103047
103044
103040
103033
103026
103017
103008
102998
102988
102977
102966
102954
102941
102926
102910
102892
102871
102846
102817
102783
102743
102696
102641
102578
102507
102427
102336
102231
102113
101980
101836
101682
101520
101347
101169
100985
100796
100604
100410
100219
100032
99855.1
99688.4
99530.6
99388.3
99260.7
99145.3
99045.3
98960.4
98890.6
98839.6
98804.2
98785.6
98782.3
98796.2
98825.2
98873.9
98941.2
99022.2
99114.4
99225.1
99341.1
99458.6
99597.7
99760.8
99927
100076
100230
100402
100584
100779
101004
101236
101441
101635
101825
102001
102164
102305
102434
102549
102666
102777
102867
102930
102961
102962
102946
102908
102843
102745
102619
102469
102297
102118
101910
101684
101434
101153
100833
100489
100142
99810.6
99501.3
99198.6
98897.2
98619.7
98355.6
98099
97871.6
97652
97426.9
97214.5
96991.8
96715.8
96461.9
96310.6
96221.7
96145.9
96092.3
96054.5
96002.6
96075.1
96414.9
96974.5
97547.5
98047.6
98483.1
98981.6
99479.6
100014
100546
100995
101485
102138
102559
103152
103890
104689
105469
106303
98569.9
98832.6
99087.8
99329.5
99558.8
99781.4
99998.2
100207
100406
100598
100781
100956
101123
101283
101435
101580
101717
101846
101968
102082
102189
102289
102381
102466
102543
102614
102678
102736
102788
102833
102873
102907
102936
102960
102980
102996
103008
103017
103023
103027
103029
103030
103029
103028
103025
103023
103021
103018
103016
103013
103011
103008
103004
102998
102991
102982
102970
102954
102933
102906
102872
102832
102784
102726
102659
102584
102497
102396
102282
102154
102015
101868
101712
101549
101381
101207
101032
100855
100678
100505
100340
100183
100036
99901.6
99781.5
99675.9
99585.6
99508.8
99448.7
99406.3
99380.7
99373.2
99381
99406.3
99448.1
99508.3
99584.8
99674
99776.2
99897.3
100023
100155
100314
100497
100675
100835
101009
101202
101408
101632
101886
102144
102369
102588
102802
103003
103193
103359
103512
103651
103792
103919
104025
104107
104158
104180
104184
104156
104101
104005
103884
103731
103568
103388
103180
102958
102707
102410
102076
101735
101390
101060
100770
100484
100186
99910.8
99664.5
99437.7
99244.8
99062.7
98868.5
98670.6
98447
98160.5
97951.1
97829.9
97746.8
97652.5
97598.9
97579.5
97540.2
97654.2
98067.9
98661
99223.4
99701.2
100104
100601
101087
101602
102126
102648
103243
103813
104219
104964
105800
106646
107458
108284
98413.6
98671.7
98923
99165
99397
99622.5
99841.3
100052
100254
100448
100635
100815
100987
101151
101308
101457
101598
101731
101857
101976
102087
102190
102286
102374
102455
102530
102598
102659
102714
102762
102805
102843
102875
102904
102927
102947
102964
102978
102989
102998
103005
103012
103017
103022
103027
103032
103038
103044
103050
103057
103065
103072
103080
103086
103092
103095
103096
103094
103087
103075
103056
103031
102998
102955
102904
102843
102773
102691
102596
102487
102366
102234
102094
101947
101795
101637
101479
101319
101158
101002
100851
100707
100574
100449
100339
100244
100163
100096
100046
100013
99997.7
100000
100018
100054
100106
100176
100261
100361
100476
100609
100745
100898
101080
101282
101470
101644
101843
102062
102295
102550
102839
103125
103372
103618
103861
104090
104307
104507
104690
104861
105027
105175
105303
105408
105480
105528
105549
105535
105491
105397
105278
105136
104979
104799
104601
104371
104109
103805
103469
103134
102801
102470
102188
101922
101634
101360
101127
100932
100771
100618
100454
100268
100033
99771.8
99590.4
99469.2
99386.9
99282.8
99219
99195.1
99181
99378.2
99881
100497
101026
101466
101855
102322
102811
103291
103780
104342
105007
105540
106098
106899
107792
108666
109453
110200
98235.8
98489.7
98737.5
98979.4
99213.6
99440.1
99660
99873.2
100079
100277
100468
100652
100828
100996
101157
101310
101456
101594
101724
101846
101961
102069
102169
102261
102347
102426
102497
102562
102621
102674
102721
102763
102800
102833
102861
102885
102907
102925
102942
102956
102970
102982
102994
103006
103019
103032
103046
103062
103078
103096
103114
103133
103153
103172
103191
103209
103224
103236
103244
103248
103245
103235
103218
103193
103158
103113
103059
102995
102919
102831
102730
102617
102494
102364
102227
102086
101944
101800
101657
101518
101381
101254
101135
101024
100927
100843
100773
100718
100679
100655
100650
100661
100689
100736
100798
100878
100975
101087
101216
101361
101515
101694
101899
102113
102312
102512
102739
102986
103249
103536
103872
104189
104457
104737
105015
105276
105525
105765
105985
106193
106390
106566
106724
106858
106959
107031
107068
107066
107028
106944
106831
106703
106550
106382
106180
105935
105666
105358
105027
104705
104396
104083
103799
103551
103282
103015
102789
102611
102469
102340
102203
102025
101782
101556
101393
101249
101159
101058
100975
100913
100977
101304
101882
102488
102959
103357
103723
104161
104650
105167
105721
106317
106913
107344
108084
108935
109791
110638
111369
112038
98033.5
98283.4
98528.1
98768.7
99003.5
99231.5
99453.1
99668.3
99876.8
100079
100273
100460
100640
100813
100979
101136
101286
101429
101564
101691
101811
101924
102028
102126
102216
102299
102376
102445
102508
102566
102617
102664
102705
102742
102775
102805
102831
102855
102878
102898
102918
102938
102958
102978
102999
103021
103045
103070
103097
103126
103157
103189
103221
103255
103288
103320
103351
103378
103403
103423
103437
103445
103445
103437
103420
103393
103355
103308
103250
103181
103102
103011
102909
102798
102679
102556
102429
102301
102175
102052
101932
101821
101716
101621
101537
101466
101410
101366
101338
101327
101332
101353
101393
101450
101524
101617
101727
101853
101998
102162
102339
102543
102769
102995
103210
103436
103692
103970
104272
104601
104989
105338
105634
105960
106275
106576
106870
107149
107414
107663
107897
108110
108300
108464
108594
108695
108748
108761
108736
108666
108574
108455
108320
108146
107926
107677
107401
107098
106779
106479
106203
105923
105642
105400
105152
104895
104676
104505
104373
104255
104114
103927
103711
103527
103364
103197
103095
103008
102904
102843
103027
103467
104073
104617
105003
105320
105691
106111
106591
107128
107719
108313
108805
109342
110149
110991
111781
112556
113224
113858
97803.4
98049.8
98292.2
98530.9
98764.9
98993.4
99216
99432.8
99643.7
99848.4
100046
100238
100422
100599
100769
100931
101087
101234
101374
101507
101632
101749
101859
101961
102056
102145
102226
102300
102369
102431
102488
102539
102586
102628
102667
102702
102735
102765
102794
102822
102849
102877
102905
102933
102964
102996
103030
103066
103105
103146
103189
103235
103281
103329
103378
103426
103473
103518
103560
103597
103630
103655
103675
103685
103686
103677
103658
103629
103589
103539
103479
103408
103328
103237
103140
103036
102928
102819
102711
102604
102501
102404
102315
102235
102166
102109
102066
102035
102020
102021
102038
102072
102125
102194
102283
102389
102514
102657
102823
103009
103211
103439
103685
103928
104165
104412
104699
105034
105384
105758
106197
106569
106922
107294
107652
108002
108348
108675
108994
109297
109577
109834
110059
110250
110410
110542
110615
110654
110653
110602
110526
110426
110285
110089
109873
109621
109344
109064
108779
108508
108264
108018
107751
107501
107271
107023
106808
106641
106496
106348
106188
106019
105841
105682
105517
105349
105240
105168
105041
105047
105357
105857
106423
106857
107155
107444
107773
108175
108651
109126
109590
110120
110657
111401
112232
113034
113792
114489
115082
115678
97541.5
97784.3
98023.6
98260.2
98493.1
98721.4
98944.8
99163
99375.9
99583.1
99784.3
99979.3
100168
100349
100523
100691
100851
101003
101148
101286
101416
101539
101655
101763
101864
101957
102044
102125
102199
102267
102330
102387
102440
102488
102533
102575
102614
102652
102688
102723
102758
102794
102831
102869
102909
102952
102997
103045
103096
103151
103208
103267
103329
103393
103458
103523
103587
103650
103710
103767
103818
103863
103902
103931
103952
103962
103963
103952
103931
103900
103856
103805
103744
103674
103598
103514
103428
103338
103248
103159
103074
102994
102921
102858
102804
102761
102731
102715
102715
102730
102761
102809
102875
102961
103065
103184
103329
103495
103684
103894
104123
104377
104643
104906
105170
105446
105794
106185
106575
107008
107494
107905
108321
108746
109158
109567
109971
110361
110740
111103
111440
111749
112022
112258
112455
112609
112715
112778
112796
112767
112709
112595
112439
112257
112049
111800
111553
111310
111081
110854
110638
110417
110165
109906
109679
109450
109225
109034
108847
108669
108512
108348
108182
108041
107885
107730
107617
107542
107405
107538
107938
108428
108886
109171
109371
109637
109942
110320
110793
111228
111677
112161
112703
113447
114290
115053
115772
116386
116937
117448
97245
97483.5
97719.6
97954
98185.4
98413.2
98636.9
98856.1
99070.4
99279.6
99483.4
99681.4
99873.3
100059
100238
100410
100575
100733
100883
101027
101163
101292
101413
101527
101634
101734
101827
101914
101995
102069
102138
102202
102261
102317
102369
102417
102464
102509
102553
102597
102641
102686
102733
102781
102832
102886
102944
103005
103070
103138
103210
103285
103363
103443
103525
103608
103690
103772
103851
103927
103998
104063
104121
104170
104211
104241
104262
104270
104268
104255
104231
104198
104154
104103
104045
103980
103913
103841
103769
103699
103632
103569
103514
103467
103429
103404
103390
103389
103406
103438
103484
103550
103632
103737
103858
104010
104174
104362
104576
104810
105065
105342
105630
105921
106215
106545
106964
107396
107841
108361
108878
109348
109835
110323
110801
111276
111747
112211
112659
113087
113485
113850
114178
114463
114702
114888
115024
115110
115144
115135
115074
114974
114850
114686
114490
114286
114095
113901
113743
113571
113379
113178
112938
112670
112424
112196
111958
111724
111493
111286
111097
110900
110739
110618
110471
110335
110225
110104
110013
110285
110719
111127
111426
111536
111633
111859
112192
112492
112919
113335
113777
114241
114730
115456
116276
116986
117663
118220
118720
119121
96911.3
97145.5
97378.2
97609.8
97839.4
98066.2
98289.7
98509.4
98724.9
98935.8
99141.7
99342.4
99537.5
99726.8
99910
100087
100257
100420
100577
100726
100868
101003
101130
101251
101365
101471
101572
101665
101753
101835
101911
101982
102049
102112
102172
102229
102284
102337
102390
102443
102497
102552
102609
102669
102731
102798
102868
102942
103021
103104
103191
103282
103377
103474
103574
103675
103777
103877
103976
104072
104162
104247
104325
104395
104456
104506
104546
104574
104591
104596
104591
104575
104549
104515
104473
104426
104374
104319
104265
104211
104160
104114
104074
104043
104022
104012
104015
104033
104065
104113
104182
104268
104375
104497
104646
104812
105003
105214
105454
105720
105995
106296
106624
106960
107295
107696
108176
108672
109188
109794
110353
110894
111459
112020
112574
113127
113673
114214
114740
115239
115701
116125
116506
116843
117129
117354
117524
117643
117708
117728
117697
117647
117549
117407
117265
117138
116997
116889
116795
116662
116496
116307
116072
115797
115514
115239
114962
114682
114403
114137
113896
113681
113508
113395
113257
113160
113057
112856
112901
113288
113632
113888
113996
113954
113945
114084
114360
114689
115022
115400
115778
116157
116757
117482
118195
118827
119452
119965
120374
120712
96569.9
96800
97029.2
97257.8
97485
97710.2
97932.7
98152.1
98368.3
98580.5
98788.2
98991.2
99189.3
99382
99568.9
99749.8
99924.4
100093
100254
100409
100557
100697
100831
100958
101079
101192
101299
101400
101494
101583
101667
101746
101820
101891
101959
102024
102087
102149
102211
102274
102337
102402
102469
102540
102614
102692
102775
102863
102955
103052
103155
103261
103372
103485
103602
103720
103839
103958
104075
104188
104298
104401
104498
104586
104665
104734
104791
104837
104872
104894
104905
104905
104895
104875
104849
104816
104779
104739
104698
104658
104621
104589
104563
104546
104539
104543
104561
104595
104641
104710
104796
104895
105020
105167
105327
105516
105731
105968
106239
106525
106834
107174
107581
107968
108365
108835
109380
109948
110546
111227
111842
112467
113116
113753
114396
115037
115668
116287
116892
117470
118004
118495
118939
119333
119671
119949
120170
120338
120453
120515
120535
120529
120481
120416
120366
120310
120246
120224
120161
120061
119925
119736
119505
119232
118920
118584
118238
117894
117551
117230
116960
116721
116535
116416
116291
116241
116100
115897
116149
116496
116650
116714
116635
116467
116376
116378
116600
116957
117199
117503
117811
118215
118821
119483
120116
120678
121234
121689
122003
122297
96269.9
96496.7
96723
96948.9
97173.8
97397.3
97618.9
97838
98054.2
98266.8
98475.7
98680.4
98880.5
99075.7
99265.5
99449.6
99627.9
99800
99965.8
100125
100277
100423
100562
100695
100821
100940
101052
101159
101260
101355
101445
101530
101611
101689
101764
101836
101907
101976
102046
102116
102188
102262
102338
102418
102502
102591
102684
102782
102886
102996
103110
103230
103353
103480
103611
103743
103876
104009
104141
104269
104393
104512
104623
104726
104819
104902
104974
105033
105081
105116
105140
105153
105155
105148
105132
105111
105085
105056
105026
104998
104971
104950
104936
104930
104933
104949
104979
105025
105086
105168
105272
105381
105530
105695
105871
106086
106328
106591
106890
107212
107561
107948
108396
108838
109301
109820
110427
111059
111732
112465
113151
113860
114585
115308
116039
116768
117484
118181
118863
119512
120118
120685
121203
121663
122062
122402
122686
122894
123024
123110
123196
123283
123340
123378
123408
123421
123451
123464
123428
123357
123225
123032
122796
122520
122198
121836
121450
121050
120653
120294
119983
119724
119556
119399
119298
119218
119018
118981
119287
119429
119406
119297
119074
118850
118762
118755
118824
118994
119191
119429
119703
120117
120652
121225
121848
122373
122866
123240
123484
123708
96028.3
96252.2
96476.1
96699.9
96923.1
97145.1
97365.7
97584.3
97800.2
98013.1
98222.7
98428.5
98630
98826.9
99018.8
99205.4
99386.5
99561.6
99730.5
99893.2
100049
100199
100343
100479
100609
100733
100850
100962
101067
101167
101263
101353
101440
101523
101603
101681
101757
101833
101909
101986
102064
102145
102228
102316
102407
102504
102605
102713
102825
102944
103068
103197
103331
103469
103610
103753
103897
104040
104183
104322
104457
104586
104708
104822
104926
105019
105100
105170
105227
105272
105305
105326
105337
105338
105331
105318
105300
105279
105258
105237
105219
105206
105200
105202
105214
105241
105280
105333
105406
105502
105620
105741
105911
106089
106287
106524
106789
107075
107396
107748
108137
108568
109042
109526
110038
110607
111242
111943
112676
113447
114195
114970
115763
116566
117375
118179
118971
119741
120487
121199
121877
122512
123102
123637
124108
124501
124818
125044
125208
125361
125538
125704
125845
125958
126044
126122
126204
126237
126220
126151
126016
125818
125568
125286
124957
124580
124184
123755
123326
122940
122600
122349
122163
121976
121877
121732
121544
121671
121858
121809
121652
121419
121113
120888
120786
120734
120651
120625
120787
120973
121237
121626
122091
122616
123213
123731
124156
124458
124667
124804
95837.1
96058.7
96280.7
96503
96724.7
96945.6
97165.3
97383.2
97598.9
97811.9
98021.9
98228.4
98430.9
98629.1
98822.6
99011
99194.1
99371.5
99543
99708.3
99867.5
100020
100167
100307
100440
100568
100689
100804
100913
101018
101117
101211
101302
101389
101474
101557
101638
101718
101799
101881
101964
102050
102139
102232
102330
102433
102541
102655
102774
102900
103032
103168
103310
103456
103605
103756
103908
104059
104210
104357
104500
104637
104767
104888
104999
105100
105188
105265
105329
105380
105420
105447
105465
105472
105471
105464
105452
105436
105420
105405
105393
105386
105386
105393
105414
105449
105498
105561
105639
105749
105874
106014
106193
106389
106604
106863
107139
107441
107784
108173
108583
109034
109533
110059
110613
111221
111895
112631
113405
114204
115014
115839
116697
117563
118440
119305
120160
120991
121793
122563
123305
124002
124650
125238
125758
126202
126553
126828
127084
127338
127576
127784
127965
128123
128257
128384
128486
128530
128528
128454
128318
128125
127877
127585
127240
126848
126429
125985
125546
125143
124795
124534
124310
124121
123999
123814
123720
123874
123899
123727
123481
123171
122835
122619
122479
122311
122122
121985
122062
122204
122456
122825
123211
123717
124279
124772
125128
125399
125581
125644
95688.7
95908.6
96129.1
96349.9
96570.5
96790.6
97009.6
97227
97442.4
97655.5
97865.8
98072.7
98276
98475.1
98669.7
98859.4
99044
99223.1
99396.5
99564
99725.5
99880.8
100030
100172
100308
100438
100562
100680
100793
100900
101003
101100
101194
101285
101373
101459
101544
101628
101712
101798
101885
101975
102069
102166
102269
102376
102489
102608
102733
102864
103001
103144
103292
103443
103598
103756
103914
104072
104228
104381
104530
104673
104808
104934
105051
105156
105250
105331
105400
105456
105500
105533
105554
105565
105569
105566
105557
105546
105534
105523
105515
105512
105516
105531
105560
105601
105652
105721
105814
105932
106060
106218
106404
106612
106844
107107
107399
107716
108076
108496
108904
109373
109905
110466
111048
111684
112389
113158
113969
114806
115650
116527
117423
118331
119273
120185
121086
121963
122811
123636
124420
125169
125865
126497
127047
127532
127943
128312
128660
128984
129258
129486
129687
129879
130051
130204
130317
130375
130388
130316
130186
130000
129755
129447
129081
128667
128233
127782
127337
126925
126569
126287
126046
125859
125689
125528
125519
125600
125496
125253
124951
124597
124259
124031
123780
123541
123287
123126
123078
123166
123387
123705
124074
124573
125116
125542
125856
126117
126259
126279
95575.6
95794.2
96013.5
96233.2
96453
96672.3
96890.8
97107.9
97323.3
97536.4
97746.7
97954
98157.7
98357.5
98553
98743.8
98929.5
99109.9
99284.7
99453.8
99617
99774
99924.8
100069
100208
100340
100466
100586
100701
100810
100915
101015
101112
101205
101295
101384
101472
101559
101646
101734
101825
101918
102014
102115
102221
102332
102448
102571
102701
102836
102977
103124
103276
103433
103592
103754
103917
104079
104240
104397
104550
104697
104837
104967
105087
105196
105293
105378
105450
105510
105557
105592
105616
105631
105637
105637
105631
105623
105614
105606
105601
105601
105608
105630
105665
105706
105763
105841
105937
106057
106196
106365
106557
106771
107015
107291
107595
107924
108289
108697
109133
109627
110187
110767
111371
112032
112758
113545
114378
115239
116126
117037
117974
118928
119898
120856
121792
122710
123597
124454
125273
126056
126784
127451
128050
128578
129056
129515
129920
130284
130584
130823
131037
131253
131446
131613
131739
131815
131839
131787
131665
131479
131223
130896
130519
130097
129654
129200
128750
128331
127966
127665
127417
127217
127022
126915
126934
126919
126719
126436
126105
125722
125380
125109
124778
124474
124179
123960
123848
123886
124084
124353
124740
125244
125736
126112
126406
126650
126756
126758
95491.3
95708.9
95927.3
96146.2
96365.3
96584.1
96802.2
97019.1
97234.3
97447.3
97657.8
97865.3
98069.4
98269.8
98465.9
98657.4
98844
99025.4
99201.3
99371.6
99536.1
99694.5
99846.8
99992.8
100133
100266
100394
100516
100632
100743
100850
100952
101050
101145
101238
101328
101418
101507
101596
101687
101779
101874
101973
102076
102184
102298
102417
102543
102676
102814
102959
103109
103265
103424
103587
103753
103919
104084
104248
104409
104565
104715
104857
104990
105113
105224
105324
105411
105485
105547
105596
105634
105660
105676
105685
105686
105683
105677
105669
105663
105660
105665
105681
105703
105733
105780
105840
105922
106023
106144
106292
106466
106663
106887
107139
107424
107735
108070
108440
108853
109309
109822
110393
110985
111609
112287
113026
113825
114678
115560
116471
117410
118381
119374
120373
121356
122321
123266
124182
125063
125916
126722
127477
128171
128813
129387
129925
130437
130885
131278
131590
131840
132065
132290
132495
132673
132812
132902
132941
132911
132797
132609
132339
131994
131608
131190
130741
130281
129828
129406
129034
128718
128458
128240
128069
128001
128005
127903
127638
127330
126982
126573
126217
125889
125523
125167
124844
124563
124408
124426
124598
124852
125248
125740
126186
126535
126820
127034
127121
127116
95429.9
95646.9
95864.6
96083
96301.5
96520
96737.8
96954.4
97169.4
97382.4
97593
97800.7
98005.1
98205.8
98402.5
98594.6
98781.9
98964
99140.8
99312
99477.4
99636.9
99790.2
99937.4
100078
100213
100342
100465
100582
100694
100802
100905
101005
101101
101195
101287
101378
101469
101560
101652
101746
101843
101943
102048
102158
102273
102395
102523
102657
102798
102945
103098
103256
103418
103584
103751
103920
104088
104254
104417
104575
104727
104871
105006
105130
105244
105345
105434
105510
105573
105624
105662
105690
105708
105717
105720
105718
105713
105708
105703
105703
105709
105722
105747
105782
105833
105895
105977
106080
106206
106356
106537
106742
106972
107228
107519
107835
108175
108550
108974
109451
109966
110528
111128
111771
112469
113224
114041
114902
115793
116717
117678
118675
119696
120719
121723
122704
123667
124606
125509
126384
127212
127992
128712
129381
129994
130567
131102
131588
132000
132326
132587
132821
133053
133268
133454
133599
133699
133748
133730
133628
133439
133165
132809
132409
131992
131539
131070
130616
130192
129814
129491
129220
129002
128870
128816
128789
128624
128313
127983
127622
127195
126815
126444
126054
125670
125322
124998
124810
124826
124959
125237
125631
126083
126503
126849
127120
127305
127389
127375
95386.6
95603.1
95820.5
96038.6
96256.8
96474.9
96692.4
96908.8
97123.7
97336.6
97547.3
97755.1
97959.7
98160.7
98357.7
98550.3
98738.1
98920.8
99098.2
99270.1
99436.1
99596.3
99750.3
99898.1
100040
100175
100305
100429
100547
100660
100769
100873
100973
101070
101165
101258
101350
101442
101534
101627
101722
101820
101922
102028
102139
102256
102379
102508
102644
102787
102935
103090
103249
103413
103581
103750
103920
104090
104257
104422
104581
104735
104880
105016
105142
105257
105360
105450
105527
105591
105642
105682
105710
105729
105739
105743
105742
105738
105734
105731
105732
105738
105757
105781
105817
105867
105931
106017
106122
106251
106410
106590
106797
107030
107290
107583
107903
108248
108629
109057
109536
110056
110620
111226
111882
112604
113370
114189
115055
115955
116888
117866
118883
119923
120961
121978
122974
123950
124902
125831
126715
127560
128359
129102
129790
130428
131019
131561
132068
132497
132845
133118
133359
133600
133823
134013
134159
134263
134316
134302
134208
134023
133754
133399
132988
132561
132107
131631
131172
130747
130362
130037
129767
129567
129456
129400
129343
129139
128797
128443
128068
127638
127229
126824
126416
126021
125656
125311
125104
125102
125219
125519
125888
126321
126721
127068
127320
127496
127579
127554
95357.3
95573.3
95790.5
96008.4
96226.5
96444.3
96661.6
96877.9
97092.7
97305.7
97516.4
97724.3
97929.1
98130.2
98327.4
98520.2
98708.3
98891.4
99069.3
99241.6
99408.1
99568.8
99723.5
99871.9
100014
100150
100280
100404
100523
100637
100746
100851
100952
101050
101145
101239
101331
101424
101516
101610
101706
101805
101907
102014
102126
102244
102368
102498
102635
102779
102929
103084
103245
103410
103578
103749
103920
104091
104260
104425
104586
104740
104886
105024
105150
105266
105369
105460
105538
105602
105654
105695
105724
105743
105754
105758
105758
105755
105751
105748
105753
105759
105778
105803
105839
105890
105959
106044
106151
106284
106442
106624
106833
107068
107330
107624
107946
108295
108680
109111
109592
110117
110683
111296
111966
112701
113468
114287
115158
116065
117007
117995
119026
120078
121124
122150
123155
124140
125102
126041
126938
127797
128609
129366
130070
130722
131322
131867
132377
132822
133193
133473
133727
133977
134203
134392
134538
134644
134698
134683
134592
134413
134149
133804
133394
132955
132497
132020
131555
131127
130741
130415
130153
129967
129857
129794
129714
129491
129132
128754
128366
127939
127503
127073
126658
126256
125879
125529
125316
125288
125419
125698
126053
126481
126866
127210
127452
127627
127708
127673
95338.6
95554.5
95771.6
95989.3
96207.3
96425
96642.2
96858.4
97073.2
97286.1
97496.8
97704.8
97909.7
98111
98308.4
98501.4
98689.8
98873.1
99051.2
99223.8
99390.6
99551.5
99706.4
99855.1
99997.6
100134
100265
100389
100509
100623
100732
100837
100939
101037
101133
101227
101319
101412
101505
101599
101696
101795
101898
102006
102118
102237
102361
102492
102630
102774
102924
103081
103242
103408
103577
103748
103920
104092
104261
104427
104588
104743
104890
105028
105155
105271
105375
105466
105544
105609
105662
105702
105732
105752
105763
105767
105767
105765
105762
105760
105766
105773
105790
105815
105852
105905
105975
106061
106170
106303
106461
106644
106855
107091
107354
107648
107972
108324
108713
109146
109628
110155
110726
111347
112025
112758
113528
114349
115224
116134
117082
118079
119119
120176
121224
122256
123268
124259
125227
126170
127077
127944
128766
129533
130247
130908
131512
132057
132567
133019
133405
133696
133963
134214
134439
134626
134774
134883
134938
134921
134830
134654
134395
134056
133654
133212
132750
132273
131808
131377
130992
130666
130408
130224
130109
130039
129942
129711
129346
128953
128554
128127
127676
127236
126811
126401
126018
125667
125454
125409
125545
125807
126158
126581
126962
127297
127539
127712
127788
127746
95328
95543.9
95761
95978.7
96196.5
96414.2
96631.3
96847.4
97062.2
97275.2
97485.9
97694
97898.9
98100.3
98297.8
98490.9
98679.4
98862.9
99041.1
99213.9
99380.8
99541.9
99696.9
99845.8
99988.5
100125
100256
100381
100500
100614
100724
100829
100931
101030
101126
101220
101313
101406
101499
101594
101690
101790
101893
102001
102114
102233
102357
102489
102627
102771
102922
103079
103240
103407
103576
103748
103920
104092
104262
104428
104590
104745
104892
105030
105158
105274
105378
105470
105548
105613
105666
105707
105736
105756
105768
105772
105773
105770
105768
105767
105771
105780
105796
105823
105862
105915
105984
106072
106181
106313
106472
106656
106867
107103
107367
107662
107986
108340
108731
109166
109649
110177
110750
111376
112056
112788
113561
114384
115261
116174
117127
118127
119170
120227
121277
122313
123330
124324
125296
126243
127153
128025
128851
129624
130344
131010
131615
132162
132671
133126
133517
133822
134093
134342
134565
134753
134903
135014
135070
135052
134959
134785
134528
134190
133794
133354
132890
132413
131950
131519
131134
130808
130550
130364
130245
130169
130063
129829
129465
129064
128657
128230
127774
127329
126896
126482
126094
125744
125531
125479
125613
125873
126219
126637
127015
127347
127589
127759
127832
127786
95323.8
95539.5
95756.5
95974.1
96191.9
96409.6
96626.6
96842.8
97057.6
97270.5
97481.3
97689.3
97894.3
98095.7
98293.2
98486.4
98674.9
98858.5
99036.8
99209.6
99376.6
99537.7
99692.8
99841.7
99984.5
100121
100252
100377
100497
100611
100721
100826
100928
101026
101122
101217
101310
101403
101496
101591
101688
101788
101891
101999
102112
102231
102356
102487
102625
102770
102921
103078
103240
103406
103576
103747
103920
104092
104262
104428
104590
104745
104893
105031
105159
105275
105379
105471
105549
105615
105668
105708
105738
105758
105770
105774
105775
105773
105770
105770
105773
105782
105799
105826
105864
105917
105987
106075
106184
106317
106476
106660
106871
107108
107372
107667
107991
108347
108739
109175
109657
110186
110760
111387
112068
112800
113575
114399
115276
116190
117145
118148
119190
120247
121298
122336
123355
124352
125326
126273
127186
128059
128886
129661
130383
131051
131656
132205
132713
133168
133560
133873
134144
134392
134614
134803
134954
135066
135122
135103
135010
134837
134581
134244
133848
133410
132945
132468
132007
131575
131190
130864
130605
130419
130298
130219
130109
129874
129511
129109
128699
128271
127814
127366
126932
126516
126126
125775
125563
125509
125641
125899
126246
126662
127038
127369
127611
127780
127851
127803
84856.5
85031.7
85309.1
85694.3
86201.3
86836.1
87579.9
88397.8
89204.5
89921.8
90470.2
90793.3
90858.9
90673.6
90286.9
89790.4
89375.4
89177.4
89286.9
89723.1
90551.3
91799.5
93474.8
95256.6
97219
84888.3
85072.6
85353.9
85738.8
86249
86885.5
87630.4
88448.6
89249.8
89959.4
90498.4
90811.9
90869.2
90678.8
90290.2
89794.9
89382.4
89190.6
89310.1
89755.2
90591.7
91846.3
93522.3
95292.6
97286.7
84935.8
85127.5
85416.3
85807.6
86323.8
86963.1
87708.4
88525.9
89319
90019.5
90549.4
90853.3
90901.4
90703
90310.7
89816.5
89404.7
89211.9
89335.1
89783.8
90622.4
91873.6
93552.1
95314.4
97355.3
85007.3
85208.1
85505.6
85904.4
86427.1
87069.5
87813.6
88628.4
89412.3
90100.4
90619.6
90912.7
90951.8
90744
90346.5
89855.7
89443.3
89248.4
89371.6
89824.7
90667.1
91920.5
93600
95358
97414.5
85103.5
85315.6
85621.4
86028.7
86558.9
87204.5
87945.7
88755.2
89529.5
90202.9
90709.8
90989.8
91019.8
90803.1
90397.5
89909.8
89500.5
89300
89420.1
89877.5
90725.3
91981.3
93658.2
95411.2
97468.6
85224.1
85449.7
85764.3
86182.8
86722
87367.5
88104
88907.1
89668.9
90326
90820.7
91085.8
91104.8
90881.2
90465.4
89976.5
89573.6
89367.9
89481.3
89942.2
90796.2
92054.4
93725.6
95470.2
97520.4
85369.1
85608.6
85931.9
86362.2
86915.5
87559.6
88288.5
89083
89829.7
90468.8
90952
91201.9
91207
90977.4
90551.9
90056.4
89659.3
89451.3
89555.9
90019.2
90878.9
92139.1
93800.8
95533.9
97570.7
85535.3
85789.5
86125.1
86565.4
87131.7
87774.1
88497.2
89281.3
90010.3
90630.8
91102.8
91339.1
91327.5
91090.6
90657.9
90152.4
89756.4
89548.6
89644.3
90108.9
90972.8
92232.4
93883.5
95601.6
97620.3
85721.2
85990.4
86342.3
86793.3
87365.1
88005.6
88726.6
89497.7
90208.4
90811.5
91272.7
91497.9
91468.3
91221.1
90782.9
90266.7
89865.6
89658.3
89746.3
90211.5
91077.8
92336.2
93973.6
95673.3
97669.6
85926.4
86212.3
86581.6
87044.5
87607.3
88249.9
88974.8
89727
90420
91010.9
91462.5
91678.4
91631.5
91369.7
90926.1
90400.1
89987.9
89779.4
89861.4
90327.3
91193.7
92449.4
94070.9
95748.6
97719
86150.4
86459
86843.7
87314.6
87859.5
88507.8
89237.7
89965.8
90642.8
91228.5
91673
91880.4
91818.1
91537.7
91087.6
90552.2
90123.8
89911.4
89988.8
90456.7
91320.3
92571.9
94174.9
95827.7
97768.7
86401.1
86731.2
87124.5
87596.9
88132.6
88787.3
89516.5
90222
90882.4
91466.8
91905.7
92104.1
92028.6
91726.8
91267.8
90722.3
90273.5
90054.1
90128
90598.4
91458.4
92704.9
94283.9
95910.2
97819
86680.4
87023.9
87422.5
87900.7
88453.8
89104.1
89820
90504.3
91147.1
91731.2
92163.2
92351.3
92263.4
91938.1
91467.9
90909.5
90436.8
90207.2
90278.4
90752.4
91607.4
92847.2
94398.6
95996
97869.9
86984.4
87336.8
87745.6
88236
88812.6
89448.6
90147.4
90816.3
91446.6
92027.8
92448.3
92624.7
92522.3
92173.1
91689.8
91113.1
90613.6
90370.9
90439.8
90918.3
91767.1
92997.8
94519.2
96084.8
97921.5
87312.2
87680.2
88101.6
88591.9
89163.2
89804.9
90497.7
91160.9
91786.5
92359.6
92764.4
92926.6
92804.8
92433.5
91934.3
91332.2
90804.3
90545.5
90611.8
91095.9
91937
93156.3
94645.7
96176.3
97973.8
87671.7
88059.6
88479.6
88962.4
89526.2
90184.8
90883.1
91548
92169.9
92727.6
93116.5
93258.2
93111.4
92721.5
92201.1
91566.5
91009.6
90732.3
90794.7
91285.4
92116.8
93321.9
94778.2
96270
98026.9
88069.8
88463.6
88878
89361.6
89951.8
90621.2
91323.7
91986.7
92603.5
93143.8
93511.6
93620.8
93443.9
93038.1
92487.8
91816.4
91230.8
90932.7
90989.4
91487.4
92306.2
93493.6
94916.1
96365.7
98080.8
88502.4
88890.7
89300.6
89808.2
90431.9
91118.2
91819.6
92478.1
93097.3
93616.4
93951.6
94013.9
93804.6
93384.1
92791.3
92083.4
91469.3
91147.7
91196
91701.4
92504.7
93670.7
95058.2
96462.2
98135.3
88967.9
89345
89769.7
90321.1
90979.6
91675.9
92376.3
93033.1
93657.6
94150.6
94437.3
94445.8
94208.6
93770.1
93121.9
92381.7
91738.5
91392.1
91428.4
91942.8
92727.9
93869.4
95217.3
96570.2
98198.6
89466.7
89842
90306.3
90908.7
91589.2
92289.3
92997.1
93656.4
94275.6
94734.4
94961.7
94916.1
94661.4
94192.3
93483.8
92719.4
92044.6
91671.3
91690.5
92214.2
92976.2
94090.9
95389.2
96688.6
98267.5
90003.4
90398.5
90912
91562.4
92249.2
92953.5
93679.3
94335.7
94925.6
95345.1
95512.8
95414.5
95149.7
94630.8
93868.2
93085.1
92372.5
91971.3
91968.8
92499.6
93234.5
94322.5
95562.6
96812.5
98337.4
90590.1
91020.7
91587.7
92265.5
92967.1
93676.1
94418.5
95061.1
95587.6
95981.5
96113
95968.2
95678.9
95084.4
94279.7
93477.9
92722
92295.2
92269.4
92786.6
93504.1
94561.3
95737.2
96939.9
98407
91240.7
91714.7
92328.4
93010.2
93746.5
94454.4
95199.3
95799.1
96263.9
96650.3
96775.6
96600.2
96243
95553.6
94718.9
93897
93091
92642.4
92592.8
93072
93780.7
94800
95911.5
97066.7
98475.6
91963.1
92481.6
93125.4
93804.7
94579.8
95278.7
96004.7
96597.1
96972.3
97355.9
97491.4
97287.8
96817.7
96040.6
95183.6
94327.7
93480.5
93009.7
92925.5
93365.2
94058
95031.5
96083.2
97190.2
98543.1
92762.2
93318.7
93982
94673.1
95451.9
96150
96834.2
97419.1
97756.1
98095.9
98217.5
97982.1
97386
96548.4
95669.2
94764.8
93881.2
93379.1
93264.5
93669.3
94328.3
95251.3
96252.2
97309.9
98609.8
93642.1
94235.4
94912.8
95628.8
96333.3
97072.9
97737.5
98268.1
98606.4
98862.6
98936.7
98649.9
97950.7
97075.6
96168
95200.8
94300.7
93730.2
93604.8
93974.3
94586.8
95464.6
96418.7
97425.8
98676.2
94611
95234.9
95924
96652.7
97313.7
98032.9
98673.6
99155.9
99491.7
99655.6
99647.9
99293.5
98523.3
97621.3
96665.3
95635.9
94726.9
94054.8
93935.2
94270.4
94839.9
95674.8
96582.4
97538.4
98742.5
95665.5
96299.3
96993.4
97678
98329.4
99021.1
99628.5
100073
100381
100458
100353
99918.1
99099.8
98164.4
97147.3
96062.6
95148.6
94441.8
94251.8
94550.8
95084.1
95876.5
96737.8
97643.7
98806
96796.4
97434.1
98067.7
98728
99385.1
100050
100602
101005
101266
101247
101054
100536
99679.1
98700
97614
96473.3
95520.6
94833.3
94572.7
94818
95319.6
96071.7
96885.7
97743.4
98867.5
98021.9
98675.7
99259.3
99882.7
100503
101126
101607
101963
102163
102048
101759
101162
100271
99235.6
98074.7
96868
95876.1
95189.2
94905.1
95080.7
95554.1
96267.4
97033.1
97841.4
98929.1
99338.6
99902.6
100514
101104
101673
102233
102645
102951
103077
102870
102457
101800
100865
99764.8
98526
97261.3
96230.7
95523.2
95224.3
95341.3
95788.8
96463.3
97178.5
97937.9
98990.8
100623
101173
101824
102392
102884
103360
103731
103974
104016
103718
103183
102447
101461
100284
98963.5
97657.6
96588
95850.1
95518.8
95602.7
96026.1
96656.9
97321.4
98033.1
99052.4
101977
102578
103185
103753
104166
104539
104863
105031
104981
104587
103926
103103
102054
100792
99389.3
98042.1
96936.5
96172.5
95799.4
95867.6
96262.8
96847.1
97461.6
98127.1
99113.6
103493
104045
104612
105161
105538
105796
106035
106121
105961
105463
104676
103764
102628
101280
99803.1
98406.9
97263.3
96479.2
96087.7
96130.8
96494.7
97032.2
97599
98219.9
99174.2
105215
105707
106219
106678
107014
107177
107297
107289
107004
106385
105468
104451
103195
101753
100219
98766.5
97583.5
96775.8
96377.1
96393.5
96723.1
97214.6
97735.7
98311.9
99233.6
107075
107548
107952
108299
108539
108617
108625
108523
108105
107344
106292
105124
103753
102207
100636
99117.6
97897
97062.4
96658
96650
96945
97393.6
97871.5
98403.3
99292.3
108927
109316
109637
109892
110047
110030
109928
109737
109194
108283
107102
105753
104285
102624
101016
99446.2
98192.1
97332
96919.6
96890.9
97153.6
97564.7
98003.1
98491.5
99348.5
110702
110991
111252
111440
111554
111446
111206
110898
110248
109197
107892
106417
104740
102993
101357
99750.1
98467.3
97585.3
97162
97115.6
97349
97727.8
98129.9
98575.8
99401.6
112436
112658
112855
112964
113019
112846
112463
111989
111235
110074
108634
107051
105218
103356
101660
100034
98719.4
97821.3
97385.8
97323.8
97531.7
97882.7
98251
98655.5
99451.2
114197
114363
114469
114484
114430
114180
113685
113034
112145
110897
109326
107625
105690
103719
101942
100292
98950.6
98039.5
97591.6
97515.5
97702.5
98028.9
98365.7
98730.4
99497.1
115955
116038
116060
115978
115803
115449
114857
114053
113007
111657
109969
108141
106127
104064
102203
100525
99162
98239.6
97779.5
97690.7
97861.6
98166.1
98473.6
98800.7
99539.2
117643
117640
117583
117410
117123
116672
115967
115025
113842
112358
110545
108593
106505
104372
102439
100733
99353.6
98421.2
97949.7
97849.8
98009.1
98293.7
98574.5
98866.5
99577.5
119271
119201
119053
118774
118374
117830
117003
115932
114633
113006
111063
108992
106821
104640
102651
100920
99525.9
98584.5
98102.5
97993.4
98144.6
98411.2
98668.7
98928
99612
120832
120700
120453
120056
119552
118905
117956
116762
115360
113607
111533
109347
107094
104872
102838
101084
99679.7
98729.8
98238.3
98122.1
98267.5
98518.3
98756.5
98985
99642.3
122357
122156
121817
121313
120721
119961
118881
117560
116044
114178
111988
109686
107353
105083
103015
101239
99826.2
98868.4
98367.9
98246.5
98387.3
98623.6
98845.6
99042.1
99671.3
123694
123430
123023
122445
121778
120917
119711
118275
116649
114668
112390
109992
107587
105265
103168
101373
99953.8
98988.7
98480.2
98355.8
98491.9
98716.5
98928.1
99092.3
99694.3
124734
124423
123964
123344
122617
121677
120378
118854
117146
115061
112708
110243
107774
105408
103285
101475
100051
99080.2
98565.1
98439.4
98573.2
98787.2
98993.5
99129.4
99709.1
125539
125195
124700
124056
123281
122277
120911
119317
117544
115378
112961
110446
107922
105521
103377
101553
100125
99150.2
98629.2
98502.9
98633.9
98840.1
99044.3
99156.1
99717.8
126150
125786
125275
124620
123803
122745
121330
119679
117854
115633
113155
110605
108041
105609
103452
101615
100183
99203.9
98677.7
98551.7
98678
98879.3
99082.9
99175.2
99721.8
126606
126228
125716
125054
124203
123105
121654
119957
118093
115839
113314
110729
108137
105679
103513
101664
100228
99245.4
98715.6
98586.8
98710.1
98907.9
99111.4
99188.8
99722.6
126943
126560
126049
125376
124500
123375
121897
120167
118274
116004
113450
110828
108215
105738
103562
101703
100263
99277.5
98744
98612.3
98732.8
98927.9
99131.7
99198.8
99721.1
127186
126806
126292
125603
124714
123573
122072
120323
118410
116131
113565
110909
108279
105787
103602
101735
100292
99302.1
98764.9
98630
98747.9
98941.6
99144.6
99207
99718.1
127356
126981
126459
125761
124864
123711
122197
120438
118511
116226
113657
110977
108331
105828
103636
101762
100315
99321.1
98780.1
98642.1
98757.9
98950.9
99153.1
99212.2
99714.3
127472
127100
126570
125868
124967
123805
122285
120522
118585
116296
113726
111032
108373
105863
103664
101785
100333
99335.5
98790.9
98649.9
98764
98956.6
99158.4
99215.3
99710.1
127546
127175
126641
125938
125035
123869
122347
120583
118639
116348
113777
111075
108408
105892
103687
101804
100348
99346.3
98798.3
98654.7
98767.4
98959.7
99160.9
99216.1
99706.2
127588
127219
126685
125982
125079
123912
122391
120626
118679
116386
113814
111109
108436
105916
103707
101820
100360
99354.5
98803.2
98657.3
98768.9
98961
99162.2
99216.3
99702.7
127608
127242
126711
126011
125112
123949
122430
120665
118716
116422
113853
111147
108466
105941
103727
101835
100370
99361.1
98806.6
98658.6
98769.1
98960.9
99162.3
99215.2
99699.7
)
;

boundaryField
{
    inlet
    {
        type            zeroGradient;
    }
    outlet
    {
        type            waveTransmissive;
        phi             phi;
        rho             rho;
        psi             psi;
        gamma           1.3;
        fieldInf        100000;
        lInf            0.3;
        value           nonuniform List<scalar> 
57
(
97974.2
98032.3
98088.4
98154.1
98198.7
98239.7
98278.1
98315.1
98351.2
98386.8
98422
98457.2
98492.6
98528.3
98564.5
98601.5
98639.3
98677.6
98723.8
98776.1
98826.1
98873.5
98920.4
98968.2
99017.8
99069.7
99123.7
99177.4
99230.5
99285.1
99341.1
99398.3
99456.4
99514.8
99573.2
99630.7
99685.9
99738.6
99788.7
99836.4
99881.9
99925.3
99966
100003
100038
100064
100080
100088
100090
100087
100080
100071
100063
100056
100046
100039
100035
)
;
    }
    upperWall
    {
        type            zeroGradient;
    }
    lowerWall
    {
        type            zeroGradient;
    }
    frontAndBack
    {
        type            empty;
    }
}


// ************************************************************************* //
