/*--------------------------------*- C++ -*----------------------------------*\
| =========                 |                                                 |
| \\      /  F ield         | OpenFOAM: The Open Source CFD Toolbox           |
|  \\    /   O peration     | Version:  dev                                   |
|   \\  /    A nd           | Web:      http://www.openfoam.org               |
|    \\/     M anipulation  |                                                 |
\*---------------------------------------------------------------------------*/
FoamFile
{
    version     2.0;
    format      ascii;
    class       volScalarField;
    object      p_0;
    location    "9.128";
}
// * * * * * * * * * * * * * * * * * * * * * * * * * * * * * * * * * * * * * //

dimensions      [1 -1 -2 0 0 0 0];

internalField   nonuniform List<scalar> 
12225
(
92103.4
92144.3
92273.6
92483.8
92752.9
93084.6
93459
93884.5
94337.6
94836.3
95342.6
95904.8
96439.4
97079.4
97656.7
98305.7
99141.2
99640.9
92098
92141.6
92271.5
92481.7
92750.7
93082.2
93456.5
93881.7
94334.7
94832.8
95339.9
95898.3
96439.7
97060.4
97647.4
98289.5
99054
99657.1
92091.1
92136.5
92267.4
92477.1
92745.9
93077
93450.9
93875.4
94328.2
94824.4
95332.4
95884.5
96432.5
97038.3
97631.7
98264.7
98966.3
99556.5
92079.9
92128.1
92260.4
92469.2
92738.1
93068.1
93441.6
93864.6
94317.2
94810.2
95318.4
95863.7
96413.4
97004.7
97598.4
98219.4
98863.5
99451
92063.7
92115.6
92249.3
92457.2
92726.2
93054.5
93427.6
93847.9
94300.2
94788.6
95297.3
95834.9
96383.3
96960.7
97534.2
98136.2
98733.3
99272.3
92042
92098
92232.2
92439.7
92708.5
93035
93407
93826
94275
94759.6
95266.5
95798.1
96340.6
96903.7
97458.4
98013.1
98585.8
99106.3
92013.8
92073.6
92208.3
92415.4
92683.7
93008
93378.6
93792.1
94240.5
94718.7
95223.3
95744.7
96282.1
96825.8
97374.1
97906.8
98453.1
98956.6
91981.5
92045.6
92181.4
92388.2
92655.7
92977.8
93346.6
93756.2
94201.9
94675.1
95174.7
95688.5
96217.7
96749.8
97290.4
97814.8
98333.7
98817.7
91950.2
92015.7
92152.6
92358.8
92625.6
92945.3
93312.3
93718.1
94160.8
94629.3
95123.7
95628.9
96150.2
96671.6
97198.6
97709.6
98203
98669.5
91911.9
91976.4
92114.7
92320.4
92585.8
92902.7
93267.1
93668.8
94106.5
94569.4
95056.2
95552.8
96063.3
96571.5
97082.8
97571.8
98048.1
98498.7
91860.1
91924.9
92064.6
92269.9
92533
92846.6
93207
93603.8
94034.7
94490.6
94966.8
95454.9
95950
96446.1
96936.1
97412.5
97868.1
98299.8
91786.2
91857.5
91998.9
92202.9
92463.3
92772.3
93127.7
93517.7
93940.9
94387.1
94852.2
95327.4
95808.5
96288.1
96760.5
97219.4
97657.6
98074.1
91700.1
91771.4
91912.7
92115.1
92371.5
92675.8
93023.6
93406.6
93819.3
94255
94706.7
95168.2
95633.4
96095.8
96550.4
96991.6
97414.2
97816.4
91595.3
91662.2
91800.9
91999.9
92251.9
92550
92889.4
93262.9
93664.3
94087.1
94524.5
94970.4
95418.7
95863.6
96300.3
96724.2
97131.3
97519.7
91466.3
91523.4
91657.2
91852
92098
92388.7
92718.4
93080.7
93469.3
93877.6
94299.3
94728.4
95159.1
95586.1
96005.2
96412.5
96804.4
97179.6
91282.1
91343.5
91474.7
91664.3
91903.3
92185.2
92504
92853.6
93228
93620.6
94025.4
94436.9
94849.5
95258.7
95660.8
96052
96429.3
96791.6
91057.4
91121.4
91248.7
91431.9
91662.9
91935
92242
92578
92937
93313
93700.4
94094
94488.7
94880.5
95265.8
95641.6
96005
96354.8
90818.3
90875.6
90997.7
91174.7
91397.8
91660.2
91955.7
92278.5
92622.9
92983.3
93354.5
93731.6
94110.3
94486.6
94857.3
95219.4
95570.4
95909.1
90585.3
90644
90763.8
90936.3
91153.2
91407.6
91693.7
92005.7
92338.2
92686
93044.3
93408.6
93774.7
94138.9
94498
94849.3
95190.7
95520.6
90389.2
90450.1
90569
90738.3
90950.4
91198.8
91477.5
91781.2
92104.7
92443.2
92791.9
93146.5
93503
93858
94208.4
94551.6
94885.5
95208.9
90236.7
90294.7
90412.1
90578.8
90787.1
91030.9
91304.4
91601.8
91918.3
92249.5
92590.8
92938.1
93287.6
93635.7
93979.6
94316.8
94645.4
94963.7
90109.4
90172.6
90289.5
90453.8
90659
90899.3
91168.6
91461.2
91772.7
92098.5
92434.2
92776.2
93120.5
93463.4
93802.5
94135.3
94459.8
94774.4
90018.4
90079.6
90195
90357.3
90560.3
90798
91064.4
91353.7
91661.4
91983.3
92315.1
92653
92993.3
93332.6
93668.1
93997.7
94319.2
94631
89948.7
90010.4
90124.1
90284.8
90486.1
90721.9
90986.1
91273.2
91578.1
91897.2
92226.4
92561.4
92898.8
93235.4
93568.4
93895.6
94214.8
94524.6
89905.6
89960.6
90072.2
90231.6
90431.8
90666.1
90928.8
91214.3
91517.5
91834.7
92161.9
92494.9
92830.2
93164.9
93496.1
93821.5
94139.1
94447.5
89872.7
89925
90035.3
90193.6
90393.3
90626.6
90888.3
91172.6
91474.7
91790.6
92116.4
92448.1
92782.1
93115.3
93445.2
93769.4
94086
94393.5
89847.4
89902.2
90010.1
90167.4
90366
90599.5
90860.6
91144.3
91445.6
91760.7
92085.9
92416.5
92749.5
93081.9
93410.9
93734.2
94050.1
94357.2
89835
89886.6
89993.6
90150.5
90349.2
90582.3
90843.1
91126.1
91427.1
91741.7
92065.9
92396.4
92729.1
93060.8
93389.3
93712.3
94027.9
94334.4
89829
89877.7
89983.5
90140.4
90339.5
90572.7
90833.3
91116.2
91416.9
91731.4
92055.3
92385.2
92717.3
93048.9
93377.1
93699.8
94014.9
94320.7
89828.2
89874.4
89979.6
90136.4
90335.4
90568.6
90829.7
91112.8
91413.5
91727.7
92051.3
92380.7
92712.6
93043.9
93372
93694.6
94009.5
94315.2
103513
103510
103505
103496
103484
103470
103452
103431
103406
103379
103347
103312
103274
103231
103184
103133
103077
103016
102951
102881
102806
102725
102638
102546
102447
102342
102230
102111
101984
101850
101709
101558
101400
101233
101056
100870
100673
100466
100248
100019
99777
99524.7
99260.8
98983.4
98692.1
98387.4
98068.5
97734.9
97386.8
97025
96649.3
96260.3
95858.9
95446.2
95023.1
94590.6
94150.1
93704.3
93249.1
92787
92320.4
91851.4
91379.4
90905.3
90431.6
89961.1
89496.6
89041.4
88598.5
88168.4
87750.5
87346.7
86960.8
86596.4
86254.2
85933.4
85635.1
85361.1
85110.6
84880.5
84672
84485.3
84319.4
84172.6
84043.5
83931.4
83835.4
83754.8
83689.5
83638.8
83602.3
83579.2
83568.2
83568.6
83579.4
83599.6
83628.2
83664.5
83708
83759.1
83818.2
83883.1
83953.8
84032.2
84110.9
84198
84283.2
84373.1
84464.4
84558.2
84653
84748.1
84842.9
84937.2
85030.8
85123.7
85216.1
85308.5
85401.6
85496.4
85594.5
85697.2
85806.5
85924.4
86052.1
86190
86338
86494.1
86655.3
86816.9
86972.3
87117.3
87236.2
87318.6
87353.1
87329.9
87237.9
87069.2
86818.6
86481.8
86058.6
85551.9
84976.5
84335.8
83650
82940.2
82234.6
81542.7
80881
80262.3
79699.9
79199.1
78768.6
78407.6
78122.6
77910.5
77775.7
77714.6
77724.5
77806.2
77961
78184.9
78484.3
78853.1
79295.7
79795.1
80345
80931.8
81538
82152.6
82747.4
83302.1
83800.3
84220.4
84569
84843.2
85058.3
85244
85417.6
85608.6
103525
103522
103516
103508
103497
103482
103465
103444
103420
103392
103361
103327
103288
103246
103199
103149
103093
103033
102969
102899
102824
102743
102657
102565
102467
102363
102251
102132
102006
101873
101732
101582
101425
101258
101083
100897
100702
100495
100278
100049
99808.3
99555
99290.5
99017.6
98726.9
98424.4
98106.3
97773.1
97425.5
97064.6
96689.6
96300.6
95899.2
95487.1
95064.9
94632.7
94191.4
93743.6
93289.1
92828.7
92365.6
91900
91428
90954.4
90481.5
90010.9
89545.6
89090.4
88649.1
88221
87802.9
87396.7
87007.9
86641.3
86298.3
85977.4
85679.2
85406.3
85157
84926.6
84715.8
84525.9
84357.4
84209
84079.2
83966.9
83871.1
83790.7
83725.1
83674.2
83637.7
83614.4
83603.3
83603.7
83614.1
83634
83662.4
83698.6
83742
83793
83852.3
83917.2
83987
84065.4
84145.1
84233.4
84320.3
84408
84500
84593.9
84688.9
84784
84878.6
84972.6
85065.9
85158.6
85250.5
85342.3
85434.8
85528.7
85625.8
85727.3
85835.1
85951.7
86077.9
86214.7
86361.4
86515.9
86675.8
86836.8
86994.2
87138.3
87254.5
87335.2
87368.8
87345.7
87254.7
87087
86837.9
86503.7
86083.5
85582.5
85003.4
84358.2
83670
82964.1
82258.8
81568.7
80909.1
80291.6
79730.9
79231.1
78802
78441.8
78157.7
77945.6
77811.1
77751.6
77761.5
77842.3
77995.5
78217.2
78514.4
78878.3
79321
79816.2
80361
80947.5
81552.3
82165.7
82759.4
83311.7
83810.2
84227.7
84577.3
84853
85069.2
85258.4
85431.4
85623.9
103548
103545
103539
103531
103520
103506
103489
103469
103445
103419
103389
103355
103317
103276
103230
103180
103126
103066
103002
102934
102860
102781
102696
102605
102508
102404
102293
102176
102051
101918
101778
101630
101474
101309
101135
100951
100757
100553
100337
100110
99870.2
99618.5
99354.8
99078.8
98791.9
98498.6
98181.5
97848.4
97501.6
97142.2
96768.9
96381.2
95980.3
95569
95147.8
94717.1
94276.9
93829.4
93376.3
92916.4
92452.4
91987.4
91520
91051.3
90580.6
90111.8
89647.3
89191.9
88753.5
88327.3
87906.5
87495.2
87102.1
86731.8
86387.1
86068.2
85772.8
85498.4
85244.2
85011.1
84799.2
84608.5
84438.3
84287.9
84156.3
84042.6
83945.8
83864.9
83798.9
83747.6
83710.7
83686.7
83674.4
83673.6
83683.3
83702.2
83729.7
83765.5
83809.1
83860.4
83919.8
83984.3
84053.1
84133.3
84213
84300.4
84390.4
84477.5
84570.2
84664
84759.5
84854.5
84948.8
85042.5
85135.6
85227.9
85319.3
85410.5
85502.1
85595.2
85690.9
85790.6
85896
86009.4
86132.8
86266
86409
86561
86718.2
86875.5
87030.1
87170.2
87289.2
87367.6
87400.7
87377.8
87287.2
87120.7
86874
86541.6
86122
85621.3
85046.3
84389.4
83708.8
83009.1
82309.6
81624
80969.2
80354
79796.6
79298.5
78871.6
78512.8
78230.4
78018.9
77882.9
77823.4
77834.5
77913.4
78063.3
78281.5
78575.4
78937.6
79367.2
79857.4
80398.8
80981.6
81585.9
82191.7
82781.7
83330.8
83826.7
84245.3
84593
84871
85090.4
85282.4
85458.7
85655.7
103581
103578
103572
103564
103553
103540
103524
103505
103482
103457
103428
103395
103359
103319
103274
103225
103172
103114
103052
102985
102913
102835
102752
102663
102568
102465
102356
102240
102117
101986
101848
101702
101548
101386
101214
101032
100840
100638
100424
100199
99962.3
99712.6
99450.8
99177.2
98891.3
98601.1
98287
97957.7
97614.1
97256.6
96885.3
96500.1
96101.4
95691.7
95271.8
94842.8
94404.8
93958.1
93505.7
93047.6
92585.6
92121.8
91655.5
91189.4
90723.8
90260.9
89800.9
89348.2
88912.4
88487.5
88062.8
87645.1
87246.6
86873.1
86526.1
86204.3
85905.9
85629.4
85373.3
85138.1
84924.5
84732.2
84560.1
84407.2
84272.9
84156.7
84057.9
83975.6
83909
83856.9
83818.9
83793.8
83780.3
83778
83786.3
83804.5
83831.1
83865.8
83909
83960.5
84019.9
84084.6
84154.5
84235.2
84313.9
84401.2
84493.3
84580.1
84674.1
84768.1
84863.3
84957.7
85051.1
85144
85236.2
85327.6
85418.3
85508.9
85599.9
85692
85786.6
85885.2
85988.5
86099.2
86218.6
86347.7
86486.8
86631.9
86781.2
86934
87084.2
87222.2
87343.3
87416.6
87447.9
87425
87336.2
87171.5
86925.1
86590.6
86174
85675.4
85106.2
84439.2
83772.6
83079.7
82389.7
81711.3
81063
80451.4
79897.9
79402.1
78977.3
78618.5
78335.6
78126.9
77989.5
77927.8
77938.5
78014.7
78159.8
78372.8
78664.4
79020.2
79439.1
79920.1
80454.2
81032.5
81636.6
82237.2
82818.9
83360.1
83850.7
84270.8
84618.8
84899.8
85124.3
85319
85500.5
85703.6
103622
103619
103614
103606
103596
103584
103568
103550
103529
103505
103477
103446
103411
103372
103330
103283
103231
103176
103116
103051
102981
102906
102825
102738
102645
102545
102438
102324
102204
102075
101940
101797
101646
101486
101317
101137
100948
100749
100539
100317
100084
99837.2
99578.2
99307.5
99025.6
98731.2
98419.8
98099.8
97761.7
97406.6
97037.7
96656.3
96261.5
95854.6
95436.5
95009
94573.1
94128.7
93678.6
93223
92763.7
92301.3
91837.3
91374.7
90912.6
90453.5
89997.6
89553
89121.3
88695.5
88269.2
87849.1
87447
87068.9
86716.6
86389
86084.9
85803.6
85544.8
85307.9
85092.2
84897.2
84722.1
84565.9
84428.6
84309.8
84208.9
84125
84056.8
84003
83963.1
83936.7
83921.8
83918.2
83925.1
83942
83967.7
84001.5
84043.6
84094.5
84154
84220.1
84292
84372.6
84450.4
84537.4
84633
84720.5
84814.5
84907.6
85001.9
85095.2
85187.7
85279.5
85370.2
85459.8
85549.2
85638
85726.9
85817.5
85910
86006.2
86108.6
86216.7
86332.5
86457.7
86590.8
86731.8
86875.5
87017.2
87160.6
87294.3
87406
87481.2
87511
87487
87399.8
87239.6
86989.2
86659.2
86243.5
85744.4
85173
84527.6
83860.9
83175.3
82496.8
81829.3
81188.5
80583.3
80034.4
79540.6
79117.4
78761.3
78475
78266
78128.8
78068.3
78074.5
78146.3
78287
78490.9
78781.1
79127.9
79534
80002.9
80528.1
81099.5
81696.5
82293.7
82869.8
83403.4
83884.6
84303.4
84653.8
84938.8
85169.2
85368.3
85556.8
85766.1
103668
103666
103662
103655
103645
103634
103619
103603
103583
103561
103535
103506
103473
103436
103395
103351
103302
103249
103191
103129
103061
102989
102911
102828
102738
102642
102538
102428
102310
102184
102052
101912
101764
101607
101442
101267
101081
100885
100678
100460
100231
99988.3
99732.9
99465
99185.6
98893.8
98586.6
98272.7
97939.8
97589.9
97226
96848.7
96457.8
96054.3
95639.9
95215.3
94782.4
94341.5
93893.9
93440.9
92984.5
92525
92064.8
91605.2
91145.2
90690.5
90240.6
89798.1
89371.6
88947
88521.1
88099.6
87695.1
87313.2
86955.2
86621.3
86311.3
86024.7
85761.5
85521.1
85302
85103.1
84924
84764.3
84624.1
84502.9
84399.5
84312.6
84241.1
84184.5
84142.1
84113.9
84097.9
84092.9
84098.4
84113.6
84138.4
84171.5
84212.9
84263.4
84323
84390
84463.5
84544.5
84625.3
84707.6
84810.5
84896.9
84989.6
85082
85174.5
85266.8
85358.7
85449.4
85538.7
85627.2
85714.7
85801.2
85886.5
85973.2
86062.9
86155
86254.5
86361.4
86472.8
86593.3
86723.2
86856.9
86995.6
87136.8
87266.9
87385.5
87485.8
87567.6
87592.4
87569.1
87483.1
87319.5
87071.7
86743.4
86332.7
85838.9
85262.4
84632.3
83973.3
83296.3
82630.2
81975.4
81344.1
80744.9
80203.6
79714.7
79289.2
78938.6
78652
78440.5
78300.4
78241.2
78247.6
78306.6
78444.6
78633.8
78921
79262.2
79651.1
80104
80618.5
81182.3
81774.6
82365.6
82930.3
83458.4
83932.2
84346.1
84696.9
84987
85223.6
85430.3
85628.3
85845.4
103719
103718
103713
103707
103699
103688
103676
103660
103643
103622
103599
103572
103541
103507
103469
103427
103382
103332
103277
103218
103154
103084
103010
102930
102845
102752
102653
102546
102432
102311
102183
102046
101903
101750
101588
101417
101236
101044
100841
100626
100400
100162
99911.1
99646.4
99369.4
99085.8
98784.3
98471.1
98143.9
97802.1
97445.1
97072.7
96686.7
96289.6
95881.1
95460.3
95032.5
94594.5
94148.9
93699
93245.4
92789.2
92333.1
91877.2
91420.9
90970.5
90522.1
90089.2
89660.8
89236.7
88810.9
88390
87984.8
87600.1
87237.6
86898.1
86582.6
86291.1
86023
85777.8
85553.8
85350.2
85167.2
85004.3
84860.7
84735.7
84627.7
84536.4
84461.1
84401.6
84357.1
84326.5
84309.2
84303
84307.6
84321.8
84345.4
84378.1
84418.9
84468.6
84527.4
84594.8
84669.4
84751.7
84839.3
84918
85016.2
85104.5
85196
85286.6
85377.9
85468.8
85560.6
85651.3
85740.2
85828.4
85914.6
85998.6
86081.7
86164.2
86247.9
86334.6
86428.7
86532
86640.5
86755.5
86880.3
87007.8
87138
87274.6
87404.6
87511.6
87593.9
87673
87697.5
87669.3
87588.1
87412.6
87169.1
86842.6
86434.4
85949.3
85378.8
84755.4
84108.3
83440
82790.3
82151.5
81531.4
80939
80405.9
79923.2
79494.6
79147.9
78860.9
78648.6
78504
78438.9
78448.8
78496.2
78626
78807.9
79080.2
79418.7
79793.2
80225.6
80726.3
81279
81866.9
82451.7
83005.4
83522.8
83992.2
84401.7
84751.8
85045.9
85289.2
85504.8
85713.3
85942.2
103772
103770
103766
103760
103754
103745
103734
103721
103705
103687
103666
103641
103613
103582
103547
103508
103466
103420
103369
103314
103254
103189
103119
103044
102962
102874
102779
102678
102569
102453
102329
102198
102059
101911
101754
101587
101411
101223
101024
100813
100590
100355
100112
99852
99580
99296.8
99000.9
98692.7
98371.8
98037.9
97690.1
97326.9
96947.7
96555.8
96152.9
95739
95316.9
94884.2
94442.4
93994.7
93543.6
93090.8
92639.3
92187.6
91736.1
91290.5
90846
90411.4
89985.6
89562.7
89137.6
88717.5
88312.1
87925.3
87559.8
87216.5
86896.4
86599.9
86326.4
86075.6
85846.8
85639
85452
85284.9
85136.6
85006.2
84892.8
84796.9
84718.2
84655.8
84608.9
84575.2
84555
84547.2
84550.7
84564.8
84588.2
84620.2
84660.2
84708.7
84766.2
84833
84907.8
84990
85080.8
85156.1
85252
85341.5
85432
85520.5
85611.2
85701.3
85792.9
85883.3
85972.3
86059.9
86144.2
86226.6
86308.7
86390.1
86468.9
86549.5
86634.5
86729.8
86835.1
86945.9
87063.2
87185.4
87306.7
87431.1
87558.5
87668.3
87740.8
87778.7
87825.4
87791.1
87698.4
87535.7
87292.7
86969.5
86565
86067.6
85514
84906.2
84271
83608
82967
82350.6
81746.4
81163.1
80644.9
80170.4
79737
79393.9
79105.2
78890.3
78742
78665.1
78667.6
78710.6
78824.5
79009.9
79264.4
79594.9
79955.9
80368
80851.4
81393.6
81972
82550.3
83097
83598.7
84063.1
84470.1
84820.7
85118.2
85368.1
85592.5
85811.9
86055.9
103822
103820
103817
103812
103806
103799
103791
103780
103766
103751
103733
103711
103686
103657
103626
103591
103552
103510
103464
103414
103359
103299
103234
103164
103087
103004
102915
102818
102715
102605
102487
102362
102228
102085
101934
101773
101602
101420
101226
101019
100800
100570
100329
100075
99808.7
99529.9
99238.8
98936
98621.5
98294.7
97955.7
97603.3
97234.4
96849.8
96453.6
96047.7
95632
95205.5
94768.9
94325.5
93879.5
93429.9
92980.6
92531.5
92084.6
91643.4
91202.4
90769.6
90345.9
89924.2
89499.7
89080.6
88675.7
88287.9
87920
87573.6
87249.6
86948.2
86669.3
86413.2
86180
85968.5
85777
85604.4
85450.2
85314.4
85197.2
85097.8
85015.7
84948.9
84896.8
84858.7
84834.7
84825
84827.1
84840.5
84864.3
84896.6
84936.6
84984.1
85040
85105.1
85178.4
85259.9
85347.2
85424.2
85519
85608.9
85698.3
85786.4
85875
85964.1
86055.6
86145.7
86234.8
86321.6
86404.3
86485.4
86564.7
86643
86721.3
86799.7
86878.9
86963.4
87058.7
87164.3
87275.4
87390.1
87505.9
87618.7
87730.3
87839.7
87919.4
87949.4
87952.1
87938.5
87838.3
87675
87436.9
87117.7
86722.5
86226.9
85671.2
85074.2
84452.8
83809.1
83170.2
82569.2
81986.5
81414.4
80909.4
80451
80020.8
79679.9
79392.8
79169.3
79017.3
78934
78916.2
78952.5
79050.2
79234.1
79475.1
79788.8
80132.7
80525.4
80994.3
81527.9
82093.7
82665.1
83204.1
83692.4
84146
84550.9
84903.6
85204.6
85461.4
85695.5
85925.2
86183.9
103866
103865
103862
103859
103854
103849
103842
103833
103822
103810
103795
103778
103757
103732
103703
103672
103638
103601
103560
103515
103466
103412
103353
103287
103215
103137
103053
102962
102864
102760
102649
102531
102404
102268
102123
101968
101804
101628
101440
101240
101026
100800
100563
100315
100054
99781.6
99496.7
99199.9
98892.3
98572.3
98239.7
97896.7
97540.7
97167.2
96778.3
96379.4
95972.1
95554.8
95127
94690
94246.8
93801.1
93354.3
92908
92469.3
92033.4
91592.4
91162.9
90740.5
90319.6
89895.7
89477.5
89073.4
88685.8
88316.8
87968
87640.5
87334.7
87051.1
86790.7
86553.3
86337.2
86140.1
85961.8
85802.6
85662.7
85542
85438.6
85351.7
85279.8
85222.3
85180.2
85152.8
85140
85139
85150
85173.2
85205.9
85246.8
85294.5
85349.6
85412.7
85484
85562.9
85647.7
85730.4
85822.1
85911.8
85999.6
86087.3
86174
86263
86351.6
86440.9
86530.2
86615.4
86695.6
86775.4
86852.7
86927.1
87002
87079
87156.3
87234.5
87318
87412.9
87517.3
87625.6
87734.2
87840.3
87938.4
88031.6
88111.7
88150.5
88133.4
88084.9
87998.1
87839.3
87604
87283.9
86873.8
86390.4
85850.9
85258.6
84648.8
84031.9
83412.7
82819.4
82254.2
81694.4
81195.9
80755.6
80338.8
79993.6
79712.2
79480
79320.7
79231.1
79191.9
79219.7
79309.7
79479.4
79703.5
79996.7
80324.8
80700.6
81158.3
81685
82241.7
82798.5
83325.6
83806
84244.6
84645.3
85001.8
85307.7
85572.1
85815
86054.2
86326.3
103901
103900
103898
103896
103893
103890
103885
103879
103872
103862
103851
103837
103820
103800
103777
103751
103722
103690
103655
103617
103574
103525
103471
103411
103345
103272
103193
103108
103017
102919
102815
102703
102583
102454
102316
102168
102010
101841
101661
101468
101261
101041
100809
100567
100313
100047
99769.4
99479.4
99178.7
98867.3
98542.1
98206.1
97861.1
97500.8
97123.2
96733.4
96334.6
95926.2
95508
95080
94644.3
94203
93761.7
93321.2
92888.5
92451.6
92014.3
91588.5
91166.8
90747
90324.2
89906.8
89503.7
89116.7
88747.5
88397.8
88068.1
87758.8
87471.6
87207.1
86964.7
86742.8
86540.5
86357.5
86194.6
86051
85925.6
85817.9
85726.3
85650.3
85589.7
85543.9
85512.3
85494.2
85488
85493.9
85513.9
85546
85588.1
85637.9
85693.9
85755.8
85826.2
85903.3
85988.4
86075.1
86163.8
86253.3
86339.8
86428.1
86514
86602.7
86687.7
86775.1
86862.6
86944
87022.1
87099.7
87173.8
87244
87314.6
87388.1
87463.1
87537.8
87614
87696.8
87790.4
87891.3
87992.8
88091.6
88182.9
88261.1
88325.1
88366.1
88359.6
88299.8
88193.2
88032.4
87796.4
87485.8
87070.5
86594.2
86067.2
85485.2
84876.9
84280.9
83684.6
83103.2
82548.9
82006.9
81512.9
81084.5
80679.4
80333.9
80052.8
79817.3
79648.6
79546
79494.2
79511.5
79603.3
79747.4
79952.4
80224.8
80534.4
80896.8
81346.9
81866.7
82412.8
82948.7
83458.3
83938.2
84358.8
84756.4
85118
85427.9
85701.4
85951.4
86202
86482.9
103921
103921
103920
103920
103919
103918
103916
103914
103910
103905
103898
103888
103876
103862
103845
103825
103802
103777
103748
103716
103679
103637
103589
103535
103474
103407
103334
103255
103169
103078
102980
102875
102762
102641
102510
102368
102216
102055
101882
101697
101497
101284
101060
100825
100579
100321
100051
99768.9
99475.5
99173.2
98858.2
98529.8
98193.7
97846.2
97482.5
97104.6
96715.9
96317.2
95908.6
95490.6
95064.7
94631.8
94195.7
93760.9
93330.2
92899.5
92466.2
92044
91623.9
91204.7
90783.9
90367.9
89965.6
89579.5
89210.6
88860.4
88528.9
88217.4
87927.4
87659.3
87412
87184.5
86977.4
86790.9
86624.5
86476.8
86346.6
86234.4
86139.5
86060.3
85996.3
85946.6
85910.1
85887.1
85876.8
85877.3
85891.4
85920.3
85962
86013.7
86071.9
86136
86205.5
86282.9
86367.2
86454.5
86543.5
86632.5
86718.7
86805.8
86892.1
86979.9
87065
87152.3
87236.8
87316.2
87392.9
87465.4
87532.3
87597.1
87662
87729
87799.6
87871.9
87944.5
88018.1
88098.9
88189.1
88282.7
88373.4
88458
88528.3
88578.6
88602.4
88598.9
88544.2
88429.4
88259.1
88014.3
87703.7
87301.8
86834.8
86314.5
85749
85150
84565.2
83986.9
83416.4
82872.6
82349.2
81859.6
81436.1
81043.3
80699.5
80412.2
80177.8
80004.7
79883.5
79825.5
79832.4
79922.3
80038.2
80218.8
80475.9
80769
81114
81563
82071.5
82597.7
83117.2
83612.1
84088.1
84493.2
84888.6
85252.3
85566.5
85848.2
86104.2
86370.7
86655.1
103922
103922
103923
103924
103926
103928
103929
103931
103931
103931
103930
103926
103921
103912
103902
103888
103872
103854
103832
103807
103776
103740
103699
103651
103596
103535
103468
103395
103317
103232
103142
103044
102939
102824
102701
102566
102420
102264
102098
101921
101731
101527
101311
101084
100846
100597
100336
100064
99779.3
99485.2
99181.4
98863.9
98536
98199.7
97850.3
97486.6
97110.9
96724
96326.3
95918.9
95503
95080
94651.2
94222.1
93794.6
93369.5
92943.5
92525.5
92110.9
91692.3
91273.2
90859.6
90457.7
90072.5
89704.8
89354.9
89022.4
88708.6
88415.8
88144.5
87893.2
87661.8
87450.6
87260.3
87089.3
86936.7
86802.4
86686
86587.2
86504
86436.5
86383.7
86344.3
86318.9
86307.1
86304.9
86312.9
86335.4
86372.9
86424.2
86485.9
86552.3
86623.1
86700.5
86782.1
86870.4
86959.8
87047.7
87133.3
87219.1
87305.3
87392.4
87478.6
87566.9
87650.7
87730.1
87807.2
87877.3
87938.8
87996.2
88051.9
88107.9
88169.8
88238.2
88308.1
88376.3
88446.7
88522.8
88606.4
88687.7
88765
88827.2
88869.5
88881.7
88858.6
88806.6
88694.4
88521.2
88275.9
87940.7
87560.8
87109.8
86598.1
86044.4
85462.4
84886.3
84320.9
83761.2
83226.4
82718.5
82236
81812
81430.2
81087.5
80794.7
80562
80382.7
80245.6
80182.3
80184.8
80254.7
80349.7
80501.6
80747.3
81025.8
81354.2
81807.9
82298.9
82797.1
83304.1
83789.6
84248.4
84657.2
85047.3
85403.6
85722.5
86006.7
86275.6
86558.4
86851.4
103896
103897
103899
103903
103908
103913
103919
103925
103931
103937
103942
103945
103946
103946
103942
103937
103928
103917
103902
103883
103860
103831
103797
103756
103709
103656
103596
103531
103460
103382
103298
103208
103108
103000
102884
102757
102619
102470
102309
102138
101956
101762
101556
101339
101110
100870
100619
100357
100084
99799.7
99506.2
99201.1
98884.9
98560.1
98224
97874.8
97513.5
97140.2
96755.5
96360.3
95956
95543.6
95124.3
94702.2
94279.7
93859
93440.4
93024.3
92624.2
92209.4
91791.3
91379.1
90978.3
90593.7
90227.3
89878.8
89546.8
89231.4
88936
88662
88407.9
88173.1
87958.3
87763.6
87587.6
87429.9
87290.8
87170
87066.7
86979.4
86909
86855.1
86814.9
86786.9
86773.6
86771.1
86777.4
86794.2
86824.3
86871.5
86934.5
87003
87076.7
87151.7
87235.4
87324.3
87413
87499.6
87584
87668.5
87755.6
87843.2
87931.5
88019.6
88103.6
88183.9
88260.7
88328.4
88385.8
88439.9
88489.7
88533.7
88582
88640.8
88704.7
88769.5
88832.7
88897.4
88967.8
89038
89105.9
89159.2
89193.5
89200.7
89168.2
89095
88985.2
88812.9
88575.6
88246.7
87864.2
87424.1
86924.2
86382
85813.7
85243.3
84685.5
84134.5
83607.3
83111.5
82638.5
82215.6
81839.6
81498.1
81205
80971.9
80779.8
80633.7
80565.5
80561
80601.5
80679.3
80799.4
81031.6
81273.6
81628.2
82086.9
82550.1
83024
83520.8
83992.8
84423
84849.9
85234.9
85576.5
85895.7
86177.9
86468
86763.8
87070.1
103836
103838
103843
103850
103859
103869
103880
103892
103904
103917
103929
103940
103949
103957
103962
103964
103964
103961
103954
103943
103928
103907
103881
103848
103810
103765
103713
103656
103592
103522
103445
103361
103268
103167
103056
102935
102804
102661
102509
102346
102171
101986
101790
101583
101365
101137
100897
100646
100383
100111
99828.3
99535.8
99232.3
98920.1
98598.8
98265.6
97919.9
97561.8
97191.3
96809.8
96418.6
96018.4
95610.1
95196.9
94780.9
94365
93952.8
93544.5
93147.9
92748.2
92336.1
91925.4
91525.4
91141.4
90776.5
90429.8
90098.6
89782.9
89485.8
89209.7
88953.7
88716.4
88498.5
88299.6
88119.4
87957.7
87814.4
87688.5
87579.9
87489.1
87416.5
87361.6
87321.6
87291.9
87276.8
87274.5
87282.3
87297.1
87320
87361.7
87422.6
87493.2
87566.8
87642.2
87727.3
87816.1
87903.7
87989.2
88073
88158
88246.2
88334.9
88425.6
88513
88599
88679.7
88754
88818.4
88874
88922.8
88969.3
89008.1
89045
89086.8
89140.4
89199.3
89256.7
89313.4
89370.3
89428.3
89483.8
89528.4
89553.4
89552.1
89515
89429.3
89308.2
89130.3
88907.4
88585.5
88205.6
87767.3
87276.8
86747.1
86191.7
85627.7
85075.3
84532.3
84013.3
83525.7
83062.3
82644.4
82270.3
81931.8
81640.6
81403.4
81198.3
81049.8
80977.7
80954.2
80969.3
81029.2
81114.1
81268
81509
81943.1
82405.2
82843.8
83313.5
83806.3
84244.4
84647.1
85075.4
85451.7
85780.3
86093.4
86381.7
86682.3
86990.5
87305.4
103736
103740
103746
103757
103771
103788
103807
103825
103846
103866
103887
103907
103925
103942
103956
103968
103977
103982
103985
103982
103975
103964
103946
103922
103891
103855
103812
103762
103707
103644
103573
103496
103410
103315
103211
103097
102972
102837
102692
102538
102373
102197
102011
101815
101607
101390
101162
100924
100675
100415
100144
99864.7
99575.6
99276.6
98969.3
98652.8
98324.6
97983.7
97629.7
97263.5
96886.5
96499.8
96104.3
95702
95294.6
94885.5
94479.1
94077.4
93686.3
93302.5
92900.7
92496.4
92098.8
91715
91350.6
91005.5
90676.2
90360.8
90062.8
89785.2
89527.5
89288.8
89068.3
88866.7
88683.2
88518.2
88371.2
88241.1
88129.3
88036.7
87961.7
87904.3
87864
87835.9
87819.8
87816.8
87825.2
87840.7
87859.3
87895.9
87954
88022.8
88093.3
88173.2
88257.9
88346.5
88434.1
88518.7
88603.5
88689.5
88778.7
88869.1
88961.5
89051.2
89140.3
89220.7
89289.4
89350.9
89406.8
89448.6
89488.4
89525.1
89557.2
89583.2
89622.6
89669.9
89721.3
89771.4
89817
89863.3
89903.4
89937.2
89950.7
89937.5
89895
89802
89665.4
89476.1
89239.5
88934.6
88566.5
88131.1
87649.2
87132.1
86585.9
86029.1
85485.2
84951.9
84443
83959.8
83506.1
83095.4
82721
82387.5
82098.3
81854.4
81642.2
81493.7
81413.6
81365
81359.4
81401.7
81463.5
81597.8
81893
82328.4
82768.9
83191.9
83661
84140.9
84547.5
84931
85336.1
85697.5
86020.4
86326.5
86618.9
86925.2
87239.4
87551.5
103587
103594
103603
103616
103636
103661
103689
103718
103748
103778
103808
103839
103868
103895
103920
103942
103961
103977
103989
103996
103998
103996
103987
103972
103950
103924
103889
103847
103799
103744
103681
103611
103531
103442
103345
103238
103120
102994
102857
102712
102556
102391
102216
102030
101834
101628
101413
101187
100952
100706
100450
100184
99910.4
99627
99334
99033
98722.9
98401.1
98065.4
97716.2
97355.4
96984.2
96603.1
96213.2
95816.8
95416.7
95017.2
94622
94235.6
93859.9
93479.7
93084.6
92694
92312
91947
91602.8
91276
90962.6
90664.8
90386.7
90128.3
89887.8
89664.9
89460.6
89274.7
89107.2
88957.5
88825.4
88712.6
88619.2
88541.6
88480
88438.2
88412.6
88398.1
88394.5
88403.6
88423.7
88432.4
88470.1
88527.4
88593.2
88664.9
88743.6
88827.3
88915.8
89003.4
89088.5
89174.7
89260.8
89350.8
89443.6
89537.3
89628.2
89720.2
89801.6
89866.6
89925.5
89984.4
90022.7
90052.9
90083.8
90112.5
90130.7
90154.9
90187
90229.9
90272.2
90309.1
90344.1
90369.3
90389.1
90387.9
90362.4
90308
90210.1
90061.7
89860.3
89594.4
89294.6
88926.1
88509.3
88041.2
87536.4
86999.4
86454.9
85915.5
85393.9
84894.7
84416.2
83972.8
83565.9
83191.6
82862.2
82575.9
82325.1
82113.1
81963.4
81868
81798.4
81772.3
81801.5
81882.1
82066.4
82398
82764.4
83168.1
83591.2
84051.2
84498.9
84882.2
85254.7
85624.3
85975.9
86297.4
86596
86888
87199.2
87509.2
87821.2
103385
103393
103403
103423
103448
103481
103519
103560
103603
103646
103689
103731
103772
103811
103848
103882
103913
103939
103962
103980
103993
103999
104001
103996
103984
103965
103940
103907
103867
103820
103764
103700
103627
103545
103454
103353
103244
103127
103001
102865
102719
102564
102399
102224
102040
101847
101645
101434
101213
100981
100741
100491
100232
99965.8
99689.6
99404.1
99110.9
98808.4
98493.2
98163.6
97821.1
97467.2
97102.1
96726.7
96343.1
95954.3
95564.5
95176.5
94795.5
94424.8
94056.5
93682.6
93305.5
92926.2
92563.4
92219.8
91894.9
91584.2
91288.2
91011.6
90753.6
90512.5
90287.8
90080.7
89892.9
89724
89574.2
89441.9
89327.3
89231
89150.9
89085.5
89041.3
89017.3
89005.6
89001.1
89011.1
89031.7
89046.7
89084.8
89139.3
89203.1
89274
89351.3
89434.6
89523.4
89612.4
89698.6
89785.4
89871.9
89963
90058.5
90154.3
90244.4
90335.5
90418.1
90484.2
90540.2
90597.5
90639.5
90667.3
90688.6
90710.7
90726.5
90737.9
90755.4
90786.4
90818.2
90847.8
90871.7
90885
90888.9
90873.4
90835.7
90765.5
90660.4
90502.7
90293.7
90025.6
89712.5
89337.6
88926
88469.3
87972
87445.6
86912.8
86379
85866.3
85371.7
84898.8
84468.1
84060.2
83688.1
83368
83075.3
82821.3
82616
82459.2
82342.1
82258.1
82221.3
82262.8
82361.1
82553.9
82863.7
83210.7
83591.3
84019.1
84461.2
84866.9
85246.6
85613.2
85950.5
86292.9
86609.1
86899.6
87191.8
87502.9
87804.7
88125.9
103163
103171
103186
103210
103243
103284
103332
103385
103440
103496
103552
103607
103661
103712
103760
103805
103846
103882
103914
103942
103963
103978
103988
103991
103987
103977
103959
103933
103899
103858
103808
103750
103684
103608
103524
103431
103330
103221
103102
102975
102837
102691
102535
102371
102199
102018
101828
101628
101420
101203
100976
100742
100497
100245
99985.4
99715.2
99436.6
99150.6
98854.1
98543.5
98218.8
97881.9
97533.2
97173.3
96803.2
96426.6
96047.9
95669.6
95297
94932.6
94571.9
94210.9
93846.8
93479.7
93120.1
92778.6
92456.1
92148.3
91855.7
91581
91325.1
91085.6
90862
90654.9
90467.2
90298.7
90148.6
90016.2
89899.8
89801.3
89720.1
89654.9
89608.6
89586.3
89571.4
89565.4
89577.3
89603.4
89626.2
89666.2
89720.4
89784.2
89856
89932.7
90017.1
90107.6
90198.6
90286.6
90373.7
90462
90555.8
90655.4
90754.5
90844.5
90933.5
91018.1
91089
91143.6
91194.5
91241.8
91275.6
91290.7
91305.9
91319.9
91323.4
91332
91349.3
91370.6
91393.9
91408.2
91413.7
91403.1
91376.6
91325.2
91241
91126.7
90960
90746
90475.7
90158.2
89788.8
89372.2
88917
88423.1
87907.6
87382.1
86855.1
86350.3
85860.9
85396.7
84974
84568.2
84203.7
83889.1
83590.3
83341
83142.9
82969.9
82836.2
82747.2
82711
82765.3
82877.9
83033.1
83321.3
83666.5
84037.1
84455.6
84874.5
85264.9
85644.3
85993.8
86310.1
86648
86950
87236.1
87530.8
87836.2
88133.8
88471.6
102957
102963
102980
103012
103055
103108
103165
103229
103295
103362
103429
103494
103558
103618
103675
103729
103778
103822
103862
103896
103925
103947
103963
103973
103975
103971
103958
103937
103909
103873
103828
103776
103715
103645
103566
103480
103387
103284
103171
103050
102919
102781
102634
102479
102315
102144
101964
101775
101577
101372
101157
100935
100704
100464
100218
99961.6
99696.2
99423.7
99142.6
98848.4
98539.8
98218.3
97884.9
97539.7
97183.2
96818.9
96451.3
96083.7
95720
95362.6
95008.4
94656
94302.4
93945.7
93592.8
93255.5
92936.7
92633.1
92344
92071.5
91818.2
91581.5
91360.7
91156.7
90971.1
90804.5
90653.8
90521.2
90405
90305.9
90226.8
90162.6
90112.7
90087.7
90076
90071.7
90084.4
90114
90143.4
90187.7
90244.2
90310.3
90383.9
90462
90549.2
90643.3
90736.1
90826.1
90914.8
91006.3
91106
91208.6
91310.3
91402.2
91488.4
91575.1
91653.3
91711.1
91757.8
91809.5
91849.5
91864.2
91875.6
91886.4
91886.5
91890.5
91895.2
91908.6
91925.2
91933.5
91933
91911.5
91876.1
91811
91716.6
91591.5
91417.2
91197.9
90922.2
90603.1
90232
89820.5
89367.1
88878.2
88371.2
87850.2
87332.3
86834.8
86352.3
85900.3
85482
85081.8
84729.3
84418.1
84118.6
83876.9
83681.3
83489.1
83346.8
83259.4
83225
83256
83375.6
83526.5
83804.4
84141.4
84503.8
84902.5
85307.8
85704
86074
86389.4
86703.1
87034
87320.2
87608.3
87906.8
88204.7
88503.9
88859.8
102734
102731
102751
102795
102852
102920
102992
103068
103145
103223
103299
103373
103445
103514
103579
103641
103698
103750
103797
103839
103874
103903
103925
103941
103949
103950
103942
103927
103904
103873
103834
103787
103732
103668
103596
103516
103427
103329
103223
103108
102984
102853
102714
102567
102413
102250
102079
101900
101713
101519
101316
101106
100887
100660
100426
100184
99931.4
99671.9
99404.8
99126.3
98833.6
98527.5
98209.4
97879.5
97537.5
97186.2
96830.7
96474.8
96119.8
95769
95422.3
95077.5
94733.2
94386.6
94042.3
93709.7
93395.9
93097.1
92811.8
92543
92292.6
92058.5
91840.9
91640.8
91457.3
91294.1
91144.7
91013.6
90897.9
90797.5
90721.6
90657.8
90609
90580.8
90571
90568.1
90581.5
90613.6
90649.7
90698.8
90758.9
90828.5
90905.1
90985.5
91077.1
91175.1
91269.8
91362.4
91454.8
91551.1
91657.4
91761.8
91864.3
91957.7
92042.9
92132.5
92217.2
92282.9
92333.5
92386.8
92428.9
92447.1
92457.1
92463.6
92463.3
92463
92458
92465
92472.5
92476.3
92468.7
92440.6
92395.8
92319.6
92215.7
92078
91897.4
91669.8
91390.4
91067.8
90690.4
90275.6
89835.3
89354.6
88853.8
88338.7
87832.7
87341.5
86867.9
86427.5
86012.1
85622.8
85282.3
84970.9
84675.8
84445
84245.5
84034.6
83889.6
83807.9
83769.2
83801.8
83912.8
84052.1
84321.9
84645.9
84997.7
85387.9
85791.3
86182.5
86526.9
86818.2
87139.2
87454.7
87730.5
88023.8
88323.1
88611.3
88920.5
89283.9
102464
102455
102479
102550
102630
102718
102807
102897
102987
103076
103161
103245
103326
103403
103477
103547
103612
103671
103725
103774
103815
103850
103879
103900
103914
103920
103917
103907
103889
103864
103830
103789
103739
103680
103612
103537
103453
103361
103260
103151
103035
102911
102779
102640
102493
102339
102177
102008
101831
101647
101456
101256
101050
100835
100612
100383
100144
99897
99643
99379.4
99102.3
98811.4
98508.4
98193.7
97866.4
97529
97185.2
96840.4
96494.6
96150.5
95811
95475.1
95140.7
94804.4
94469
94143.1
93833.1
93539.3
93258.6
92994.5
92747.4
92516.4
92302.2
92103.9
91923.8
91762.4
91616.5
91488.3
91375
91275.9
91200
91137.7
91092.2
91065.8
91056.8
91053.9
91068.9
91104.3
91146.4
91200.2
91264.6
91339
91419.5
91503.7
91600.5
91702.4
91799.6
91896.6
91994
92095.7
92207.2
92313.6
92416.1
92515.3
92604.8
92696.1
92785.7
92860.6
92918.9
92973.1
93015.9
93039.7
93049.1
93052.7
93053.2
93049.1
93039.1
93038.5
93037.7
93036.7
93022.1
92989.6
92934.6
92851.5
92737
92588.7
92400.7
92164.4
91882.2
91553.9
91176.8
90764.1
90321.7
89852.2
89355.1
88848.3
88355.3
87870.8
87408.6
86978
86566.7
86189.8
85858.6
85549.8
85264.5
85042.6
84834.5
84614.1
84463.8
84387.9
84338.3
84377.2
84457.5
84604.4
84869.8
85186.3
85533.9
85918.7
86316.8
86687.9
86982.2
87287.7
87621.5
87918.7
88188.3
88485.3
88778.4
89060.7
89386.5
89741.8
102123
102101
102152
102274
102396
102511
102616
102722
102826
102927
103024
103118
103208
103294
103376
103453
103525
103591
103652
103706
103753
103794
103828
103854
103873
103884
103887
103881
103868
103848
103818
103781
103735
103681
103618
103547
103469
103382
103286
103183
103073
102956
102831
102699
102560
102414
102261
102100
101933
101759
101578
101389
101194
100991
100780
100563
100336
100101
99859.8
99609.8
99347.8
99071.9
98783.4
98483.4
98171
97848
97517
97181.8
96845.4
96509.7
96177.9
95851.2
95526.5
95199.5
94872.6
94555.4
94250.8
93961.5
93685.9
93426.2
93183.2
92956.6
92745.4
92549
92369.9
92211.5
92068.7
91944.5
91835
91739.6
91665.3
91604.1
91562.9
91539.4
91531.4
91530.9
91548.9
91587
91633.6
91691.7
91761.4
91841.5
91926.4
92015.4
92118.2
92224.1
92325.8
92427.7
92529.9
92637.6
92753.6
92865.3
92970.8
93080.6
93183.9
93275.9
93365.6
93446.8
93512.1
93567.3
93611.1
93641
93650.4
93653.3
93654.9
93648.9
93636.7
93627.7
93620.9
93614.2
93595.6
93557.8
93495.1
93405.9
93280.7
93123.6
92925.3
92683.3
92396.7
92062.8
91686.7
91269
90813.7
90352.3
89871.8
89378.1
88897.7
88420.4
87972.3
87549.6
87145.3
86782.5
86457.7
86153.4
85880.3
85661.1
85443.2
85224.5
85066.2
84965.4
84932.5
84967.7
85029.8
85190
85448.4
85761.4
86113.7
86490.5
86870.8
87214.1
87473
87811.2
88151.6
88430.4
88698.8
88995.4
89275.4
89562.5
89901.5
90240.1
101750
101663
101756
101975
102166
102304
102432
102553
102670
102783
102891
102994
103093
103187
103276
103360
103438
103510
103577
103637
103689
103735
103773
103805
103828
103843
103850
103849
103841
103824
103799
103765
103724
103674
103615
103549
103475
103392
103302
103205
103102
102991
102872
102747
102614
102476
102331
102179
102021
101857
101685
101507
101322
101130
100930
100724
100510
100287
100057
99820
99572.2
99310.8
99036.4
98750.5
98453.1
98144.4
97826.6
97502.5
97174.7
96849.3
96525.7
96206.9
95890.6
95573.3
95256.1
94946.4
94648.9
94364.3
94094.1
93838.6
93600.8
93378.8
93171.4
92978.4
92801.3
92645.3
92505.2
92385
92280.4
92191.1
92118.8
92060.6
92022.9
92001.8
91996.2
91999.4
92019.9
92060.6
92111.7
92174.5
92250
92336.4
92425.7
92521.1
92629.9
92740
92848.2
92955.2
93061.4
93176.2
93298.4
93416.5
93529.2
93648.6
93764.8
93863.4
93954.2
94040.1
94111.7
94169.1
94216.1
94249.5
94260.2
94265.7
94267
94261.3
94248.3
94233.2
94221.9
94208.2
94186.8
94143.1
94076.5
93979.5
93846.9
93680.5
93473.5
93226.8
92934.2
92597.6
92219
91799.4
91351.5
90886.1
90404
89926.7
89460.8
88991.2
88559.1
88141.9
87744.1
87396.8
87076.5
86777.5
86515.6
86295.3
86050.9
85865.7
85696.9
85555.9
85543.1
85592.9
85659.3
85813.9
86061.4
86375.4
86735.8
87104
87460.3
87763.9
88047.3
88398
88726.4
88989.5
89263.3
89553.6
89820.2
90123.8
90464.3
90788.8
101229
101195
101379
101652
101901
102096
102249
102387
102518
102642
102760
102873
102980
103081
103177
103267
103351
103429
103501
103566
103623
103673
103716
103752
103779
103799
103810
103813
103808
103795
103774
103744
103707
103660
103606
103543
103473
103396
103312
103220
103122
103016
102903
102784
102659
102528
102390
102247
102097
101941
101779
101611
101436
101254
101065
100869
100667
100456
100237
100012
99777.2
99529.7
99269.3
98996.8
98713.5
98418.9
98114.6
97803
97485.1
97169.6
96855.6
96544.5
96234.9
95925.7
95618.7
95316.9
95027.8
94749.5
94483.6
94233
93999.8
93782.9
93580.7
93392.9
93220.4
93066.2
92929.7
92812.2
92713.2
92630
92561.3
92507.1
92472.1
92453.7
92450.3
92456.5
92481
92526
92581.6
92648.9
92730.7
92823.8
92917.7
93020.4
93135.1
93250.9
93365.9
93477.5
93588.7
93712.8
93841.2
93965.5
94089.4
94218.7
94344.8
94452
94546.5
94637.7
94716.2
94778.4
94828.8
94864.1
94878.9
94888.2
94889.6
94886.7
94872.3
94854.7
94839.9
94821.4
94796.4
94747.3
94677.7
94573
94435.4
94259.6
94047.6
93794.5
93497.1
93159
92777.1
92359.5
91914.6
91444.6
90967.1
90498.5
90029.9
89574.5
89155.2
88748.5
88358.5
88024.1
87710.7
87392.4
87171.3
86932.3
86686.2
86530.2
86330.5
86222.2
86204.8
86264.3
86335.6
86473.6
86712.1
87038.1
87402.5
87764
88103
88366.1
88691.1
89041.5
89344
89597.5
89881.9
90157.9
90424.2
90746.6
91077.9
91397.3
100812
100865
101157
101485
101723
101911
102078
102232
102373
102507
102635
102756
102870
102978
103080
103176
103266
103349
103426
103495
103557
103611
103658
103698
103729
103752
103767
103774
103773
103763
103745
103718
103684
103642
103591
103532
103467
103395
103315
103228
103134
103033
102926
102813
102695
102570
102440
102304
102162
102015
101862
101702
101537
101365
101187
101001
100809
100609
100402
100187
99964.8
99730.7
99483.3
99223.6
98953.4
98672.2
98381.3
98082.4
97777.8
97470.4
97166.5
96864.5
96563.1
96261.2
95961.2
95667.1
95385.8
95115.8
94855.5
94610.6
94381.6
94170.2
93973.6
93792.4
93625.9
93475.6
93342.9
93227.8
93132.5
93054.5
92990.5
92940.6
92909.3
92893.2
92892
92903.1
92933.6
92982.8
93042.9
93115.2
93204
93303.8
93403
93513.2
93633.8
93756.5
93878.3
93994
94112.9
94246.3
94380.7
94512.1
94649.5
94789.6
94924.4
95040.4
95140.8
95238.4
95324.6
95393.2
95446.3
95484
95506.2
95519.1
95523.5
95524.2
95509.9
95492.1
95473.2
95452.1
95421.9
95371.1
95297.4
95188.1
95044.7
94861.7
94645.8
94385.8
94086.4
93745.3
93362.4
92947.2
92500.8
92033.8
91564.8
91097.2
90621.9
90174.4
89747.9
89343
88976.4
88656.9
88342.3
88067.3
87845.3
87620.9
87376.9
87190.6
87035.6
86951.1
86933.7
86978.6
87048.5
87168.7
87405.5
87747.1
88116.1
88472.4
88801.6
89054.8
89395.2
89729.1
90007.8
90264.4
90556.7
90813.4
91097.2
91429.7
91744
92073.3
100671
100831
101089
101359
101575
101750
101924
102088
102238
102381
102517
102645
102766
102880
102987
103088
103183
103271
103352
103425
103491
103549
103600
103643
103677
103704
103722
103732
103734
103728
103713
103689
103658
103619
103572
103518
103457
103388
103312
103229
103140
103045
102943
102836
102723
102605
102482
102353
102219
102080
101935
101784
101627
101465
101296
101120
100938
100749
100552
100348
100137
99915.1
99679.9
99432.5
99174.7
98906.9
98628.8
98342.3
98050.3
97754.7
97459.1
97165
96873.3
96580.8
96288.3
96001.3
95725.1
95462.7
95210.1
94971.1
94746.6
94540.4
94349.3
94174.7
94014.3
93869.9
93742.3
93630
93536.8
93463.6
93404.2
93360.3
93333.1
93319.8
93323.1
93340.5
93376.6
93430.8
93496.2
93574.2
93670.3
93776.6
93881.4
93998.9
94126.5
94257
94384.9
94505.5
94634.2
94776
94917.1
95058.7
95210.4
95361.6
95504
95628
95736.8
95841.4
95935.2
96010.5
96067.3
96109.6
96140.7
96159.7
96169.9
96173.3
96161.2
96145.2
96123
96099.3
96064.2
96013.4
95935.4
95824
95674.4
95488.5
95268.3
95003.4
94702.9
94358.1
93975.6
93560.4
93114.3
92654.3
92191.4
91724.4
91256.7
90819.8
90400.1
90005.1
89662.8
89348.9
89044.6
88789.8
88566.5
88335.9
88101.6
87920
87781.3
87711.7
87689.3
87725.6
87789.5
87899.2
88149.9
88503.4
88876.7
89229.7
89525.7
89812
90145.9
90451.7
90718.7
90993.7
91285.5
91527.7
91843.6
92167.1
92472.1
92833
100614
100750
100992
101226
101432
101609
101792
101964
102120
102269
102411
102545
102671
102791
102902
103008
103106
103198
103283
103359
103429
103490
103544
103590
103628
103658
103679
103692
103696
103692
103680
103659
103631
103596
103552
103501
103443
103378
103306
103227
103142
103051
102954
102852
102745
102633
102515
102393
102266
102134
101996
101854
101705
101551
101391
101224
101051
100872
100685
100490
100289
100078
99854.7
99619.6
99373.2
99117.4
98851.8
98576.7
98295.3
98011.7
97726.2
97440
97155.5
96871.7
96588.3
96310
96039.9
95784
95539
95305.8
95085.4
94883.2
94697.1
94527.8
94372.7
94235
94114
94005.8
93916.8
93848
93794.2
93755.8
93733
93724.5
93733.6
93757.2
93799.7
93859.8
93930.6
94014.4
94118.2
94230.7
94341.7
94466.5
94601.6
94740.1
94874
95000.7
95140.2
95289.8
95439
95593.7
95759.5
95921.5
96071.5
96203.7
96322.1
96434.4
96534.7
96616.5
96678.2
96729.1
96770.3
96797.5
96817.3
96822.3
96814
96799.8
96775.6
96751.4
96714.7
96664.8
96582.1
96468.5
96315.3
96129.3
95904.6
95638.3
95336.3
94988.9
94606.5
94190.1
93748.2
93294.9
92835.3
92370.3
91913.1
91486.8
91078.4
90700.7
90373.1
90066.1
89774.2
89535.7
89309
89065.8
88845.2
88678.1
88546.6
88465.9
88455.3
88489.6
88543.4
88656.5
88932
89299.7
89676.6
90030
90296.5
90609.5
90928.8
91213.8
91484.8
91781.4
92062
92310.7
92653.5
92956.8
93281.1
93681.8
100518
100550
100742
101029
101279
101474
101660
101840
102006
102161
102307
102447
102579
102703
102819
102928
103031
103126
103214
103295
103367
103432
103489
103538
103578
103610
103634
103649
103656
103655
103645
103628
103603
103570
103529
103481
103427
103365
103296
103221
103140
103054
102962
102865
102763
102656
102544
102428
102308
102183
102052
101917
101777
101631
101479
101321
101157
100987
100809
100624
100432
100232
100020
99796.4
99561.8
99317
99063.1
98800.1
98529.4
98255.6
97980.7
97704.5
97427.7
97151.9
96877.2
96607
96345.2
96096
95858.9
95631.8
95416.6
95218.4
95037.1
94873.2
94722.3
94591.1
94477
94374.3
94290.8
94226.9
94177.2
94142.8
94126.2
94124.2
94139.8
94170.1
94219.7
94285.6
94361.5
94452.1
94564
94682.4
94800.2
94932
95075.2
95221.9
95361.8
95496.7
95647
95804.4
95963.6
96133.4
96312.9
96484.9
96643.2
96784.4
96913.2
97032.6
97139
97226.8
97296.3
97357.4
97409.9
97448.8
97476.8
97485.9
97482
97468.6
97446.8
97422.2
97386.9
97335.7
97249.3
97133.6
96978.5
96792.6
96564.8
96300.1
95996
95647.1
95264.1
94847.8
94411.8
93962.6
93503
93042.6
92598.8
92184.3
91789.3
91430.4
91115.1
90814.3
90535.1
90309.1
90077.6
89816.7
89617.2
89469.2
89342.2
89230.9
89244.2
89272.9
89318.4
89448.3
89755.4
90139.2
90519.1
90846.6
91133.6
91448.2
91752.7
92033.5
92319.7
92629
92890
93176.5
93516.5
93813.3
94173.5
94611.7
100236
100431
100587
100850
101106
101320
101514
101706
101880
102041
102194
102339
102477
102606
102727
102840
102947
103046
103138
103221
103297
103365
103425
103477
103520
103555
103582
103600
103610
103611
103605
103590
103568
103538
103501
103456
103405
103346
103282
103211
103135
103053
102966
102874
102778
102677
102572
102463
102349
102231
102109
101982
101850
101712
101570
101421
101267
101106
100938
100763
100580
100392
100192
99980.1
99757.6
99524.7
99282.5
99032
98774
98511.2
98246.1
97980.2
97713.4
97446.6
97181.2
96918.7
96666.3
96424
96195.1
95975.1
95767.4
95575.2
95399
95241.5
95095.1
94969.3
94861.6
94765.1
94687.3
94627.9
94580.8
94552.9
94544.3
94549.8
94572.5
94609.8
94666.3
94738
94819.5
94917.5
95037.8
95161.8
95286.5
95426
95578.3
95733
95879.2
96023.8
96184.9
96351.5
96523.5
96709.9
96902.7
97085.3
97252.5
97404.1
97543.2
97670
97781.7
97876.8
97955.7
98028.7
98094
98147.3
98182.2
98196.6
98198.9
98185.8
98169.1
98146
98113.1
98057.1
97968.5
97849.8
97694.6
97508.2
97279.6
97016.4
96708.9
96359.1
95975.6
95561.5
95128.9
94679.1
94220.7
93769.3
93341.2
92939.3
92559
92217.6
91911.6
91616.4
91349.9
91130.7
90896.8
90618.6
90437.2
90316.2
90196.3
90074.9
90079.4
90090.8
90113.8
90296.2
90643
91040.7
91424
91713.2
92039.7
92355.3
92650.7
92934.7
93239.3
93541.8
93789.6
94134.3
94439.9
94749
95147.1
95640.8
99963.2
100243
100495
100735
100953
101151
101368
101568
101745
101910
102069
102220
102363
102497
102622
102740
102851
102955
103050
103137
103216
103288
103352
103406
103453
103491
103521
103542
103555
103560
103556
103545
103526
103500
103466
103425
103377
103323
103262
103196
103124
103048
102966
102880
102790
102695
102597
102495
102389
102279
102165
102046
101923
101795
101662
101523
101379
101228
101071
100906
100735
100556
100370
100171
99960.7
99740.5
99511.2
99273.3
99027.8
98777.3
98523.5
98268.2
98012.2
97754.8
97499.3
97245.6
97002.3
96768
96546.9
96336.3
96137.8
95953.4
95783.3
95632.1
95491.7
95371.2
95268.6
95178.7
95108.2
95053.6
95012.4
94994.1
94992.5
95004.1
95033.2
95077.9
95141.5
95218.9
95306.6
95413.2
95541.9
95671.4
95803.4
95951.7
96113.8
96276.7
96429.8
96585.9
96757.9
96935.4
97122.7
97326.6
97532.7
97726.3
97904.3
98067.7
98217.4
98351.4
98469.5
98573.1
98662.9
98749.6
98830.2
98897.8
98940.2
98961.6
98969.5
98960.6
98950
98927.4
98896.7
98836
98746.4
98625.9
98471.6
98283.8
98057.3
97793.1
97481.5
97132
96748.1
96335.3
95902.6
95451.3
94998.1
94560.2
94146.8
93757.1
93392.5
93066
92765.3
92474.6
92221.2
92005.4
91768.1
91483.9
91323.2
91226.7
91115.8
90993.1
90966.7
90947.7
90968.9
91216.6
91605.8
92012
92364.1
92692.1
93020.8
93339.9
93637.9
93930.8
94240.6
94518.2
94785.7
95166.7
95432.8
95774.5
96224.4
96788
99738.5
100018
100246
100498
100752
100975
101190
101403
101591
101764
101928
102085
102234
102374
102504
102627
102743
102850
102950
103041
103124
103200
103267
103325
103375
103417
103450
103474
103491
103499
103499
103491
103476
103453
103423
103386
103342
103292
103236
103175
103108
103037
102961
102882
102798
102710
102619
102525
102427
102325
102220
102110
101997
101879
101756
101628
101494
101354
101209
101055
100894
100727
100553
100369
100172
99964.9
99749.1
99524.7
99292.3
99053.9
98811.9
98568.5
98324.4
98078.6
97833.6
97590.2
97354.1
97128
96915.1
96714.8
96526.5
96351.2
96189.8
96045.6
95913.5
95798.9
95700.8
95618.9
95557.1
95509.3
95477.4
95467.4
95470.3
95487.4
95524.5
95577.7
95647.6
95730.8
95826
95942.2
96078.5
96213.6
96353.8
96511.8
96684.8
96855.7
97017
97185.8
97369.4
97560.2
97765
97987.1
98206.9
98412.5
98603
98779.9
98940.8
99083.8
99210.2
99323.2
99425.4
99527.2
99625.6
99705.8
99756.1
99786
99798.9
99798.6
99794.1
99775.4
99742.5
99678.2
99588.4
99466.9
99314.4
99127.6
98903.5
98635.7
98322.5
97974
97588.2
97173.2
96738.1
96289
95845.5
95422.1
95022.5
94644.5
94294.2
93978.3
93679.3
93396
93157.1
92941.6
92694.4
92430.5
92286.9
92208.8
92108.1
91986.8
91919.1
91863.1
91921.8
92230.4
92652.9
93061.3
93411
93750.4
94084.6
94408
94713.5
95019.2
95313
95581.1
95900
96250.4
96522.8
96916.1
97427.8
98041.3
99466.2
99744.3
100007
100289
100577
100827
101037
101235
101426
101605
101775
101938
102093
102237
102374
102502
102622
102733
102836
102932
103019
103098
103169
103231
103285
103330
103366
103395
103415
103427
103431
103427
103415
103396
103370
103337
103298
103253
103202
103146
103086
103020
102951
102878
102801
102721
102638
102551
102462
102369
102274
102174
102071
101963
101851
101734
101612
101484
101350
101209
101060
100904
100743
100573
100392
100199
99996.4
99785.6
99567.5
99342.7
99112.9
98881.1
98649.6
98417.2
98185.2
97954.2
97727.3
97508.7
97303.9
97112.1
96934
96768.3
96616.5
96480.8
96358.5
96251.3
96159.9
96088
96034.3
95995.3
95973.4
95970.2
95978.2
96004.4
96051.4
96111.2
96186
96276.5
96380.5
96506.4
96650.2
96791.6
96940.4
97108.6
97293.7
97473.5
97645
97827.2
98024
98229.9
98454.5
98695.6
98929.8
99148.6
99353.5
99545.5
99719.4
99874.4
100011
100135
100251
100370
100486
100577
100638
100677
100696
100709
100709
100693
100657
100591
100501
100380
100230
100047
99823.8
99552.5
99240.6
98889.9
98498.4
98079.7
97644.8
97202.8
96771.8
96362.2
95974.1
95605.3
95267.6
94960.2
94663.5
94389.8
94163.8
93947.7
93694.9
93456.4
93336
93269.7
93178.1
93061.5
92953.7
92880.5
92996.2
93349.5
93781.6
94181.2
94546.2
94889.3
95231.2
95567.5
95883.2
96192.4
96461.7
96742.2
97126.3
97405.3
97731.9
98184.4
98752.3
99374.6
99365
99635.6
99876.8
100140
100402
100631
100846
101052
101246
101429
101604
101771
101931
102082
102224
102358
102482
102598
102706
102806
102898
102981
103056
103122
103180
103229
103270
103302
103326
103342
103350
103350
103343
103328
103307
103279
103245
103205
103159
103109
103054
102996
102933
102867
102798
102726
102651
102574
102494
102411
102326
102237
102144
102048
101947
101842
101733
101617
101495
101367
101231
101088
100939
100783
100618
100441
100253
100056
99852.8
99642.9
99427.2
99208.8
98989.2
98770.6
98552.6
98335.4
98121.8
97913.6
97718
97534
97364.8
97209
97066.6
96940.1
96828.7
96731.1
96649.7
96587.7
96542
96512.5
96500.8
96504.7
96520.7
96557.8
96611.4
96675.7
96758
96858.4
96972.4
97109.2
97260.2
97407.1
97565.5
97747.5
97945.9
98134
98315.9
98512.9
98725.3
98948.9
99195.5
99456.6
99706.3
99940.5
100162
100371
100560
100730
100881
101018
101151
101288
101418
101520
101592
101641
101672
101695
101700
101689
101647
101584
101492
101375
101230
101050
100824
100554
100243
99883.1
99482.3
99061.6
98632.9
98202
97782.3
97384.5
97005.6
96645.5
96319.6
96020.5
95728.8
95466.5
95250.6
95030.5
94781.3
94573.5
94477
94415
94329.9
94225.3
94090.3
94030
94203.2
94576.7
95002.8
95404.5
95763
96111.7
96464.5
96810.3
97140.5
97437.5
97704.3
98009.7
98432.6
98663.9
99069.5
99581.8
100181
100795
99192.9
99495.8
99745.5
99985.6
100221
100449
100670
100878
101075
101264
101444
101616
101780
101935
102081
102218
102347
102468
102580
102684
102779
102866
102944
103014
103076
103128
103173
103209
103236
103256
103267
103271
103268
103257
103240
103217
103187
103152
103112
103067
103019
102966
102910
102851
102789
102725
102658
102589
102518
102445
102369
102290
102208
102122
102033
101940
101842
101738
101628
101512
101390
101259
101121
100978
100827
100666
100493
100311
100121
99925.1
99723.6
99519.8
99312.5
99107.6
98902.7
98698.7
98499.1
98303.9
98119
97944.2
97784.2
97638.4
97504.9
97388.9
97288.6
97201.7
97131.3
97078.5
97041.1
97021.6
97018.6
97030.5
97057.1
97102.5
97161.5
97235.6
97330.6
97442.9
97568.5
97715.3
97871.5
98025.8
98198.3
98396.4
98606.8
98803.4
98998.2
99211.8
99441.9
99686.4
99957.1
100239
100506
100758
101000
101227
101435
101624
101793
101948
102102
102258
102401
102513
102598
102660
102708
102743
102757
102749
102710
102650
102558
102449
102309
102130
101905
101641
101325
100952
100548
100132
99716.3
99298.9
98888.1
98501.5
98131.7
97781.6
97469
97180.6
96902.2
96658.3
96450.4
96220.8
95986
95819.1
95740.7
95677
95598
95510
95372.2
95346.4
95552.1
95955.9
96388.6
96778
97119.2
97475.6
97839.4
98191.9
98529.9
98815.8
99103.9
99471.4
99862.8
100129
100626
101196
101811
102454
99028.4
99307.5
99569.7
99816.3
100053
100284
100505
100714
100915
101108
101293
101468
101634
101792
101941
102082
102215
102340
102455
102562
102661
102752
102833
102907
102971
103027
103074
103114
103145
103168
103183
103191
103191
103185
103172
103152
103127
103097
103062
103023
102980
102933
102883
102831
102776
102719
102660
102600
102537
102472
102406
102337
102265
102190
102112
102030
101943
101851
101753
101649
101539
101421
101295
101163
101025
100878
100721
100554
100377
100194
100007
99817
99623.2
99431.3
99240.1
99050.1
98864.3
98682.6
98509.7
98345.6
98195.5
98058.9
97934.8
97828.8
97738.3
97662.2
97602.9
97558.9
97530.8
97521
97526.7
97549.2
97587.3
97641.7
97711.3
97800.5
97909.4
98032.7
98168.3
98323.4
98486.2
98652
98840.5
99054.9
99276.2
99483.4
99694.8
99926.8
100176
100444
100740
101045
101331
101605
101868
102117
102348
102559
102751
102929
103106
103279
103434
103563
103667
103746
103813
103862
103887
103883
103850
103792
103708
103609
103470
103297
103080
102812
102484
102107
101708
101303
100907
100504
100099
99718.5
99358.7
99020.4
98726.5
98458.2
98203.8
97981.3
97771.7
97530.1
97321.7
97200.5
97131.3
97061.2
96985.9
96909.4
96805.3
96817.8
97048.8
97491
97937.4
98312
98631.4
98997.9
99358.1
99729.9
100079
100387
100719
101122
101456
101861
102430
103062
103709
104422
98843.5
99111.9
99376.3
99625.6
99860.1
100089
100314
100528
100732
100927
101114
101292
101462
101624
101777
101923
102060
102187
102307
102419
102522
102616
102701
102778
102846
102906
102958
103001
103036
103063
103083
103094
103099
103097
103088
103074
103054
103029
103000
102967
102930
102890
102847
102802
102755
102707
102657
102605
102552
102498
102442
102383
102323
102259
102193
102123
102049
101969
101885
101794
101696
101592
101481
101361
101235
101102
100962
100811
100650
100482
100309
100133
99954.1
99776.3
99599.8
99424.3
99253.7
99087.9
98928.4
98777.8
98640
98513.5
98400.5
98303.6
98222.2
98157.3
98108.7
98074.5
98057.3
98057.7
98074.8
98110
98160.3
98227.3
98311.4
98414.2
98533.5
98665.5
98810.8
98976.1
99147.9
99327.5
99534
99766.4
99998.4
100216
100446
100698
100969
101264
101588
101916
102224
102523
102810
103084
103341
103578
103796
104000
104201
104391
104561
104712
104837
104938
105025
105086
105122
105122
105099
105042
104971
104875
104740
104575
104362
104082
103745
103376
102983
102585
102207
101819
101414
101031
100680
100361
100092
99852.4
99622.4
99410.6
99190
98948.8
98771.9
98681.3
98616.3
98535.3
98464
98395.3
98327.2
98387.4
98699.7
99166.2
99604.4
99956.1
100252
100628
100980
101357
101729
102087
102485
102893
103224
103773
104418
105113
105806
106560
98638.2
98898.4
99155.1
99404.1
99642
99872.3
100096
100312
100518
100716
100906
101089
101263
101429
101587
101736
101877
102010
102134
102250
102357
102455
102545
102626
102698
102762
102818
102866
102905
102936
102960
102977
102986
102989
102986
102977
102964
102945
102922
102896
102867
102834
102800
102763
102726
102686
102646
102605
102563
102519
102474
102428
102380
102330
102277
102220
102159
102094
102023
101947
101863
101773
101676
101571
101459
101341
101216
101082
100940
100789
100632
100470
100307
100144
99981.5
99820.8
99667
99518
99373.6
99240.2
99116.4
99003.9
98905.6
98819.5
98749.5
98696.7
98659
98636.8
98631.9
98643.8
98673.5
98720.9
98783
98863.2
98959.8
99073
99201.9
99344.3
99502.9
99680.3
99862
100060
100288
100538
100779
101009
101260
101535
101831
102156
102510
102863
103195
103522
103838
104140
104426
104693
104941
105175
105402
105613
105806
105979
106126
106250
106355
106430
106478
106481
106461
106415
106354
106260
106137
105968
105750
105467
105134
104778
104398
104000
103630
103259
102855
102466
102123
101826
101581
101363
101155
100951
100721
100493
100346
100260
100197
100111
100042
99972.8
99945.6
100084
100488
100981
101395
101719
102004
102364
102732
103108
103505
103915
104371
104777
105194
105846
106562
107321
108032
108761
98403.7
98658.2
98908.3
99154.3
99392.5
99622.7
99846.3
100063
100272
100473
100667
100853
101031
101201
101363
101516
101662
101799
101928
102048
102159
102262
102357
102443
102520
102590
102650
102702
102746
102783
102813
102835
102851
102860
102863
102861
102854
102842
102827
102808
102787
102764
102738
102712
102684
102655
102626
102596
102566
102535
102503
102471
102436
102400
102362
102320
102274
102224
102169
102108
102040
101965
101884
101795
101699
101595
101485
101368
101244
101113
100974
100830
100683
100536
100388
100244
100106
99972.4
99845.9
99729.9
99621.3
99526.8
99444.1
99372.9
99318.5
99278.3
99254.2
99246.3
99254.1
99278.7
99321.5
99380
99454.6
99547.8
99655.8
99780.7
99921.8
100078
100251
100441
100638
100860
101110
101372
101620
101870
102145
102446
102771
103129
103516
103897
104257
104617
104964
105298
105619
105920
106203
106471
106729
106968
107188
107388
107561
107708
107826
107911
107966
107977
107961
107931
107872
107790
107665
107483
107261
106983
106661
106323
105967
105582
105208
104850
104459
104070
103726
103441
103206
103003
102816
102617
102382
102183
102055
101953
101889
101810
101737
101680
101710
101963
102448
102945
103316
103603
103888
104234
104621
105029
105470
105932
106396
106792
107347
108073
108811
109595
110295
110960
98136.9
98385.1
98629.5
98871.4
99107.9
99337.8
99561.3
99778.5
99989.2
100193
100389
100578
100760
100934
101100
101258
101408
101550
101684
101809
101926
102035
102134
102226
102309
102383
102450
102508
102558
102601
102636
102665
102687
102702
102713
102718
102719
102715
102709
102699
102687
102674
102659
102643
102627
102610
102594
102577
102560
102544
102527
102509
102490
102470
102447
102422
102392
102359
102321
102277
102226
102169
102104
102032
101953
101866
101771
101670
101564
101451
101333
101210
101082
100953
100824
100697
100574
100457
100349
100248
100158
100081
100014
99961.5
99923.1
99898.6
99891.5
99897.9
99920.3
99960.5
100016
100088
100178
100284
100406
100546
100701
100872
101062
101267
101487
101733
102002
102273
102534
102807
103109
103438
103796
104194
104618
105028
105421
105819
106203
106574
106936
107275
107602
107907
108201
108473
108723
108949
109147
109317
109447
109542
109605
109627
109628
109605
109559
109471
109328
109143
108919
108651
108346
108032
107709
107352
106974
106618
106244
105858
105513
105227
104992
104794
104601
104393
104182
104028
103904
103786
103720
103662
103587
103563
103692
104063
104588
105047
105350
105613
105896
106241
106647
107088
107565
108051
108506
108974
109655
110420
111145
111903
112579
113197
97830.2
98072.6
98312.2
98549.4
98782.9
99011.5
99234.6
99452.1
99663.9
99869.6
100069
100261
100446
100624
100794
100957
101112
101259
101398
101528
101651
101765
101870
101967
102056
102137
102210
102274
102331
102381
102423
102459
102488
102512
102531
102545
102554
102561
102564
102565
102564
102562
102559
102556
102553
102550
102547
102545
102544
102543
102542
102541
102539
102536
102531
102524
102513
102498
102478
102453
102421
102382
102336
102282
102221
102151
102075
101992
101902
101808
101708
101605
101499
101390
101281
101174
101070
100973
100883
100800
100729
100668
100620
100586
100565
100558
100568
100591
100631
100687
100758
100847
100954
101075
101215
101371
101544
101733
101942
102168
102412
102680
102965
103249
103528
103826
104155
104523
104922
105362
105825
106268
106702
107143
107569
107984
108396
108775
109152
109508
109841
110152
110432
110681
110901
111092
111237
111349
111429
111463
111475
111462
111407
111296
111153
110968
110747
110503
110231
109946
109651
109322
108950
108583
108222
107840
107493
107200
106945
106721
106504
106313
106143
106018
105900
105790
105728
105697
105620
105667
105923
106375
106885
107252
107501
107747
108032
108386
108817
109268
109733
110219
110704
111309
112077
112851
113580
114297
114938
115553
97481.2
97717.3
97951.3
98183.9
98414.1
98640.5
98862.6
99079.9
99292.1
99498.9
99700
99895.1
100083
100265
100439
100606
100766
100918
101062
101198
101327
101447
101558
101662
101758
101845
101925
101997
102062
102119
102169
102213
102252
102285
102313
102337
102357
102374
102389
102402
102413
102424
102435
102446
102457
102470
102483
102498
102513
102530
102547
102565
102582
102598
102613
102625
102635
102640
102640
102635
102623
102605
102579
102544
102502
102452
102395
102330
102258
102182
102100
102016
101929
101840
101754
101668
101586
101510
101439
101377
101326
101285
101257
101242
101241
101253
101281
101324
101384
101459
101549
101657
101782
101923
102082
102257
102450
102662
102894
103142
103409
103699
104001
104301
104604
104933
105303
105715
106158
106644
107149
107631
108114
108605
109078
109546
110008
110445
110876
111284
111665
112020
112337
112620
112864
113070
113233
113357
113454
113495
113515
113483
113407
113301
113163
112983
112788
112579
112358
112107
111833
111522
111159
110778
110417
110047
109688
109365
109071
108818
108608
108426
108274
108171
108072
107987
107939
107921
107855
108007
108388
108857
109292
109548
109730
109976
110286
110649
111112
111567
112027
112514
113026
113723
114571
115348
116090
116756
117387
117995
97083.7
97313.2
97541.7
97769.6
97995.6
98219.2
98439.9
98656.9
98869.3
99076.9
99279.5
99476.6
99667.8
99852.8
100031
100203
100367
100524
100674
100816
100951
101077
101195
101306
101409
101504
101591
101671
101744
101810
101870
101924
101972
102015
102054
102089
102121
102150
102178
102204
102230
102256
102282
102309
102338
102367
102399
102432
102467
102504
102541
102579
102618
102655
102692
102726
102757
102784
102806
102823
102833
102836
102830
102817
102796
102765
102728
102682
102630
102572
102508
102443
102374
102306
102239
102173
102112
102055
102006
101966
101935
101916
101910
101916
101936
101971
102020
102085
102167
102264
102376
102506
102654
102816
102997
103196
103414
103649
103905
104179
104472
104783
105105
105429
105764
106135
106557
107015
107508
108046
108596
109126
109665
110216
110745
111269
111789
112293
112782
113245
113676
114074
114433
114751
115022
115246
115423
115557
115652
115698
115711
115675
115613
115516
115386
115240
115090
114924
114759
114546
114285
113986
113629
113238
112858
112486
112111
111753
111426
111153
110924
110721
110582
110505
110428
110376
110351
110312
110310
110605
111042
111460
111768
111903
112022
112258
112609
112982
113459
113922
114402
114883
115433
116186
117079
117842
118599
119238
119858
120373
96638
96861.5
97084.6
97307.8
97529.9
97750.2
97968.2
98183.3
98395.2
98603.3
98807
99005.9
99199.5
99387.5
99569.7
99745.6
99914.8
100077
100232
100380
100521
100654
100779
100897
101007
101111
101206
101295
101377
101453
101523
101587
101647
101702
101753
101801
101846
101889
101931
101973
102015
102057
102101
102146
102193
102242
102294
102348
102404
102462
102522
102583
102644
102705
102765
102823
102877
102928
102974
103013
103046
103071
103088
103097
103096
103087
103070
103044
103012
102972
102929
102881
102831
102781
102731
102685
102643
102606
102577
102557
102548
102550
102565
102593
102636
102693
102766
102856
102960
103080
103219
103373
103543
103731
103937
104162
104405
104666
104951
105255
105573
105910
106264
106626
107007
107432
107908
108420
108973
109571
110170
110756
111360
111981
112568
113159
113741
114312
114865
115387
115869
116307
116704
117054
117354
117597
117788
117935
118035
118094
118118
118102
118048
117962
117870
117779
117665
117562
117434
117243
116995
116699
116347
115951
115540
115133
114730
114342
113988
113675
113410
113202
113068
113008
112955
112954
112956
112874
113021
113423
113820
114125
114294
114325
114387
114580
114942
115387
115829
116292
116774
117274
117923
118747
119577
120319
121060
121691
122250
122712
96184.5
96402.8
96621.1
96839.8
97058.1
97275.3
97490.7
97704
97914.8
98122.5
98326.3
98526.1
98721.4
98911.7
99096.6
99275.6
99448.6
99615.2
99775.3
99928.4
100075
100214
100346
100471
100589
100700
100803
100901
100992
101078
101158
101233
101303
101370
101433
101494
101553
101611
101668
101726
101784
101843
101905
101968
102035
102104
102176
102252
102330
102410
102493
102577
102661
102745
102829
102910
102988
103062
103130
103193
103248
103295
103333
103363
103383
103394
103396
103389
103375
103354
103327
103297
103265
103231
103199
103170
103145
103127
103116
103115
103124
103146
103181
103230
103295
103374
103470
103583
103709
103855
104018
104194
104390
104605
104834
105085
105358
105650
105968
106303
106653
107027
107430
107842
108279
108762
109297
109872
110489
111147
111799
112451
113137
113807
114473
115138
115790
116426
117040
117628
118161
118648
119085
119469
119798
120068
120285
120454
120573
120644
120682
120692
120665
120625
120592
120544
120481
120422
120301
120125
119888
119589
119244
118857
118428
117982
117543
117123
116733
116390
116117
115905
115775
115723
115697
115748
115737
115697
116017
116422
116690
116857
116898
116862
116911
117078
117414
117904
118308
118758
119229
119797
120536
121392
122175
122881
123590
124204
124678
125127
95789.5
96003.6
96218.1
96433.2
96648.2
96862.6
97076
97287.8
97497.3
97704.1
97907.8
98107.9
98303.9
98495.5
98682.2
98863.5
99039.2
99209
99372.6
99529.7
99680.3
99824.2
99961.5
100092
100216
100333
100444
100549
100648
100741
100830
100914
100994
101071
101145
101218
101288
101359
101429
101501
101574
101648
101726
101806
101890
101976
102067
102161
102258
102358
102461
102565
102670
102774
102878
102979
103078
103171
103259
103341
103415
103480
103537
103583
103620
103648
103665
103674
103675
103668
103657
103640
103622
103602
103584
103569
103559
103555
103559
103574
103599
103638
103690
103757
103839
103939
104055
104186
104334
104503
104685
104883
105105
105342
105595
105878
106184
106505
106855
107223
107609
108024
108475
108936
109423
109959
110550
111184
111859
112566
113271
113989
114743
115474
116216
116955
117680
118379
119053
119691
120277
120818
121305
121730
122099
122402
122651
122832
122942
123013
123083
123147
123182
123201
123209
123196
123181
123126
123008
122837
122595
122295
121952
121576
121143
120697
120252
119815
119408
119055
118774
118568
118464
118396
118399
118442
118402
118532
118929
119196
119322
119371
119325
119286
119398
119595
119861
120239
120641
121080
121568
122209
122964
123783
124612
125310
125990
126553
126953
127373
95473
95683.9
95895.6
96108.1
96320.7
96532.9
96744.5
96954.8
97163.2
97369.3
97572.7
97772.8
97969.2
98161.5
98349.3
98532.2
98709.8
98881.8
99047.9
99207.9
99361.7
99509.3
99650.4
99785.2
99913.4
100036
100152
100262
100367
100467
100562
100654
100742
100827
100910
100991
101072
101152
101233
101316
101401
101488
101578
101672
101769
101870
101976
102085
102198
102314
102432
102553
102674
102795
102915
103032
103146
103256
103359
103456
103544
103624
103694
103754
103803
103843
103872
103893
103905
103909
103908
103902
103894
103885
103877
103873
103874
103881
103897
103924
103962
104013
104080
104161
104258
104373
104504
104651
104819
105005
105204
105424
105668
105926
106207
106515
106852
107200
107574
107972
108390
108840
109326
109826
110355
110935
111570
112253
112975
113722
114476
115249
116043
116841
117652
118451
119240
119997
120722
121404
122045
122634
123171
123645
124062
124392
124650
124830
124954
125062
125182
125280
125357
125411
125439
125453
125452
125392
125268
125085
124839
124538
124192
123817
123404
122974
122536
122101
121695
121344
121069
120879
120771
120697
120715
120714
120715
120996
121320
121445
121478
121452
121369
121375
121531
121724
121904
122153
122549
122984
123517
124197
124927
125729
126575
127309
127952
128456
128848
129169
95224.2
95432.7
95642.3
95852.8
96063.6
96274.2
96484.3
96693.3
96900.7
97106.1
97309.1
97509.2
97705.8
97898.6
98087.1
98271
98449.9
98623.4
98791.3
98953.4
99109.7
99259.9
99404
99541.8
99673.6
99799.4
99919.5
100034
100144
100249
100350
100447
100540
100632
100721
100810
100898
100987
101077
101168
101262
101359
101459
101563
101672
101785
101902
102023
102148
102277
102408
102542
102676
102810
102943
103073
103199
103321
103436
103544
103644
103734
103814
103884
103943
103992
104030
104059
104079
104092
104099
104101
104100
104099
104099
104103
104111
104127
104152
104188
104236
104298
104375
104466
104577
104704
104847
105010
105192
105392
105609
105846
106109
106392
106701
107041
107386
107751
108148
108572
109013
109489
110000
110536
111100
111712
112381
113101
113859
114642
115438
116253
117089
117943
118804
119655
120491
121295
122067
122795
123483
124118
124695
125203
125643
126004
126278
126486
126670
126839
126981
127089
127176
127245
127287
127313
127304
127236
127105
126913
126668
126374
126035
125662
125255
124828
124400
123978
123585
123245
122980
122800
122675
122613
122622
122604
122699
123013
123220
123259
123241
123177
123101
123160
123289
123439
123560
123733
124093
124529
125095
125780
126476
127302
128133
128884
129473
129960
130370
130572
95032.3
95239
95446.9
95655.8
95865.1
96074.5
96283.6
96491.6
96698.2
96903.2
97105.8
97305.7
97502.4
97695.4
97884.3
98068.9
98248.6
98423.2
98592.4
98756.1
98914.2
99066.3
99212.5
99352.7
99487.1
99615.8
99738.9
99857
99970.2
100079
100184
100285
100383
100479
100574
100669
100763
100857
100954
101052
101153
101257
101366
101478
101596
101717
101844
101974
102109
102248
102389
102532
102677
102821
102964
103104
103240
103371
103495
103612
103720
103818
103906
103983
104049
104105
104150
104185
104211
104229
104242
104250
104255
104259
104265
104274
104289
104311
104343
104385
104441
104511
104595
104697
104816
104953
105107
105282
105478
105688
105919
106176
106461
106764
107089
107433
107804
108182
108595
109032
109488
109986
110525
111089
111677
112313
113008
113757
114542
115354
116187
117040
117913
118805
119708
120599
121472
122314
123122
123892
124611
125284
125893
126430
126882
127270
127582
127854
128094
128301
128452
128558
128643
128718
128768
128791
128772
128700
128571
128375
128134
127847
127515
127140
126733
126310
125891
125485
125108
124781
124524
124341
124220
124167
124146
124164
124334
124597
124706
124704
124663
124588
124540
124623
124684
124784
124873
125023
125332
125756
126329
126990
127691
128556
129378
130076
130632
131124
131480
131641
94886.9
95092.3
95298.9
95506.5
95714.8
95923.2
96131.4
96338.9
96545.1
96749.5
96951.8
97151.5
97348.1
97541.3
97730.6
97915.6
98095.9
98271.2
98441.3
98606.2
98765.5
98919
99066.7
99208.7
99345
99475.7
99601.2
99721.7
99837.5
99949
100057
100161
100263
100363
100462
100560
100659
100758
100859
100963
101070
101180
101294
101413
101537
101665
101799
101937
102079
102225
102374
102525
102677
102829
102980
103127
103271
103409
103540
103663
103777
103881
103975
104058
104129
104189
104239
104278
104309
104331
104348
104360
104369
104378
104388
104401
104420
104447
104484
104532
104592
104668
104759
104868
104995
105138
105302
105488
105689
105910
106157
106445
106732
107038
107373
107738
108120
108510
108929
109374
109849
110370
110928
111508
112114
112771
113485
114250
115055
115890
116751
117637
118544
119468
120400
121324
122224
123098
123932
124730
125476
126172
126803
127364
127851
128263
128622
128953
129224
129448
129604
129705
129788
129863
129911
129928
129904
129832
129708
129520
129282
128996
128661
128282
127881
127468
127061
126670
126304
125991
125740
125557
125440
125384
125355
125423
125621
125809
125848
125826
125783
125705
125678
125746
125756
125808
125884
126022
126290
126690
127269
127904
128650
129519
130307
130966
131515
132001
132303
132448
94779
94983.4
95189
95395.7
95603.2
95811
96018.7
96225.6
96431.4
96635.5
96837.6
97037.1
97233.7
97426.9
97616.4
97801.7
97982.3
98158.2
98329
98494.7
98654.9
98809.3
98958.1
99101.6
99239.5
99371.7
99498.5
99620.4
99738.4
99852
99961.9
100069
100173
100276
100378
100479
100581
100684
100789
100896
101007
101122
101240
101364
101492
101626
101765
101908
102056
102208
102363
102520
102678
102836
102992
103145
103294
103437
103573
103701
103820
103928
104026
104113
104188
104251
104304
104347
104381
104406
104426
104440
104452
104464
104477
104493
104516
104546
104586
104638
104703
104783
104880
104993
105125
105275
105445
105636
105844
106072
106339
106621
106918
107241
107584
107960
108348
108745
109166
109627
110124
110661
111229
111819
112442
113112
113837
114615
115436
116288
117169
118078
119013
119968
120924
121867
122788
123683
124540
125356
126128
126841
127491
128070
128586
129030
129427
129788
130084
130319
130475
130576
130657
130725
130767
130780
130754
130684
130565
130389
130152
129866
129527
129143
128747
128349
127951
127567
127215
126913
126669
126486
126369
126306
126306
126407
126594
126714
126706
126675
126636
126555
126533
126564
126554
126570
126642
126760
126996
127397
127963
128601
129387
130227
130992
131629
132183
132639
132909
133051
94700.9
94904.7
95109.4
95315.3
95522.4
95729.9
95937.2
96143.7
96349
96552.9
96754.7
96954.2
97150.8
97344.2
97533.9
97719.4
97900.3
98076.4
98247.8
98414.1
98575
98731.3
98881.7
99025.9
99164.3
99297.5
99425.7
99548.9
99667.1
99781.6
99892.9
100001
100108
100212
100316
100420
100524
100630
100738
100848
100962
101079
101202
101328
101460
101598
101740
101888
102040
102196
102355
102516
102679
102841
103001
103158
103311
103458
103597
103729
103851
103962
104063
104152
104230
104296
104352
104397
104432
104460
104481
104498
104512
104525
104541
104559
104584
104617
104659
104714
104782
104865
104965
105082
105220
105373
105547
105743
105958
106196
106463
106750
107061
107393
107740
108122
108513
108915
109341
109812
110321
110867
111439
112039
112674
113359
114096
114885
115716
116578
117470
118396
119355
120333
121308
122264
123198
124107
124982
125814
126603
127333
128001
128600
129133
129603
130020
130388
130706
130948
131110
131215
131295
131357
131396
131405
131377
131307
131190
131019
130788
130502
130164
129780
129382
128993
128603
128222
127881
127587
127348
127170
127053
126998
127031
127143
127306
127379
127339
127296
127259
127179
127148
127142
127119
127122
127189
127289
127506
127921
128459
129137
129925
130733
131478
132122
132668
133089
133352
133491
94646.3
94849.6
95054.8
95260.8
95467
95673.6
95880.2
96086.3
96291.3
96495
96696.7
96896.1
97092.7
97286.1
97476
97662.2
97843.7
98020.4
98192.2
98358.8
98520.2
98675.6
98825.8
98970.4
99109.7
99243.8
99372.7
99496.9
99616.5
99732.3
99844.8
99954.5
100062
100168
100273
100379
100485
100592
100701
100814
100930
101050
101174
101303
101438
101578
101723
101874
102029
102188
102350
102514
102679
102844
103007
103167
103323
103472
103614
103748
103872
103986
104089
104180
104260
104328
104385
104431
104468
104497
104520
104538
104553
104568
104585
104605
104631
104666
104710
104767
104837
104922
105025
105144
105287
105442
105620
105819
106040
106282
106551
106848
107162
107498
107849
108232
108627
109035
109471
109943
110455
111003
111580
112189
112838
113540
114286
115077
115912
116780
117681
118621
119597
120591
121579
122544
123487
124404
125291
126137
126938
127683
128365
128980
129527
130011
130434
130801
131129
131381
131558
131670
131748
131808
131846
131851
131818
131747
131630
131458
131232
130947
130616
130240
129840
129450
129065
128688
128352
128064
127827
127656
127546
127510
127558
127670
127809
127854
127793
127735
127693
127624
127575
127538
127506
127509
127572
127664
127880
128287
128815
129522
130291
131082
131813
132468
132997
133404
133668
133797
94609.5
94812.3
95016.8
95222.6
95428.8
95635.3
95841.7
96047.6
96252.5
96456
96657.6
96856.8
97053.4
97246.7
97436.4
97622
97803.7
97980.8
98153
98320
98481.5
98637.8
98788.6
98933.7
99073.4
99207.8
99337.1
99461.7
99582.2
99698.7
99812
99922.6
100031
100138
100244
100351
100458
100566
100677
100791
100908
101030
101156
101287
101423
101565
101712
101864
102021
102182
102346
102512
102680
102847
103012
103174
103331
103482
103626
103761
103887
104002
104107
104199
104280
104349
104407
104455
104493
104523
104546
104565
104581
104597
104615
104636
104663
104699
104744
104802
104873
104961
105066
105187
105329
105488
105668
105871
106096
106341
106614
106911
107229
107568
107920
108301
108700
109115
109555
110029
110545
111096
111675
112293
112958
113668
114415
115205
116044
116917
117824
118775
119764
120767
121761
122734
123682
124605
125497
126353
127163
127919
128612
129238
129796
130287
130711
131075
131401
131663
131857
131975
132057
132117
132152
132152
132116
132044
131925
131751
131525
131245
130919
130553
130160
129767
129383
129011
128676
128391
128160
127993
127894
127870
127918
128025
128146
128177
128108
128034
127982
127926
127859
127800
127763
127766
127828
127922
128146
128534
129065
129773
130528
131314
132036
132696
133214
133618
133883
134000
94586.1
94788.6
94993
95198.6
95404.7
95611.2
95817.4
96023.1
96227.9
96431.2
96632.7
96832
97028.5
97221.9
97411.6
97597.4
97779
97956.1
98128.3
98295.3
98457.1
98613.6
98764.5
98910
99050
99184.8
99314.6
99439.8
99560.7
99677.8
99791.6
99902.7
100012
100119
100226
100333
100441
100550
100662
100776
100895
101017
101144
101276
101413
101556
101705
101858
102016
102179
102344
102511
102680
102848
103014
103177
103336
103488
103633
103770
103896
104013
104118
104211
104293
104362
104421
104469
104508
104539
104563
104582
104599
104615
104633
104655
104683
104719
104766
104823
104898
104985
105091
105213
105355
105516
105699
105905
106132
106380
106654
106951
107270
107607
107962
108343
108746
109164
109607
110085
110601
111155
111738
112367
113038
113747
114494
115286
116127
117003
117915
118874
119871
120878
121874
122851
123804
124730
125626
126487
127303
128065
128766
129400
129965
130461
130884
131246
131568
131834
132040
132167
132254
132310
132341
132338
132301
132230
132110
131933
131706
131429
131107
130748
130362
129971
129587
129219
128888
128606
128378
128216
128122
128100
128144
128245
128353
128379
128308
128224
128163
128114
128037
127966
127925
127927
127987
128085
128319
128694
129224
129925
130677
131460
132175
132840
133354
133756
134017
134126
94572.4
94775.2
94979.7
95185.2
95391.3
95597.5
95803.7
96009.3
96214.1
96417.4
96618.9
96818.1
97014.6
97207.9
97397.7
97583.5
97765.1
97942.2
98114.5
98281.7
98443.6
98600.1
98751.2
98896.8
99037
99172
99302.1
99427.5
99548.6
99666
99780.1
99891.5
100001
100109
100216
100323
100432
100541
100653
100768
100887
101010
101138
101270
101408
101552
101701
101855
102014
102177
102343
102511
102680
102849
103016
103180
103339
103491
103637
103774
103901
104018
104124
104217
104299
104370
104429
104477
104516
104547
104572
104592
104609
104625
104644
104666
104694
104731
104778
104836
104910
104999
105104
105228
105370
105533
105717
105923
106152
106402
106676
106972
107291
107629
107986
108368
108771
109191
109637
110116
110633
111188
111774
112408
113080
113789
114537
115331
116173
117051
117967
118930
119929
120936
121933
122913
123870
124799
125698
126561
127379
128145
128850
129488
130057
130556
130978
131339
131660
131926
132136
132275
132362
132414
132442
132438
132402
132332
132211
132032
131805
131529
131208
130852
130471
130083
129699
129333
129007
128726
128501
128341
128248
128225
128265
128362
128462
128487
128418
128329
128263
128215
128137
128059
128015
128016
128074
128174
128414
128785
129313
130010
130762
131541
132256
132923
133434
133833
134090
134195
94566.8
94769.6
94974.1
95179.5
95385.6
95591.8
95797.9
96003.6
96208.3
96411.6
96613
96812.2
97008.7
97202
97391.8
97577.7
97759.3
97936.4
98108.6
98275.8
98437.8
98594.3
98745.5
98891.2
99031.5
99166.6
99296.7
99422.2
99543.5
99661
99775.2
99886.8
99996.3
100104
100212
100319
100428
100538
100650
100765
100884
101007
101135
101268
101406
101550
101699
101854
102013
102176
102342
102511
102680
102849
103016
103180
103340
103493
103639
103776
103903
104020
104126
104220
104302
104373
104432
104481
104520
104551
104576
104595
104612
104629
104648
104670
104699
104735
104782
104841
104915
105004
105110
105233
105376
105539
105723
105931
106160
106410
106684
106981
107299
107637
107996
108378
108781
109202
109649
110129
110646
111202
111790
112424
113096
113806
114555
115349
116192
117071
117989
118954
119952
120959
121957
122939
123897
124828
125728
126591
127411
128178
128884
129523
130093
130593
131014
131376
131696
131963
132172
132318
132403
132454
132481
132477
132442
132372
132251
132071
131843
131568
131248
130893
130512
130125
129742
129377
129052
128773
128548
128389
128297
128273
128312
128407
128504
128528
128461
128371
128303
128255
128177
128097
128052
128052
128109
128210
128452
128822
129350
130046
130798
131575
132290
132955
133468
133865
134120
134223
85829.7
86128.3
86536.1
87047.7
87659.1
88354.7
89091
89808.6
90426.7
90877.2
91110.6
91109.7
90872.6
90435.7
89859.4
89232.2
88762
88608
88873.5
89549.3
90654.6
92185.8
94122.1
96085.9
98199.7
85858.5
86165.7
86575.8
87086.5
87699.5
88394.3
89128.8
89842.8
90452.7
90894.2
91119.1
91111.4
90869.6
90430.7
89853.6
89232.3
88764.4
88620.3
88898.1
89583.6
90696.8
92233.6
94173.2
96126.5
98260.6
85896.2
86211.1
86627.7
87142.2
87757.8
88450.3
89181.4
89890.5
90491.2
90925.1
91142.1
91127.9
90880.4
90437.1
89859
89241.4
88778.9
88636.4
88922.1
89613.7
90731.3
92268.1
94203
96163.6
98290.8
85951.3
86274
86697.5
87216
87834
88523.3
89247.7
89950.1
90540.6
90965.7
91174.8
91153.9
90901.8
90453.8
89874.6
89263.1
88804.1
88663.9
88954.6
89652.9
90775.4
92314.5
94252.4
96208.8
98320.4
86024.4
86355.9
86784.9
87306.9
87927.1
88613.8
89329
90022.2
90602.1
91016.6
91218.1
91189.3
90933.3
90482.1
89900.4
89295.4
88843.3
88703.1
88996.1
89702
90831.2
92372.9
94309.9
96257.8
98350.5
86115.6
86456.3
86891.1
87418.1
88038.6
88720.2
89425.5
90107.6
90675.3
91078.1
91272.8
91235.5
90974.6
90522.9
89937.9
89336.8
88894.8
88754.8
89047.6
89761.3
90898.5
92443.1
94374.1
96309.3
98380.7
86224.8
86574.2
87013.6
87547.1
88170.3
88843.2
89536.6
90206.1
90759.8
91150.2
91339
91293.7
91026.4
90575.8
89988.8
89388.1
88956.3
88818.9
89109.8
89831
90976.2
92523.4
94444.6
96363.4
98410.9
86349.8
86707.8
87152.5
87690.9
88316.6
88979.9
89661.8
90316.9
90855.2
91233.2
91416.8
91365.2
91090.1
90640.2
90053.8
89451.7
89027
88894.5
89183.1
89912
91063.2
92613.3
94521.3
96420
98441.2
86489.3
86855.3
87307.4
87849.3
88473
89126.3
89798.1
90438.5
90961
91327.5
91506.4
91450.6
91167.7
90716.8
90133.1
89529.5
89107.6
88980.6
89267.7
90004
91160.2
92712.1
94604.6
96479.4
98471.7
86642.2
87016.9
87477.4
88020.5
88634
89281.5
89946.6
90569
91076
91434.2
91609.2
91550.6
91261.1
90806.6
90226.1
89622.4
89199
89076.6
89363.5
90106.9
91267.4
92819.9
94694.5
96541.7
98502.4
86807.4
87195.2
87663.3
88204.1
88799.6
89446.1
90106.7
90707.2
91199.6
91554
91726.6
91665.7
91371.5
90910.9
90333.3
89730.4
89302
89182.3
89470.4
90220.8
91385
92936.4
94790.8
96607.2
98533.5
86990.9
87391.8
87860.5
88395.8
88980.2
89623.1
90277.4
90857.3
91335.2
91688.4
91859.5
91796.2
91499.6
91031.2
90455.1
89853.4
89416.8
89297.9
89588.2
90345.9
91512.9
93061.7
94893.3
96675.8
98565.1
87194.8
87602.4
88067.5
88600.3
89189.6
89822.7
90463.9
91024.9
91487.7
91841.1
92010.1
91943.9
91646.3
91169.1
90593.3
89991.2
89543.6
89423.3
89716.7
90482.1
91651.1
93195.6
95001.7
96747.4
98597.2
87415.6
87825.3
88291
88826.2
89421.1
90042.5
90668.2
91213.8
91664.9
92017.7
92180.7
92111.4
91812.3
91325.9
90749.5
90143.6
89682.8
89558.9
89856
90629.7
91799.5
93338
95115.6
96821.8
98630
87651.9
88069.3
88538.6
89068.1
89655.5
90272.9
90890.3
91426.8
91873
92221
92374.3
92301.1
91997.8
91503.5
90925.6
90310.4
89834.9
89705.3
90006.4
90788.9
91957.9
93488.5
95235.1
96898.9
98663.4
87912
88340.7
88803
89321.7
89901.1
90520.6
91137.1
91670.8
92113.8
92450.7
92594.6
92514.9
92204
91704.4
91121.8
90491.9
90001
89863.7
90168.1
90960
92126.4
93646.3
95360.3
96978.2
98697.7
88203.6
88631.2
89082.1
89596.2
90186
90807.8
91422.8
91952.6
92391.2
92715.4
92847.7
92754.6
92433.1
91930.1
91337.2
90688.7
90182.7
90036
90342.5
91143.9
92305.1
93810.8
95490.7
97059.4
98732.7
88523.5
88939.4
89381.2
89905.9
90511.5
91139.9
91750.5
92274.9
92713.9
93023.6
93138.1
93021.9
92687.3
92182.6
91570
90902.7
90381.8
90223.3
90529.9
91340.6
92493.8
93981.3
95625.2
97141.4
98768.6
88869.8
89269.8
89716.4
90265.1
90889
91519.9
92125
92645.9
93087.6
93380.9
93468.6
93324.1
92978.8
92471.1
91828.9
91145.9
90610.5
90439.3
90743.8
91564.8
92707.9
94174
95776.7
97233.9
98811.3
89243.3
89634.4
90102
90682
91316.7
91944.8
92549.7
93069.8
93507.7
93781.9
93836.8
93663.7
93314.3
92795.1
92118.6
91426.8
90875.8
90689.8
90987.9
91819.3
92947.7
94389.4
95940.3
97335.2
98858.2
89648
90045.3
90544.2
91153.2
91786.3
92411.6
93023.8
93540.2
93959.9
94213.9
94235.5
94033.2
93685.1
93140.4
92433.3
91737.1
91166.4
90963.7
91250.6
92091.2
93199.3
94615.4
96105.3
97441.2
98906.5
90094.4
90511.4
91045
91669.4
92303.4
92928
93548.4
94053.2
94434.2
94677.8
94681.8
94453.9
94096.6
93506.6
92777.9
92076.9
91483.2
91264
91534
92376.5
93461.1
94848.8
96271.5
97550.2
98955.4
90594.7
91039.2
91602.1
92225
92874.4
93497.3
94116.4
94604.5
94933.4
95180
95188.5
94945.8
94547
93895
93154.6
92446.2
91825.8
91591
91840.4
92667.7
93731.6
95082.8
96437.1
97658.6
99004.5
91157.8
91630.9
92211.2
92827.7
93498.3
94116.8
94721.9
95200.4
95475.8
95726
95751.1
95495.6
95019.9
94308.7
93563.1
92840.5
92190.1
91942.8
92166.2
92962.7
94008.4
95310.3
96600.2
97764.3
99053.9
91790.3
92287.4
92878.2
93497.2
94170.1
94789.9
95376.8
95844.2
96089.2
96314.7
96341.3
96069.2
95502.3
94751.9
94000.7
93249.8
92576.9
92301.6
92504.6
93271.8
94277.9
95529.4
96760.6
97866.5
99103.9
92498.4
93017.7
93615.5
94247.5
94893.8
95519.1
96087.6
96529
96769.7
96942.1
96944
96641.3
95996.6
95226.5
94461.1
93669.1
92990.3
92652.1
92849.5
93586.5
94538.1
95742.7
96918.4
97965.4
99154.8
93290.6
93828.5
94430.1
95069.6
95681.9
96302.8
96853.6
97249.2
97504.6
97609.9
97559
97211.8
96512.8
95731.2
94935.1
94099.2
93421.3
93016.5
93192.9
93895.9
94795.4
95953.8
97073.3
98061.2
99207
94167.4
94714.2
95312.5
95938.2
96528.1
97135
97666.3
98042.3
98273.5
98307.1
98186
97783.5
97048
96248.6
95409.1
94529.8
93842.7
93415.4
93529.1
94191.3
95046.4
96157.1
97220
98150.3
99258.1
95128.2
95681.3
96263.8
96851.2
97434
98024.4
98522
98867.8
99068.9
99027.7
98829.2
98365.8
97601.8
96774.8
95881.8
94955.7
94243.6
93823.8
93873.1
94474.5
95292.6
96354.5
97360.1
98234.3
99308.9
96188.2
96746
97303.4
97860
98424.1
98988.3
99423.5
99730.2
99897.1
99778.5
99501.7
98975
98185.2
97319.4
96364
95386.5
94635.4
94216.8
94232.3
94754.7
95541.7
96553.2
97498.3
98316.3
99361.1
97348.7
97888.2
98433.6
98963.4
99505.6
100022
100359
100656
100749
100568
100206
99614.5
98793.5
97876.3
96852.3
95825.2
95029.4
94593.2
94583.6
95035.8
95794.4
96752.4
97634.2
98396.5
99414.6
98592.1
99100.7
99656.2
100156
100618
101072
101412
101647
101673
101410
100945
100284
99423.8
98441
97342
96274.3
95440.4
94960.2
94919
95321.9
96050.5
96950.1
97766.9
98475.1
99469.2
99924.3
100436
100970
101474
101820
102210
102545
102708
102668
102305
101720
100981
100074
99013.8
97834.4
96726.3
95870.7
95344.8
95250.3
95614.6
96307.6
97144
97896.2
98552
99524.7
101396
101880
102387
102900
103217
103487
103755
103852
103712
103236
102530
101706
100727
99583.3
98329.7
97171.7
96270.7
95720.5
95587.6
95910.5
96560.7
97332.2
98021.9
98627.3
99581
103116
103560
104034
104450
104781
104955
105109
105122
104859
104260
103418
102485
101397
100160
98845.4
97626.1
96675.4
96092.4
95934.7
96213.5
96811.2
97516.9
98146.3
98701.3
99637.3
105099
105532
105912
106236
106475
106558
106598
106518
106116
105369
104382
103310
102086
100740
99373.1
98086.9
97086.1
96462.4
96281.9
96515.2
97055.8
97697.8
98269
98774.4
99694.2
107163
107569
107846
108072
108209
108196
108128
107957
107417
106501
105370
104139
102771
101299
99882.7
98536.8
97487.3
96821.3
96613.2
96802.5
97286.9
97870.1
98386.3
98844.3
99750
109255
109488
109717
109934
110017
109896
109691
109406
108736
107647
106373
104984
103445
101837
100367
98971.9
97875.6
97169.7
96929.9
97075.3
97504.3
98033.8
98498.5
98910.7
99803.9
111333
111493
111708
111843
111875
111663
111292
110837
110039
108798
107362
105826
104120
102366
100825
99388.6
98248.1
97506
97231.3
97332.6
97708.5
98188.7
98604.7
98973.2
99855.3
113504
113690
113801
113823
113752
113445
112922
112258
111299
109931
108320
106644
104796
102903
101269
99787.8
98602.7
97828.2
97516.7
97573.5
97900.4
98334.5
98704.4
99031.6
99903.9
115862
115952
115959
115862
115652
115220
114563
113692
112532
111032
109259
107423
105453
103455
101706
100165
98938.6
98134.4
97785
97797.5
98080.1
98470.7
98797.3
99086.3
99949.5
118217
118207
118122
117910
117560
116999
116193
115126
113763
112092
110145
108146
106063
103958
102106
100518
99254.8
98422.5
98034.5
98004.3
98247.6
98597.2
98883.6
99137.5
99991.8
120553
120464
120283
119944
119447
118760
117787
116529
114977
113109
110978
108815
106607
104417
102480
100847
99549.9
98690.6
98264.4
98194.1
98402.4
98713.5
98963.4
99185.5
100031
122876
122720
122423
121936
121294
120471
119316
117870
116145
114086
111761
109434
107094
104834
102827
101150
99823
98937.3
98473.8
98367.1
98543.8
98819.3
99037.2
99230.3
100065
125256
125022
124603
123965
123195
122217
120853
119204
117300
115059
112549
110045
107573
105233
103170
101448
100092
99179.3
98678
98537.1
98682.6
98923.3
99111.6
99275.7
100099
127431
127121
126611
125862
124987
123855
122275
120425
118341
115922
113276
110608
108018
105588
103477
101712
100334
99394.9
98859.1
98689.1
98805.2
99015.1
99180
99316.4
100126
129163
128797
128223
127412
126456
125201
123445
121428
119201
116624
113863
111069
108381
105870
103717
101918
100524
99561.4
98998.7
98807
98898.8
99085.1
99234.2
99346.9
100143
130526
130120
129504
128665
127644
126287
124399
122248
119915
117192
114326
111442
108666
106098
103908
102081
100672
99689.1
99105.8
98897.6
98969.5
99137.6
99276.6
99368.9
100154
131575
131150
130517
129670
128592
127147
125161
122898
120479
117645
114678
111734
108890
106280
104060
102210
100785
99786.2
99187.7
98966.9
99022.1
99176.6
99309.5
99384.1
100159
132365
131930
131303
130458
129328
127815
125754
123400
120904
118010
114958
111958
109068
106423
104179
102310
100872
99859.7
99249.8
99018.8
99060.8
99205.1
99334.9
99394
100161
132950
132515
131902
131048
129879
128318
126201
123779
121222
118302
115188
112133
109211
106535
104272
102388
100937
99915.1
99296.5
99056.8
99088.5
99225.4
99353.9
99400
100159
133372
132949
132342
131468
130277
128686
126525
124059
121457
118526
115383
112272
109323
106623
104346
102448
100987
99956.5
99330.8
99083.8
99107.8
99239.3
99367.7
99403.7
100156
133668
133261
132647
131756
130553
128939
126752
124263
121630
118690
115546
112384
109408
106695
104403
102494
101025
99987.1
99355.6
99102.3
99120.9
99248.8
99375.6
99407.2
100152
133870
133473
132848
131946
130739
129109
126909
124410
121755
118807
115659
112473
109472
106752
104446
102529
101053
100009
99372.9
99114.5
99129.3
99254.8
99380.7
99409.1
100147
133998
133605
132973
132068
130858
129219
127017
124513
121844
118890
115733
112538
109522
106795
104478
102555
101073
100025
99384.7
99122.3
99134.3
99258.3
99383.4
99410.1
100141
134069
133680
133047
132141
130930
129289
127090
124583
121906
118950
115784
112580
109560
106827
104503
102575
101089
100036
99392.3
99126.8
99137.2
99261
99385.4
99411.2
100136
134103
133722
133096
132197
130990
129354
127159
124650
121966
119006
115837
112627
109600
106859
104527
102592
101101
100045
99397.4
99129.3
99138.1
99261.1
99385.3
99409.1
100132
)
;

boundaryField
{
    inlet
    {
        type            zeroGradient;
    }
    outlet
    {
        type            waveTransmissive;
        phi             phi;
        rho             rho;
        psi             psi;
        gamma           1.3;
        fieldInf        100000;
        lInf            0.3;
        value           nonuniform List<scalar> 
57
(
98887.7
98932.5
98972.2
99001.3
99029.3
99054.8
99078.2
99100.3
99121.4
99141.7
99161.4
99180.7
99199.9
99219.1
99238.6
99258.9
99279.9
99301.5
99329.4
99361.7
99392
99420.6
99449.9
99481.3
99515.8
99554
99595.4
99638.3
99682.1
99728.5
99777.3
99828.4
99881.6
99936.1
99991.6
100047
100101
100154
100205
100254
100302
100348
100392
100433
100472
100502
100521
100531
100535
100532
100526
100518
100510
100502
100494
100485
100480
)
;
    }
    upperWall
    {
        type            zeroGradient;
    }
    lowerWall
    {
        type            zeroGradient;
    }
    frontAndBack
    {
        type            empty;
    }
}


// ************************************************************************* //
