/*--------------------------------*- C++ -*----------------------------------*\
| =========                 |                                                 |
| \\      /  F ield         | OpenFOAM: The Open Source CFD Toolbox           |
|  \\    /   O peration     | Version:  dev                                   |
|   \\  /    A nd           | Web:      http://www.openfoam.org               |
|    \\/     M anipulation  |                                                 |
\*---------------------------------------------------------------------------*/
FoamFile
{
    version     2.0;
    format      ascii;
    class       volScalarField;
    object      T;
    location    "9.128";
}
// * * * * * * * * * * * * * * * * * * * * * * * * * * * * * * * * * * * * * //

dimensions      [0 0 0 1 0 0 0];

internalField   nonuniform List<scalar> 
12225
(
294.24
293.63
293.853
294.184
294.278
294.691
294.937
295.369
295.776
296.169
296.73
297.038
297.635
298.166
298.206
299.55
298.835
299.333
293.461
292.865
293.242
293.319
293.535
293.503
293.962
293.884
294.663
294.477
295.566
295.388
296.135
297.187
296.219
298.057
298.706
298.919
293.516
292.885
293.215
293.27
293.34
293.466
293.594
293.826
293.957
294.421
294.528
295.077
295.235
295.958
296.012
296.594
296.828
296.857
293.5
293.132
292.923
293.594
292.989
293.917
293.275
294.381
293.769
294.907
294.428
295.477
294.848
296.42
295.465
296.797
297.481
296.395
293.111
293.398
292.781
293.818
293.104
294.04
293.54
294.351
294.144
294.798
294.803
295.212
295.241
295.886
295.425
296.725
296.742
296.415
292.957
293.43
292.743
293.848
293.136
294.047
293.564
294.353
294.119
294.809
294.629
295.115
295.296
295.585
296.067
296.052
296.563
296.906
292.948
293.431
292.643
293.828
293.033
293.972
293.482
294.265
293.97
294.682
294.554
295.066
295.236
295.692
296.121
296.436
296.651
297.426
292.919
293.352
292.602
293.688
293.002
293.911
293.502
294.168
293.934
294.476
294.587
294.956
295.302
295.679
296.069
296.442
296.817
296.919
292.878
293.347
292.612
293.538
292.914
293.906
293.533
294.13
293.801
294.407
294.525
294.947
295.173
295.748
295.973
296.348
296.523
296.675
292.895
293.253
292.683
293.441
292.831
293.749
293.464
294.004
293.745
294.348
294.519
294.937
295.228
295.7
296.086
296.332
296.601
296.776
292.986
293.165
292.764
293.383
293.025
293.595
293.415
293.85
293.841
294.341
294.623
295.019
295.398
295.757
296.221
296.395
296.798
297.002
293.193
293.014
292.842
293.158
293.111
293.427
293.541
293.928
294.074
294.45
294.836
295.235
295.585
295.928
296.413
296.743
297.113
297.388
293.277
292.863
292.973
293.168
293.232
293.403
293.65
293.959
294.313
294.645
295.089
295.473
295.896
296.26
296.631
297.01
297.507
297.815
293.291
292.712
292.915
293.08
293.247
293.448
293.758
294.042
294.438
294.813
295.212
295.615
296.062
296.505
296.995
297.424
297.855
298.281
293.357
292.644
292.859
293.008
293.172
293.383
293.693
294.04
294.467
294.876
295.367
295.831
296.348
296.84
297.305
297.801
298.294
298.735
293.258
292.579
292.836
292.986
293.149
293.384
293.691
294.048
294.484
294.936
295.467
295.98
296.516
297.06
297.606
298.122
298.616
299.12
293.199
292.52
292.778
292.916
293.081
293.316
293.636
294.005
294.448
294.912
295.421
295.943
296.48
297.025
297.562
298.111
298.644
299.155
293.106
292.371
292.61
292.767
292.945
293.2
293.529
293.895
294.303
294.744
295.19
295.686
296.168
296.707
297.215
297.735
298.237
298.718
293.005
292.205
292.414
292.607
292.78
293.016
293.295
293.607
293.972
294.396
294.8
295.281
295.713
296.201
296.641
297.082
297.491
297.884
292.959
292.119
292.343
292.482
292.614
292.814
293.065
293.366
293.684
294.08
294.406
294.821
295.187
295.574
295.955
296.291
296.644
296.946
292.908
292.018
292.278
292.372
292.475
292.62
292.829
293.115
293.362
293.7
293.967
294.292
294.612
294.914
295.233
295.503
295.801
296.03
292.887
291.916
292.132
292.226
292.306
292.468
292.643
292.903
293.104
293.348
293.585
293.808
294.07
294.313
294.544
294.789
294.977
295.2
292.829
291.864
292.076
292.169
292.242
292.396
292.561
292.77
292.963
293.171
293.363
293.563
293.753
293.957
294.138
294.309
294.456
294.594
292.827
291.787
292.028
292.113
292.183
292.274
292.423
292.585
292.786
292.981
293.144
293.322
293.457
293.619
293.741
293.875
293.99
294.088
292.797
291.751
291.995
292.082
292.161
292.267
292.362
292.502
292.628
292.793
292.946
293.098
293.265
293.413
293.563
293.698
293.807
293.913
292.781
291.771
291.998
292.072
292.122
292.217
292.333
292.461
292.594
292.738
292.871
293.012
293.138
293.272
293.384
293.491
293.564
293.622
292.741
291.715
291.964
292.049
292.098
292.187
292.273
292.393
292.491
292.622
292.717
292.825
292.904
292.978
293.022
293.044
293.041
293.013
292.755
291.682
291.928
292.031
292.106
292.208
292.282
292.368
292.417
292.484
292.499
292.54
292.516
292.516
292.435
292.391
292.279
292.176
292.727
291.658
291.939
292.057
292.137
292.216
292.272
292.328
292.373
292.423
292.458
292.506
292.534
292.571
292.557
292.62
292.548
292.665
293.341
292.252
292.54
292.725
292.879
293.046
293.229
293.439
293.659
293.889
294.121
294.356
294.583
294.806
295.022
295.237
295.435
295.701
290.421
282.36
283.995
286.434
287.458
287.707
288.011
288.227
288.804
289.338
290.084
290.88
291.68
292.409
293.041
293.589
294.054
294.429
294.671
294.838
294.965
295.088
295.229
295.438
295.656
295.834
295.966
296.049
296.046
295.951
295.766
295.516
295.281
295.094
294.936
294.808
294.711
294.609
294.495
294.399
294.32
294.226
294.16
294.088
294.015
293.941
293.818
293.585
293.275
292.925
292.654
292.605
292.589
292.435
292.535
293.473
294.607
294.625
293.511
292.179
291.331
290.786
289.828
288.489
287.217
286.231
285.461
284.682
283.863
282.915
281.748
280.768
280.598
281.142
281.654
281.197
279.763
278.892
279.185
280.881
283.33
284.145
282.172
278.888
275.733
273.122
271.075
269.786
269.143
268.32
267.135
266.055
265.671
265.633
265.523
265.23
264.919
264.709
264.196
263.136
262.5
263.479
265.08
264.948
260.467
265.196
260.737
261.777
261.414
261.647
261.808
261.932
262.362
262.631
263.223
263.626
264.591
265.433
266.657
268.222
269.893
271.032
272.325
273.982
275.031
275.125
275.801
276.736
277.57
278.119
278.387
278.8
279.437
279.905
280.206
279.26
278.756
278.502
278.023
277.585
277.168
276.503
275.285
273.632
271.954
270.693
269.109
269.108
267.573
267.655
266.005
265.801
263.795
264
261.775
262.033
261.69
260.166
259.927
261.233
260.941
261.61
262.224
263.367
264.389
265.36
266.311
267.105
267.301
267.704
267.886
267.96
268.428
268.411
267.279
269.079
271.247
273.228
273.77
274.871
290.087
282.363
287.416
290.969
291.039
289.842
289.997
289.685
290
290.407
291.035
291.561
291.648
291.465
291.434
291.086
290.642
290.49
290.358
290.406
290.372
290.776
291.02
291.231
291.429
291.579
291.785
291.952
292.211
292.254
292.25
292.393
292.697
292.858
292.867
292.877
292.885
292.799
292.624
292.443
292.261
292.037
291.954
291.664
291.277
291.379
291.613
291.001
290.082
289.835
289.336
288.453
288.202
288.761
289.001
288.034
288.52
290.059
289.287
289.266
291.256
289.637
285.685
283.825
282.256
280.242
279.345
280.143
281.71
281.251
278.343
275.583
274.267
275.134
274.949
272.724
273.304
275.689
273.158
267.186
263.467
261.962
260.376
258.859
258.562
259.522
260.958
261.438
259.939
257.634
256.537
257.753
260.298
262.96
264.795
265.789
266.78
267.236
265.708
261.981
258.362
261.141
272.109
273.689
253.326
276.525
259.686
262.566
260.42
261.047
259.732
258.597
257.173
255.873
254.555
252.418
250.48
248.96
248.201
246.552
246.34
248.353
250.512
251.196
253.419
255.878
256.83
257.104
258.124
259.869
261.385
262.454
264.369
266.832
270.564
270.254
268.587
268.145
267.254
265.627
263.651
261.204
258.532
255.601
253.626
252.242
250.695
252.018
249.711
251.758
249.78
251.555
249.886
251.225
248.746
249.222
255.684
253.785
249.114
252.444
253.947
253.5
252.759
252.32
253.162
254.057
253.937
254.682
252.351
250.846
249.782
249.671
248.429
245.723
240.144
239.187
240.904
248.442
252.49
256.02
292.665
287.508
293.041
293.725
293.71
292.323
292.73
292.59
292.018
291.263
289.368
287.329
287.74
287.893
287.56
289.219
288.777
289.211
289.956
290.108
291.189
290.677
291.405
291.277
291.742
292.246
292.496
293.149
293.276
294.086
294.584
295.233
295.379
295.375
295.32
295.396
295.59
295.73
295.667
295.503
295.41
295.504
295.768
295.847
295.342
295.3
294.959
293.162
291.565
292.415
292.427
289.945
289.615
290.461
290.778
290.365
289.165
289.661
288.846
286.585
287.912
289.472
288.06
285.991
283.205
280.25
278.055
280.024
285.378
283.512
276.044
271.889
270.03
269.687
270.97
271.671
270.538
266.838
262.765
261
261.112
261.569
262.321
264.259
268.051
272.816
276.163
276.137
273.312
270.896
270.578
272.137
273.967
276.27
277.889
278.432
278.302
277.694
276.473
275.32
274.273
274.564
278.389
278.357
275.401
281.839
278.29
278.78
277.153
278.352
278.375
279.896
278.874
278.972
278.176
276.722
274.269
269.892
265.457
262.64
257.247
249.35
244.093
241.379
241.368
242.246
245.288
246.994
247.27
247.003
247.693
250.02
255.037
261.563
268.354
266.961
263.023
262.47
261.97
258.82
255.443
251.729
249.159
247.18
245.88
245.213
244.371
246.476
245.286
247.929
248.693
251.569
254.838
256.781
257.081
248.344
261.28
267.951
260.926
258.889
265.393
265.018
263.021
259.01
256.197
256.903
256.194
257.31
256.914
258.009
249.033
243.912
241.395
240.568
233.377
227.328
229.587
234.848
240.675
250.338
294.929
289.712
294.231
293.008
294.37
294.398
291.993
289.77
287.346
284.521
285.494
287.905
287.512
289.082
289.193
288.505
290.516
290.268
291.838
291.84
291.07
292.196
291.43
292.225
292.139
292.598
293.212
293.334
294.241
294.258
294.99
294.781
294.463
293.71
293.279
293.682
294.616
295.327
295.557
295.443
295.299
295.311
296.278
297.483
297.439
296.664
295.558
293.885
292.478
292.457
292.505
290.057
290.038
291.341
291.078
291.714
290.319
289.022
289.034
287.389
287.637
286.872
285.514
287.197
286.174
285.634
280.497
279.575
286.971
280.653
267.699
262.951
264.208
266.228
267.231
266.666
264.796
262.295
261.019
261.391
262.242
263.847
266.684
270.189
273.773
276.31
276.47
274.638
272.968
272.913
273.449
273.894
273.625
273.486
273.141
272.511
271.413
270.217
269.962
270.966
272.495
272.925
271.297
267.646
273.433
279.181
270.181
268.96
268.439
269.422
269.829
272.589
274.184
275.672
276.436
280.49
281.939
281.36
279.206
272.791
274.717
275.861
265.918
255.126
248.767
246.216
244.546
243.786
245.176
241.483
238.68
243.67
253.71
259.85
265.977
266.861
262.99
258.113
254.984
252.691
250.432
248.505
246.691
245.363
246.24
246.087
244.237
244.647
245.627
244.986
250.63
251.935
255.961
255.351
267.513
261.407
262.227
268.276
272.444
266.354
269.72
275.494
273.562
268.5
267.53
264.861
261.348
260.176
257.026
263.123
260.318
253.811
240.06
239.073
237.41
227.227
234.434
235.673
238.964
246.078
296.393
290.961
295.461
294.476
293.961
291.95
289.36
287.781
287.085
287.703
289.383
288.857
287.702
289.057
288.865
289.229
292.134
291.823
291.864
292.556
292.277
292.024
291.857
292.075
291.41
291.987
292.592
293.098
293.962
294.484
294.477
294.274
293.1
291.992
291.855
293.075
294.777
295.919
296.759
297.086
296.644
295.929
296.35
297.564
297.637
296.105
294.765
293.948
293.601
292.699
292.168
292.155
292.347
291.796
290.155
290.982
291.006
290.067
290.076
288.95
288.636
286.12
286.386
287.516
285.324
286.288
282.352
283.86
287.548
278.442
267.94
263.876
263.781
265.262
265.863
264.724
263.146
262.353
263.012
264.818
267.522
271.162
274.584
276.839
277.847
277.575
276.429
275.759
276.569
277.737
278.197
278.494
278.533
278.478
278.396
277.812
276.662
275.522
274.761
273.77
272.245
271.516
273.922
278.151
268.352
289.66
273.334
272.293
271.768
274.667
274.042
272.989
270.505
272.489
273.01
272.851
274.099
275.604
282.027
283.187
274.808
280.404
277.948
264.9
262.826
255.953
249.937
255.404
254.385
241.262
236.951
240.552
249.954
259.543
265.827
265.355
259.842
258.234
254.434
251.459
248.899
246.571
248.719
248.441
248.042
249.631
250.362
248.567
250.76
249.073
251.682
252.615
262.985
250.744
256.766
263.319
269.76
268.311
272.537
275.938
269.55
272.91
280.435
268.85
271.195
271.754
271.394
268.74
264.546
264.595
262.724
268.242
250.498
239.702
239.935
229.791
238.401
240.027
245.466
242.627
297.224
291.867
297.511
295.979
291.67
289.331
287.589
286.025
286.424
287.668
287.671
288.641
288.219
287.888
290.516
292.355
293.251
293.919
293.415
293.103
293.215
294.096
292.686
291.96
293.29
291.922
292.622
293.476
293.304
294.37
294.024
293.391
292.218
291.322
291.545
292.787
294.204
295.1
296.301
297.518
297.733
297.109
296.276
297.027
297.394
296.61
295.995
295.424
294.456
293.551
292.509
291.806
290.531
289.113
289.201
291.289
291.978
291.609
291.322
291.051
290.974
288.657
289.03
286.798
283.487
287.857
285.7
282.717
287.597
282.077
268.387
263.459
263.768
264.259
264.171
263.4
262.939
263.87
266.775
271.079
275.473
278.265
278.582
277.639
276.602
276.285
277.229
279.352
281.664
282.496
282.203
281.819
281.012
279.741
278.294
276.069
273.632
271.483
269.969
269.077
269.509
270.781
272.844
273.821
262.33
278.262
275.889
276.315
274.096
280.193
280.948
280.175
278.603
274.522
272.924
270.974
271.424
272.827
269.155
275.95
282.754
281.633
287.963
279.824
268.173
268.455
259.551
256.555
267.199
258.023
240.408
236.988
246.793
257.664
262.773
266.633
259.843
254.835
253.49
250.926
250.991
248.68
248.233
249.373
249.622
248.481
249.544
249.267
250.471
250.935
257.116
252.356
260.857
258.779
263.292
261.405
267.153
272.49
268.539
276.16
277.312
269.04
290.757
280.351
271.713
265.113
269.25
267.012
270.092
273.392
263.283
274.329
266.48
247.98
243.082
232.868
237.798
241.474
254.843
244.684
297.729
291.016
296.04
295.976
290.368
285.361
284.647
288.649
287.272
287.317
287.453
286.219
288.335
290.51
292.788
293.505
293.401
293.084
292.75
294.469
292.685
292.554
294.312
293.155
292.928
292.612
293.468
293.348
293.34
293.873
294.128
293.436
292.542
291.87
291.966
292.471
293.193
293.523
294.447
295.859
296.837
297.54
297.074
297.364
298.071
298.953
298.571
298.422
297.578
296.188
293.798
291.589
291.867
293.234
293.078
291.282
290.117
291.475
292.647
292.481
291.774
290.196
290.967
288.044
284.981
287.75
283.802
281.912
287.635
280.204
267.739
264.125
263.835
263.528
262.841
262.493
263.76
267.164
272.576
278.035
280.719
279.665
277.062
275.739
276.758
279.642
282.474
284.33
284.457
283.192
282.354
282.482
282.429
281.557
279.779
276.806
273.86
271.191
269.524
268.541
268.888
270.791
275.005
280.364
269.641
281.708
282.999
285.503
280.046
283.039
283.613
284.712
283.917
282.032
279.836
278.469
279.231
276.525
272.182
265.677
267.572
272.59
281.906
287.906
279.307
272.911
269.738
263.825
267.025
271.545
259.22
240.555
241.034
255.514
262.61
262.884
261.681
255.103
252.288
248.844
247.956
248.763
248.875
248.794
252.511
257.261
261.126
251.848
252.159
249.218
252.237
252.738
258.367
258.274
262.869
266.347
269.577
281.025
280.13
273.832
277.93
264.255
286.491
296.669
289.033
271.08
270.18
262.54
266.534
279.709
268.9
273.4
276.627
261.427
250.912
237.983
236.949
239.61
259.107
250.621
298.192
289.922
292.124
294.05
293.014
289.139
283.212
286.718
290.524
287.795
288.76
290.317
290.667
290.465
293.304
292.732
292.429
293.435
293.181
293.361
292.491
293.643
293.574
293.422
295.055
293.37
292.84
294.583
294.145
293.166
293.626
292.569
291.656
291.337
290.92
290.985
290.679
290.52
291.158
292.505
293.675
295.127
296.309
296.821
296.708
297.834
298.486
299.227
299.916
299.872
298.948
295.781
292.896
292.856
293.648
293.736
293.351
292.695
291.511
291.263
292.412
293.178
295.156
292.304
288.342
288.279
283.465
283.968
288.647
278.81
267.802
265.299
264.697
264.07
264.14
265.14
268.13
273.258
278.655
281.72
280.736
277.755
276.268
277.949
281.627
284.637
284.755
282.779
280.447
279.495
280.84
283.186
284.377
283.909
282.425
279.6
276.169
272.663
270.38
269.529
270.296
272.918
275.852
279.819
287.195
291.602
291.341
292.874
291.647
293.561
286.448
289.003
287.47
285.47
284.927
282.807
283.658
283.408
285.909
283.046
273.902
267.265
269.188
279.241
285.547
281.45
275.717
271.163
269.541
271.341
273.883
258.692
244.624
250.326
263.15
263.472
260.867
257.03
253.739
251.224
249.605
248.899
251.512
255.427
259.209
257.955
268.211
264.596
258.262
255.942
258.504
251.306
252.81
255.405
258.544
263.21
265.348
276.928
290.908
288.223
285.362
271.176
278.527
297.778
303.204
279.814
274.083
262.612
261.359
278.842
276.161
273.409
278.296
271.468
262.294
246.745
239.455
236.78
257.856
259.002
298.499
289.251
288.119
291.574
293.608
291.304
285.879
284.44
287.858
287.538
286.324
286.38
288.698
291.223
293.903
293.307
293.694
293.591
291.766
293.015
291.877
290.622
291.992
292.419
292.021
292.618
291.487
291.035
291.479
291.068
290.736
290.393
290.092
290.047
290.005
289.44
288.734
287.775
287.052
287.254
288.892
290.545
292.006
293.245
293.827
293.721
294.921
296.748
298.621
299.806
301.001
299.721
295.256
293.43
294.805
295.918
294.477
292.614
290.599
291.212
291.705
292.07
292.442
290.574
288.083
290.542
286.711
286.483
289.689
278.984
268.766
267.136
266.817
266.029
266.547
268.94
273.002
277.327
279.909
279.854
278.275
278.182
280.497
283.653
285.571
284.621
281.292
278.94
279.102
281.543
284.738
286.695
286.973
287.155
287.461
285.605
281.736
277.03
272.898
270.515
269.529
272.317
278.302
281.252
289.234
290.882
293.136
292.353
295.625
294.545
294.318
293.902
292.78
292.579
288.754
288.337
287.24
283.928
282
284.504
284.4
277.94
270.664
270.324
278.085
283.706
281.802
276.634
274.814
271.755
274.687
272.996
259.553
252.675
260.064
265.306
261.866
258.202
255.43
252.667
252.31
250.996
251.792
258.17
267.305
262.704
264.09
268.993
263.487
258.526
267.204
258.238
255.259
258.925
261.823
264.321
267.827
274.985
285.298
289.569
279.382
277.723
284.571
304.218
316.747
285.792
274.109
263.851
257.736
274.938
280.295
276.614
276.89
273.956
271.973
257.088
245.252
235.668
252.697
265.442
299.05
290.168
285.938
289.854
293.782
290.076
282.88
285.853
289.877
290.932
291.238
290.849
290.007
290.68
292.096
292.218
291.846
290.979
290.142
291.067
291.409
291.216
289.807
289.487
289.355
289.991
290.316
289.492
288.866
288.945
288.717
288.689
288.79
288.852
288.837
288.718
288.555
287.996
286.743
285.224
284.603
286.245
288.51
289.485
291.347
292.355
292.257
293.676
296.204
296.894
298.775
302.742
300.38
295.163
293.701
295.361
295.592
295.139
292.375
291.276
289.972
291.126
291.803
290.197
288.552
290.788
287.418
286.341
289.375
279.651
270.217
269.245
269.128
269.05
270.414
273.181
276.705
279.139
279.571
279.152
280.221
282.901
285.349
285.298
283.626
281.051
279.35
279.811
281.088
282.014
281.368
279.582
278.766
280.8
284.061
285.392
285.093
282.08
277.23
272.868
270.314
271.053
272.812
281.863
280.938
284.512
288.251
287.421
289.084
284.616
285.349
282.903
283.817
287.527
287.808
288.299
289.685
292.705
290.241
287.109
286.175
284.246
278.852
273.76
275.457
281.717
286.356
282.624
280.273
276.239
274.613
276.369
271.933
263.959
261.868
264.269
263.765
259.962
257.953
254.251
252.564
251.662
251.832
255.279
265.464
265.327
260.656
267.132
267.539
259.33
271.309
265.935
259.744
264.436
270.455
267.755
273.423
287.226
290.742
293.803
275.13
275.826
287.386
308.499
320.343
286.037
268.68
262.583
257.091
272.835
280.542
281.966
276.531
271.665
276.861
267.115
253.082
237.34
247.375
267.921
299.441
291.251
284.516
287.512
294.039
293.023
285.449
287.189
289.073
285.549
284.569
285.961
287.583
290.115
292.981
293.743
293.562
293.113
293.438
293.399
291.36
291.298
290.728
288.82
287.14
286.887
287.385
288.213
288.948
289.586
289.364
289.386
289.664
289.7
290.318
291.193
292.039
291.697
289.24
287.951
286.919
286.192
287.903
289.174
289.797
291.35
291.966
292.513
296.511
297.644
295.919
300.461
303.061
298.269
294.669
294.789
295.343
294.591
293.069
290.45
288.872
287.468
291.294
291.335
291.962
290.194
285.806
285.731
288.682
280.159
271.106
270.392
270.928
271.748
274.351
277.346
279.16
279.493
278.988
279.803
282.985
286.573
286.923
284.308
282.239
281.43
281.256
281.144
280.212
278.549
276.306
275.243
276.936
280.728
283.812
286.006
289.017
288.852
285.268
279.366
274.97
274.986
274.812
276.953
281.594
288.33
289.164
291.996
288.653
286.325
283.511
281.417
276.002
278.674
279.266
278.335
277.61
282.689
286.972
288.906
290.099
290.704
286.699
278.411
274.947
277.272
285.523
287.239
286.494
282.297
278.383
277.467
276.194
273.135
270.28
266.406
265.817
261.578
260.102
257.763
255.212
252.655
254.032
254.56
262.124
265.825
259.414
264.212
269.794
261.046
274.085
274.834
266.524
270.205
280.899
275.415
278.193
292.864
287.77
287.686
279.118
279.436
294.105
312.042
313.77
282.85
262.314
260.927
259.998
271.889
277.684
286.524
274.791
267.261
279.621
274.855
266.305
242.103
245.031
265.391
299.789
292.197
284.776
284.178
289.758
291.529
288.272
290.866
291.251
288.851
289.006
288.134
288.858
289.54
291.258
292.454
293.087
292.699
292.166
292.097
290.701
290.644
290.784
289.663
287.665
288.007
289.659
291.369
292.504
293.195
293.711
293.727
293.714
293.322
292.701
293.466
294.053
294.752
292.397
288.559
287.07
286.817
288.305
290.147
291.281
291.594
292.186
291.912
295.85
300.765
297.473
298.221
304.416
302.539
297.646
295.668
295.345
294.022
293.305
290.73
290.685
286.67
289.545
290.275
293.452
292.218
286.185
287.352
288.112
279.9
272.758
271.927
273.265
275.272
278.073
280.186
280.613
280.178
280.955
283.762
287.014
288.247
286.172
284.026
284.09
284.694
284.191
282.867
281.742
281.111
280.426
279.988
279.328
279.321
278.432
277.571
280.613
284.276
286.469
283.303
278.405
270.433
273.777
272.463
280.676
286.028
289.064
291.803
289.203
288.797
282.778
287.096
279.455
281.573
280.241
280.112
277.369
277.632
277.938
280.254
283.161
290.014
292.747
287.956
280.728
277.32
282.044
287.108
289.955
287.965
284.204
281.032
279.478
276.839
277.013
273.471
270.364
264.841
261.731
260.407
259.541
254.806
255.788
256.028
259.539
264.359
260.002
264.731
272.157
265.769
276.201
280.495
274.322
277.903
287.019
280.782
284.594
296.334
288.206
283.023
288.063
281.58
294.093
312.532
301.917
276.116
255.823
257.477
261.76
268.21
272.761
288.37
271.322
261.766
278.58
280.153
284.25
249.022
249.829
258.26
300.236
293.238
284.449
283.267
287.647
290.88
285.198
292.852
294.55
287.578
287.551
287.91
289.95
292.397
294.18
294.771
295.153
295.382
294.656
292.789
290.533
290.006
289.295
287.929
286.345
286.689
288.525
290.623
291.838
292.714
293.113
293.403
293.229
293.46
292.17
290.954
290.78
291.052
292.818
292.348
290.818
288.511
288.569
290
291.681
292.866
293.763
293.683
293.922
299.472
300.374
298.008
302.364
304.202
300.888
298.59
296.693
294.614
292.926
291.012
290.855
288.504
288.386
289.784
290.764
293.311
287.505
288.918
288.568
279.092
273.747
273.618
274.889
278.066
281.662
283.249
281.891
280.694
282.693
286.27
288.641
288.146
286.144
285
285.466
284.877
284.111
284.518
286.301
287.997
288.119
287.169
284.88
281.724
280.578
275.878
274.347
277.736
283.686
285.914
281.597
280.593
272.681
276.519
281.053
285.897
291.511
294.171
291.658
289.753
283.468
281.104
276.069
279.569
276.744
277.805
278.358
279.956
278.431
278.999
276.526
282.183
288.182
293.072
287.221
281.414
280.986
285.183
290.639
291.534
290.2
284.816
284.596
279.495
278.447
279.455
275.901
270.393
265.508
261.361
263.599
257.344
257.203
257.158
257.829
263.122
263.382
269.379
276.003
272.805
279.699
282.698
280.849
284.908
288.518
284.393
292.641
294.632
284.871
282.849
298.132
286.941
294.023
323.975
294.351
270.276
253.208
250.813
257.623
260.512
265.436
284.93
269.015
257.912
272.727
283.331
292.284
257.703
259.358
256.118
301.037
295.567
283.737
279.465
286.731
296.05
287.191
285.909
293.595
292.474
290.449
289.489
288.798
289.239
291
291.572
291.474
291.704
291.313
290.546
289.562
289.767
290.271
289.987
289.631
289.94
291.215
291.293
289.8
289.356
289.732
290.651
291.126
291.372
293.011
291.344
289.769
288.138
288.735
290.389
292.549
293.729
292.948
292.755
292.92
292.904
293.342
295.802
296.734
298.928
301.322
300.094
301.722
303.497
301.026
299.005
297.63
295.597
293.599
292.178
290.608
289.477
287.133
289.449
287.693
291.014
287.376
288.442
290.255
279.702
273.292
274.3
275.941
279.4
283.839
285.304
282.669
280.948
284.119
288.589
289.119
287.266
285.897
286.34
286.811
286.228
286.261
287.791
289.427
289.23
287.691
285.874
286.187
286.325
289.199
284.422
276.314
274.062
277.002
283.159
286.981
280.546
277.671
273.184
278.763
286.64
292.607
295.484
292.37
287.015
284.463
281.855
276.636
278.082
276.416
276.229
278.131
279.479
278.503
281.734
278.086
277.528
280.949
291.739
291.815
287.263
283.346
283.447
288.927
292.267
294.327
288.529
290.199
284.074
281.113
281.756
281.159
276.582
273.585
264.567
268.266
262.515
262.838
260.638
260.594
265.577
269.705
276.125
280.571
280.416
284.748
284.744
286.952
289.053
288.485
288.766
297.307
290.446
283.182
289.383
303.636
289.3
290.087
330.652
280.407
262.861
256.333
245.703
250.094
252.732
255.478
274.422
267.491
256.809
264.868
281.519
288.323
265.005
268.116
264.424
302.013
299.004
289.433
275.589
277.913
293.713
297.226
289.423
289.899
291.45
291.872
292.776
293.439
292.983
293.382
293.797
293.568
293.308
292.641
292.107
291.306
291.15
291.633
291.629
291.093
290.602
290.409
290.789
289.773
288.686
290.685
291.233
290.775
289.006
289.265
290.438
290.974
291.202
290.256
291.084
291.318
292.975
294.932
295.356
295.602
295.466
293.519
293.458
294.702
296.625
300.298
300.903
301.617
304.751
304.139
301.38
299.339
296.678
294.358
292.879
291.179
289.738
287.033
288.209
285.913
286.699
286.395
287.65
294.065
286.338
275.562
273.542
275.169
279.59
285.139
287.381
284.655
282.393
286.327
290.882
290.899
288.304
287.326
288.406
289.088
288.895
289.377
290.474
290.154
288.42
286.658
284.877
284.357
283.106
286.633
286.362
279.298
272.708
270.833
273.991
284.497
283.172
278.689
274.354
276.873
286.064
291.007
293.3
289.346
283.157
278.396
275.895
272.349
272.086
272.618
273.64
279.114
281.201
278.398
280.716
282.084
277.198
275.836
283.023
290.669
289.878
287.356
283.808
287.375
291.739
295.022
293.058
294.325
289.702
287.827
283.666
286.524
281.711
283.455
271.406
274.223
270.73
271.574
268.025
268.059
270.882
276.735
281.903
284.557
286.994
288.341
286.86
291.597
291.238
289.289
293.981
297.137
285.758
284.463
295.541
305.225
289.686
279.313
300.208
248.755
247.766
257.931
242.608
243.395
249.879
247.854
260.786
265.56
258.273
258.124
274.12
280.497
266.75
275.126
273.599
302.769
302.004
298.096
282.622
272.381
279.322
290.34
292.765
291.874
291.165
290.419
290.113
290.732
291.087
291.83
292.475
292.354
292.46
292.492
292.17
291.344
291.163
290.814
290.858
290.674
290.409
291.164
291.163
291.185
290.791
291.79
293.041
293.389
293.82
292.717
290.646
287.733
289.801
292.518
294.292
295.442
295.372
295.604
295.581
294.241
294.866
295.877
296.424
297.299
296.284
297.58
300.566
300.237
301.86
304.487
303.75
301.785
298.792
295.63
293.608
291.902
289.921
287.805
286.744
284.808
282.752
285.384
288.418
297.542
294.708
281.808
275.072
274.176
278.261
285.375
289.303
286.626
284.105
287.852
292.409
292.168
289.962
290.25
291.946
293.174
292.921
292.729
291.804
289.704
289.122
290.557
290.77
290.16
282.424
281.528
283.538
283.215
278.93
270.157
270.389
280.838
285.405
279.164
275.985
278.416
288.103
294.257
294.341
290.921
285.167
280.378
277.855
274.278
274.513
275.294
274.445
277.394
281.271
280.361
277.945
284.335
281.811
279.151
276.972
287.561
288.801
290.96
285.487
286.744
291.136
292.743
296.835
296.207
294.474
296.195
287.14
291.296
286.449
290.624
279.751
279.737
279.35
279.813
276.87
276.383
277.222
282.743
285.704
288.602
290.609
290.185
290.187
294.183
291.496
290.501
297.108
293.642
282.921
289.64
299.503
303.511
283.963
261.02
261.895
229.358
241.366
260.698
241.415
241.564
258.378
248.938
252.247
264.931
261.22
255.982
267.394
273.462
267.273
280.852
276.12
303.071
303.283
302.011
293.627
277.633
272.61
275.737
281.53
286.706
289.441
290.529
289.941
289.276
289.015
288.346
287.287
287.071
287.308
287.078
287.143
286.573
286.851
288.263
288.035
288.689
289.855
289.424
289.562
290.218
291.942
292.888
289.902
287.394
289.47
292.084
293.389
292.725
291.914
293.246
295.09
296.004
295.99
295.138
294.472
294
293.068
293.832
294.328
295.759
298.205
297.539
299.536
301.491
300.661
302.695
304.83
304.473
301.844
297.751
295.002
293.021
290.549
288.162
286.003
284.174
281.854
284.95
288.785
296.177
297.159
287.892
279.871
275.714
276.591
283.737
289.866
288.912
286.083
289.078
293.544
292.936
291.035
291.651
293.693
294.361
294.073
294.197
293.093
290.589
290.318
292.017
293.271
298.49
292.342
288.178
286.112
287.914
284.665
273.589
264.577
275.972
279.979
280.707
275.427
276.288
286.467
291.061
291.307
288.962
281.547
277.964
276.779
272.834
273.779
280.166
283.121
282.059
284.751
288.978
279.574
282.294
282.151
283.44
275.561
283.939
285.614
293.162
287.855
288.058
291.116
290.023
298.478
295.627
297.319
301.2
291.43
295.256
290.302
294.682
286.725
284.655
286.447
285.456
284.841
282.411
283.321
286.782
288.653
292.583
291.961
292.366
293.094
294.362
292.182
292.614
297.016
289.199
283.307
295.234
299.725
298.125
275.258
247.708
243.917
231.408
247.499
267.088
247.348
246.892
272.908
257.347
253.137
264.318
263.443
257.4
263.311
267.845
269.216
284.167
272.71
302.876
303.108
302.688
300.292
287.768
277.681
275.4
277.62
281.739
285.679
289.168
291.997
294.456
295.747
296.141
296.703
296.456
295.135
294.821
294.143
293.897
293.778
291.986
291.502
291.798
291.669
290.805
290.439
291.07
290.064
289.043
289.571
291.032
290.619
288.749
289.039
292.304
296.575
297.902
296.675
295.319
293.571
293.251
292.628
293.627
295.666
296.087
297.644
296.491
297.339
298.947
297.453
301.211
302.131
301.056
303.288
305.297
304.825
300.755
296.49
294.077
291.624
288.783
286.495
284.243
283.641
285.139
286.752
289.962
293.057
290.734
286.116
280.8
277.144
280.678
288.356
290.303
288.277
290.765
294.751
294.414
292.262
292.83
294.041
294.379
293.149
293.259
293.987
292.277
292.444
292.289
288.784
297.088
299.478
298.453
292.208
290.827
291.714
278.582
268.54
277.294
285.009
283.512
280.864
279.02
289.398
294.549
294.114
293.686
284.094
277.384
277.663
273.676
271.407
279.815
285.369
282.615
283.884
298.085
289.646
285.752
282.189
287.242
279.213
282.157
282.651
292.487
289.067
290.259
291.738
289.374
297.91
294.467
298.2
301.626
295.785
297.661
293.983
297.61
291.274
289.999
290.968
290.575
290.352
286.487
289.011
289.603
292.187
295.559
291.921
295.316
295.042
293.432
294.218
293.437
294.408
287.171
285.724
298.359
297.644
290.002
266.031
241.473
237.717
236.915
252.006
268.62
258.848
259.483
283.853
266.392
261.375
264.917
266.882
261.68
262.748
265.652
272.391
283.465
267.418
302.651
302.568
301.989
302.053
296.938
288.128
283.7
283.836
285.936
290.343
295.518
300.021
302.883
303.913
304.518
304.292
302.964
302.483
301.758
299.511
298.814
298.446
296.571
296.295
295.556
293.675
293.444
292.581
292.382
292.21
291.4
290.752
289.964
291.49
292.497
295.336
296.996
296.004
295.417
293.719
294.251
294.271
294.977
296.487
296.938
297.399
297.485
297.948
300.469
297.954
301.251
299.898
299.367
303.934
302.764
302.467
304.77
306.22
303.545
298.377
295.223
292.828
289.721
287.249
284.901
284.515
285.184
284.92
285.904
289.335
290.705
290.05
286.113
280.187
279.812
286.597
289.663
288.724
290.898
295.248
295.793
294.283
294.718
295.603
295.49
293.933
292.812
294.454
293.623
294.395
295.122
288.388
293.148
299.303
302.224
296.996
294.824
298.242
286.621
274.177
278.014
283.637
285.219
279.673
277.181
286.061
293.277
293.735
292.524
283.269
274.422
277.683
276.558
273.085
285.024
294.832
289.559
281.665
295.69
295.584
291.578
282.292
287.621
283.158
282.53
281.6
290.635
289.376
291.983
292.332
290.425
296.826
294.767
298.05
300.939
299.296
298.712
297.69
299.39
294.472
294.971
293.486
295.429
293.163
290.587
293.81
291.893
295.622
296.593
291.842
298.721
294.699
292.552
296.906
291.563
291.131
287.315
287.829
298.551
293.508
282.454
258.453
239.008
233.304
237.247
253.4
267.314
268.495
269.852
288.208
275.148
271.3
265.836
273.067
266.72
264.22
265.682
274.727
278.775
265.215
302.501
302.335
300.408
300.295
300.458
298.014
296.439
297.194
300.099
303.017
304.287
303.16
300.74
298.368
296.675
295.894
296.015
296.077
295.75
295.82
295.307
294.134
294.218
293.601
292.498
292.015
291.762
291.294
291.47
291.271
289.439
290.84
290.978
291.626
294.535
295.679
297.672
295.647
295.946
294.109
295.23
295.77
296.576
296.192
296.468
296.697
297.953
296.852
300.294
299.741
299.258
302.147
299.079
303.072
304.984
303.548
304.453
306.242
305.328
300.409
296.366
293.813
291.002
287.899
285.912
284.997
285.67
283.752
284.86
289.251
291.396
291.54
288.311
281.915
279.581
285.523
290.049
289.4
291.312
295.285
296.124
294.983
295.034
296.726
296.566
296.175
293.578
295.478
294.613
295.738
298.608
292.069
293.573
296.938
303.71
300.273
295.841
302.542
291.182
276.82
279.461
285.936
288.771
281.533
279.287
289.494
295.603
297.443
291.588
281.773
273.678
278.086
281.464
273.28
281.024
298.841
298.969
286.46
292.489
297.693
298.277
284.972
287.994
285.763
283.483
281.867
288.052
289.247
292.888
293.221
292.053
295.895
295.601
296.917
300.353
300.711
299.229
300.874
299.541
297.68
298.193
295.562
299.306
294.515
295.316
296.781
293.468
298.538
295.887
292.897
301.139
292.236
292.728
298.699
287.884
289.133
290.321
288.113
295.921
288.073
276.387
255.317
240.016
231.117
236.327
253.408
266.613
274.037
274.6
291.676
286.727
279.24
267.916
278.998
269.224
266.14
268.322
276.648
272.92
269.267
302.296
302.449
302.568
304.178
303.561
302.725
301.53
299.959
302.171
299.418
295.263
291.908
289.398
288.384
288.18
288.208
288.64
289.075
289.213
288.415
289.307
290.983
289.687
287.258
287.089
287.546
288.98
291.686
292.694
293.984
295.048
295.383
297.616
298.171
300.172
297.89
296.372
293.392
294.093
295.718
295.934
297.809
295.761
297.495
295.843
298.033
298.88
299.119
299.066
301.964
300.201
303.605
301.434
302.214
305.52
304.394
304.696
306.329
306.534
302.304
297.537
294.743
292.143
289.037
286.688
285.019
286.29
285.259
285.326
289.816
293.189
293.734
290.313
282.797
278.838
283.758
289.317
289.78
291.846
295.801
297.247
296.403
296.535
297.93
299.565
299.575
297.861
298.235
297.492
296.069
300.047
297.063
295.179
296.582
304.311
301.191
294.762
303.584
294.51
282.933
282
288.16
290.473
281.117
278.84
290.049
294.414
297.458
290.166
281.25
277.524
278.647
284.944
276.106
275.177
295.159
300.975
289.371
290.954
298.724
303.164
288.244
288.548
287.602
284.95
283.096
286.047
288.701
292.592
294.327
293.719
296.233
296.692
296.515
300.466
300.964
300.564
302.418
299.718
300.793
299.287
298.192
301.522
295.79
299.423
297.556
295.268
300.165
294.533
294.867
301.3
289.554
293.734
298.686
283.281
288.771
293.883
285.506
291.097
282.491
270.396
255.935
242.348
231.054
236.2
251.471
263.501
274.737
276.459
295.927
297.836
283.501
271.528
282.786
270.686
268.96
272.745
275.916
268.894
277.442
301.929
298.073
297.52
296.047
295.371
295.87
295.123
293.269
291.344
290.848
290.535
290.956
290.831
291.669
292.324
292.266
292.192
292.109
291.898
292.693
293.985
294.53
294.016
292.748
292.301
292.927
294.28
295.471
297.112
297.411
298.622
298.668
298.748
297.751
295.505
294.229
293.623
297.103
296.189
298.641
295.906
297.395
295.418
297.456
298.006
299.325
300.455
301.486
300.21
301.585
300.405
302.467
302.933
302.874
307.296
305.886
304.927
306.411
307.245
304.441
298.892
295.649
293.145
290.039
287.538
285.985
285.64
286.748
287.223
290.405
293.589
294.201
290.982
283.647
279.537
283.239
288.484
289.569
291.279
295.387
296.96
296.822
296.512
298.063
300.519
302.38
301.312
301.565
300.569
295.386
299.096
298.051
296.814
296.102
303.936
301.179
293.678
304.579
298.275
285.953
282.462
289.027
291.714
281.7
280.823
291.994
293.843
297.726
290.481
280.042
279.102
277.08
281.516
275.57
270.729
288.133
299.374
290.785
290
299.976
306.68
292.45
289.628
288.126
286.958
284.521
285.014
288.37
291.537
294.627
294.536
297.002
297.235
296.681
299.858
300.595
301.309
302.141
300.466
302.132
299.617
300.942
301.582
297.287
301.78
296.965
297.397
300.069
293.383
297.118
299.552
287.168
295.446
296.456
279.119
291.081
296.731
281.427
285.278
278.267
265.271
259.164
243.212
230.3
236.087
251.144
261.723
274.367
280.248
300.081
302.232
284.971
276.991
284.152
270.893
271.409
276.392
273.034
269.787
284.897
298.657
294.482
296.224
295.835
296.926
297.888
297.79
298.858
296.613
296.464
296.936
297.361
297.404
297.408
297.52
297.536
297.023
297.173
297.109
297.094
297.059
297.236
297.7
297.795
298.184
297.48
297.987
297.383
297.322
296.924
296.288
296.009
294.68
295.104
294.549
296.622
296.63
297.015
296.4
295.384
296.446
296.518
298.994
298.848
300.422
299.865
300.888
300.263
301.554
302.278
302.446
301.998
303.84
302.057
306.643
306.764
305.048
306.347
307.702
306.052
300.649
296.567
293.92
291.588
288.247
286.769
286.168
286.837
288.04
290.444
293.249
294.099
290.923
283.51
279.187
282.979
288.026
290.181
292.003
295.853
297.739
297.162
296.57
297.073
299.159
302.48
301.45
302.883
302.219
296.263
297.054
297.046
297.56
296.338
303.817
301.733
292.979
304.305
299.117
288.922
283.448
291.904
292.905
282.173
282.07
292.294
294.622
299.416
291.855
280.403
281.075
278.437
279.252
277.879
273.688
284.434
296.228
291.898
290.088
299.605
308.367
296.778
290.781
288.964
288.618
286.216
284.993
287.474
291.152
294.955
295.507
297.652
297.547
297.439
299.716
301.02
301.374
302.015
301.208
301.992
300.375
302.213
300.25
299.351
302.189
296.249
299.153
298.571
293.228
298.642
296.035
286.023
296.672
291.852
277.533
295.22
296.869
276.671
279.668
273.381
261.851
262.867
243.765
230.11
235.118
249.804
261.364
274.716
285.131
301.293
297.49
283.945
283.689
285.281
272.697
276.453
278.741
270.371
275.019
288.145
298.986
296.952
299.305
299.649
299.598
299.882
299.989
299.782
300.139
299.956
299.861
299.381
299.151
298.899
298.575
298.636
298.388
298.292
298.18
298.192
297.845
297.586
297.907
297.377
297.613
297.277
297.451
297.148
297.226
297.229
296.787
297.101
296.923
297.338
297.121
296.35
296.262
295.374
296.494
297.406
299.057
298.314
299.85
298.192
300.12
298.82
301.26
300.817
302.014
301.548
303.335
303.241
305.916
303.118
305.759
307.631
305.378
306.056
307.765
307.566
302.65
297.863
294.899
292.418
289.816
287.323
286.443
286.686
287.989
289.531
291.405
292.506
290.185
284.289
279.879
282.859
287.212
288.908
291.117
295.173
298.159
298.231
297.55
297.522
298.344
301.869
300.936
302.508
304.15
298.584
296.267
295.57
298.14
296.905
304.448
301.985
292.248
303.365
300.596
290.528
284.004
293.232
291.799
282.283
283.562
291.504
294.62
298.475
289.976
278.563
281.668
278.798
275.881
276.718
276.694
284.979
295.288
293.431
292.064
301.016
309.98
301.051
292.322
289.522
290.056
287.879
285.874
286.808
289.797
294.081
296.794
298.667
299.212
298.494
300.063
300.84
300.726
301.713
300.725
301.642
300.903
301.358
299.743
301.127
300.515
296.046
300.067
296.559
294.075
298.677
291.809
286.085
296.858
286.577
277.783
299.853
294.828
273.912
275.822
267.274
260.432
265.92
245.17
231.739
235.265
248.767
262.164
276.09
289.229
299.333
289.744
285.274
291.782
287.33
276.501
281.566
277.474
270.08
281.368
286.952
298.311
299.061
300.295
299.762
299.729
299.349
299.278
298.925
298.989
298.786
298.768
298.638
298.545
298.428
298.334
298.291
298.012
298.206
297.845
297.897
297.59
297.774
297.716
297.455
297.77
297.15
297.39
296.982
297.101
297.107
296.6
297.065
296.1
296.548
295.343
296.08
296.498
297.738
298.949
298.936
299.031
297.661
299.099
299.078
300.877
301.025
301.562
302.177
302.567
302.56
302.443
302.443
305.52
305.411
305.549
309.043
306.167
305.841
307.623
308.276
304.929
298.904
296.099
293.461
290.827
288.513
287.016
286.402
287.233
289.144
290.121
289.288
286.585
282.548
280.464
283.876
288.55
289.47
290.876
294.087
297.582
298.268
297.586
297.341
296.956
300.38
298.496
299.792
303.997
300.522
296.999
294.839
299.278
297.974
304.908
302.082
292.176
302.285
300.895
290.831
283.608
294.495
292.143
284.156
284.768
291.861
297.595
300.034
290.071
280.295
283.634
279.098
275.423
276.676
279.704
286.08
295.049
295.08
294.407
302.358
312.653
304.893
293.725
291.149
290.558
289.476
286.915
286.836
289.902
293.241
296.651
298.135
299.703
298.595
300.517
299.94
300.304
301.024
300.011
301.457
300.247
300.41
300.328
301.091
298.051
296.844
299.977
294.851
295.122
296.798
288.089
286.887
295.536
282.208
280.579
305.148
292.54
272.986
273.414
261.694
260.67
268.689
248.042
234.44
237.321
249.395
264.043
279.188
292.073
296.622
285.353
289.911
297.988
287.542
281.697
285.064
274.997
273.095
287.531
283.096
297.227
300.432
300.473
299.769
299.402
299.349
299.345
299.191
299.012
298.614
298.624
298.415
298.411
298.267
298.001
298.227
297.843
298.22
297.739
297.977
297.808
297.516
297.766
297.595
297.89
297.513
297.681
297.398
297.305
297.477
296.539
297.173
296.078
296.749
296.956
297.393
298.507
298.013
298.31
297.542
298.705
299.208
300.281
301.514
301.303
302.423
301.65
303.449
302.417
304.5
304.033
303.979
304.133
305.901
304.231
308.234
307.402
305.576
307.553
308.685
306.77
300.992
296.717
294.638
292.167
289.401
287.744
287.331
286.683
287.283
288.962
288.779
285.933
281.215
279.292
282.248
288.044
290.028
290.969
293.835
297.566
299.152
299.262
298.917
297.705
301.371
298.762
298.713
304.025
304.125
300.018
296.371
301.297
298.949
304.954
301.354
292.05
300.768
300.727
290.235
284.407
295.988
290.943
284.379
284.423
291.374
298.204
298.357
287.388
280.952
283.027
276.469
273.888
275.846
282.406
288.652
295.511
297.744
298.564
306.466
315.527
308.357
295.817
291.708
291.401
291.485
287.211
286.856
288.86
293.712
297.994
299.543
301.459
299.948
301.269
299.28
300.457
299.917
299.577
300.767
299.101
300.41
300.439
299.015
296.539
298.315
298.757
293.739
295.628
293.301
285.38
288.468
293.003
279.055
284.514
309.772
290.811
272.556
272.934
259.504
263.945
272.737
253.431
237.329
239.277
251.944
267.648
282.764
294.124
294.542
287.183
298.575
303.637
288.028
289.489
286.424
274.129
279.98
290.763
276.444
297.597
300.426
299.396
298.376
298.305
298.086
298.342
298.341
298.259
297.768
297.827
298.01
298.103
298.064
297.905
298.155
298.045
298.272
298.039
298.211
297.969
298.002
298.013
297.754
298.008
297.644
297.719
297.501
297.314
297.19
296.503
296.895
297.033
297.205
297.536
297.526
298.27
297.933
299.289
299.382
300.78
300.781
300.413
301.57
300.827
302.783
301.688
303.794
302.773
304.307
304.23
305.266
304.939
306.881
304.701
306.582
308.224
305.913
306.806
308.884
307.995
302.941
297.972
295.313
293.12
290.923
288.336
287.416
287.529
286.938
286.91
286.379
284.698
281.702
280.207
282.633
287.477
289.742
290.32
292.416
295.785
299.22
299.505
300.676
298.79
303.24
300.817
298.851
303.211
305.76
302.363
297.169
302.845
299.104
303.922
300.379
292.111
298.934
300.753
289.555
284.39
295.956
290.85
285.851
284.826
293.193
300.603
298.429
287.404
283.092
282.99
274.833
274.261
276.675
283.813
290.078
295.83
299.228
302.69
310.617
319.191
310.835
298.105
292.823
291.723
292.594
288.976
287.359
287.985
292.319
296.209
299.704
301.5
300.674
301.03
298.493
299.778
298.383
299.306
299.629
298.676
300.442
298.947
297.092
297.022
299.249
296.846
292.995
294.793
289.553
284.16
289.374
290.1
278.853
289.896
314.027
289.728
272.218
273.924
260.503
269.658
278.967
260.005
239.838
241.351
254.802
272.209
286.814
295.849
295.55
294.128
305.465
305.001
290.291
296.333
282.299
277.294
285.97
285.864
268.364
298.133
298.487
297.889
298.276
298.413
297.501
297.369
298.189
298.728
298.281
297.925
298.13
298.554
298.612
298.401
298.455
298.294
298.676
298.283
298.342
298.209
298.1
298.074
297.818
297.82
297.545
297.502
297.334
297.191
296.952
296.87
297.173
297.375
297.628
298.009
298.098
299.068
299.243
300.158
299.668
300.029
300.589
300.811
302.456
302.225
303.239
303.132
304.003
304.516
304.186
304.856
305.259
305.693
307.073
306.401
305.456
308.823
306.451
306.522
308.509
309.045
304.932
298.976
296.445
294.041
291.969
289.993
287.956
287.388
287.749
287.074
285.964
284.245
281.636
280.374
283.055
287.305
290.546
290.869
292.002
293.986
297.935
298.401
300.946
298.542
303.428
302.319
298.279
300.922
305.364
302.952
297.937
303.777
298.539
303.12
298.945
291.738
298.007
300.12
288.001
285.315
296.722
290.836
286.142
284.573
294.234
300.867
296.492
286.947
283.398
280.807
272.297
274.03
278.063
285.779
291.586
297.439
301.836
306.988
315.213
321.836
313.278
299.637
293.681
292.939
293.874
288.751
288.325
288.252
293.44
296.924
300.671
301.91
301.652
300.243
298.545
299.351
297.522
299.121
298.726
298.718
299.76
296.953
296.521
298.538
298.904
294.448
292.524
292.861
285.962
284.664
290.537
287.339
280.235
294.696
316.051
288.27
271.783
275.837
261.437
276.642
287.486
265.685
240.525
243.687
258.823
277.147
290.757
297.701
298.911
300.406
307.121
302.321
293.302
300.406
276.525
284.605
286.726
280.737
264.652
298.156
297.131
296.599
297.64
298.992
298.357
297.041
297.477
298.674
298.845
298.335
298.188
298.514
298.873
298.743
298.568
298.407
298.422
298.21
298.225
297.954
297.996
297.762
297.778
297.58
297.539
297.436
297.156
297.462
297.189
297.484
297.494
297.774
298.157
298.175
298.907
299.219
299.552
300.052
300.216
301.276
302.246
302.168
302.666
302.898
303.08
303.953
303.188
305.342
304.127
305.838
305.089
306.076
306.157
307.725
305.071
308.291
307.6
305.851
308.297
309.173
307.149
300.846
296.912
295.386
292.653
290.858
289.301
287.938
287.382
286.819
286.245
284.531
282.767
281.138
283.536
287.056
290.482
291.091
291.741
292.551
296.623
296.93
300.785
297.738
302.572
303.819
299.247
300.11
305.293
304.065
298.164
303.54
297.703
301.226
297.371
291.991
296.703
299.54
287.356
286.397
296.341
290.981
286.468
284.77
296.103
301.97
295.753
287.793
283.718
279.006
271.198
274.767
278.943
286.297
291.94
297.849
303.393
310.181
319.063
323.341
314.79
301.549
293.899
294.644
294.478
291.017
287.805
287.054
291.75
295.918
301.681
302.392
302.224
299.967
298.673
298.029
296.973
298.685
297.981
298.371
298.019
296.168
297.76
299.444
297.325
292.35
291.471
290.268
283.999
286.208
290.674
285.122
283.546
299.266
315.752
286.067
271.53
277.726
261.454
284.007
296.946
268.362
239.356
245.095
262.892
282.008
294.123
299.739
301.705
303.839
305.91
300.227
298.869
300.067
273.753
291.475
286.485
279.94
261.322
297.338
297.656
297.633
298.642
299.25
298.589
297.828
297.791
298.378
298.773
298.663
298.38
298.473
298.581
298.755
298.669
298.479
298.39
298.12
298.203
297.856
298.024
297.689
297.777
297.698
297.573
297.634
297.44
297.71
297.605
297.954
297.979
298.14
298.613
298.842
299.5
299.792
300.419
300.947
301.888
301.952
301.969
302.208
302.642
303.495
303.373
305.262
304.006
305.699
304.616
305.734
305.867
305.956
306.134
307.31
306.258
306.204
309.016
305.807
307.269
309.801
308.413
303.847
298.064
296.042
294.435
292.075
289.83
289.107
288.414
287.48
286.193
284.485
283.484
282.933
284.981
288.244
291.206
292.58
292.572
291.674
295.445
294.314
299.731
296.128
299.981
303.815
299.642
298.35
303.592
300.833
294.951
300.871
295.246
299.695
296.2
291.665
296.469
298.914
285.633
287.539
296.648
291.474
286.423
285.458
298.137
302.058
294.73
288.438
282.883
276.778
269.86
275.664
281.062
287.872
293.274
299.719
304.89
312.867
320.951
324.811
315.335
301.946
296.162
294.968
295.733
291.069
288.945
288.448
291.846
296.695
301.287
302.825
302.226
299.082
298.217
296.795
297.037
298.424
297.475
297.706
296.867
296.765
299.28
299.188
294.317
290.244
290.543
287.807
283.67
288.602
290.649
284.788
288.12
302.621
312.312
282.758
271.678
279.62
261.52
290.665
305.318
265.402
236.634
246.223
266.594
286.649
297.05
301.679
302.411
301.543
300.883
299.539
304.883
293.453
280.56
294.197
283.084
275.057
255.797
296.638
297.003
296.877
298.051
298.458
297.958
297.795
297.984
298.316
298.58
298.668
298.561
298.556
298.488
298.562
298.518
298.482
298.308
298.077
298.113
297.815
298.029
297.722
297.939
297.686
297.848
297.958
297.677
298.188
297.867
298.592
298.46
298.799
299.608
299.53
300.591
300.188
301.666
301.311
301.527
302.174
302.365
303.677
303.645
304.736
304.299
305.352
305.129
305.481
306.45
305.025
306.631
305.781
306.609
307.057
307.609
306.182
308.369
307.632
305.996
309.229
309.935
306.15
300.711
296.609
295.19
293.568
291.529
289.736
288.727
288.621
287.658
285.48
283.364
283.187
284.354
288.509
291.901
294.53
294.378
293.178
295.662
293.03
299.303
295.026
297.405
303.049
299.154
297.897
302.079
297.859
293.244
299.689
295.206
298.713
295.092
292.204
296.028
297.42
284.975
289.677
296.532
291.908
285.886
286.226
299.979
301.39
293.928
288.943
281.362
274.741
269.566
276.499
281.954
287.91
293.62
300.095
305.983
313.555
322.484
323.404
315.789
302.644
296.844
297.862
295.867
293.211
287.748
287.064
291.324
297.538
302.271
303.171
301.339
299.286
297.582
296.053
297.248
297.499
296.546
296.998
297.618
299.175
299.603
296.81
291.769
288.87
289.28
286.249
285.098
291.641
290.643
285.008
292.372
304.311
305.915
278.534
272.523
281.841
262.104
294.628
307.003
256.611
232.989
248.002
270.564
290.619
299.644
302.569
303.974
299.87
297.545
303.699
305.567
284.209
292.412
291.467
275.696
267.764
255.805
297.031
297.155
297.053
297.477
297.911
298.023
298.138
298.412
298.655
298.75
298.712
298.523
298.516
298.273
298.307
298.205
298.125
298.048
297.848
298.049
297.797
298.171
298.034
298.103
298.219
298.106
298.418
298.309
298.614
298.717
298.992
299.363
299.513
300.654
300.354
301.436
301.049
302.127
302.113
302.415
303.991
303.418
304.73
304.035
305.033
305.021
304.858
305.907
304.658
306.643
305.848
306.346
307.049
305.989
307.029
307.631
306.848
307.294
308.72
306.415
307.314
310.799
309.013
303.193
298.215
296.411
294.564
292.744
291.098
289.668
288.971
288.396
287.132
284.525
283.557
283.908
287.179
290.49
294.603
296.271
295.985
297.944
294.116
299.784
295.331
296.569
301.498
298.329
297.65
300.594
294.677
292.189
298.187
292.521
296.019
293.969
291.84
295.654
296.197
284.013
291.506
296.762
292.22
285.598
288.194
302.334
302.001
294.812
289.743
280.274
273.199
269.918
278.514
284.018
289.603
295.293
301.559
306.144
314.069
320.96
322.826
313.782
303.531
299.326
297.34
298.464
292.417
289.152
288.611
290.685
298.207
301.935
303.259
301.323
298.607
296.066
296.53
297.596
296.333
296.459
297.523
299.134
300.176
298.252
293.826
289.044
287.927
288.473
286.104
287.952
293.792
288.84
285.27
296.032
304.235
298.16
274.928
274.733
285.369
264.065
295.204
297.244
245.036
230.022
250.276
274.837
294.166
301.934
304.062
302.977
298.818
299.462
308.119
300.47
280.325
299.86
283.9
267.227
262.882
261.439
297.385
297.038
296.918
297.319
297.348
297.331
297.736
298.051
298.032
297.996
298.099
298.082
298.058
297.936
297.901
297.935
297.789
297.889
297.95
297.994
298.304
298.349
298.625
298.778
298.692
298.923
298.913
299.151
299.179
299.538
299.914
300.301
300.637
301.318
301.567
302.175
302.03
302.535
303.349
302.889
304.466
303.568
305.077
304.4
304.962
305.934
305.055
306.743
305.704
306.542
307.524
305.947
307.911
307.035
306.902
308.342
307.469
307.359
309.031
308.161
306.531
308.717
311.183
307.394
300.907
297.002
295.773
294.785
293.319
291.203
290.092
289.458
289.166
286.937
285.119
284.032
285.733
287.48
292.232
293.718
295.183
298.379
294.8
299.65
296.054
296.146
298.149
296.7
296.876
298.833
292.836
292.986
296.71
291.647
296.72
295.373
293.114
295.903
294.351
283.932
294.043
297.369
292.183
284.609
289.969
303.263
300.365
293.708
288.803
278.254
271.631
270.605
279.39
284.239
289.711
296.637
302.168
306.805
313.264
319.685
318.978
312.636
304.337
300.918
299.917
297.857
293.247
287.956
287.179
294.459
298.852
302.704
302.24
299.558
297.171
295.918
296.323
296.023
295.848
298.509
300.733
301.268
299.663
295.199
290.989
287.865
288.202
288.912
287.735
290.99
294.386
287.652
287.885
300.11
303.276
290.901
272.762
278.239
290.143
267.281
292.797
281.298
235.898
229.318
254
279.022
298.17
304.065
305.795
305.204
298.588
303.971
307.129
297.111
287.183
296.292
275.138
259.919
262.698
264.964
297.533
296.951
296.919
297.183
297.449
297.728
297.784
297.847
297.946
298.115
298.092
298.23
298.263
298.352
298.344
298.394
298.467
298.338
298.505
298.384
298.756
298.834
299.224
299.436
299.368
299.685
299.645
300.122
300.014
300.733
300.94
301.422
301.761
301.963
302.666
302.425
303.243
302.873
304.133
304.016
304.923
304.89
305.711
306.029
305.335
306.743
306.054
307.279
306.723
306.769
307.665
306.632
307.24
307.504
306.471
308.025
307.887
307.504
308.692
308.777
307.206
308.025
310.101
310.656
306.437
299.947
296.519
295.021
294.341
293.634
291.715
289.56
289.439
288.677
286.016
284.344
286.682
285.758
289.998
291.675
294.162
297.177
294.487
299.33
297.571
296.255
296.217
297.135
297.569
299.809
294.918
296.331
297.448
293.559
298.692
295.862
292.025
294.228
292.09
284.681
296.811
297.4
290.981
284.202
293.349
305.896
302.324
295.908
289.971
277.239
271.001
272.907
281.989
285.804
291.314
298.309
303.39
307.25
312.63
316.505
316.165
310.73
305.63
302.638
301.059
299.64
292.733
292.008
289.724
292.872
298.689
302.544
301.239
299.644
295.998
295.789
296.994
295.29
297.569
300.675
301.016
300.175
297.472
292.75
289.273
288.296
290.171
289.81
289.259
293.923
293.715
284.994
289.061
302.356
300.401
284.443
272.586
283.316
296.514
272.603
289.685
268.405
232.261
231.041
258.459
283.501
301.664
306.532
308.38
310.216
305.858
311.382
306.128
288.74
298.914
286.627
266.621
254.408
263.931
261.163
296.835
296.903
296.97
297.205
297.417
297.486
297.428
297.782
297.864
298.046
298.033
298.308
298.429
298.579
298.644
298.608
298.744
298.562
298.814
298.759
299.242
299.431
299.846
300.193
300.002
300.567
300.475
301.202
301.073
301.832
301.807
302.231
302.684
302.27
303.511
302.987
304.05
303.982
304.712
305.314
305.095
306.213
305.48
306.493
305.957
306.58
306.72
307.134
307.308
307.304
307.193
307.592
307.439
308.236
307.804
307.829
309.322
307.606
308.044
309.978
308.379
307.289
308.527
311.277
309.251
303.871
299.062
296.162
294.979
294.487
293.349
293.102
290.961
290.551
289.515
286.144
286.507
283.755
288.698
288.858
290.657
295.74
292.639
299.149
299.935
298.088
297.586
300.045
299.179
302.206
297.816
298.685
297.348
294.5
297.641
293.277
289.879
293.09
291.25
286.963
299.402
297.106
289.453
285.218
297.702
305.514
299.785
293.536
288.329
275.004
270.505
274.625
282.965
286.7
292.633
300.156
304.577
307.832
311.691
314.31
313.193
311.115
307.767
303.994
301.91
297.517
293.206
288.415
288.447
298.223
296.814
302.829
298.53
297.353
295.664
296.839
295.395
296.509
302.549
303.227
300.798
297.34
293.919
289.748
287.779
289.195
291.612
291.092
291.49
295.433
292.116
283.695
292.682
304.384
296.608
281.615
275.84
290.065
304.832
280.113
289.231
263.908
233.018
235.164
264.203
288.516
304.599
309.607
313.659
313.043
312.826
311.558
303.721
291.281
305.774
275.606
260.458
252.632
261.345
252.764
296.916
296.935
296.878
296.968
297.192
297.551
297.65
297.953
298.053
298.243
298.287
298.442
298.637
298.865
298.959
299.047
299.145
299.093
299.469
299.67
300.023
300.3
300.535
300.994
300.91
301.389
301.347
301.983
302.042
302.394
302.716
302.896
303.312
303.407
304.153
304.072
304.811
305.021
305.237
306.13
305.433
306.523
306.055
306.781
306.813
306.809
307.809
307.262
307.592
307.856
307.028
308.479
307.604
307.702
308.888
307.32
309.473
308.783
307.849
309.428
309.998
307.778
307.017
310.445
311.656
307.841
302.596
298.905
295.575
295.577
295.24
294.356
291.742
292.647
291.457
287.124
290.068
284.456
287.003
286.106
288.238
292.869
287.483
295.323
297.564
296.043
296.584
298.813
296.919
300.884
295.735
296.925
294.89
293.096
294.812
291.299
289.941
294.423
291.989
290.018
300.981
295.59
288.233
285.782
299.669
306.758
303.14
296.421
289.802
274.172
271.3
277.597
284.515
287.865
293.966
301.641
305.607
308.931
310.921
312.195
312.228
310.068
307.281
303.587
299.594
295.887
291.638
290.92
291.334
292.69
299.604
301.949
295.62
298.287
295.852
295.651
294.785
300.674
306.123
301.077
297.936
295.909
293.285
289.885
288.276
293.276
295.904
292.377
293.389
295.788
290.35
286.208
298.849
304.415
292.631
283.505
282.716
297.89
314.231
290.056
293.909
265.657
235.659
240.026
270.772
293.808
305.557
312.588
316.923
319.79
313.768
304.287
291.104
294.602
297.533
263.663
253.318
248.806
254.206
246.985
297.146
297.23
297.099
297.207
297.591
297.967
298.175
298.415
298.546
298.786
298.881
299.134
299.263
299.495
299.628
299.775
299.992
300.034
300.297
300.592
300.788
301.147
301.195
301.594
301.798
301.937
302.459
302.612
302.948
303.461
303.53
304.122
304.33
304.501
304.838
305.246
305.325
305.677
305.97
306.327
306.369
306.866
306.67
307.268
307.518
307.243
307.752
307.623
307.609
308.65
307.313
308.295
308.357
307.682
309.229
308.541
307.781
309.301
309.243
307.983
308.916
309.955
308.718
307.744
310.932
311.753
308.328
301.646
297.436
296.498
293.297
295.634
295.279
293.502
293.785
291.877
294.108
286.594
290.264
286.776
288.085
290.855
284.428
291.762
292.421
291.638
293.18
294.228
292.828
297.15
292.362
295.067
293.096
292.496
293.738
292.581
292.475
296.76
292.519
292.074
301.89
293.469
285.726
288.256
304.363
306.796
301.877
293.785
287.407
271.957
271.752
279.897
285.85
289.635
295.361
302.486
307.045
309.159
309.62
309.883
310.89
309.695
306.093
303.542
301.629
295.457
293.15
289.57
292.12
298.932
296.342
299.03
295.37
299.021
292.926
296.619
300.984
303.416
302.362
297.669
292.844
292.298
293.867
291.025
287.963
293.839
297.503
292.312
294.899
298.976
294.624
294.421
305.537
302.074
290.26
289.497
293.14
305.802
322.451
300.204
299.201
264.469
237.545
245.62
277.881
298.325
304.676
315.04
314.355
321.671
318.104
308.542
296.424
296.148
278.257
259.026
250.189
246.4
251.929
252.338
297.323
297.553
297.715
297.896
298.189
298.473
298.744
298.995
299.171
299.406
299.507
299.75
299.905
300.074
300.238
300.498
300.63
300.962
300.943
301.422
301.636
301.898
302.317
302.351
302.903
303.083
303.44
303.821
304.157
304.404
304.618
305.193
304.98
305.586
305.314
305.868
306.043
306.239
306.623
306.888
307.196
307.118
307.293
307.655
307.395
307.743
307.295
308.321
307.733
308.274
308.095
308.08
308.614
308.421
308.187
309.334
308.213
309.117
309.087
308.137
307.603
310.563
309.774
307.681
309.322
309.725
310.826
308.356
303.589
298.147
294.296
297.393
293.502
295.132
297.98
291.626
295.423
293.61
292.089
287.979
293.393
292.34
286.399
293.069
291.04
291.372
292.596
292.224
292.033
295.667
291.454
295.601
293.216
294.145
294.873
294.67
294.675
297.182
292.487
295.921
300.866
290.15
285.543
293.207
308.814
305.754
300.467
293.277
287.907
271.731
273.868
282.792
286.342
291.475
296.692
303.612
307.578
309.414
308.21
307.591
309.015
306.171
302.971
299.567
294.074
292.132
292.705
290.743
295.024
292.648
301.923
297.174
295.886
296.169
293.933
300.688
305.128
305.62
301.624
296.546
288.887
283.526
291.273
289.446
283.009
287.342
292.48
289.906
296.155
303.293
298.5
298.392
307.166
298.133
290.393
295.378
302.761
311.435
326.943
304.66
295.097
255.94
237.436
251.759
284.365
300.476
302.121
314.812
312.887
310.749
305.799
293.085
292.763
297.584
266.784
256.218
252.975
254.321
262.464
267.195
297.766
298.006
298.289
298.49
298.759
299.042
299.294
299.506
299.727
299.941
300.164
300.375
300.547
300.889
300.976
301.352
301.48
301.788
301.957
302.289
302.524
302.911
303.192
303.447
303.998
304.047
304.535
304.807
305.028
305.418
305.41
305.845
305.937
306.322
306.134
306.856
306.706
307.077
307.375
307.334
307.628
307.673
307.699
307.784
307.52
308.277
307.568
308.209
307.868
308.49
308.173
308.238
308.329
308.761
308.467
308.947
308.3
309.23
308.667
307.717
309.376
310.9
306.589
310.814
309.464
306.588
313.253
310.71
307.611
306.442
299.688
298.169
290.762
296.065
293.976
289.997
298.679
294.617
294.061
294.605
295.108
293.489
291.619
294.407
291.113
293.37
293.086
292.372
293.946
294.438
291.95
296.61
292.572
295.014
294.743
294.924
294.917
297.459
293.175
296.909
296.757
287.382
286.492
298.316
311.483
307.531
303.964
295.892
288.013
270.401
275.913
285.723
286.546
292.645
297.567
303.195
308.748
309.196
306.785
305.923
307.62
303.966
301.176
299.916
296.097
293.538
292.19
292.04
297.839
298.662
293.018
297.716
293.368
296.912
300.756
303.759
308.538
307.298
300.865
294.382
287.397
277.783
285.751
289.202
281.01
283.188
287.48
289.157
297.374
304.12
304.854
309.841
310.904
295.791
293.659
298.678
309.293
314.397
326.633
298.67
278.961
245.29
238.884
259.843
291.19
304.305
301.687
310.299
310.637
307.294
300.308
292.074
297.648
282.968
257.524
254.868
256.439
267.645
274.361
273.926
298.161
298.427
298.705
298.952
299.267
299.549
299.893
300.127
300.415
300.67
300.909
301.19
301.402
301.725
301.976
302.269
302.437
302.858
302.968
303.318
303.586
303.849
304.214
304.541
304.797
305.248
305.406
305.667
306.134
306.116
306.497
306.66
306.762
307.138
307.105
307.432
307.37
307.922
307.51
307.955
307.941
308.002
307.813
308.033
308.032
307.916
307.783
308.373
308.007
308.484
307.749
308.367
307.923
308.315
307.994
308.351
307.974
308.691
308.09
306.981
309.637
308.504
306.653
311.613
306.731
309.774
313.191
306.908
312.457
308.687
306.347
305.291
295.875
302.791
293.411
294.618
296.342
292.219
293.776
291.522
294.667
294.828
291.221
295
293.635
294.399
293.345
294.461
295.127
293.644
294.44
296.32
292.768
296.842
294.357
295.003
295.517
296.279
291.823
297.039
293.287
287.179
291.846
304.446
311.664
308.711
304.063
293.993
285.449
269.72
278.756
288.499
287.056
294.831
298.245
303.537
308.722
308.591
304.457
302.631
304.257
300.845
299.047
299.608
296.416
295.905
297.904
295.898
296.943
291.509
300.014
295.689
293.377
306.925
303.297
307.331
312.721
306.187
295.225
289.499
284.103
275.583
279.653
288.4
280.979
281.197
284.081
284.033
293.877
308.684
318.176
318.982
309.765
297.795
300.167
298.566
309.831
314.451
322.218
285.242
261.963
239.031
244.82
272.296
301.235
305.74
299.738
308.124
306.177
307.555
310.164
308.128
305.901
273.862
257.286
259.69
254.989
268.454
276.74
271.083
298.663
298.925
299.256
299.525
299.833
300.166
300.495
300.808
301.15
301.409
301.765
302.022
302.278
302.607
302.821
303.159
303.423
303.709
304.04
304.316
304.477
304.973
304.999
305.46
305.698
305.927
306.313
306.489
306.723
306.931
307.229
307.138
307.533
307.594
307.639
307.902
307.85
308.004
307.888
308.338
307.689
308.167
307.926
307.937
307.64
307.806
307.676
307.708
307.575
307.867
307.639
307.615
307.038
307.659
307.129
307.693
307.306
307.84
307.452
307.503
308.132
307.822
307.89
308.794
307.692
311.111
308.902
308.796
312.332
307.125
314.292
307.616
306.955
308.854
298.699
302.913
296.027
296.4
294.838
294.989
295.492
293.222
295.031
294.868
291.336
296.331
294.87
294.673
294.829
294.387
295.748
294.604
293.362
296.045
293.335
295.478
295.997
295.161
291.372
297.769
292.531
289.594
297.792
311.505
313.597
307.229
298.073
291.323
284.122
270.368
282.249
290.125
286.749
295.992
298.565
301.926
308.998
306.467
303.085
301.062
301.062
297.752
295.06
294.456
293.42
294.88
291.126
290.001
295.885
295.153
294.12
296.046
309.352
308.45
306.064
311.937
310.233
301.474
287.542
281.561
279.83
274.293
276.435
285.409
280.923
277.275
281.341
284.705
300.408
318.327
320.301
315.907
310.506
303.627
303.209
295.721
306.144
314.987
315.109
272.12
251.661
240.248
255.703
286.603
310.426
307.931
298.733
302.672
303.147
302.744
304.131
300.682
291.219
268.136
257.26
261.447
254.323
267.68
273.77
271.716
299.077
299.426
299.749
300.069
300.433
300.737
301.102
301.419
301.732
302.109
302.391
302.74
303.111
303.309
303.739
303.954
304.233
304.577
304.761
305.12
305.399
305.631
305.938
306.218
306.282
306.704
306.776
307.009
307.212
307.333
307.472
307.623
307.753
307.607
308.021
307.801
307.861
307.902
307.831
307.771
307.675
307.763
307.3
307.514
306.981
307.238
306.723
306.942
306.899
307.061
306.887
306.762
306.586
306.543
306.581
306.771
306.485
307.136
306.665
306.949
306.935
307.555
306.868
308.362
307.594
308.797
309.008
309.208
309.456
310.551
312.225
309.143
313.037
307.237
308.17
306.907
304.109
306.377
302.016
303.894
301.179
300.6
299.147
298.895
299.659
297.809
295.427
300.515
295.855
293.021
296.681
295.441
295.277
295.989
294.122
296.279
295.932
294.17
293.053
298.854
293.411
294.693
304.257
317.499
313.699
304.937
296.149
292.509
282.464
270.691
285.455
290.792
286.794
297.826
297.559
300.506
308.07
305.434
300.948
301.466
302.391
299.406
295.493
292.624
292.49
294.769
294.98
297.409
301.542
296.159
304.241
314.396
309.184
307.382
311.323
307.634
299.994
294.231
279.494
272.195
273.222
269.618
271.539
277.584
277.617
273.089
275.008
283.465
298.27
307.921
313.405
319.675
313.707
305.631
304
294.746
304.043
321.279
301.379
261.263
248.247
247.946
271.145
303.455
321.558
317.915
300.636
304.666
307.452
306.058
300.018
297.775
287.785
272.866
263.861
266.149
258.774
267.158
270.223
274.511
299.531
299.851
300.182
300.513
300.809
301.178
301.49
301.853
302.209
302.512
302.884
303.158
303.473
303.803
304.091
304.4
304.782
304.957
305.374
305.542
305.81
306.047
306.214
306.453
306.607
306.77
306.794
307.07
306.962
307.128
307.176
307.198
307.267
307.302
307.293
307.154
307.26
306.972
307.095
306.792
306.899
306.496
306.5
306.217
305.914
305.764
305.491
305.596
305.46
305.785
305.639
305.682
305.397
305.272
305.374
305.225
305.426
305.425
305.362
306.059
305.568
306.07
306.343
306.954
306.037
308.138
306.917
307.842
309.785
308.794
309.448
311.434
309.263
310.369
312.266
308.566
312.625
309.753
309.558
309.89
307.381
309.341
307.36
307.475
306.9
305.633
304.742
303.675
300.714
305.653
302.954
296.862
302.2
302.337
298.04
299.437
300.962
299.792
299.46
303.131
300.159
303.366
312.736
324.012
312.578
301.904
293.764
290.909
279.063
271.64
287.808
289.132
286.295
297.809
297.103
298.367
306.919
306.045
299.735
301.264
303.228
302.086
301.382
301.536
302.645
303.383
302.748
303.357
307.329
310.429
319.531
304.394
306.256
312.384
307.505
295.522
293.997
281.146
270.292
266.19
267.388
266.515
268.717
271.587
274.03
276.25
278.372
285.231
295.385
309.64
323.947
322.657
315.306
313.09
309.037
296.763
303.977
326.051
278.909
253.229
251.263
260.727
289.873
313.692
320.77
322.157
312.131
303.891
318.225
312.884
309.996
303.084
275.606
259.497
270.431
274.041
266.352
265.729
276.767
276.724
299.566
299.904
300.251
300.59
300.934
301.261
301.595
301.914
302.207
302.539
302.806
303.136
303.421
303.704
304.004
304.233
304.508
304.713
304.977
305.115
305.403
305.445
305.662
305.677
305.753
305.813
305.809
305.859
305.838
305.879
305.77
305.812
305.723
305.695
305.617
305.593
305.368
305.347
305.192
305.063
304.964
304.69
304.65
304.068
304.078
303.483
303.513
303.241
303.416
303.347
303.885
303.816
303.937
303.579
303.3
303.23
303.367
302.982
303.7
303.834
303.798
304.843
303.994
305.089
304.984
305.488
304.402
307.035
305.927
306.541
309.343
306.694
308.806
311.222
308.439
312.269
311.8
309.172
313.57
310.487
311.428
314.34
310.628
312.171
313.665
310.221
310.725
314.263
307.672
309.917
311.83
307.023
311.009
308.721
305.712
311.182
313.176
306.767
308.512
314.438
312.43
311.892
319.077
326.503
309.097
297.049
289.151
287.73
276.206
273.309
289.109
287.146
286.735
297.464
297.273
295.245
303.724
308.136
302.641
303.589
306.35
305.471
304.488
303.628
304.524
306.955
307.641
309.661
307.66
306.92
298.387
307.2
312.675
306.244
293.617
288.355
287.355
269.643
268.621
267.342
266.567
268.299
270.922
271.453
272.724
279.355
285.483
293.081
304.983
318.729
323.252
319.201
315.631
318.189
309.492
295.182
306.937
314.075
257.916
252.216
260.851
275.76
304.681
316.339
316.056
316.18
318.296
299.59
316.976
314.984
313.735
293.549
267.55
253.122
265.523
272.34
269.966
265.534
282.229
272.97
299.112
299.404
299.723
300.005
300.308
300.578
300.875
301.141
301.423
301.678
301.953
302.199
302.449
302.693
302.911
303.146
303.335
303.515
303.661
303.754
303.828
303.871
303.864
303.828
303.753
303.694
303.566
303.53
303.387
303.28
303.175
303.013
303.004
302.793
302.759
302.653
302.549
302.54
302.205
302.399
301.972
302.077
301.693
301.481
301.198
300.845
300.596
300.342
300.255
300.337
300.761
300.893
301.747
301.055
301.398
300.824
300.995
300.932
301.262
300.881
302.239
301.461
302.017
302.92
301.796
303.659
302.082
304.153
302.308
305.553
304.715
303.836
309.288
304.683
307.72
311.335
306.091
310.283
311.748
308.012
311.155
314.172
309.03
311.544
316.075
309.045
311.393
318.968
307.303
311.746
320.106
306.458
312.105
318.296
308.48
309.981
314.714
306.295
310.576
316.962
312.463
306.706
316.257
324.772
305.321
290.682
283.371
282.821
272.731
275.137
288.242
285.305
289.095
294.718
296.034
293.594
298.203
305.373
303.176
304.276
306.423
304.74
303.484
305.85
309.454
308.286
303.741
305.066
308.192
314.797
317.394
315.065
308.394
293.931
286.989
286.66
271.163
268.307
270.843
266.297
268.354
272.105
274.679
274.178
272.873
275.949
281.632
290.461
301.312
307.398
316.436
318.279
304.714
313.848
301.402
295.802
319.52
282.099
247.742
262.958
276.282
293.783
319.754
315.913
299.639
284.766
293.021
315.761
314.438
315.281
308.276
282.664
270.168
268.815
264.391
268.466
268.181
265.551
277.269
272.466
298.196
298.439
298.689
298.933
299.173
299.396
299.632
299.828
300.067
300.237
300.479
300.632
300.873
301.002
301.213
301.322
301.468
301.591
301.624
301.712
301.63
301.676
301.507
301.448
301.187
301.1
300.85
300.781
300.518
300.432
300.154
300.022
299.885
299.659
299.683
299.347
299.454
299.169
299.09
299.036
298.756
298.853
298.507
298.523
298.321
297.977
297.966
297.599
297.378
297.728
297.298
298.363
298.185
298.912
299.01
298.604
298.89
298.905
298.607
299.123
299.127
298.615
300.637
298.442
301.279
299.809
300.719
301.213
300.025
303.235
300.416
302.859
304.687
301.06
306.86
304.298
304.34
307.541
305.611
306.341
306.528
309.562
305.531
308.284
312.431
304.506
309.678
316.632
303.526
308.196
321.03
302.618
304.109
315.044
297.573
294.786
305.906
293.975
295.082
306.092
304.416
294.398
307.015
319.517
302.981
285.794
278.104
276.881
269.441
274.465
283.915
286.021
291.393
288.975
294.677
291.188
293.624
298.065
299.247
302.007
302.776
301.814
297.172
294.754
296.037
297.129
298.121
305.55
314.654
317.224
304.965
305.025
296.634
284.602
282.059
276.623
267.312
270.254
267.442
267.806
273.844
275.702
280.844
282.48
281.741
282.371
283.93
289.741
296.244
303.027
314.919
304.236
295.732
309.076
294.726
304.932
315.634
252.384
253.777
281.123
290.865
309.637
325.665
302.876
286.01
270.8
281.534
324.653
318.861
319.287
301.552
281.644
272.479
272.824
265.208
262.337
265.91
266.946
272.074
277.171
297.206
297.394
297.588
297.793
297.961
298.15
298.283
298.454
298.583
298.714
298.847
298.947
299.101
299.156
299.305
299.336
299.445
299.5
299.501
299.538
299.401
299.42
299.202
299.107
298.85
298.636
298.479
298.227
298.138
297.888
297.715
297.56
297.29
297.252
296.941
296.862
296.633
296.42
296.301
296.013
295.928
295.843
295.716
295.78
295.787
295.656
295.918
295.382
295.806
295.172
295.465
295.472
295.642
296.231
296.649
296.673
297.163
296.576
297.24
296.666
297.42
296.613
298.005
296.952
298.923
297.29
300.036
297.391
299.59
299.794
298.037
301.073
300.061
299.533
303.043
299.367
303.706
300.899
303.004
302.983
302.404
304.069
303.05
305.079
303.808
304.155
305.724
305.776
302.719
304.09
308.887
297.93
295.069
299.874
285.507
280.117
292.947
286.349
283.622
293.896
296.872
284.335
296.739
315.765
304.137
283.185
273.962
274.819
270.194
271.603
277.722
286.005
291.097
287.222
291.38
292.693
291.114
296.676
297.183
297.964
296.157
296.995
295.63
292.52
290.121
291.959
301.291
308.42
298.075
283.827
277.891
288.672
288.233
278.919
275.992
269.949
266.407
268.923
269.2
272.987
276.407
278.77
283.324
283.935
285.022
287.214
288.87
292.615
296.667
301.658
304.227
294.847
300.371
302.262
295.412
311.158
286.06
245.106
269.798
291.583
295.427
311.681
312.59
281.595
282.64
276.204
285.278
320.44
321.986
320.462
296.621
283.045
275.444
269.016
269.312
264.094
272.699
268.861
272.037
281.321
296.245
296.372
296.524
296.665
296.788
296.906
296.98
297.097
297.145
297.247
297.267
297.357
297.387
297.441
297.475
297.5
297.531
297.537
297.524
297.491
297.383
297.331
297.136
297.036
296.79
296.61
296.44
296.176
296.153
295.773
295.828
295.41
295.415
295.116
294.981
294.812
294.559
294.412
294.196
293.919
293.923
293.504
293.776
293.412
293.768
293.616
293.811
293.864
293.709
293.864
293.52
293.676
293.778
293.836
294.787
294.674
295.369
295.201
295.13
295.349
295.55
295.244
295.979
295.716
296.26
296.612
297.185
296.415
297.777
297.019
297.083
297.704
298.112
297.51
298.804
298.179
299.942
297.97
299.432
300.33
298.922
298.765
301.91
298.544
299.395
300.98
299.705
299.124
298.038
300.492
298.529
291.777
287.163
282.255
277.315
281.356
288.798
280.813
274.791
283.433
293.425
284.555
287.98
304.233
305.11
288.294
274.484
274.966
275.637
272.505
271.487
279.057
287.768
289.848
288.087
290.352
289.458
296.211
297.495
294.034
296.22
292.421
292.235
296.202
302.697
302.252
303.559
294.454
274.706
260.322
264.654
279.474
284.505
275.018
269.917
265.819
267.438
270.698
267.085
270.981
274.357
275.338
275.605
278.548
283.845
288.887
292.11
293.31
295.225
297.729
298.19
297.215
300.727
295.913
301.7
303.877
261.45
249.35
281.132
292.89
293.059
304.86
290.813
262.95
280.968
277.737
279.952
305.229
319.224
313.152
296.871
291.46
278.228
265.269
268.104
274.942
281.471
267.927
278.183
284.98
295.334
295.449
295.539
295.647
295.736
295.806
295.875
295.92
295.986
296.007
296.051
296.055
296.089
296.077
296.093
296.054
296.065
295.988
295.982
295.839
295.805
295.607
295.509
295.289
295.114
294.944
294.696
294.606
294.311
294.245
293.939
293.842
293.587
293.429
293.258
293.054
292.927
292.711
292.563
292.382
292.221
292.1
292.005
291.988
292.021
292.122
292.176
292.411
292.268
292.524
292.261
292.421
292.435
292.551
293.089
293.35
293.826
293.805
293.893
293.845
294.085
294.218
294.391
294.626
294.867
295.503
295.239
295.948
295.33
295.93
295.189
295.774
295.896
296.267
295.546
297.362
296.798
295.704
298.112
296.088
296.102
297.63
295.683
296.155
295.383
296.708
295.747
292.708
295.966
296.978
292.295
282.06
277.243
283.03
282.428
280.037
280.638
279.168
283.287
294.564
295.157
281.735
282.213
301.913
311.556
297.308
281.293
277.241
281.095
281.14
274.753
272.568
279.517
290.733
293.225
289.794
290.606
291.977
299.57
294.214
298.939
299.701
297.752
295.893
297.534
304.537
297.054
273.775
261.214
256.808
257.798
277.38
282.325
272.425
268.571
267.381
269.219
268.171
266.736
268.376
270.106
271.412
274.495
280.838
286.007
289.239
290.373
289.697
292.288
294.387
295.112
295.58
294.153
293.819
305.492
285.98
251.286
255.568
288.974
293.258
288.938
298.028
278.81
259.964
282.784
283.625
279.889
295.065
316.805
315.858
300.302
302.588
274.15
260.43
265.511
282.462
281.208
269.733
286.117
287.352
294.697
294.764
294.819
294.88
294.93
294.978
295.01
295.041
295.079
295.095
295.119
295.115
295.128
295.109
295.095
295.057
295.006
294.961
294.85
294.783
294.614
294.511
294.295
294.138
293.916
293.708
293.509
293.257
293.076
292.796
292.612
292.343
292.137
291.928
291.7
291.553
291.346
291.199
291.048
290.863
290.769
290.61
290.578
290.588
290.573
290.775
290.773
290.973
291.004
291.108
291.124
291.336
291.279
291.637
292.032
292.183
292.754
292.634
292.508
293.066
292.903
292.949
293.734
293.376
293.599
294.844
293.967
294.558
294.473
294.523
293.338
295.079
293.913
294.303
295.215
294.736
294.512
295.143
295.131
293.748
294.338
295.209
292.618
291.653
295.467
293.665
287.436
292.887
296.267
289.878
282.227
279.534
280.977
279.592
276.094
278.085
285.091
287.36
291.477
292.348
282.213
274.488
278.493
295.241
303.392
298.6
288.582
282.543
283.848
285.099
282.828
277.236
272.947
279.904
293.776
292.927
290.141
289.068
295.533
297.813
291.609
299.32
304.441
308.355
294.542
292.047
282.49
265.914
255.315
249.652
254.546
275.204
280.849
273.116
271.032
270.326
271.432
271.668
267.935
263.468
265.727
268.781
275.955
283.765
288.275
286.43
286.323
286.533
289.41
289.725
289.971
292.34
293.367
298.898
296.182
270.287
248.016
261.695
294.429
292.982
285.534
293.604
277.077
271.078
282.476
288.637
277.659
294.401
325.251
318.446
302.836
297.151
268.109
260.068
264.73
284.009
277.533
278.315
293.193
284.13
294.178
294.217
294.271
294.303
294.346
294.37
294.386
294.4
294.402
294.416
294.394
294.396
294.355
294.338
294.281
294.24
294.174
294.096
294.019
293.892
293.786
293.593
293.435
293.183
292.955
292.671
292.378
292.092
291.742
291.469
291.112
290.848
290.552
290.299
290.116
289.879
289.79
289.606
289.516
289.431
289.271
289.341
289.214
289.293
289.36
289.272
289.546
289.5
289.619
290.042
289.906
290.399
290.672
290.629
291.278
291.367
291.305
291.799
291.624
291.624
292.393
292.422
292.373
293.225
293.34
293.061
293.44
293.69
292.876
293.117
293.186
293.233
292.923
293.636
292.751
294.099
292.751
293.151
292.898
293.056
292.782
289.187
292.112
291.857
289.079
288.879
286.849
291.816
291.72
282.718
280.16
278.091
274.666
274.066
270.195
270.421
284.427
292.417
292.536
285.209
275.527
275.61
280.731
290.857
301.117
302.762
293.229
283.592
282.287
283.719
283.412
281.987
276.811
271.92
285.109
296.927
292.168
291.433
291.812
298.073
291.776
294.175
294.067
297.156
297.63
286.474
276.536
271.123
250.845
247.657
253.948
276.015
279.099
274.723
272.267
271.676
273.416
272.294
267.405
264.618
264.527
267.76
274.658
283.192
291.187
286.166
285.921
288.841
290.212
289.498
290.226
292.56
297.359
303.131
279.64
261.187
247.613
265.029
295.439
294.113
285.267
293.7
281.914
284.113
286.709
291.176
279.411
297.423
336.653
307.86
315.892
280.598
267.141
268.992
268.711
279.135
275.42
289.318
293.317
280.273
293.965
294.001
294.018
294.035
294.029
294.022
293.987
293.946
293.901
293.84
293.784
293.703
293.636
293.541
293.468
293.365
293.264
293.146
293
292.842
292.606
292.355
292.019
291.67
291.269
290.887
290.492
290.118
289.769
289.442
289.174
288.927
288.78
288.641
288.551
288.471
288.433
288.413
288.346
288.273
288.116
288.02
287.953
287.871
287.88
287.916
287.973
288.163
288.369
288.492
288.855
289.214
289.28
289.813
290.214
290.041
290.586
291.048
290.819
291.298
291.872
291.749
292.081
292.616
292.262
292.216
292.671
292.423
291.833
292.389
292.671
291.749
291.886
292.794
291.995
290.966
291.162
292.296
291.124
289.437
288.549
289.072
288.372
286.33
285.932
286.462
287.145
288.234
284.889
278.599
276.31
274.733
273.378
276.714
274.749
271.993
283.621
293.264
293.407
289.412
286.641
292.26
298.198
304.391
305.349
297.537
288.382
282.211
283.834
287.302
285.873
281.234
278.56
274.315
278.159
293.781
296.821
293.842
292.069
292.944
292.434
291.361
294.725
286.995
288.238
281.033
277.27
281.971
257.116
254.749
253.374
279.313
278.96
273.061
269.044
269.286
273.561
273.896
270.598
269.359
268.03
271.014
273.785
278.248
290.035
290.039
287.505
292.01
294.745
293.41
296.758
296.055
298.791
292.385
268.148
256.551
248.328
264.371
292.835
296.727
288.925
291.996
289.919
296.784
299.853
292.242
282.156
298.661
333.867
311.118
319.373
272.178
276.286
277.129
275.832
274.57
283.153
296.213
288.63
280.77
293.645
293.642
293.641
293.61
293.578
293.512
293.439
293.343
293.24
293.11
292.971
292.819
292.656
292.485
292.299
292.089
291.859
291.611
291.331
291.009
290.645
290.243
289.837
289.432
289.09
288.795
288.575
288.415
288.29
288.22
288.232
288.324
288.39
288.407
288.364
288.309
288.241
288.115
287.928
287.663
287.32
286.935
286.585
286.297
286.089
286.013
286.082
286.243
286.542
286.936
287.371
287.794
288.261
288.745
289.104
289.495
289.906
290.065
290.32
290.706
290.718
290.667
290.816
290.842
290.571
290.444
290.195
289.997
290.103
290.043
289.298
288.675
289.127
289.624
289.318
288.4
287.923
287.43
286.959
286.552
285.728
285.173
285.01
285.962
286.667
286.314
285.652
282.796
279.833
277.278
276.459
278.069
277.324
281.148
281.523
276.817
284.213
293.408
294.776
293.663
292.717
300.285
308.824
307.671
292.896
283.821
285.14
285.181
286.37
287.552
285.923
281.028
274.725
273.28
277.838
287.484
296.831
299.432
295.953
292.525
292.849
286.409
288.654
288.914
284.893
280.439
279.207
290.072
274.335
263.139
252.48
277.708
276.902
266.967
263.555
266.752
273.425
275.047
273.5
274.755
273.689
274.737
275.481
272.057
279.843
288.558
285.839
288.19
296.016
293.464
295.866
297.915
291.116
275.462
262.829
254.908
250.218
262.152
286.869
297.378
294.467
287.219
296.693
306.546
307.163
295.69
283.876
296.566
315.646
324.039
302.171
282.459
292.892
282.754
281.239
288.512
297.607
294.667
285.169
283.466
292.959
292.902
292.827
292.722
292.598
292.445
292.275
292.083
291.865
291.626
291.391
291.139
290.866
290.572
290.281
289.966
289.654
289.38
289.133
288.87
288.647
288.449
288.336
288.343
288.489
288.677
288.931
289.23
289.464
289.629
289.693
289.743
289.734
289.847
289.869
289.795
289.632
289.329
289.03
288.652
288.207
287.713
287.235
286.735
286.239
285.841
285.599
285.488
285.51
285.652
285.874
286.146
286.469
286.767
287.038
287.244
287.371
287.522
287.65
287.653
287.544
287.485
287.412
287.271
287.147
287.09
287.059
287.1
287.081
286.935
286.609
286.308
286.283
286.2
285.786
285.514
285.781
286.26
286.443
286.171
285.729
285.483
286.808
288.107
286.797
284.331
282.681
279.145
278.061
278.965
280.072
282.101
281.084
284.254
286.754
283.557
286.786
293.239
294.853
293.275
290.764
296.272
301.575
292.047
278.989
281.829
288.666
287.515
287.191
289.129
286.972
278.611
270.927
272.631
278.936
286.737
295.361
301.73
303.282
297.189
293.768
290.94
286.33
285.902
282.568
280.37
281.37
294.486
289.02
274.157
256.036
290.664
270.281
263.285
264.461
270.398
276.25
276.742
275.485
279.153
280.485
279.633
279.53
272.619
269.363
276.819
279.581
278.575
285.378
286.044
281.818
285.766
276.758
265.651
262.15
256.837
255.059
261.623
279.85
295.063
298.575
287.035
303.354
310.784
308.436
299.445
287.572
295.433
297.776
321.057
298.871
302
300.889
288.37
282.879
296.6
293.842
287.991
285.825
286.915
292.058
291.928
291.776
291.594
291.392
291.171
290.949
290.715
290.489
290.276
290.064
289.834
289.613
289.437
289.33
289.273
289.284
289.398
289.697
290.092
290.447
290.697
290.942
291.143
291.382
291.608
291.949
292.317
292.628
292.951
293.166
293.41
293.518
293.617
293.558
293.457
293.343
293.063
292.808
292.441
291.959
291.395
290.795
290.111
289.263
288.518
287.833
287.255
286.738
286.415
286.186
285.995
285.938
285.938
285.988
286.027
286.147
286.193
286.266
286.362
286.44
286.609
286.807
286.952
287.081
287.157
287.238
287.148
287.062
286.898
286.733
286.643
286.673
286.761
286.904
287.399
288.05
288.751
288.439
288.433
288.502
288.746
290.425
289.942
286.955
284.056
282.18
280.311
281.694
284.216
286.188
287.604
288.636
291.403
291.33
288.494
289.275
291.722
292.104
289.679
286.203
286.923
287.91
282.48
282.201
289.849
293.235
292.068
293.181
295.43
289.73
280.371
277.083
282.474
289.84
294.392
299.826
304.53
306.894
305.731
299.817
295.533
291.531
287.77
284.078
280.102
285.174
296.866
296.802
287.63
265.517
287.871
266.626
270.387
275.49
280.587
282.865
280.44
278.457
283.612
287.675
287.528
287.228
282.207
273.782
272.506
275.824
274.598
272.666
274.506
271.127
270.818
268.952
267.067
268.16
265.475
266.22
268.99
279.66
293.937
301.733
293.458
303.46
309.054
309.071
303.749
294.192
298.465
293.157
308.688
304.775
303.585
297.682
293.736
285.188
287.523
285.771
288.875
291.127
290.805
292.649
292.591
292.489
292.368
292.253
292.16
292.118
292.117
292.174
292.27
292.381
292.544
292.755
292.992
293.22
293.428
293.713
294.014
294.332
294.648
294.922
295.156
295.405
295.646
295.888
296.081
296.35
296.601
296.811
297.032
297.192
297.355
297.454
297.549
297.587
297.567
297.569
297.472
297.38
297.259
297.063
296.77
296.441
296.026
295.424
294.798
294.142
293.504
292.817
292.317
291.862
291.424
291.163
290.964
290.846
290.784
290.865
290.796
290.91
291.022
291.193
291.433
291.628
291.662
291.714
291.814
291.763
291.653
291.632
291.545
291.551
291.594
291.736
292.016
292.425
292.906
293.36
293.647
293.453
294.057
294.258
294.54
294.702
292.965
291.254
290.317
289.833
290.235
292.184
293.718
294.729
295.516
296.564
297.862
297.097
295.534
296.049
296.754
296.547
294.802
292.913
291.882
292.043
292.236
295.613
299.639
300.671
300.745
301.869
303.008
298.758
293.869
294.177
298.66
303.102
304.972
307.296
309.608
310.909
311.245
309.237
305.905
302.462
299.033
295.74
291.325
296.774
304.245
304.426
300.756
285.16
276.898
278.049
286.985
291.467
293.86
293.471
289.944
288.929
294.165
298.004
298.589
298.417
296.912
291.615
287.035
287.182
286.889
281.267
279.565
279.562
277.989
279.496
281.812
284.177
283.614
285.447
286.674
291.645
300.4
307.032
303.372
304.701
310.379
311.59
309.234
303.484
305.553
300.848
305.443
306.528
302.176
301.266
301.702
294.676
290.632
293.081
298.004
299.476
298.086
295.693
295.721
295.788
295.898
296.035
296.193
296.363
296.537
296.72
296.907
297.099
297.306
297.518
297.732
297.939
298.138
298.361
298.578
298.789
298.993
299.18
299.354
299.526
299.695
299.858
299.998
300.157
300.301
300.431
300.56
300.669
300.771
300.855
300.932
300.991
301.03
301.08
301.097
301.112
301.124
301.132
301.11
301.089
301.064
301.003
300.91
300.794
300.662
300.463
300.304
300.15
299.981
299.857
299.758
299.702
299.657
299.703
299.676
299.726
299.771
299.865
299.971
300.053
300.048
300.083
300.136
300.089
300.08
300.093
300.101
300.158
300.253
300.397
300.612
300.857
301.077
301.268
301.413
301.524
301.814
301.838
301.873
301.689
301.173
300.996
301.015
301.13
301.534
302.152
302.527
302.836
303.156
303.579
303.957
303.736
303.462
303.842
304.203
304.304
303.959
303.681
303.497
303.91
304.724
306.116
307.203
307.666
308.198
308.942
309.433
308.396
307.691
308.678
310.588
312.23
313.048
314.007
314.979
315.704
316.272
316.347
315.842
315.097
314.282
313.121
311.654
313.968
316.59
316.716
316.128
311.965
302.607
306.823
311.011
312.635
313.265
312.844
311.464
311.752
314.158
315.492
315.57
315.147
314.627
312.889
310.621
309.86
309.8
307.459
306.047
306.265
305.898
306.778
308.246
309.332
309.325
310.064
310.209
311.348
313.728
315.52
314.094
313.464
315.322
315.311
314.279
312.079
312.398
310.738
310.904
310.249
307.589
307.459
308.141
306.597
304.843
306.203
308.573
310.082
310.755
274.045
274.299
275.698
277.068
275.729
276.187
275.785
276.899
279.241
284.734
285.835
283.432
285.037
282.902
277.174
276.673
281.857
286.008
288.287
287.658
287.899
288.07
289.311
295.579
291.643
253.896
254.186
257.044
258.078
255.008
253.423
248.782
252.585
251.134
265.038
275.771
267.949
270.279
270.904
253.521
245.819
258.982
272.635
280.149
277.083
275.581
272.946
273.196
292.06
279.725
245.129
241.525
249.922
248.723
249.325
245.337
234.265
248.274
236.677
242.086
265.753
260.704
256.071
263.832
248.38
226.062
236.513
256.924
272.069
266.571
261.707
252.112
249.09
284.133
268.699
243.967
235.649
246.925
244.276
249.919
251.29
231.508
250.828
242.794
231.723
254.535
259
249.292
254.77
252.776
224.961
222.17
240.643
263.551
258.987
250.059
229.903
221.467
269.828
259.662
243.358
233.991
246.772
237.548
236.689
255.883
240.876
253.347
253.209
233.639
245.789
256.109
249.99
248.087
254.322
236.323
219.732
227.582
254.198
255.061
245.425
218.964
206.151
254.542
252.649
245.773
234.722
249.657
247.72
232.129
242.551
237
253.866
261.434
242.135
243.69
251.592
253.945
246.385
251.378
248.888
228.382
220.708
244.931
251.563
245.789
220.238
207.138
245.569
248.06
252.58
241.741
243.404
250.838
245.401
250.121
238.642
255.442
266.363
249.42
246.184
246.443
256.682
249.454
247.695
253.006
241.026
220.069
237.406
247.274
246.928
224.019
211.514
240.796
245.054
257.867
250.883
244.737
247.935
253.677
255.709
239.774
260.57
274.113
257.522
253.493
243.979
256.705
254.433
246.273
250.054
251.048
223.575
232.198
242.618
247.187
227.391
215.338
237.94
242.9
264.63
257.102
248.496
242.762
273.12
269.25
244.389
272.161
285.252
263.242
260.276
243.892
254.57
258.516
247.154
245.627
257.149
229.231
229.281
238.39
246.324
229.944
219.023
236.383
241.325
267.977
259.573
254.503
247.118
290.602
286.302
258.035
290.523
304.925
273.765
268.358
246.811
251.929
260.067
249.09
243.002
260.687
235.621
228.552
235.242
244.694
231.395
222.386
235.733
240.258
265.406
261.023
259.4
267.003
280.017
289.259
276.907
302.23
318.589
281.935
274.37
251.022
249.825
259.205
250.819
242.628
262.988
242.015
229.066
233.042
242.675
231.722
225.346
235.756
239.556
260.228
269.486
262.909
275.895
256.954
269.549
277.659
295.383
318.398
285.633
278.059
255.073
248.859
256.372
251.607
244.347
264.564
247.986
230.832
232.23
240.961
231.223
228.013
236.309
239.064
257.893
277.899
267.854
273.624
258.106
262.942
276.877
285.214
306.612
282.98
278.197
257.554
249.164
252.398
251.634
247.418
265.77
253
232.892
231.949
239.496
230.151
230.281
237.375
238.73
258.221
275.919
267.469
276.522
269.769
275.573
284.751
280.509
294.806
279.187
275.727
258.77
251.072
246.897
251.812
251.282
265.56
256.257
234.413
232.04
238.523
229.097
231.831
238.69
238.67
258.908
274.057
270.29
280.805
268.365
278.143
280.46
269.428
282.652
273.572
270.246
259.624
252.816
240.168
253.003
254.926
264.179
258.133
236.762
232.77
237.95
228.65
232.144
240.167
238.804
261.164
277.074
276.442
279.864
261.45
265.95
266.616
257.563
268.379
260.967
260.551
259.746
252.499
234.149
256.108
257.432
261.568
256.002
236.768
232.278
236.959
229.122
231.513
241.281
238.842
265.765
283.163
278.266
271.909
251.247
252.508
255.833
247.653
251.903
245.441
251.924
260.16
250.213
229.504
261.865
257.371
256.655
253.264
235.81
231.92
235.832
230.382
231.13
242.083
238.803
273.283
288.542
273.689
259.238
241.425
245.262
248.197
238.957
240.06
235.453
249.979
261.973
245.012
228.046
267.859
254.397
251.841
248.951
235.657
232.358
234.599
231.216
232.121
245.983
238.907
282.474
288.36
263.885
246.639
236.125
243.116
242.178
230.532
234.866
232.974
254.872
265.179
238.968
232.508
272.401
248.873
244.641
239.475
231.35
231.544
232.355
229.203
235.71
247.47
237.003
289.214
280.474
250.902
238.68
234.442
240.811
235.838
222.663
236.732
237.97
260.032
265.195
234.504
241.859
271.314
239.737
238.963
236.408
229.113
231.008
230.911
223.805
240.074
239.506
234.114
289.557
270.181
241.551
238.656
232.879
236.639
232.273
220.04
246.437
245.025
256.76
253.353
228.868
251.334
262.978
233.502
235.888
229.036
226.845
231.006
230.975
219.277
241.986
231.541
234.276
284.925
260.017
236.675
243.163
232.251
234.689
234.931
221.183
258.401
250.137
246.69
231.627
225.618
258.507
252.383
228.897
228.665
221.269
221.908
234.978
230.737
219.783
243.322
231.097
237.617
277.126
251.52
237.84
245.633
234.789
234.21
241.338
222.336
257.395
253.086
240.383
216.747
233.405
260.948
241.937
225.725
228.99
218.082
221.315
238.666
231.981
227.411
246.844
236.829
242.148
269.755
246.61
241.264
242.952
241.599
234.038
246.289
230.382
244.028
254.838
244.949
220.077
249.757
256.781
233.495
229.556
226.251
216.091
221.746
233.639
241.375
239.706
250.683
244.334
246.462
263.025
242.908
241.533
237.701
248.315
236.811
250.018
240.668
230.948
258.206
258.611
238.886
263.973
248.994
229.412
237.439
219.144
237.859
222.12
233.102
256.469
250.52
252.662
250.812
249.711
257.673
240.492
240.295
236.813
251.483
243.085
255.771
244.382
226.339
260.38
274.42
262.674
268.792
241.725
231.07
241.849
216.236
245.757
230.569
243.189
265.155
257.02
255.02
255.791
251.382
252.574
240.136
241.664
246.099
252.612
248.81
261.669
245.207
229.379
261.911
286.212
280.761
265.158
237.503
235.734
242.378
221.479
221.109
239.318
251.902
265.251
259.51
257.189
259.171
251.99
250.39
239.803
243.167
252.758
251.708
251.052
266.248
247.74
235.446
264.789
293.96
290.39
258.447
235.502
240.773
244.818
235.607
210.051
232.342
257.796
264.17
258.976
256.858
260.188
251.888
249.057
239.031
244.028
250.556
248.29
251.63
268.254
249.43
240.867
266.351
297.997
293.196
251.009
233.947
245.05
247.421
247.638
220.542
218.999
262.402
262.429
256.136
255.451
259.625
251.222
249.305
246.671
246.398
249.079
245.995
254.304
267.365
249.328
244.636
265.292
299.148
290.823
244.278
234.321
249.142
247.379
249.662
235.08
220.871
261.766
257.76
251.856
253.921
258.277
250.224
255.724
254.47
249.2
246.63
245.182
257.799
264.352
248.348
246.512
260.272
298.679
285.754
239.814
237.967
254.157
244.194
244.596
238.376
234.922
255.61
251.637
248.654
252.597
256.097
248.888
259.439
251.053
252.564
244.314
239.964
256.344
260.95
247.091
247.018
255.402
295.315
278.629
235.299
239.406
256.774
242.443
243.805
234.261
239.232
245.568
245.598
247.138
251.446
253.006
247.148
255.341
251.144
254.258
246.056
232.571
248.6
258.419
245.848
247.45
252.733
290.219
270.599
234.292
243.078
255.781
244.571
250.096
236.306
231.533
236.69
242.073
247.257
250.094
249.274
245.183
253.009
247.234
250.494
249.806
232.989
240.706
256.886
245.779
247.827
252.694
283.926
265.095
241.254
255.197
254.99
247.843
255.74
243.451
225.845
232.581
242.335
248.713
248.321
245.468
243.337
252.287
239.672
249.451
254.744
243.189
241.194
257.262
246.939
247.216
252.539
276.151
261.598
247.589
264.82
255.262
250.511
258.214
248.664
226.159
232.334
245.039
250.51
246.208
242.389
242.171
255.833
250.381
256.713
264.135
253.597
247.28
259.193
249.413
246.834
253.207
270.172
259.818
247.57
270.696
258.918
252.329
258.38
249.539
228.453
233.88
248.801
252.313
244.301
240.813
242.161
269.096
268.079
266.346
275.076
256.739
247.275
260.345
254.936
248.535
253.16
262.12
252.599
248.497
275.386
264.79
253.244
258.713
247.861
230.635
236.227
252.484
253.884
243.11
240.92
243.424
278.985
274.295
270.423
281.224
259.906
242.95
257.595
263.741
253.936
251.59
258.398
245.515
246.3
269.009
270.387
253.741
259.292
245.025
232.367
238.885
255.271
255.254
243.057
242.173
245.354
274.228
271.126
268.999
280.581
267.767
244.323
253.389
270.675
263.166
250.78
259.451
247.306
237.823
253.329
268.319
252.145
259.569
242.047
233.933
241.485
256.391
256.537
244.209
243.62
246.879
265.424
267.332
264.703
276.179
271.031
248.684
250.836
268.176
270.095
251.749
252.286
245.692
233.995
241.263
263.707
252.55
259.373
239.165
235.754
244.119
255.88
257.939
246.298
244.367
247.31
267.313
271.705
265.183
275.594
270.657
247.112
248.6
264.667
265.904
251.29
252.743
251.632
238.065
239.521
263.114
252.303
257.412
236.498
238.051
246.659
254.442
259.45
248.576
243.542
246.105
265.98
270.164
265.025
274.69
270.801
244.034
247.916
263.341
260.188
252.904
255.485
256.989
248.76
244.315
260.262
250.413
255.403
234.806
241.068
248.719
252.781
261.049
250.169
240.667
243.228
260.812
263.094
260.498
273.309
268.767
242.534
248.896
263.375
258.349
252.419
252.043
256.294
261.427
248.096
258.304
250.333
252.731
233.663
244.671
249.981
251.438
262.821
250.557
236.186
239.31
256.995
261.247
260.992
273.271
263.678
240.438
249.403
265.47
261.654
250.971
249.561
261.77
266.957
253.336
255.388
248.774
249.796
233.735
248.945
250.285
250.708
264.693
249.842
231.212
235.523
261.81
267.6
264.538
271.569
258.082
237.396
249.544
267.401
272.509
260.678
245.761
261.513
262.789
256.336
250.505
251.172
247.549
234.902
253.841
249.62
250.74
266.778
248.72
227.115
233.07
265.91
271.613
267.326
266.175
252.383
233.644
245.349
265.129
273.906
255.221
240.243
256.023
253.399
256.092
251.533
254.171
242.879
237.813
259.412
248.262
251.687
269.072
248.37
226.109
233.478
268.923
274.823
270.345
260.494
247.216
230.518
237.908
256.307
265.041
244.636
243.174
253.771
252.807
256.522
251.164
250.568
239.417
243.301
264.5
246.798
252.949
272.033
249.807
228.216
236.167
269.398
274.757
266.777
251.145
241.217
227.713
230.712
250.376
263.929
245.627
259.659
255.614
257.082
251.683
246.523
245.697
239.749
250.553
268.328
245.561
254.198
275.579
252.496
232.502
240.1
273.811
276.627
261.318
242.755
237.667
225.775
224.903
249.701
268.777
248.307
264.412
257.484
253.37
248.261
247.256
242.967
243.554
258.494
270.459
245.122
255.888
279.19
255.82
238.887
244.994
275.821
276.928
255.659
240.387
238.338
224.489
223.986
253.813
272.874
248.843
247.617
256.903
246.14
252.333
249.446
240.5
250.074
266.264
271.585
247.025
259.671
282.542
259.792
248.558
251.495
277.896
271.187
249.965
245.872
243.713
226.129
230.601
262.456
276.719
250.43
232.404
255.972
241.695
254.904
243.765
240.821
259.16
273.412
273.17
252.778
266.896
285.477
264.982
261.64
259.999
280.486
263.892
252.956
257.988
251.916
235.077
245.007
272.272
281.369
256.851
229.468
250.422
242.567
253.552
239.176
249.229
269.851
279.816
276.5
262.298
276.401
287.936
271.707
274.562
268.933
278.787
260.196
263.964
270.621
263.196
252.738
264.197
281.832
287.348
268.271
239.486
246.628
252.45
258.418
247.87
263.988
279.745
285.417
281.488
273.109
285.138
290.172
279.082
284.131
276.716
276.411
264.769
277.328
282.027
277.496
273.204
282.032
290.731
294.01
281.431
258.618
256.014
268.237
270.28
264.615
278.281
287.531
290.209
286.976
282.646
291.442
292.56
285.856
290.446
283.381
279.169
276.484
289.828
292.896
291.36
290.401
295.775
299.222
300.726
293.247
278.859
274.11
283.436
283.193
280.354
288.853
293.294
294.222
291.943
289.857
295.44
295.087
291.434
294.59
289.345
290.9
293.083
302.267
304.25
304.02
303.751
305.985
306.826
306.941
302.491
294.325
290.38
294.514
293.468
291.625
295.598
297.309
297.393
295.981
294.978
297.887
297.362
295.526
297.039
293.942
309.134
309.79
311.493
310.391
308.376
306.518
305.959
305.562
305.153
303.076
299.945
298.289
299.204
298.541
297.694
298.732
299.138
299.112
298.708
298.471
299.412
299.205
298.524
298.725
297.39
)
;

boundaryField
{
    inlet
    {
        type            fixedValue;
        value           uniform 300;
    }
    outlet
    {
        type            inletOutlet;
        inletValue      uniform 300;
        value           nonuniform List<scalar> 
57
(
300
300
300
259.735
252.689
248.08
245.064
242.904
241.326
240.257
239.554
239.063
238.73
238.67
238.806
238.846
238.808
238.922
237.03
234.131
234.269
237.596
242.126
246.446
249.704
251.385
252
251.901
251.237
250.239
248.904
247.163
245.197
243.346
242.173
242.153
243.409
245.337
246.867
247.304
246.107
243.235
239.317
235.524
233.062
233.462
236.147
240.077
244.971
251.472
259.979
268.917
276.705
283.372
300
300
300
)
;
    }
    upperWall
    {
        type            fixedValue;
        value           uniform 300;
    }
    lowerWall
    {
        type            fixedValue;
        value           uniform 300;
    }
    frontAndBack
    {
        type            empty;
    }
}


// ************************************************************************* //
